1740547974.582521 0.0000000 0.0000000 0.0000000 -0.0000000 -0.0000000 -0.0000000 1.0000000
1740547974.788086 -0.0011717 -0.0060211 0.0542647 -0.0000685 0.0002225 -0.0001975 0.9999999
1740547974.888044 -0.0048697 -0.0122020 0.1165582 0.0000449 0.0001891 -0.0000818 1.0000000
1740547975.097748 -0.0009518 -0.0189777 0.1766796 0.0000891 -0.0002037 -0.0000785 1.0000000
1740547975.313673 -0.0046185 -0.0292907 0.2375098 0.0002294 -0.0000755 -0.0000909 1.0000000
1740547975.514024 -0.0031425 -0.0346504 0.2981244 0.0003868 -0.0002064 -0.0001443 0.9999999
1740547975.713244 -0.0038598 -0.0332127 0.3589134 0.0009394 -0.0001977 -0.0001499 0.9999995
1740547975.826655 -0.0012166 -0.0364350 0.4182236 0.0013028 -0.0005876 -0.0001515 0.9999990
1740547975.924316 0.0016947 -0.0428526 0.4792446 0.0018810 -0.0009242 -0.0000875 0.9999979
1740547976.023216 0.0046402 -0.0477806 0.5387385 0.0026180 -0.0013733 -0.0001770 0.9999956
1740547976.120867 0.0042546 -0.0229149 0.5994520 0.0052989 -0.0014503 -0.0003636 0.9999849
1740547976.233112 0.0008230 -0.0155299 0.6618966 0.0075944 -0.0014267 -0.0000828 0.9999701
1740547976.331633 -0.0036186 -0.0228555 0.7215600 0.0092419 -0.0018240 -0.0000416 0.9999557
1740547976.433170 -0.0125632 -0.0281222 0.7809601 0.0115619 -0.0017787 -0.0000553 0.9999316
1740547976.548169 -0.0127733 -0.0300253 0.8408101 0.0142852 -0.0024160 -0.0002764 0.9998950
1740547976.647677 -0.0123093 -0.0363031 0.9028254 0.0172694 -0.0031721 -0.0002591 0.9998458
1740547976.750120 -0.0098336 -0.0399902 0.9638548 0.0208478 -0.0038691 -0.0001917 0.9997752
1740547976.847612 -0.0129455 -0.0511006 1.0238936 0.0239879 -0.0044817 -0.0002694 0.9997022
1740547976.954771 -0.0186220 -0.0632909 1.0841889 0.0273924 -0.0048051 0.0002773 0.9996132
1740547977.055351 -0.0157176 -0.0730106 1.1457881 0.0309076 -0.0056041 -0.0001075 0.9995065
1740547977.154514 -0.0311826 -0.1007092 1.2045131 0.0341073 -0.0058870 -0.0000827 0.9994009
1740547977.263496 -0.0265595 -0.1063778 1.2641100 0.0377095 -0.0069288 0.0002299 0.9992647
1740547977.364661 -0.0210621 -0.1276894 1.3215058 0.0411736 -0.0080666 0.0000035 0.9991195
1740547977.465421 -0.0169442 -0.1311525 1.3811218 0.0452979 -0.0091041 -0.0003645 0.9989320
1740547977.563644 -0.0336803 -0.1494983 1.4427664 0.0483834 -0.0090573 0.0000398 0.9987878
1740547977.662483 -0.0357132 -0.1639052 1.5048198 0.0512607 -0.0102108 0.0000845 0.9986331
1740547977.764221 -0.0456558 -0.1759973 1.5639111 0.0547440 -0.0109111 0.0001432 0.9984408
1740547977.864903 -0.0675622 -0.1972140 1.6184256 0.0567083 -0.0105463 0.0008404 0.9983347
1740547977.966475 -0.0850911 -0.2141687 1.6581838 0.0573400 -0.0100174 0.0011578 0.9983038
1740547978.065193 -0.0666307 -0.2178230 1.7221746 0.0601755 -0.0118757 0.0006315 0.9981170
1740547978.163355 -0.0656615 -0.2173625 1.7862614 0.0629086 -0.0123019 0.0005803 0.9979433
1740547978.263764 -0.0771400 -0.2279615 1.8476396 0.0647087 -0.0122676 0.0012253 0.9978281
1740547978.363937 -0.0850510 -0.2472884 1.8956342 0.0650150 -0.0125027 0.0011214 0.9978053
1740547978.471725 -0.0957353 -0.2636436 1.9487079 0.0656826 -0.0121478 0.0016303 0.9977653
1740547978.570612 -0.1060195 -0.2705809 2.0040512 0.0672905 -0.0121075 0.0022510 0.9976574
1740547978.668160 -0.1117156 -0.2906375 2.0558238 0.0680071 -0.0119446 0.0021184 0.9976111
1740547978.770392 -0.1133131 -0.3156519 2.1046915 0.0673843 -0.0119607 0.0019565 0.9976535
1740547978.868716 -0.1077081 -0.3339275 2.1469479 0.0671706 -0.0131156 0.0025450 0.9976521
1740547978.979473 -0.1099267 -0.3574498 2.2074616 0.0678442 -0.0135053 0.0014584 0.9976035
1740547979.084276 -0.1197643 -0.3699339 2.2562521 0.0672501 -0.0132930 0.0022462 0.9976451
1740547979.190842 -0.1367145 -0.3872361 2.3050683 0.0667533 -0.0129008 0.0028217 0.9976822
1740547979.300414 -0.1540932 -0.3955833 2.3477786 0.0663166 -0.0115345 0.0032217 0.9977268
1740547979.407145 -0.1484018 -0.4103923 2.4141488 0.0672560 -0.0131788 0.0026328 0.9976453
1740547979.518246 -0.1620856 -0.4315266 2.4603341 0.0658304 -0.0124204 0.0020986 0.9977514
1740547979.625350 -0.1737653 -0.4415673 2.5037098 0.0646675 -0.0124629 0.0021735 0.9978267
1740547979.735773 -0.1865789 -0.4575327 2.5640185 0.0642407 -0.0135322 0.0023955 0.9978398
1740547979.835270 -0.1819092 -0.4763707 2.6130309 0.0635166 -0.0130541 0.0016372 0.9978941
1740547979.931677 -0.1865872 -0.4958742 2.6499348 0.0613944 -0.0123768 0.0015968 0.9980356
1740547980.047307 -0.1950919 -0.5066540 2.6777813 0.0598813 -0.0112757 0.0010581 0.9981413
1740547980.142809 -0.2037211 -0.5224955 2.7087431 0.0563441 -0.0106432 0.0019149 0.9983528
1740547980.248720 -0.2128976 -0.5511070 2.7575254 0.0534933 -0.0101997 0.0020704 0.9985140
1740547980.344197 -0.2249795 -0.5752228 2.8001359 0.0496849 -0.0101831 0.0032653 0.9987077
1740547980.445854 -0.2388947 -0.5791867 2.8454096 0.0485786 -0.0082113 0.0030167 0.9987811
1740547980.548210 -0.2512010 -0.6035559 2.8977013 0.0462880 -0.0067176 0.0022301 0.9989031
1740547980.647813 -0.2601860 -0.6255925 2.9483292 0.0431852 -0.0059471 0.0021638 0.9990471
1740547980.754170 -0.2639597 -0.6454621 2.9840510 0.0393437 -0.0051718 0.0025249 0.9992092
1740547980.851470 -0.2715669 -0.6748106 3.0470929 0.0367404 -0.0048161 0.0018893 0.9993114
1740547980.947389 -0.2926366 -0.6928521 3.1125748 0.0347556 -0.0042503 0.0021968 0.9993844
1740547981.046870 -0.2969945 -0.7090219 3.1813316 0.0324552 -0.0044358 0.0020708 0.9994612
1740547981.148510 -0.3055449 -0.7220674 3.2359982 0.0293489 -0.0035302 0.0023134 0.9995604
1740547981.255358 -0.3169379 -0.7246159 3.2882228 0.0278965 -0.0020606 0.0023903 0.9996058
1740547981.352456 -0.3275125 -0.7453332 3.3452582 0.0227679 -0.0016129 0.0024546 0.9997365
1740547981.448624 -0.3307246 -0.7474261 3.4088840 0.0197185 -0.0006178 0.0018417 0.9998037
1740547981.549456 -0.3425365 -0.7504486 3.4520056 0.0148577 0.0021406 0.0018973 0.9998856
1740547981.648948 -0.3482929 -0.7436356 3.5083454 0.0116211 0.0040506 0.0021372 0.9999220
1740547981.755465 -0.3591561 -0.7561613 3.5598822 0.0077870 0.0061732 0.0014142 0.9999496
1740547981.852237 -0.3739609 -0.7528949 3.6057646 0.0036589 0.0093699 0.0015641 0.9999482
1740547981.948092 -0.3897289 -0.7606670 3.6578188 -0.0004092 0.0121933 0.0008391 0.9999253
1740547982.047384 -0.4053538 -0.7628022 3.7018378 -0.0050565 0.0161480 0.0014974 0.9998557
1740547982.144024 -0.4109464 -0.7571682 3.7508690 -0.0085779 0.0181886 0.0006311 0.9997976
1740547982.248098 -0.4281370 -0.7523369 3.8040030 -0.0111718 0.0205653 -0.0001372 0.9997261
1740547982.349115 -0.4363945 -0.7335679 3.8455002 -0.0126593 0.0234252 -0.0004200 0.9996454
1740547982.447092 -0.4505987 -0.7219210 3.8981051 -0.0157384 0.0269733 0.0001872 0.9995123
1740547982.549321 -0.4680704 -0.7078760 3.9324284 -0.0175504 0.0304147 -0.0003324 0.9993832
1740547982.649600 -0.4812062 -0.7035949 3.9723482 -0.0196726 0.0331783 -0.0007429 0.9992556
1740547982.755796 -0.4869409 -0.7017323 4.0065360 -0.0222354 0.0356085 -0.0008823 0.9991180
1740547982.853211 -0.4808654 -0.7134764 4.0359259 -0.0255442 0.0357528 -0.0026679 0.9990306
1740547982.951895 -0.4839657 -0.7147722 4.0778799 -0.0278266 0.0382057 -0.0016230 0.9988811
1740547983.054748 -0.4965404 -0.6969528 4.1279297 -0.0280684 0.0405316 -0.0026644 0.9987804
1740547983.152468 -0.5031896 -0.6758023 4.1774635 -0.0288293 0.0429873 -0.0015768 0.9986584
1740547983.257956 -0.5068973 -0.6645761 4.2035799 -0.0284879 0.0435656 -0.0022823 0.9986417
1740547983.356576 -0.5110543 -0.6507374 4.2355461 -0.0297950 0.0466537 -0.0017618 0.9984651
1740547983.456425 -0.5156897 -0.6613054 4.2885184 -0.0312761 0.0488816 -0.0023529 0.9983120
1740547983.563467 -0.5162119 -0.6788751 4.3309331 -0.0341936 0.0493480 -0.0028346 0.9981921
1740547983.661005 -0.5228427 -0.6933281 4.3754921 -0.0373293 0.0523407 -0.0027766 0.9979275
1740547983.763599 -0.5283220 -0.7142935 4.4284649 -0.0388787 0.0538278 -0.0026085 0.9977897
1740547983.868420 -0.5343117 -0.6819966 4.4660630 -0.0371046 0.0546638 -0.0024762 0.9978122
1740547983.977420 -0.5164316 -0.6762455 4.4901400 -0.0372839 0.0538884 -0.0037436 0.9978437
1740547984.076467 -0.5113321 -0.6941327 4.5141320 -0.0386174 0.0521682 -0.0021851 0.9978890
1740547984.176035 -0.4908808 -0.6768223 4.5357561 -0.0362370 0.0504943 -0.0023537 0.9980640
1740547984.281766 -0.4655684 -0.6778821 4.5788827 -0.0375797 0.0496474 -0.0034943 0.9980535
1740547984.378894 -0.4465719 -0.6701629 4.5922885 -0.0357012 0.0478017 -0.0032347 0.9982134
1740547984.487674 -0.4370930 -0.6746595 4.6152787 -0.0353425 0.0463037 -0.0019004 0.9983002
1740547984.598597 -0.4034848 -0.6707269 4.6503501 -0.0346238 0.0429551 -0.0027577 0.9984731
1740547984.702304 -0.3869559 -0.6659361 4.6767168 -0.0344258 0.0407875 -0.0040201 0.9985666
1740547984.804391 -0.3844244 -0.6599446 4.7431822 -0.0340904 0.0407086 -0.0044069 0.9985796
1740547984.903543 -0.3643929 -0.6521211 4.7844563 -0.0336263 0.0412624 -0.0040870 0.9985740
1740547985.016929 -0.3845363 -0.6505185 4.8378425 -0.0334964 0.0436501 -0.0043464 0.9984757
1740547985.116562 -0.4070790 -0.6448494 4.8852758 -0.0328428 0.0460153 -0.0046247 0.9983900
1740547985.218591 -0.4164754 -0.6434202 4.9284825 -0.0327364 0.0472153 -0.0047221 0.9983370
1740547985.321838 -0.4298822 -0.6419970 4.9765310 -0.0326373 0.0488742 -0.0049105 0.9982595
1740547985.420988 -0.4385089 -0.6304394 5.0350232 -0.0313181 0.0502419 -0.0046633 0.9982350
1740547985.529205 -0.4298180 -0.6200382 5.0859675 -0.0294041 0.0497379 -0.0048855 0.9983175
1740547985.626669 -0.4181603 -0.6105088 5.1164484 -0.0290246 0.0489795 -0.0053377 0.9983637
1740547985.732929 -0.4215415 -0.6142419 5.1700740 -0.0289457 0.0505707 -0.0055257 0.9982857
1740547985.832667 -0.3976162 -0.6086836 5.2011957 -0.0288952 0.0485149 -0.0055475 0.9983890
1740547985.932586 -0.3738495 -0.6028828 5.2354889 -0.0285520 0.0474653 -0.0058360 0.9984477
1740547986.036423 -0.3883006 -0.5989618 5.2879019 -0.0283162 0.0500567 -0.0061227 0.9983261
1740547986.134586 -0.3836514 -0.6085976 5.3573737 -0.0290686 0.0511848 -0.0061798 0.9982470
1740547986.239875 -0.3971143 -0.5997201 5.4009061 -0.0286268 0.0549880 -0.0057859 0.9980598
1740547986.340488 -0.4241889 -0.5987954 5.4477043 -0.0286022 0.0593298 -0.0068851 0.9978048
1740547986.439480 -0.4268284 -0.5992356 5.5032005 -0.0296153 0.0620975 -0.0071761 0.9976048
1740547986.555275 -0.4200822 -0.5976863 5.5629611 -0.0291449 0.0642231 -0.0072821 0.9974833
1740547986.655567 -0.4136063 -0.5862083 5.5867248 -0.0292859 0.0663798 -0.0082799 0.9973302
1740547986.763584 -0.3972157 -0.6039070 5.5999155 -0.0326221 0.0657557 -0.0071566 0.9972767
1740547986.865255 -0.3971280 -0.6063598 5.6509986 -0.0332438 0.0682072 -0.0075389 0.9970887
1740547986.962714 -0.3723637 -0.6054326 5.6929445 -0.0341174 0.0691853 -0.0074080 0.9969928
1740547987.067261 -0.3538156 -0.6082532 5.7231879 -0.0359289 0.0698100 -0.0070502 0.9968882
1740547987.166848 -0.3271135 -0.5984907 5.7483125 -0.0366360 0.0684847 -0.0070157 0.9969546
1740547987.276631 -0.2967374 -0.6007977 5.7472839 -0.0389663 0.0646015 -0.0076198 0.9971210
1740547987.379915 -0.2733435 -0.6186132 5.7834196 -0.0426950 0.0630456 -0.0068072 0.9970738
1740547987.483166 -0.2552929 -0.6337352 5.8034906 -0.0472368 0.0608342 -0.0060463 0.9970112
1740547987.585959 -0.2471542 -0.6241304 5.8232675 -0.0454565 0.0595673 -0.0054553 0.9971738
1740547987.689571 -0.2321028 -0.6288811 5.8484659 -0.0484105 0.0577432 -0.0048522 0.9971452
1740547987.816180 -0.2116744 -0.6351996 5.8610244 -0.0532630 0.0529620 -0.0051798 0.9971616
1740547987.921348 -0.1963029 -0.6222520 5.8675547 -0.0532832 0.0500382 -0.0050043 0.9973124
1740547988.034322 -0.1719402 -0.6202603 5.8750138 -0.0554425 0.0445471 -0.0045517 0.9974573
1740547988.141525 -0.1511715 -0.6272835 5.9076910 -0.0593693 0.0405181 -0.0039202 0.9974058
1740547988.254927 -0.1368300 -0.6438678 5.9572134 -0.0650108 0.0382198 -0.0040421 0.9971442
1740547988.364674 -0.1182385 -0.6527705 5.9930930 -0.0683901 0.0344093 -0.0027453 0.9970613
1740547988.473910 -0.1117807 -0.6691966 6.0170579 -0.0732832 0.0303658 -0.0019867 0.9968468
1740547988.596574 -0.0990332 -0.6834822 6.0484362 -0.0781879 0.0270411 -0.0008751 0.9965715
1740547988.700342 -0.0859589 -0.6984525 6.0833998 -0.0821580 0.0231917 -0.0008878 0.9963490
1740547988.811912 -0.0690010 -0.7114084 6.1059780 -0.0864527 0.0174058 -0.0008719 0.9961035
1740547988.914580 -0.0580304 -0.7101757 6.1126752 -0.0890054 0.0129411 -0.0002582 0.9959471
1740547989.018027 -0.0408974 -0.7186934 6.1276879 -0.0926230 0.0064963 0.0001682 0.9956801
1740547989.119086 -0.0243807 -0.7227828 6.1483421 -0.0959392 0.0004662 0.0002768 0.9953871
1740547989.219467 -0.0014625 -0.7199532 6.1582608 -0.0962763 -0.0063762 0.0011416 0.9953336
1740547989.323582 0.0062427 -0.7277460 6.1813936 -0.0975376 -0.0115475 0.0020445 0.9951627
1740547989.423716 0.0222434 -0.7045036 6.1718121 -0.0904161 -0.0166267 0.0038702 0.9957578
1740547989.533775 0.0351428 -0.6945304 6.1720614 -0.0863928 -0.0215409 0.0063707 0.9960079
1740547989.633773 0.0660763 -0.6758196 6.1924887 -0.0857327 -0.0279375 0.0054545 0.9959115
1740547989.733829 0.0835541 -0.6681623 6.2029328 -0.0854396 -0.0334436 0.0044707 0.9957719
1740547989.842549 0.0973407 -0.6748483 6.2128625 -0.0861586 -0.0400439 0.0057661 0.9954597
1740547989.946035 0.1096125 -0.6772997 6.2272301 -0.0856201 -0.0452418 0.0057221 0.9952837
1740547990.054557 0.1403725 -0.6638607 6.2551990 -0.0850131 -0.0511665 0.0046741 0.9950542
1740547990.155224 0.1595816 -0.6568265 6.2591333 -0.0821589 -0.0572736 0.0043516 0.9949627
1740547990.261210 0.1753288 -0.6568714 6.2816234 -0.0820835 -0.0626294 0.0044737 0.9946456
1740547990.367810 0.1921255 -0.6503420 6.2920322 -0.0800206 -0.0684828 0.0046466 0.9944271
1740547990.466814 0.2058337 -0.6594360 6.3085604 -0.0814735 -0.0735636 0.0029762 0.9939525
1740547990.584608 0.2241308 -0.6611007 6.3182588 -0.0800224 -0.0801288 0.0038504 0.9935598
1740547990.689903 0.2408218 -0.6613666 6.3249507 -0.0795291 -0.0862032 0.0031367 0.9930933
1740547990.804907 0.2571869 -0.6627095 6.3326998 -0.0789339 -0.0916008 0.0029548 0.9926581
1740547990.917365 0.2772644 -0.6679479 6.3401842 -0.0795365 -0.0973850 0.0026146 0.9920601
1740547991.021926 0.2903060 -0.6548498 6.3466668 -0.0744221 -0.1012233 0.0039127 0.9920685
1740547991.127398 0.3103545 -0.6590059 6.3610983 -0.0746767 -0.1075541 0.0036015 0.9913841
1740547991.231457 0.3256378 -0.6535064 6.3825197 -0.0746817 -0.1121899 0.0037277 0.9908694
1740547991.340623 0.3478240 -0.6544777 6.3933225 -0.0743768 -0.1189363 0.0049645 0.9900998
1740547991.443055 0.3591667 -0.6565245 6.4085698 -0.0735074 -0.1240413 0.0042590 0.9895415
1740547991.552201 0.3761886 -0.6500836 6.4211555 -0.0716264 -0.1301397 0.0045859 0.9888945
1740547991.653238 0.3880937 -0.6513059 6.4204106 -0.0712077 -0.1369197 0.0045090 0.9880092
1740547991.760565 0.4070129 -0.6503040 6.4365516 -0.0718237 -0.1430454 0.0045344 0.9870961
1740547991.868750 0.4248259 -0.6470701 6.4506688 -0.0712203 -0.1492908 0.0049409 0.9862127
1740547991.967770 0.4375952 -0.6443640 6.4569201 -0.0702300 -0.1554035 0.0047700 0.9853399
1740547992.076700 0.4475234 -0.6466723 6.4686313 -0.0711841 -0.1612090 0.0043805 0.9843401
1740547992.185490 0.4638423 -0.6535836 6.4823866 -0.0728974 -0.1680351 0.0040579 0.9830736
1740547992.293104 0.4836175 -0.6623769 6.4858832 -0.0747456 -0.1748933 0.0041714 0.9817373
1740547992.402929 0.4865566 -0.6562652 6.4994020 -0.0743100 -0.1797685 0.0036336 0.9808915
1740547992.510330 0.4999192 -0.6507772 6.4957366 -0.0727298 -0.1859869 0.0036300 0.9798501
1740547992.619256 0.5111077 -0.6523588 6.5035992 -0.0751068 -0.1924285 0.0020821 0.9784303
1740547992.723260 0.5279889 -0.6677158 6.5089002 -0.0796548 -0.1997020 0.0007526 0.9766134
1740547992.835552 0.5441192 -0.6631947 6.5136895 -0.0796458 -0.2058683 0.0000812 0.9753332
1740547992.937698 0.5567230 -0.6612625 6.5162177 -0.0801427 -0.2106442 -0.0011101 0.9742715
1740547993.050909 0.5623864 -0.6568760 6.5219650 -0.0780878 -0.2128579 -0.0002995 0.9739578
1740547993.154044 0.5704771 -0.6545485 6.5229359 -0.0772598 -0.2171727 -0.0012935 0.9730700
1740547993.263599 0.5737853 -0.6479223 6.5249653 -0.0767091 -0.2191097 -0.0009382 0.9726797
1740547993.369639 0.5756040 -0.6474272 6.5266013 -0.0778607 -0.2225047 -0.0017132 0.9718161
1740547993.475248 0.5852674 -0.6534916 6.5226240 -0.0798040 -0.2275274 -0.0019775 0.9704941
1740547993.584569 0.5898408 -0.6441147 6.5219774 -0.0754986 -0.2280134 -0.0006492 0.9707263
1740547993.690758 0.5901051 -0.6439520 6.5237532 -0.0748140 -0.2288657 -0.0012769 0.9705781
1740547993.802691 0.5920064 -0.6419895 6.5217414 -0.0731239 -0.2295902 0.0005680 0.9705364
1740547993.907610 0.5821842 -0.6374486 6.5273628 -0.0717501 -0.2284567 0.0011717 0.9709058
1740547994.019139 0.5823308 -0.6408115 6.5351491 -0.0747267 -0.2311494 -0.0005923 0.9700441
1740547994.125705 0.5764180 -0.6456860 6.5532851 -0.0782598 -0.2321509 -0.0005627 0.9695262
1740547994.233510 0.5677103 -0.6367348 6.5637517 -0.0750610 -0.2302354 -0.0005835 0.9702356
1740547994.345822 0.5667827 -0.6261497 6.5704679 -0.0702964 -0.2286496 0.0012202 0.9709667
1740547994.468836 0.5701725 -0.6262342 6.5720100 -0.0709620 -0.2311434 0.0015788 0.9703271
1740547994.579469 0.5734991 -0.6287887 6.5857182 -0.0729191 -0.2336853 0.0007044 0.9695739
1740547994.691683 0.5654677 -0.6263524 6.6087770 -0.0738146 -0.2322574 0.0000214 0.9698495
1740547994.803371 0.5531905 -0.6222014 6.6376796 -0.0724140 -0.2308192 0.0011028 0.9702977
1740547994.909507 0.5361775 -0.6118869 6.6705580 -0.0714032 -0.2297446 0.0013694 0.9706272
1740547995.021933 0.5197128 -0.6046315 6.7034621 -0.0708081 -0.2284876 0.0007349 0.9709681
1740547995.131753 0.5044988 -0.5947226 6.7402930 -0.0694075 -0.2275694 0.0007565 0.9712848
1740547995.238028 0.4838540 -0.5913835 6.7751851 -0.0705530 -0.2276331 0.0002288 0.9711877
1740547995.355663 0.4675717 -0.5881437 6.8169851 -0.0702428 -0.2275818 0.0003168 0.9712222
1740547995.462696 0.4364731 -0.5775705 6.8567629 -0.0689776 -0.2270587 0.0003077 0.9714352
1740547995.576788 0.3960082 -0.5670329 6.8915672 -0.0681520 -0.2261307 0.0013898 0.9717090
1740547995.685066 0.3406613 -0.5905930 6.9176650 -0.0684086 -0.2250724 0.0013538 0.9719366
1740547995.796081 0.3215825 -0.6054570 6.9652991 -0.0690883 -0.2259088 0.0010096 0.9716949
1740547995.904079 0.3032157 -0.6137016 7.0015855 -0.0700793 -0.2265231 0.0010387 0.9714809
1740547996.021399 0.2476049 -0.6031728 7.0354424 -0.0676956 -0.2253081 0.0021554 0.9719305
1740547996.131244 0.2131124 -0.6057708 7.0642138 -0.0679793 -0.2249213 0.0023887 0.9719998
1740547996.244538 0.1809238 -0.6104019 7.1091981 -0.0672515 -0.2250870 0.0027229 0.9720111
1740547996.361283 0.1398744 -0.6209101 7.1447992 -0.0677888 -0.2249853 0.0024237 0.9719982
1740547996.473015 0.0965205 -0.6397349 7.1756740 -0.0686934 -0.2241046 0.0027779 0.9721372
1740547996.590500 0.0568871 -0.6419810 7.2237449 -0.0692833 -0.2247380 0.0029041 0.9719487
1740547996.703618 0.0299832 -0.6493061 7.2743549 -0.0704207 -0.2252682 0.0026753 0.9717448
1740547996.829299 -0.0017846 -0.6530496 7.3061261 -0.0721723 -0.2245807 0.0025563 0.9717758
1740547996.941931 -0.0460002 -0.6495303 7.3531408 -0.0733702 -0.2244116 0.0022609 0.9717259
1740547997.059235 -0.0791255 -0.6567645 7.3943682 -0.0757658 -0.2244835 0.0013377 0.9715271
1740547997.170092 -0.1072096 -0.6446745 7.4372869 -0.0783663 -0.2244235 0.0006647 0.9713354
1740547997.287757 -0.1380736 -0.6246339 7.4822149 -0.0797433 -0.2241358 0.0001965 0.9712899
1740547997.400923 -0.1656941 -0.6217180 7.5262756 -0.0835202 -0.2242208 -0.0006857 0.9709526
1740547997.520828 -0.1911928 -0.5988365 7.5703640 -0.0856527 -0.2237441 -0.0015511 0.9708758
1740547997.630293 -0.2247314 -0.5947536 7.6178074 -0.0883740 -0.2234197 -0.0022260 0.9707053
1740547997.749284 -0.2615511 -0.5908522 7.6653023 -0.0913076 -0.2229098 -0.0030938 0.9705486
1740547997.866112 -0.2984727 -0.5877132 7.7078567 -0.0934546 -0.2218712 -0.0038317 0.9705796
1740547997.977727 -0.3333676 -0.5851580 7.7548690 -0.0959249 -0.2209935 -0.0045893 0.9705356
1740547998.102754 -0.3805962 -0.5857676 7.7907453 -0.0978590 -0.2193753 -0.0051845 0.9707066
1740547998.212811 -0.4244849 -0.5877175 7.8281426 -0.0997650 -0.2176201 -0.0056866 0.9709048
1740547998.339789 -0.4635452 -0.5670698 7.8732824 -0.0998336 -0.2162480 -0.0055736 0.9712049
1740547998.451669 -0.5088599 -0.5745543 7.9172087 -0.1020730 -0.2148383 -0.0068666 0.9712768
1740547998.569566 -0.5412192 -0.5615095 7.9534740 -0.1021554 -0.2125158 -0.0068336 0.9717791
1740547998.680485 -0.5629680 -0.5581732 8.0108490 -0.1036046 -0.2128469 -0.0075406 0.9715480
1740547998.805271 -0.6138985 -0.5528120 8.0455647 -0.1032533 -0.2107922 -0.0074490 0.9720339
1740547998.918415 -0.6568314 -0.5464099 8.0902920 -0.1030778 -0.2097242 -0.0078740 0.9722802
1740547999.033907 -0.6866568 -0.5317154 8.1315689 -0.1021099 -0.2084089 -0.0077907 0.9726657
1740547999.146300 -0.7198927 -0.5258973 8.1839714 -0.1013040 -0.2079145 -0.0077781 0.9728559
1740547999.275470 -0.7537271 -0.5190413 8.2273827 -0.0992823 -0.2065326 -0.0073586 0.9733618
1740547999.388070 -0.7828069 -0.5118304 8.2730265 -0.0977684 -0.2057349 -0.0070019 0.9736865
1740547999.497271 -0.8173023 -0.4956007 8.3144388 -0.0949841 -0.2043249 -0.0059407 0.9742659
1740547999.618736 -0.8552612 -0.4870738 8.3609772 -0.0925553 -0.2038043 -0.0055580 0.9746109
1740547999.724085 -0.8857629 -0.4785708 8.4065466 -0.0900060 -0.2033373 -0.0056197 0.9749469
1740547999.846454 -0.9168459 -0.4771312 8.4546185 -0.0877905 -0.2030847 -0.0052937 0.9752033
1740547999.954009 -0.9567900 -0.4776931 8.4902430 -0.0856290 -0.2015572 -0.0050730 0.9757134
1740548000.069465 -1.0021510 -0.4758764 8.5287714 -0.0834855 -0.2005237 -0.0042108 0.9761161
1740548000.174171 -1.0315570 -0.4674038 8.5818701 -0.0800259 -0.2003975 -0.0034677 0.9764347
1740548000.288926 -1.0666436 -0.4575473 8.6275005 -0.0766459 -0.2001245 -0.0026181 0.9767644
1740548000.392905 -1.1015981 -0.4565558 8.6729336 -0.0737841 -0.1992254 -0.0023217 0.9771693
1740548000.499790 -1.1227391 -0.4503595 8.7250891 -0.0704847 -0.1996091 -0.0012575 0.9773365
1740548000.608550 -1.1365565 -0.4554238 8.7888680 -0.0670519 -0.2008235 -0.0005796 0.9773299
1740548000.717947 -1.1738670 -0.4620663 8.8340626 -0.0644444 -0.2005204 -0.0002585 0.9775677
1740548000.830059 -1.2213845 -0.4475559 8.8687401 -0.0606824 -0.1988444 0.0011049 0.9781500
1740548000.938769 -1.2636940 -0.4514613 8.9070253 -0.0579574 -0.1971960 0.0014966 0.9786483
1740548001.052338 -1.2893759 -0.4586367 8.9595881 -0.0549203 -0.1964638 0.0011989 0.9789711
1740548001.163522 -1.3102798 -0.4516267 9.0088644 -0.0509620 -0.1957723 0.0017304 0.9793228
1740548001.288980 -1.3527287 -0.4426388 9.0503016 -0.0477274 -0.1939295 0.0026683 0.9798502
1740548001.390769 -1.3632118 -0.4357400 9.1181898 -0.0450645 -0.1943879 0.0032751 0.9798836
1740548001.495844 -1.3915706 -0.4350751 9.1707029 -0.0421517 -0.1934977 0.0038416 0.9801873
1740548001.605213 -1.4424367 -0.4306969 9.1940784 -0.0392123 -0.1900317 0.0044647 0.9809844
1740548001.712234 -1.4832485 -0.4229617 9.2331514 -0.0357212 -0.1874500 0.0049752 0.9816118
1740548001.827215 -1.5246061 -0.4202115 9.2728491 -0.0326908 -0.1846002 0.0051421 0.9822564
1740548001.936880 -1.5532188 -0.4221657 9.3210554 -0.0296168 -0.1824753 0.0058462 0.9827469
1740548002.051350 -1.5939801 -0.4104217 9.3689957 -0.0262598 -0.1800591 0.0067673 0.9832820
1740548002.160137 -1.6254417 -0.4079936 9.4092865 -0.0234201 -0.1768053 0.0072614 0.9839404
1740548002.285165 -1.6575551 -0.3982950 9.4601822 -0.0199735 -0.1745829 0.0078039 0.9844090
1740548002.397290 -1.6874479 -0.4038973 9.5016346 -0.0173438 -0.1717112 0.0082167 0.9849604
1740548002.509094 -1.7227091 -0.3977810 9.5588293 -0.0139353 -0.1695785 0.0087391 0.9853795
1740548002.626698 -1.7376655 -0.3914830 9.6122894 -0.0108921 -0.1675405 0.0095454 0.9857588
1740548002.736961 -1.7704772 -0.4017204 9.6692743 -0.0086121 -0.1654669 0.0096842 0.9861302
1740548002.858794 -1.7928305 -0.4018849 9.7285128 -0.0051872 -0.1641672 0.0104438 0.9863636
1740548002.969733 -1.8247530 -0.4063571 9.7816839 -0.0027854 -0.1617345 0.0104077 0.9867755
1740548003.088758 -1.8518902 -0.4004936 9.8168917 0.0016631 -0.1593119 0.0109099 0.9871666
1740548003.197341 -1.8346696 -0.4261104 9.8355045 0.0022087 -0.1632225 0.0114808 0.9865201
1740548003.323758 -1.8168076 -0.4101300 9.8453054 0.0059667 -0.1665772 0.0108523 0.9859506
1740548003.430854 -1.7828512 -0.4132452 9.8811207 0.0075467 -0.1699470 0.0115174 0.9853570
1740548003.547477 -1.7847221 -0.4148566 9.9476852 0.0107784 -0.1704346 0.0118515 0.9852388
1740548003.659311 -1.7897161 -0.4569717 9.9888954 0.0108213 -0.1726422 0.0143327 0.9848208
1740548003.773980 -1.7926286 -0.4812982 10.0317993 0.0128771 -0.1749165 0.0153029 0.9843801
1740548003.891583 -1.7775145 -0.4982184 10.0890141 0.0147567 -0.1780276 0.0160961 0.9837832
1740548004.004570 -1.7873749 -0.4992145 10.1359491 0.0181491 -0.1802535 0.0166246 0.9833122
1740548004.121570 -1.7860259 -0.5188936 10.1702080 0.0203596 -0.1839356 0.0176293 0.9825693
1740548004.227200 -1.7908486 -0.5312366 10.2315054 0.0229837 -0.1862784 0.0183824 0.9820561
1740548004.351175 -1.7995842 -0.5483841 10.2633076 0.0254429 -0.1900429 0.0189360 0.9812634
1740548004.458254 -1.8144112 -0.5698567 10.3312130 0.0284007 -0.1920256 0.0199802 0.9807754
1740548004.572280 -1.8133949 -0.5805000 10.3599825 0.0311574 -0.1967375 0.0203749 0.9797492
1740548004.681285 -1.8150481 -0.5922318 10.3988104 0.0343985 -0.2009530 0.0210044 0.9787714
1740548004.795472 -1.8261770 -0.6046867 10.4384203 0.0378579 -0.2049971 0.0215474 0.9777928
1740548004.908424 -1.8332237 -0.6107885 10.4813910 0.0420576 -0.2089965 0.0215987 0.9767728
1740548005.019714 -1.8238389 -0.6125187 10.5390692 0.0467730 -0.2134855 0.0225010 0.9755664
1740548005.135557 -1.8146170 -0.6297294 10.5825272 0.0485590 -0.2180379 0.0228882 0.9744627
1740548005.243056 -1.8518633 -0.6564411 10.6331367 0.0515411 -0.2203458 0.0240448 0.9737623
1740548005.357620 -1.8555317 -0.6749673 10.6678371 0.0547652 -0.2251673 0.0248076 0.9724634
1740548005.464971 -1.8548847 -0.6884178 10.7084560 0.0574527 -0.2299127 0.0250872 0.9711900
1740548005.579867 -1.8723806 -0.7192354 10.7513542 0.0589490 -0.2332771 0.0261284 0.9702702
1740548005.688198 -1.8803027 -0.7277901 10.8103676 0.0618582 -0.2363893 0.0266918 0.9693200
1740548005.802227 -1.8745520 -0.7733904 10.8462820 0.0625826 -0.2412964 0.0282169 0.9680203
1740548005.909116 -1.8899984 -0.7934582 10.8994513 0.0644560 -0.2441312 0.0291653 0.9671581
1740548006.022293 -1.9121332 -0.8023454 10.9382362 0.0655284 -0.2474410 0.0284994 0.9662644
1740548006.139979 -1.9331170 -0.8170034 10.9881268 0.0671072 -0.2502473 0.0288949 0.9654211
1740548006.243899 -1.9424090 -0.8463467 11.0314283 0.0669205 -0.2538926 0.0291629 0.9644738
1740548006.358154 -1.9619074 -0.8701231 11.0702295 0.0667867 -0.2567581 0.0295802 0.9637115
1740548006.465247 -1.9546270 -0.9028187 11.1210003 0.0655979 -0.2609795 0.0297343 0.9626539
1740548006.578997 -1.9680475 -0.9122973 11.1665077 0.0653529 -0.2640280 0.0292423 0.9618540
1740548006.688600 -1.9814684 -0.9309107 11.2046947 0.0638693 -0.2675940 0.0292455 0.9609677
1740548006.795505 -2.0079927 -0.9467707 11.2676668 0.0628922 -0.2693865 0.0286317 0.9605497
1740548006.906941 -2.0198553 -0.9539073 11.3011999 0.0611060 -0.2730444 0.0280844 0.9596479
1740548007.007263 -2.0131545 -0.9827875 11.3342686 0.0578787 -0.2781066 0.0277861 0.9584022
1740548007.111305 -2.0246263 -1.0034394 11.3787851 0.0550024 -0.2814593 0.0276535 0.9575963
1740548007.211621 -2.0481343 -0.9959263 11.4434118 0.0530637 -0.2835953 0.0259992 0.9571217
1740548007.320140 -2.0967586 -0.9903931 11.5119123 0.0510587 -0.2841931 0.0247273 0.9570872
1740548007.423039 -2.1252809 -1.0001397 11.5678692 0.0479431 -0.2864224 0.0240917 0.9565998
1740548007.540604 -2.1292846 -1.0232450 11.6103487 0.0439908 -0.2910517 0.0234303 0.9554082
1740548007.638870 -2.1570892 -1.0378345 11.6596079 0.0409202 -0.2944293 0.0230996 0.9545173
1740548007.739240 -2.1814911 -1.0412517 11.7247314 0.0385012 -0.2976773 0.0220452 0.9536352
1740548007.855410 -2.2025480 -1.0442737 11.7775936 0.0366033 -0.3024673 0.0211872 0.9522210
1740548007.958082 -2.2345376 -1.0383506 11.8353577 0.0353429 -0.3066600 0.0203375 0.9509453
1740548008.073580 -2.2739625 -1.0393020 11.8924751 0.0337524 -0.3108571 0.0195467 0.9496560
1740548008.175223 -2.3173542 -1.0368301 11.9436474 0.0331589 -0.3157220 0.0191108 0.9480796
1740548008.283878 -2.3634236 -1.0455909 11.9959993 0.0325511 -0.3208066 0.0188841 0.9463968
1740548008.391876 -2.4067252 -1.0398380 12.0536375 0.0334874 -0.3266885 0.0185723 0.9443561
1740548008.495363 -2.4502740 -1.0381110 12.1083460 0.0343599 -0.3327689 0.0188041 0.9421946
1740548008.721469 -2.5488706 -1.0319772 12.2091484 0.0394552 -0.3462196 0.0198105 0.9371141
1740548008.938342 -2.6484828 -1.0390204 12.3105774 0.0469774 -0.3606253 0.0221892 0.9312627
1740548009.155400 -2.7614782 -1.0504193 12.3974342 0.0579485 -0.3751828 0.0256968 0.9247808
1740548009.681134 -3.0179784 -1.1370014 12.5861921 0.0961916 -0.4112248 0.0391481 0.9055986
1740548009.890985 -3.1413171 -1.1870925 12.6390600 0.1142831 -0.4223485 0.0460021 0.8980228
1740548010.094483 -3.2478981 -1.2521498 12.7011595 0.1317971 -0.4321585 0.0527514 0.8905537
1740548010.194343 -3.3003728 -1.2832557 12.7331190 0.1406189 -0.4363617 0.0558716 0.8869573
1740548010.405087 -3.3929229 -1.3551040 12.8040333 0.1565390 -0.4439046 0.0621690 0.8801018
1740548010.621740 -3.4872875 -1.4239372 12.8787193 0.1710234 -0.4494685 0.0675138 0.8741688
1740548010.821361 -3.5767839 -1.5027142 12.9493122 0.1826423 -0.4540998 0.0725680 0.8690047
1740548011.227546 -3.7673383 -1.6495211 13.0874443 0.1981368 -0.4602833 0.0786647 0.8617964
1740548011.535201 -3.9290030 -1.7378838 13.1773167 0.2038385 -0.4631326 0.0808129 0.8587359
1740548011.845756 -4.1063800 -1.7904081 13.2694693 0.2057106 -0.4650676 0.0805869 0.8572637
1740548012.156919 -4.3030682 -1.8635232 13.3240032 0.2038299 -0.4634910 0.0815019 0.8584794
1740548012.678764 -4.5381203 -2.0112665 13.5297031 0.2009279 -0.4591153 0.0799673 0.8616533
1740548013.314701 -4.8204899 -2.2002213 13.7665691 0.1981610 -0.4479744 0.0812499 0.8680148
1740548013.940893 -5.1328611 -2.3859241 13.9879169 0.1931448 -0.4399567 0.0813914 0.8732174
1740548014.555762 -5.4394097 -2.5440707 14.2061691 0.1880529 -0.4411373 0.0787011 0.8739795
1740548015.174611 -5.7750292 -2.6865766 14.4270897 0.1828262 -0.4458637 0.0753169 0.8729877
1740548015.795430 -6.0633674 -2.8794649 14.6655273 0.1786053 -0.4523175 0.0727179 0.8707590
1740548016.312064 -6.3723822 -3.0358193 14.8393774 0.1803607 -0.4536312 0.0745950 0.8695542
1740548016.520861 -6.4334593 -3.1112761 14.9216814 0.1811994 -0.4557563 0.0740884 0.8683109
1740548016.734052 -6.5224891 -3.1422615 14.9600964 0.1807259 -0.4557705 0.0757434 0.8682594
1740548016.941441 -6.5976987 -3.2246907 15.0675926 0.1810481 -0.4570878 0.0779201 0.8673066
1740548017.151337 -6.6513443 -3.2357242 15.1364212 0.1836327 -0.4589796 0.0812776 0.8654541
1740548017.253955 -6.6757116 -3.3320367 15.1758156 0.1822069 -0.4597414 0.0814394 0.8653358
1740548017.462385 -6.8315201 -3.3355918 15.2398529 0.1852187 -0.4541912 0.0831486 0.8674622
1740548017.573989 -6.8902183 -3.3846173 15.2444191 0.1869308 -0.4504319 0.0839851 0.8689733
1740548017.675967 -6.9372969 -3.4274328 15.2580318 0.1858590 -0.4478943 0.0867399 0.8702433
1740548017.778505 -6.9527435 -3.4247341 15.3175354 0.1887553 -0.4468218 0.0849816 0.8703447
1740548017.897936 -7.0134563 -3.4619799 15.3527107 0.1895851 -0.4436358 0.0895504 0.8713355
1740548018.001750 -7.0317841 -3.4980960 15.3966551 0.1902025 -0.4428211 0.0914468 0.8714184
1740548018.115668 -7.0804820 -3.5417979 15.4167500 0.1908608 -0.4388057 0.0924278 0.8732004
1740548018.218653 -7.1303024 -3.5710225 15.4830885 0.1935157 -0.4354861 0.0962281 0.8738671
1740548018.335479 -7.1750093 -3.5928760 15.4726620 0.1941985 -0.4294145 0.0960327 0.8767371
1740548018.435382 -7.1869869 -3.6541257 15.5443516 0.1938023 -0.4288308 0.1006208 0.8765959
1740548018.540029 -7.2793226 -3.6792741 15.5695171 0.1981899 -0.4190904 0.1019174 0.8801687
1740548018.649139 -7.2710238 -3.6756086 15.5891562 0.2022370 -0.4158977 0.1035859 0.8805676
1740548018.866527 -7.2747388 -3.7252469 15.6370850 0.2059660 -0.4120497 0.1141106 0.8802113
1740548018.971162 -7.3371472 -3.7696226 15.6883850 0.2085216 -0.4062899 0.1172880 0.8818678
1740548019.091989 -7.3443246 -3.8172154 15.7482109 0.2109341 -0.4030986 0.1191828 0.8825043
1740548019.193204 -7.3925848 -3.8696802 15.7742720 0.2123546 -0.3969051 0.1209006 0.8847345
1740548019.296525 -7.3996477 -3.8823903 15.7471752 0.2139839 -0.3916862 0.1248234 0.8861219
1740548019.404967 -7.4088073 -3.8909655 15.8093567 0.2190718 -0.3909451 0.1304215 0.8843979
1740548019.510033 -7.4294920 -3.9302919 15.8285980 0.2229853 -0.3853346 0.1346503 0.8852480
1740548019.617397 -7.4184780 -3.9163163 15.8445396 0.2264777 -0.3844177 0.1369284 0.8844103
1740548019.838443 -7.4426413 -3.9984791 15.9199295 0.2305733 -0.3777223 0.1439405 0.8851231
1740548019.940598 -7.4597034 -3.9991581 15.9382133 0.2381740 -0.3742870 0.1464462 0.8841583
1740548020.042349 -7.4766974 -4.0122318 15.9371605 0.2411320 -0.3711750 0.1522764 0.8836834
1740548020.367584 -7.5334883 -4.0951905 15.9828186 0.2524762 -0.3601077 0.1617979 0.8834023
1740548020.472291 -7.5072560 -4.1183767 16.0050354 0.2531391 -0.3605937 0.1644674 0.8825210
1740548020.586678 -7.5344248 -4.1429262 16.0331955 0.2587006 -0.3564322 0.1677200 0.8819864
1740548020.693887 -7.5367465 -4.1504278 16.0607300 0.2646809 -0.3545610 0.1718985 0.8801599
1740548020.792896 -7.5550275 -4.1599665 16.0784607 0.2687960 -0.3522578 0.1747628 0.8792731
1740548020.901951 -7.5705485 -4.1761789 16.1035805 0.2709907 -0.3496374 0.1764103 0.8793163
1740548021.009485 -7.5516124 -4.2110701 16.1196327 0.2738343 -0.3517771 0.1824432 0.8763459
1740548021.121539 -7.5577288 -4.2198052 16.1132641 0.2781970 -0.3463956 0.1826500 0.8770722
1740548021.225555 -7.5682831 -4.2314267 16.1368694 0.2811337 -0.3439305 0.1848839 0.8766376
1740548021.338626 -7.5543470 -4.2332106 16.1604404 0.2841847 -0.3427837 0.1873060 0.8755883
1740548021.443425 -7.5836344 -4.2427783 16.1348877 0.2856725 -0.3387961 0.1947106 0.8750408
1740548021.542333 -7.5627093 -4.2379537 16.1314774 0.2878412 -0.3422162 0.1996020 0.8718914
1740548021.650947 -7.5947919 -4.2834597 16.1683311 0.2931771 -0.3367206 0.2001064 0.8721375
1740548021.755986 -7.6102791 -4.2964439 16.1764793 0.2951316 -0.3323629 0.2015666 0.8728134
1740548021.865177 -7.5957251 -4.3019328 16.1699295 0.2958947 -0.3320699 0.2050933 0.8718444
1740548021.963683 -7.5983233 -4.3135495 16.1949539 0.3010780 -0.3309135 0.2094132 0.8694794
1740548022.062383 -7.6020565 -4.3070850 16.2060852 0.3048963 -0.3286172 0.2098560 0.8689128
1740548022.166592 -7.5754623 -4.3148165 16.2073898 0.3029751 -0.3296247 0.2127769 0.8684928
1740548022.266284 -7.5883570 -4.3144784 16.1879215 0.3063721 -0.3269956 0.2156884 0.8675762
1740548022.372468 -7.6186280 -4.3221517 16.2159271 0.3112478 -0.3226031 0.2181394 0.8668721
1740548022.469933 -7.6341796 -4.3489885 16.2262497 0.3138160 -0.3187881 0.2208233 0.8666780
1740548022.572448 -7.6181126 -4.3607464 16.2209244 0.3143338 -0.3183840 0.2228595 0.8661176
1740548022.675800 -7.6322899 -4.3828697 16.2494907 0.3171940 -0.3163264 0.2229654 0.8658015
1740548022.774937 -7.6463194 -4.4043484 16.2622566 0.3203845 -0.3130796 0.2275019 0.8646258
1740548022.880334 -7.6278210 -4.4380131 16.2688980 0.3207761 -0.3136014 0.2289345 0.8639131
1740548022.980343 -7.6552167 -4.4577413 16.3049526 0.3261335 -0.3108272 0.2320529 0.8620759
1740548023.094543 -7.6707850 -4.4804978 16.3184834 0.3279504 -0.3093849 0.2344870 0.8612465
1740548023.193604 -7.6883321 -4.5100789 16.3455257 0.3317836 -0.3067943 0.2365954 0.8601277
1740548023.294599 -7.6780381 -4.5287948 16.3571548 0.3334761 -0.3068978 0.2388198 0.8588204
1740548023.398731 -7.6898146 -4.5479355 16.3555012 0.3343924 -0.3040036 0.2402150 0.8591043
1740548023.497607 -7.6878052 -4.5760269 16.3697243 0.3371515 -0.3023800 0.2431595 0.8577697
1740548023.604108 -7.7013612 -4.6130800 16.3872738 0.3390318 -0.3009979 0.2449823 0.8569956
1740548023.709596 -7.7031031 -4.6364107 16.4048882 0.3418141 -0.2996731 0.2465799 0.8558958
1740548023.808209 -7.7053986 -4.6518574 16.4131641 0.3435276 -0.2984485 0.2486398 0.8550413
1740548023.911785 -7.7199812 -4.6827393 16.4389496 0.3467302 -0.2958899 0.2504795 0.8541003
1740548024.012923 -7.7277255 -4.7048607 16.4586277 0.3495597 -0.2948792 0.2525680 0.8526803
1740548024.122304 -7.7477779 -4.7348633 16.4862614 0.3527264 -0.2929024 0.2546918 0.8514249
1740548024.223680 -7.7633753 -4.7659893 16.5019321 0.3551067 -0.2901763 0.2561138 0.8509422
1740548024.328481 -7.7735600 -4.7892599 16.5260220 0.3583121 -0.2889664 0.2575522 0.8495750
1740548024.433845 -7.7852335 -4.8077621 16.5356178 0.3597719 -0.2872511 0.2599786 0.8488004
1740548024.536439 -7.7883244 -4.8371968 16.5490112 0.3614748 -0.2860700 0.2607633 0.8482349
1740548024.653721 -7.7912045 -4.8639717 16.5713940 0.3638622 -0.2848771 0.2621281 0.8471943
1740548024.757974 -7.7907290 -4.8890505 16.5801888 0.3651697 -0.2838491 0.2630841 0.8466803
1740548024.861859 -7.7954082 -4.9119034 16.5872517 0.3670772 -0.2824271 0.2639400 0.8460644
1740548024.965316 -7.8048015 -4.9410796 16.6099167 0.3686789 -0.2819852 0.2657301 0.8449543
1740548025.067869 -7.8291283 -4.9766870 16.6423912 0.3716904 -0.2807587 0.2667989 0.8437056
1740548025.175390 -7.8296766 -4.9988317 16.6528606 0.3728701 -0.2800913 0.2676633 0.8431329
1740548025.278292 -7.8407583 -5.0349936 16.6772079 0.3751751 -0.2795322 0.2687738 0.8419418
1740548025.385323 -7.8413949 -5.0541439 16.6868000 0.3763877 -0.2785409 0.2690334 0.8416462
1740548025.489276 -7.8436179 -5.0741143 16.6922302 0.3769830 -0.2777171 0.2691463 0.8416159
1740548025.595237 -7.8416209 -5.0997300 16.7072887 0.3780229 -0.2776835 0.2691759 0.8411509
1740548025.697710 -7.8480139 -5.1338720 16.7398033 0.3800339 -0.2787333 0.2699580 0.8396456
1740548025.798831 -7.8597174 -5.1619182 16.7678185 0.3818130 -0.2793929 0.2702615 0.8385209
1740548025.913185 -7.8630238 -5.1950960 16.7891083 0.3824841 -0.2802346 0.2707322 0.8377819
1740548026.013833 -7.8653698 -5.2059889 16.7917862 0.3827167 -0.2795507 0.2703410 0.8380305
1740548026.124379 -7.8669786 -5.2431331 16.8071651 0.3826524 -0.2805756 0.2696352 0.8379447
1740548026.227385 -7.8801727 -5.2905436 16.8370819 0.3836144 -0.2820350 0.2699578 0.8369105
1740548026.326006 -7.8830509 -5.3176885 16.8525677 0.3837822 -0.2831144 0.2701667 0.8364015
1740548026.429197 -7.8851461 -5.3432350 16.8637581 0.3841050 -0.2840346 0.2702109 0.8359269
1740548026.529466 -7.8883610 -5.3618736 16.8761883 0.3848525 -0.2846882 0.2700489 0.8354130
1740548026.637226 -7.9009409 -5.4188647 16.9048119 0.3853282 -0.2853983 0.2709310 0.8346654
1740548026.740696 -7.9180083 -5.4473534 16.9390297 0.3878253 -0.2868239 0.2707953 0.8330628
1740548026.841172 -7.9161692 -5.4897666 16.9643726 0.3871227 -0.2889756 0.2700365 0.8328922
1740548026.943265 -7.9237757 -5.5513682 16.9858398 0.3868869 -0.2897985 0.2708511 0.8324512
1740548027.045246 -7.9354520 -5.5719004 17.0284805 0.3896975 -0.2915448 0.2691453 0.8310826
1740548027.145400 -7.9403057 -5.6163664 17.0442619 0.3896274 -0.2926406 0.2700354 0.8304414
1740548027.245633 -7.9722500 -5.6646752 17.0756454 0.3907831 -0.2932181 0.2698538 0.8297534
1740548027.356946 -7.9893684 -5.6969175 17.1105156 0.3914211 -0.2947087 0.2702335 0.8288005
1740548027.454804 -7.9958782 -5.7590246 17.1303444 0.3906728 -0.2950517 0.2697637 0.8291844
1740548027.554074 -7.9987707 -5.8053656 17.1460495 0.3909213 -0.2954362 0.2694202 0.8290420
1740548027.661470 -7.9981623 -5.8267012 17.1557064 0.3914479 -0.2975386 0.2676166 0.8286259
1740548027.761428 -8.0095024 -5.8880072 17.1755753 0.3910066 -0.2993042 0.2684438 0.8279305
1740548027.863259 -8.0248566 -5.9288778 17.2008820 0.3921122 -0.2998780 0.2680748 0.8273193
1740548027.961701 -8.0368166 -5.9605751 17.2326889 0.3949883 -0.3011717 0.2669945 0.8258291
1740548028.059553 -8.0363846 -5.9966273 17.2592487 0.3947960 -0.3040637 0.2666492 0.8249726
1740548028.165986 -8.0342417 -6.0518284 17.2900276 0.3940557 -0.3060069 0.2653349 0.8250317
1740548028.263829 -8.0552425 -6.1088915 17.3211441 0.3945521 -0.3069039 0.2647598 0.8246460
1740548028.367867 -8.0761099 -6.1564393 17.3635025 0.3949759 -0.3088483 0.2635904 0.8240916
1740548028.469070 -8.0862179 -6.2016697 17.3951988 0.3946367 -0.3121431 0.2616631 0.8236268
1740548028.565653 -8.0879345 -6.2579217 17.4334984 0.3932722 -0.3165529 0.2612346 0.8227319
1740548028.667909 -8.1112337 -6.2911906 17.4768906 0.3943877 -0.3187936 0.2602519 0.8216434
1740548028.765460 -8.1326399 -6.3510618 17.4929466 0.3933969 -0.3205411 0.2590996 0.8218027
1740548028.874335 -8.1421585 -6.4037876 17.5212307 0.3921722 -0.3239699 0.2578645 0.8214319
1740548028.971543 -8.1562281 -6.4587617 17.5647259 0.3916234 -0.3265389 0.2563004 0.8211660
1740548029.069050 -8.1720953 -6.5112829 17.5980015 0.3904552 -0.3288337 0.2544360 0.8213863
1740548029.174319 -8.1790199 -6.5465145 17.6207237 0.3895252 -0.3335383 0.2521578 0.8206332
1740548029.274809 -8.1841230 -6.5897174 17.6557274 0.3890060 -0.3381708 0.2501881 0.8195857
1740548029.386178 -8.1995611 -6.6550236 17.6739826 0.3870465 -0.3403652 0.2489116 0.8199936
1740548029.487336 -8.2080612 -6.7117367 17.6970100 0.3858650 -0.3432535 0.2470865 0.8198985
1740548029.586961 -8.2301493 -6.7678528 17.7289352 0.3861727 -0.3452254 0.2461716 0.8192006
1740548029.689893 -8.2403336 -6.8145437 17.7495575 0.3850836 -0.3486250 0.2441152 0.8188888
1740548029.786257 -8.2342796 -6.8286128 17.7534904 0.3835137 -0.3533639 0.2427678 0.8179945
1740548029.896621 -8.2386885 -6.8393574 17.7698021 0.3839729 -0.3566304 0.2421059 0.8165563
1740548029.994687 -8.2451944 -6.8578324 17.7919273 0.3850726 -0.3605373 0.2383414 0.8154296
1740548030.090923 -8.2439976 -6.8722215 17.8181496 0.3870953 -0.3643286 0.2388821 0.8126237
1740548030.193661 -8.2463369 -6.8880901 17.8256950 0.3858337 -0.3658092 0.2371588 0.8130631
1740548030.292292 -8.2483492 -6.8740392 17.8248901 0.3883417 -0.3679578 0.2380109 0.8106470
1740548030.395926 -8.2518244 -6.8699551 17.8290749 0.3902058 -0.3690875 0.2382267 0.8091736
1740548030.494709 -8.2492657 -6.8755217 17.8155804 0.3903789 -0.3655429 0.2326525 0.8123149
1740548030.593547 -8.2449007 -6.8490787 17.8055801 0.3900761 -0.3672908 0.2335577 0.8114117
1740548030.695776 -8.2367496 -6.8627939 17.8059998 0.3895213 -0.3723406 0.2386142 0.8078979
1740548030.796355 -8.2407169 -6.8581500 17.8054619 0.3927783 -0.3713451 0.2377902 0.8070216
1740548030.901772 -8.2510061 -6.8704448 17.8039761 0.3941631 -0.3679532 0.2398907 0.8072784
1740548031.001507 -8.2527857 -6.8374939 17.7883873 0.3966997 -0.3650111 0.2375563 0.8080614
1740548031.099536 -8.2588043 -6.8246622 17.7833366 0.4023276 -0.3613611 0.2348484 0.8077109
1740548031.202460 -8.2578545 -6.8286572 17.7863998 0.4036285 -0.3624813 0.2391488 0.8052945
1740548031.303096 -8.2577391 -6.8326540 17.7882347 0.4052453 -0.3605621 0.2344999 0.8067100
1740548031.412661 -8.2598476 -6.8377290 17.7888260 0.4093799 -0.3613644 0.2349023 0.8041423
1740548031.508628 -8.2622843 -6.8685737 17.8136883 0.4117854 -0.3644392 0.2334577 0.8019442
1740548031.609575 -8.2713318 -6.9093418 17.8542900 0.4141918 -0.3661968 0.2349362 0.7994686
1740548031.713414 -8.2779684 -6.9363012 17.8808784 0.4175341 -0.3698206 0.2332127 0.7965613
1740548031.813180 -8.2841873 -6.9446230 17.8937378 0.4209781 -0.3715489 0.2355281 0.7932562
1740548031.919363 -8.2852516 -6.9624171 17.9100189 0.4251377 -0.3734317 0.2344507 0.7904679
1740548032.022194 -8.2823887 -6.9753265 17.9133873 0.4281917 -0.3745719 0.2333504 0.7886034
1740548032.129367 -8.2880898 -6.9897332 17.9194145 0.4311244 -0.3763866 0.2365838 0.7851707
1740548032.230274 -8.2914982 -7.0045567 17.9228897 0.4328799 -0.3765764 0.2378055 0.7837435
1740548032.327677 -8.2906389 -7.0002904 17.9216690 0.4355790 -0.3758380 0.2341923 0.7836905
1740548032.430530 -8.2496014 -7.0020270 17.9053650 0.4317064 -0.3790290 0.2376410 0.7832582
1740548032.527888 -8.2524567 -7.0095782 17.9163132 0.4353072 -0.3811004 0.2371354 0.7804082
1740548032.635828 -8.2641850 -7.0167785 17.9259491 0.4375943 -0.3794376 0.2380456 0.7796620
1740548032.737676 -8.2617645 -7.0137372 17.9316883 0.4404168 -0.3807114 0.2377127 0.7775503
1740548032.836867 -8.2642574 -7.0192900 17.9371910 0.4422001 -0.3823494 0.2384988 0.7754911
1740548032.947117 -8.2760029 -7.0652337 17.9441071 0.4426261 -0.3837452 0.2391035 0.7743716
1740548033.043609 -8.2699566 -7.0590277 17.9593353 0.4459352 -0.3882489 0.2369808 0.7708728
1740548033.148425 -8.2650948 -7.0514226 17.9643078 0.4454879 -0.3913046 0.2376727 0.7693718
1740548033.244273 -8.2646132 -7.0540857 17.9616585 0.4463393 -0.3923891 0.2375005 0.7683785
1740548033.345132 -8.2576809 -7.0244269 17.9431648 0.4494156 -0.3928344 0.2373218 0.7664105
1740548033.447773 -8.2579622 -7.0118699 17.9346657 0.4506491 -0.3918404 0.2357568 0.7666780
1740548033.545778 -8.2587738 -7.0114584 17.9352074 0.4525920 -0.3921374 0.2379149 0.7647125
1740548033.647196 -8.2574606 -7.0165682 17.9363804 0.4513539 -0.3951364 0.2364108 0.7643669
1740548033.745527 -8.2702332 -7.0380182 17.9512482 0.4544171 -0.3985508 0.2336511 0.7616230
1740548033.844331 -8.2687950 -7.0716648 17.9664936 0.4550218 -0.4028056 0.2316630 0.7596283
1740548033.947145 -8.2727709 -7.1063890 17.9848289 0.4548954 -0.4046740 0.2293497 0.7594128
1740548034.044646 -8.2785864 -7.1457858 18.0091515 0.4565523 -0.4063891 0.2305364 0.7571400
1740548034.145974 -8.2830629 -7.1687484 18.0166779 0.4567707 -0.4079054 0.2308111 0.7561084
1740548034.244612 -8.2873840 -7.1832657 18.0212250 0.4572991 -0.4100593 0.2312027 0.7545026
1740548034.343761 -8.2870579 -7.1866846 18.0205727 0.4578422 -0.4108732 0.2309691 0.7538018
1740548034.446641 -8.2977648 -7.1877699 18.0181866 0.4586520 -0.4108136 0.2346648 0.7521988
1740548034.547369 -8.2963772 -7.1862817 18.0183830 0.4611322 -0.4097162 0.2316092 0.7522280
1740548034.647501 -8.2963963 -7.2218914 18.0241318 0.4597599 -0.4113345 0.2294495 0.7528464
1740548034.745870 -8.3044949 -7.2645450 18.0410671 0.4607754 -0.4119397 0.2284266 0.7522054
1740548034.844488 -8.3131313 -7.3132911 18.0650139 0.4617301 -0.4118408 0.2266452 0.7522130
1740548034.947657 -8.3198099 -7.3395638 18.0791054 0.4632742 -0.4119991 0.2279685 0.7507758
1740548035.044538 -8.3287334 -7.3773274 18.0923882 0.4636532 -0.4117020 0.2287747 0.7504594
1740548035.145817 -8.3348856 -7.4251776 18.1099854 0.4643460 -0.4122085 0.2282147 0.7499233
1740548035.244937 -8.3434629 -7.4784293 18.1389580 0.4655733 -0.4129364 0.2278563 0.7488702
1740548035.344965 -8.3550920 -7.5350828 18.1604691 0.4661911 -0.4129201 0.2268753 0.7487926
1740548035.448832 -8.3594360 -7.5557785 18.1772614 0.4688070 -0.4126346 0.2280827 0.7469478
1740548035.546676 -8.3622770 -7.5876307 18.1863270 0.4688480 -0.4119091 0.2277285 0.7474304
1740548035.647788 -8.3782692 -7.6369314 18.2018623 0.4704129 -0.4101161 0.2292640 0.7469636
1740548035.747253 -8.3872900 -7.6845145 18.2208748 0.4709026 -0.4086722 0.2300029 0.7472191
1740548035.844938 -8.3928852 -7.7133865 18.2335663 0.4723621 -0.4088782 0.2311996 0.7458146
1740548035.949236 -8.3982658 -7.7472663 18.2514362 0.4733641 -0.4084956 0.2309870 0.7454547
1740548036.048162 -8.4099426 -7.7988224 18.2729645 0.4752815 -0.4072095 0.2321710 0.7445700
1740548036.151833 -8.4191999 -7.8345466 18.2868195 0.4772463 -0.4047273 0.2338396 0.7441444
1740548036.254408 -8.4302855 -7.8762898 18.2999344 0.4790660 -0.4025369 0.2368276 0.7432176
1740548036.355180 -8.4378681 -7.9196310 18.3196831 0.4791946 -0.4015519 0.2372081 0.7435462
1740548036.459702 -8.4485064 -7.9708438 18.3411503 0.4805610 -0.4011928 0.2373770 0.7428039
1740548036.556303 -8.4579725 -8.0235519 18.3645821 0.4801835 -0.4010722 0.2376797 0.7430164
1740548036.667086 -8.4677563 -8.0736103 18.3890114 0.4802749 -0.4004824 0.2371573 0.7434422
1740548036.766157 -8.4741201 -8.0908623 18.4007416 0.4822831 -0.3994857 0.2341008 0.7436472
1740548036.863554 -8.4744377 -8.1122284 18.4104424 0.4831930 -0.3994064 0.2352273 0.7427430
1740548036.966125 -8.4766388 -8.1327438 18.4219322 0.4833630 -0.3985330 0.2366762 0.7426414
1740548037.062954 -8.4745646 -8.1463718 18.4242668 0.4828732 -0.3983144 0.2384523 0.7425090
1740548037.170920 -8.4770308 -8.1597672 18.4258461 0.4822835 -0.3973451 0.2374395 0.7437352
1740548037.269391 -8.4771128 -8.1612911 18.4284611 0.4833626 -0.3968036 0.2367570 0.7435413
1740548037.368987 -8.4802980 -8.1665401 18.4322815 0.4837984 -0.3958704 0.2365563 0.7438192
1740548037.478548 -8.4753990 -8.1829224 18.4382057 0.4812929 -0.3977497 0.2358739 0.7446582
1740548037.576703 -8.4773254 -8.1924143 18.4464016 0.4808523 -0.3966303 0.2335186 0.7462804
1740548037.680521 -8.4805336 -8.2098751 18.4522362 0.4797472 -0.3966780 0.2330669 0.7471071
1740548037.777466 -8.4812498 -8.2182293 18.4573326 0.4789500 -0.3973603 0.2330269 0.7472684
1740548037.879261 -8.4851360 -8.2239504 18.4593773 0.4782880 -0.3963496 0.2334491 0.7480971
1740548037.979032 -8.4888115 -8.2363997 18.4627457 0.4759833 -0.3962726 0.2332848 0.7496573
1740548038.078779 -8.4892673 -8.2386951 18.4645500 0.4746850 -0.3958380 0.2320880 0.7510803
1740548038.180258 -8.4904575 -8.2419100 18.4654388 0.4738772 -0.3958550 0.2333303 0.7511965
1740548038.279096 -8.4931145 -8.2530956 18.4609642 0.4712909 -0.3944774 0.2316902 0.7540505
1740548038.391321 -8.4960794 -8.2621574 18.4685154 0.4677546 -0.3962731 0.2334342 0.7547727
1740548038.487026 -8.4985771 -8.2726545 18.4785805 0.4666716 -0.3982903 0.2337525 0.7542826
1740548038.584915 -8.4991817 -8.2803497 18.4786873 0.4650541 -0.3977735 0.2317808 0.7561605
1740548038.694895 -8.5030937 -8.2793398 18.4782906 0.4636007 -0.3966367 0.2322410 0.7575076
1740548038.791423 -8.5116673 -8.2934055 18.4834232 0.4614755 -0.3966155 0.2324101 0.7587636
1740548038.900032 -8.5105925 -8.3031387 18.4890518 0.4583845 -0.3968651 0.2312529 0.7608573
1740548038.998017 -8.5109100 -8.3109512 18.4941292 0.4568034 -0.3973078 0.2309368 0.7616727
1740548039.093607 -8.5082722 -8.3147411 18.4976578 0.4544045 -0.3981270 0.2307063 0.7627490
1740548039.198099 -8.5078125 -8.3247662 18.5018463 0.4511372 -0.3995007 0.2319626 0.7635888
1740548039.297035 -8.4998932 -8.3298616 18.5017929 0.4485338 -0.4012344 0.2308501 0.7645499
1740548039.401885 -8.5000629 -8.3307848 18.5015602 0.4469346 -0.4002455 0.2299388 0.7662775
1740548039.510274 -8.4955254 -8.3435516 18.5100250 0.4445929 -0.4018376 0.2303126 0.7666941
1740548039.610052 -8.4983234 -8.3555098 18.5085087 0.4412398 -0.4003915 0.2312500 0.7691017
1740548039.715682 -8.5020008 -8.3609877 18.5113850 0.4418714 -0.3989259 0.2309401 0.7695938
1740548039.816673 -8.5021210 -8.3683453 18.5121441 0.4393882 -0.3971095 0.2313469 0.7718294
1740548039.927711 -8.5049334 -8.3739166 18.5133514 0.4385708 -0.3962460 0.2330634 0.7722217
1740548040.030020 -8.5042315 -8.3806381 18.5136890 0.4360768 -0.3940448 0.2322947 0.7749871
1740548040.132509 -8.5027866 -8.3902454 18.5201378 0.4356196 -0.3949557 0.2329193 0.7745929
1740548040.244445 -8.4999132 -8.3933640 18.5202236 0.4330033 -0.3943714 0.2315070 0.7767779
1740548040.344569 -8.4946442 -8.3935795 18.5204983 0.4323869 -0.3949590 0.2303488 0.7771669
1740548040.450850 -8.4965181 -8.3988981 18.5276089 0.4320950 -0.3940215 0.2315495 0.7774483
1740548040.551077 -8.4931116 -8.4064484 18.5292320 0.4295947 -0.3929546 0.2309729 0.7795425
1740548040.656373 -8.4916840 -8.4122972 18.5335884 0.4287017 -0.3928221 0.2303582 0.7802826
1740548040.761437 -8.4929428 -8.4195194 18.5381050 0.4280187 -0.3913216 0.2292430 0.7817385
1740548040.857623 -8.4918480 -8.4251881 18.5409775 0.4261342 -0.3905066 0.2306417 0.7827635
1740548040.963748 -8.4924164 -8.4342794 18.5439816 0.4220713 -0.3886337 0.2336336 0.7850064
1740548041.065830 -8.4882984 -8.4391384 18.5481110 0.4212502 -0.3885527 0.2328934 0.7857071
1740548041.166958 -8.4852715 -8.4501429 18.5563202 0.4186008 -0.3919576 0.2308607 0.7860318
1740548041.266115 -8.4809313 -8.4631319 18.5591660 0.4140270 -0.3945858 0.2272319 0.7881938
1740548041.363262 -8.4756279 -8.4817123 18.5669632 0.4095202 -0.3960214 0.2236428 0.7908503
1740548041.470380 -8.4721937 -8.4888096 18.5714035 0.4045188 -0.3978629 0.2208750 0.7932742
1740548041.569875 -8.4674034 -8.4975300 18.5745010 0.4023997 -0.4007497 0.2172094 0.7939107
1740548041.678534 -8.4547539 -8.5278177 18.5949783 0.3998105 -0.4052899 0.2164118 0.7931315
1740548041.775357 -8.4436779 -8.5794907 18.6004753 0.3943070 -0.4063694 0.2136350 0.7960817
1740548041.873362 -8.4362297 -8.6120872 18.6223297 0.3904512 -0.4097466 0.2110812 0.7969319
1740548041.978117 -8.4279594 -8.6728220 18.6549606 0.3874872 -0.4107437 0.2088278 0.7984575
1740548042.078152 -8.4497375 -8.7258520 18.6749878 0.3851471 -0.4101779 0.2082347 0.8000337
1740548042.186701 -8.4737902 -8.7747030 18.6841106 0.3818769 -0.4099940 0.2078220 0.8018011
1740548042.288517 -8.5005846 -8.8313742 18.7065239 0.3801802 -0.4094504 0.2080287 0.8028309
1740548042.406156 -8.5365067 -8.8851500 18.7375774 0.3787929 -0.4084141 0.2081041 0.8039941
1740548042.504280 -8.5661926 -8.9289560 18.7770290 0.3780060 -0.4074166 0.2073018 0.8050771
1740548042.601867 -8.5858650 -8.9867105 18.8136940 0.3761853 -0.4071138 0.2070160 0.8061559
1740548042.816742 -8.6580505 -9.0959053 18.8629036 0.3728532 -0.4044218 0.2076430 0.8088930
1740548042.921087 -8.6899309 -9.1485796 18.8915462 0.3710885 -0.4030088 0.2082447 0.8102539
1740548043.119848 -8.7586899 -9.2523088 18.9487419 0.3676485 -0.4000973 0.2087487 0.8131302
1740548043.223449 -8.7870817 -9.3071623 18.9800415 0.3657468 -0.3983882 0.2089286 0.8147790
1740548043.431121 -8.8590431 -9.4108591 19.0185833 0.3604126 -0.3945682 0.2097448 0.8187954
1740548043.534586 -8.8940601 -9.4653454 19.0584297 0.3589878 -0.3919972 0.2102384 0.8205277
1740548043.635529 -8.9269390 -9.5136585 19.0935574 0.3572111 -0.3898397 0.2110754 0.8221146
1740548043.840772 -8.9968004 -9.6177874 19.1566944 0.3524197 -0.3841481 0.2124951 0.8264844
1740548044.049364 -9.0650549 -9.7128630 19.2318649 0.3477973 -0.3781176 0.2143353 0.8307373
1740548044.162919 -9.0939770 -9.7561178 19.2743759 0.3456357 -0.3751673 0.2146196 0.8329009
1740548044.363020 -9.1655331 -9.8566818 19.3423443 0.3410643 -0.3671814 0.2176884 0.8375349
1740548044.472881 -9.1844482 -9.9104891 19.3869286 0.3391769 -0.3632836 0.2182468 0.8398526
1740548044.575484 -9.2146683 -9.9584103 19.4300499 0.3375229 -0.3596995 0.2196864 0.8416843
1740548044.795885 -9.2768021 -10.0602779 19.4993343 0.3334793 -0.3516617 0.2225371 0.8459331
1740548044.910799 -9.3037701 -10.1066103 19.5467091 0.3323324 -0.3478827 0.2240142 0.8475556
1740548045.012011 -9.3356409 -10.1542349 19.5848560 0.3306260 -0.3433948 0.2255703 0.8496379
1740548045.116433 -9.3623810 -10.2027521 19.6197357 0.3289165 -0.3393938 0.2268319 0.8515710
1740548045.329229 -9.4120455 -10.2953930 19.7047348 0.3271036 -0.3321782 0.2299114 0.8542843
1740548045.441333 -9.4412394 -10.3457747 19.7441845 0.3263801 -0.3277867 0.2315400 0.8558161
1740548045.548828 -9.4484978 -10.3772783 19.7729053 0.3242408 -0.3254566 0.2325990 0.8572302
1740548045.663579 -9.4819803 -10.4376202 19.8275032 0.3252652 -0.3205327 0.2346257 0.8581446
1740548045.764725 -9.4879990 -10.4861202 19.8725739 0.3248223 -0.3179269 0.2359047 0.8589307
1740548045.868130 -9.5075865 -10.5240231 19.9198112 0.3250305 -0.3148474 0.2371255 0.8596498
1740548045.976139 -9.5315456 -10.5757561 19.9723587 0.3265000 -0.3110998 0.2382423 0.8601484
1740548046.090730 -9.5666208 -10.6258974 20.0161209 0.3279320 -0.3070433 0.2408111 0.8603459
1740548046.204815 -9.5812044 -10.6627359 20.0461960 0.3282695 -0.3047081 0.2423263 0.8606219
1740548046.418651 -9.6290255 -10.7711458 20.1301041 0.3317237 -0.2974402 0.2460274 0.8607899
1740548046.525631 -9.6507158 -10.8195362 20.1732101 0.3342946 -0.2946180 0.2479486 0.8602144
1740548046.632377 -9.6783810 -10.8686094 20.2301483 0.3392020 -0.2896081 0.2499902 0.8594034
1740548046.741895 -9.6789131 -10.9100437 20.2680225 0.3412690 -0.2880701 0.2515719 0.8586400
1740548046.850448 -9.6948071 -10.9632072 20.3079453 0.3447524 -0.2844134 0.2542734 0.8576711
1740548046.956197 -9.7287874 -11.0212021 20.3488007 0.3500086 -0.2795534 0.2571195 0.8562905
1740548047.062257 -9.7439976 -11.0771656 20.3815060 0.3536433 -0.2769204 0.2597407 0.8548604
1740548047.169578 -9.7573376 -11.1337280 20.3909531 0.3557369 -0.2733765 0.2630363 0.8541244
1740548047.278351 -9.7865582 -11.1856499 20.4324455 0.3628813 -0.2689224 0.2665035 0.8514539
1740548047.381309 -9.8162642 -11.2342138 20.4772682 0.3694518 -0.2643355 0.2690739 0.8492534
1740548047.490463 -9.8518724 -11.2842798 20.5042553 0.3759893 -0.2601267 0.2728761 0.8464661
1740548047.598594 -9.8749113 -11.3384819 20.5457458 0.3834092 -0.2554635 0.2762981 0.8434424
1740548047.710334 -9.8719320 -11.3954372 20.5866375 0.3911441 -0.2509953 0.2791878 0.8402749
1740548047.816936 -9.8652611 -11.4510374 20.6209869 0.3988373 -0.2471553 0.2827905 0.8365840
1740548047.929822 -9.8578796 -11.5156994 20.6510582 0.4069546 -0.2420892 0.2862646 0.8329666
1740548048.032335 -9.8411856 -11.5763302 20.6827698 0.4151114 -0.2378720 0.2894425 0.8290491
1740548048.135411 -9.8368988 -11.6408453 20.7096272 0.4240527 -0.2329358 0.2927245 0.8247622
1740548048.246845 -9.8281841 -11.7012672 20.7313309 0.4322734 -0.2288716 0.2956499 0.8205783
1740548048.352429 -9.8186970 -11.7705126 20.7544212 0.4407146 -0.2246526 0.2989294 0.8160534
1740548048.475576 -9.8164454 -11.8368444 20.7753887 0.4490190 -0.2201572 0.3019510 0.8116270
1740548048.584310 -9.8005838 -11.8960257 20.8027802 0.4564604 -0.2177204 0.3032068 0.8076555
1740548048.801798 -9.7860794 -12.0229530 20.8535767 0.4722473 -0.2112697 0.3079833 0.7984322
1740548048.918460 -9.7871456 -12.0799332 20.8837433 0.4801027 -0.2082487 0.3098269 0.7938143
1740548049.022009 -9.7916336 -12.1499310 20.9052124 0.4867198 -0.2046141 0.3124954 0.7896731
1740548049.129840 -9.7874546 -12.2131338 20.9345341 0.4932073 -0.2018232 0.3139958 0.7857611
1740548049.239591 -9.7792597 -12.2711830 20.9534302 0.4983908 -0.1996578 0.3151673 0.7825682
1740548049.348470 -9.7812700 -12.3301868 20.9789619 0.5043842 -0.1976672 0.3164962 0.7786877
1740548049.459309 -9.7607307 -12.3927841 21.0009499 0.5090564 -0.1973971 0.3169464 0.7755262
1740548049.568345 -9.7578278 -12.4619751 21.0211411 0.5146579 -0.1953644 0.3180959 0.7718647
1740548049.685769 -9.7538052 -12.5180779 21.0337048 0.5194169 -0.1935781 0.3193403 0.7686061
1740548049.792955 -9.7502823 -12.5840473 21.0626755 0.5254348 -0.1913999 0.3202388 0.7646774
1740548049.904078 -9.7429676 -12.6457520 21.0809441 0.5295545 -0.1902436 0.3208205 0.7618750
1740548050.020343 -9.7416544 -12.7141857 21.1033478 0.5343726 -0.1878106 0.3226507 0.7583334
1740548050.123195 -9.7295465 -12.7812557 21.1317291 0.5390639 -0.1869261 0.3231688 0.7550038
1740548050.232904 -9.7210445 -12.8440619 21.1543427 0.5437311 -0.1851897 0.3237848 0.7518142
1740548050.334572 -9.7149534 -12.9139328 21.1718636 0.5477483 -0.1835373 0.3250960 0.7487313
1740548050.447549 -9.7024336 -12.9803524 21.1876354 0.5516425 -0.1816658 0.3261588 0.7458610
1740548050.550619 -9.6922474 -13.0465965 21.2078495 0.5557315 -0.1799358 0.3269535 0.7428910
1740548050.763646 -9.6707811 -13.1821918 21.2396088 0.5630521 -0.1760968 0.3293498 0.7372184
1740548050.977226 -9.6519699 -13.3155270 21.2764149 0.5706983 -0.1717810 0.3310244 0.7315856
1740548051.186016 -9.6279678 -13.4484930 21.3068886 0.5774617 -0.1676492 0.3337008 0.7259996
1740548051.389086 -9.5953321 -13.5798302 21.3329067 0.5832384 -0.1634893 0.3357076 0.7213907
1740548051.594834 -9.5710106 -13.7158928 21.3657818 0.5894696 -0.1590687 0.3386686 0.7159095
1740548051.704157 -9.5551605 -13.7808399 21.3773537 0.5921240 -0.1572519 0.3399415 0.7135130
1740548051.805704 -9.5396786 -13.8459282 21.3913307 0.5944753 -0.1546391 0.3412292 0.7115115
1740548052.012789 -9.5080843 -13.9799938 21.4191780 0.5989788 -0.1500766 0.3439541 0.7073874
1740548052.316328 -9.4563723 -14.1767130 21.4572964 0.6036956 -0.1432333 0.3481688 0.7027192
1740548052.625973 -9.4007206 -14.3660851 21.4962997 0.6054826 -0.1377123 0.3529284 0.6999055
1740548052.832741 -9.3573990 -14.5052748 21.5266476 0.6066253 -0.1315713 0.3565466 0.6982616
1740548053.331205 -9.2497549 -14.8244839 21.6060963 0.6037763 -0.1219267 0.3643471 0.6984550
1740548053.626482 -9.1932735 -15.0230074 21.6602840 0.5995922 -0.1157608 0.3692965 0.7005060
1740548053.934396 -9.1201458 -15.2089386 21.7198067 0.5934931 -0.1113248 0.3742882 0.7037621
1740548054.235651 -9.0830498 -15.4061470 21.7718887 0.5867935 -0.1051920 0.3803108 0.7070867
1740548054.623847 -8.9897537 -15.6469631 21.8672638 0.5765585 -0.0975069 0.3880786 0.7123677
1740548054.935671 -8.9168262 -15.8267765 21.9387054 0.5680883 -0.0909235 0.3944170 0.7165500
1740548055.235049 -8.8167620 -15.9827003 22.0253067 0.5584649 -0.0857203 0.3999831 0.7216527
1740548055.439535 -8.7563019 -16.0967503 22.0821915 0.5519844 -0.0821611 0.4042469 0.7246705
1740548055.631403 -8.7365150 -16.2285042 22.1279716 0.5444600 -0.0784571 0.4083355 0.7284709
1740548055.937743 -8.6781006 -16.4110432 22.2161484 0.5332191 -0.0746330 0.4132817 0.7343743
1740548056.126194 -8.6343088 -16.5229588 22.2817078 0.5254267 -0.0717942 0.4166344 0.7383686
1740548056.324848 -8.5854244 -16.6319885 22.3483315 0.5158605 -0.0703091 0.4200460 0.7433074
1740548056.522901 -8.5336580 -16.7317657 22.4292240 0.5075595 -0.0692377 0.4226169 0.7476526
1740548056.818352 -8.4603100 -16.9029026 22.5311108 0.4928424 -0.0663717 0.4272262 0.7551019
1740548057.015149 -8.4181213 -17.0056648 22.6123695 0.4833052 -0.0655619 0.4296445 0.7599496
1740548057.218181 -8.3717232 -17.1054897 22.6973286 0.4728025 -0.0654822 0.4315828 0.7654452
1740548057.508525 -8.3022919 -17.2629509 22.8156242 0.4572345 -0.0668856 0.4341688 0.7732790
1740548057.805613 -8.2440586 -17.4083691 22.9558735 0.4424875 -0.0709807 0.4347843 0.7811077
1740548058.005635 -8.2087297 -17.4932499 23.0580063 0.4334618 -0.0758309 0.4334642 0.7864282
1740548058.298386 -8.1577473 -17.6386166 23.2060432 0.4192987 -0.0844045 0.4315941 0.7942235
1740548058.592729 -8.1309395 -17.7930908 23.3416595 0.4070005 -0.0948810 0.4281186 0.8012881
1740548058.798412 -8.1116247 -17.9026585 23.4306297 0.3989117 -0.1029354 0.4258633 0.8055522
1740548058.999341 -8.0996485 -18.0001698 23.5288467 0.3920406 -0.1113747 0.4228576 0.8093771
1740548059.293712 -8.0851603 -18.1525517 23.6732559 0.3825766 -0.1247620 0.4177285 0.8145996
1740548059.493703 -8.0848684 -18.2622471 23.7600269 0.3763968 -0.1316213 0.4154152 0.8175766
1740548059.802813 -8.0842857 -18.4139290 23.9093132 0.3688148 -0.1410835 0.4115726 0.8213885
1740548059.999651 -8.0843449 -18.5164528 24.0019341 0.3632779 -0.1464458 0.4092464 0.8240753
1740548060.305732 -8.0870504 -18.6739254 24.1433372 0.3540987 -0.1530286 0.4068221 0.8280653
1740548060.502917 -8.0972281 -18.7766838 24.2376289 0.3481606 -0.1565432 0.4056126 0.8305160
1740548060.802385 -8.0880632 -18.8968315 24.4018345 0.3402526 -0.1603801 0.4040756 0.8338041
1740548061.099326 -8.0590334 -19.0164986 24.5748863 0.3306360 -0.1650401 0.4022559 0.8376347
1740548061.399685 -8.0847015 -19.1689529 24.7107964 0.3220435 -0.1706680 0.4002971 0.8407870
1740548061.712029 -8.1141129 -19.3198700 24.8502960 0.3153861 -0.1776043 0.3971013 0.8433855
1740548062.023314 -8.1113453 -19.4264259 25.0342751 0.3094561 -0.1863390 0.3936052 0.8453341
1740548062.229974 -8.1198244 -19.5241165 25.1340408 0.3058292 -0.1935295 0.3910285 0.8462337
1740548062.537651 -8.1639881 -19.6650677 25.2787762 0.3028644 -0.2043471 0.3862284 0.8469611
1740548062.853639 -8.2080536 -19.8212395 25.4147682 0.2984340 -0.2146267 0.3818723 0.8479658
1740548063.291927 -8.2772779 -20.0220127 25.5909920 0.2956125 -0.2277837 0.3762792 0.8480223
1740548063.707386 -8.3087196 -20.1893444 25.8099575 0.2904046 -0.2377845 0.3720952 0.8489222
1740548064.255660 -8.3660660 -20.4169483 26.0636139 0.2834757 -0.2475838 0.3671825 0.8506002
1740548064.871474 -8.4712582 -20.6885147 26.3513336 0.2718728 -0.2595006 0.3615870 0.8532289
1740548065.284163 -8.5438461 -20.8657303 26.5473976 0.2635207 -0.2677021 0.3573585 0.8550950
1740548065.684677 -8.6285000 -21.0396423 26.7466888 0.2528598 -0.2742992 0.3532373 0.8579308
1740548065.994375 -8.6998243 -21.1560669 26.9034004 0.2464555 -0.2783557 0.3501751 0.8597414
1740548066.384193 -8.8040209 -21.3249073 27.0972729 0.2375557 -0.2820930 0.3469347 0.8623382
1740548066.787626 -8.8973637 -21.4678688 27.3137360 0.2309870 -0.2851138 0.3440056 0.8643005
1740548067.082133 -8.9710617 -21.5928783 27.4705582 0.2271787 -0.2881940 0.3426465 0.8648279
1740548067.470055 -9.0468712 -21.7537384 27.6822853 0.2230523 -0.2932082 0.3391385 0.8655991
1740548067.775458 -9.1336632 -21.8623009 27.8547287 0.2244003 -0.2995490 0.3395980 0.8628952
1740548068.075804 -9.1068583 -21.9074097 27.9513474 0.2230255 -0.3134520 0.3363964 0.8595609
1740548068.374705 -9.1229773 -21.9606304 28.0634537 0.2275533 -0.3260486 0.3322517 0.8552898
1740548068.672768 -9.2024450 -21.9911194 28.2191925 0.2370307 -0.3380542 0.3312206 0.8484272
1740548068.874456 -9.1946640 -22.0728302 28.2922802 0.2382956 -0.3490191 0.3267421 0.8453642
1740548069.076572 -9.2554970 -22.1361961 28.3775749 0.2424201 -0.3541203 0.3247728 0.8428250
1740548069.377296 -9.2817631 -22.2085724 28.5194569 0.2480298 -0.3695277 0.3207211 0.8361031
1740548069.580907 -9.3011570 -22.2635727 28.5347977 0.2462709 -0.3752954 0.3240388 0.8327682
1740548069.785180 -9.3383694 -22.2814064 28.6476097 0.2539901 -0.3846472 0.3218191 0.8270236
1740548069.988745 -9.3625937 -22.3149185 28.7378464 0.2558917 -0.3969829 0.3243853 0.8195720
1740548070.184430 -9.3784046 -22.3356857 28.8125401 0.2591006 -0.4035515 0.3227044 0.8160116
1740548070.382823 -9.3826075 -22.4068336 28.8154602 0.2577755 -0.4079906 0.3221529 0.8144402
1740548070.585839 -9.3626137 -22.4080200 28.9018250 0.2633659 -0.4196209 0.3188037 0.8080352
1740548070.681518 -9.3636627 -22.4106808 28.9386921 0.2648284 -0.4237778 0.3185714 0.8054754
1740548070.787394 -9.3620548 -22.4092827 28.9640579 0.2671838 -0.4279759 0.3175443 0.8028792
1740548070.884066 -9.3749886 -22.4236774 28.9882088 0.2672094 -0.4316765 0.3166672 0.8012343
1740548070.986758 -9.3389702 -22.4476185 29.0233536 0.2654616 -0.4397389 0.3146213 0.7982313
1740548071.087898 -9.3445892 -22.4376183 29.0295963 0.2682757 -0.4424653 0.3139620 0.7960405
1740548071.290075 -9.3104248 -22.4819698 29.0311775 0.2648431 -0.4509849 0.3101909 0.7938843
1740548071.387319 -9.2879257 -22.5042572 29.0456390 0.2617531 -0.4565731 0.3080920 0.7925311
1740548071.590113 -9.2693729 -22.5139656 29.0572453 0.2615037 -0.4624843 0.3045138 0.7905665
1740548071.790013 -9.2804651 -22.5244484 29.0259552 0.2614714 -0.4613630 0.3021867 0.7921237
1740548072.097846 -9.2753506 -22.5725784 28.9725418 0.2516088 -0.4651424 0.3014487 0.7933878
1740548072.308808 -9.3001184 -22.5841064 28.9212494 0.2480543 -0.4619038 0.3014168 0.7964057
1740548072.606737 -9.2548265 -22.6396484 28.9106102 0.2380501 -0.4646345 0.2978001 0.7992260
1740548072.810686 -9.1990490 -22.6806984 28.9365253 0.2279653 -0.4708665 0.2952620 0.7994604
1740548073.016689 -9.1823883 -22.6827698 28.9525795 0.2261496 -0.4740839 0.2927874 0.7989846
1740548073.216912 -9.1428032 -22.6787395 29.0046463 0.2233124 -0.4824533 0.2893054 0.7960356
1740548073.323858 -9.1221228 -22.6823940 29.0320244 0.2236579 -0.4864024 0.2866555 0.7944927
1740548073.530341 -9.1075420 -22.6908531 29.0323277 0.2201655 -0.4925475 0.2812136 0.7936265
1740548073.631077 -9.1017361 -22.6881981 29.0413017 0.2195322 -0.4978340 0.2794736 0.7911140
1740548073.738919 -9.0937338 -22.6830826 29.0561714 0.2195275 -0.5034789 0.2771542 0.7883542
1740548073.840238 -9.0764627 -22.6893539 29.0709953 0.2166876 -0.5095847 0.2739424 0.7863368
1740548073.940657 -9.0537910 -22.6975822 29.0743446 0.2126792 -0.5155422 0.2712872 0.7844660
1740548074.049839 -9.0465651 -22.6997910 29.0816231 0.2112797 -0.5219026 0.2687961 0.7814904
1740548074.152746 -9.0444918 -22.7026024 29.0749245 0.2101183 -0.5270179 0.2659983 0.7793249
1740548074.259197 -9.0297823 -22.6941795 29.0986748 0.2099843 -0.5367816 0.2644690 0.7731935
1740548074.356773 -9.0252733 -22.6929817 29.0960903 0.2087490 -0.5414548 0.2607599 0.7715276
1740548074.456504 -9.0188732 -22.6768723 29.1136436 0.2114613 -0.5485749 0.2585020 0.7665027
1740548074.564725 -8.9891853 -22.6893272 29.1232014 0.2084248 -0.5549138 0.2549189 0.7639674
1740548074.668947 -8.9670753 -22.7120323 29.1244049 0.2023770 -0.5616978 0.2513748 0.7618070
1740548074.776783 -8.9390182 -22.7161064 29.1421280 0.1998047 -0.5690085 0.2461245 0.7587689
1740548074.879692 -8.9277668 -22.7046623 29.1636963 0.1996388 -0.5762554 0.2428491 0.7543862
1740548074.984463 -8.9364948 -22.7253952 29.1115303 0.1954548 -0.5748312 0.2373113 0.7583205
1740548075.091737 -8.9520378 -22.7165375 29.0744133 0.1948339 -0.5740382 0.2363590 0.7593775
1740548075.193291 -8.9824953 -22.7003098 29.0300026 0.1928671 -0.5726749 0.2396851 0.7598663
1740548075.304379 -9.0048590 -22.6943970 28.9865208 0.1923194 -0.5701721 0.2403708 0.7616685
1740548075.403595 -9.0248318 -22.6968307 28.9356537 0.1903593 -0.5656222 0.2399253 0.7656832
1740548075.506280 -9.0476160 -22.6766281 28.9083462 0.1899500 -0.5622098 0.2436846 0.7671095
1740548075.608604 -9.0652609 -22.6599255 28.8894882 0.1906305 -0.5591656 0.2463412 0.7683163
1740548075.708832 -9.0822096 -22.6566219 28.8632088 0.1914859 -0.5543983 0.2474106 0.7712092
1740548075.817148 -9.0908737 -22.6648216 28.8441925 0.1900424 -0.5502303 0.2484091 0.7742243
1740548075.919727 -9.0987091 -22.6577950 28.8225937 0.1875174 -0.5437032 0.2532855 0.7778628
1740548076.026859 -9.1187973 -22.6502762 28.8161907 0.1886292 -0.5396221 0.2570444 0.7792017
1740548076.134083 -9.1341963 -22.6392746 28.8170013 0.1907988 -0.5360228 0.2611286 0.7797995
1740548076.242691 -9.1551189 -22.6312256 28.8352127 0.1970946 -0.5341552 0.2640065 0.7785451
1740548076.343989 -9.1891670 -22.6121101 28.8524208 0.2030329 -0.5320780 0.2701454 0.7763324
1740548076.446140 -9.1854935 -22.6215134 28.9040108 0.2075012 -0.5361928 0.2695245 0.7725264
1740548076.557113 -9.1959114 -22.6314888 28.9760284 0.2119571 -0.5429058 0.2686051 0.7669281
1740548076.658339 -9.1986475 -22.6446800 29.0135460 0.2130526 -0.5452198 0.2693752 0.7647097
1740548076.761345 -9.2251129 -22.6378517 29.0771790 0.2193964 -0.5497972 0.2706639 0.7591635
1740548076.865014 -9.2465496 -22.6669693 29.0942116 0.2188451 -0.5506133 0.2679996 0.7596763
1740548076.968782 -9.2596560 -22.7014828 29.1253719 0.2177475 -0.5534250 0.2649148 0.7590303
1740548077.073852 -9.2594442 -22.7199421 29.1768799 0.2196956 -0.5590914 0.2618003 0.7553881
1740548077.175024 -9.2669630 -22.7550774 29.2482262 0.2215728 -0.5674143 0.2588399 0.7496322
1740548077.283931 -9.3172407 -22.7771645 29.2921257 0.2269262 -0.5693350 0.2585543 0.7466671
1740548077.390707 -9.3718243 -22.7979088 29.3128262 0.2310957 -0.5692540 0.2576944 0.7457469
1740548077.495481 -9.3950911 -22.8251591 29.3467655 0.2311385 -0.5743831 0.2543860 0.7429312
1740548077.609108 -9.4531097 -22.8512421 29.3776970 0.2343414 -0.5752589 0.2540236 0.7413726
1740548077.709911 -9.4926596 -22.9136353 29.3919945 0.2322849 -0.5753223 0.2537589 0.7420610
1740548077.823680 -9.5480881 -22.9584274 29.3841953 0.2333026 -0.5729342 0.2535837 0.7436475
1740548077.925867 -9.5938034 -23.0006447 29.3923416 0.2344804 -0.5745442 0.2527092 0.7423314
1740548078.038879 -9.6450500 -23.0363007 29.4097576 0.2356199 -0.5763083 0.2511184 0.7411421
1740548078.142471 -9.6984272 -23.0873375 29.3977947 0.2341602 -0.5746597 0.2491963 0.7435297
1740548078.260962 -9.7597132 -23.1291733 29.3926964 0.2341218 -0.5742343 0.2501641 0.7435455
1740548078.361401 -9.8093681 -23.1706657 29.4039612 0.2356677 -0.5761631 0.2476550 0.7424042
1740548078.464980 -9.8629103 -23.2195015 29.3908386 0.2348966 -0.5766897 0.2469283 0.7424816
1740548078.574195 -9.9251852 -23.2549992 29.3972073 0.2375084 -0.5770825 0.2447852 0.7420551
1740548078.787567 -10.0157757 -23.3439140 29.4267597 0.2370549 -0.5830458 0.2403684 0.7389761
1740548078.892269 -10.0837698 -23.3702087 29.4319344 0.2417453 -0.5825943 0.2401284 0.7378899
1740548078.998592 -10.1640854 -23.4048767 29.4102955 0.2447745 -0.5790335 0.2415345 0.7392339
1740548079.108336 -10.2281122 -23.4522896 29.4004021 0.2453025 -0.5784063 0.2414573 0.7395750
1740548079.210317 -10.2434349 -23.5091438 29.3750992 0.2471168 -0.5829037 0.2411277 0.7355365
1740548079.325877 -10.2483463 -23.5777283 29.3123531 0.2483231 -0.5852770 0.2440134 0.7322868
1740548079.532809 -10.3435764 -23.6652336 29.3310757 0.2484067 -0.5898483 0.2401326 0.7298694
