1740547974.582521 0.0000000 0.0000000 0.0000000 -0.0000000 -0.0000000 -0.0000000 1.0000000
1740547974.788086 -0.0020947 -0.0053702 0.0555314 0.0000704 0.0002446 -0.0003923 0.9999999
1740547974.888044 -0.0056551 -0.0125566 0.1156713 -0.0000016 0.0001372 -0.0001932 1.0000000
1740547975.097748 -0.0018715 -0.0178864 0.1765316 0.0002022 -0.0002110 -0.0003656 0.9999999
1740547975.313673 -0.0045735 -0.0270496 0.2360994 0.0003069 -0.0001268 -0.0001217 0.9999999
1740547975.514024 -0.0026784 -0.0319762 0.2979887 0.0007172 -0.0002340 -0.0002851 0.9999997
1740547975.713244 -0.0042035 -0.0322048 0.3573805 0.0010317 -0.0002691 -0.0002985 0.9999994
1740547975.826655 -0.0008492 -0.0368132 0.4169909 0.0013956 -0.0006913 -0.0003751 0.9999987
1740547975.924316 0.0011035 -0.0432144 0.4779502 0.0020472 -0.0008365 -0.0001056 0.9999976
1740547976.023216 -0.0029052 -0.0144160 0.5377112 0.0046423 -0.0006573 -0.0001862 0.9999890
1740547976.120867 -0.0014027 -0.0186303 0.5955639 0.0058631 -0.0011193 -0.0004307 0.9999821
1740547976.233112 -0.0044917 -0.0135219 0.6581506 0.0079404 -0.0012871 -0.0001110 0.9999676
1740547976.331633 0.0035518 -0.0084889 0.7203591 0.0102913 -0.0021452 -0.0002263 0.9999447
1740547976.433170 -0.0095701 -0.0217726 0.7783564 0.0122219 -0.0020133 -0.0001973 0.9999233
1740547976.548169 -0.0096301 -0.0151615 0.8400485 0.0155280 -0.0024971 -0.0002812 0.9998763
1740547976.647677 -0.0125757 -0.0231991 0.9001807 0.0183012 -0.0031067 -0.0003302 0.9998277
1740547976.750120 -0.0025211 -0.0296658 0.9586794 0.0214175 -0.0043692 -0.0003510 0.9997610
1740547976.847612 -0.0066367 -0.0429555 1.0212532 0.0247569 -0.0048104 -0.0005259 0.9996818
1740547976.954771 -0.0163122 -0.0545625 1.0815389 0.0284357 -0.0048842 -0.0000712 0.9995837
1740547977.055351 -0.0190440 -0.0673035 1.1396880 0.0316521 -0.0054218 -0.0000989 0.9994843
1740547977.154514 -0.0194327 -0.0892127 1.1996673 0.0349504 -0.0065727 -0.0001598 0.9993674
1740547977.263496 -0.0189511 -0.0939132 1.2625204 0.0390204 -0.0074063 0.0001259 0.9992110
1740547977.364661 -0.0218821 -0.1188698 1.3187941 0.0419808 -0.0080559 -0.0002574 0.9990859
1740547977.465421 -0.0227231 -0.1258708 1.3803668 0.0461182 -0.0087462 -0.0001723 0.9988977
1740547977.563644 -0.0316726 -0.1494585 1.4377141 0.0492532 -0.0094439 -0.0000957 0.9987417
1740547977.662483 -0.0277631 -0.1531324 1.5002408 0.0525291 -0.0104915 -0.0003059 0.9985642
1740547977.764221 -0.0297585 -0.1634534 1.5588034 0.0559942 -0.0117787 -0.0000513 0.9983616
1740547977.864903 -0.0416251 -0.1720114 1.6221385 0.0591182 -0.0119313 -0.0001108 0.9981797
1740547977.966475 -0.0440101 -0.1815246 1.6770265 0.0612414 -0.0124662 -0.0002048 0.9980451
1740547978.065193 -0.0455161 -0.1873682 1.7299707 0.0630612 -0.0127107 -0.0002575 0.9979287
1740547978.163355 -0.0532551 -0.1983364 1.7812935 0.0646844 -0.0124868 -0.0005503 0.9978275
1740547978.263764 -0.0541050 -0.2045198 1.8433791 0.0667461 -0.0132655 0.0000048 0.9976819
1740547978.363937 -0.0628136 -0.2239475 1.8865663 0.0670242 -0.0132238 0.0001933 0.9976637
1740547978.471725 -0.0515710 -0.2457606 1.9428943 0.0678657 -0.0143864 -0.0000980 0.9975908
1740547978.570612 -0.0748990 -0.2620650 1.9979212 0.0685304 -0.0140985 0.0007730 0.9975491
1740547978.668160 -0.0773171 -0.2771367 2.0429699 0.0688528 -0.0135821 0.0006928 0.9975342
1740547978.770392 -0.0967844 -0.2950702 2.0931475 0.0694786 -0.0126154 0.0007932 0.9975033
1740547978.868716 -0.0972820 -0.3114096 2.1419828 0.0694820 -0.0125262 0.0011865 0.9975039
1740547978.979473 -0.0927044 -0.3292771 2.2007139 0.0701293 -0.0134172 0.0003987 0.9974476
1740547979.084276 -0.1060963 -0.3619675 2.2514956 0.0693052 -0.0131339 0.0003461 0.9975090
1740547979.190842 -0.1200541 -0.3826270 2.3028350 0.0684822 -0.0130540 0.0009236 0.9975665
1740547979.300414 -0.1401730 -0.3924623 2.3523164 0.0683890 -0.0122606 0.0014526 0.9975824
1740547979.407145 -0.1479948 -0.4181717 2.4116764 0.0680436 -0.0127116 0.0010711 0.9976008
1740547979.518246 -0.1621065 -0.4295478 2.4559057 0.0672063 -0.0120258 0.0008355 0.9976663
1740547979.625350 -0.1767250 -0.4378574 2.5060017 0.0672330 -0.0114153 0.0011130 0.9976714
1740547979.735773 -0.1929190 -0.4503059 2.5598807 0.0669583 -0.0118755 0.0016867 0.9976837
1740547979.835270 -0.1983712 -0.4645537 2.6058590 0.0665773 -0.0113669 0.0019436 0.9977146
1740547979.931677 -0.2055261 -0.4850468 2.6485736 0.0646555 -0.0107072 0.0015283 0.9978490
1740547980.047307 -0.2154411 -0.4967820 2.6829042 0.0632502 -0.0095870 0.0012208 0.9979509
1740547980.142809 -0.2038654 -0.5107266 2.7462666 0.0630188 -0.0103061 0.0007054 0.9979589
1740547980.248720 -0.2149597 -0.5313441 2.7998567 0.0605797 -0.0103966 0.0012131 0.9981085
1740547980.344197 -0.2305885 -0.5482453 2.8425884 0.0584102 -0.0085869 0.0013494 0.9982548
1740547980.445854 -0.2375319 -0.5721143 2.9008937 0.0563528 -0.0077380 0.0010699 0.9983804
1740547980.548210 -0.2431238 -0.5961485 2.9540453 0.0541915 -0.0072902 0.0003858 0.9985039
1740547980.647813 -0.2471931 -0.6173126 2.9999864 0.0512391 -0.0074886 0.0000975 0.9986584
1740547980.754170 -0.2634653 -0.6413940 3.0529699 0.0486660 -0.0060110 0.0005466 0.9987969
1740547980.851470 -0.2724395 -0.6593403 3.1204903 0.0473638 -0.0060889 0.0006742 0.9988589
1740547980.947389 -0.2813845 -0.6896939 3.1759732 0.0444348 -0.0052895 0.0005328 0.9989982
1740547981.046870 -0.2865303 -0.6963299 3.2462237 0.0425150 -0.0053510 0.0002900 0.9990815
1740547981.148510 -0.2988009 -0.7154728 3.3023810 0.0394220 -0.0043909 0.0003001 0.9992130
1740547981.255358 -0.3099705 -0.7183348 3.3667591 0.0374230 -0.0040319 0.0003105 0.9992914
1740547981.352456 -0.3181654 -0.7316328 3.4254129 0.0330468 -0.0029611 0.0002759 0.9994494
1740547981.448624 -0.3194944 -0.7562586 3.4845624 0.0286473 -0.0016175 -0.0009212 0.9995878
1740547981.549456 -0.3314396 -0.7417485 3.5493593 0.0263618 -0.0002151 -0.0010110 0.9996520
1740547981.648948 -0.3354487 -0.7431543 3.6055059 0.0224081 0.0016724 -0.0005324 0.9997474
1740547981.755465 -0.3442265 -0.7517590 3.6531005 0.0191644 0.0034150 -0.0015848 0.9998093
1740547981.852237 -0.3631378 -0.7415061 3.7075205 0.0162313 0.0066352 -0.0005229 0.9998461
1740547981.948092 -0.3811839 -0.7577004 3.7631061 0.0116938 0.0093966 -0.0013232 0.9998866
1740547982.047384 -0.3796747 -0.7522566 3.8211892 0.0077168 0.0110908 -0.0007917 0.9999084
1740547982.144024 -0.3628443 -0.7401984 3.8782775 0.0047555 0.0108602 -0.0012655 0.9999290
1740547982.248098 -0.3573377 -0.7432209 3.9340031 0.0009898 0.0124690 -0.0013029 0.9999210
1740547982.349115 -0.3643385 -0.7373841 3.9645157 -0.0012443 0.0148413 -0.0013523 0.9998882
1740547982.447092 -0.3727207 -0.7579218 4.0191674 -0.0063488 0.0169978 -0.0017492 0.9998339
1740547982.549321 -0.3818628 -0.7729938 4.0707350 -0.0109175 0.0185378 -0.0018503 0.9997668
1740547982.649600 -0.3852972 -0.7586836 4.0992393 -0.0108022 0.0191956 -0.0020410 0.9997553
1740547982.755796 -0.3963615 -0.7447739 4.1396766 -0.0118161 0.0226621 -0.0022048 0.9996709
1740547982.853211 -0.4042907 -0.7295224 4.1796293 -0.0145356 0.0252782 -0.0021415 0.9995725
1740547982.951895 -0.4141488 -0.7227610 4.2045007 -0.0145371 0.0284262 -0.0016847 0.9994888
1740547983.054748 -0.4194391 -0.7116175 4.2381258 -0.0156131 0.0307563 -0.0025202 0.9994018
1740547983.152468 -0.4248958 -0.7216922 4.2708669 -0.0181389 0.0321009 -0.0043875 0.9993104
1740547983.257956 -0.4273563 -0.7393294 4.3025184 -0.0225241 0.0337814 -0.0026103 0.9991720
1740547983.356576 -0.4330413 -0.7579646 4.3477287 -0.0258419 0.0348501 -0.0027312 0.9990547
1740547983.456425 -0.4479379 -0.7525883 4.3951745 -0.0267639 0.0367024 -0.0032620 0.9989625
1740547983.563467 -0.4577129 -0.7612392 4.4346838 -0.0291267 0.0395101 -0.0037537 0.9987875
1740547983.661005 -0.4704590 -0.7505284 4.4756398 -0.0293546 0.0433158 -0.0032853 0.9986247
1740547983.763599 -0.4809766 -0.7649943 4.5248885 -0.0316024 0.0454069 -0.0041681 0.9984599
1740547983.868420 -0.4870689 -0.7594262 4.5455003 -0.0303969 0.0468633 -0.0048713 0.9984269
1740547983.977420 -0.4672158 -0.7527636 4.5616398 -0.0292091 0.0433071 -0.0051320 0.9986215
1740547984.076467 -0.4652045 -0.7539871 4.6036706 -0.0298492 0.0434353 -0.0047926 0.9985988
1740547984.176035 -0.4689995 -0.7301081 4.6452413 -0.0275280 0.0457886 -0.0054431 0.9985570
1740547984.281766 -0.4424512 -0.7279505 4.6885490 -0.0265221 0.0438628 -0.0057708 0.9986688
1740547984.378894 -0.4109904 -0.7340986 4.7194867 -0.0269972 0.0409852 -0.0031621 0.9987900
1740547984.487674 -0.3902540 -0.7289171 4.7466168 -0.0258918 0.0395141 -0.0023018 0.9988809
1740547984.598597 -0.3695455 -0.7429756 4.7987237 -0.0276555 0.0378641 -0.0024572 0.9988971
1740547984.702304 -0.3788955 -0.7457786 4.8592186 -0.0274005 0.0387869 -0.0025985 0.9988684
1740547984.804391 -0.3708974 -0.7517690 4.9086003 -0.0293474 0.0388791 -0.0031201 0.9988080
1740547984.903543 -0.3672153 -0.7510044 4.9448447 -0.0290554 0.0379749 -0.0018637 0.9988545
1740547985.016929 -0.3805165 -0.7598594 4.9920974 -0.0296639 0.0398961 -0.0028745 0.9987593
1740547985.116562 -0.3857384 -0.7572480 5.0494437 -0.0291516 0.0408452 -0.0033029 0.9987347
1740547985.218591 -0.3818301 -0.7598661 5.0941210 -0.0298775 0.0407046 -0.0036869 0.9987176
1740547985.321838 -0.3599046 -0.7663652 5.1288767 -0.0298443 0.0385353 -0.0026944 0.9988078
1740547985.420988 -0.3390690 -0.7688627 5.1561651 -0.0295799 0.0356070 -0.0021464 0.9989257
1740547985.529205 -0.3340704 -0.7728347 5.1963663 -0.0296647 0.0366346 -0.0027110 0.9988847
1740547985.626669 -0.3521766 -0.7567033 5.2340689 -0.0286023 0.0395464 -0.0021988 0.9988059
1740547985.732929 -0.3352108 -0.7524507 5.2656174 -0.0269717 0.0381208 -0.0027680 0.9989052
1740547985.832667 -0.3093082 -0.7477468 5.2917972 -0.0262268 0.0354522 -0.0029408 0.9990228
1740547985.932586 -0.2755040 -0.7286530 5.3216162 -0.0231994 0.0341701 -0.0013243 0.9991459
1740547986.036423 -0.2555059 -0.7310243 5.3864737 -0.0236485 0.0342895 -0.0015254 0.9991310
1740547986.134586 -0.2480678 -0.7495224 5.4407334 -0.0257239 0.0350386 -0.0017024 0.9990534
1740547986.239875 -0.2230761 -0.7387075 5.4730296 -0.0254628 0.0351100 -0.0022011 0.9990566
1740547986.340488 -0.2060512 -0.7342355 5.5275588 -0.0248377 0.0352111 -0.0031640 0.9990662
1740547986.439480 -0.2058386 -0.7281944 5.5855746 -0.0259327 0.0363832 -0.0032504 0.9989961
1740547986.555275 -0.2083187 -0.7258542 5.6351991 -0.0253092 0.0378340 -0.0032134 0.9989583
1740547986.655567 -0.1760949 -0.7319489 5.6764369 -0.0269867 0.0368826 -0.0034818 0.9989491
1740547986.763584 -0.1548887 -0.7175937 5.7240224 -0.0264771 0.0375717 -0.0037988 0.9989359
1740547986.865255 -0.1621054 -0.7236250 5.7803245 -0.0275032 0.0406928 -0.0036249 0.9987866
1740547986.962714 -0.1659747 -0.7419312 5.8266892 -0.0292023 0.0424613 -0.0030458 0.9986666
1740547987.067261 -0.1507883 -0.7464517 5.8598619 -0.0304479 0.0423200 -0.0023798 0.9986372
1740547987.166848 -0.1252945 -0.7352978 5.8877249 -0.0316578 0.0417475 -0.0032673 0.9986212
1740547987.276631 -0.1031693 -0.7497603 5.9218988 -0.0343215 0.0401168 -0.0023801 0.9986026
1740547987.379915 -0.0752482 -0.7621310 5.9477420 -0.0380655 0.0374971 -0.0025821 0.9985682
1740547987.483166 -0.0543851 -0.7437577 5.9751534 -0.0373794 0.0351388 -0.0020885 0.9986810
1740547987.585959 -0.0514817 -0.7324547 6.0195093 -0.0372008 0.0353260 -0.0028425 0.9986792
1740547987.689571 -0.0274570 -0.7307783 6.0818157 -0.0397937 0.0350578 -0.0026542 0.9985892
1740547987.816180 -0.0165479 -0.7287350 6.0958300 -0.0425829 0.0333123 -0.0030607 0.9985328
1740547987.921348 0.0033740 -0.7293559 6.1180539 -0.0453317 0.0296889 -0.0032295 0.9985255
1740547988.034322 0.0189273 -0.7418463 6.1419663 -0.0498153 0.0253907 -0.0020766 0.9984335
1740547988.141525 0.0353489 -0.7423925 6.1959500 -0.0528494 0.0229976 -0.0022276 0.9983352
1740547988.254927 0.0538751 -0.7452029 6.2165532 -0.0562048 0.0181197 -0.0014158 0.9982539
1740547988.364674 0.0647863 -0.7462797 6.2476263 -0.0579454 0.0150062 -0.0021280 0.9982047
1740547988.473910 0.0733053 -0.7674815 6.2703037 -0.0637174 0.0117041 -0.0031917 0.9978943
1740547988.596574 0.0833471 -0.7804160 6.3012800 -0.0678414 0.0078687 -0.0025136 0.9976619
1740547988.700342 0.0986982 -0.7846563 6.3244839 -0.0705811 0.0023830 -0.0019116 0.9975014
1740547988.811912 0.1093976 -0.7887998 6.3477879 -0.0730433 -0.0031782 -0.0008076 0.9973234
1740547988.914580 0.1234693 -0.7885473 6.3553610 -0.0744945 -0.0090660 0.0009157 0.9971798
1740547989.018027 0.1420872 -0.7845089 6.3724799 -0.0755716 -0.0158859 0.0013417 0.9970129
1740547989.119086 0.1531312 -0.7857873 6.3737864 -0.0775318 -0.0211270 0.0018841 0.9967642
1740547989.219467 0.1620696 -0.7866665 6.3863277 -0.0779245 -0.0273258 0.0025961 0.9965813
1740547989.323582 0.1679752 -0.7929565 6.4045591 -0.0800131 -0.0330399 0.0032585 0.9962407
1740547989.423716 0.1782830 -0.7883017 6.4118576 -0.0784183 -0.0394274 0.0040317 0.9961324
1740547989.533775 0.1989126 -0.7872400 6.4215984 -0.0783761 -0.0455505 0.0053971 0.9958681
1740547989.633773 0.2189169 -0.7767624 6.4207010 -0.0771392 -0.0526390 0.0053759 0.9956153
1740547989.733829 0.2370192 -0.7655583 6.4269123 -0.0740558 -0.0585736 0.0053174 0.9955183
1740547989.842549 0.2513168 -0.7670840 6.4371896 -0.0739563 -0.0645907 0.0057072 0.9951512
1740547989.946035 0.2845613 -0.7827126 6.4510961 -0.0762160 -0.0717590 0.0053157 0.9944916
1740547990.054557 0.3080426 -0.7691745 6.4800372 -0.0754715 -0.0769823 0.0054756 0.9941568
1740547990.155224 0.3235137 -0.7718832 6.5020652 -0.0758980 -0.0826636 0.0047692 0.9936717
1740547990.261210 0.3418721 -0.7719696 6.5181437 -0.0758062 -0.0885641 0.0048528 0.9931698
1740547990.367810 0.3551400 -0.7596221 6.5362835 -0.0722602 -0.0927187 0.0046643 0.9930559
1740547990.466814 0.3679385 -0.7611828 6.5434594 -0.0725332 -0.0985495 0.0040677 0.9924769
1740547990.584608 0.3810515 -0.7615064 6.5508499 -0.0708876 -0.1044888 0.0034232 0.9919906
1740547990.689903 0.3947465 -0.7591560 6.5534730 -0.0688214 -0.1093691 0.0026440 0.9916124
1740547990.804907 0.4084487 -0.7481462 6.5578246 -0.0659230 -0.1148694 0.0026108 0.9911874
1740547990.917365 0.4199441 -0.7516360 6.5771589 -0.0662424 -0.1199249 0.0020787 0.9905683
1740547991.021926 0.4375630 -0.7416795 6.5823593 -0.0622503 -0.1251156 0.0020848 0.9901852
1740547991.127398 0.4497669 -0.7443618 6.5965691 -0.0628917 -0.1307667 0.0014871 0.9894152
1740547991.231457 0.4685087 -0.7408394 6.6083393 -0.0621090 -0.1366631 0.0009158 0.9886682
1740547991.340623 0.4912288 -0.7273789 6.6250625 -0.0594937 -0.1425890 0.0012853 0.9879915
1740547991.443055 0.5073624 -0.7231652 6.6385608 -0.0579157 -0.1484692 0.0010643 0.9872191
1740547991.552201 0.5239927 -0.7203261 6.6443715 -0.0563622 -0.1541056 0.0012521 0.9864447
1740547991.653238 0.5388182 -0.7247684 6.6476088 -0.0566152 -0.1610830 0.0014345 0.9853147
1740547991.760565 0.5564257 -0.7269741 6.6609111 -0.0563781 -0.1676158 0.0013181 0.9842381
1740547991.868750 0.5760455 -0.7210982 6.6712842 -0.0574097 -0.1742141 0.0012305 0.9830321
1740547991.967770 0.5854424 -0.7194849 6.6813045 -0.0562640 -0.1797517 0.0013582 0.9821008
1740547992.076700 0.5938389 -0.7164043 6.6872883 -0.0543402 -0.1851862 0.0014872 0.9811987
1740547992.185490 0.6081859 -0.7173226 6.7052655 -0.0556145 -0.1913508 0.0012473 0.9799441
1740547992.293104 0.6198676 -0.7175000 6.7145438 -0.0555952 -0.1973301 0.0003917 0.9787593
1740547992.402929 0.6336538 -0.7170174 6.7253509 -0.0562273 -0.2032355 0.0003018 0.9775140
1740547992.510330 0.6522951 -0.7172715 6.7297754 -0.0560360 -0.2099250 0.0002243 0.9761103
1740547992.619256 0.6623787 -0.7156130 6.7425065 -0.0559166 -0.2145948 0.0002861 0.9751012
1740547992.723260 0.6787676 -0.7287740 6.7470884 -0.0594974 -0.2217693 -0.0010887 0.9732817
1740547992.835552 0.6856069 -0.7219922 6.7636690 -0.0585086 -0.2264650 -0.0011410 0.9722598
1740547992.937698 0.6916374 -0.7240247 6.7701263 -0.0588874 -0.2294775 0.0001723 0.9715309
1740547993.050909 0.6984367 -0.7263744 6.7778931 -0.0604538 -0.2329802 -0.0003167 0.9706006
1740547993.154044 0.7093070 -0.7258660 6.7826037 -0.0613597 -0.2377853 -0.0000168 0.9693778
1740547993.263599 0.7259417 -0.7313730 6.7808309 -0.0639906 -0.2446910 -0.0000373 0.9674873
1740547993.369639 0.7323951 -0.7326227 6.7872519 -0.0659533 -0.2484802 -0.0005429 0.9663889
1740547993.475248 0.7398953 -0.7278248 6.7925448 -0.0645085 -0.2508790 -0.0008103 0.9658663
1740547993.584569 0.7385768 -0.7252109 6.7975216 -0.0628138 -0.2512478 -0.0002566 0.9658825
1740547993.690758 0.7392920 -0.7260057 6.7936606 -0.0612652 -0.2516032 0.0014061 0.9658884
1740547993.802691 0.7395980 -0.7297875 6.8027658 -0.0640658 -0.2539080 0.0005908 0.9651042
1740547993.907610 0.7318058 -0.7295923 6.8155484 -0.0642052 -0.2538188 -0.0007709 0.9651182
1740547994.019139 0.7295252 -0.7256206 6.8253536 -0.0632098 -0.2551088 -0.0026019 0.9648405
1740547994.125705 0.7258243 -0.7214882 6.8378611 -0.0645306 -0.2566991 -0.0040925 0.9643260
1740547994.233510 0.7209201 -0.7152710 6.8414559 -0.0619833 -0.2543641 -0.0054251 0.9651049
1740547994.345822 0.7177609 -0.7055324 6.8443027 -0.0574979 -0.2530793 -0.0041179 0.9657266
1740547994.468836 0.7178451 -0.6923633 6.8576641 -0.0533071 -0.2517956 -0.0022095 0.9663087
1740547994.579469 0.7150829 -0.6845427 6.8649459 -0.0490014 -0.2504135 0.0004233 0.9668980
1740547994.691683 0.7055513 -0.6853524 6.8842926 -0.0488290 -0.2482611 0.0005622 0.9674615
1740547994.803371 0.6897595 -0.6762668 6.9150162 -0.0476627 -0.2466404 0.0014987 0.9679331
1740547994.909507 0.6746894 -0.6676061 6.9543271 -0.0467223 -0.2457575 0.0016543 0.9682033
1740547995.021933 0.6649120 -0.6702843 6.9930182 -0.0483066 -0.2464269 0.0008040 0.9679564
1740547995.131753 0.6505122 -0.6626531 7.0250773 -0.0474839 -0.2457531 0.0009417 0.9681683
1740547995.238028 0.6311849 -0.6644176 7.0679498 -0.0483690 -0.2457241 0.0002557 0.9681323
1740547995.355663 0.6229689 -0.6657779 7.0992742 -0.0503279 -0.2470112 -0.0000908 0.9677048
1740547995.462696 0.6088995 -0.6615791 7.1382556 -0.0493934 -0.2465115 -0.0005657 0.9678802
1740547995.576788 0.5852104 -0.6628239 7.1881075 -0.0490995 -0.2472864 -0.0007383 0.9676974
1740547995.685066 0.5481877 -0.6789743 7.2393804 -0.0491250 -0.2484219 -0.0001260 0.9674055
1740547995.796081 0.4870167 -0.7248557 7.2805047 -0.0495286 -0.2479557 -0.0012620 0.9675037
1740547995.904079 0.4497474 -0.7323960 7.3037601 -0.0493652 -0.2469474 -0.0011589 0.9677700
1740547996.021399 0.4001405 -0.7304800 7.3477120 -0.0481521 -0.2473794 -0.0005349 0.9677213
1740547996.131244 0.3620763 -0.7302862 7.3800287 -0.0481937 -0.2471746 0.0004625 0.9677716
1740547996.244538 0.3225236 -0.7326193 7.4151869 -0.0471184 -0.2466946 0.0005200 0.9679470
1740547996.361283 0.2811171 -0.7511032 7.4641027 -0.0481471 -0.2479050 0.0000344 0.9675872
1740547996.473015 0.2477547 -0.7638823 7.5173216 -0.0485285 -0.2491812 0.0005584 0.9672401
1740547996.590500 0.2132844 -0.7635962 7.5600286 -0.0485346 -0.2492355 0.0007425 0.9672257
1740547996.703618 0.1731713 -0.7621863 7.5974474 -0.0490694 -0.2487447 0.0007805 0.9673250
1740547996.829299 0.1235557 -0.7877706 7.6402588 -0.0512706 -0.2488788 -0.0002194 0.9671766
1740547996.941931 0.0846064 -0.7850940 7.6827264 -0.0526983 -0.2486097 -0.0002263 0.9671691
1740547997.059235 0.0405098 -0.7825736 7.7187181 -0.0535613 -0.2476555 -0.0002264 0.9673665
1740547997.170092 -0.0055904 -0.7853742 7.7586946 -0.0568150 -0.2478555 -0.0012922 0.9671288
1740547997.287757 -0.0206067 -0.7610251 7.8037400 -0.0577502 -0.2473571 -0.0020408 0.9671997
1740547997.400923 -0.0550507 -0.7476723 7.8469934 -0.0610834 -0.2472541 -0.0027029 0.9670196
1740547997.520828 -0.0834856 -0.7372730 7.8874888 -0.0630396 -0.2464215 -0.0040126 0.9671021
1740547997.630293 -0.1216994 -0.7262613 7.9383688 -0.0658543 -0.2464176 -0.0048236 0.9669117
1740547997.749284 -0.1635313 -0.7231492 7.9838405 -0.0680054 -0.2457116 -0.0054963 0.9669389
1740547997.866112 -0.2055455 -0.7197254 8.0204897 -0.0697749 -0.2440112 -0.0061525 0.9672394
1740547997.977727 -0.2404971 -0.7213224 8.0675020 -0.0723466 -0.2435284 -0.0068873 0.9671673
1740547998.102754 -0.2898248 -0.7286775 8.1074505 -0.0748040 -0.2424721 -0.0077051 0.9672396
1740547998.212811 -0.3187795 -0.7189567 8.1525793 -0.0763335 -0.2414017 -0.0079297 0.9673859
1740547998.339789 -0.3655415 -0.7172244 8.1883888 -0.0771635 -0.2392287 -0.0087125 0.9678531
1740547998.451669 -0.4024531 -0.7208788 8.2261009 -0.0783385 -0.2376218 -0.0090904 0.9681510
1740547998.569566 -0.4412357 -0.7141623 8.2545872 -0.0787563 -0.2349143 -0.0093859 0.9687748
1740547998.680485 -0.4733922 -0.7308575 8.2883472 -0.0799915 -0.2326975 -0.0118290 0.9691818
1740547998.805271 -0.5260072 -0.7314927 8.3325758 -0.0791085 -0.2311909 -0.0125320 0.9696059
1740547998.918415 -0.5618572 -0.7264266 8.3625069 -0.0790115 -0.2292183 -0.0123662 0.9700841
1740547999.033907 -0.5987985 -0.7181387 8.3995018 -0.0782294 -0.2273586 -0.0122174 0.9705870
1740547999.146300 -0.6419823 -0.7192290 8.4365425 -0.0773029 -0.2255962 -0.0121825 0.9710727
1740547999.275470 -0.6806653 -0.7124588 8.4838085 -0.0752207 -0.2248863 -0.0120364 0.9714026
1740547999.388070 -0.7118310 -0.6988361 8.5282488 -0.0729894 -0.2242442 -0.0107129 0.9717368
1740547999.497271 -0.7402925 -0.6928272 8.5730028 -0.0702014 -0.2231527 -0.0106009 0.9721946
1740547999.618736 -0.7830487 -0.6854355 8.6005278 -0.0679310 -0.2210512 -0.0100466 0.9728416
1740547999.724085 -0.8128881 -0.6738145 8.6506453 -0.0653684 -0.2209364 -0.0091566 0.9730520
1740547999.846454 -0.8512669 -0.6697907 8.6945581 -0.0625206 -0.2203893 -0.0086974 0.9733674
1740547999.954009 -0.8952309 -0.6710953 8.7264452 -0.0603532 -0.2189246 -0.0085014 0.9738364
1740548000.069465 -0.9365901 -0.6637681 8.7700386 -0.0568259 -0.2182629 -0.0075944 0.9742045
1740548000.174171 -0.9666293 -0.6726280 8.8197432 -0.0545984 -0.2183448 -0.0067826 0.9743196
1740548000.288926 -0.9999665 -0.6680809 8.8728428 -0.0514521 -0.2185188 -0.0061948 0.9744557
1740548000.392905 -1.0311685 -0.6543664 8.9203768 -0.0478477 -0.2180410 -0.0050372 0.9747530
1740548000.499790 -1.0657488 -0.6553438 8.9514828 -0.0442740 -0.2162251 -0.0041494 0.9753304
1740548000.608550 -1.1090925 -0.6614879 9.0091238 -0.0406176 -0.2170047 -0.0032336 0.9753198
1740548000.717947 -1.1398656 -0.6635097 9.0689096 -0.0376198 -0.2179337 -0.0021754 0.9752358
1740548000.830059 -1.1749057 -0.6643861 9.1095762 -0.0343554 -0.2170444 -0.0014186 0.9755560
1740548000.938769 -1.2173347 -0.6670743 9.1539717 -0.0314465 -0.2162312 -0.0010616 0.9758351
1740548001.052338 -1.2405295 -0.6666688 9.2136936 -0.0286068 -0.2166619 -0.0004041 0.9758275
1740548001.163522 -1.2866205 -0.6632975 9.2528944 -0.0250317 -0.2146400 0.0002128 0.9763724
1740548001.288980 -1.3193761 -0.6658074 9.3021803 -0.0223730 -0.2136078 0.0008038 0.9766629
1740548001.390769 -1.3379898 -0.6590574 9.3696384 -0.0192660 -0.2139213 0.0016204 0.9766596
1740548001.495844 -1.3658726 -0.6604019 9.4227066 -0.0166721 -0.2133331 0.0023346 0.9768345
1740548001.605213 -1.4132264 -0.6624476 9.4550982 -0.0137124 -0.2104746 0.0028061 0.9774991
1740548001.712234 -1.4575940 -0.6479682 9.5031357 -0.0094862 -0.2086663 0.0039217 0.9779330
1740548001.827215 -1.4874694 -0.6501759 9.5596914 -0.0068079 -0.2076613 0.0048101 0.9781653
1740548001.936880 -1.5260669 -0.6596238 9.6150169 -0.0042054 -0.2063174 0.0047842 0.9784644
1740548002.051350 -1.5591550 -0.6661072 9.6679287 -0.0013222 -0.2048748 0.0046642 0.9787762
1740548002.160137 -1.5871675 -0.6589138 9.7165642 0.0017357 -0.2024062 0.0059957 0.9792818
1740548002.285165 -1.6275325 -0.6574314 9.7728300 0.0042041 -0.2007291 0.0064846 0.9796163
1740548002.397290 -1.6703044 -0.6691649 9.8151350 0.0065401 -0.1978058 0.0063855 0.9801986
1740548002.509094 -1.7006447 -0.6728590 9.8756227 0.0092797 -0.1963520 0.0072360 0.9804629
1740548002.626698 -1.7003701 -0.6806536 9.9464493 0.0114387 -0.1960929 0.0077096 0.9804884
1740548002.736961 -1.7341254 -0.6866375 10.0088663 0.0145599 -0.1947257 0.0082296 0.9807152
1740548002.858794 -1.7728865 -0.6910299 10.0643387 0.0173405 -0.1931198 0.0089967 0.9809807
1740548002.969733 -1.8043684 -0.7022365 10.1232138 0.0203202 -0.1918616 0.0099250 0.9811614
1740548003.088758 -1.8098286 -0.7139869 10.1962595 0.0223896 -0.1917709 0.0103262 0.9811300
1740548003.197341 -1.8377316 -0.7117431 10.2538900 0.0259050 -0.1910744 0.0105804 0.9811766
1740548003.323758 -1.8395425 -0.7268190 10.2884865 0.0283085 -0.1929114 0.0112577 0.9807432
1740548003.430854 -1.8439415 -0.7501627 10.3385324 0.0300681 -0.1941389 0.0120405 0.9804392
1740548003.547477 -1.8499718 -0.7501485 10.4039631 0.0332514 -0.1946346 0.0124011 0.9802336
1740548003.659311 -1.8684249 -0.7656469 10.4471092 0.0362021 -0.1964031 0.0132726 0.9797648
1740548003.773980 -1.8485579 -0.8031762 10.4909840 0.0369971 -0.1995691 0.0143947 0.9790792
1740548003.891583 -1.8670218 -0.8058888 10.5530252 0.0405579 -0.2008430 0.0149287 0.9786696
1740548004.004570 -1.8881516 -0.8157841 10.6106434 0.0437426 -0.2023106 0.0155082 0.9782211
1740548004.121570 -1.8938725 -0.8348819 10.6689625 0.0462861 -0.2046454 0.0166596 0.9775993
1740548004.227200 -1.8999952 -0.8675562 10.7168493 0.0482189 -0.2076046 0.0177999 0.9768615
1740548004.351175 -1.9148337 -0.8802027 10.7695074 0.0513218 -0.2099252 0.0186182 0.9761921
1740548004.458254 -1.9385000 -0.9032518 10.8107958 0.0537684 -0.2125963 0.0194432 0.9754659
1740548004.572280 -1.9454327 -0.9294267 10.8480244 0.0560984 -0.2165995 0.0201311 0.9744396
1740548004.681285 -1.9546435 -0.9350560 10.9047623 0.0603491 -0.2198942 0.0206268 0.9734368
1740548004.795472 -1.9742599 -0.9595602 10.9539480 0.0633653 -0.2229944 0.0215923 0.9725184
1740548004.908424 -1.9542955 -0.9857757 10.9831905 0.0654440 -0.2289638 0.0222495 0.9709777
1740548005.019714 -1.9559197 -1.0135400 11.0346546 0.0684786 -0.2330172 0.0234065 0.9697762
1740548005.135557 -1.9798679 -1.0137970 11.0881891 0.0727998 -0.2357084 0.0237676 0.9688018
1740548005.243056 -1.9942014 -1.0452201 11.1323156 0.0750000 -0.2394146 0.0248837 0.9676965
1740548005.357620 -1.9922832 -1.0674195 11.1700792 0.0777340 -0.2443677 0.0253427 0.9662296
1740548005.464971 -2.0184383 -1.0940576 11.2348747 0.0805152 -0.2464280 0.0263798 0.9654505
1740548005.579867 -2.0015976 -1.1186159 11.2718573 0.0821079 -0.2520419 0.0267196 0.9638565
1740548005.688198 -2.0242434 -1.1359353 11.3199615 0.0847270 -0.2549446 0.0273228 0.9628489
1740548005.802227 -2.0455797 -1.1472545 11.3665085 0.0872586 -0.2580010 0.0273763 0.9618066
1740548005.909116 -2.0659306 -1.1794348 11.4117537 0.0888463 -0.2609237 0.0286716 0.9608346
1740548006.022293 -2.0938787 -1.1963769 11.4668713 0.0906783 -0.2631921 0.0284167 0.9600520
1740548006.139979 -2.1037517 -1.2175958 11.5108376 0.0915385 -0.2667777 0.0283841 0.9589811
1740548006.243899 -2.1279023 -1.2402455 11.5602226 0.0917989 -0.2693740 0.0286525 0.9582222
1740548006.358154 -2.1214333 -1.2604817 11.5879440 0.0920269 -0.2743925 0.0284521 0.9567812
1740548006.465247 -2.1409578 -1.2740678 11.6228657 0.0918382 -0.2777114 0.0280803 0.9558523
1740548006.578997 -2.1674154 -1.3046044 11.6729488 0.0907207 -0.2797382 0.0284086 0.9553582
1740548006.688600 -2.1795278 -1.3204029 11.7214451 0.0895474 -0.2828243 0.0276224 0.9545830
1740548006.795505 -2.1968079 -1.3447334 11.7699728 0.0878711 -0.2856197 0.0275037 0.9539096
1740548006.906941 -2.2247815 -1.3543917 11.8119841 0.0863456 -0.2880132 0.0265274 0.9533567
1740548007.007263 -2.2138953 -1.3772335 11.8520479 0.0835856 -0.2930600 0.0255082 0.9520918
1740548007.111305 -2.2282832 -1.4056780 11.8955021 0.0802343 -0.2962653 0.0256820 0.9513831
1740548007.211621 -2.2531421 -1.4058653 11.9512691 0.0782044 -0.2987671 0.0245170 0.9508003
1740548007.320140 -2.2521896 -1.4300189 11.9854717 0.0743732 -0.3035651 0.0237285 0.9496072
1740548007.423039 -2.2695065 -1.4514219 12.0374928 0.0711808 -0.3069508 0.0236431 0.9487653
1740548007.540604 -2.3028784 -1.4624721 12.0907974 0.0681816 -0.3094323 0.0225028 0.9482071
1740548007.638870 -2.3189726 -1.4755421 12.1367264 0.0648717 -0.3136914 0.0217088 0.9470576
1740548007.739240 -2.3333318 -1.4810331 12.1884193 0.0627116 -0.3183369 0.0203805 0.9456816
1740548007.855410 -2.3615184 -1.4808956 12.2455435 0.0609573 -0.3224776 0.0193122 0.9444149
1740548007.958082 -2.3916903 -1.4911942 12.2992544 0.0591453 -0.3270051 0.0183393 0.9429916
1740548008.073580 -2.4284928 -1.4842248 12.3513470 0.0582900 -0.3316239 0.0173610 0.9414491
1740548008.175223 -2.4637578 -1.4947438 12.4017067 0.0569070 -0.3369955 0.0170211 0.9396307
1740548008.283878 -2.5070212 -1.4960935 12.4535341 0.0569644 -0.3425032 0.0166141 0.9376410
1740548008.391876 -2.5504806 -1.4909410 12.5085669 0.0577803 -0.3483411 0.0161366 0.9354462
1740548008.616378 -2.6564569 -1.4934156 12.6020317 0.0608019 -0.3604375 0.0167703 0.9306485
1740548008.721469 -2.7066386 -1.4946035 12.6535892 0.0636982 -0.3673708 0.0173751 0.9277281
1740548008.938342 -2.8106968 -1.5061517 12.7481146 0.0711764 -0.3816714 0.0193422 0.9213505
1740548009.474268 -3.0893238 -1.5737350 12.9414501 0.1029374 -0.4181673 0.0297211 0.9020292
1740548009.783451 -3.2695951 -1.6553130 13.0189381 0.1279920 -0.4371693 0.0390229 0.8893696
1740548009.890985 -3.3206580 -1.6865575 13.0537643 0.1371354 -0.4432303 0.0424690 0.8848373
1740548010.094483 -3.4374161 -1.7552125 13.1010637 0.1542884 -0.4526444 0.0494552 0.8768480
1740548010.194343 -3.4892395 -1.7852080 13.1335487 0.1630715 -0.4570705 0.0528439 0.8727553
1740548010.299460 -3.5366728 -1.8219630 13.1640015 0.1712230 -0.4611397 0.0563381 0.8688262
1740548010.405087 -3.5852661 -1.8618246 13.1972170 0.1786987 -0.4644882 0.0594416 0.8653232
1740548010.621740 -3.6838577 -1.9358981 13.2650566 0.1931583 -0.4700609 0.0652321 0.8587651
1740548010.821361 -3.7729950 -2.0165875 13.3334141 0.2048188 -0.4748001 0.0703233 0.8530350
1740548011.022489 -3.8716807 -2.0970316 13.3924484 0.2140239 -0.4778354 0.0738208 0.8487741
1740548011.337151 -4.0304089 -2.2083325 13.4725246 0.2225273 -0.4813465 0.0778053 0.8442355
1740548011.642124 -4.2029257 -2.2913156 13.5511160 0.2263180 -0.4840904 0.0788456 0.8415582
1740548011.845756 -4.3233953 -2.3323693 13.6060810 0.2273254 -0.4850847 0.0787429 0.8407233
1740548012.156919 -4.5091734 -2.4071212 13.6736975 0.2259021 -0.4845587 0.0784007 0.8414419
1740548012.470288 -4.6724010 -2.4989796 13.7689419 0.2237105 -0.4819350 0.0780238 0.8435666
1740548012.788270 -4.8170133 -2.6052616 13.8681889 0.2215368 -0.4778794 0.0784187 0.8464061
1740548013.512109 -5.1625571 -2.8412080 14.1245575 0.2181031 -0.4653833 0.0802561 0.8540541
1740548013.940893 -5.3811216 -2.9610353 14.2532930 0.2150629 -0.4613471 0.0803735 0.8569987
1740548014.451058 -5.6418633 -3.1115668 14.4269619 0.2103534 -0.4616143 0.0777750 0.8582626
1740548014.964555 -5.9216537 -3.2442319 14.5870390 0.2065446 -0.4655265 0.0742388 0.8573873
1740548015.382463 -6.1450825 -3.3596041 14.7128563 0.2033328 -0.4688420 0.0716021 0.8565723
1740548015.795430 -6.3541536 -3.4727211 14.8549843 0.2026614 -0.4723390 0.0701373 0.8549298
1740548016.312064 -6.6230640 -3.6286736 15.0213680 0.2031271 -0.4745435 0.0707536 0.8535466
1740548016.520861 -6.6817923 -3.7392368 15.0993176 0.2003189 -0.4778408 0.0727398 0.8522027
1740548016.734052 -6.7396817 -3.8356793 15.1655827 0.1979788 -0.4811482 0.0742144 0.8507602
1740548016.840491 -6.7607307 -3.8754234 15.1940365 0.1964139 -0.4829120 0.0742016 0.8501245
1740548016.941441 -6.7815404 -3.9127924 15.2207680 0.1953376 -0.4850041 0.0743787 0.8491656
1740548017.044730 -6.8071804 -3.9580765 15.2540598 0.1944106 -0.4856476 0.0738681 0.8490551
1740548017.151337 -6.8456073 -3.9856718 15.2989025 0.1955928 -0.4857039 0.0740670 0.8487340
1740548017.253955 -6.9072781 -4.0049186 15.3266497 0.1969132 -0.4841190 0.0746450 0.8492833
1740548017.361570 -6.9666834 -4.0311937 15.3564167 0.1987955 -0.4821495 0.0761528 0.8498311
1740548017.462385 -6.9999380 -4.0662470 15.3865557 0.1988733 -0.4813337 0.0761886 0.8502721
1740548017.573989 -7.0339994 -4.1042557 15.4234257 0.1995339 -0.4797068 0.0766497 0.8509950
1740548017.675967 -7.0837374 -4.1395769 15.4461346 0.2001808 -0.4769832 0.0780795 0.8522431
1740548017.778505 -7.1293049 -4.1574240 15.4874620 0.2017362 -0.4751660 0.0789908 0.8528073
1740548017.897936 -7.1649675 -4.1913180 15.5225067 0.2019307 -0.4732980 0.0805863 0.8536504
1740548018.001750 -7.2132406 -4.2184210 15.5603027 0.2041995 -0.4699377 0.0822433 0.8548083
1740548018.115668 -7.2517638 -4.2502012 15.5945110 0.2060832 -0.4668435 0.0846037 0.8558207
1740548018.218653 -7.2870302 -4.2728705 15.6176596 0.2078659 -0.4631431 0.0895991 0.8568910
1740548018.335479 -7.3314471 -4.3084507 15.6441803 0.2091182 -0.4584555 0.0912470 0.8589308
1740548018.435382 -7.3860450 -4.3265619 15.6805935 0.2115959 -0.4535077 0.0943201 0.8606170
1740548018.540029 -7.4110460 -4.3540936 15.7219400 0.2139949 -0.4508349 0.0969602 0.8611346
1740548018.649139 -7.4345264 -4.3954792 15.7592831 0.2165221 -0.4478787 0.1009535 0.8615865
1740548018.754028 -7.4586468 -4.4382749 15.7933292 0.2171588 -0.4443550 0.1037446 0.8629181
1740548018.866527 -7.4714003 -4.4421477 15.8022423 0.2217375 -0.4388123 0.1091619 0.8639212
1740548018.971162 -7.4730520 -4.4437990 15.8064499 0.2249706 -0.4364240 0.1134083 0.8637481
1740548019.091989 -7.4766250 -4.4502912 15.8131075 0.2276666 -0.4339079 0.1184325 0.8636351
1740548019.193204 -7.4806485 -4.4582028 15.8222809 0.2314803 -0.4312745 0.1208155 0.8636103
1740548019.296525 -7.4967709 -4.4801283 15.8496580 0.2343900 -0.4287260 0.1263620 0.8633007
1740548019.404967 -7.5247135 -4.5272017 15.8827124 0.2362669 -0.4233338 0.1292310 0.8650237
1740548019.510033 -7.5317841 -4.5293965 15.8930025 0.2415081 -0.4197765 0.1367987 0.8641456
1740548019.617397 -7.5286512 -4.5261164 15.8918428 0.2458344 -0.4174729 0.1395599 0.8636000
1740548019.722874 -7.5235662 -4.5164123 15.8885059 0.2483537 -0.4157655 0.1444705 0.8628950
1740548019.838443 -7.5250807 -4.5237913 15.8893337 0.2491810 -0.4130921 0.1492518 0.8631267
1740548019.940598 -7.5254974 -4.5262213 15.8892174 0.2519791 -0.4095863 0.1524209 0.8634312
1740548020.042349 -7.5279150 -4.5270696 15.8914413 0.2530950 -0.4101440 0.1613622 0.8612126
1740548020.151844 -7.5309572 -4.5302863 15.8995142 0.2589532 -0.4076241 0.1643990 0.8600923
1740548020.259612 -7.5417519 -4.5461946 15.9040718 0.2618929 -0.4028341 0.1675719 0.8608464
1740548020.367584 -7.5533962 -4.5523901 15.9203568 0.2655711 -0.3962290 0.1715159 0.8620075
1740548020.472291 -7.5664592 -4.5756621 15.9369965 0.2711989 -0.3945458 0.1735312 0.8606229
1740548020.586678 -7.5805378 -4.5998454 15.9591208 0.2773532 -0.3920882 0.1762689 0.8592272
1740548020.693887 -7.5916233 -4.6123977 15.9734001 0.2825029 -0.3887538 0.1820500 0.8578580
1740548020.792896 -7.6021891 -4.6263161 15.9852867 0.2888521 -0.3858939 0.1868656 0.8559974
1740548020.901951 -7.6115427 -4.6418481 15.9972038 0.2934293 -0.3839336 0.1890619 0.8548391
1740548021.009485 -7.6189394 -4.6494412 16.0065918 0.2995924 -0.3819956 0.1921548 0.8528777
1740548021.121539 -7.6252193 -4.6690769 16.0241432 0.3043989 -0.3806747 0.1923004 0.8517327
1740548021.225555 -7.6313400 -4.6880946 16.0360851 0.3076067 -0.3797412 0.1945202 0.8504920
1740548021.338626 -7.6395168 -4.6967225 16.0359783 0.3089065 -0.3771256 0.2022417 0.8493829
1740548021.443425 -7.6307364 -4.6814594 16.0295525 0.3116587 -0.3767819 0.2053338 0.8477867
1740548021.542333 -7.6276617 -4.6760206 16.0246563 0.3139703 -0.3748454 0.2096179 0.8467432
1740548021.755986 -7.6305990 -4.6756601 16.0238495 0.3183754 -0.3689330 0.2149814 0.8463501
1740548021.865177 -7.6254749 -4.6694574 16.0219536 0.3204370 -0.3700335 0.2195073 0.8439265
1740548021.963683 -7.6391377 -4.6934137 16.0459213 0.3258229 -0.3669611 0.2234808 0.8421611
1740548022.062383 -7.6492138 -4.7129436 16.0552292 0.3311043 -0.3643878 0.2236299 0.8411785
1740548022.166592 -7.6500831 -4.7211809 16.0578461 0.3304704 -0.3633160 0.2292062 0.8403901
1740548022.266284 -7.6512928 -4.7125015 16.0607624 0.3358667 -0.3613354 0.2323954 0.8382259
1740548022.372468 -7.6612711 -4.7322006 16.0706692 0.3377568 -0.3577341 0.2349145 0.8383089
1740548022.469933 -7.6648002 -4.7381220 16.0761070 0.3433864 -0.3547909 0.2384969 0.8362586
1740548022.572448 -7.6736789 -4.7555752 16.0850906 0.3477151 -0.3529533 0.2407600 0.8345974
1740548022.675800 -7.6829329 -4.7753096 16.0912189 0.3503267 -0.3489920 0.2407855 0.8351635
1740548022.774937 -7.6857753 -4.7801466 16.0938301 0.3529025 -0.3454764 0.2404465 0.8356383
1740548022.880334 -7.6935587 -4.7874937 16.1002350 0.3569915 -0.3436785 0.2432191 0.8338385
1740548022.980343 -7.6985860 -4.7979355 16.1090431 0.3615794 -0.3426915 0.2443373 0.8319388
1740548023.094543 -7.7026839 -4.8069448 16.1276817 0.3669468 -0.3445708 0.2452418 0.8285394
1740548023.193604 -7.7004652 -4.8056402 16.1385860 0.3740288 -0.3446445 0.2467009 0.8249008
1740548023.294599 -7.7136493 -4.7883544 16.1689606 0.3836500 -0.3440632 0.2492767 0.8199356
1740548023.398731 -7.7176929 -4.8157234 16.1867371 0.3862683 -0.3428096 0.2544812 0.8176293
1740548023.497607 -7.7260923 -4.8037767 16.2118530 0.3950779 -0.3412095 0.2569083 0.8133189
1740548023.604108 -7.7240224 -4.8141642 16.2133827 0.3999738 -0.3423304 0.2562241 0.8106665
1740548023.709596 -7.7242088 -4.8492184 16.2303658 0.4015948 -0.3431571 0.2579114 0.8089787
1740548023.808209 -7.7322855 -4.8481145 16.2357788 0.4078414 -0.3426037 0.2611038 0.8050545
1740548023.911785 -7.7384586 -4.8465447 16.2530289 0.4092967 -0.3443662 0.2697366 0.8007061
1740548024.012923 -7.7379332 -4.8618197 16.2649918 0.4116640 -0.3441921 0.2714376 0.7989907
1740548024.122304 -7.7434807 -4.8796577 16.2865372 0.4165622 -0.3447305 0.2726816 0.7957899
1740548024.223680 -7.7428837 -4.8975744 16.2944450 0.4192416 -0.3437842 0.2746478 0.7941143
1740548024.328481 -7.7563524 -4.9341598 16.3164635 0.4230480 -0.3431638 0.2758202 0.7919546
1740548024.433845 -7.7533307 -4.9707432 16.3264275 0.4240213 -0.3430045 0.2778575 0.7907901
1740548024.536439 -7.7511883 -4.9745183 16.3267040 0.4249980 -0.3420080 0.2784901 0.7904750
1740548024.653721 -7.7530537 -4.9776621 16.3288689 0.4268907 -0.3418430 0.2826966 0.7880294
1740548024.757974 -7.7516518 -4.9806938 16.3293858 0.4278477 -0.3416589 0.2843097 0.7870093
1740548024.861859 -7.7510824 -4.9843616 16.3308029 0.4292774 -0.3407546 0.2850641 0.7863496
1740548024.965316 -7.7583776 -5.0195575 16.3521271 0.4321133 -0.3413647 0.2865798 0.7839772
1740548025.067869 -7.7761087 -5.0627007 16.3801804 0.4352314 -0.3410862 0.2875580 0.7820129
1740548025.175390 -7.7889357 -5.1040854 16.4019012 0.4365313 -0.3406794 0.2880827 0.7812722
1740548025.278292 -7.7896042 -5.1384234 16.4158211 0.4386302 -0.3418649 0.2886105 0.7793818
1740548025.385323 -7.7910604 -5.1759310 16.4226074 0.4390730 -0.3413142 0.2895508 0.7790250
1740548025.489276 -7.8055935 -5.2110333 16.4332428 0.4411324 -0.3402337 0.2893381 0.7784129
1740548025.595237 -7.8067570 -5.2179875 16.4297791 0.4413157 -0.3389573 0.2905157 0.7784272
1740548025.697710 -7.8112445 -5.2453723 16.4307461 0.4416230 -0.3384486 0.2917308 0.7780198
1740548025.798831 -7.8090086 -5.2851734 16.4422836 0.4416080 -0.3406861 0.2915146 0.7771323
1740548025.913185 -7.8069425 -5.3309484 16.4536171 0.4412375 -0.3422867 0.2907858 0.7769125
1740548026.013833 -7.8126535 -5.3575783 16.4720383 0.4436295 -0.3434825 0.2908483 0.7749968
1740548026.124379 -7.8119402 -5.4045749 16.4842529 0.4431010 -0.3461674 0.2899153 0.7744538
1740548026.227385 -7.8136134 -5.4294586 16.4987602 0.4445502 -0.3484683 0.2890675 0.7729068
1740548026.326006 -7.8371620 -5.4690313 16.5216961 0.4459331 -0.3484758 0.2901813 0.7716885
1740548026.429197 -7.8369255 -5.4906535 16.5373497 0.4466988 -0.3506660 0.2904511 0.7701505
1740548026.529466 -7.8395777 -5.5464830 16.5430088 0.4449205 -0.3510916 0.2904048 0.7710029
1740548026.637226 -7.8528862 -5.5839405 16.5533447 0.4463385 -0.3522219 0.2902666 0.7697188
1740548026.740696 -7.8635173 -5.5984163 16.5617027 0.4475165 -0.3535313 0.2905344 0.7683322
1740548026.841172 -7.8651986 -5.6346097 16.5800724 0.4483260 -0.3561229 0.2895932 0.7670177
1740548026.943265 -7.8697820 -5.7071843 16.5889511 0.4473934 -0.3573089 0.2909361 0.7665023
1740548027.045246 -7.8823767 -5.7363672 16.6054268 0.4490913 -0.3593144 0.2899729 0.7649352
1740548027.145400 -7.8889298 -5.7835050 16.6127949 0.4483162 -0.3599215 0.2896589 0.7652234
1740548027.245633 -7.9176860 -5.8419929 16.6353531 0.4496419 -0.3603637 0.2899512 0.7641259
1740548027.356946 -7.9371595 -5.8961415 16.6543045 0.4493036 -0.3612247 0.2894570 0.7641058
1740548027.454804 -7.9424868 -5.9549856 16.6770058 0.4495108 -0.3618498 0.2893614 0.7637243
1740548027.554074 -7.9470491 -6.0092711 16.6837692 0.4494560 -0.3626879 0.2883141 0.7637550
1740548027.661470 -7.9498286 -6.0545459 16.6889534 0.4488924 -0.3641745 0.2870316 0.7638621
1740548027.761428 -7.9558983 -6.1208496 16.6950054 0.4485210 -0.3662066 0.2879091 0.7627778
1740548027.863259 -7.9627218 -6.1588025 16.7199612 0.4503058 -0.3682179 0.2863307 0.7613508
1740548027.961701 -7.9883652 -6.1992292 16.7309055 0.4511979 -0.3674988 0.2867666 0.7610059
1740548028.059553 -7.9882722 -6.2001505 16.7322235 0.4520988 -0.3683399 0.2854868 0.7605456
1740548028.165986 -8.0100698 -6.2431421 16.7471714 0.4533180 -0.3689447 0.2846628 0.7598353
1740548028.263829 -8.0288305 -6.3005300 16.7700996 0.4540091 -0.3705852 0.2842478 0.7587790
1740548028.367867 -8.0491581 -6.3613358 16.7995224 0.4543604 -0.3721208 0.2830519 0.7582641
1740548028.469070 -8.0606880 -6.4086876 16.8328915 0.4556117 -0.3748848 0.2802554 0.7571897
1740548028.565653 -8.0751581 -6.4693942 16.8632832 0.4550607 -0.3775456 0.2799431 0.7563140
1740548028.667909 -8.1023006 -6.5198479 16.8854599 0.4552637 -0.3795919 0.2787248 0.7556173
1740548028.765460 -8.1166401 -6.5894222 16.9090805 0.4542193 -0.3822060 0.2775617 0.7553562
1740548028.874335 -8.1280499 -6.6434059 16.9170837 0.4541353 -0.3852454 0.2766673 0.7541898
1740548028.971543 -8.1516733 -6.6957703 16.9379349 0.4542879 -0.3868890 0.2754124 0.7537158
1740548029.069050 -8.1576281 -6.7531586 16.9616165 0.4534248 -0.3899373 0.2730295 0.7535315
1740548029.174319 -8.1622505 -6.7891645 16.9808350 0.4532166 -0.3939861 0.2695842 0.7527908
1740548029.274809 -8.1761446 -6.8466043 17.0152416 0.4529978 -0.3968932 0.2674235 0.7521659
1740548029.386178 -8.1934690 -6.9113975 17.0249557 0.4521219 -0.3996056 0.2660347 0.7517490
1740548029.487336 -8.2107239 -6.9454818 17.0414963 0.4531312 -0.4015029 0.2639446 0.7508667
1740548029.586961 -8.2159042 -6.9977241 17.0655003 0.4534011 -0.4051873 0.2627169 0.7491532
1740548029.689893 -8.2304735 -7.0549569 17.0947609 0.4528495 -0.4080760 0.2610940 0.7484859
1740548029.786257 -8.2308950 -7.0854349 17.1070747 0.4524048 -0.4111744 0.2582983 0.7480291
1740548029.896621 -8.2306738 -7.1099625 17.1184273 0.4516802 -0.4145501 0.2560515 0.7473760
1740548029.994687 -8.2286539 -7.1205440 17.1267109 0.4523331 -0.4180075 0.2528066 0.7461591
1740548030.090923 -8.2328358 -7.1163259 17.1258068 0.4532304 -0.4185215 0.2511951 0.7458706
1740548030.193661 -8.2347212 -7.0993977 17.1119690 0.4522451 -0.4185425 0.2543239 0.7453964
1740548030.292292 -8.2356319 -7.0738955 17.1068268 0.4543062 -0.4176616 0.2512707 0.7456726
1740548030.395926 -8.2328339 -7.0559287 17.0958729 0.4544170 -0.4186769 0.2531300 0.7444058
1740548030.494709 -8.2350683 -7.0502510 17.0971832 0.4567677 -0.4177575 0.2561183 0.7424590
1740548030.593547 -8.2251015 -7.0219216 17.0985603 0.4583559 -0.4211173 0.2543853 0.7401744
1740548030.695776 -8.2092199 -7.0002079 17.0798607 0.4566688 -0.4235063 0.2528027 0.7403964
1740548030.796355 -8.2093697 -7.0028701 17.0829372 0.4582196 -0.4259241 0.2526264 0.7381080
1740548030.901772 -8.2156811 -7.0304198 17.0957394 0.4587987 -0.4296000 0.2553677 0.7346665
1740548031.001507 -8.2206564 -7.0391021 17.1023407 0.4597609 -0.4299915 0.2578218 0.7329769
1740548031.099536 -8.2422295 -7.0714097 17.1132050 0.4639893 -0.4313045 0.2588238 0.7291781
1740548031.202460 -8.2496614 -7.0708919 17.1166916 0.4661997 -0.4324948 0.2629489 0.7255784
1740548031.303096 -8.2558146 -7.0820794 17.1171112 0.4678757 -0.4314801 0.2654934 0.7241758
1740548031.412661 -8.2823334 -7.1326203 17.1166668 0.4709642 -0.4302239 0.2666107 0.7225087
1740548031.508628 -8.2804785 -7.1768861 17.1356354 0.4731153 -0.4322965 0.2658484 0.7201433
1740548031.609575 -8.2835426 -7.2050858 17.1454315 0.4742789 -0.4339397 0.2662739 0.7182298
1740548031.713414 -8.2904387 -7.2079239 17.1572075 0.4783283 -0.4337559 0.2672110 0.7153015
1740548031.813180 -8.2883730 -7.2215519 17.1647816 0.4806887 -0.4330876 0.2654889 0.7147651
1740548031.919363 -8.2922153 -7.2419748 17.1642532 0.4833183 -0.4323493 0.2652184 0.7135381
1740548032.022194 -8.2915020 -7.2389150 17.1626453 0.4849881 -0.4326369 0.2666207 0.7117059
1740548032.129367 -8.2877598 -7.2342629 17.1644173 0.4876139 -0.4323108 0.2647272 0.7108160
1740548032.230274 -8.2872696 -7.2295299 17.1618156 0.4900499 -0.4311819 0.2640452 0.7100798
1740548032.327677 -8.2876377 -7.2459407 17.1691017 0.4914699 -0.4327157 0.2651081 0.7077656
1740548032.430530 -8.2825623 -7.2322469 17.1660118 0.4926484 -0.4345474 0.2673304 0.7049827
1740548032.527888 -8.2817183 -7.2343411 17.1706982 0.4958889 -0.4333018 0.2646973 0.7044708
1740548032.635828 -8.2714539 -7.2273464 17.1729336 0.4980227 -0.4348871 0.2639033 0.7022832
1740548032.737676 -8.2754316 -7.2379370 17.1698532 0.4976134 -0.4344589 0.2650500 0.7024065
1740548032.836867 -8.2721434 -7.2314987 17.1718540 0.5010414 -0.4348096 0.2629124 0.7005535
1740548032.947117 -8.2688513 -7.2205935 17.1694622 0.5015433 -0.4363227 0.2621732 0.6995298
1740548033.043609 -8.2686224 -7.2304602 17.1736412 0.5021889 -0.4378805 0.2621297 0.6981081
1740548033.148425 -8.2633390 -7.2362785 17.1782455 0.5051324 -0.4414294 0.2614295 0.6940001
1740548033.244273 -8.2634192 -7.2255850 17.1808815 0.5087271 -0.4418100 0.2591298 0.6919916
1740548033.345132 -8.2717972 -7.2131777 17.1941662 0.5148832 -0.4429307 0.2591551 0.6866924
1740548033.447773 -8.2599001 -7.1926975 17.1800632 0.5133210 -0.4426174 0.2550074 0.6896105
1740548033.545778 -8.2620058 -7.2031736 17.1876335 0.5138775 -0.4450298 0.2562360 0.6871838
1740548033.647196 -8.2610846 -7.2141352 17.1906109 0.5139509 -0.4492960 0.2527908 0.6856270
1740548033.745527 -8.2526083 -7.2283421 17.2016830 0.5155979 -0.4538316 0.2484168 0.6829970
1740548033.844331 -8.2542381 -7.2761459 17.2050209 0.5150219 -0.4563246 0.2466180 0.6824221
1740548033.947145 -8.2542686 -7.3031120 17.2146130 0.5159488 -0.4604100 0.2439384 0.6799365
1740548034.044646 -8.2573862 -7.3299847 17.2253952 0.5173634 -0.4618663 0.2422290 0.6784834
1740548034.145974 -8.2615414 -7.3472462 17.2301064 0.5182327 -0.4627741 0.2416355 0.6774122
1740548034.244612 -8.2597675 -7.3335896 17.2262421 0.5181677 -0.4635673 0.2432005 0.6763587
1740548034.343761 -8.2682142 -7.3799429 17.2230606 0.5173728 -0.4662052 0.2417881 0.6756601
1740548034.446641 -8.2618513 -7.4225607 17.2268963 0.5162776 -0.4675029 0.2398470 0.6762928
1740548034.547369 -8.2652512 -7.4682426 17.2377892 0.5159627 -0.4697806 0.2388266 0.6753151
1740548034.647501 -8.2758675 -7.5060596 17.2378235 0.5160594 -0.4707773 0.2383886 0.6747018
1740548034.745870 -8.2878590 -7.5573416 17.2379608 0.5158097 -0.4708733 0.2381001 0.6749275
1740548034.844488 -8.2948523 -7.5837536 17.2408772 0.5166012 -0.4709910 0.2386511 0.6740447
1740548034.947657 -8.2971363 -7.6046181 17.2470093 0.5176461 -0.4702949 0.2389198 0.6736339
1740548035.044538 -8.3031359 -7.6428728 17.2504482 0.5183588 -0.4707379 0.2396784 0.6725060
1740548035.145817 -8.3100681 -7.6907396 17.2593079 0.5194885 -0.4711694 0.2392080 0.6714988
1740548035.244937 -8.3152962 -7.7333746 17.2731171 0.5204723 -0.4714051 0.2384984 0.6708236
1740548035.344965 -8.3267193 -7.7656527 17.2771626 0.5217574 -0.4702682 0.2396130 0.6702258
1740548035.448832 -8.3260565 -7.7769012 17.2849197 0.5233040 -0.4704211 0.2395177 0.6689456
1740548035.546676 -8.3271828 -7.8074732 17.2916031 0.5236381 -0.4696369 0.2396320 0.6691942
1740548035.647788 -8.3401232 -7.8569956 17.2891541 0.5241584 -0.4675333 0.2425041 0.6692252
1740548035.747253 -8.3506832 -7.9110317 17.3024063 0.5255473 -0.4672607 0.2443671 0.6676468
1740548035.844938 -8.3590136 -7.9477625 17.3122845 0.5275978 -0.4667656 0.2456383 0.6659071
1740548035.949236 -8.3690186 -8.0014629 17.3245239 0.5276645 -0.4661817 0.2481103 0.6653466
1740548036.048162 -8.3806057 -8.0581932 17.3372192 0.5294676 -0.4652014 0.2495897 0.6640458
1740548036.151833 -8.3843880 -8.1059198 17.3471527 0.5301728 -0.4642921 0.2491558 0.6642823
1740548036.254408 -8.3944016 -8.1634254 17.3599968 0.5314795 -0.4646269 0.2501683 0.6626214
1740548036.355180 -8.4033918 -8.2044811 17.3660278 0.5312191 -0.4624014 0.2516327 0.6638315
1740548036.459702 -8.4171314 -8.2607393 17.3762932 0.5328047 -0.4612160 0.2520449 0.6632289
1740548036.556303 -8.4300375 -8.3230915 17.3819599 0.5330864 -0.4605693 0.2527127 0.6631977
1740548036.667086 -8.4516716 -8.3751001 17.3819847 0.5331816 -0.4584811 0.2543611 0.6639374
1740548036.766157 -8.4624119 -8.4032698 17.3849907 0.5337569 -0.4562438 0.2545446 0.6649453
1740548036.863554 -8.4625444 -8.4160995 17.3882256 0.5341691 -0.4559392 0.2551378 0.6645957
1740548036.966125 -8.4672642 -8.4285288 17.3899155 0.5352610 -0.4541754 0.2582056 0.6637395
1740548037.062954 -8.4672680 -8.4465208 17.3959694 0.5345235 -0.4544058 0.2585790 0.6640308
1740548037.170920 -8.4682655 -8.4582605 17.3907394 0.5336037 -0.4536865 0.2577411 0.6655864
1740548037.269391 -8.4633055 -8.4596043 17.3967705 0.5334817 -0.4539891 0.2561001 0.6661111
1740548037.368987 -8.4663477 -8.4812727 17.4040070 0.5331310 -0.4538240 0.2537565 0.6673999
1740548037.478548 -8.4705124 -8.4987164 17.4083385 0.5317566 -0.4538560 0.2543538 0.6682468
1740548037.576703 -8.4692907 -8.4928875 17.4082546 0.5321380 -0.4530647 0.2532831 0.6688865
1740548037.680521 -8.4745464 -8.5138969 17.4130630 0.5314494 -0.4530387 0.2517468 0.6700306
1740548037.777466 -8.4780655 -8.5277548 17.4133377 0.5302473 -0.4530478 0.2525527 0.6706733
1740548037.879261 -8.4786310 -8.5297832 17.4165459 0.5292544 -0.4534791 0.2544953 0.6704316
1740548037.979032 -8.4772530 -8.5427980 17.4153881 0.5268612 -0.4535017 0.2532504 0.6727687
1740548038.078779 -8.4804745 -8.5545950 17.4139709 0.5251585 -0.4532206 0.2538678 0.6740555
1740548038.180258 -8.4834309 -8.5671225 17.4150600 0.5229280 -0.4535040 0.2527179 0.6760282
1740548038.279096 -8.4723711 -8.5683193 17.4229851 0.5215785 -0.4556996 0.2513639 0.6760991
1740548038.391321 -8.4807854 -8.5829992 17.4172821 0.5187393 -0.4541303 0.2515740 0.6792538
1740548038.487026 -8.4908085 -8.5928230 17.4197655 0.5176594 -0.4544499 0.2537457 0.6790561
1740548038.584915 -8.4889030 -8.5938387 17.4190922 0.5166070 -0.4544556 0.2514397 0.6807095
1740548038.694895 -8.4880333 -8.5921488 17.4220295 0.5154068 -0.4547997 0.2500807 0.6818892
1740548038.791423 -8.4860325 -8.6148624 17.4292126 0.5129384 -0.4556277 0.2483571 0.6838248
1740548038.900032 -8.4806004 -8.6172771 17.4305820 0.5105012 -0.4568493 0.2476189 0.6851001
1740548038.998017 -8.4836597 -8.6184206 17.4297371 0.5076585 -0.4571500 0.2493713 0.6863750
1740548039.093607 -8.4893494 -8.6240730 17.4270840 0.5065142 -0.4547352 0.2474215 0.6895230
1740548039.198099 -8.4850006 -8.6306105 17.4274158 0.5039618 -0.4564314 0.2475585 0.6902229
1740548039.297035 -8.4782877 -8.6369362 17.4322643 0.5023804 -0.4582454 0.2455498 0.6908911
1740548039.401885 -8.4741116 -8.6427059 17.4337387 0.5002902 -0.4589799 0.2452714 0.6920182
1740548039.510274 -8.4696503 -8.6570368 17.4343300 0.4955785 -0.4604335 0.2468226 0.6938887
1740548039.610052 -8.4861517 -8.6702299 17.4200516 0.4924392 -0.4555850 0.2497645 0.6982576
1740548039.715682 -8.4947710 -8.6791344 17.4176331 0.4917102 -0.4514260 0.2513967 0.7008818
1740548039.816673 -8.4894571 -8.6903114 17.4182701 0.4883767 -0.4527788 0.2510840 0.7024503
1740548039.927711 -8.4910221 -8.6965618 17.4174156 0.4863026 -0.4522429 0.2527421 0.7036388
1740548040.030020 -8.4877396 -8.7108250 17.4189148 0.4827323 -0.4523620 0.2526588 0.7060465
1740548040.132509 -8.4889364 -8.7117834 17.4238930 0.4854223 -0.4529330 0.2521560 0.7040129
1740548040.244445 -8.4867973 -8.7256594 17.4275360 0.4826732 -0.4512952 0.2495515 0.7078723
1740548040.344569 -8.4863024 -8.7206097 17.4275246 0.4836266 -0.4499449 0.2510342 0.7075568
1740548040.450850 -8.4858227 -8.7266665 17.4298401 0.4826878 -0.4491076 0.2502168 0.7090180
1740548040.551077 -8.4854603 -8.7396317 17.4327450 0.4796006 -0.4493610 0.2498953 0.7110628
1740548040.656373 -8.4804745 -8.7515125 17.4427338 0.4790754 -0.4520020 0.2508457 0.7094064
1740548040.761437 -8.4822369 -8.7620010 17.4457035 0.4796294 -0.4499572 0.2497743 0.7107088
1740548040.857623 -8.4820671 -8.7706108 17.4439068 0.4753463 -0.4478551 0.2503057 0.7147159
1740548040.963748 -8.4804382 -8.7754326 17.4438210 0.4734595 -0.4493194 0.2528654 0.7141480
1740548041.065830 -8.4742613 -8.7831335 17.4491005 0.4697610 -0.4514104 0.2512834 0.7158281
1740548041.166958 -8.4711857 -8.7981682 17.4578114 0.4667233 -0.4537720 0.2495923 0.7169128
1740548041.266115 -8.4671288 -8.8118343 17.4665718 0.4644586 -0.4563561 0.2462816 0.7178876
1740548041.363262 -8.4654236 -8.8145657 17.4681702 0.4618510 -0.4602572 0.2432396 0.7181166
1740548041.470380 -8.4625187 -8.8142443 17.4674015 0.4570704 -0.4621702 0.2390614 0.7213424
1740548041.569875 -8.4531994 -8.8100214 17.4663353 0.4546289 -0.4663755 0.2351376 0.7214685
1740548041.678534 -8.4476576 -8.8311806 17.4772835 0.4528762 -0.4686722 0.2316125 0.7222223
1740548041.775357 -8.4355640 -8.8810263 17.5048294 0.4498067 -0.4710091 0.2282492 0.7236896
1740548041.978117 -8.4224377 -8.9588280 17.5461121 0.4441679 -0.4764240 0.2213858 0.7257571
1740548042.078152 -8.4169493 -9.0256786 17.5760574 0.4426925 -0.4779560 0.2197067 0.7261614
1740548042.186701 -8.4237337 -9.0786314 17.5824928 0.4393368 -0.4782667 0.2174039 0.7286836
1740548042.288517 -8.4303007 -9.1355400 17.5916405 0.4355889 -0.4781253 0.2153156 0.7316404
1740548042.504280 -8.5162077 -9.2517014 17.6162605 0.4337548 -0.4756384 0.2165368 0.7339869
1740548042.601867 -8.5484180 -9.3076744 17.6235619 0.4314959 -0.4748889 0.2170492 0.7356504
1740548042.718488 -8.5819740 -9.3668900 17.6445236 0.4303164 -0.4739165 0.2171960 0.7369239
1740548042.816742 -8.5825157 -9.4273033 17.6632576 0.4272991 -0.4744270 0.2148234 0.7390437
1740548043.021136 -8.6734715 -9.5351381 17.6734047 0.4237968 -0.4707711 0.2166380 0.7428585
1740548043.119848 -8.7016535 -9.5738144 17.6937408 0.4223966 -0.4697138 0.2163892 0.7443962
1740548043.323374 -8.7755680 -9.7062988 17.7324409 0.4196963 -0.4666898 0.2171189 0.7476062
1740548043.534586 -8.8555164 -9.8196831 17.7612534 0.4156780 -0.4625572 0.2186272 0.7519674
1740548043.739687 -8.9186668 -9.9368267 17.7982426 0.4114704 -0.4582195 0.2195907 0.7566419
1740548043.840772 -8.9487944 -9.9844627 17.8044567 0.4079790 -0.4552435 0.2204652 0.7600669
1740548044.049364 -9.0200996 -10.0894537 17.8564968 0.4034140 -0.4502487 0.2222572 0.7649412
1740548044.262482 -9.0961113 -10.1915255 17.8946934 0.3993831 -0.4441444 0.2244340 0.7699729
1740548044.472881 -9.1362114 -10.2993336 17.9492531 0.3949396 -0.4377092 0.2259658 0.7754823
1740548044.575484 -9.1903419 -10.3807640 17.9958477 0.3944097 -0.4333753 0.2285248 0.7774338
1740548044.910799 -9.2826462 -10.5330305 18.0604744 0.3882770 -0.4227387 0.2332966 0.7849240
1740548045.012011 -9.3144264 -10.5900936 18.0818214 0.3864509 -0.4187962 0.2351532 0.7873808
1740548045.116433 -9.3518553 -10.6575871 18.1271725 0.3860808 -0.4148798 0.2366522 0.7891845
1740548045.329229 -9.3931074 -10.7310810 18.1518307 0.3813360 -0.4088601 0.2402457 0.7935354
1740548045.441333 -9.4343691 -10.8030777 18.1831741 0.3807639 -0.4047865 0.2428327 0.7951095
1740548045.663579 -9.4842072 -10.9254847 18.2687874 0.3813202 -0.3977668 0.2459895 0.7974119
1740548045.764725 -9.4975500 -10.9790831 18.3054314 0.3807134 -0.3951605 0.2475783 0.7985051
1740548045.976139 -9.5689564 -11.0897074 18.3653984 0.3823626 -0.3874924 0.2531013 0.7997426
1740548046.090730 -9.5900097 -11.1442404 18.3827171 0.3816161 -0.3848177 0.2547519 0.8008658
1740548046.309329 -9.6263895 -11.2515154 18.4496307 0.3839812 -0.3794446 0.2579027 0.8012905
1740548046.418651 -9.6604481 -11.3090420 18.4828987 0.3870502 -0.3753979 0.2604247 0.8009042
1740548046.525631 -9.6885700 -11.3677387 18.5036678 0.3886276 -0.3721492 0.2638542 0.8005339
1740548046.632377 -9.7162800 -11.4290304 18.5537395 0.3930331 -0.3684185 0.2664813 0.7992375
1740548046.850448 -9.7589226 -11.5404139 18.5973148 0.3980323 -0.3618121 0.2722721 0.7978286
1740548046.956197 -9.7812586 -11.5950918 18.6211166 0.4024971 -0.3586971 0.2757596 0.7957947
1740548047.169578 -9.8333874 -11.7137680 18.6924877 0.4126090 -0.3509812 0.2819101 0.7918919
1740548047.278351 -9.8633890 -11.7779865 18.7157593 0.4180163 -0.3463884 0.2865934 0.7893932
1740548047.490463 -9.9274254 -11.8916540 18.7789230 0.4320138 -0.3376977 0.2943939 0.7827238
1740548047.598594 -9.9513760 -11.9479237 18.8077621 0.4392267 -0.3333549 0.2982690 0.7790956
1740548047.816936 -9.9486971 -12.0757866 18.8594017 0.4525301 -0.3241017 0.3065899 0.7721252
1740548047.929822 -9.9502382 -12.1336212 18.8829575 0.4606941 -0.3192419 0.3105948 0.7677086
1740548048.135411 -9.9310160 -12.2729759 18.9264679 0.4770214 -0.3091998 0.3184323 0.7585822
1740548048.246845 -9.9157343 -12.3369236 18.9392967 0.4838221 -0.3054238 0.3225867 0.7540360
1740548048.475576 -9.9005175 -12.4756927 18.9607944 0.4980712 -0.2969632 0.3303841 0.7447042
1740548048.584310 -9.8931789 -12.5422173 18.9852562 0.5069761 -0.2930353 0.3330299 0.7390512
1740548048.801798 -9.8934736 -12.6846027 19.0165749 0.5216967 -0.2848344 0.3403684 0.7285954
1740548048.918460 -9.8850546 -12.7457752 19.0393829 0.5284446 -0.2823539 0.3419333 0.7239504
1740548049.129840 -9.8865490 -12.8835497 19.0633087 0.5401447 -0.2765901 0.3474128 0.7148748
1740548049.239591 -9.8759766 -12.9463062 19.0701866 0.5442141 -0.2741612 0.3488127 0.7120368
1740548049.348470 -9.8710880 -13.0094147 19.0908241 0.5498272 -0.2724823 0.3502067 0.7076713
1740548049.459309 -9.8658381 -13.0756845 19.0963898 0.5548198 -0.2697950 0.3525158 0.7036464
1740548049.685769 -9.8553133 -13.2149639 19.1117306 0.5647452 -0.2656195 0.3559137 0.6955822
1740548049.792955 -9.8517780 -13.2907476 19.1264648 0.5697271 -0.2638181 0.3575858 0.6913346
1740548050.020343 -9.8378286 -13.4231386 19.1423378 0.5774516 -0.2599563 0.3602681 0.6849667
1740548050.232904 -9.8234596 -13.5571098 19.1628819 0.5854200 -0.2561185 0.3629185 0.6782160
1740548050.447549 -9.8075047 -13.7004166 19.1906433 0.5943146 -0.2516241 0.3657992 0.6705717
1740548050.654765 -9.7823505 -13.8352852 19.2005806 0.6004340 -0.2477526 0.3687071 0.6649457
1740548050.863122 -9.7598505 -13.9703045 19.2217979 0.6073558 -0.2437092 0.3715352 0.6585487
1740548051.081293 -9.7393274 -14.1089287 19.2314281 0.6138156 -0.2392144 0.3743612 0.6525800
1740548051.289156 -9.7026110 -14.2449608 19.2430573 0.6193784 -0.2354648 0.3774997 0.6468545
1740548051.493148 -9.6730986 -14.3811340 19.2529221 0.6247979 -0.2302835 0.3809314 0.6414737
1740548051.704157 -9.6429577 -14.5158367 19.2576981 0.6295664 -0.2256374 0.3838597 0.6366990
1740548051.910292 -9.6058950 -14.6508980 19.2688026 0.6335713 -0.2210111 0.3874456 0.6321609
1740548052.111049 -9.5722361 -14.7853947 19.2753258 0.6366135 -0.2161111 0.3911161 0.6285280
1740548052.735706 -9.4506855 -15.1851454 19.3016548 0.6410304 -0.2022681 0.4019782 0.6217566
1740548053.131618 -9.3577118 -15.4490204 19.3318329 0.6392156 -0.1950826 0.4087923 0.6214781
1740548053.527933 -9.2771025 -15.7130041 19.3614902 0.6343529 -0.1880787 0.4157277 0.6240138
1740548053.835556 -9.2046757 -15.9033957 19.4052429 0.6294914 -0.1839928 0.4208265 0.6267314
1740548054.330955 -9.1214142 -16.2351017 19.4563255 0.6185235 -0.1761808 0.4300782 0.6335785
1740548054.726054 -9.0249500 -16.4870796 19.5197487 0.6071553 -0.1695460 0.4384791 0.6405877
1740548055.031615 -8.9624195 -16.6747971 19.5687294 0.5987408 -0.1643171 0.4447480 0.6455297
1740548055.331249 -8.8526850 -16.8364239 19.6491890 0.5886258 -0.1598213 0.4505092 0.6519342
1740548055.631403 -8.8048697 -17.0342216 19.6976128 0.5787546 -0.1562081 0.4560989 0.6577354
1740548055.937743 -8.7455387 -17.2269897 19.7465744 0.5660232 -0.1538060 0.4612489 0.6657408
1740548056.324848 -8.6611881 -17.4715347 19.8583717 0.5496731 -0.1508169 0.4676394 0.6755940
1740548056.618165 -8.5966034 -17.6455956 19.9475136 0.5362563 -0.1496955 0.4715134 0.6838827
1740548056.910809 -8.5247955 -17.8290920 20.0385628 0.5219746 -0.1489579 0.4743516 0.6930690
1740548057.218181 -8.4633293 -17.9996338 20.1447296 0.5063004 -0.1503934 0.4766807 0.7027212
1740548057.508525 -8.4008331 -18.1710320 20.2442818 0.4917594 -0.1530695 0.4780482 0.7114860
1740548057.805613 -8.3553543 -18.3386517 20.3585548 0.4768509 -0.1584319 0.4778478 0.7205374
1740548058.203397 -8.3112936 -18.5601349 20.5268936 0.4594660 -0.1687442 0.4746517 0.7315205
1740548058.500139 -8.2816248 -18.7275772 20.6507111 0.4476322 -0.1799894 0.4694547 0.7394873
1740548058.704081 -8.2660170 -18.8534584 20.7174034 0.4399628 -0.1885408 0.4659869 0.7441379
1740548058.999341 -8.2629766 -19.0264912 20.8380280 0.4308567 -0.2007371 0.4599035 0.7500373
1740548059.195648 -8.2646065 -19.1437340 20.9142990 0.4253463 -0.2092822 0.4554579 0.7535513
1740548059.493703 -8.2693653 -19.3225365 21.0216026 0.4176064 -0.2210625 0.4494716 0.7580973
1740548059.693434 -8.2645111 -19.4393330 21.1028118 0.4127252 -0.2281571 0.4458413 0.7608073
1740548059.897963 -8.2803030 -19.5579567 21.1726685 0.4075592 -0.2341931 0.4426034 0.7636434
1740548060.211905 -8.2898540 -19.7379303 21.2884789 0.3998969 -0.2413010 0.4385949 0.7677830
1740548060.502917 -8.3149357 -19.9165649 21.3965473 0.3912866 -0.2469378 0.4357760 0.7720206
1740548060.802385 -8.3135633 -20.0638695 21.5404549 0.3835021 -0.2515874 0.4327587 0.7761120
1740548061.099326 -8.3101196 -20.2104626 21.6899147 0.3751790 -0.2561067 0.4301153 0.7801609
1740548061.302972 -8.3328190 -20.3232155 21.7701492 0.3698861 -0.2592015 0.4284477 0.7825800
1740548061.602351 -8.3766899 -20.5071411 21.8560982 0.3631300 -0.2663530 0.4243396 0.7855753
1740548061.809604 -8.3923664 -20.6112328 21.9512730 0.3592213 -0.2716502 0.4213745 0.7871529
1740548062.124488 -8.4119930 -20.7512627 22.1050606 0.3543172 -0.2808659 0.4162844 0.7888479
1740548062.431881 -8.4630814 -20.9221039 22.2143955 0.3508865 -0.2915377 0.4105168 0.7895318
1740548062.853639 -8.5333109 -21.1519413 22.3565178 0.3477757 -0.3054371 0.4028617 0.7895966
1740548063.393757 -8.6317272 -21.4424324 22.5163574 0.3440059 -0.3200775 0.3951254 0.7893581
1740548063.707386 -8.6763477 -21.5957012 22.6549969 0.3409075 -0.3266030 0.3912196 0.7899746
1740548064.045083 -8.7239552 -21.7659950 22.7661972 0.3376016 -0.3321547 0.3881596 0.7905887
1740548064.357641 -8.7800112 -21.9205303 22.8946629 0.3331107 -0.3371179 0.3846550 0.7921043
1740548064.664446 -8.8385735 -22.0799675 23.0127525 0.3285109 -0.3426680 0.3811533 0.7933356
1740548064.973891 -8.9254971 -22.2489204 23.1024132 0.3227066 -0.3477471 0.3774990 0.7952527
1740548065.284163 -8.9849148 -22.4105644 23.2192268 0.3165126 -0.3532027 0.3737352 0.7971134
1740548065.588068 -9.0662632 -22.5683575 23.3304672 0.3103078 -0.3576606 0.3694675 0.7995510
1740548065.887645 -9.1481867 -22.7168846 23.4536629 0.3034525 -0.3621033 0.3656656 0.8019268
1740548066.285861 -9.2681370 -22.9251442 23.5913391 0.2942316 -0.3663227 0.3612843 0.8054248
1740548066.688079 -9.3724194 -23.1182251 23.7588482 0.2856570 -0.3701563 0.3583627 0.8080598
1740548067.082133 -9.4848557 -23.3158150 23.9200325 0.2809981 -0.3727559 0.3548059 0.8100653
1740548067.373905 -9.5696135 -23.4598770 24.0468559 0.2807661 -0.3757556 0.3526601 0.8096969
1740548067.671506 -9.6337547 -23.5849113 24.1942406 0.2807331 -0.3828573 0.3507882 0.8071907
1740548067.872368 -9.6266613 -23.6362839 24.2519341 0.2775326 -0.3876738 0.3481995 0.8071194
1740548068.173249 -9.6729088 -23.6411591 24.3586521 0.2881241 -0.3980251 0.3444209 0.7999593
1740548068.471174 -9.6988850 -23.7293777 24.4749355 0.2919517 -0.4107586 0.3413120 0.7934404
1740548068.672768 -9.7550030 -23.8080406 24.5333061 0.2931106 -0.4160358 0.3386249 0.7914124
1740548068.874456 -9.7717142 -23.8493042 24.6051788 0.2966742 -0.4263830 0.3347655 0.7862023
1740548069.076572 -9.8200541 -23.9406242 24.6754494 0.3004738 -0.4321678 0.3298221 0.7836860
1740548069.278522 -9.8892326 -24.0103035 24.7325039 0.3039334 -0.4359272 0.3316957 0.7794677
1740548069.474148 -9.9155674 -24.0809612 24.8203087 0.3085693 -0.4454538 0.3274156 0.7740510
1740548069.679891 -9.9495802 -24.1107559 24.8580933 0.3141204 -0.4511326 0.3254944 0.7693251
1740548069.880675 -9.9480991 -24.1855164 24.9192524 0.3106203 -0.4635742 0.3274516 0.7624890
1740548070.088754 -9.9445295 -24.2067566 24.9688377 0.3126361 -0.4744189 0.3239042 0.7564862
1740548070.286850 -9.9494562 -24.2518330 25.0176716 0.3182014 -0.4791947 0.3218701 0.7520106
1740548070.486809 -9.9838161 -24.3354950 25.1005287 0.3192880 -0.4868979 0.3199331 0.7474145
1740548070.681518 -9.9910984 -24.3490448 25.1204662 0.3205024 -0.4916007 0.3179090 0.7446750
1740548070.787394 -10.0065861 -24.3475723 25.1699333 0.3255371 -0.4967383 0.3166006 0.7396221
1740548070.884066 -10.0068169 -24.3580742 25.1942463 0.3256187 -0.5011807 0.3148375 0.7373382
1740548070.986758 -10.0283413 -24.3639717 25.2162437 0.3298005 -0.5029744 0.3161866 0.7336720
1740548071.087898 -10.0195332 -24.3949699 25.2285328 0.3277629 -0.5073602 0.3147076 0.7321996
1740548071.184498 -10.0014305 -24.4178238 25.2423344 0.3263617 -0.5125078 0.3117264 0.7305139
1740548071.290075 -9.9996624 -24.4238911 25.2432709 0.3258911 -0.5151258 0.3102293 0.7295191
1740548071.387319 -9.9973183 -24.4457359 25.2333298 0.3244499 -0.5171697 0.3065721 0.7302611
1740548071.489041 -9.9767771 -24.4488831 25.2701702 0.3258857 -0.5240896 0.3037781 0.7258426
1740548071.590113 -9.9978218 -24.4330273 25.2571449 0.3287746 -0.5228254 0.3075174 0.7238743
1740548071.686293 -10.0122356 -24.4368286 25.2598591 0.3281110 -0.5238760 0.3088392 0.7228523
1740548071.790013 -10.0167427 -24.4100513 25.2713013 0.3330684 -0.5255093 0.3067829 0.7202705
1740548071.888151 -10.0267754 -24.4198074 25.2940960 0.3321640 -0.5302128 0.3080551 0.7166893
1740548071.991433 -10.0331659 -24.4127121 25.2800713 0.3299729 -0.5314112 0.3094601 0.7162084
1740548072.097846 -10.0264168 -24.4238262 25.2726822 0.3300814 -0.5338225 0.3069400 0.7154493
1740548072.202497 -10.0291204 -24.4223022 25.2650909 0.3296303 -0.5346616 0.3066282 0.7151643
1740548072.308808 -10.0323944 -24.4173164 25.2726345 0.3307474 -0.5371445 0.3056321 0.7132117
1740548072.406763 -10.0268497 -24.4166336 25.3024063 0.3307242 -0.5407691 0.3046501 0.7108998
1740548072.507544 -10.0223484 -24.4251747 25.2938251 0.3293054 -0.5402669 0.3032496 0.7125372
1740548072.606737 -9.9976015 -24.4428711 25.2958622 0.3246821 -0.5429413 0.3021441 0.7130955
1740548072.704984 -9.9886999 -24.4413185 25.3205414 0.3269321 -0.5450266 0.2980421 0.7122024
1740548072.810686 -9.9767523 -24.4483376 25.3364658 0.3262507 -0.5475311 0.2973455 0.7108839
1740548072.910408 -9.9670973 -24.4519386 25.3461380 0.3249109 -0.5497772 0.2964535 0.7101361
1740548073.016689 -9.9579573 -24.4563599 25.3549290 0.3239607 -0.5512813 0.2946106 0.7101711
1740548073.116578 -9.9434490 -24.4581242 25.3818455 0.3235875 -0.5551057 0.2926034 0.7081894
1740548073.216912 -9.9247713 -24.4698696 25.4005070 0.3221580 -0.5579684 0.2886615 0.7082090
1740548073.323858 -9.9106655 -24.4787064 25.4304543 0.3217750 -0.5614430 0.2862180 0.7066271
1740548073.422904 -9.9009981 -24.4826469 25.4161758 0.3204385 -0.5622877 0.2845374 0.7072413
1740548073.530341 -9.8934774 -24.4800682 25.4393826 0.3200524 -0.5677606 0.2812929 0.7043356
1740548073.631077 -9.8804798 -24.4905739 25.4468422 0.3174235 -0.5731146 0.2788181 0.7021698
1740548073.738919 -9.8851948 -24.4753094 25.4838676 0.3210516 -0.5790994 0.2758795 0.6967499
1740548073.840238 -9.8646126 -24.4810791 25.5052662 0.3186395 -0.5860800 0.2737410 0.6928527
1740548073.940657 -9.8461075 -24.4916382 25.5110168 0.3149100 -0.5913559 0.2703450 0.6914068
1740548074.049839 -9.8402328 -24.4900436 25.5311546 0.3148805 -0.5979702 0.2679875 0.6866329
1740548074.152746 -9.8457756 -24.4802322 25.5368843 0.3141426 -0.6037285 0.2661364 0.6826403
1740548074.259197 -9.8441725 -24.4740353 25.5607891 0.3145305 -0.6107556 0.2625941 0.6775637
1740548074.356773 -9.8397312 -24.4611397 25.6247063 0.3171339 -0.6213965 0.2582113 0.6682959
1740548074.564725 -9.8138828 -24.4610710 25.6512146 0.3149101 -0.6335955 0.2512383 0.6605057
1740548074.668947 -9.7983751 -24.4674511 25.6795597 0.3121237 -0.6416000 0.2473127 0.6555644
1740548074.776783 -9.7752914 -24.4785690 25.6747799 0.3102454 -0.6458549 0.2403305 0.6548744
1740548074.879692 -9.7510872 -24.4930534 25.6433372 0.3063584 -0.6473199 0.2328680 0.6579468
1740548074.984463 -9.7521524 -24.4857960 25.6411839 0.3046086 -0.6510184 0.2304432 0.6559609
1740548075.091737 -9.7858658 -24.4496651 25.6076488 0.3057033 -0.6497631 0.2334902 0.6556186
1740548075.193291 -9.8025198 -24.4323502 25.5554199 0.3033077 -0.6480016 0.2350140 0.6579261
1740548075.304379 -9.8143349 -24.4283257 25.5034981 0.3011656 -0.6453139 0.2355079 0.6613663
1740548075.403595 -9.8461618 -24.3929253 25.4627399 0.3019067 -0.6409268 0.2409476 0.6633320
1740548075.506280 -9.8726473 -24.3677864 25.4433556 0.3020475 -0.6389681 0.2453274 0.6635522
1740548075.608604 -9.8901701 -24.3481789 25.4328747 0.3027644 -0.6370714 0.2486449 0.6638144
1740548075.708832 -9.8987293 -24.3450356 25.3986130 0.3031395 -0.6323898 0.2499450 0.6676205
1740548075.817148 -9.9013433 -24.3504105 25.3772392 0.3014452 -0.6286121 0.2516664 0.6712985
1740548075.919727 -9.9056740 -24.3481941 25.3604755 0.3003345 -0.6241871 0.2551712 0.6745942
1740548076.026859 -9.9242020 -24.3386879 25.3497276 0.3009539 -0.6202118 0.2593339 0.6763949
1740548076.134083 -9.9449081 -24.3343868 25.3463440 0.3016682 -0.6174222 0.2641230 0.6767755
1740548076.242691 -9.9759502 -24.3238525 25.3353195 0.3052774 -0.6123390 0.2705735 0.6772273
1740548076.343989 -9.9878616 -24.3286209 25.3922272 0.3113496 -0.6151097 0.2710697 0.6717312
1740548076.446140 -10.0058117 -24.3404617 25.4231625 0.3153627 -0.6166036 0.2736888 0.6674135
1740548076.557113 -10.0121269 -24.3782063 25.5006218 0.3195990 -0.6236004 0.2693101 0.6606444
1740548076.658339 -10.0246601 -24.4126930 25.5396938 0.3214212 -0.6275566 0.2689064 0.6561635
1740548076.761345 -10.0436630 -24.4295425 25.6062622 0.3242913 -0.6335686 0.2678702 0.6493625
1740548076.865014 -10.0629835 -24.4667912 25.6060715 0.3239800 -0.6329485 0.2659262 0.6509197
1740548076.968782 -10.0631514 -24.5178528 25.6347084 0.3210622 -0.6376798 0.2621640 0.6492715
1740548077.073852 -10.0555773 -24.5743294 25.6640816 0.3192511 -0.6422683 0.2579266 0.6473361
1740548077.175024 -10.0994892 -24.6204453 25.6822128 0.3224056 -0.6427570 0.2578625 0.6453100
1740548077.283931 -10.1380053 -24.6839104 25.6534176 0.3198279 -0.6397572 0.2593805 0.6489550
1740548077.390707 -10.1791143 -24.7391510 25.6396790 0.3192396 -0.6384372 0.2585815 0.6508607
1740548077.495481 -10.2389250 -24.7805748 25.6476765 0.3199824 -0.6381835 0.2598527 0.6502383
1740548077.609108 -10.2936487 -24.8226013 25.6428642 0.3209653 -0.6373385 0.2617778 0.6498102
1740548077.709911 -10.3312731 -24.8734493 25.6653233 0.3216478 -0.6400755 0.2604528 0.6473101
1740548077.823680 -10.3793983 -24.9242287 25.6255894 0.3217819 -0.6365562 0.2616525 0.6502235
1740548077.925867 -10.4121103 -24.9867172 25.6391373 0.3208300 -0.6408202 0.2602527 0.6470596
1740548078.038879 -10.4769449 -25.0168133 25.6267490 0.3233415 -0.6399315 0.2619567 0.6460004
1740548078.142471 -10.5252829 -25.0660210 25.6117477 0.3234955 -0.6399915 0.2607371 0.6463572
1740548078.260962 -10.5665617 -25.1179314 25.5925121 0.3241543 -0.6396895 0.2576552 0.6475609
1740548078.361401 -10.6125097 -25.1698990 25.5778465 0.3233865 -0.6408482 0.2574178 0.6468932
1740548078.464980 -10.6597157 -25.2170582 25.5784111 0.3233328 -0.6447997 0.2580525 0.6427271
1740548078.574195 -10.7091560 -25.2620316 25.5790920 0.3261009 -0.6465433 0.2546070 0.6409488
1740548078.787567 -10.7975349 -25.3663673 25.5537872 0.3261340 -0.6483694 0.2498908 0.6409433
1740548078.892269 -10.8367825 -25.4249496 25.5275822 0.3253475 -0.6478438 0.2482427 0.6425130
1740548078.998592 -10.8969002 -25.4698238 25.4949474 0.3268446 -0.6458253 0.2491520 0.6434327
1740548079.108336 -10.9534254 -25.5193329 25.4690552 0.3277811 -0.6452923 0.2486342 0.6436912
1740548079.210317 -10.9708452 -25.5632229 25.4066467 0.3296086 -0.6464399 0.2510839 0.6406485
1740548079.425937 -10.9462223 -25.6869717 25.2705936 0.3294217 -0.6499859 0.2491783 0.6378949
1740548079.532809 -11.0231009 -25.7592888 25.2417469 0.3246109 -0.6465356 0.2459088 0.6450956
