1740547974.582521 0.0000000 0.0000000 0.0000000 -0.0000000 -0.0000000 -0.0000000 1.0000000
1740547974.788086 -0.0016177 -0.0053215 0.0552807 0.0000672 0.0002262 -0.0001233 1.0000000
1740547974.888044 -0.0049507 -0.0123574 0.1161625 0.0000659 0.0001202 -0.0000515 1.0000000
1740547975.097748 -0.0009249 -0.0173868 0.1769085 0.0002834 -0.0001917 -0.0002463 0.9999999
1740547975.313673 -0.0037778 -0.0268907 0.2369888 0.0003455 -0.0001781 0.0000125 0.9999999
1740547975.514024 -0.0020242 -0.0315355 0.2972161 0.0006602 -0.0002560 -0.0000306 0.9999998
1740547975.713244 -0.0035201 -0.0270756 0.3579329 0.0013740 -0.0001869 -0.0002128 0.9999990
1740547975.826655 -0.0003829 -0.0316693 0.4177549 0.0017598 -0.0006862 -0.0001042 0.9999982
1740547975.924316 0.0024325 -0.0383113 0.4786481 0.0023341 -0.0008173 -0.0001074 0.9999970
1740547976.023216 0.0054315 -0.0417391 0.5370294 0.0031208 -0.0013754 -0.0003260 0.9999942
1740547976.120867 0.0066109 -0.0484858 0.5941737 0.0041711 -0.0018066 -0.0003154 0.9999896
1740547976.233112 0.0012849 -0.0307460 0.6584421 0.0070406 -0.0017736 -0.0001107 0.9999737
1740547976.331633 0.0038861 -0.0208326 0.7210074 0.0094966 -0.0023793 -0.0002189 0.9999521
1740547976.433170 -0.0065261 -0.0242465 0.7798361 0.0120756 -0.0021475 -0.0001082 0.9999248
1740547976.548169 -0.0114401 -0.0333736 0.8395432 0.0145174 -0.0026750 -0.0000539 0.9998910
1740547976.647677 -0.0102660 -0.0323797 0.9004488 0.0176692 -0.0033740 -0.0001166 0.9998382
1740547976.750120 -0.0110080 -0.0448095 0.9599324 0.0207241 -0.0038864 0.0000265 0.9997777
1740547976.847612 -0.0125206 -0.0541353 1.0200841 0.0240167 -0.0045047 0.0000161 0.9997014
1740547976.954771 -0.0273974 -0.0708796 1.0802227 0.0274634 -0.0043696 0.0002348 0.9996132
1740547977.055351 -0.0193149 -0.0820234 1.1392933 0.0310355 -0.0054436 -0.0000434 0.9995035
1740547977.154514 -0.0350064 -0.1080351 1.1968640 0.0341962 -0.0056923 0.0002087 0.9993989
1740547977.263496 -0.0275722 -0.1113107 1.2630477 0.0379599 -0.0070220 0.0002229 0.9992546
1740547977.364661 -0.0160949 -0.1182307 1.3178807 0.0418916 -0.0081670 -0.0000278 0.9990888
1740547977.465421 -0.0172348 -0.1294093 1.3859479 0.0461279 -0.0087315 -0.0002268 0.9988974
1740547977.563644 -0.0296415 -0.1459530 1.4371152 0.0490087 -0.0094039 0.0000851 0.9987541
1740547977.662483 -0.0352477 -0.1653547 1.4978782 0.0518321 -0.0103108 0.0000991 0.9986026
1740547977.764221 -0.0433272 -0.1734914 1.5584555 0.0551960 -0.0113435 0.0002982 0.9984111
1740547977.864903 -0.0604710 -0.1900448 1.6098458 0.0572023 -0.0109172 0.0006274 0.9983028
1740547977.966475 -0.0591144 -0.2019373 1.6685903 0.0592887 -0.0118157 0.0002933 0.9981709
1740547978.065193 -0.0602021 -0.2112455 1.7355503 0.0617574 -0.0125522 -0.0000328 0.9980123
1740547978.163355 -0.0560168 -0.2242830 1.7883577 0.0634894 -0.0125875 -0.0007049 0.9979029
1740547978.263764 -0.0612759 -0.2300744 1.8506773 0.0657002 -0.0133222 0.0001705 0.9977505
1740547978.363937 -0.0696195 -0.2505556 1.8909408 0.0656536 -0.0128816 0.0004564 0.9977592
1740547978.471725 -0.0698227 -0.2767462 1.9404565 0.0657729 -0.0134858 0.0001833 0.9977435
1740547978.570612 -0.0706699 -0.3045464 1.9976782 0.0657875 -0.0143551 0.0005167 0.9977303
1740547978.668160 -0.0750206 -0.3210900 2.0472715 0.0663643 -0.0140822 0.0003422 0.9976960
1740547978.770392 -0.0794323 -0.3389584 2.0954359 0.0670237 -0.0138207 -0.0002186 0.9976556
1740547978.868716 -0.0786101 -0.3579459 2.1407154 0.0666283 -0.0140643 0.0003049 0.9976787
1740547978.979473 -0.0961680 -0.3692106 2.2063229 0.0680769 -0.0134929 0.0005946 0.9975887
1740547979.084276 -0.1029705 -0.3837016 2.2549489 0.0681047 -0.0142373 0.0006872 0.9975764
1740547979.190842 -0.1278765 -0.3959803 2.3004529 0.0675901 -0.0127094 0.0014763 0.9976311
1740547979.300414 -0.1458967 -0.4058989 2.3413060 0.0672486 -0.0111746 0.0014166 0.9976727
1740547979.407145 -0.1532565 -0.4301521 2.3824995 0.0656702 -0.0106881 0.0011845 0.9977834
1740547979.518246 -0.1675067 -0.4495894 2.4331503 0.0655795 -0.0101010 0.0011065 0.9977956
1740547979.625350 -0.1743808 -0.4545315 2.4884670 0.0650081 -0.0105541 0.0010123 0.9978284
1740547979.735773 -0.1891793 -0.4663058 2.5415664 0.0643671 -0.0102147 0.0008596 0.9978737
1740547979.835270 -0.1993642 -0.4865116 2.5891294 0.0630932 -0.0094213 0.0003554 0.9979631
1740547979.931677 -0.2083547 -0.5071152 2.6374912 0.0618047 -0.0096393 0.0008379 0.9980414
1740547980.047307 -0.2161094 -0.5242455 2.6749835 0.0597641 -0.0092377 0.0009413 0.9981694
1740547980.142809 -0.2296622 -0.5238181 2.7232790 0.0586915 -0.0081334 0.0020356 0.9982409
1740547980.248720 -0.2459384 -0.5357413 2.7659419 0.0572928 -0.0064141 0.0024152 0.9983339
1740547980.344197 -0.2594844 -0.5529266 2.8082912 0.0541445 -0.0056770 0.0029785 0.9985126
1740547980.445854 -0.2504383 -0.5819408 2.8516822 0.0508432 -0.0064879 0.0027790 0.9986817
1740547980.548210 -0.2609170 -0.6008807 2.9049492 0.0487364 -0.0053034 0.0017825 0.9987960
1740547980.647813 -0.2710650 -0.6239137 2.9577575 0.0462025 -0.0042049 0.0013162 0.9989224
1740547980.754170 -0.2795303 -0.6435070 2.9997301 0.0428569 -0.0029996 0.0014808 0.9990757
1740547980.851470 -0.2903637 -0.6691860 3.0646293 0.0409455 -0.0026770 0.0014041 0.9991568
1740547980.947389 -0.3064124 -0.6781855 3.1017063 0.0371694 -0.0009508 0.0017735 0.9993070
1740547981.046870 -0.2944525 -0.6932080 3.1622443 0.0346368 -0.0018600 0.0015095 0.9993971
1740547981.148510 -0.2963968 -0.7185984 3.2136738 0.0304649 -0.0018192 0.0009887 0.9995337
1740547981.255358 -0.3020738 -0.7408136 3.2665229 0.0268906 -0.0012482 0.0009813 0.9996371
1740547981.352456 -0.3165646 -0.7623917 3.3190730 0.0222545 0.0011811 0.0000338 0.9997517
1740547981.448624 -0.3226319 -0.7577518 3.3744793 0.0192527 0.0027930 -0.0000315 0.9998108
1740547981.549456 -0.3367611 -0.7616404 3.4286170 0.0138909 0.0044380 0.0008493 0.9998934
1740547981.648948 -0.3450680 -0.7580162 3.4903858 0.0107331 0.0059475 0.0011254 0.9999241
1740547981.755465 -0.3581144 -0.7646884 3.5346379 0.0070499 0.0088452 0.0010213 0.9999355
1740547981.852237 -0.3677526 -0.7669532 3.5664976 0.0033950 0.0124151 0.0005696 0.9999170
1740547981.948092 -0.3851744 -0.7760815 3.6098437 -0.0007737 0.0160927 -0.0001895 0.9998702
1740547982.047384 -0.4022157 -0.7827381 3.6598959 -0.0056763 0.0193072 0.0003542 0.9997974
1740547982.144024 -0.4086550 -0.7955617 3.7007644 -0.0109557 0.0214232 -0.0002430 0.9997104
1740547982.248098 -0.4161426 -0.7868921 3.7431934 -0.0124090 0.0233117 -0.0009506 0.9996508
1740547982.349115 -0.4030692 -0.7933910 3.7924564 -0.0165201 0.0248175 -0.0008257 0.9995552
1740547982.447092 -0.4180324 -0.7941049 3.8340175 -0.0198852 0.0284834 -0.0001688 0.9993964
1740547982.549321 -0.4317419 -0.7968678 3.8696146 -0.0238843 0.0309476 -0.0004723 0.9992355
1740547982.649600 -0.4355691 -0.7685788 3.8922427 -0.0245538 0.0316965 -0.0013522 0.9991950
1740547982.755796 -0.4401016 -0.7521880 3.9261088 -0.0256608 0.0337949 -0.0022944 0.9990967
1740547982.853211 -0.4548886 -0.7410325 3.9676509 -0.0278570 0.0371819 -0.0026908 0.9989166
1740547982.951895 -0.4602875 -0.7615641 4.0126386 -0.0325999 0.0398491 -0.0028371 0.9986697
1740547983.054748 -0.4786434 -0.7480698 4.0760622 -0.0339759 0.0423529 -0.0027509 0.9985211
1740547983.152468 -0.4850350 -0.7359530 4.1036992 -0.0345260 0.0453420 -0.0025368 0.9983715
1740547983.257956 -0.4911473 -0.7262883 4.1280675 -0.0354288 0.0463907 -0.0040392 0.9982868
1740547983.356576 -0.4953273 -0.7413249 4.1556625 -0.0371205 0.0479021 -0.0038556 0.9981546
1740547983.456425 -0.4939321 -0.7386038 4.2062502 -0.0383009 0.0497623 -0.0038864 0.9980189
1740547983.563467 -0.4827198 -0.7424131 4.2635612 -0.0403423 0.0506593 -0.0038755 0.9978934
1740547983.661005 -0.4893760 -0.7560696 4.3179255 -0.0427098 0.0528865 -0.0046643 0.9976758
1740547983.763599 -0.4924336 -0.7722479 4.3582106 -0.0454287 0.0542308 -0.0037506 0.9974875
1740547983.868420 -0.4955283 -0.7789879 4.3804560 -0.0447393 0.0549203 -0.0032638 0.9974826
1740547983.977420 -0.4759921 -0.7571322 4.3776379 -0.0442686 0.0524891 -0.0035365 0.9976336
1740547984.076467 -0.4719818 -0.7779526 4.4142785 -0.0469472 0.0525662 -0.0028786 0.9975091
1740547984.176035 -0.4901704 -0.7982036 4.4437895 -0.0469361 0.0545003 -0.0019612 0.9974081
1740547984.281766 -0.4748606 -0.7952215 4.4856205 -0.0472776 0.0530151 -0.0014368 0.9974729
1740547984.378894 -0.4412037 -0.7734949 4.5072079 -0.0444629 0.0506051 -0.0005930 0.9977283
1740547984.487674 -0.4287547 -0.7689893 4.5614085 -0.0438692 0.0515162 -0.0006514 0.9977080
1740547984.598597 -0.4402536 -0.7693879 4.6120434 -0.0435445 0.0534615 -0.0019717 0.9976181
1740547984.702304 -0.4388696 -0.7758001 4.6663775 -0.0439791 0.0534089 -0.0024725 0.9976007
1740547984.804391 -0.4478099 -0.7660882 4.7113967 -0.0432608 0.0539084 -0.0029974 0.9976039
1740547984.903543 -0.4558367 -0.7650885 4.7594705 -0.0430935 0.0550993 -0.0026156 0.9975471
1740547985.016929 -0.4580047 -0.7648191 4.8183413 -0.0427977 0.0562230 -0.0028889 0.9974964
1740547985.116562 -0.4526717 -0.7483425 4.8680711 -0.0417590 0.0571877 -0.0024337 0.9974868
1740547985.218591 -0.4303499 -0.7518485 4.9130445 -0.0434531 0.0550305 -0.0027798 0.9975349
1740547985.321838 -0.4537799 -0.7345651 4.9405789 -0.0404747 0.0569975 -0.0025536 0.9975503
1740547985.420988 -0.4511521 -0.7355761 4.9832048 -0.0403597 0.0568361 -0.0026203 0.9975640
1740547985.529205 -0.4389484 -0.7396968 5.0402341 -0.0403488 0.0561065 -0.0022716 0.9976066
1740547985.626669 -0.4476590 -0.7285149 5.0836148 -0.0392252 0.0581539 -0.0022801 0.9975342
1740547985.732929 -0.4145752 -0.7158985 5.1241179 -0.0380411 0.0559227 -0.0029329 0.9977059
1740547985.832667 -0.3872539 -0.7103966 5.1572871 -0.0370216 0.0539045 -0.0024139 0.9978567
1740547985.932586 -0.3628604 -0.6995364 5.1754470 -0.0356611 0.0518921 -0.0029116 0.9980115
1740547986.036423 -0.3460211 -0.6917833 5.2384429 -0.0354243 0.0522083 -0.0026588 0.9980042
1740547986.134586 -0.3495873 -0.6900419 5.2952318 -0.0348602 0.0546997 -0.0026762 0.9978906
1740547986.239875 -0.3560135 -0.6957874 5.3335466 -0.0357946 0.0578437 -0.0033611 0.9976781
1740547986.340488 -0.3597244 -0.6883227 5.3800097 -0.0342243 0.0605813 -0.0042247 0.9975674
1740547986.439480 -0.3849952 -0.6808299 5.4325147 -0.0336928 0.0647637 -0.0041186 0.9973232
1740547986.555275 -0.3908949 -0.6690890 5.4868326 -0.0325086 0.0679571 -0.0042276 0.9971495
1740547986.655567 -0.3728445 -0.6757227 5.5182457 -0.0345862 0.0668688 -0.0031456 0.9971572
1740547986.763584 -0.3577428 -0.6749832 5.5394378 -0.0352274 0.0669043 -0.0033505 0.9971317
1740547986.865255 -0.3475791 -0.6803374 5.5922470 -0.0359453 0.0691946 -0.0036339 0.9969488
1740547986.962714 -0.3292937 -0.6839682 5.6193690 -0.0379735 0.0691367 -0.0030900 0.9968795
1740547987.067261 -0.3111428 -0.6973379 5.6199179 -0.0404944 0.0666254 -0.0022227 0.9969535
1740547987.166848 -0.2821249 -0.6812813 5.6473207 -0.0393793 0.0657306 -0.0034775 0.9970540
1740547987.276631 -0.2634160 -0.6787239 5.6668696 -0.0401851 0.0647484 -0.0027262 0.9970885
1740547987.379915 -0.2415128 -0.6687296 5.6898069 -0.0416281 0.0624363 -0.0033807 0.9971747
1740547987.483166 -0.2103958 -0.6547390 5.7234559 -0.0426638 0.0599463 -0.0032869 0.9972841
1740547987.585959 -0.2053163 -0.6687317 5.7476912 -0.0458383 0.0601428 -0.0044613 0.9971268
1740547987.689571 -0.1851432 -0.6645360 5.7828627 -0.0470162 0.0578658 -0.0040265 0.9972085
1740547987.816180 -0.1741351 -0.6792083 5.8138194 -0.0514097 0.0571261 -0.0030767 0.9970377
1740547987.921348 -0.1634553 -0.6778371 5.8317485 -0.0535388 0.0542152 -0.0030579 0.9970883
1740547988.034322 -0.1495853 -0.6822611 5.8527842 -0.0564631 0.0502931 -0.0024945 0.9971340
1740547988.141525 -0.1319488 -0.6916955 5.8778777 -0.0609026 0.0456527 -0.0015551 0.9970980
1740547988.254927 -0.1101821 -0.6966659 5.9104638 -0.0645851 0.0418067 -0.0015322 0.9970349
1740547988.364674 -0.0987634 -0.7013803 5.9327145 -0.0677808 0.0378613 -0.0004713 0.9969815
1740547988.473910 -0.0833112 -0.7112278 5.9631386 -0.0726618 0.0335189 -0.0005336 0.9967931
1740547988.596574 -0.0729338 -0.7281122 5.9983234 -0.0777443 0.0292274 0.0005164 0.9965447
1740547988.700342 -0.0581630 -0.7344928 6.0052762 -0.0808764 0.0225875 0.0015650 0.9964669
1740547988.811912 -0.0426384 -0.7361597 6.0110979 -0.0831938 0.0157152 0.0020126 0.9964074
1740547988.914580 -0.0278837 -0.7420138 6.0327802 -0.0865861 0.0108814 0.0035510 0.9961786
1740547989.018027 -0.0116776 -0.7486476 6.0516329 -0.0907583 0.0059191 0.0039967 0.9958473
1740547989.119086 0.0008824 -0.7504015 6.0680652 -0.0918478 -0.0002700 0.0047074 0.9957619
1740547989.219467 0.0129922 -0.7498204 6.0708842 -0.0922816 -0.0070330 0.0051116 0.9956950
1740547989.323582 0.0319185 -0.7445669 6.0694618 -0.0923552 -0.0145367 0.0043502 0.9956105
1740547989.423716 0.0510220 -0.7387553 6.0879154 -0.0911938 -0.0203296 0.0049522 0.9956133
1740547989.533775 0.0787843 -0.7396391 6.0955796 -0.0921236 -0.0272815 0.0054248 0.9953590
1740547989.633773 0.1017841 -0.7425476 6.1082978 -0.0940648 -0.0340760 0.0052726 0.9949688
1740547989.733829 0.1199603 -0.7511793 6.1196818 -0.0963239 -0.0406811 0.0050405 0.9945056
1740547989.842549 0.1372013 -0.7389244 6.1195283 -0.0920394 -0.0463598 0.0060349 0.9946573
1740547989.946035 0.1554534 -0.7301379 6.1198087 -0.0911473 -0.0524331 0.0045662 0.9944456
1740547990.054557 0.1802196 -0.7399243 6.1478825 -0.0926869 -0.0583612 0.0046858 0.9939724
1740547990.155224 0.2052898 -0.7365193 6.1863770 -0.0923064 -0.0631277 0.0053789 0.9937130
1740547990.261210 0.2237909 -0.7261964 6.2017612 -0.0907635 -0.0688215 0.0053615 0.9934772
1740547990.367810 0.2381975 -0.7169163 6.2237048 -0.0880139 -0.0723164 0.0074420 0.9934629
1740547990.466814 0.2535267 -0.7191631 6.2363839 -0.0888491 -0.0779350 0.0067656 0.9929684
1740547990.584608 0.2729603 -0.7260441 6.2617369 -0.0885859 -0.0835898 0.0072113 0.9925287
1740547990.689903 0.2896851 -0.7258230 6.2679968 -0.0875255 -0.0897815 0.0067867 0.9920850
1740547990.804907 0.3069809 -0.7177756 6.2831044 -0.0843118 -0.0943851 0.0070464 0.9919341
1740547990.917365 0.3130811 -0.7218424 6.2990055 -0.0841624 -0.0990482 0.0066304 0.9914949
1740547991.021926 0.3247012 -0.7129607 6.3009887 -0.0796598 -0.1034790 0.0066709 0.9914141
1740547991.127398 0.3445587 -0.7106715 6.3150883 -0.0798485 -0.1094924 0.0059167 0.9907576
1740547991.231457 0.3591749 -0.7079762 6.3325973 -0.0799119 -0.1143029 0.0060438 0.9902083
1740547991.340623 0.3783079 -0.7006097 6.3498816 -0.0794405 -0.1204106 0.0056217 0.9895246
1740547991.443055 0.3923895 -0.7022296 6.3557358 -0.0784606 -0.1264180 0.0054515 0.9888543
1740547991.552201 0.4092827 -0.6991050 6.3699098 -0.0766957 -0.1318214 0.0060003 0.9882838
1740547991.653238 0.4260532 -0.6942042 6.3822665 -0.0760688 -0.1381099 0.0064579 0.9874703
1740547991.760565 0.4423212 -0.6975193 6.3923216 -0.0768710 -0.1447524 0.0066867 0.9864547
1740547991.868750 0.4576474 -0.6928051 6.4058633 -0.0766063 -0.1509044 0.0064826 0.9855543
1740547991.967770 0.4720054 -0.6880312 6.4128313 -0.0755804 -0.1569495 0.0068857 0.9846863
1740547992.076700 0.4842789 -0.6805914 6.4334440 -0.0746170 -0.1622016 0.0067806 0.9839090
1740547992.185490 0.5008114 -0.6897840 6.4363179 -0.0761568 -0.1694359 0.0068131 0.9825707
1740547992.293104 0.5101911 -0.6829014 6.4496479 -0.0746214 -0.1748364 0.0069112 0.9817414
1740547992.402929 0.5256574 -0.6891792 6.4541411 -0.0758164 -0.1813388 0.0067756 0.9804704
1740547992.510330 0.5388904 -0.6881292 6.4545145 -0.0752206 -0.1867716 0.0075997 0.9794899
1740547992.619256 0.5530933 -0.6946501 6.4595642 -0.0774445 -0.1934909 0.0057045 0.9780241
1740547992.723260 0.5735376 -0.7038632 6.4639831 -0.0799864 -0.2004774 0.0053124 0.9764132
1740547992.835552 0.5828356 -0.7043508 6.4745851 -0.0830733 -0.2064447 0.0035045 0.9749190
1740547992.937698 0.5938450 -0.7044618 6.4701538 -0.0834086 -0.2113099 0.0015783 0.9738525
1740547993.050909 0.6032291 -0.7023101 6.4700942 -0.0821108 -0.2140054 0.0022398 0.9733728
1740547993.154044 0.6172124 -0.7065609 6.4794493 -0.0841680 -0.2202989 0.0010732 0.9717937
1740547993.263599 0.6212726 -0.6998397 6.4798784 -0.0815361 -0.2218140 0.0010883 0.9716734
1740547993.369639 0.6209980 -0.6997024 6.4825015 -0.0809639 -0.2231062 0.0012959 0.9714252
1740547993.475248 0.6308343 -0.6993430 6.4891105 -0.0827453 -0.2272270 0.0002204 0.9703201
1740547993.584569 0.6372207 -0.6934172 6.4900460 -0.0822161 -0.2300192 0.0001993 0.9697070
1740547993.690758 0.6303915 -0.6786714 6.4927549 -0.0786811 -0.2294335 0.0002799 0.9701389
1740547993.802691 0.6341971 -0.6783706 6.5021572 -0.0777099 -0.2295828 0.0016746 0.9701805
1740547993.907610 0.6348205 -0.6691328 6.5105600 -0.0773674 -0.2307200 0.0012713 0.9699386
1740547994.019139 0.6331571 -0.6690632 6.5176482 -0.0793336 -0.2323622 0.0016072 0.9693871
1740547994.125705 0.6276809 -0.6689016 6.5263500 -0.0809651 -0.2313184 0.0023219 0.9695004
1740547994.233510 0.6151581 -0.6716441 6.5427275 -0.0822926 -0.2294690 0.0009135 0.9698305
1740547994.345822 0.6118854 -0.6701698 6.5630918 -0.0837482 -0.2298804 0.0001937 0.9696088
1740547994.468836 0.6084143 -0.6617795 6.5607414 -0.0782452 -0.2284091 0.0011709 0.9704152
1740547994.579469 0.6088373 -0.6636211 6.5801506 -0.0804341 -0.2304905 0.0015595 0.9697433
1740547994.691683 0.6033286 -0.6653076 6.6040406 -0.0836522 -0.2303058 0.0005408 0.9695160
1740547994.803371 0.5936550 -0.6604195 6.6392097 -0.0842531 -0.2300064 0.0004641 0.9695351
1740547994.909507 0.5826098 -0.6558474 6.6764932 -0.0857861 -0.2306591 -0.0000310 0.9692457
1740547995.021933 0.5754018 -0.6522254 6.7081089 -0.0866719 -0.2306659 -0.0005599 0.9691650
1740547995.131753 0.5690883 -0.6489071 6.7393546 -0.0881725 -0.2317623 -0.0010867 0.9687676
1740547995.238028 0.5602322 -0.6491107 6.7805204 -0.0877998 -0.2330691 -0.0010552 0.9684880
1740547995.355663 0.5398183 -0.6498320 6.8255000 -0.0887324 -0.2335284 -0.0014888 0.9682917
1740547995.462696 0.5176123 -0.6390942 6.8875580 -0.0871787 -0.2349640 -0.0010126 0.9680861
1740547995.576788 0.4921189 -0.6386719 6.9426756 -0.0874694 -0.2366824 -0.0008198 0.9676414
1740547995.685066 0.4691129 -0.6363932 6.9879360 -0.0878654 -0.2377070 -0.0006550 0.9673544
1740547995.796081 0.4275742 -0.6466401 7.0152364 -0.0876144 -0.2366942 -0.0008418 0.9676254
1740547995.904079 0.3801981 -0.6608939 7.0442004 -0.0882488 -0.2360415 -0.0007021 0.9677273
1740547996.021399 0.3373509 -0.6662448 7.0768847 -0.0882335 -0.2355790 -0.0007312 0.9678413
1740547996.131244 0.2958747 -0.6627613 7.1101990 -0.0874639 -0.2350377 0.0000495 0.9680430
1740547996.244538 0.2563052 -0.6617127 7.1510777 -0.0869428 -0.2353344 -0.0000362 0.9680179
1740547996.361283 0.2339856 -0.6745088 7.2047892 -0.0885407 -0.2369088 -0.0002832 0.9674889
1740547996.473015 0.2010075 -0.6805341 7.2391887 -0.0892774 -0.2373013 0.0005807 0.9673248
1740547996.590500 0.1707566 -0.6915406 7.2895169 -0.0902437 -0.2378805 -0.0004193 0.9670929
1740547996.703618 0.1444238 -0.6926996 7.3391395 -0.0911338 -0.2383375 -0.0007002 0.9668968
1740547996.829299 0.1041915 -0.6975795 7.3864288 -0.0932295 -0.2391790 -0.0004636 0.9664893
1740547996.941931 0.0704445 -0.6957893 7.4250851 -0.0951604 -0.2387112 -0.0007483 0.9664165
1740547997.059235 0.0370711 -0.6889746 7.4648614 -0.0967980 -0.2385886 -0.0012531 0.9662837
1740547997.170092 0.0010143 -0.6807425 7.5115862 -0.0992892 -0.2389959 -0.0018080 0.9659293
1740547997.287757 -0.0377889 -0.6630462 7.5449066 -0.1010813 -0.2382870 -0.0023745 0.9659173
1740547997.400923 -0.0690696 -0.6561373 7.5874081 -0.1045066 -0.2381664 -0.0036015 0.9655787
1740547997.520828 -0.0903138 -0.6455008 7.6362362 -0.1078177 -0.2382509 -0.0051953 0.9651865
1740547997.630293 -0.1298079 -0.6275201 7.6762424 -0.1098038 -0.2372055 -0.0057250 0.9652170
1740547997.749284 -0.1668926 -0.6277818 7.7209406 -0.1132220 -0.2369494 -0.0063976 0.9648808
1740547997.866112 -0.1958808 -0.6296206 7.7578759 -0.1169495 -0.2362871 -0.0074275 0.9645911
1740547997.977727 -0.2350537 -0.6324323 7.7959175 -0.1188264 -0.2348113 -0.0090960 0.9647078
1740547998.102754 -0.2762432 -0.6251198 7.8391080 -0.1211548 -0.2339834 -0.0091196 0.9646192
1740547998.212811 -0.3143293 -0.6159345 7.8848648 -0.1229764 -0.2330562 -0.0095504 0.9646089
1740547998.339789 -0.3526652 -0.6023743 7.9240603 -0.1235399 -0.2313654 -0.0100840 0.9649385
1740547998.451669 -0.3873672 -0.5908515 7.9640641 -0.1249172 -0.2298720 -0.0102948 0.9651158
1740547998.569566 -0.4338561 -0.5847241 8.0056639 -0.1250769 -0.2280818 -0.0111824 0.9655100
1740547998.680485 -0.4701850 -0.5679192 8.0442734 -0.1253286 -0.2267098 -0.0115380 0.9657962
1740547998.805271 -0.5197468 -0.5667185 8.0852795 -0.1257792 -0.2251438 -0.0116427 0.9661027
1740547998.918415 -0.5506676 -0.5549560 8.1282825 -0.1262022 -0.2245198 -0.0120117 0.9661882
1740547999.033907 -0.5919361 -0.5498556 8.1677294 -0.1252912 -0.2230087 -0.0123708 0.9666521
1740547999.146300 -0.6128752 -0.5387722 8.2129354 -0.1242465 -0.2220513 -0.0119107 0.9670131
1740547999.275470 -0.6432871 -0.5225517 8.2509508 -0.1215343 -0.2205831 -0.0117686 0.9676952
1740547999.388070 -0.6857574 -0.5146397 8.3019390 -0.1201911 -0.2202141 -0.0110790 0.9679552
1740547999.497271 -0.7206835 -0.5114047 8.3477745 -0.1183020 -0.2194430 -0.0113808 0.9683594
1740547999.618736 -0.7551522 -0.4956548 8.3921680 -0.1161372 -0.2188749 -0.0102814 0.9687622
1740547999.724085 -0.8015852 -0.4889587 8.4326077 -0.1133856 -0.2180374 -0.0111637 0.9692671
1740547999.846454 -0.8325499 -0.4706080 8.4811945 -0.1104810 -0.2179150 -0.0096693 0.9696461
1740547999.954009 -0.8654904 -0.4549680 8.5235348 -0.1075746 -0.2171249 -0.0087878 0.9701583
1740548000.069465 -0.9048305 -0.4530624 8.5720787 -0.1051110 -0.2169328 -0.0084313 0.9704745
1740548000.174171 -0.9362592 -0.4517402 8.6150322 -0.1022379 -0.2161990 -0.0079248 0.9709494
1740548000.288926 -0.9761729 -0.4415278 8.6620264 -0.0985111 -0.2159195 -0.0069745 0.9714040
1740548000.392905 -1.0078458 -0.4251249 8.7120342 -0.0951829 -0.2157475 -0.0059689 0.9717807
1740548000.499790 -1.0370252 -0.4179520 8.7576380 -0.0919000 -0.2154601 -0.0048198 0.9721667
1740548000.608550 -1.0660135 -0.4175278 8.8166342 -0.0886831 -0.2162258 -0.0040020 0.9722992
1740548000.717947 -1.1080029 -0.4124406 8.8636522 -0.0853100 -0.2159731 -0.0029169 0.9726610
1740548000.830059 -1.1496465 -0.4052952 8.9023590 -0.0815310 -0.2149918 -0.0021903 0.9732043
1740548000.938769 -1.1843513 -0.4046452 8.9554291 -0.0785347 -0.2150694 -0.0016468 0.9734346
1740548001.052338 -1.2152125 -0.3870442 9.0043259 -0.0751001 -0.2143062 -0.0005013 0.9738750
1740548001.163522 -1.2443088 -0.3857734 9.0536232 -0.0719241 -0.2137129 -0.0004033 0.9742451
1740548001.288980 -1.2780933 -0.3809094 9.0993404 -0.0688069 -0.2122753 0.0000381 0.9747846
1740548001.390769 -1.2925881 -0.3713124 9.1659336 -0.0660653 -0.2128242 0.0008773 0.9748541
1740548001.495844 -1.3275943 -0.3707103 9.2190666 -0.0632394 -0.2118147 0.0015247 0.9752605
1740548001.605213 -1.3746176 -0.3599311 9.2497969 -0.0595286 -0.2091735 0.0020277 0.9760628
1740548001.712234 -1.4199691 -0.3604109 9.2916708 -0.0572793 -0.2069116 0.0018709 0.9766797
1740548001.827215 -1.4612765 -0.3537325 9.3357744 -0.0540342 -0.2049399 0.0027341 0.9772781
1740548001.936880 -1.4949977 -0.3540211 9.3860264 -0.0512477 -0.2032186 0.0030281 0.9777867
1740548002.051350 -1.5201979 -0.3366736 9.4425793 -0.0484347 -0.2018995 0.0044033 0.9781980
1740548002.160137 -1.5524007 -0.3445410 9.5028343 -0.0462289 -0.2005904 0.0040467 0.9785755
1740548002.285165 -1.5850493 -0.3361757 9.5512342 -0.0426560 -0.1983089 0.0048458 0.9791989
1740548002.397290 -1.6310135 -0.3296548 9.5930605 -0.0397198 -0.1952860 0.0048513 0.9799297
1740548002.509094 -1.6593552 -0.3252137 9.6505795 -0.0367470 -0.1932696 0.0053886 0.9804425
1740548002.626698 -1.6984788 -0.3150305 9.7065134 -0.0338629 -0.1914168 0.0059056 0.9809068
1740548002.736961 -1.7281101 -0.3251703 9.7623720 -0.0318786 -0.1896640 0.0064271 0.9813104
1740548002.858794 -1.7391907 -0.3333427 9.8278828 -0.0296464 -0.1891184 0.0069376 0.9814821
1740548002.969733 -1.7787545 -0.3380380 9.8759203 -0.0268715 -0.1867386 0.0076169 0.9820125
1740548003.088758 -1.8133059 -0.3338066 9.9157782 -0.0235432 -0.1840539 0.0083320 0.9825988
1740548003.197341 -1.8243203 -0.3413690 9.9702721 -0.0212239 -0.1845658 0.0085869 0.9825535
1740548003.323758 -1.8075554 -0.3463077 10.0016956 -0.0188777 -0.1875508 0.0092014 0.9820304
1740548003.430854 -1.8045601 -0.3608795 10.0534534 -0.0170547 -0.1891261 0.0098524 0.9817553
1740548003.547477 -1.8199686 -0.3526300 10.1117630 -0.0139043 -0.1894186 0.0103827 0.9817431
1740548003.659311 -1.8139831 -0.3685619 10.1479187 -0.0120116 -0.1923547 0.0109491 0.9811909
1740548003.773980 -1.8077812 -0.4099421 10.1927156 -0.0114004 -0.1950495 0.0126958 0.9806450
1740548003.891583 -1.8325157 -0.4135736 10.2454062 -0.0084089 -0.1960402 0.0130652 0.9804728
1740548004.004570 -1.8090445 -0.4240615 10.2959929 -0.0060085 -0.2001367 0.0143792 0.9796441
1740548004.121570 -1.8129667 -0.4377101 10.3426952 -0.0035152 -0.2031199 0.0155617 0.9790239
1740548004.227200 -1.8142710 -0.4504749 10.3886700 -0.0010978 -0.2064131 0.0158650 0.9783357
1740548004.351175 -1.8285018 -0.4720739 10.4425411 0.0011225 -0.2088221 0.0171778 0.9778022
1740548004.458254 -1.8502984 -0.4899270 10.4805040 0.0034695 -0.2120805 0.0185812 0.9770694
1740548004.572280 -1.8495882 -0.5191702 10.5142260 0.0059939 -0.2164198 0.0198136 0.9760810
1740548004.681285 -1.8472296 -0.5528956 10.5611343 0.0077752 -0.2204706 0.0209922 0.9751368
1740548004.795472 -1.8644118 -0.5665902 10.6053524 0.0107829 -0.2239164 0.0218390 0.9743040
1740548004.908424 -1.8469414 -0.5665058 10.6481800 0.0146806 -0.2292514 0.0230017 0.9729847
1740548005.019714 -1.8517621 -0.5874603 10.6884155 0.0174638 -0.2337632 0.0241009 0.9718379
1740548005.135557 -1.8642476 -0.6010677 10.7336349 0.0205406 -0.2375998 0.0251130 0.9708212
1740548005.243056 -1.8828237 -0.6170650 10.7703524 0.0233291 -0.2414331 0.0256497 0.9697978
1740548005.357620 -1.8860925 -0.6375803 10.8095560 0.0258010 -0.2459921 0.0266575 0.9685616
1740548005.464971 -1.8964906 -0.6574349 10.8586931 0.0282451 -0.2497545 0.0275897 0.9675038
1740548005.579867 -1.8912719 -0.6667908 10.8960505 0.0304616 -0.2545932 0.0283243 0.9661533
1740548005.688198 -1.9140115 -0.6618056 10.9484406 0.0339713 -0.2572021 0.0287296 0.9653329
1740548005.802227 -1.9206549 -0.6796361 10.9857206 0.0355999 -0.2616892 0.0291025 0.9640563
1740548005.909116 -1.9398143 -0.7020279 11.0457850 0.0376243 -0.2641487 0.0305049 0.9632649
1740548006.022293 -1.9647692 -0.7134878 11.0798454 0.0389928 -0.2674971 0.0309100 0.9622731
1740548006.139979 -1.9717219 -0.7378148 11.1282501 0.0394022 -0.2711273 0.0313167 0.9612267
1740548006.243899 -1.9847012 -0.7484750 11.1769705 0.0401512 -0.2745987 0.0309321 0.9602222
1740548006.358154 -2.0151584 -0.7677587 11.2301569 0.0402219 -0.2764803 0.0314901 0.9596611
1740548006.465247 -1.9964902 -0.8088422 11.2678614 0.0384557 -0.2820256 0.0321989 0.9580950
1740548006.578997 -2.0084748 -0.8185046 11.3133745 0.0380796 -0.2854248 0.0318633 0.9571141
1740548006.688600 -2.0045614 -0.8378124 11.3579350 0.0367340 -0.2898932 0.0315219 0.9558342
1740548006.795505 -2.0328536 -0.8493828 11.4048843 0.0351206 -0.2921500 0.0310994 0.9552213
1740548006.906941 -2.0544884 -0.8643531 11.4468994 0.0332898 -0.2951597 0.0310697 0.9543622
1740548007.007263 -2.0478406 -0.8833781 11.4841909 0.0301181 -0.3000431 0.0306199 0.9529583
1740548007.111305 -2.0583668 -0.8923192 11.5185738 0.0275215 -0.3041381 0.0302457 0.9517499
1740548007.211621 -2.0821078 -0.8941358 11.5763111 0.0249593 -0.3064955 0.0290308 0.9511019
1740548007.320140 -2.1123774 -0.9027089 11.6401672 0.0220655 -0.3083785 0.0282302 0.9505887
1740548007.423039 -2.1328237 -0.9198920 11.6847668 0.0187581 -0.3119771 0.0283941 0.9494800
1740548007.540604 -2.1564331 -0.9145002 11.7284060 0.0163341 -0.3157778 0.0270552 0.9483067
1740548007.638870 -2.1821868 -0.9248801 11.7856073 0.0134748 -0.3190915 0.0263379 0.9472621
1740548007.739240 -2.2085605 -0.9381448 11.8353224 0.0106664 -0.3230259 0.0262267 0.9459665
1740548007.855410 -2.2263710 -0.9329435 11.8967543 0.0088487 -0.3277590 0.0251367 0.9443855
1740548007.958082 -2.2558727 -0.9328570 11.9493713 0.0075447 -0.3324152 0.0248387 0.9427758
1740548008.073580 -2.3024492 -0.9197843 12.0025978 0.0068586 -0.3367117 0.0242082 0.9412716
1740548008.283878 -2.3567109 -0.9349236 12.0963373 0.0048366 -0.3493531 0.0247018 0.9366530
1740548008.391876 -2.4069834 -0.9270769 12.1443691 0.0057477 -0.3550829 0.0247647 0.9344891
1740548008.616378 -2.5054383 -0.9154059 12.2448311 0.0091961 -0.3676389 0.0258935 0.9295626
1740548008.721469 -2.5585265 -0.9099029 12.2914658 0.0121808 -0.3743989 0.0267688 0.9268013
1740548008.938342 -2.6659887 -0.9119668 12.3858891 0.0196117 -0.3884766 0.0299087 0.9207643
1740548009.474268 -2.9424744 -0.9438505 12.5744324 0.0526232 -0.4247679 0.0428192 0.9027566
1740548009.783451 -3.1091802 -1.0152096 12.6729765 0.0777127 -0.4442278 0.0533866 0.8909390
1740548009.890985 -3.1727204 -1.0413802 12.6959496 0.0868574 -0.4494086 0.0570461 0.8872618
1740548009.989748 -3.2271562 -1.0686606 12.7284813 0.0955592 -0.4544555 0.0612409 0.8835090
1740548010.094483 -3.2889316 -1.0981295 12.7505455 0.1043275 -0.4587948 0.0649540 0.8800023
1740548010.194343 -3.3344784 -1.1327230 12.7949924 0.1127171 -0.4633719 0.0688816 0.8762629
1740548010.299460 -3.3872862 -1.1532748 12.8286915 0.1219278 -0.4670893 0.0725147 0.8727559
1740548010.405087 -3.4416444 -1.1896780 12.8530922 0.1288569 -0.4698785 0.0756431 0.8699933
1740548010.621740 -3.5352588 -1.2517052 12.9342413 0.1440278 -0.4758296 0.0819846 0.8637828
1740548010.821361 -3.6348462 -1.3276259 12.9982014 0.1557165 -0.4798018 0.0874649 0.8590068
1740548011.022489 -3.7368135 -1.3949989 13.0635548 0.1649705 -0.4828911 0.0915236 0.8551165
1740548011.436608 -3.9490018 -1.5226569 13.1912117 0.1754095 -0.4877096 0.0959135 0.8498067
1740548011.741226 -4.1333890 -1.5906955 13.2634544 0.1774150 -0.4896814 0.0973212 0.8480947
1740548012.051732 -4.3174882 -1.6492876 13.3395147 0.1770191 -0.4901686 0.0964335 0.8479974
1740548012.573293 -4.5910025 -1.7855593 13.4970303 0.1729927 -0.4860575 0.0958014 0.8512601
1740548012.894035 -4.7416286 -1.8708301 13.6194229 0.1716802 -0.4815057 0.0958429 0.8541033
1740548013.512109 -5.0409694 -2.0492790 13.8420200 0.1674993 -0.4709428 0.0963464 0.8607405
1740548013.940893 -5.2653236 -2.1560478 13.9778624 0.1644743 -0.4664350 0.0964359 0.8637631
1740548014.350924 -5.4868398 -2.2558692 14.1168079 0.1607103 -0.4656445 0.0946421 0.8650955
1740548015.073090 -5.8628592 -2.4219635 14.3662262 0.1541299 -0.4729345 0.0900277 0.8628279
1740548015.592813 -6.1388092 -2.5533440 14.5349407 0.1506573 -0.4778169 0.0887990 0.8608764
1740548016.108635 -6.4051991 -2.6607049 14.7276354 0.1521560 -0.4811874 0.0859525 0.8590224
1740548016.520861 -6.6131926 -2.8041539 14.8700485 0.1496822 -0.4824179 0.0848800 0.8588735
1740548016.840491 -6.7214570 -2.9069705 14.9659405 0.1487456 -0.4844637 0.0856850 0.8578041
1740548017.044730 -6.7605815 -2.9893591 15.0447979 0.1478935 -0.4872659 0.0855472 0.8563767
1740548017.253955 -6.8452644 -3.0781744 15.1077938 0.1454099 -0.4864816 0.0876011 0.8570400
1740548017.462385 -6.9518785 -3.1302009 15.1610394 0.1469865 -0.4842985 0.0867272 0.8580958
1740548017.573989 -6.9916401 -3.1390190 15.1837025 0.1485968 -0.4814728 0.0889826 0.8591769
1740548017.675967 -7.0485296 -3.1505990 15.2072124 0.1519963 -0.4783404 0.0889217 0.8603374
1740548017.778505 -7.1035423 -3.1860845 15.2329178 0.1503759 -0.4754916 0.0921515 0.8618602
1740548017.897936 -7.1310616 -3.2021997 15.2748508 0.1526182 -0.4738759 0.0931555 0.8622478
1740548018.001750 -7.1785793 -3.2391551 15.3190689 0.1523628 -0.4709961 0.0950904 0.8636585
1740548018.115668 -7.2057228 -3.2693620 15.3267918 0.1543060 -0.4673951 0.0996197 0.8647586
1740548018.218653 -7.2530985 -3.3161969 15.3743000 0.1550564 -0.4641893 0.1012068 0.8661658
1740548018.335479 -7.2533474 -3.3321152 15.4141026 0.1565039 -0.4627101 0.1038206 0.8663874
1740548018.435382 -7.2786160 -3.3770509 15.4512405 0.1575376 -0.4595901 0.1078008 0.8673741
1740548018.540029 -7.3372188 -3.3822536 15.4839516 0.1620760 -0.4537287 0.1081449 0.8695782
1740548018.649139 -7.3381267 -3.3861012 15.5096951 0.1642795 -0.4514826 0.1120636 0.8698376
1740548018.754028 -7.3705401 -3.3751714 15.5091419 0.1687685 -0.4465270 0.1178366 0.8707729
1740548018.866527 -7.3742089 -3.4413197 15.5631771 0.1683609 -0.4438101 0.1184482 0.8721566
1740548018.971162 -7.4185796 -3.4937522 15.5915546 0.1692569 -0.4387875 0.1221616 0.8740104
1740548019.091989 -7.4365377 -3.4634554 15.6307907 0.1751807 -0.4367968 0.1281936 0.8729758
1740548019.193204 -7.4483356 -3.5304816 15.6428499 0.1754788 -0.4310868 0.1279532 0.8757851
1740548019.296525 -7.4454455 -3.5276051 15.6676893 0.1804870 -0.4293255 0.1330397 0.8748740
1740548019.510033 -7.5070667 -3.6101739 15.7256641 0.1857828 -0.4189606 0.1387085 0.8779048
1740548019.617397 -7.4952974 -3.6158278 15.7299213 0.1881233 -0.4167518 0.1429349 0.8777797
1740548019.722874 -7.5425529 -3.6046124 15.7631245 0.1955914 -0.4120324 0.1464982 0.8777879
1740548019.838443 -7.5292506 -3.6424012 15.7584133 0.1947950 -0.4093528 0.1496623 0.8786845
1740548019.940598 -7.5583048 -3.6480293 15.7840662 0.1994699 -0.4054038 0.1533737 0.8788266
1740548020.042349 -7.5567236 -3.6492486 15.8038158 0.2044619 -0.4038061 0.1617286 0.8769150
1740548020.151844 -7.5610471 -3.6639836 15.8312407 0.2087957 -0.4023053 0.1614844 0.8766286
1740548020.259612 -7.5700588 -3.6776280 15.8643398 0.2132929 -0.4004064 0.1656853 0.8756308
1740548020.367584 -7.6028843 -3.7068763 15.8687096 0.2179185 -0.3936071 0.1698693 0.8767722
1740548020.472291 -7.6080341 -3.7080767 15.9112196 0.2235253 -0.3926105 0.1696766 0.8758443
1740548020.586678 -7.6203051 -3.7213936 15.8990459 0.2249346 -0.3890355 0.1753519 0.8759609
1740548020.693887 -7.6444254 -3.7902775 15.9501839 0.2267157 -0.3858384 0.1781740 0.8763462
1740548020.792896 -7.6612186 -3.7865336 15.9677734 0.2331089 -0.3821618 0.1827282 0.8753417
1740548020.901951 -7.6738291 -3.8124380 15.9760466 0.2358075 -0.3800133 0.1873384 0.8745794
1740548021.009485 -7.6782079 -3.8414567 15.9989347 0.2392866 -0.3774884 0.1876252 0.8746663
1740548021.121539 -7.7041039 -3.8320019 16.0090694 0.2445040 -0.3735524 0.1921117 0.8739391
1740548021.225555 -7.7207265 -3.8606529 16.0290985 0.2476100 -0.3697330 0.1925083 0.8746012
1740548021.338626 -7.7062144 -3.8736506 16.0396023 0.2496758 -0.3722671 0.1982267 0.8716567
1740548021.443425 -7.7204456 -3.9056237 16.0696678 0.2519671 -0.3699514 0.2016309 0.8712023
1740548021.542333 -7.7280889 -3.9430044 16.0936909 0.2557325 -0.3666860 0.2031810 0.8711256
1740548021.650947 -7.7594037 -3.9382582 16.1056938 0.2596830 -0.3643449 0.2091845 0.8695168
1740548021.755986 -7.7665682 -3.9482088 16.1139374 0.2647473 -0.3595417 0.2092974 0.8699616
1740548021.865177 -7.7623320 -3.9873767 16.1431847 0.2651367 -0.3605928 0.2133279 0.8684276
1740548021.963683 -7.7714796 -4.0247126 16.1588078 0.2661300 -0.3593028 0.2174662 0.8676317
1740548022.062383 -7.8031673 -4.0228505 16.1734524 0.2716629 -0.3571647 0.2197282 0.8662287
1740548022.166592 -7.8008227 -4.0356212 16.1606312 0.2734093 -0.3540181 0.2211027 0.8666212
1740548022.266284 -7.8169770 -4.0601745 16.1884956 0.2764915 -0.3515193 0.2248358 0.8656994
1740548022.372468 -7.8360891 -4.0775476 16.2321911 0.2834942 -0.3467951 0.2234196 0.8657066
1740548022.469933 -7.8425722 -4.1070113 16.2295151 0.2814189 -0.3458728 0.2295774 0.8651414
1740548022.572448 -7.8588457 -4.1151495 16.2557564 0.2885106 -0.3431689 0.2287764 0.8640938
1740548022.675800 -7.8656020 -4.1375813 16.2464123 0.2878371 -0.3424299 0.2355222 0.8627982
1740548022.774937 -7.8630743 -4.1451550 16.2458534 0.2908764 -0.3396251 0.2369548 0.8624953
1740548022.880334 -7.8727412 -4.1789975 16.2636623 0.2902704 -0.3382969 0.2387791 0.8627183
1740548022.980343 -7.8947496 -4.2004638 16.2913361 0.2947761 -0.3368430 0.2433288 0.8604853
1740548023.094543 -7.8931904 -4.2717772 16.3283329 0.2950941 -0.3374535 0.2445208 0.8597989
1740548023.193604 -7.9029245 -4.2521372 16.3730679 0.3040890 -0.3363104 0.2472378 0.8563286
1740548023.294599 -7.8492088 -4.2551379 16.3725014 0.3013026 -0.3391603 0.2473235 0.8561648
1740548023.398731 -7.9032454 -4.2931495 16.3969803 0.3067040 -0.3331592 0.2511012 0.8555033
1740548023.497607 -7.8957462 -4.3419132 16.4002609 0.3037499 -0.3349351 0.2522545 0.8555245
1740548023.604108 -7.9088039 -4.3689256 16.4314270 0.3088273 -0.3319559 0.2552680 0.8539726
1740548023.709596 -7.9184842 -4.3857903 16.4490891 0.3114322 -0.3312939 0.2588999 0.8521885
1740548023.808209 -7.9365244 -4.3919821 16.4705238 0.3148820 -0.3288579 0.2606419 0.8513328
1740548023.911785 -7.9345746 -4.4297829 16.4766827 0.3137159 -0.3272701 0.2618087 0.8520169
1740548024.012923 -7.9572582 -4.4336877 16.5063782 0.3225309 -0.3247619 0.2620756 0.8495998
1740548024.122304 -7.9493866 -4.4818344 16.5288029 0.3213028 -0.3245048 0.2649463 0.8492730
1740548024.223680 -7.9708867 -4.5349512 16.5516720 0.3224010 -0.3237127 0.2652513 0.8490639
1740548024.328481 -7.9544315 -4.5801592 16.5273743 0.3201661 -0.3229958 0.2656471 0.8500583
1740548024.433845 -7.9635544 -4.6046443 16.5748920 0.3251556 -0.3231462 0.2706761 0.8465133
1740548024.536439 -7.9669337 -4.6125946 16.5872612 0.3274100 -0.3217812 0.2742676 0.8450070
1740548024.653721 -7.9680686 -4.6829557 16.6337109 0.3285906 -0.3217501 0.2729675 0.8449816
1740548024.757974 -7.9976516 -4.6928401 16.5979233 0.3278841 -0.3187327 0.2784449 0.8446122
1740548024.861859 -8.0560541 -4.6868310 16.6534977 0.3356912 -0.3168715 0.2808879 0.8414308
1740548024.965316 -8.0382719 -4.7111778 16.6680107 0.3358659 -0.3172365 0.2820236 0.8408435
1740548025.175390 -8.1203842 -4.7727747 16.7846718 0.3446209 -0.3134110 0.2799166 0.8394383
1740548025.278292 -8.0647535 -4.8142109 16.7412014 0.3432793 -0.3134899 0.2797026 0.8400297
1740548025.489276 -8.1181889 -4.8555307 16.7402916 0.3459978 -0.3084248 0.2842447 0.8392643
1740548025.595237 -8.0676527 -4.8494682 16.7323284 0.3430867 -0.3120307 0.2877930 0.8379162
1740548025.697710 -8.1192799 -4.9596004 16.8031902 0.3450075 -0.3128808 0.2851717 0.8377067
1740548025.798831 -8.0993729 -4.9321551 16.7990227 0.3443513 -0.3143910 0.2859361 0.8371505
1740548026.013833 -8.1505842 -4.9713011 16.8376427 0.3488021 -0.3100266 0.2862886 0.8368151
1740548026.227385 -8.1546144 -5.0019183 16.8925209 0.3509562 -0.3171465 0.2850874 0.8336504
1740548026.326006 -8.1745796 -5.0506930 16.8901024 0.3515906 -0.3124540 0.2862274 0.8347637
1740548026.429197 -8.1501551 -5.0888858 16.9179306 0.3513704 -0.3159518 0.2839497 0.8343176
1740548026.529466 -8.1627016 -5.1079617 16.9522343 0.3532158 -0.3190928 0.2837125 0.8324215
1740548026.637226 -8.1797571 -5.1694355 16.9607811 0.3514682 -0.3187574 0.2855347 0.8326666
1740548026.740696 -8.1887760 -5.1848974 16.9695988 0.3524527 -0.3198835 0.2838661 0.8323891
1740548026.841172 -8.1959372 -5.2199216 17.0278511 0.3545432 -0.3218524 0.2824791 0.8312134
1740548026.943265 -8.2470198 -5.2649918 17.0367546 0.3561857 -0.3190953 0.2870254 0.8300159
1740548027.045246 -8.2296190 -5.2552223 17.0489197 0.3561734 -0.3224061 0.2867485 0.8288366
1740548027.145400 -8.2301178 -5.3206453 17.0690689 0.3579681 -0.3230017 0.2788332 0.8305305
1740548027.245633 -8.2475815 -5.3828316 17.0900879 0.3552495 -0.3253537 0.2840022 0.8290268
1740548027.356946 -8.3262281 -5.3702698 17.0921516 0.3564958 -0.3253515 0.2916056 0.8258471
1740548027.661470 -8.3135986 -5.4568286 17.1894531 0.3612651 -0.3261842 0.2817737 0.8268585
1740548027.863259 -8.3608475 -5.5405359 17.2501678 0.3635092 -0.3317045 0.2842873 0.8228086
1740548028.059553 -8.3663359 -5.6197543 17.2903328 0.3627194 -0.3348410 0.2822355 0.8225930
1740548028.165986 -8.3866158 -5.6233406 17.3348598 0.3649805 -0.3381935 0.2832364 0.8198729
1740548028.263829 -8.3562794 -5.6891570 17.3763161 0.3630769 -0.3419617 0.2827136 0.8193353
1740548028.367867 -8.3961449 -5.7207460 17.4020023 0.3645071 -0.3421275 0.2801405 0.8195149
1740548028.469070 -8.4055099 -5.7772608 17.4259033 0.3651426 -0.3442881 0.2789012 0.8187495
1740548028.565653 -8.4241924 -5.8061075 17.4854069 0.3657572 -0.3481743 0.2771552 0.8174236
1740548028.667909 -8.4236183 -5.8662224 17.4977608 0.3627629 -0.3507015 0.2756102 0.8181996
1740548028.765460 -8.4446630 -5.8875928 17.5153961 0.3632472 -0.3522032 0.2726203 0.8183413
1740548028.874335 -8.4807901 -5.9424982 17.5447712 0.3622977 -0.3535839 0.2724872 0.8182113
1740548028.971543 -8.4938984 -5.9646244 17.5585365 0.3624054 -0.3547832 0.2730543 0.8174549
1740548029.069050 -8.4980383 -6.0287137 17.6097755 0.3601152 -0.3598136 0.2674643 0.8181161
1740548029.274809 -8.5427761 -6.1236362 17.6913567 0.3615215 -0.3661345 0.2646218 0.8156121
1740548029.386178 -8.5650425 -6.1700706 17.7671280 0.3635511 -0.3703187 0.2613499 0.8138741
1740548029.586961 -8.5901489 -6.2509069 17.8030815 0.3638232 -0.3728558 0.2568038 0.8140412
1740548029.689893 -8.5962734 -6.3202915 17.8030224 0.3595373 -0.3767897 0.2596065 0.8132448
1740548030.090923 -8.6429291 -6.4568863 17.9199390 0.3618141 -0.3871577 0.2526343 0.8095527
1740548030.292292 -8.6343174 -6.4836082 17.9308777 0.3610263 -0.3899467 0.2526672 0.8085548
1740548031.099536 -8.7274208 -6.6828227 18.1339912 0.3796133 -0.4026122 0.2495303 0.7946897
1740548032.230274 -8.7089233 -6.7699795 18.1843090 0.4040644 -0.4064695 0.2508590 0.7801181
1740548032.327677 -8.7242212 -6.8021851 18.2381821 0.4087529 -0.4068041 0.2494849 0.7779389
1740548032.527888 -8.7651157 -6.8429093 18.1488190 0.4079936 -0.4037787 0.2587997 0.7768699
1740548032.635828 -8.7589331 -6.9210391 18.2458057 0.4102732 -0.4090561 0.2581992 0.7730992
1740548032.947117 -8.7595367 -6.9039960 18.2807808 0.4198039 -0.4091331 0.2555330 0.7688158
1740548033.447773 -8.7719955 -7.0397234 18.3404846 0.4270049 -0.4143049 0.2517427 0.7633110
1740548033.545778 -8.7955170 -7.0720725 18.3484459 0.4278474 -0.4151684 0.2549349 0.7613081
1740548033.844331 -8.8006649 -7.1391544 18.3947563 0.4310082 -0.4188023 0.2506995 0.7589377
1740548033.947145 -8.8006945 -7.2107215 18.4252701 0.4321015 -0.4221786 0.2491262 0.7569609
1740548034.145974 -8.8036118 -7.2467680 18.4216175 0.4331263 -0.4226892 0.2447167 0.7575283
1740548034.446641 -8.8303604 -7.3538818 18.4733582 0.4368432 -0.4257647 0.2418157 0.7545977
1740548034.547369 -8.8347855 -7.4146876 18.4981194 0.4377669 -0.4261497 0.2400870 0.7543970
1740548034.647501 -8.8594770 -7.4634409 18.5132847 0.4370867 -0.4257001 0.2405180 0.7549078
1740548034.745870 -8.8545399 -7.4702659 18.5405502 0.4399698 -0.4275810 0.2392980 0.7525540
1740548034.844488 -8.8462811 -7.4778442 18.5259056 0.4403092 -0.4271228 0.2383504 0.7529163
1740548034.947657 -8.8478060 -7.5209012 18.5468597 0.4404537 -0.4276182 0.2389252 0.7523682
1740548035.044538 -8.8639898 -7.5883226 18.5790672 0.4419918 -0.4285585 0.2391621 0.7508544
1740548035.145817 -8.8677635 -7.6173658 18.5911064 0.4432073 -0.4283211 0.2407244 0.7497734
1740548035.244937 -8.8658581 -7.6642728 18.6056976 0.4424238 -0.4287815 0.2410684 0.7498625
1740548035.344965 -8.8958683 -7.7052817 18.6197720 0.4434111 -0.4272865 0.2411319 0.7501122
1740548035.448832 -8.9042416 -7.7410393 18.6204262 0.4441531 -0.4264881 0.2427388 0.7496091
1740548035.546676 -8.9217978 -7.7679377 18.6645699 0.4478882 -0.4265875 0.2427212 0.7473324
1740548035.647788 -8.9335461 -7.8212113 18.6592045 0.4474635 -0.4248930 0.2453115 0.7477063
1740548035.747253 -8.9333725 -7.8764138 18.6902199 0.4487901 -0.4253725 0.2452215 0.7466673
1740548035.844938 -8.9433823 -7.9238329 18.7055721 0.4495250 -0.4243455 0.2457826 0.7466251
1740548035.949236 -8.9455900 -7.9618778 18.7246056 0.4510727 -0.4232505 0.2456557 0.7463549
1740548036.048162 -8.9667282 -8.0031681 18.7376499 0.4522493 -0.4220369 0.2472162 0.7458147
1740548036.151833 -8.9685583 -8.0520363 18.7529335 0.4526899 -0.4210739 0.2478844 0.7458699
1740548036.254408 -8.9838924 -8.1083088 18.7697372 0.4536541 -0.4193308 0.2486189 0.7460217
1740548036.355180 -8.9904900 -8.1508207 18.7954750 0.4544488 -0.4191107 0.2489830 0.7455401
1740548036.556303 -9.0096054 -8.2373371 18.8390656 0.4559311 -0.4178933 0.2511486 0.7445914
1740548036.766157 -9.0302868 -8.3515568 18.8630486 0.4563633 -0.4142971 0.2511934 0.7463192
1740548036.966125 -9.0382853 -8.4119883 18.8781071 0.4546116 -0.4137159 0.2554547 0.7462643
1740548037.170920 -9.0506935 -8.4675407 18.8964310 0.4543942 -0.4127954 0.2533337 0.7476282
1740548037.368987 -9.0925646 -8.4959946 18.9301186 0.4556748 -0.4102574 0.2554386 0.7475297
1740548037.576703 -9.0810852 -8.5316811 18.9333954 0.4529463 -0.4109217 0.2557293 0.7487226
1740548038.180258 -9.1125965 -8.6106510 18.9757137 0.4464207 -0.4085312 0.2505646 0.7556641
1740548038.791423 -9.1188421 -8.6807098 18.9950829 0.4327782 -0.4112291 0.2479252 0.7629723
1740548038.900032 -9.1150284 -8.6865816 18.9924278 0.4293765 -0.4111409 0.2457308 0.7656470
1740548038.998017 -9.1182203 -8.6914482 18.9968071 0.4280093 -0.4108794 0.2455504 0.7666101
1740548039.093607 -9.1211224 -8.7091331 19.0065308 0.4253989 -0.4112650 0.2448943 0.7680649
1740548039.198099 -9.1231155 -8.7107658 19.0097237 0.4240462 -0.4121714 0.2460661 0.7679525
1740548039.297035 -9.1210041 -8.7256861 19.0156212 0.4211342 -0.4128295 0.2451845 0.7694819
1740548039.401885 -9.1226940 -8.7236347 19.0181141 0.4196329 -0.4125589 0.2436173 0.7709435
1740548039.510274 -9.1205959 -8.7340431 19.0263901 0.4178504 -0.4134783 0.2434591 0.7714690
1740548039.610052 -9.1194382 -8.7446194 19.0281601 0.4158626 -0.4134021 0.2435899 0.7725419
1740548039.715682 -9.1226501 -8.7555552 19.0317593 0.4136115 -0.4133942 0.2441071 0.7735906
1740548039.816673 -9.1243782 -8.7622480 19.0378456 0.4132488 -0.4117400 0.2423082 0.7752305
1740548039.927711 -9.1270103 -8.7674475 19.0386658 0.4120314 -0.4109202 0.2453317 0.7753625
1740548040.030020 -9.1280661 -8.7775288 19.0430031 0.4104638 -0.4105220 0.2465135 0.7760299
1740548040.132509 -9.1283417 -8.7781658 19.0481510 0.4112378 -0.4105977 0.2466969 0.7755216
1740548040.244445 -9.1247244 -8.7923708 19.0587883 0.4088455 -0.4110398 0.2454662 0.7769415
1740548040.344569 -9.1215239 -8.8002110 19.0602570 0.4068957 -0.4116054 0.2464912 0.7773409
1740548040.450850 -9.1208115 -8.8073215 19.0656204 0.4063557 -0.4110359 0.2467121 0.7778546
1740548040.551077 -9.1200008 -8.8158522 19.0679379 0.4045516 -0.4102656 0.2465259 0.7792593
1740548040.656373 -9.1158943 -8.8248301 19.0748043 0.4026122 -0.4105825 0.2460234 0.7802550
1740548040.761437 -9.1148453 -8.8278570 19.0757408 0.4015963 -0.4103151 0.2457074 0.7810185
1740548040.857623 -9.1133347 -8.8339643 19.0776405 0.4005827 -0.4105888 0.2470572 0.7809693
1740548040.963748 -9.1144867 -8.8400726 19.0826645 0.4010243 -0.4103782 0.2474330 0.7807343
1740548041.065830 -9.1107922 -8.8622837 19.0975990 0.3991683 -0.4103353 0.2467446 0.7819250
1740548041.166958 -9.1105814 -8.8761635 19.1054192 0.3976583 -0.4099492 0.2442864 0.7836669
1740548041.266115 -9.1122751 -8.8870697 19.1082973 0.3948016 -0.4115316 0.2423752 0.7848744
1740548041.363262 -9.1029091 -8.9522924 19.1415939 0.3925190 -0.4126377 0.2406877 0.7859570
1740548041.470380 -9.0966339 -8.9972486 19.1765137 0.3906692 -0.4146430 0.2386115 0.7864562
1740548041.569875 -9.0930510 -9.0519314 19.2176552 0.3897960 -0.4155700 0.2369629 0.7868986
1740548041.678534 -9.0825834 -9.1069651 19.2540169 0.3874822 -0.4167169 0.2343487 0.7882165
1740548041.873362 -9.1680927 -9.2079172 19.2864151 0.3839044 -0.4143473 0.2360558 0.7907032
1740548042.078152 -9.2319050 -9.3080463 19.3277397 0.3811281 -0.4121704 0.2368407 0.7929460
1740548042.288517 -9.2856770 -9.4092054 19.3788872 0.3783747 -0.4107507 0.2363053 0.7951581
1740548042.504280 -9.3525190 -9.5089254 19.4368095 0.3758778 -0.4081339 0.2358262 0.7978274
1740548042.718488 -9.4050093 -9.6129160 19.4872093 0.3720817 -0.4062256 0.2364630 0.8003882
1740548042.921087 -9.4753637 -9.7145071 19.5321102 0.3689423 -0.4032717 0.2374431 0.8030407
1740548043.223449 -9.5527611 -9.8606558 19.6071205 0.3624093 -0.3993458 0.2372710 0.8080129
1740548043.431121 -9.6150503 -9.9652319 19.6555271 0.3575436 -0.3954184 0.2383986 0.8117716
1740548043.635529 -9.6720123 -10.0646305 19.7174339 0.3535683 -0.3909140 0.2391922 0.8154525
1740548043.840772 -9.7293463 -10.1616898 19.7811737 0.3484851 -0.3858078 0.2403524 0.8197203
1740548044.049364 -9.7987461 -10.2526531 19.8464699 0.3435015 -0.3794795 0.2423930 0.8241648
1740548044.262482 -9.8603735 -10.3436584 19.9143066 0.3386379 -0.3731354 0.2442411 0.8285171
1740548044.472881 -9.9038963 -10.4326067 19.9983368 0.3350872 -0.3663025 0.2459342 0.8324996
1740548044.575484 -9.9288397 -10.4834881 20.0368614 0.3328964 -0.3624261 0.2467898 0.8348186
1740548044.691185 -9.9591808 -10.5296879 20.0703812 0.3304185 -0.3583786 0.2481964 0.8371302
1740548044.795885 -9.9917259 -10.5809450 20.0993805 0.3283301 -0.3540932 0.2500955 0.8392078
1740548045.012011 -10.0427485 -10.6713829 20.1787186 0.3248488 -0.3465641 0.2530472 0.8428130
1740548045.223979 -10.0904799 -10.7626095 20.2614670 0.3222966 -0.3383338 0.2561938 0.8461796
1740548045.329229 -10.1091433 -10.8115644 20.2956352 0.3205793 -0.3345211 0.2571462 0.8480569
1740548045.548828 -10.1642170 -10.9041862 20.3746872 0.3193331 -0.3262534 0.2611701 0.8505147
1740548045.764725 -10.1860113 -10.9959602 20.4682903 0.3183461 -0.3201193 0.2634693 0.8525042
1740548045.976139 -10.2442408 -11.0891428 20.5434151 0.3188357 -0.3119237 0.2677230 0.8540327
1740548046.090730 -10.2650232 -11.1418867 20.5777206 0.3192042 -0.3078904 0.2697821 0.8547105
1740548046.204815 -10.2827940 -11.1877060 20.6209679 0.3201902 -0.3048887 0.2713525 0.8549204
1740548046.309329 -10.3059788 -11.2330189 20.6584435 0.3218342 -0.3015983 0.2726810 0.8550475
1740548046.418651 -10.3298683 -11.2841825 20.7001896 0.3233762 -0.2978993 0.2750504 0.8550036
1740548046.525631 -10.3489990 -11.3340673 20.7418270 0.3260976 -0.2941055 0.2768841 0.8546915
1740548046.632377 -10.3642349 -11.3741751 20.7970848 0.3299248 -0.2910277 0.2785636 0.8537300
1740548046.741895 -10.3789101 -11.4254770 20.8267212 0.3317300 -0.2873932 0.2813241 0.8533564
1740548046.850448 -10.3851700 -11.4739199 20.8779392 0.3360294 -0.2844825 0.2839296 0.8517851
1740548046.956197 -10.4053535 -11.5243769 20.9175072 0.3409721 -0.2799890 0.2857958 0.8506850
1740548047.062257 -10.4220686 -11.5803843 20.9493542 0.3440854 -0.2767174 0.2883433 0.8496416
1740548047.278351 -10.4753857 -11.6822786 21.0340500 0.3569131 -0.2672437 0.2944085 0.8452914
1740548047.381309 -10.4945364 -11.7304764 21.0767689 0.3631528 -0.2630360 0.2971016 0.8430082
1740548047.490463 -10.5279779 -11.7830305 21.1142120 0.3698218 -0.2585179 0.3005013 0.8402972
1740548047.598594 -10.5415516 -11.8315907 21.1579418 0.3777193 -0.2543025 0.3030422 0.8371522
1740548047.710334 -10.5391636 -11.8868275 21.2007713 0.3851770 -0.2498122 0.3062448 0.8339345
1740548047.816936 -10.5341034 -11.9399595 21.2420731 0.3934150 -0.2448392 0.3096665 0.8302922
1740548047.929822 -10.5231285 -11.9984722 21.2789803 0.4020363 -0.2396858 0.3128996 0.8264450
1740548048.135411 -10.5096292 -12.1216640 21.3296776 0.4187519 -0.2298185 0.3197714 0.8182766
1740548048.246845 -10.4902630 -12.1817751 21.3673248 0.4273972 -0.2255188 0.3221062 0.8140765
1740548048.475576 -10.4751978 -12.3174095 21.4136238 0.4436061 -0.2163522 0.3280421 0.8054774
1740548048.584310 -10.4642925 -12.3792067 21.4341621 0.4513695 -0.2123614 0.3308448 0.8010680
1740548048.697183 -10.4544477 -12.4411364 21.4619198 0.4590504 -0.2088994 0.3331033 0.7966655
1740548048.801798 -10.4484606 -12.5048380 21.4854469 0.4664532 -0.2053662 0.3354715 0.7922784
1740548048.918460 -10.4492855 -12.5648527 21.5208511 0.4744405 -0.2015570 0.3375244 0.7876282
1740548049.022009 -10.4493971 -12.6293087 21.5419846 0.4811407 -0.1981912 0.3396983 0.7834724
1740548049.129840 -10.4429522 -12.6898155 21.5731506 0.4875450 -0.1953577 0.3413115 0.7795138
1740548049.239591 -10.4289570 -12.7501602 21.6055431 0.4937670 -0.1931889 0.3424707 0.7756197
1740548049.348470 -10.4290304 -12.8137188 21.6337090 0.5000288 -0.1905223 0.3438306 0.7716561
1740548049.459309 -10.4253168 -12.8775616 21.6521492 0.5055576 -0.1879723 0.3455365 0.7679079
1740548049.568345 -10.4129734 -12.9420414 21.6760120 0.5113193 -0.1860577 0.3461695 0.7642655
1740548049.685769 -10.4096975 -13.0073195 21.6938553 0.5165534 -0.1836228 0.3476618 0.7606488
1740548049.792955 -10.3999329 -13.0723467 21.7200279 0.5218062 -0.1817656 0.3485306 0.7571037
1740548049.904078 -10.3939419 -13.1391449 21.7427483 0.5266827 -0.1798404 0.3495706 0.7536997
1740548050.020343 -10.3843641 -13.2023621 21.7696609 0.5313880 -0.1779886 0.3502847 0.7504982
1740548050.123195 -10.3748989 -13.2679081 21.7919979 0.5357879 -0.1759356 0.3513031 0.7473715
1740548050.232904 -10.3638144 -13.3324661 21.8171158 0.5403374 -0.1745379 0.3522738 0.7439592
1740548050.447549 -10.3384552 -13.4630566 21.8561668 0.5486583 -0.1705018 0.3540975 0.7379149
1740548050.654765 -10.3107290 -13.5943546 21.8985023 0.5565167 -0.1665923 0.3558708 0.7320465
1740548050.863122 -10.2856617 -13.7245750 21.9394627 0.5639578 -0.1621928 0.3578788 0.7263386
1740548050.977226 -10.2711039 -13.7888041 21.9558697 0.5676431 -0.1601302 0.3585670 0.7235810
1740548051.081293 -10.2611675 -13.8583193 21.9714088 0.5709854 -0.1580440 0.3600802 0.7206526
1740548051.289156 -10.2210112 -13.9898643 22.0059834 0.5775225 -0.1535670 0.3624390 0.7152084
1740548051.493148 -10.1878166 -14.1187925 22.0376778 0.5836132 -0.1487598 0.3650187 0.7099490
1740548051.594834 -10.1718702 -14.1850595 22.0539207 0.5866935 -0.1463220 0.3660904 0.7073602
1740548051.805704 -10.1358747 -14.3145800 22.0851574 0.5919266 -0.1414808 0.3687466 0.7025896
1740548052.012789 -10.0929108 -14.4439421 22.1134033 0.5960199 -0.1369635 0.3713456 0.6986442
1740548052.217927 -10.0533466 -14.5747194 22.1429520 0.5993323 -0.1320165 0.3740049 0.6953364
1740548052.428354 -10.0085297 -14.7033930 22.1695747 0.6016072 -0.1273094 0.3769120 0.6926749
1740548052.625973 -9.9672413 -14.8334780 22.2028465 0.6032196 -0.1227461 0.3800640 0.6903702
1740548052.832741 -9.9134750 -14.9586859 22.2355785 0.6035236 -0.1183067 0.3833865 0.6890412
1740548053.131618 -9.8406105 -15.1478081 22.2890148 0.6024026 -0.1120491 0.3880125 0.6884784
1740548053.432001 -9.7733955 -15.3373766 22.3453522 0.5997963 -0.1066245 0.3932399 0.6886494
1740548053.735744 -9.6999016 -15.5237179 22.4072571 0.5947829 -0.1007651 0.3981454 0.6910571
1740548053.934396 -9.6504822 -15.6478262 22.4490719 0.5910313 -0.0977399 0.4017112 0.6926450
1740548054.330955 -9.5754051 -15.9033289 22.5295715 0.5815107 -0.0902116 0.4091537 0.6973525
1740548054.623847 -9.4973497 -16.0794792 22.6025848 0.5736929 -0.0840475 0.4153524 0.7009243
1740548055.031615 -9.3909693 -16.3106728 22.7101212 0.5621011 -0.0765548 0.4240387 0.7059553
1740548055.331249 -9.2676878 -16.4546585 22.8041725 0.5523975 -0.0711362 0.4297444 0.7107154
1740548055.631403 -9.2166328 -16.6415157 22.8795662 0.5421221 -0.0659169 0.4358300 0.7154095
1740548056.032366 -9.1204710 -16.8708572 22.9940834 0.5261939 -0.0617998 0.4425102 0.7235230
1740548056.422582 -9.0187550 -17.0811539 23.1410904 0.5085871 -0.0585391 0.4502652 0.7315556
1740548056.720959 -8.9306517 -17.2388573 23.2535248 0.4945031 -0.0567541 0.4542733 0.7388379
1740548057.108569 -8.8346968 -17.4416084 23.4123192 0.4753427 -0.0554667 0.4596645 0.7481185
1740548057.508525 -8.7221584 -17.6367264 23.5773125 0.4548658 -0.0587729 0.4628323 0.7585705
1740548057.805613 -8.6531572 -17.7745304 23.7206573 0.4400672 -0.0638100 0.4631108 0.7666796
1740548058.103921 -8.5966549 -17.9131336 23.8659172 0.4254206 -0.0713480 0.4626567 0.7745163
1740548058.392153 -8.5521488 -18.0548992 24.0126648 0.4125198 -0.0803759 0.4610497 0.7815371
1740548058.704081 -8.5151281 -18.2159481 24.1440163 0.4009397 -0.0923051 0.4572741 0.7884336
1740548058.999341 -8.4881954 -18.3618679 24.2906342 0.3906297 -0.1055739 0.4530719 0.7943478
1740548059.293712 -8.4743233 -18.5143967 24.4307175 0.3820528 -0.1182458 0.4487404 0.7991781
1740548059.591442 -8.4510765 -18.6632843 24.5716515 0.3743202 -0.1299986 0.4442490 0.8035095
1740548059.897963 -8.4495878 -18.8195858 24.7117424 0.3658870 -0.1394827 0.4407753 0.8077056
1740548060.305732 -8.4436655 -19.0247765 24.8985291 0.3546915 -0.1487970 0.4372983 0.8129106
1740548060.599176 -8.4471760 -19.1785507 25.0418835 0.3456326 -0.1538519 0.4354322 0.8168638
1740548061.002834 -8.4042110 -19.3217316 25.2676163 0.3333118 -0.1603589 0.4336059 0.8216898
1740548061.399685 -8.4174995 -19.5124950 25.4667263 0.3234153 -0.1676327 0.4302651 0.8259382
1740548061.809604 -8.4293442 -19.7026634 25.6660175 0.3144432 -0.1784213 0.4259299 0.8293824
1740548062.229974 -8.4369936 -19.8585205 25.8926811 0.3090198 -0.1912017 0.4208989 0.8311395
1740548062.638623 -8.4788361 -20.0597343 26.0780811 0.3040929 -0.2057816 0.4149632 0.8324584
1740548063.066772 -8.5386543 -20.2589073 26.2568436 0.3014210 -0.2193396 0.4092757 0.8327839
1740548063.504173 -8.5840549 -20.4483070 26.4484272 0.2981824 -0.2302504 0.4049327 0.8331276
1740548063.924870 -8.6191921 -20.6284676 26.6543922 0.2942479 -0.2385424 0.4015805 0.8338158
1740548064.255660 -8.6519737 -20.7636147 26.8101349 0.2898259 -0.2432676 0.3991738 0.8351539
1740548064.664446 -8.7033386 -20.9442711 27.0080528 0.2829749 -0.2505545 0.3957023 0.8369991
1740548065.075177 -8.7858429 -21.1383781 27.1843643 0.2749881 -0.2581331 0.3916983 0.8392386
1740548065.490098 -8.8470030 -21.3152199 27.3868389 0.2667892 -0.2652361 0.3875482 0.8415936
1740548065.887645 -8.9331474 -21.4837856 27.5863037 0.2572198 -0.2709329 0.3844308 0.8441838
1740548066.285861 -9.0243816 -21.6629314 27.7743073 0.2471465 -0.2760693 0.3810150 0.8470725
1740548066.688079 -9.1067934 -21.8183441 27.9902534 0.2400301 -0.2791639 0.3784377 0.8492573
1740548066.985184 -9.1683674 -21.9391766 28.1433563 0.2350653 -0.2816200 0.3758425 0.8509858
1740548067.373905 -9.2507725 -22.1079502 28.3563881 0.2327129 -0.2861606 0.3731989 0.8512810
1740548067.671506 -9.2682686 -22.1788216 28.4750252 0.2318263 -0.2907557 0.3726364 0.8502116
1740548067.872368 -9.2432041 -22.1873512 28.5359821 0.2342486 -0.2984053 0.3693017 0.8483502
1740548068.075804 -9.2185450 -22.2293320 28.6080055 0.2314459 -0.3091019 0.3693992 0.8452414
1740548068.277851 -9.2215834 -22.2609997 28.6888466 0.2338222 -0.3188156 0.3664668 0.8422505
1740548068.471174 -9.2240849 -22.3345318 28.7576447 0.2349264 -0.3261424 0.3687177 0.8381456
1740548068.672768 -9.2538109 -22.3600655 28.8296547 0.2395161 -0.3335618 0.3610129 0.8372803
1740548068.874456 -9.2705603 -22.3769569 28.8975525 0.2449456 -0.3443308 0.3625001 0.8306814
1740548069.076572 -9.2776136 -22.4611168 28.9761925 0.2441979 -0.3542298 0.3616250 0.8271130
1740548069.278522 -9.3407478 -22.5255013 29.0655212 0.2479626 -0.3585597 0.3591996 0.8251819
1740548069.377296 -9.3749752 -22.5374393 29.1067581 0.2537107 -0.3602916 0.3619364 0.8214760
1740548069.474148 -9.3653202 -22.5533981 29.1471424 0.2562454 -0.3661432 0.3578535 0.8198892
1740548069.580907 -9.3457232 -22.5856628 29.1841469 0.2537467 -0.3746592 0.3562589 0.8175101
1740548069.679891 -9.3744020 -22.5866604 29.2285194 0.2599040 -0.3782873 0.3587509 0.8128016
1740548069.785180 -9.3948584 -22.6064224 29.2205124 0.2590804 -0.3791752 0.3561077 0.8138125
1740548069.880675 -9.4130306 -22.6233234 29.2684593 0.2617888 -0.3848537 0.3579299 0.8094692
1740548069.988745 -9.3891630 -22.6544037 29.2922630 0.2579678 -0.3922094 0.3608021 0.8058823
1740548070.088754 -9.3957605 -22.6780739 29.2973671 0.2586457 -0.3925654 0.3581063 0.8066937
1740548070.184430 -9.3790941 -22.6849060 29.3619576 0.2639816 -0.4000456 0.3565315 0.8019742
1740548070.286850 -9.4047241 -22.6945343 29.3934193 0.2672371 -0.4019300 0.3553555 0.8004743
1740548070.382823 -9.4179630 -22.7037544 29.3855934 0.2701020 -0.4041048 0.3522854 0.7997745
1740548070.486809 -9.4052782 -22.7055016 29.4162998 0.2705196 -0.4098099 0.3531564 0.7963389
1740548070.585839 -9.4207087 -22.6887245 29.4518547 0.2782456 -0.4130522 0.3550955 0.7911222
1740548070.681518 -9.4358120 -22.7581406 29.4698601 0.2711872 -0.4153186 0.3533782 0.7931531
1740548070.787394 -9.4594030 -22.8011246 29.4944553 0.2700535 -0.4153776 0.3515123 0.7943373
1740548070.884066 -9.4915924 -22.8202591 29.5430908 0.2736549 -0.4174878 0.3504690 0.7924572
1740548070.986758 -9.5257235 -22.8381424 29.5837212 0.2752924 -0.4208555 0.3508283 0.7899457
1740548071.087898 -9.5572147 -22.9086342 29.6069756 0.2766431 -0.4201373 0.3507388 0.7898959
1740548071.184498 -9.5524578 -22.9410439 29.6302757 0.2748012 -0.4254397 0.3487691 0.7885718
1740548071.290075 -9.5344734 -22.9574604 29.6442986 0.2743876 -0.4295659 0.3460118 0.7876931
1740548071.387319 -9.5290155 -22.9818726 29.6255684 0.2714057 -0.4310928 0.3450074 0.7883323
1740548071.489041 -9.5184135 -22.9667473 29.6641197 0.2757463 -0.4367567 0.3455909 0.7834376
1740548071.590113 -9.4982672 -22.9837494 29.6729507 0.2728604 -0.4413804 0.3435964 0.7827337
1740548071.686293 -9.5083008 -22.9848366 29.6661472 0.2732040 -0.4409271 0.3433719 0.7829679
1740548071.790013 -9.5286684 -22.9616375 29.6985569 0.2782959 -0.4439120 0.3430732 0.7796117
1740548071.888151 -9.5203829 -22.9755955 29.7074108 0.2774454 -0.4478528 0.3419317 0.7781610
1740548071.991433 -9.5109615 -22.9693317 29.7330093 0.2770081 -0.4533336 0.3430320 0.7746510
1740548072.202497 -9.5282650 -22.9796810 29.6703186 0.2734142 -0.4506770 0.3416667 0.7780738
1740548072.308808 -9.5319033 -22.9683456 29.6770172 0.2743192 -0.4524347 0.3409218 0.7770612
1740548072.406763 -9.5452862 -22.9571285 29.6773415 0.2751922 -0.4521201 0.3400912 0.7772996
1740548072.507544 -9.5236893 -22.9636688 29.6908722 0.2725806 -0.4557667 0.3392293 0.7764664
1740548072.606737 -9.5125027 -22.9701443 29.6934052 0.2707376 -0.4563076 0.3385959 0.7770697
1740548072.704984 -9.4956532 -22.9703960 29.7062569 0.2692722 -0.4591553 0.3364841 0.7768188
1740548072.810686 -9.4718952 -22.9827595 29.7147713 0.2669998 -0.4617616 0.3333602 0.7774049
1740548072.910408 -9.4605083 -22.9784870 29.7411995 0.2674188 -0.4651854 0.3313383 0.7760829
1740548073.016689 -9.4538307 -22.9695454 29.7610245 0.2684240 -0.4673012 0.3313520 0.7744572
1740548073.116578 -9.4321356 -22.9628792 29.7957573 0.2686040 -0.4722903 0.3274006 0.7730476
1740548073.216912 -9.4120655 -22.9491882 29.8363571 0.2712173 -0.4763141 0.3227676 0.7716134
1740548073.422904 -9.3681669 -22.9425774 29.8952579 0.2691909 -0.4868629 0.3183770 0.7675525
1740548073.530341 -9.3551092 -22.9453983 29.8955765 0.2672228 -0.4916226 0.3168936 0.7658183
1740548073.631077 -9.3485518 -22.9458923 29.9011707 0.2667207 -0.4956696 0.3146589 0.7643046
1740548073.738919 -9.3278151 -22.9271851 29.9659595 0.2689674 -0.5077094 0.3112246 0.7569855
1740548073.940657 -9.2966061 -22.9733772 29.9447136 0.2572019 -0.5151275 0.3056831 0.7583196
1740548074.049839 -9.2875071 -22.9838753 29.9324207 0.2545208 -0.5188308 0.3024537 0.7579944
1740548074.152746 -9.2868900 -22.9840317 29.9240570 0.2529982 -0.5234316 0.3001087 0.7562712
1740548074.259197 -9.2820406 -22.9797955 29.9353065 0.2528926 -0.5301561 0.2969767 0.7528511
1740548074.356773 -9.2759962 -22.9783554 29.9466801 0.2524608 -0.5371390 0.2945536 0.7489883
1740548074.456504 -9.2398548 -22.9841766 29.9759312 0.2510086 -0.5471423 0.2880090 0.7447690
1740548074.564725 -9.2180357 -22.9892139 29.9981003 0.2490013 -0.5552102 0.2861864 0.7401603
1740548074.668947 -9.1988277 -22.9891510 30.0023365 0.2463439 -0.5613602 0.2835845 0.7374071
1740548074.776783 -9.1691818 -23.0043201 30.0087547 0.2425679 -0.5683632 0.2779069 0.7354535
1740548074.879692 -9.1641941 -22.9923744 30.0081921 0.2424490 -0.5722440 0.2757342 0.7332979
1740548074.984463 -9.1740112 -22.9870605 29.9737530 0.2422788 -0.5722136 0.2730493 0.7343819
1740548075.091737 -9.1880379 -22.9743958 29.9414062 0.2414846 -0.5720423 0.2731979 0.7347214
1740548075.193291 -9.2241373 -22.9613380 29.8885269 0.2404839 -0.5697943 0.2776101 0.7351426
1740548075.304379 -9.2547379 -22.9587517 29.8311062 0.2383128 -0.5655765 0.2800168 0.7381876
1740548075.403595 -9.2806911 -22.9564056 29.7699013 0.2356371 -0.5592554 0.2815348 0.7432677
1740548075.608604 -9.3404684 -22.9136086 29.7304573 0.2383732 -0.5529726 0.2894661 0.7440490
1740548075.708832 -9.3635168 -22.8957214 29.7169151 0.2396503 -0.5494561 0.2942643 0.7443617
1740548075.817148 -9.3685570 -22.9121113 29.6874466 0.2388314 -0.5441910 0.2931383 0.7489231
1740548075.919727 -9.3706903 -22.9183006 29.6707726 0.2375117 -0.5392466 0.2952303 0.7520907
1740548076.026859 -9.3989201 -22.8993416 29.6540623 0.2385243 -0.5326841 0.3017165 0.7538706
1740548076.134083 -9.4148188 -22.8914719 29.6583138 0.2398202 -0.5301332 0.3061197 0.7534824
1740548076.242691 -9.4483595 -22.9033852 29.6548901 0.2431842 -0.5265672 0.3087326 0.7538386
1740548076.343989 -9.4572706 -22.8995247 29.7033730 0.2475311 -0.5291521 0.3095593 0.7502663
1740548076.446140 -9.4732141 -22.9186134 29.7433434 0.2497431 -0.5324197 0.3093479 0.7473028
1740548076.557113 -9.4848909 -22.9368477 29.7878113 0.2541603 -0.5355073 0.3083614 0.7440078
1740548076.658339 -9.4810867 -22.9605141 29.8629570 0.2554677 -0.5427137 0.3065394 0.7390749
1740548076.761345 -9.5073729 -22.9718838 29.9173660 0.2591186 -0.5459070 0.3064674 0.7354732
1740548076.865014 -9.5272408 -22.9997940 29.9387188 0.2606833 -0.5467992 0.3033739 0.7355400
1740548076.968782 -9.5205994 -23.0320110 29.9814072 0.2593887 -0.5507798 0.3007674 0.7340969
1740548077.073852 -9.5319653 -23.0574646 30.0219479 0.2603546 -0.5562622 0.2991183 0.7302849
1740548077.175024 -9.5553989 -23.0766048 30.0652599 0.2644406 -0.5603997 0.3011657 0.7247913
1740548077.283931 -9.5891504 -23.1242638 30.1131058 0.2662505 -0.5639569 0.3006091 0.7215937
1740548077.390707 -9.6025753 -23.1777458 30.1124344 0.2627896 -0.5657232 0.2954396 0.7236120
1740548077.495481 -9.6169729 -23.2232933 30.1469288 0.2592329 -0.5710196 0.2918130 0.7222050
1740548077.609108 -9.6650505 -23.2633247 30.1593781 0.2605297 -0.5705364 0.2918634 0.7220999
1740548077.709911 -9.7049828 -23.3054848 30.2015629 0.2624065 -0.5740131 0.2922559 0.7184973
1740548077.823680 -9.7582512 -23.3584137 30.1902771 0.2630717 -0.5717467 0.2920823 0.7201298
1740548077.925867 -9.8002071 -23.4112473 30.1926327 0.2638405 -0.5724468 0.2903210 0.7200047
1740548078.038879 -9.8467770 -23.4639664 30.1856804 0.2622734 -0.5718196 0.2895638 0.7213791
1740548078.142471 -9.8921909 -23.5130749 30.1860409 0.2612973 -0.5726615 0.2872977 0.7219714
1740548078.260962 -9.9476929 -23.5516052 30.2008133 0.2638603 -0.5743923 0.2867196 0.7198910
1740548078.361401 -9.9926405 -23.5982666 30.2091656 0.2640534 -0.5768488 0.2856722 0.7182706
1740548078.464980 -10.0418015 -23.6504784 30.2076244 0.2648212 -0.5780375 0.2843378 0.7175614
1740548078.574195 -10.0859585 -23.6914787 30.2319679 0.2660116 -0.5826764 0.2825558 0.7140647
1740548078.676048 -10.1339722 -23.7392921 30.2370300 0.2653265 -0.5846233 0.2817708 0.7130376
1740548078.787567 -10.1760283 -23.7904396 30.2461128 0.2655172 -0.5865970 0.2785719 0.7126025
1740548078.892269 -10.2266760 -23.8427734 30.2301922 0.2656233 -0.5857413 0.2773376 0.7137474
1740548078.998592 -10.2784882 -23.9030495 30.2104931 0.2648790 -0.5841917 0.2758821 0.7158549
1740548079.108336 -10.3232784 -23.9486656 30.2327366 0.2669764 -0.5878033 0.2726988 0.7133346
1740548079.210317 -10.3377666 -23.9911385 30.2220707 0.2711252 -0.5935032 0.2733868 0.7067565
1740548079.325877 -10.3294640 -24.0550308 30.1666374 0.2731609 -0.5966048 0.2743514 0.7029774
1740548079.425937 -10.3446980 -24.1096249 30.1265888 0.2747516 -0.5985903 0.2739834 0.7008098
1740548079.532809 -10.4296875 -24.1723881 30.1258087 0.2693500 -0.5960467 0.2734951 0.7052513
