1740547530.303417 0.0000000 0.0000000 0.0000000 -0.0000000 -0.0000000 -0.0000000 1.0000000
1740547531.040643 0.0038336 -0.0059709 0.0978454 0.0000920 -0.0004204 0.0001829 0.9999999
1740547531.426856 -0.0007228 -0.0161618 0.2002090 0.0006911 -0.0001919 -0.0000516 0.9999998
1740547531.530512 0.0022623 -0.0235473 0.3007397 0.0010407 -0.0005768 0.0003119 0.9999992
1740547531.635846 -0.0010556 -0.0183248 0.4023833 0.0020717 -0.0003771 0.0001195 0.9999978
1740547531.741332 0.0005755 -0.0169370 0.5029833 0.0032545 -0.0003895 -0.0000466 0.9999946
1740547531.846917 -0.0046410 0.0085916 0.6044790 0.0058260 -0.0001020 0.0001573 0.9999830
1740547531.974205 0.0039725 0.0196329 0.7048533 0.0078904 -0.0008556 0.0000725 0.9999685
1740547532.078413 -0.0067854 0.0195322 0.8066544 0.0103238 -0.0006182 0.0000743 0.9999465
1740547532.190199 -0.0095991 0.0055211 0.9074533 0.0124247 -0.0009896 0.0001435 0.9999223
1740547532.299438 -0.0095050 0.0081519 1.0075634 0.0159186 -0.0013972 0.0001474 0.9998723
1740547532.411735 0.0004113 -0.0077713 1.1076907 0.0187878 -0.0020842 0.0003315 0.9998212
1740547532.522574 -0.0108198 -0.0275340 1.2089529 0.0219382 -0.0018358 0.0000802 0.9997576
1740547532.626659 -0.0003634 -0.0506859 1.3087398 0.0250873 -0.0030963 0.0002258 0.9996805
1740547532.741395 -0.0095049 -0.0699700 1.4090074 0.0286265 -0.0029584 0.0002810 0.9995857
1740547532.844608 -0.0084875 -0.0913144 1.5081245 0.0321728 -0.0038448 0.0001430 0.9994749
1740547532.956870 -0.0137456 -0.0927972 1.6081295 0.0364119 -0.0045876 0.0001443 0.9993263
1740547533.062486 -0.0389594 -0.1172835 1.6995400 0.0390569 -0.0039917 0.0005144 0.9992289
1740547533.177476 -0.0299716 -0.1225712 1.8068892 0.0426256 -0.0051804 0.0004179 0.9990776
1740547533.288788 -0.0347156 -0.1373274 1.9048419 0.0456503 -0.0052680 0.0001562 0.9989436
1740547533.411237 -0.0440819 -0.1471509 2.0025935 0.0488493 -0.0052604 0.0007869 0.9987921
1740547533.516948 -0.0457444 -0.1793160 2.0946348 0.0510057 -0.0056042 0.0004789 0.9986826
1740547533.619597 -0.0627795 -0.1969600 2.1909363 0.0533696 -0.0050923 0.0007274 0.9985616
1740547533.729045 -0.0749901 -0.2146499 2.2863576 0.0555775 -0.0052065 0.0017706 0.9984393
1740547533.831149 -0.0688478 -0.2387513 2.3868990 0.0576323 -0.0059021 0.0015847 0.9983192
1740547533.943254 -0.0661305 -0.2715159 2.4799657 0.0584143 -0.0064106 0.0008271 0.9982715
1740547534.041723 -0.0727188 -0.3089607 2.5608580 0.0575283 -0.0062691 0.0000897 0.9983242
1740547534.154629 -0.0791828 -0.3395132 2.6386499 0.0558998 -0.0069891 -0.0001284 0.9984120
1740547534.257139 -0.1022645 -0.3763311 2.7275026 0.0549745 -0.0058863 -0.0003916 0.9984704
1740547534.355967 -0.1163936 -0.4084999 2.8102560 0.0530224 -0.0058613 0.0001757 0.9985761
1740547534.456425 -0.1242762 -0.4487574 2.9018569 0.0507536 -0.0061627 0.0005896 0.9986920
1740547534.558337 -0.1323530 -0.4689823 2.9900658 0.0497938 -0.0051115 0.0003035 0.9987465
1740547534.661596 -0.1529867 -0.4997829 3.0746009 0.0466937 -0.0042971 0.0007892 0.9988997
1740547534.762575 -0.1650086 -0.5316374 3.1516109 0.0428893 -0.0018012 -0.0002344 0.9990782
1740547534.859936 -0.1630740 -0.5576190 3.2508299 0.0401665 -0.0021393 0.0000050 0.9991907
1740547534.964337 -0.1590262 -0.5932260 3.3500073 0.0375449 -0.0026249 -0.0007885 0.9992912
1740547535.062657 -0.1747472 -0.6083512 3.4292464 0.0343099 -0.0020713 -0.0004887 0.9994090
1740547535.167635 -0.1898162 -0.6414834 3.5182633 0.0312546 -0.0005945 -0.0008614 0.9995109
1740547535.268524 -0.1997509 -0.6541900 3.6212969 0.0276404 0.0003788 -0.0017064 0.9996164
1740547535.368266 -0.2228417 -0.6382285 3.7121732 0.0244566 0.0031695 -0.0002739 0.9996958
1740547535.475184 -0.2450241 -0.6544975 3.7995241 0.0203518 0.0053983 -0.0005118 0.9997782
1740547535.572428 -0.2579716 -0.6418057 3.8885791 0.0171538 0.0069594 0.0001610 0.9998286
1740547535.674855 -0.2590751 -0.6495684 3.9867952 0.0124908 0.0090361 -0.0004915 0.9998810
1740547535.774571 -0.2652221 -0.6400960 4.0670657 0.0095557 0.0111743 -0.0006875 0.9998917
1740547535.873712 -0.2674526 -0.6666529 4.1582298 0.0040521 0.0126809 -0.0013987 0.9999104
1740547535.977138 -0.2748531 -0.6583823 4.2451382 0.0004623 0.0148683 -0.0013442 0.9998885
1740547536.073771 -0.2880935 -0.6484500 4.3135071 -0.0018709 0.0180191 -0.0019804 0.9998339
1740547536.181657 -0.3015705 -0.6390523 4.3676891 -0.0044568 0.0192985 -0.0022609 0.9998013
1740547536.276796 -0.3357258 -0.6312429 4.4589844 -0.0075650 0.0237959 -0.0019922 0.9996862
1740547536.380323 -0.3351934 -0.6214712 4.5313272 -0.0106477 0.0253629 -0.0036576 0.9996150
1740547536.494663 -0.3283020 -0.6390866 4.5984349 -0.0154704 0.0264117 -0.0035113 0.9995253
1740547536.592680 -0.3235355 -0.6273274 4.6759133 -0.0169929 0.0278725 -0.0028291 0.9994630
1740547536.694648 -0.3287467 -0.6586499 4.7470331 -0.0225835 0.0295382 -0.0028589 0.9993044
1740547536.795022 -0.3315262 -0.6654277 4.8240867 -0.0250749 0.0314956 -0.0028015 0.9991854
1740547536.893789 -0.2872255 -0.6545491 4.8912072 -0.0262577 0.0290548 -0.0010026 0.9992324
1740547537.001182 -0.3013843 -0.6368529 4.9553061 -0.0275029 0.0316949 -0.0015698 0.9991179
1740547537.102126 -0.3176855 -0.6353746 5.0442653 -0.0291344 0.0350323 -0.0025924 0.9989581
1740547537.210909 -0.3079655 -0.6293024 5.1113830 -0.0291817 0.0357259 -0.0023667 0.9989327
1740547537.311722 -0.3315050 -0.6347460 5.1790371 -0.0298701 0.0393626 -0.0032260 0.9987732
1740547537.410736 -0.3057639 -0.6331204 5.2596560 -0.0316074 0.0395817 -0.0038701 0.9987088
1740547537.514309 -0.2890914 -0.6339402 5.3322682 -0.0333846 0.0397390 -0.0037335 0.9986452
1740547537.614764 -0.2904396 -0.6235841 5.3997440 -0.0320947 0.0402551 -0.0027771 0.9986700
1740547537.721963 -0.2503189 -0.6158617 5.4494376 -0.0313468 0.0368350 -0.0022064 0.9988272
1740547537.825211 -0.2333367 -0.6003945 5.5132890 -0.0302640 0.0379949 -0.0013112 0.9988187
1740547537.927431 -0.2419838 -0.5849460 5.5946994 -0.0294381 0.0408677 -0.0010693 0.9987302
1740547538.034918 -0.2143283 -0.6004807 5.6807303 -0.0334365 0.0405697 -0.0020971 0.9986149
1740547538.137235 -0.1764348 -0.5993246 5.7130160 -0.0338317 0.0359467 -0.0015429 0.9987797
1740547538.244437 -0.1343218 -0.5797754 5.7632084 -0.0337013 0.0331835 -0.0021046 0.9988787
1740547538.346553 -0.0887663 -0.5532987 5.8158422 -0.0323464 0.0302875 -0.0028648 0.9990137
1740547538.458251 -0.0516679 -0.5583923 5.9034939 -0.0340394 0.0284415 -0.0029951 0.9990113
1740547538.558686 -0.0543399 -0.5660117 5.9901137 -0.0326659 0.0318201 -0.0033236 0.9989542
1740547538.658833 -0.1102449 -0.5357932 6.0527620 -0.0302988 0.0374464 -0.0048868 0.9988273
1740547538.762716 -0.1131763 -0.5279779 6.1348414 -0.0295200 0.0398583 -0.0049235 0.9987571
1740547538.861882 -0.1122338 -0.5365140 6.1853418 -0.0318134 0.0401620 -0.0051138 0.9986735
1740547538.970824 -0.0728920 -0.5417607 6.2626657 -0.0336791 0.0378199 -0.0038920 0.9987093
1740547539.072940 -0.0561869 -0.5403150 6.2928228 -0.0356061 0.0360984 -0.0039933 0.9987057
1740547539.173048 -0.0241930 -0.5415796 6.3272867 -0.0362486 0.0314085 -0.0015781 0.9988479
1740547539.286988 0.0116546 -0.5428364 6.3534245 -0.0411134 0.0257726 -0.0035193 0.9988158
1740547539.388476 0.0406094 -0.5342159 6.4051118 -0.0404058 0.0217244 -0.0024867 0.9989440
1740547539.499120 0.0772714 -0.5421567 6.4358253 -0.0443791 0.0145644 -0.0024022 0.9989057
1740547539.599815 0.1082668 -0.5298539 6.4672656 -0.0453029 0.0077753 -0.0029629 0.9989387
1740547539.711253 0.1602612 -0.5376008 6.4824204 -0.0480478 -0.0010171 -0.0025942 0.9988412
1740547539.809334 0.1826718 -0.5312784 6.5084300 -0.0482130 -0.0078217 -0.0019555 0.9988046
1740547539.909985 0.2059344 -0.5229417 6.5322151 -0.0485698 -0.0147670 -0.0010473 0.9987101
1740547540.016235 0.2344169 -0.5237671 6.5543056 -0.0504520 -0.0233302 0.0000752 0.9984540
1740547540.118621 0.2655693 -0.5172540 6.5629816 -0.0508952 -0.0330817 -0.0013275 0.9981551
1740547540.230371 0.3210101 -0.5323679 6.5806551 -0.0539065 -0.0444087 0.0000526 0.9975580
1740547540.332610 0.3585201 -0.5321695 6.5975437 -0.0550557 -0.0547693 -0.0001669 0.9969801
1740547540.651303 0.4144956 -0.5093278 6.6459026 -0.0486268 -0.0776193 0.0013624 0.9957955
1740547540.760811 0.4286937 -0.5142322 6.6865559 -0.0483775 -0.0863849 0.0023342 0.9950839
1740547540.861775 0.4535199 -0.5041617 6.7070298 -0.0445724 -0.0945146 0.0025564 0.9945219
1740547540.970606 0.4765035 -0.4956833 6.7345829 -0.0447410 -0.1019933 -0.0002339 0.9937785
1740547541.074031 0.5005030 -0.4895239 6.7438278 -0.0418417 -0.1105462 -0.0005794 0.9929897
1740547541.174831 0.5160556 -0.4978946 6.7930417 -0.0425361 -0.1181327 -0.0006191 0.9920862
1740547541.289976 0.5468719 -0.4919526 6.8146577 -0.0419287 -0.1288065 -0.0019466 0.9907811
1740547541.394642 0.5733308 -0.4829532 6.8370609 -0.0408548 -0.1386102 -0.0033305 0.9894984
1740547541.509095 0.5894836 -0.4813953 6.8564806 -0.0392146 -0.1470711 -0.0027203 0.9883446
1740547541.612881 0.6056738 -0.4785160 6.8705039 -0.0367624 -0.1560618 -0.0024552 0.9870599
1740547541.722783 0.6375791 -0.4815706 6.8935227 -0.0384206 -0.1659520 -0.0024649 0.9853821
1740547541.825399 0.6616524 -0.4899425 6.9066496 -0.0408617 -0.1764102 -0.0033835 0.9834625
1740547541.929329 0.6795272 -0.4823219 6.9419937 -0.0400210 -0.1841051 -0.0031822 0.9820863
1740547542.044464 0.6996092 -0.4599332 6.9701262 -0.0352103 -0.1904068 -0.0035872 0.9810671
1740547542.146866 0.7253414 -0.4550770 6.9911880 -0.0354319 -0.1989548 -0.0045417 0.9793574
1740547542.265801 0.7452247 -0.4595260 7.0040755 -0.0372781 -0.2065014 -0.0055537 0.9777201
1740547542.369704 0.7639208 -0.4770739 7.0237756 -0.0415228 -0.2120558 -0.0057814 0.9763579
1740547542.493877 0.7746699 -0.4800420 7.0459151 -0.0459978 -0.2178736 -0.0080796 0.9748590
1740547542.596932 0.7853655 -0.4734210 7.0603395 -0.0475070 -0.2240868 -0.0089882 0.9733691
1740547542.707788 0.7863474 -0.4556708 7.1047034 -0.0471504 -0.2276957 -0.0099156 0.9725395
1740547542.810577 0.7896905 -0.4445546 7.1224403 -0.0481985 -0.2319515 -0.0112938 0.9714669
1740547542.914987 0.7897175 -0.4314970 7.1392145 -0.0513980 -0.2341563 -0.0171241 0.9706883
1740547543.029329 0.8007857 -0.4353223 7.1525393 -0.0568721 -0.2371382 -0.0183314 0.9696365
1740547543.133255 0.8081103 -0.4300650 7.1594849 -0.0632852 -0.2407183 -0.0242180 0.9682269
1740547543.241847 0.8147207 -0.4233856 7.1689515 -0.0654157 -0.2399573 -0.0268625 0.9682044
1740547543.346385 0.8175985 -0.4169877 7.1767507 -0.0676217 -0.2382579 -0.0304958 0.9683649
1740547543.456401 0.8270695 -0.4209589 7.1811757 -0.0744629 -0.2418917 -0.0336203 0.9668574
1740547543.560395 0.8463554 -0.4254572 7.1787229 -0.0815229 -0.2464780 -0.0371437 0.9649990
1740547543.665922 0.8525645 -0.4262320 7.1907578 -0.0906938 -0.2467362 -0.0409099 0.9639618
1740547543.774978 0.8747702 -0.4301271 7.2242146 -0.1006498 -0.2469808 -0.0431260 0.9628137
1740547543.878866 0.8790768 -0.4404694 7.2556133 -0.1108242 -0.2450149 -0.0455338 0.9620875
1740547543.988295 0.9045056 -0.4104075 7.2713366 -0.1147783 -0.2442053 -0.0499252 0.9616117
1740547544.092752 0.9292037 -0.3864063 7.2787619 -0.1213248 -0.2443429 -0.0562189 0.9604251
1740547544.206452 0.9687945 -0.3510463 7.2625036 -0.1292197 -0.2479923 -0.0617546 0.9581172
1740547544.311225 0.9913837 -0.3420241 7.2628288 -0.1332964 -0.2478202 -0.0656929 0.9573410
1740547544.415497 1.0159690 -0.3338107 7.2777343 -0.1379508 -0.2458682 -0.0672210 0.9570788
1740547544.529291 1.0374954 -0.2873157 7.3125772 -0.1412019 -0.2425587 -0.0695470 0.9572830
1740547544.633718 1.0507669 -0.2843751 7.3585625 -0.1468707 -0.2388887 -0.0701011 0.9573124
1740547544.743466 1.0670304 -0.2637453 7.3909216 -0.1515356 -0.2360047 -0.0720106 0.9571590
1740547544.846814 1.0781822 -0.2286860 7.4264860 -0.1558996 -0.2330670 -0.0741813 0.9570121
1740547544.956979 1.0603387 -0.2036657 7.4704266 -0.1609913 -0.2289007 -0.0759900 0.9570328
1740547545.060206 1.0507028 -0.2003335 7.5109749 -0.1672470 -0.2263183 -0.0771678 0.9564798
1740547545.163693 1.0619118 -0.1367039 7.6134200 -0.1716634 -0.2206651 -0.0776591 0.9569784
1740547545.270977 1.0640441 -0.0538355 7.6932273 -0.1746315 -0.2154803 -0.0798456 0.9574428
1740547545.375776 1.0549552 0.0205896 7.7720222 -0.1780428 -0.2102185 -0.0810449 0.9578834
1740547545.487437 1.0605595 0.1027897 7.8537912 -0.1812418 -0.2056679 -0.0809817 0.9582766
1740547545.595410 1.0085821 0.1578383 7.9288826 -0.1856273 -0.2006527 -0.0846325 0.9581849
1740547545.707116 0.9796281 0.2132246 8.0079870 -0.1888210 -0.1963547 -0.0863064 0.9583020
1740547545.808959 0.9359113 0.2796702 8.0863371 -0.1921038 -0.1916791 -0.0881249 0.9584306
1740547545.925074 0.9107874 0.3149559 8.1824055 -0.1969046 -0.1882400 -0.0903846 0.9579274
1740547546.032953 0.8768387 0.3735019 8.2712860 -0.2008135 -0.1843614 -0.0919336 0.9577228
1740547546.136162 0.8683814 0.4498301 8.3583708 -0.2050084 -0.1807366 -0.0925243 0.9574681
1740547546.244888 0.8289629 0.5076652 8.4406843 -0.2092271 -0.1762945 -0.0943609 0.9572045
1740547546.345880 0.7911398 0.5614675 8.5299139 -0.2152040 -0.1719455 -0.0960015 0.9565071
1740547546.456613 0.7626902 0.6200655 8.6242151 -0.2192838 -0.1686762 -0.0980793 0.9559516
1740547546.560819 0.7537755 0.6858098 8.7206831 -0.2236785 -0.1653480 -0.0990144 0.9554183
1740547546.662185 0.7252434 0.7442438 8.8103580 -0.2273708 -0.1617194 -0.1008965 0.9549708
1740547546.769018 0.6702991 0.7935740 8.8932743 -0.2310298 -0.1576014 -0.1023041 0.9546313
1740547546.871277 0.6304758 0.8510188 8.9800425 -0.2349126 -0.1539941 -0.1036908 0.9541227
1740547546.984971 0.5899131 0.9130983 9.0633583 -0.2387254 -0.1501773 -0.1051416 0.9536258
1740547547.086207 0.5667130 0.9740974 9.1556187 -0.2424358 -0.1467135 -0.1068382 0.9530402
1740547547.192379 0.5461883 1.0425493 9.2420874 -0.2460621 -0.1426623 -0.1082251 0.9525693
1740547547.294964 0.5432774 1.1128407 9.3278570 -0.2490135 -0.1383851 -0.1097120 0.9522632
1740547547.394194 0.5400075 1.1717385 9.4198523 -0.2518874 -0.1341647 -0.1114317 0.9519115
1740547547.498418 0.5453192 1.2347016 9.5204239 -0.2552331 -0.1303297 -0.1128080 0.9513909
1740547547.597947 0.5411418 1.2925935 9.6188631 -0.2581335 -0.1262607 -0.1145022 0.9509546
1740547547.707031 0.5263011 1.3575828 9.7059021 -0.2595157 -0.1218174 -0.1158499 0.9509947
1740547547.806988 0.5186073 1.4278367 9.7942972 -0.2619990 -0.1170660 -0.1170583 0.9507625
1740547547.904813 0.5148978 1.4765714 9.8977528 -0.2645603 -0.1132129 -0.1185859 0.9503306
1740547548.017990 0.4801736 1.5189303 10.0000610 -0.2672585 -0.1087923 -0.1204368 0.9498590
1740547548.116385 0.4520565 1.5790653 10.0966997 -0.2698101 -0.1051135 -0.1217315 0.9493867
1740547548.221649 0.4337177 1.6423042 10.1837435 -0.2694010 -0.1005381 -0.1228692 0.9498518
1740547548.322489 0.4193115 1.7209439 10.2725382 -0.2710572 -0.0953626 -0.1243681 0.9497192
1740547548.421160 0.4224837 1.7840396 10.3677025 -0.2723225 -0.0910220 -0.1256619 0.9496129
1740547548.524600 0.4188194 1.8420923 10.4557800 -0.2725247 -0.0866523 -0.1270173 0.9497833
1740547548.628550 0.4198469 1.9036522 10.5483160 -0.2741088 -0.0815549 -0.1286371 0.9495608
1740547548.734307 0.4317836 1.9639586 10.6429195 -0.2736243 -0.0781043 -0.1293902 0.9498882
1740547548.833889 0.4166951 2.0232284 10.7360220 -0.2754040 -0.0731802 -0.1311402 0.9495260
1740547548.932252 0.4144778 2.0842774 10.8306179 -0.2754874 -0.0682955 -0.1329082 0.9496198
1740547549.035419 0.4029144 2.1569471 10.9135323 -0.2755051 -0.0637175 -0.1335215 0.9498469
1740547549.135118 0.3975021 2.2172685 11.0059576 -0.2749383 -0.0590384 -0.1349060 0.9501178
1740547549.246980 0.4195837 2.2739384 11.1076870 -0.2765594 -0.0559376 -0.1361837 0.9496526
1740547549.345932 0.4247044 2.3335779 11.1997204 -0.2769173 -0.0515042 -0.1372670 0.9496430
1740547549.441116 0.4358385 2.3925440 11.2993679 -0.2775958 -0.0479343 -0.1384968 0.9494533
1740547549.644099 0.4359937 2.5111499 11.4838200 -0.2775388 -0.0411191 -0.1404020 0.9495097
1740547549.843298 0.4274876 2.6355233 11.6763582 -0.2789681 -0.0324404 -0.1429806 0.9490421
1740547549.940656 0.4385209 2.6964843 11.7725115 -0.2792714 -0.0287308 -0.1437750 0.9489525
1740547550.048818 0.4513533 2.7485299 11.8715057 -0.2798475 -0.0250875 -0.1451293 0.9486799
1740547550.246777 0.4810480 2.8632183 12.0673523 -0.2814113 -0.0182759 -0.1469428 0.9480937
1740547550.440446 0.5086718 2.9806175 12.2551775 -0.2849913 -0.0117874 -0.1484599 0.9468900
1740547550.547348 0.5180545 3.0475633 12.3452969 -0.2852722 -0.0078786 -0.1497159 0.9466482
1740547550.645941 0.5211260 3.1174479 12.4381638 -0.2864021 -0.0041699 -0.1508290 0.9461538
1740547550.843303 0.5207650 3.2330372 12.6310081 -0.2906734 0.0027057 -0.1526427 0.9445644
1740547551.045950 0.5573650 3.3462229 12.8249083 -0.2959220 0.0090955 -0.1543826 0.9426099
1740547551.244267 0.5918416 3.4643819 13.0134850 -0.3016756 0.0167861 -0.1563973 0.9403457
1740547551.435079 0.6369526 3.5969923 13.1910486 -0.3091470 0.0235472 -0.1577298 0.9375473
1740547551.628134 0.6828029 3.7345142 13.3678684 -0.3182639 0.0307582 -0.1590392 0.9340603
1740547551.917037 0.7714437 3.9389815 13.6238194 -0.3336033 0.0408950 -0.1608384 0.9279911
1740547552.112024 0.8375182 4.0821762 13.7862673 -0.3449959 0.0469883 -0.1616817 0.9233791
1740547552.311262 0.8752448 4.2311544 13.9489365 -0.3573531 0.0536292 -0.1627440 0.9181160
1740547552.603307 0.9622904 4.4842405 14.1570005 -0.3753956 0.0622976 -0.1637674 0.9101524
1740547552.722247 0.9916545 4.5711980 14.2186537 -0.3809224 0.0653046 -0.1640628 0.9075884
1740547552.815548 1.0335402 4.6596785 14.2780218 -0.3859110 0.0678655 -0.1642169 0.9052623
1740547553.114199 1.1300137 4.9177113 14.4677124 -0.4009393 0.0764093 -0.1653909 0.8978058
1740547553.312682 1.1922783 5.0893984 14.6048737 -0.4095905 0.0824661 -0.1667046 0.8931095
1740547553.513132 1.2642924 5.2504406 14.7394848 -0.4165440 0.0885637 -0.1680242 0.8890531
1740547553.811038 1.3679513 5.5064869 14.9398270 -0.4258606 0.0989634 -0.1708820 0.8829770
1740547554.010907 1.4379241 5.6690063 15.0798874 -0.4297805 0.1064604 -0.1733204 0.8797243
1740547554.215652 1.5307302 5.8277349 15.2138405 -0.4339548 0.1136486 -0.1758402 0.8762690
1740547554.409556 1.6317546 5.9762278 15.3444233 -0.4369641 0.1212943 -0.1781739 0.8732721
1740547554.609673 1.7464451 6.1304560 15.4678717 -0.4391401 0.1290858 -0.1819114 0.8702879
1740547554.811944 1.8572536 6.2862487 15.5890942 -0.4418890 0.1365068 -0.1843641 0.8672428
1740547555.013721 1.9673462 6.4481859 15.7026644 -0.4446830 0.1432037 -0.1862627 0.8643240
1740547555.320345 2.1189213 6.6774416 15.8966084 -0.4486691 0.1524433 -0.1897066 0.8599235
1740547555.532338 2.2010109 6.8470893 16.0179901 -0.4508666 0.1578952 -0.1911816 0.8574602
1740547555.732186 2.3052700 7.0138988 16.1232243 -0.4536584 0.1622826 -0.1922920 0.8549165
1740547555.931386 2.4152706 7.1725788 16.2389374 -0.4565841 0.1663247 -0.1934745 0.8523114
1740547556.138205 2.5369298 7.3250546 16.3450069 -0.4601162 0.1695746 -0.1943473 0.8495685
1740547556.339260 2.6400871 7.4866223 16.4493675 -0.4617747 0.1727917 -0.1949286 0.8478857
1740547556.539551 2.7826338 7.6207747 16.5552769 -0.4657186 0.1758504 -0.1951534 0.8450432
1740547556.743802 2.8677602 7.8035817 16.6561737 -0.4689259 0.1787014 -0.1955527 0.8425755
1740547556.938324 2.9590793 7.9734235 16.7595959 -0.4719495 0.1808891 -0.1955327 0.8404223
1740547557.244843 3.1224146 8.2133389 16.9194756 -0.4767879 0.1849624 -0.1962529 0.8366284
1740547557.531904 3.3075178 8.4523802 17.0586395 -0.4792399 0.1876165 -0.1969173 0.8344775
1740547557.724377 3.4172130 8.6050663 17.1661224 -0.4817531 0.1884034 -0.1965221 0.8329449
1740547557.820724 3.4803944 8.6862679 17.2051048 -0.4820101 0.1893414 -0.1964392 0.8326030
1740547558.115040 3.6786427 8.8991556 17.3494072 -0.4832447 0.1901775 -0.1965387 0.8316728
1740547558.398247 3.8248920 9.1487141 17.5040283 -0.4831585 0.1895482 -0.1961131 0.8319670
1740547558.592934 3.9133658 9.3236914 17.5938377 -0.4822460 0.1891279 -0.1962397 0.8325619
1740547558.795317 4.0146384 9.4911633 17.6986046 -0.4809815 0.1881878 -0.1953749 0.8337091
1740547559.187728 4.2363892 9.7968235 17.9013443 -0.4763428 0.1867216 -0.1953021 0.8367136
1740547559.498841 4.3841920 10.0264435 18.0661392 -0.4719068 0.1850135 -0.1959324 0.8394549
1740547559.794971 4.5280447 10.2654600 18.2207661 -0.4657568 0.1858826 -0.1973493 0.8423607
1740547560.001208 4.6227283 10.4123669 18.3370438 -0.4620165 0.1869866 -0.1988492 0.8438221
1740547560.196795 4.7060051 10.5675049 18.4485054 -0.4574474 0.1884840 -0.2007274 0.8455319
1740547560.504588 4.8718591 10.7760324 18.6055908 -0.4499006 0.1923113 -0.2048213 0.8477347
1740547560.702903 4.9894576 10.9135303 18.7132187 -0.4455370 0.1955485 -0.2083911 0.8484284
1740547560.814926 5.0348821 10.9653234 18.7770100 -0.4435212 0.1980615 -0.2086224 0.8488446
1740547560.914502 5.0957503 11.0408411 18.8177414 -0.4407505 0.1997140 -0.2111558 0.8492741
1740547561.015638 5.1673613 11.1066418 18.8584709 -0.4377240 0.2005833 -0.2123216 0.8503432
1740547561.115403 5.2201238 11.1671886 18.9282227 -0.4358124 0.2033910 -0.2144417 0.8501261
1740547561.213664 5.2779641 11.2388210 18.9824142 -0.4327449 0.2059439 -0.2161429 0.8506475
1740547561.321960 5.3462243 11.2858438 19.0440102 -0.4309234 0.2072721 -0.2168754 0.8510631
1740547561.420625 5.3992276 11.3192625 19.0885239 -0.4282907 0.2086522 -0.2173506 0.8519331
1740547561.531186 5.4484577 11.3432493 19.1358871 -0.4266160 0.2105552 -0.2177404 0.8522056
1740547561.629480 5.5281830 11.3998003 19.1990223 -0.4239943 0.2126266 -0.2192309 0.8526175
1740547561.727245 5.5855432 11.4244337 19.2479496 -0.4214313 0.2141020 -0.2195061 0.8534477
1740547561.830822 5.6310544 11.4387388 19.2907333 -0.4201577 0.2143886 -0.2192397 0.8540720
1740547561.930958 5.6864271 11.4762497 19.3481159 -0.4172818 0.2158873 -0.2186399 0.8552574
1740547562.040299 5.7372499 11.4901409 19.3997078 -0.4145103 0.2167460 -0.2188363 0.8563370
1740547562.140562 5.8051443 11.4969177 19.4596634 -0.4142993 0.2166377 -0.2182040 0.8566278
1740547562.242685 5.8693557 11.5031738 19.5161934 -0.4131092 0.2163577 -0.2191844 0.8570229
1740547562.347302 5.8924451 11.5122166 19.5357285 -0.4108912 0.2173942 -0.2212056 0.8573076
1740547562.449725 5.9096303 11.5216427 19.5541248 -0.4081341 0.2185531 -0.2225979 0.8579693
1740547562.551141 5.9247465 11.5205231 19.5754738 -0.4065526 0.2192141 -0.2233432 0.8583577
1740547562.649218 5.9261761 11.5156593 19.5830021 -0.4049781 0.2206405 -0.2191741 0.8598100
1740547562.765177 5.9349594 11.5148468 19.5953255 -0.4045008 0.2209508 -0.2235910 0.8588172
1740547562.876510 5.9364018 11.5195913 19.5944309 -0.4017724 0.2227889 -0.2258833 0.8590232
1740547562.979857 5.9318280 11.5197430 19.5920677 -0.4003383 0.2229517 -0.2266573 0.8594465
1740547563.087731 5.9553919 11.5222025 19.6107063 -0.3974036 0.2217687 -0.2273587 0.8609281
1740547563.189315 5.9639387 11.5239573 19.6204777 -0.3965522 0.2227482 -0.2299767 0.8603722
1740547563.295833 5.9993420 11.5294380 19.6529369 -0.3931008 0.2209810 -0.2295471 0.8625239
1740547563.395119 6.0352340 11.5307312 19.6919098 -0.3925854 0.2212650 -0.2287544 0.8628963
1740547563.500214 6.0392461 11.5394440 19.6930885 -0.3890700 0.2216342 -0.2301909 0.8640110
1740547563.601377 6.0814362 11.5445690 19.7414589 -0.3877220 0.2205941 -0.2299911 0.8649359
1740547563.700485 6.1099586 11.5558624 19.7685623 -0.3840804 0.2209459 -0.2298117 0.8665170
1740547563.806535 6.1199946 11.5511036 19.7818680 -0.3821942 0.2200515 -0.2299433 0.8675430
1740547563.906227 6.1206155 11.5514679 19.7829971 -0.3795402 0.2212307 -0.2304423 0.8682756
1740547564.015447 6.1356626 11.5569849 19.7981396 -0.3762475 0.2203584 -0.2293968 0.8702052
1740547564.117477 6.1367273 11.5522728 19.7925682 -0.3738049 0.2193489 -0.2289142 0.8716388
1740547564.214550 6.1777406 11.5575056 19.8336983 -0.3703431 0.2167259 -0.2280850 0.8739870
1740547564.323193 6.2556396 11.5739880 19.9113102 -0.3673370 0.2152413 -0.2271053 0.8758755
1740547564.423283 6.2982798 11.5808477 19.9537888 -0.3632349 0.2137242 -0.2267284 0.8780528
1740547564.536309 6.3482103 11.5813389 20.0125408 -0.3596267 0.2132245 -0.2280654 0.8793123
1740547564.632912 6.3896227 11.5844927 20.0543137 -0.3563482 0.2108778 -0.2273743 0.8813895
1740547564.731696 6.4429779 11.5923395 20.1070595 -0.3513370 0.2088080 -0.2260848 0.8842212
1740547564.833406 6.4994907 11.6045914 20.1608658 -0.3452952 0.2057097 -0.2231620 0.8880616
1740547564.936193 6.5394077 11.6089754 20.2031651 -0.3416356 0.2031368 -0.2232767 0.8900383
1740547565.043917 6.5843549 11.6205330 20.2520447 -0.3362527 0.2020727 -0.2212209 0.8928393
1740547565.143682 6.6499252 11.6345634 20.3167953 -0.3311484 0.1985749 -0.2200054 0.8958272
1740547565.249361 6.7104254 11.6660023 20.3797169 -0.3258855 0.1962705 -0.2201084 0.8982365
1740547565.350017 6.7617645 11.6807175 20.4355679 -0.3198309 0.1945502 -0.2208777 0.9005951
1740547565.449284 6.7996464 11.6849241 20.4758301 -0.3147721 0.1921505 -0.2218022 0.9026630
1740547565.553709 6.8316975 11.7008343 20.5124302 -0.3100054 0.1907421 -0.2226900 0.9043911
1740547565.652580 6.8955092 11.7307110 20.5864944 -0.3025855 0.1886538 -0.2234927 0.9071399
1740547565.764521 6.9392190 11.7461567 20.6316109 -0.2938713 0.1853568 -0.2240893 0.9105309
1740547565.863289 6.9864721 11.7697105 20.6823387 -0.2837479 0.1818172 -0.2249665 0.9142318
1740547565.961044 7.0422630 11.7729244 20.7457047 -0.2784604 0.1772067 -0.2242341 0.9169387
1740547566.066221 7.0930858 11.7906523 20.8065681 -0.2693793 0.1744803 -0.2236616 0.9203081
1740547566.167507 7.1391993 11.7971315 20.8634491 -0.2612690 0.1719134 -0.2242527 0.9229816
1740547566.269436 7.1904683 11.8359880 20.9209328 -0.2497400 0.1693402 -0.2264952 0.9260960
1740547566.368306 7.2508383 11.8502159 21.0162067 -0.2431101 0.1681840 -0.2271836 0.9279004
1740547566.466321 7.2926192 11.8703403 21.1109905 -0.2350007 0.1674691 -0.2282008 0.9298673
1740547566.568476 7.3400850 11.8972712 21.1993179 -0.2271850 0.1660420 -0.2298998 0.9316454
1740547566.666579 7.4009933 11.9136639 21.2826309 -0.2186746 0.1642961 -0.2299619 0.9339731
1740547566.775618 7.4540825 11.9348660 21.3814106 -0.2120360 0.1635309 -0.2310018 0.9353805
1740547566.877745 7.5014400 11.9674902 21.4769783 -0.2039557 0.1627441 -0.2339888 0.9365712
1740547566.980613 7.5528736 11.9788914 21.5674591 -0.1963235 0.1621372 -0.2341230 0.9382724
1740547567.085529 7.5732131 11.9812336 21.6538105 -0.1901781 0.1629270 -0.2369595 0.9386891
1740547567.185022 7.6049137 11.9923344 21.7652416 -0.1843707 0.1637990 -0.2390501 0.9391658
1740547567.288427 7.6609936 12.0134392 21.8574009 -0.1763182 0.1637358 -0.2406662 0.9403097
1740547567.391526 7.7113495 12.0283623 21.9509716 -0.1683772 0.1639886 -0.2425986 0.9412241
1740547567.492369 7.7379532 12.0376110 22.0447540 -0.1620697 0.1674723 -0.2446048 0.9411987
1740547567.600826 7.7667608 12.0409889 22.1155834 -0.1559605 0.1694447 -0.2474177 0.9411426
1740547567.702249 7.7845907 12.0444527 22.1785603 -0.1525524 0.1716404 -0.2490772 0.9408655
1740547567.806516 7.8295116 12.0571737 22.2540760 -0.1441922 0.1723792 -0.2498282 0.9418492
1740547567.907598 7.8645501 12.0732498 22.3447762 -0.1372154 0.1756356 -0.2508819 0.9420097
1740547568.012382 7.8957148 12.0842142 22.4321098 -0.1305918 0.1808295 -0.2530172 0.9413972
1740547568.119422 7.9246306 12.0932846 22.5169716 -0.1246608 0.1852987 -0.2546060 0.9409037
1740547568.216478 7.9425220 12.0925932 22.5760880 -0.1202705 0.1908819 -0.2545064 0.9403859
1740547568.321955 7.9719777 12.0978937 22.6092873 -0.1130516 0.1915184 -0.2584518 0.9400759
1740547568.423661 8.0027895 12.1039371 22.6578941 -0.1092325 0.1930855 -0.2595412 0.9399067
1740547568.528371 8.0433807 12.1112700 22.7192078 -0.1021433 0.1969404 -0.2597803 0.9398380
1740547568.631195 8.0837975 12.1156311 22.7908936 -0.0983704 0.1996384 -0.2606317 0.9394354
1740547568.730221 8.1116323 12.1309185 22.8771591 -0.0924212 0.2043941 -0.2622158 0.9385756
1740547568.837193 8.1459017 12.1465626 22.9759998 -0.0862085 0.2092356 -0.2631028 0.9378515
1740547568.937702 8.1883745 12.1546974 23.0742970 -0.0808317 0.2134868 -0.2643631 0.9370175
1740547569.050218 8.2314167 12.1537991 23.1669044 -0.0767103 0.2166855 -0.2659095 0.9361918
1740547569.150535 8.2829037 12.1595745 23.2501907 -0.0718244 0.2189793 -0.2670693 0.9357154
1740547569.252561 8.3330488 12.1547699 23.3484917 -0.0675547 0.2229341 -0.2677659 0.9349001
1740547569.366453 8.3875923 12.1586027 23.4444847 -0.0636714 0.2266990 -0.2699426 0.9336405
1740547569.465446 8.4450951 12.1494484 23.5356331 -0.0607998 0.2297427 -0.2701412 0.9330302
1740547569.569525 8.4966526 12.1536350 23.6309853 -0.0565796 0.2326881 -0.2710966 0.9322884
1740547569.668757 8.5379343 12.1400108 23.7199001 -0.0539999 0.2347744 -0.2701234 0.9322008
1740547569.776547 8.5916834 12.1384773 23.8082333 -0.0505171 0.2379769 -0.2713561 0.9312255
1740547569.879076 8.6244907 12.1338015 23.8854504 -0.0494490 0.2412082 -0.2709030 0.9305831
1740547569.983705 8.6719675 12.1575642 23.9643631 -0.0451935 0.2428465 -0.2718717 0.9300908
1740547570.091102 8.7166042 12.1525450 24.0696220 -0.0436112 0.2457362 -0.2727159 0.9291598
1740547570.191456 8.7652111 12.1468630 24.1548538 -0.0419804 0.2476347 -0.2727385 0.9287241
1740547570.303510 8.8161421 12.1449270 24.2412205 -0.0404337 0.2495470 -0.2737015 0.9279973
1740547570.400655 8.8759031 12.1520786 24.3342934 -0.0370580 0.2519543 -0.2740289 0.9273909
1740547570.500539 8.9192219 12.1542244 24.4285469 -0.0357945 0.2537464 -0.2745550 0.9267961
1740547570.609395 8.9568634 12.1446934 24.5385132 -0.0342801 0.2562418 -0.2745961 0.9261544
1740547570.711855 8.9835520 12.1654911 24.6265812 -0.0331576 0.2578700 -0.2752339 0.9255539
1740547570.818536 9.0330591 12.1463280 24.7229824 -0.0330372 0.2588392 -0.2747796 0.9254226
1740547570.918627 9.0871687 12.1388359 24.8142471 -0.0321962 0.2597936 -0.2746519 0.9252227
1740547571.030573 9.1444235 12.1252060 24.9099274 -0.0312519 0.2602569 -0.2750138 0.9250174
1740547571.132484 9.1784697 12.1253176 25.0113297 -0.0304629 0.2626777 -0.2746217 0.9244757
1740547571.232218 9.2315836 12.1060877 25.1138458 -0.0312353 0.2639202 -0.2737624 0.9243509
1740547571.339386 9.2792091 12.0931101 25.2003345 -0.0313605 0.2642231 -0.2747082 0.9239795
1740547571.440437 9.3292656 12.0729160 25.2898865 -0.0312745 0.2633180 -0.2746786 0.9242495
1740547571.553955 9.3791714 12.0664043 25.3866177 -0.0310228 0.2645527 -0.2745869 0.9239326
1740547571.652627 9.4352818 12.0566025 25.4842911 -0.0309431 0.2640486 -0.2746372 0.9240645
1740547571.753851 9.4926109 12.0374374 25.5774269 -0.0315597 0.2639095 -0.2746687 0.9240741
1740547571.869040 9.5500450 12.0158882 25.6689529 -0.0321716 0.2636171 -0.2743210 0.9242397
1740547571.967919 9.6041975 12.0141354 25.7701187 -0.0323602 0.2640418 -0.2738797 0.9242428
1740547572.075367 9.6619520 12.0033464 25.8694305 -0.0329789 0.2630515 -0.2744150 0.9243445
1740547572.179142 9.7179441 12.0072165 25.9584599 -0.0322044 0.2620701 -0.2747819 0.9245415
1740547572.287572 9.7811031 12.0051374 26.0516357 -0.0325559 0.2615356 -0.2741770 0.9248601
1740547572.392557 9.8365431 12.0076418 26.1477623 -0.0329959 0.2610915 -0.2739012 0.9250517
1740547572.493832 9.8864393 11.9892216 26.2386665 -0.0341038 0.2607306 -0.2740900 0.9250574
1740547572.597984 9.9467077 11.9757271 26.3388424 -0.0351229 0.2597103 -0.2732860 0.9255440
1740547572.696242 9.9934511 11.9656067 26.4352989 -0.0362836 0.2598376 -0.2730861 0.9255225
1740547572.806998 10.0643883 11.9615040 26.5229149 -0.0366130 0.2579728 -0.2729764 0.9260634
1740547572.907686 10.1156940 11.9432392 26.6209660 -0.0378144 0.2568535 -0.2726537 0.9264213
1740547573.016472 10.1658764 11.9337330 26.7240067 -0.0392397 0.2551131 -0.2729742 0.9267485
1740547573.121837 10.2213469 11.9282074 26.8218365 -0.0404757 0.2538552 -0.2721994 0.9272684
1740547573.222672 10.2567616 11.9391766 26.9232006 -0.0413932 0.2531794 -0.2720804 0.9274476
1740547573.340460 10.3043137 11.9260292 27.0205002 -0.0427735 0.2511320 -0.2723237 0.9278702
1740547573.441404 10.3547325 11.9073505 27.1182232 -0.0445468 0.2493424 -0.2721516 0.9283198
1740547573.550579 10.4132214 11.9040241 27.2160454 -0.0463213 0.2472479 -0.2716450 0.9289412
1740547573.653955 10.4591713 11.8947420 27.3141136 -0.0476018 0.2454779 -0.2713377 0.9294356
1740547573.751892 10.5139961 11.8939114 27.4111176 -0.0490105 0.2426691 -0.2714848 0.9300569
1740547573.856415 10.5601292 11.9013929 27.5124073 -0.0504614 0.2407173 -0.2708697 0.9306657
1740547573.958406 10.6165876 11.9043093 27.6109505 -0.0519977 0.2383541 -0.2703629 0.9313365
1740547574.069816 10.6532860 11.9026814 27.7138710 -0.0539698 0.2369340 -0.2703883 0.9315792
1740547574.168603 10.7006788 11.8965130 27.8165760 -0.0556309 0.2346919 -0.2695677 0.9322866
1740547574.281912 10.7406254 11.8908110 27.9173508 -0.0578430 0.2325802 -0.2690613 0.9328272
1740547574.386309 10.7828302 11.8748941 28.0152283 -0.0604955 0.2305106 -0.2687100 0.9332739
1740547574.485419 10.8245268 11.8835163 28.1181946 -0.0621503 0.2280672 -0.2686386 0.9337859
1740547574.594748 10.8678532 11.9050789 28.2178764 -0.0634732 0.2264222 -0.2682704 0.9342029
1740547574.699073 10.9159374 11.9190063 28.3122826 -0.0641742 0.2234187 -0.2677805 0.9350184
1740547574.811664 10.9401903 11.9275064 28.4168530 -0.0658260 0.2227602 -0.2678386 0.9350440
1740547574.916768 10.9813652 11.9376411 28.5195580 -0.0672630 0.2208957 -0.2673702 0.9355180
1740547575.030866 11.0322666 11.9382572 28.6215191 -0.0684713 0.2190531 -0.2667870 0.9360300
1740547575.137732 11.0692902 11.9425049 28.7264404 -0.0692194 0.2182752 -0.2669615 0.9361069
1740547575.236838 11.1129227 11.9472885 28.8287144 -0.0700349 0.2173607 -0.2670667 0.9362291
1740547575.345697 11.1757488 11.9544640 28.9237976 -0.0699413 0.2157318 -0.2667461 0.9367041
1740547575.453410 11.2010336 11.9524097 29.0235100 -0.0715357 0.2165127 -0.2667620 0.9363989
1740547575.564395 11.2475996 11.9713621 29.1221962 -0.0711202 0.2165222 -0.2673741 0.9362538
1740547575.671492 11.3026695 11.9880085 29.2196426 -0.0701530 0.2163823 -0.2676014 0.9362942
1740547575.784537 11.3449221 11.9919395 29.3187294 -0.0690388 0.2165600 -0.2679612 0.9362330
1740547575.886959 11.3959665 11.9935894 29.4157543 -0.0674894 0.2164357 -0.2687566 0.9361467
1740547575.990021 11.4475851 12.0135002 29.4962234 -0.0641108 0.2167379 -0.2690931 0.9362176
1740547576.097969 11.4800243 12.0082293 29.6077461 -0.0619663 0.2179799 -0.2700889 0.9357868
1740547576.203959 11.5516005 12.0144100 29.6957722 -0.0581846 0.2176659 -0.2710761 0.9358172
1740547576.314179 11.5952253 12.0106335 29.7821121 -0.0543663 0.2190590 -0.2719531 0.9354672
1740547576.420520 11.6269369 12.0048361 29.8749676 -0.0501291 0.2203598 -0.2738720 0.9348384
1740547576.533962 11.6911478 12.0227623 29.9792213 -0.0439830 0.2196231 -0.2746904 0.9350809
1740547576.635894 11.7147331 12.0141335 30.0914173 -0.0390054 0.2212880 -0.2762806 0.9344406
1740547576.737312 11.7566833 12.0144377 30.1951466 -0.0319209 0.2222380 -0.2780066 0.9339720
1740547576.847540 11.7884626 11.9960623 30.3062458 -0.0252189 0.2226873 -0.2794801 0.9336302
1740547576.951506 11.8361359 11.9753914 30.4047699 -0.0170844 0.2225286 -0.2815704 0.9332241
1740547577.065032 11.8569117 11.9456387 30.5165482 -0.0091790 0.2244658 -0.2834513 0.9323016
1740547577.171860 11.8974304 11.9116306 30.6248646 -0.0006558 0.2250470 -0.2851035 0.9317024
1740547577.284888 11.9425859 11.8663788 30.7125988 0.0085818 0.2246927 -0.2874645 0.9310229
1740547577.386695 11.9657192 11.8384209 30.8219872 0.0180333 0.2263913 -0.2892388 0.9299262
1740547577.487895 11.9957733 11.7981300 30.9252625 0.0273705 0.2278935 -0.2911469 0.9287351
1740547577.599389 12.0313778 11.7655983 31.0309677 0.0366404 0.2292573 -0.2933671 0.9273803
1740547577.704264 12.0688524 11.7367611 31.1290588 0.0461942 0.2313515 -0.2954307 0.9257771
1740547577.816077 12.1142187 11.7000351 31.2206154 0.0556208 0.2327344 -0.2974214 0.9242736
1740547577.919533 12.1662416 11.6668797 31.3161030 0.0656185 0.2343079 -0.2990612 0.9226898
1740547578.041090 12.1950846 11.6221914 31.4188728 0.0743223 0.2368566 -0.3012353 0.9206696
1740547578.243129 12.2876759 11.5221500 31.6014175 0.0923930 0.2407038 -0.3037487 0.9172034
1740547578.660758 12.4364910 11.3344173 31.9869099 0.1236785 0.2489836 -0.3088143 0.9095849
1740547578.972314 12.5949106 11.1540422 32.2337341 0.1422295 0.2521750 -0.3115093 0.9050638
1740547579.287033 12.7302589 10.9600487 32.4851913 0.1566633 0.2526979 -0.3145271 0.9014839
1740547579.587784 12.8500614 10.7929688 32.7512321 0.1670836 0.2493112 -0.3174619 0.8995249
1740547579.891335 12.9593849 10.6422768 33.0332375 0.1735204 0.2409578 -0.3205605 0.8994837
1740547579.988806 12.9954796 10.5799074 33.1216202 0.1751242 0.2364754 -0.3222142 0.8997716
1740547580.285297 13.0645027 10.4073648 33.4042358 0.1773870 0.2218975 -0.3266000 0.9014587
1740547580.581808 13.1325092 10.2618341 33.6999817 0.1772524 0.2036525 -0.3310125 0.9041781
1740547580.992646 13.2166901 10.0914879 34.1033745 0.1722379 0.1759600 -0.3373254 0.9086164
1740547581.307860 13.2435207 9.9485979 34.4055138 0.1679537 0.1538925 -0.3412960 0.9119352
1740547581.611870 13.2669992 9.8213682 34.7218323 0.1617216 0.1307092 -0.3461499 0.9148450
1740547581.912979 13.2827654 9.7257357 35.0410576 0.1556988 0.1090862 -0.3499845 0.9172617
1740547582.210710 13.2855072 9.6171589 35.3571129 0.1498343 0.0873461 -0.3537549 0.9191179
1740547582.514361 13.2709770 9.5364561 35.6845474 0.1423062 0.0662289 -0.3569278 0.9208503
1740547582.822726 13.2567530 9.4616623 36.0029907 0.1351670 0.0468051 -0.3601053 0.9218803
1740547583.124435 13.2172937 9.3551502 36.3191681 0.1273315 0.0269445 -0.3626961 0.9227742
1740547583.432163 13.1923246 9.3121452 36.6398659 0.1199893 0.0075170 -0.3654106 0.9230499
1740547583.740958 13.1365070 9.2502222 36.9614258 0.1127779 -0.0115257 -0.3678002 0.9229687
1740547584.039175 13.0844545 9.2081194 37.2821465 0.1034846 -0.0306054 -0.3702060 0.9226602
1740547584.340591 12.9941502 9.1796989 37.6032143 0.0937624 -0.0490414 -0.3721502 0.9221214
1740547584.641509 12.9192371 9.1630898 37.9194908 0.0829073 -0.0668460 -0.3739763 0.9213033
1740547584.938569 12.8242474 9.1394787 38.2331123 0.0694978 -0.0845721 -0.3762946 0.9200109
1740547585.239260 12.7192802 9.1625004 38.5401230 0.0564308 -0.1004408 -0.3785763 0.9183720
1740547585.539115 12.6530781 9.1875734 38.8596077 0.0406403 -0.1153131 -0.3799271 0.9169006
1740547585.740887 12.6005573 9.2251091 39.0636406 0.0308890 -0.1237812 -0.3816580 0.9154568
1740547586.037658 12.4927692 9.2681713 39.3687439 0.0151481 -0.1346493 -0.3830170 0.9137495
1740547586.341480 12.3870049 9.3122530 39.6740494 0.0015421 -0.1452879 -0.3845968 0.9115779
1740547586.641582 12.3127766 9.3973265 39.9845047 -0.0093181 -0.1550117 -0.3865424 0.9091037
1740547586.936429 12.2091780 9.4603386 40.2884827 -0.0197214 -0.1637865 -0.3863769 0.9074679
1740547587.133880 12.1350012 9.4928188 40.4893379 -0.0254600 -0.1704629 -0.3869376 0.9058551
1740547587.339391 12.0569019 9.5343771 40.6906853 -0.0316234 -0.1760790 -0.3871283 0.9045042
1740547587.731851 11.9536591 9.6188612 41.1135178 -0.0440481 -0.1905247 -0.3860881 0.9014966
1740547588.034475 11.8405533 9.6984835 41.4085312 -0.0522501 -0.2036855 -0.3856983 0.8983424
1740547588.241881 11.7395296 9.7475748 41.6082344 -0.0596519 -0.2132003 -0.3854143 0.8957919
1740547588.443524 11.6671410 9.8443689 41.7744560 -0.0642669 -0.2227647 -0.3855185 0.8930964
1740547588.547145 11.6190443 9.8930225 41.8603210 -0.0674288 -0.2270305 -0.3852471 0.8919054
1740547588.658092 11.5774260 9.9418516 41.9469109 -0.0702801 -0.2326100 -0.3845142 0.8905628
1740547588.754377 11.5363598 9.9906721 42.0275307 -0.0726723 -0.2371087 -0.3845299 0.8891766
1740547588.855988 11.4809084 10.0176239 42.1149559 -0.0765387 -0.2418998 -0.3834883 0.8880107
1740547588.954564 11.4297981 10.0535936 42.2058601 -0.0799752 -0.2467826 -0.3841188 0.8860897
1740547589.063159 11.3819008 10.0933285 42.2813873 -0.0832419 -0.2505165 -0.3841628 0.8847210
1740547589.259909 11.2906113 10.2032595 42.4600716 -0.0884979 -0.2571914 -0.3839529 0.8823837
1740547589.381036 11.2588120 10.2661428 42.5446625 -0.0895285 -0.2610207 -0.3837549 0.8812406
1740547589.478924 11.2029324 10.2861443 42.6391411 -0.0932705 -0.2644197 -0.3838760 0.8797853
1740547589.584700 11.1528969 10.3217640 42.7281609 -0.0963656 -0.2669377 -0.3839336 0.8786654
1740547589.687041 11.1114063 10.3753786 42.8106308 -0.0983515 -0.2687314 -0.3837286 0.8779879
1740547589.782501 11.0647516 10.4156952 42.9011841 -0.1008711 -0.2701348 -0.3844139 0.8769710
1740547589.982139 10.9768744 10.5154896 43.0871696 -0.1035202 -0.2720116 -0.3841306 0.8762060
1740547590.088764 10.9299288 10.5542564 43.1733665 -0.1052391 -0.2722872 -0.3846959 0.8756675
1740547590.184846 10.8936014 10.6021948 43.2639427 -0.1059496 -0.2725472 -0.3846224 0.8755332
1740547590.281092 10.8467731 10.6373901 43.3530197 -0.1073052 -0.2722294 -0.3851828 0.8752205
1740547590.478678 10.7725496 10.7289772 43.5442314 -0.1085134 -0.2718362 -0.3853380 0.8751255
1740547590.580895 10.7371750 10.7792511 43.6345024 -0.1081158 -0.2714047 -0.3854771 0.8752473
1740547590.775599 10.6542091 10.8685570 43.8184090 -0.1089132 -0.2701424 -0.3861499 0.8752424
1740547590.878450 10.6103287 10.9131413 43.9084358 -0.1088150 -0.2691757 -0.3862869 0.8754920
1740547591.075960 10.5315342 10.9930420 44.1009865 -0.1083195 -0.2685357 -0.3857160 0.8760015
1740547591.174553 10.4918499 11.0365105 44.1925430 -0.1074692 -0.2680592 -0.3857981 0.8762160
1740547591.381346 10.4029865 11.1209326 44.3707390 -0.1064836 -0.2666061 -0.3862178 0.8765947
1740547591.585632 10.3115139 11.2105246 44.5513954 -0.1051585 -0.2654837 -0.3864193 0.8770064
1740547591.783878 10.2248363 11.2817554 44.7440872 -0.1042671 -0.2647732 -0.3868569 0.8771347
1740547591.985518 10.1429176 11.3675861 44.9245682 -0.1028530 -0.2644318 -0.3860174 0.8777742
1740547592.290536 10.0066195 11.4971590 45.1903687 -0.1003325 -0.2640324 -0.3859197 0.8782291
1740547592.392156 9.9630184 11.5292492 45.2833710 -0.0999117 -0.2639046 -0.3858520 0.8783452
1740547592.698920 9.8405590 11.6503983 45.5630722 -0.0984272 -0.2643763 -0.3853703 0.8785824
1740547592.908421 9.7639904 11.7415113 45.7448540 -0.0968967 -0.2650241 -0.3848360 0.8787915
1740547593.108542 9.6748848 11.8199558 45.9296227 -0.0959400 -0.2658258 -0.3845276 0.8787894
1740547593.418848 9.5463486 11.9353857 46.2088470 -0.0932295 -0.2673242 -0.3834298 0.8791062
1740547593.725701 9.4103279 12.0641613 46.4754333 -0.0901133 -0.2694722 -0.3820643 0.8793698
1740547594.030051 9.2699471 12.1741877 46.7489090 -0.0868604 -0.2724460 -0.3808342 0.8793144
1740547594.134381 9.2198973 12.2175961 46.8366470 -0.0853824 -0.2732909 -0.3806582 0.8792732
1740547594.339840 9.1246090 12.2956543 47.0156326 -0.0830884 -0.2759775 -0.3793597 0.8792150
1740547594.533982 9.0357361 12.3712540 47.2064247 -0.0803180 -0.2796267 -0.3779767 0.8789150
1740547594.843289 8.8858528 12.4755211 47.4672050 -0.0758506 -0.2845527 -0.3761137 0.8785300
1740547595.042601 8.7763977 12.5610285 47.6439362 -0.0739593 -0.2882994 -0.3751600 0.8778772
1740547595.351321 8.6231947 12.6690216 47.9132233 -0.0700047 -0.2944645 -0.3728385 0.8771439
1740547595.760053 8.4042616 12.8208685 48.2304878 -0.0649035 -0.3022424 -0.3697120 0.8762135
1740547595.966146 8.3058100 12.8880863 48.4119759 -0.0615398 -0.3060347 -0.3680290 0.8758484
1740547596.269663 8.1266384 12.9833174 48.6727142 -0.0554816 -0.3092161 -0.3662788 0.8758694
1740547596.586015 7.9468660 13.1070032 48.9212990 -0.0471401 -0.3102407 -0.3638774 0.8769959
1740547596.896910 7.7704058 13.1979427 49.1812668 -0.0363366 -0.3106557 -0.3606815 0.8786817
1740547597.216266 7.5858545 13.2827187 49.4352112 -0.0215099 -0.3076598 -0.3568126 0.8817979
1740547597.530250 7.4157104 13.3541431 49.7056160 -0.0020139 -0.3047696 -0.3517426 0.8850924
1740547597.852455 7.2545042 13.4027882 49.9933586 0.0233430 -0.3021752 -0.3439831 0.8887187
1740547598.271989 7.0459013 13.4368162 50.3866959 0.0661863 -0.3004470 -0.3307355 0.8921687
1740547598.787943 6.6907902 13.3900337 50.8111649 0.1318804 -0.3038500 -0.3093061 0.8914104
1740547599.199567 6.3780737 13.2262449 51.0811691 0.1908008 -0.3085710 -0.2883607 0.8861304
1740547599.618258 6.0285683 13.0972157 51.3408813 0.2482311 -0.3111300 -0.2665491 0.8777990
1740547600.027334 5.7175102 12.8737679 51.5649986 0.2999095 -0.3095440 -0.2452073 0.8683951
1740547600.450906 5.4526100 12.5606060 51.7724609 0.3414053 -0.3037942 -0.2263091 0.8601952
1740547600.762516 5.2325439 12.4038200 51.9709129 0.3661201 -0.2974885 -0.2132438 0.8555605
1740547601.069253 5.0117302 12.2323837 52.1596947 0.3851423 -0.2899360 -0.2027980 0.8523353
1740547601.376550 4.8115578 12.0261135 52.3352318 0.4002613 -0.2824887 -0.1939233 0.8499323
1740547601.678289 4.6367779 11.7979259 52.5052795 0.4120994 -0.2771038 -0.1867936 0.8476413
1740547601.979460 4.4404774 11.5472965 52.6191864 0.4204355 -0.2731548 -0.1815043 0.8459767
1740547602.273483 4.2305050 11.3360844 52.7668495 0.4255988 -0.2708326 -0.1790185 0.8446702
1740547602.569790 4.0482502 11.1056995 52.9431114 0.4274427 -0.2709784 -0.1777129 0.8439678
1740547602.876958 3.8537159 10.8813190 53.1026421 0.4266346 -0.2723619 -0.1782504 0.8438179
1740547603.177648 3.6239052 10.7147427 53.2859879 0.4234132 -0.2755149 -0.1811980 0.8437892
1740547603.479466 3.3973331 10.5215187 53.4498978 0.4193639 -0.2796514 -0.1846043 0.8437122
1740547603.680389 3.2646523 10.3731880 53.5538597 0.4149565 -0.2826777 -0.1873486 0.8442778
1740547603.988516 3.0294209 10.2127895 53.7336502 0.4093116 -0.2873069 -0.1916473 0.8445058
1740547604.200013 2.8894539 10.0831203 53.8583565 0.4066858 -0.2903851 -0.1947162 0.8440194
1740547604.406625 2.7432461 9.9325790 53.9509315 0.4029970 -0.2936267 -0.1974347 0.8440357
1740547604.618308 2.5792389 9.8273144 54.0633698 0.3996444 -0.2972248 -0.1998097 0.8438115
1740547604.812633 2.4226189 9.7205982 54.1946373 0.3973967 -0.2998676 -0.2026924 0.8432503
1740547605.016411 2.2803173 9.5852375 54.2991714 0.3949366 -0.3019119 -0.2051051 0.8430932
1740547605.322969 2.0439205 9.4139900 54.4701385 0.3913142 -0.3069206 -0.2080371 0.8422550
1740547605.531491 1.8813133 9.3113785 54.5828094 0.3890391 -0.3091718 -0.2098581 0.8420338
1740547605.833516 1.6611252 9.1307793 54.7580910 0.3845960 -0.3129566 -0.2129765 0.8418938
1740547606.147921 1.4152927 8.9810162 54.9203110 0.3786626 -0.3168741 -0.2153326 0.8425184
1740547606.341699 1.2591400 8.8775082 55.0442276 0.3759131 -0.3191829 -0.2177473 0.8422575
1740547606.649447 1.0212345 8.7010002 55.2284317 0.3697669 -0.3230125 -0.2220418 0.8423970
1740547606.842227 0.8662205 8.6337090 55.3236084 0.3660291 -0.3250309 -0.2226011 0.8431051
1740547607.043899 0.7188473 8.5678616 55.4401360 0.3618512 -0.3271786 -0.2249161 0.8434635
1740547607.343797 0.4782619 8.4091015 55.6158524 0.3541929 -0.3299576 -0.2296713 0.8443497
1740547607.658119 0.2224197 8.2827454 55.7989273 0.3464097 -0.3327655 -0.2339559 0.8453000
1740547607.960775 -0.0223827 8.1418228 55.9692650 0.3379559 -0.3356831 -0.2394692 0.8460243
1740547608.260432 -0.2589741 8.0333080 56.1726532 0.3292398 -0.3379086 -0.2438339 0.8473275
1740547608.556282 -0.5105476 7.9092693 56.3546753 0.3200028 -0.3406892 -0.2494317 0.8481232
1740547608.860153 -0.7516918 7.7913456 56.5542183 0.3108702 -0.3431574 -0.2545689 0.8489979
1740547609.159676 -1.0070953 7.7052364 56.7566910 0.3002465 -0.3455002 -0.2602765 0.8501399
1740547609.459976 -1.2525749 7.5994568 56.9605637 0.2891569 -0.3480125 -0.2671726 0.8508199
1740547609.763283 -1.5128498 7.5134115 57.1460762 0.2774331 -0.3504981 -0.2732827 0.8517620
1740547610.171847 -1.8365364 7.4161119 57.4395638 0.2605013 -0.3539192 -0.2811860 0.8531205
1740547610.476592 -2.0920143 7.3574333 57.6432190 0.2476079 -0.3563925 -0.2873723 0.8538688
1740547610.885487 -2.4139881 7.2868824 57.9422455 0.2293490 -0.3588406 -0.2967033 0.8547512
1740547611.182938 -2.6632061 7.2428923 58.1507034 0.2158629 -0.3609371 -0.3036495 0.8549413
1740547611.477068 -2.9152527 7.2239342 58.3688469 0.2018216 -0.3618004 -0.3101628 0.8556679
1740547611.781493 -3.1462212 7.1993876 58.6055260 0.1885718 -0.3624877 -0.3165731 0.8560519
1740547612.081220 -3.4038124 7.1934690 58.8221092 0.1765285 -0.3627400 -0.3220671 0.8564638
1740547612.377420 -3.6373768 7.2157664 59.0612183 0.1645430 -0.3624867 -0.3268691 0.8571380
1740547612.673639 -3.8780775 7.2136292 59.2937584 0.1526688 -0.3617392 -0.3321777 0.8576100
1740547612.972246 -4.1159058 7.2107387 59.5276985 0.1427509 -0.3596536 -0.3366228 0.8584617
1740547613.266579 -4.3237219 7.2418036 59.7874489 0.1331570 -0.3587684 -0.3403905 0.8588881
1740547613.558732 -4.5680532 7.2456903 60.0188255 0.1234388 -0.3563754 -0.3433732 0.8601478
1740547613.863219 -4.8008394 7.2908754 60.2613411 0.1154691 -0.3537743 -0.3462825 0.8611615
1740547614.262209 -5.0914965 7.3407021 60.5986671 0.1051941 -0.3505222 -0.3497026 0.8624248
1740547614.569172 -5.3079672 7.3459759 60.8572655 0.0990807 -0.3485401 -0.3526286 0.8627607
1740547614.863804 -5.5079985 7.4059477 61.1214294 0.0928287 -0.3457673 -0.3544412 0.8638282
1740547615.266764 -5.7894354 7.4225378 61.4692154 0.0866221 -0.3443345 -0.3573120 0.8638626
1740547615.556280 -6.0113649 7.4613323 61.7149811 0.0812995 -0.3444490 -0.3596040 0.8633831
1740547615.761331 -6.1503124 7.5026731 61.8921394 0.0777989 -0.3449486 -0.3609498 0.8629444
1740547616.162966 -6.4199104 7.5715742 62.2349930 0.0699420 -0.3462592 -0.3637072 0.8619338
1740547616.547075 -6.7208023 7.6441641 62.5576859 0.0623733 -0.3495043 -0.3662901 0.8601092
1740547616.835057 -6.9347219 7.7242336 62.8121567 0.0573186 -0.3496643 -0.3671190 0.8600425
1740547617.125930 -7.1568766 7.7883186 63.0577354 0.0530276 -0.3496238 -0.3690359 0.8595137
1740547617.424820 -7.3522625 7.8704758 63.3227196 0.0504720 -0.3488165 -0.3697752 0.8596778
1740547617.718250 -7.5781898 7.9264851 63.5730324 0.0489108 -0.3465563 -0.3705663 0.8603413
1740547618.019941 -7.7749214 7.9992642 63.8359642 0.0463173 -0.3426581 -0.3716719 0.8615685
1740547618.420146 -8.0441809 8.0394268 64.1845245 0.0440368 -0.3372978 -0.3729286 0.8632585
1740547618.712393 -8.2512989 8.0933914 64.4400787 0.0422959 -0.3341748 -0.3731485 0.8644642
1740547619.003865 -8.4150991 8.1814585 64.7170258 0.0394839 -0.3318588 -0.3748623 0.8647480
1740547619.203619 -8.5476589 8.2021484 64.8936615 0.0365691 -0.3310931 -0.3759785 0.8646851
1740547619.496818 -8.7617207 8.2611732 65.1436234 0.0317390 -0.3297698 -0.3777353 0.8646159
1740547619.689875 -8.8687286 8.3153648 65.3266678 0.0283122 -0.3300147 -0.3786238 0.8642527
1740547619.988225 -9.0634918 8.3978233 65.5774155 0.0215137 -0.3285253 -0.3812379 0.8638669
1740547620.200587 -9.1983051 8.4546890 65.7424469 0.0181295 -0.3282922 -0.3824144 0.8635131
1740547620.392093 -9.3172150 8.5173435 65.9214172 0.0138685 -0.3271713 -0.3838652 0.8633737
1740547620.587502 -9.4400845 8.5798979 66.0905380 0.0099614 -0.3262619 -0.3852088 0.8631732
1740547620.784465 -9.5602818 8.6351776 66.2676010 0.0075924 -0.3239425 -0.3859300 0.8637486
1740547620.979681 -9.6671486 8.6890650 66.4461517 0.0042894 -0.3219944 -0.3873382 0.8638694
1740547621.175929 -9.7946901 8.7490110 66.6144791 0.0016410 -0.3190664 -0.3881518 0.8645994
1740547621.369463 -9.8960915 8.8034868 66.8055038 -0.0000762 -0.3165331 -0.3893266 0.8650039
1740547621.565415 -10.0168066 8.8461437 66.9842606 -0.0013810 -0.3129626 -0.3902566 0.8658824
1740547621.757617 -10.1332102 8.8875179 67.1645279 -0.0022995 -0.3089727 -0.3914519 0.8667733
1740547621.955519 -10.2346592 8.9370203 67.3537750 -0.0045375 -0.3054213 -0.3916372 0.8679387
1740547622.153392 -10.3353271 9.0004101 67.5414886 -0.0049224 -0.3007187 -0.3926443 0.8691229
1740547622.339672 -10.4636602 9.0414057 67.7108917 -0.0062498 -0.2963916 -0.3932447 0.8703284
1740547622.535037 -10.5587873 9.1005936 67.8997116 -0.0073608 -0.2927610 -0.3939082 0.8712481
1740547622.729788 -10.6450825 9.1605644 68.0912476 -0.0088152 -0.2888042 -0.3940666 0.8724827
1740547622.924322 -10.7690382 9.2003450 68.2610626 -0.0106333 -0.2847713 -0.3952427 0.8732557
1740547623.126881 -10.8707552 9.2622938 68.4428101 -0.0133015 -0.2805673 -0.3962190 0.8741370
1740547623.323560 -10.9616146 9.2984657 68.6177521 -0.0163797 -0.2776391 -0.3965843 0.8748538
1740547623.523021 -11.0339804 9.3500061 68.8199158 -0.0198046 -0.2744198 -0.3970963 0.8755661
1740547623.721534 -11.1454868 9.3961573 68.9976196 -0.0208958 -0.2698294 -0.3989349 0.8761315
1740547623.925556 -11.2481880 9.4582500 69.1741028 -0.0252440 -0.2668815 -0.3992521 0.8767753
1740547624.021969 -11.2950945 9.4912491 69.2633362 -0.0267291 -0.2652196 -0.4004472 0.8766904
1740547624.221203 -11.3893185 9.5666599 69.4656219 -0.0291593 -0.2615679 -0.4023310 0.8768476
1740547624.317714 -11.4307909 9.5826740 69.5587463 -0.0322745 -0.2608521 -0.4028975 0.8766916
1740547624.416741 -11.4786139 9.5914841 69.6129303 -0.0338547 -0.2582341 -0.4049014 0.8764838
1740547624.510504 -11.4842911 9.6057634 69.6361237 -0.0353097 -0.2573192 -0.4032005 0.8774790
1740547624.606850 -11.5196705 9.6361427 69.6606369 -0.0375450 -0.2543801 -0.3983299 0.8804626
1740547624.707703 -11.5550833 9.6588154 69.6671371 -0.0394741 -0.2499114 -0.3995987 0.8810828
1740547624.802091 -11.5812912 9.6793404 69.6903000 -0.0421137 -0.2479402 -0.3990270 0.8817764
1740547624.902521 -11.6162968 9.6921740 69.6974487 -0.0460746 -0.2433621 -0.3976501 0.8834741
1740547625.001375 -11.6370716 9.7288752 69.6986084 -0.0436876 -0.2389917 -0.3983468 0.8844740
1740547625.094928 -11.6578541 9.7445927 69.7139511 -0.0457859 -0.2367325 -0.3979010 0.8851758
1740547625.198664 -11.6964397 9.7737913 69.7325516 -0.0472097 -0.2317173 -0.3966741 0.8869769
1740547625.291969 -11.7109423 9.7775316 69.7614746 -0.0474651 -0.2324315 -0.3971222 0.8865758
1740547625.387701 -11.7374439 9.7970819 69.7659225 -0.0476443 -0.2259330 -0.3985211 0.8876178
1740547625.487797 -11.7538538 9.8121529 69.7647858 -0.0507758 -0.2197344 -0.4009653 0.8878995
1740547625.583313 -11.7551069 9.8351488 69.7649536 -0.0482593 -0.2182592 -0.3973399 0.8900309
1740547625.687164 -11.7878780 9.8375893 69.7827454 -0.0517784 -0.2126571 -0.3974281 0.8911492
1740547625.781567 -11.8287354 9.8539667 69.7716675 -0.0531011 -0.2012950 -0.3983692 0.8932875
1740547625.876216 -11.8200750 9.8715839 69.7815094 -0.0538794 -0.1990530 -0.3993137 0.8933216
1740547625.977254 -11.8430214 9.9053249 69.7899551 -0.0524716 -0.1934493 -0.3962772 0.8959846
1740547626.077973 -11.8734884 9.9098473 69.7953110 -0.0555281 -0.1891686 -0.3972539 0.8962819
1740547626.374238 -11.8644609 9.9292479 69.7965088 -0.0569503 -0.1805878 -0.3910722 0.9006705
1740547626.676948 -11.8582163 9.9483948 69.8404083 -0.0588869 -0.1746388 -0.3734905 0.9091416
1740547626.775787 -11.8704529 9.9586048 69.8433075 -0.0620775 -0.1696786 -0.3707174 0.9110017
1740547626.871393 -11.8853512 9.9711580 69.8468552 -0.0629390 -0.1632575 -0.3703443 0.9122669
1740547626.974728 -11.8861008 9.9724951 69.8557739 -0.0619312 -0.1603722 -0.3701070 0.9129437
1740547627.171095 -11.8990536 10.0223494 69.8454514 -0.0560484 -0.1476426 -0.3638296 0.9179806
1740547627.271351 -11.9019384 10.0623188 69.8354111 -0.0500765 -0.1406437 -0.3612189 0.9204524
1740547627.365736 -11.9220514 10.0735426 69.8485107 -0.0506980 -0.1370082 -0.3581362 0.9221697
1740547627.467832 -11.9098759 10.1088142 69.8466873 -0.0422602 -0.1342472 -0.3537430 0.9246933
1740547627.667800 -11.9492893 10.1664705 69.8606491 -0.0371224 -0.1183354 -0.3517479 0.9278427
1740547627.762243 -11.9302177 10.2039986 69.8947906 -0.0320155 -0.1183660 -0.3492028 0.9289898
1740547627.861163 -11.9129658 10.2030725 69.9008789 -0.0313123 -0.1206886 -0.3442949 0.9305455
1740547627.966910 -11.8956480 10.2010937 69.9196167 -0.0309172 -0.1250649 -0.3472205 0.9288923
1740547628.066818 -11.8831501 10.2253971 69.9432602 -0.0287819 -0.1246058 -0.3431946 0.9305173
1740547628.174829 -11.8763847 10.2622337 69.9743805 -0.0236974 -0.1244773 -0.3374287 0.9327838
1740547628.269480 -11.9037161 10.2986603 70.0081863 -0.0202042 -0.1182397 -0.3372296 0.9337491
1740547628.366834 -11.9037743 10.3140602 70.0454865 -0.0185528 -0.1180386 -0.3352403 0.9345248
1740547628.467899 -11.9406843 10.3066845 70.0497208 -0.0221844 -0.1113935 -0.3429182 0.9324733
1740547628.562400 -11.9401731 10.3422203 70.0658569 -0.0169495 -0.1069887 -0.3413718 0.9336656
1740547628.677790 -11.9155903 10.3691883 70.0793533 -0.0100622 -0.1073586 -0.3343287 0.9362677
1740547628.773393 -11.9154625 10.3800755 70.0876694 -0.0069180 -0.1062500 -0.3338868 0.9365803
1740547628.871010 -11.9212942 10.4061308 70.1006622 -0.0027287 -0.1002174 -0.3277546 0.9394286
1740547628.974225 -11.9252110 10.4455261 70.1227417 0.0027843 -0.0932756 -0.3215203 0.9422933
1740547629.071560 -11.9112625 10.4886971 70.1698914 0.0128553 -0.0929637 -0.3238318 0.9414486
1740547629.179819 -11.9565115 10.5279484 70.2216721 0.0194702 -0.0850694 -0.3281153 0.9405980
1740547629.279425 -11.9743700 10.5732861 70.2507629 0.0302601 -0.0788899 -0.3295156 0.9403617
1740547629.378132 -11.9952459 10.6074104 70.2730789 0.0377757 -0.0720414 -0.3323968 0.9396251
1740547629.482026 -11.9944620 10.6281147 70.2956848 0.0430627 -0.0711695 -0.3351257 0.9384941
1740547629.579712 -11.9734879 10.6670780 70.3434296 0.0504302 -0.0702792 -0.3285981 0.9405004
1740547629.788653 -11.9641075 10.7116289 70.4333649 0.0617117 -0.0670870 -0.3285748 0.9400690
1740547629.889577 -11.9547434 10.7327843 70.4711075 0.0680474 -0.0680148 -0.3252736 0.9407129
1740547629.997655 -11.9595594 10.7812719 70.5085831 0.0797041 -0.0652871 -0.3240403 0.9404163
1740547630.101532 -11.9569073 10.8059044 70.5546494 0.0864333 -0.0627507 -0.3222187 0.9406204
1740547630.203781 -11.9487514 10.8589153 70.6052017 0.1026348 -0.0608223 -0.3191867 0.9401524
1740547630.304103 -11.9512892 10.8999672 70.6302719 0.1155579 -0.0571036 -0.3167092 0.9397238
1740547630.403601 -11.9006138 10.9269857 70.6763992 0.1295767 -0.0626947 -0.3115247 0.9392719
1740547630.509230 -11.8678398 10.9624949 70.7130966 0.1458031 -0.0643690 -0.3109065 0.9369820
1740547630.622057 -11.8201847 10.9843950 70.7494583 0.1579600 -0.0731193 -0.3055996 0.9361149
1740547630.727242 -11.8017273 11.0338936 70.7860489 0.1743739 -0.0714406 -0.3024365 0.9343566
1740547630.825439 -11.7815933 11.0653791 70.8272171 0.1908175 -0.0739144 -0.3006704 0.9315163
1740547630.941838 -11.7563133 11.0930243 70.8653564 0.2056526 -0.0775441 -0.2970680 0.9292172
1740547631.038020 -11.7126656 11.0731030 70.8967819 0.2097254 -0.0880179 -0.2964241 0.9275780
1740547631.139570 -11.6940651 11.0252094 70.9161835 0.2055832 -0.0959572 -0.2950326 0.9281614
1740547631.245958 -11.6565046 10.9930325 70.9606705 0.2078778 -0.1068863 -0.2952635 0.9263809
1740547631.346697 -11.6908474 10.9798908 70.9927292 0.2086919 -0.1037451 -0.3015426 0.9245306
1740547631.455662 -11.7070942 10.9767485 71.0485229 0.2135245 -0.1031678 -0.2937193 0.9260090
1740547631.653081 -11.7992601 10.8945141 71.2229462 0.2204854 -0.1008759 -0.2948067 0.9242831
1740547631.857872 -11.8776646 10.8012619 71.4204254 0.2291356 -0.1023143 -0.2951531 0.9219074
1740547631.973937 -11.9371338 10.7294455 71.4941177 0.2261585 -0.1014358 -0.2949353 0.9228089
1740547632.179400 -12.0130615 10.6433430 71.6861649 0.2333489 -0.1057384 -0.2937793 0.9209025
1740547632.388890 -12.0807781 10.5441055 71.8761673 0.2394620 -0.1118225 -0.2963350 0.9177904
1740547632.492120 -12.1099176 10.5158491 71.9770584 0.2465191 -0.1154396 -0.2967179 0.9153472
1740547632.593776 -12.1443081 10.4778309 72.0781326 0.2517363 -0.1195078 -0.2958354 0.9136893
1740547632.802552 -12.2389660 10.3968010 72.2595749 0.2572671 -0.1191424 -0.2957061 0.9122372
1740547633.014132 -12.3243380 10.2932110 72.4407501 0.2606660 -0.1200966 -0.2979110 0.9104280
1740547633.336010 -12.5173788 10.2648678 72.5790405 0.2614987 -0.1182326 -0.2957108 0.9111502
