1740547530.303417 0.0000000 0.0000000 0.0000000 -0.0000000 -0.0000000 -0.0000000 1.0000000
1740547531.040643 0.0038663 -0.0055888 0.0966476 0.0001541 -0.0003673 0.0000672 0.9999999
1740547531.426856 -0.0004118 -0.0166379 0.1990515 0.0006524 -0.0001378 -0.0002941 0.9999998
1740547531.530512 0.0016942 -0.0247572 0.2984721 0.0009548 -0.0005494 0.0001387 0.9999994
1740547531.635846 -0.0032834 -0.0138206 0.3992723 0.0021907 -0.0002580 0.0001001 0.9999976
1740547531.741332 0.0011802 -0.0077095 0.5008908 0.0038269 -0.0003206 -0.0001243 0.9999926
1740547531.846917 -0.0002974 0.0138197 0.6015122 0.0059500 -0.0004587 -0.0000269 0.9999822
1740547531.974205 0.0014740 0.0204975 0.7014203 0.0079231 -0.0007113 0.0001138 0.9999684
1740547532.078413 -0.0078636 0.0189099 0.8036528 0.0104165 -0.0005378 0.0001516 0.9999456
1740547532.190199 -0.0128467 0.0100314 0.9040217 0.0127237 -0.0008964 0.0000177 0.9999187
1740547532.299438 -0.0132859 0.0105772 1.0025525 0.0160627 -0.0012138 0.0001263 0.9998702
1740547532.411735 0.0043538 -0.0008944 1.1057875 0.0190597 -0.0022950 0.0002647 0.9998157
1740547532.522574 -0.0206723 -0.0338053 1.2022734 0.0215594 -0.0015009 0.0001209 0.9997665
1740547532.626659 -0.0100068 -0.0502386 1.3045688 0.0251508 -0.0026386 0.0002502 0.9996802
1740547532.741395 -0.0057731 -0.0606278 1.4037615 0.0289116 -0.0032179 0.0003216 0.9995767
1740547532.844608 -0.0113880 -0.0865327 1.5029535 0.0325530 -0.0036430 -0.0000609 0.9994634
1740547532.956870 -0.0209346 -0.1026242 1.6014333 0.0357906 -0.0042699 -0.0000607 0.9993502
1740547533.062486 -0.0325241 -0.1144136 1.6981797 0.0391818 -0.0044954 0.0002738 0.9992220
1740547533.177476 -0.0287141 -0.1317748 1.7969050 0.0420602 -0.0052807 -0.0000235 0.9991011
1740547533.288788 -0.0331897 -0.1342327 1.8994104 0.0458643 -0.0056614 -0.0000400 0.9989316
1740547533.411237 -0.0479920 -0.1531108 1.9908128 0.0480041 -0.0046387 0.0001043 0.9988364
1740547533.516948 -0.0438492 -0.1703510 2.0926552 0.0511915 -0.0060377 0.0003603 0.9986705
1740547533.619597 -0.0520169 -0.1866223 2.1942647 0.0540625 -0.0063941 0.0008174 0.9985167
1740547533.729045 -0.0492595 -0.2086125 2.2865570 0.0560032 -0.0070221 0.0008880 0.9984055
1740547533.831149 -0.0619112 -0.2417718 2.3811493 0.0570750 -0.0064541 0.0006170 0.9983488
1740547533.943254 -0.0603655 -0.2754599 2.4814773 0.0580718 -0.0072594 -0.0000196 0.9982861
1740547534.041723 -0.0567215 -0.2963045 2.5729964 0.0586150 -0.0079991 -0.0002857 0.9982486
1740547534.154629 -0.0750439 -0.3207246 2.6617689 0.0581575 -0.0079380 -0.0003909 0.9982758
1740547534.257139 -0.1051179 -0.3559282 2.7589390 0.0578027 -0.0070954 -0.0001931 0.9983028
1740547534.355967 -0.1024462 -0.3766338 2.8540549 0.0571762 -0.0076759 -0.0000577 0.9983346
1740547534.456425 -0.1215551 -0.4166955 2.9468629 0.0554803 -0.0066180 0.0001365 0.9984378
1740547534.558337 -0.1307463 -0.4260335 3.0497408 0.0549017 -0.0061478 0.0004823 0.9984728
1740547534.661596 -0.1409199 -0.4606394 3.1250379 0.0507966 -0.0052625 0.0007245 0.9986949
1740547534.762575 -0.1350844 -0.4838472 3.2263088 0.0489570 -0.0048495 -0.0001630 0.9987891
1740547534.859936 -0.1321141 -0.5188231 3.3257241 0.0461499 -0.0050162 -0.0006603 0.9989217
1740547534.964337 -0.1436972 -0.5517764 3.4223499 0.0431068 -0.0043919 -0.0007937 0.9990605
1740547535.062657 -0.1777440 -0.5852033 3.5131774 0.0399454 -0.0026055 -0.0000934 0.9991985
1740547535.167635 -0.2048108 -0.6031713 3.5892467 0.0360257 -0.0004725 0.0001300 0.9993507
1740547535.268524 -0.2083149 -0.6145946 3.6881502 0.0326551 0.0007220 -0.0008668 0.9994661
1740547535.368266 -0.2321842 -0.6086668 3.7777441 0.0292035 0.0035502 -0.0002429 0.9995672
1740547535.475184 -0.2286510 -0.6121116 3.8637743 0.0269551 0.0037079 -0.0011383 0.9996291
1740547535.572428 -0.2371118 -0.6294352 3.9592903 0.0221295 0.0044559 -0.0008045 0.9997449
1740547535.674855 -0.2491643 -0.6499923 4.0560489 0.0170787 0.0072139 -0.0013604 0.9998272
1740547535.774571 -0.2731948 -0.6330495 4.1451216 0.0157572 0.0103559 -0.0014349 0.9998212
1740547535.873712 -0.2765519 -0.6630452 4.2261448 0.0085453 0.0127529 -0.0033244 0.9998766
1740547535.977138 -0.2882502 -0.6930966 4.2973289 0.0037675 0.0155517 -0.0045504 0.9998616
1740547536.073771 -0.2972620 -0.6815200 4.3511467 0.0015915 0.0163450 -0.0030082 0.9998606
1740547536.181657 -0.3084649 -0.6708493 4.3986149 -0.0012432 0.0186365 -0.0038153 0.9998183
1740547536.276796 -0.3311380 -0.6561483 4.4771547 -0.0017746 0.0220002 -0.0038153 0.9997491
1740547536.380323 -0.3071891 -0.6601612 4.5539370 -0.0061756 0.0218945 -0.0030182 0.9997367
1740547536.494663 -0.3090876 -0.6850685 4.6152697 -0.0112248 0.0234460 -0.0026086 0.9996587
1740547536.592680 -0.3139451 -0.7133027 4.6844773 -0.0157882 0.0260035 -0.0037439 0.9995302
1740547536.694648 -0.3096183 -0.7053872 4.7282648 -0.0186192 0.0265078 -0.0031835 0.9994701
1740547536.795022 -0.3253361 -0.6782197 4.8085194 -0.0181601 0.0297744 -0.0034690 0.9993857
1740547536.893789 -0.3441604 -0.6571143 4.8853869 -0.0189864 0.0327231 -0.0040349 0.9992760
1740547537.001182 -0.3523204 -0.6709686 4.9306359 -0.0215300 0.0348556 -0.0052889 0.9991465
1740547537.102126 -0.3556183 -0.6194243 4.9830709 -0.0164687 0.0359111 -0.0056408 0.9992034
1740547537.210909 -0.3449554 -0.6429508 5.0519176 -0.0203022 0.0365511 -0.0042939 0.9991163
1740547537.311722 -0.3738276 -0.6430554 5.1164265 -0.0217977 0.0425616 -0.0042196 0.9988471
1740547537.410736 -0.3934339 -0.6577790 5.1916094 -0.0246768 0.0466739 -0.0047593 0.9985940
1740547537.514309 -0.3760920 -0.6605589 5.2801905 -0.0279785 0.0481361 -0.0047628 0.9984375
1740547537.614764 -0.3254460 -0.6671993 5.3492112 -0.0297131 0.0451947 -0.0035760 0.9985298
1740547537.721963 -0.3041354 -0.6570116 5.3881350 -0.0294343 0.0437611 -0.0018323 0.9986066
1740547537.825211 -0.3222886 -0.6316141 5.4418168 -0.0266995 0.0448764 -0.0037690 0.9986286
1740547537.927431 -0.3524455 -0.6292136 5.5256381 -0.0260870 0.0489377 -0.0043832 0.9984515
1740547538.034918 -0.3237025 -0.6449495 5.6225805 -0.0284814 0.0489117 -0.0047594 0.9983856
1740547538.137235 -0.3047830 -0.6615516 5.6960645 -0.0298628 0.0485328 -0.0026887 0.9983715
1740547538.244437 -0.2889415 -0.6633939 5.7734470 -0.0305810 0.0489427 -0.0034148 0.9983275
1740547538.346553 -0.2823117 -0.6607115 5.8454223 -0.0320261 0.0491676 -0.0044290 0.9982672
1740547538.458251 -0.2416908 -0.6599887 5.9198565 -0.0328807 0.0466710 -0.0043863 0.9983594
1740547538.558686 -0.2469242 -0.6785895 5.9989228 -0.0334879 0.0490685 -0.0033332 0.9982283
1740547538.658833 -0.2223921 -0.7094087 6.0533986 -0.0361965 0.0478648 -0.0016851 0.9981964
1740547538.762716 -0.1777225 -0.7083356 6.1097236 -0.0389067 0.0446327 -0.0028463 0.9982415
1740547538.861882 -0.1521249 -0.6838078 6.1633158 -0.0374784 0.0417824 -0.0024489 0.9984206
1740547538.970824 -0.1065109 -0.6776828 6.2203331 -0.0390886 0.0382001 -0.0020167 0.9985033
1740547539.072940 -0.1096276 -0.6758423 6.2950234 -0.0404971 0.0395589 -0.0033461 0.9983907
1740547539.173048 -0.1070307 -0.6870297 6.3723431 -0.0426096 0.0405757 -0.0018206 0.9982659
1740547539.286988 -0.0757066 -0.7165046 6.4294086 -0.0502329 0.0369948 -0.0006577 0.9980519
1740547539.388476 -0.0470582 -0.7264197 6.4644594 -0.0527939 0.0302456 0.0008892 0.9981469
1740547539.499120 -0.0237558 -0.7202661 6.5070539 -0.0519854 0.0255174 0.0013979 0.9983208
1740547539.599815 -0.0010594 -0.7292857 6.5366483 -0.0555342 0.0192775 0.0022334 0.9982682
1740547539.711253 0.0354498 -0.7257335 6.5665584 -0.0582592 0.0111785 0.0028395 0.9982349
1740547539.809334 0.0634242 -0.7383642 6.5870986 -0.0630017 0.0027338 0.0028421 0.9980056
1740547539.909985 0.1026826 -0.7131824 6.6034493 -0.0610160 -0.0052023 0.0033495 0.9981176
1740547540.016235 0.1388998 -0.6936038 6.6233320 -0.0630729 -0.0135219 0.0024917 0.9979142
1740547540.118621 0.1639096 -0.7009919 6.6556582 -0.0657113 -0.0224866 0.0026098 0.9975819
1740547540.230371 0.1867782 -0.7351687 6.7056284 -0.0716509 -0.0288229 0.0024470 0.9970102
1740547540.332610 0.2197416 -0.7357637 6.7181263 -0.0717864 -0.0388313 0.0030626 0.9966592
1740547540.447817 0.2534453 -0.7326685 6.7340522 -0.0724954 -0.0476967 0.0065933 0.9962058
1740547540.548080 0.2854809 -0.7270802 6.7515283 -0.0720263 -0.0578714 0.0053883 0.9957079
1740547540.651303 0.3011191 -0.7104613 6.7548256 -0.0661020 -0.0643717 0.0081815 0.9957007
1740547540.760811 0.3444490 -0.7224525 6.7677851 -0.0688047 -0.0751379 0.0054521 0.9947816
1740547540.861775 0.3780310 -0.7073286 6.7871175 -0.0650012 -0.0837956 0.0062357 0.9943411
1740547540.970606 0.4075952 -0.6808546 6.8204875 -0.0607800 -0.0907305 0.0068757 0.9939952
1740547541.074031 0.4372958 -0.6713880 6.8237610 -0.0579214 -0.1005354 0.0057710 0.9932293
1740547541.174831 0.4690274 -0.6673599 6.8402176 -0.0567457 -0.1111481 0.0051818 0.9921690
1740547541.289976 0.4911219 -0.6740074 6.8720393 -0.0557398 -0.1195149 0.0059278 0.9912488
1740547541.394642 0.5182487 -0.6750267 6.8882389 -0.0553684 -0.1301021 0.0046863 0.9899424
1740547541.509095 0.5394407 -0.6600931 6.9168830 -0.0511650 -0.1374818 0.0053753 0.9891673
1740547541.612881 0.5577282 -0.6729283 6.9429917 -0.0528976 -0.1463490 0.0050807 0.9878047
1740547541.722783 0.5835893 -0.6787290 6.9527092 -0.0554528 -0.1567255 0.0037357 0.9860772
1740547541.825399 0.6123220 -0.6694319 6.9889607 -0.0563914 -0.1657594 0.0028585 0.9845485
1740547541.929329 0.6322244 -0.6659718 7.0094948 -0.0558653 -0.1744990 0.0027061 0.9830676
1740547542.044464 0.6641861 -0.6749744 6.9958200 -0.0552178 -0.1841692 0.0021474 0.9813399
1740547542.146866 0.6807538 -0.6834467 7.0247393 -0.0598907 -0.1922289 0.0006111 0.9795207
1740547542.265801 0.7002550 -0.6803614 7.0255828 -0.0599700 -0.2004947 -0.0005655 0.9778575
1740547542.369704 0.7163289 -0.6712921 7.0336385 -0.0625472 -0.2093481 -0.0032167 0.9758334
1740547542.493877 0.7361642 -0.6760948 7.0424991 -0.0656188 -0.2168648 -0.0041495 0.9739849
1740547542.596932 0.7517518 -0.6780859 7.0510902 -0.0677654 -0.2236223 -0.0051410 0.9723037
1740547542.707788 0.7713536 -0.6967047 7.0679154 -0.0744364 -0.2292642 -0.0074825 0.9704850
1740547542.810577 0.7901323 -0.7036012 7.0638747 -0.0771074 -0.2341849 -0.0100649 0.9690772
1740547542.914987 0.8079510 -0.7096428 7.0776281 -0.0830343 -0.2399351 -0.0115881 0.9671619
1740547543.029329 0.8232818 -0.7097754 7.0876188 -0.0888084 -0.2462946 -0.0139559 0.9650167
1740547543.133255 0.8337588 -0.7149335 7.0969896 -0.0939212 -0.2506922 -0.0165322 0.9633582
1740547543.241847 0.8419781 -0.7061238 7.1057358 -0.0939301 -0.2517518 -0.0177963 0.9630584
1740547543.346385 0.8480093 -0.7050400 7.1136408 -0.0981553 -0.2505089 -0.0198461 0.9629211
1740547543.456401 0.8707623 -0.7096941 7.1294518 -0.1054859 -0.2544120 -0.0220924 0.9610719
1740547543.560395 0.8863825 -0.7041402 7.1406274 -0.1093806 -0.2567719 -0.0251055 0.9599343
1740547543.665922 0.9133687 -0.6787188 7.1478648 -0.1133615 -0.2590251 -0.0273217 0.9588059
1740547543.774978 0.9340100 -0.6714845 7.1757188 -0.1218716 -0.2598854 -0.0297347 0.9574564
1740547543.878866 0.9409485 -0.6774114 7.1928453 -0.1283118 -0.2597504 -0.0338836 0.9565133
1740547543.988295 0.9593142 -0.6831334 7.1954794 -0.1338507 -0.2595248 -0.0343842 0.9557974
1740547544.092752 0.9789188 -0.6462371 7.2030230 -0.1375836 -0.2598268 -0.0377793 0.9550568
1740547544.206452 0.9924518 -0.6356454 7.2137880 -0.1452537 -0.2608318 -0.0413619 0.9534974
1740547544.311225 1.0049522 -0.6042965 7.2343173 -0.1467625 -0.2590225 -0.0435502 0.9536622
1740547544.415497 1.0274241 -0.5879301 7.2529922 -0.1528759 -0.2576761 -0.0467940 0.9529125
1740547544.529291 1.0322354 -0.5654321 7.3040514 -0.1582709 -0.2547260 -0.0480920 0.9527603
1740547544.633718 1.0599420 -0.5582515 7.3418369 -0.1663448 -0.2538820 -0.0498798 0.9515174
1740547544.743466 1.0714357 -0.5283886 7.3704572 -0.1697700 -0.2493756 -0.0509327 0.9520482
1740547544.846814 1.0980368 -0.5085023 7.3953080 -0.1736862 -0.2474808 -0.0523570 0.9517590
1740547544.956979 1.1143540 -0.4882759 7.4181848 -0.1807100 -0.2468739 -0.0548508 0.9504676
1740547545.060206 1.1223395 -0.4590402 7.4435368 -0.1863874 -0.2459254 -0.0574161 0.9494650
1740547545.163693 1.1415244 -0.4161692 7.5216551 -0.1937410 -0.2437824 -0.0600556 0.9483818
1740547545.270977 1.1419724 -0.3328867 7.5899506 -0.1953664 -0.2383145 -0.0605241 0.9494077
1740547545.375776 1.0912064 -0.2835886 7.6795111 -0.2016095 -0.2323561 -0.0631416 0.9494090
1740547545.487437 1.0637681 -0.2350743 7.7796712 -0.2079370 -0.2276759 -0.0656074 0.9490108
1740547545.595410 1.0088251 -0.1705021 7.8540430 -0.2121678 -0.2222400 -0.0681705 0.9491823
1740547545.707116 0.9725862 -0.1100392 7.9351053 -0.2165449 -0.2172897 -0.0700322 0.9492044
1740547545.808959 0.9292470 -0.0610418 8.0207891 -0.2211923 -0.2125650 -0.0724948 0.9490177
1740547545.925074 0.8891413 -0.0107114 8.1123161 -0.2263679 -0.2085370 -0.0745843 0.9485289
1740547546.032953 0.8501573 0.0450344 8.1978931 -0.2306799 -0.2045865 -0.0764279 0.9482035
1740547546.136162 0.8074937 0.1082382 8.2781029 -0.2352772 -0.2004277 -0.0780820 0.9478273
1740547546.244888 0.7697093 0.1741521 8.3526096 -0.2391933 -0.1965064 -0.0804049 0.9474739
1740547546.345880 0.7475687 0.2360504 8.4377117 -0.2444768 -0.1927001 -0.0816427 0.9468011
1740547546.456613 0.7220249 0.3062858 8.5260706 -0.2485634 -0.1894565 -0.0833609 0.9462418
1740547546.560819 0.6881725 0.3804422 8.6055946 -0.2522101 -0.1857895 -0.0850479 0.9458537
1740547546.662185 0.6568570 0.4374832 8.6962872 -0.2565135 -0.1824203 -0.0874003 0.9451375
1740547546.769018 0.6177839 0.4843826 8.7855568 -0.2607502 -0.1790967 -0.0884373 0.9445171
1740547546.871277 0.5704490 0.5438153 8.8686523 -0.2644626 -0.1754957 -0.0903028 0.9439843
1740547546.984971 0.5309591 0.6024250 8.9511232 -0.2688906 -0.1721002 -0.0923018 0.9431648
1740547547.086207 0.5059967 0.6730669 9.0349178 -0.2725981 -0.1686510 -0.0937866 0.9425769
1740547547.192379 0.4801869 0.7470126 9.1145916 -0.2760012 -0.1645930 -0.0955260 0.9421291
1740547547.294964 0.4643230 0.8324052 9.1863117 -0.2787879 -0.1602215 -0.0970383 0.9419076
1740547547.394194 0.4595102 0.9009702 9.2749491 -0.2817169 -0.1563307 -0.0986586 0.9415215
1740547547.498418 0.4575967 0.9606371 9.3652458 -0.2850145 -0.1519230 -0.1007716 0.9410267
1740547547.597947 0.4513327 1.0230081 9.4670877 -0.2879787 -0.1484265 -0.1027148 0.9404719
1740547547.707031 0.4286880 1.1011941 9.5486135 -0.2901963 -0.1435969 -0.1042523 0.9403709
1740547547.806988 0.4225069 1.1660354 9.6419649 -0.2924411 -0.1396340 -0.1059284 0.9400850
1740547547.904813 0.4142868 1.2259383 9.7409410 -0.2950304 -0.1356524 -0.1072296 0.9397113
1740547548.017990 0.3692542 1.2878079 9.8243008 -0.2969529 -0.1309366 -0.1089104 0.9395813
1740547548.116385 0.3321009 1.3525639 9.9105415 -0.2982515 -0.1266302 -0.1105091 0.9395736
1740547548.221649 0.3071985 1.4204617 9.9977846 -0.3002411 -0.1220634 -0.1122016 0.9393438
1740547548.322489 0.2905007 1.4951118 10.0844259 -0.3014323 -0.1175966 -0.1137302 0.9393482
1740547548.421160 0.2889824 1.5666001 10.1708670 -0.3026136 -0.1132673 -0.1152170 0.9393192
1740547548.524600 0.2821911 1.6345023 10.2550659 -0.3033678 -0.1083528 -0.1171943 0.9394111
1740547548.628550 0.2824061 1.7030473 10.3417358 -0.3038816 -0.1039412 -0.1182956 0.9396054
1740547548.734307 0.2818319 1.7702298 10.4338169 -0.3042417 -0.0997070 -0.1200007 0.9397315
1740547548.833889 0.2690704 1.8364607 10.5219622 -0.3047843 -0.0950650 -0.1216294 0.9398274
1740547548.932252 0.2617036 1.9086514 10.6101255 -0.3058186 -0.0910194 -0.1225693 0.9397698
1740547549.035419 0.2457337 1.9765115 10.6939383 -0.3058698 -0.0865767 -0.1241177 0.9399697
1740547549.135118 0.2492222 2.0465631 10.7868423 -0.3062546 -0.0826897 -0.1253649 0.9400288
1740547549.246980 0.2604256 2.1117160 10.8802557 -0.3066344 -0.0791706 -0.1267068 0.9400281
1740547549.345932 0.2552536 2.1819921 10.9640942 -0.3068445 -0.0744229 -0.1281941 0.9401457
1740547549.441116 0.2632793 2.2464752 11.0578251 -0.3073275 -0.0707886 -0.1294610 0.9400950
1740547549.547062 0.2511687 2.3205812 11.1444778 -0.3075230 -0.0667267 -0.1307876 0.9401445
1740547549.644099 0.2440367 2.3846831 11.2347946 -0.3078027 -0.0630286 -0.1321905 0.9401120
1740547549.746880 0.2455074 2.4530091 11.3242350 -0.3087366 -0.0591930 -0.1333935 0.9398852
1740547550.048818 0.2616790 2.6431925 11.6067696 -0.3099462 -0.0485541 -0.1368119 0.9396055
1740547550.145033 0.2645784 2.7101758 11.6969471 -0.3103651 -0.0447694 -0.1380179 0.9394787
1740547550.246777 0.2714124 2.7715735 11.7927208 -0.3116797 -0.0412857 -0.1394116 0.9389971
1740547550.343573 0.2805513 2.8363061 11.8796196 -0.3119941 -0.0378916 -0.1405256 0.9388698
1740547550.440446 0.2885365 2.9082184 11.9691849 -0.3132639 -0.0345732 -0.1415506 0.9384210
1740547550.547348 0.2907745 2.9819198 12.0554619 -0.3146388 -0.0308852 -0.1425368 0.9379402
1740547550.645941 0.2887108 3.0552921 12.1411705 -0.3160051 -0.0271953 -0.1438884 0.9373885
1740547550.748103 0.2852670 3.1213875 12.2327538 -0.3178144 -0.0240383 -0.1447990 0.9367227
1740547551.045950 0.3075073 3.3042402 12.5062981 -0.3252873 -0.0140313 -0.1480770 0.9338440
1740547551.145430 0.3206381 3.3809581 12.6021385 -0.3272074 -0.0106994 -0.1489269 0.9330818
1740547551.338873 0.3722174 3.5152583 12.7784901 -0.3338452 -0.0044951 -0.1507845 0.9304790
1740547551.533624 0.3954418 3.6629944 12.9497986 -0.3423798 0.0025558 -0.1527941 0.9270509
1740547551.822243 0.4705471 3.8708210 13.1937313 -0.3575012 0.0127175 -0.1552804 0.9208253
1740547552.112024 0.5360475 4.1053061 13.4246111 -0.3739742 0.0225714 -0.1582288 0.9135631
1740547552.311262 0.5799839 4.2707949 13.5688543 -0.3847671 0.0285511 -0.1591797 0.9087359
1740547552.508568 0.6225690 4.4545755 13.7100477 -0.3970916 0.0348420 -0.1603599 0.9029890
1740547552.722247 0.6799690 4.6370845 13.8280382 -0.4084996 0.0401847 -0.1616093 0.8974384
1740547552.911404 0.7390889 4.8037405 13.9415703 -0.4176967 0.0451767 -0.1620590 0.8928748
1740547553.114199 0.7992733 4.9944119 14.0623207 -0.4279293 0.0507745 -0.1641221 0.8873345
1740547553.312682 0.8572894 5.1777244 14.1836576 -0.4364114 0.0569846 -0.1648981 0.8826701
1740547553.513132 0.9120636 5.3466806 14.3121223 -0.4429706 0.0635748 -0.1667080 0.8786033
1740547553.715389 0.9876021 5.5316091 14.4385509 -0.4503769 0.0699028 -0.1682636 0.8740490
1740547553.905638 1.0490924 5.6933599 14.5778370 -0.4561664 0.0768913 -0.1702381 0.8700684
1740547554.106646 1.1164279 5.8706574 14.7025595 -0.4593506 0.0842538 -0.1732940 0.8671029
1740547554.314318 1.1985680 6.0493202 14.8108473 -0.4614495 0.0913626 -0.1771133 0.8644930
1740547554.409556 1.2529689 6.1224051 14.8684311 -0.4634019 0.0946464 -0.1785261 0.8628031
1740547554.609673 1.3521518 6.2758026 14.9903784 -0.4669667 0.1024937 -0.1815266 0.8593516
1740547554.811944 1.4611447 6.4447966 15.1095543 -0.4686365 0.1095387 -0.1840659 0.8570303
1740547555.013721 1.5577850 6.6072764 15.2189999 -0.4720857 0.1166939 -0.1866749 0.8536218
1740547555.225133 1.6581998 6.7743959 15.3483019 -0.4749559 0.1227668 -0.1887191 0.8507234
1740547555.418618 1.7338171 6.9550867 15.4544783 -0.4759046 0.1282314 -0.1913686 0.8487931
1740547555.631113 1.8208563 7.1386547 15.5639076 -0.4791781 0.1334439 -0.1930709 0.8457569
1740547555.833321 1.9132140 7.3147902 15.6729527 -0.4819771 0.1379803 -0.1946194 0.8430794
1740547555.931386 1.9687476 7.3958292 15.7216053 -0.4829799 0.1397616 -0.1954220 0.8420258
1740547556.138205 2.0904253 7.5606689 15.8221035 -0.4864305 0.1432876 -0.1958314 0.8393475
1740547556.339260 2.1798596 7.7329493 15.9315472 -0.4889909 0.1468969 -0.1966707 0.8370363
1740547556.637861 2.3622313 7.9812775 16.0611382 -0.4919543 0.1514336 -0.1981907 0.8341279
1740547556.938324 2.4746597 8.2653656 16.2151470 -0.4969417 0.1558146 -0.1992333 0.8301066
1740547557.244843 2.6330757 8.5306129 16.3575287 -0.5003038 0.1601511 -0.1987314 0.8273776
1740547557.430908 2.7501390 8.7038965 16.4378510 -0.5020360 0.1626865 -0.1995900 0.8256251
1740547557.623712 2.8577588 8.8709269 16.5482883 -0.5040114 0.1639458 -0.2000925 0.8240493
1740547557.820724 2.9736073 9.0421772 16.6321087 -0.5051937 0.1652858 -0.2000944 0.8230566
1740547558.017228 3.1250834 9.1821470 16.7172794 -0.5058901 0.1657546 -0.1996959 0.8226314
1740547558.304264 3.2593007 9.4532661 16.9197121 -0.5074617 0.1664830 -0.2009307 0.8212143
1740547558.500763 3.3673666 9.6529007 16.9424248 -0.5046108 0.1659440 -0.1991934 0.8235002
1740547558.686625 3.4161508 9.8402348 17.0812302 -0.5041770 0.1668266 -0.1993665 0.8235456
1740547558.889908 3.5590949 9.9900360 17.1640129 -0.5024421 0.1643533 -0.1978675 0.8254625
1740547559.091419 3.6602750 10.1567354 17.2642517 -0.5000251 0.1631668 -0.1994518 0.8267833
1740547559.288514 3.7683411 10.3374701 17.3432007 -0.4963626 0.1617318 -0.1992474 0.8293175
1740547559.498841 3.8481987 10.4910240 17.4847908 -0.4959808 0.1621017 -0.2000992 0.8292686
1740547559.689903 3.9500902 10.6752281 17.5883980 -0.4915403 0.1621752 -0.2005141 0.8317941
1740547559.894172 4.0496521 10.8365993 17.6935081 -0.4877366 0.1623640 -0.2028775 0.8334217
1740547560.099402 4.1507063 11.0260792 17.7878799 -0.4849111 0.1637232 -0.2035754 0.8346335
1740547560.298601 4.2479877 11.1763020 17.9060745 -0.4782087 0.1652169 -0.2059747 0.8376123
1740547560.504588 4.3686352 11.3151627 18.0091915 -0.4735821 0.1676437 -0.2069957 0.8395048
1740547560.702903 4.4801335 11.4758301 18.1168900 -0.4691021 0.1701807 -0.2099133 0.8407843
1740547560.914502 4.5964322 11.6203833 18.2139950 -0.4638307 0.1739433 -0.2130995 0.8421362
1740547561.115403 4.7000141 11.7704926 18.3432693 -0.4599507 0.1790532 -0.2174138 0.8420905
1740547561.213664 4.7736197 11.8469257 18.3988304 -0.4574377 0.1809217 -0.2190286 0.8426414
1740547561.321960 4.8260827 11.8823366 18.4490929 -0.4553598 0.1815599 -0.2193666 0.8435412
1740547561.420625 4.8848271 11.9404678 18.4685268 -0.4527945 0.1826285 -0.2213301 0.8441783
1740547561.531186 4.9410219 11.9896746 18.5537224 -0.4516026 0.1857491 -0.2224671 0.8438370
1740547561.629480 5.0004215 12.0467129 18.6075401 -0.4492460 0.1882401 -0.2251463 0.8438323
1740547561.727245 5.0565729 12.0541744 18.6408310 -0.4457362 0.1894600 -0.2246783 0.8455436
1740547561.830822 5.1100082 12.0981350 18.7053280 -0.4429026 0.1904255 -0.2237934 0.8470489
1740547561.930958 5.1630893 12.1193399 18.7617188 -0.4427560 0.1911242 -0.2274224 0.8460010
1740547562.040299 5.1991692 12.1350937 18.8163223 -0.4395236 0.1931059 -0.2279912 0.8470827
1740547562.140562 5.2640419 12.1615391 18.8765259 -0.4375166 0.1926737 -0.2253821 0.8489164
1740547562.242685 5.2971330 12.1712074 18.9135475 -0.4364389 0.1942632 -0.2280709 0.8483906
1740547562.347302 5.3169670 12.1762333 18.9478798 -0.4347715 0.1958187 -0.2279806 0.8489132
1740547562.449725 5.3374796 12.1789017 18.9614563 -0.4323576 0.1959754 -0.2297042 0.8496450
1740547562.551141 5.3490171 12.1924534 18.9765644 -0.4300501 0.1977549 -0.2296365 0.8504217
1740547562.649218 5.3470483 12.1963787 18.9790726 -0.4278516 0.1990958 -0.2298934 0.8511480
1740547562.765177 5.3513713 12.1918983 18.9726505 -0.4268724 0.1989037 -0.2311789 0.8513364
1740547562.876510 5.3936315 12.1984091 19.0023537 -0.4226758 0.1961113 -0.2283534 0.8548335
1740547562.979857 5.3964138 12.2010975 19.0262794 -0.4211942 0.1987085 -0.2279292 0.8550782
1740547563.087731 5.4141207 12.1972904 19.0375900 -0.4189958 0.1966362 -0.2262760 0.8570741
1740547563.189315 5.4202285 12.2048111 19.0507965 -0.4171256 0.1984044 -0.2294716 0.8567291
1740547563.295833 5.4343977 12.2053642 19.0550117 -0.4149407 0.1978184 -0.2293762 0.8579503
1740547563.500214 5.5104342 12.2034645 19.1452694 -0.4101771 0.1958710 -0.2248125 0.8618867
1740547563.601377 5.5738330 12.2400055 19.1998749 -0.4070448 0.1948858 -0.2258994 0.8633096
1740547563.700485 5.6003551 12.2432718 19.2439270 -0.4043525 0.1942919 -0.2225878 0.8655660
1740547563.906227 5.6717305 12.2500534 19.2820320 -0.3975188 0.1906334 -0.2229321 0.8694476
1740547564.015447 5.6805754 12.2440367 19.3063431 -0.3965044 0.1909861 -0.2214779 0.8702047
1740547564.117477 5.7164192 12.2567024 19.3414955 -0.3938467 0.1901400 -0.2235279 0.8710723
1740547564.214550 5.7477903 12.2669487 19.3636341 -0.3895526 0.1881848 -0.2248419 0.8730873
1740547564.323193 5.7726235 12.2648125 19.4246044 -0.3886673 0.1886992 -0.2217537 0.8741599
1740547564.423283 5.7855291 12.2678223 19.4342346 -0.3850745 0.1883540 -0.2242317 0.8751918
1740547564.536309 5.8114676 12.2951422 19.4598198 -0.3809038 0.1884842 -0.2239690 0.8770541
1740547564.731696 5.8291483 12.3249254 19.5050774 -0.3718777 0.1890970 -0.2259945 0.8802703
1740547564.833406 5.8776979 12.2880974 19.5612640 -0.3724085 0.1847261 -0.2204108 0.8823873
1740547564.936193 5.9235821 12.3108978 19.5586853 -0.3637959 0.1799369 -0.2205235 0.8869299
1740547565.043917 5.9629679 12.3165236 19.6206207 -0.3598697 0.1777695 -0.2182250 0.8895333
1740547565.143682 6.0094600 12.3640423 19.6473179 -0.3524245 0.1763934 -0.2183176 0.8927597
1740547565.249361 6.0863156 12.4087839 19.6688080 -0.3434733 0.1718673 -0.2196865 0.8967863
1740547565.350017 6.1205807 12.4367990 19.7491608 -0.3407207 0.1712785 -0.2209083 0.8976484
1740547565.449284 6.1762652 12.4339008 19.7887840 -0.3354251 0.1676006 -0.2199418 0.9005696
1740547565.553709 6.2137656 12.4495049 19.8376884 -0.3294796 0.1657854 -0.2182709 0.9035022
1740547565.652580 6.2607660 12.4971056 19.8828087 -0.3195548 0.1636795 -0.2188056 0.9073136
1740547565.764521 6.2969408 12.5197525 19.9393005 -0.3137436 0.1623863 -0.2204779 0.9091673
1740547565.863289 6.3490863 12.5591459 19.9926853 -0.3054385 0.1592250 -0.2201446 0.9126287
1740547565.961044 6.3922558 12.5904255 20.0261116 -0.2960424 0.1565771 -0.2215467 0.9158382
1740547566.066221 6.4328957 12.6069431 20.0953465 -0.2886937 0.1543352 -0.2202502 0.9188724
1740547566.167507 6.4851618 12.6253176 20.1523132 -0.2805097 0.1508924 -0.2200202 0.9220287
1740547566.269436 6.5280457 12.6579762 20.2201557 -0.2711106 0.1484250 -0.2226070 0.9246162
1740547566.368306 6.5520563 12.6678066 20.2814178 -0.2641729 0.1486069 -0.2226744 0.9265769
1740547566.466321 6.5928183 12.6848507 20.3203468 -0.2538910 0.1448348 -0.2240282 0.9297169
1740547566.568476 6.6378174 12.6948376 20.3850307 -0.2452492 0.1418223 -0.2232475 0.9326842
1740547566.666579 6.6863461 12.7268181 20.4593716 -0.2364151 0.1400347 -0.2233165 0.9352155
1740547566.775618 6.7237530 12.7541142 20.5449810 -0.2287445 0.1394540 -0.2243802 0.9369536
1740547566.877745 6.7622490 12.7755756 20.6318588 -0.2210876 0.1392067 -0.2256537 0.9385213
1740547566.980613 6.8108363 12.7911987 20.7095680 -0.2133662 0.1374704 -0.2264126 0.9403797
1740547567.085529 6.8368015 12.8063736 20.7923698 -0.2063176 0.1378855 -0.2283520 0.9414223
1740547567.185022 6.8657041 12.8227768 20.8855991 -0.1995698 0.1384255 -0.2301025 0.9423710
1740547567.288427 6.8997087 12.8442240 20.9789562 -0.1921234 0.1390387 -0.2319488 0.9433751
1740547567.391526 6.9384828 12.8574457 21.0689163 -0.1853175 0.1400694 -0.2328250 0.9443678
1740547567.492369 6.9689364 12.8720770 21.1516819 -0.1781228 0.1413887 -0.2354310 0.9449094
1740547567.600826 7.0040398 12.8886089 21.2346401 -0.1711576 0.1424677 -0.2367077 0.9457154
1740547567.702249 7.0240259 12.9000874 21.2911339 -0.1653254 0.1443071 -0.2385231 0.9460178
1740547567.806516 7.0642195 12.9144907 21.3516979 -0.1581271 0.1451955 -0.2392837 0.9469200
1740547567.907598 7.0946670 12.9244804 21.4370823 -0.1517402 0.1471401 -0.2404107 0.9473792
1740547568.012382 7.1279898 12.9447155 21.5283871 -0.1446279 0.1503710 -0.2423231 0.9474971
1740547568.119422 7.1590700 12.9582186 21.6159554 -0.1385611 0.1533167 -0.2446479 0.9473342
1740547568.216478 7.1875043 12.9703150 21.6859341 -0.1325014 0.1562809 -0.2452666 0.9475569
1740547568.321955 7.2147207 12.9822712 21.7563267 -0.1261623 0.1587697 -0.2470359 0.9475487
1740547568.423661 7.2450647 12.9866199 21.8315601 -0.1209376 0.1625448 -0.2480667 0.9473205
1740547568.528371 7.2854037 13.0022459 21.9113274 -0.1151355 0.1662924 -0.2491052 0.9471205
1740547568.631195 7.3209987 13.0150471 22.0000629 -0.1093684 0.1700746 -0.2504870 0.9467679
1740547568.730221 7.3525939 13.0282135 22.0834904 -0.1039523 0.1742634 -0.2517662 0.9462769
1740547568.837193 7.3908272 13.0434761 22.1748848 -0.0981747 0.1782060 -0.2530692 0.9458120
1740547569.050218 7.4134417 13.0337934 22.2691917 -0.0888849 0.1851917 -0.2546043 0.9449763
1740547569.150535 7.4457645 13.0387964 22.3483353 -0.0846508 0.1888862 -0.2558883 0.9442868
1740547569.252561 7.4849606 13.0411625 22.4353352 -0.0807785 0.1931923 -0.2567397 0.9435233
1740547569.465446 7.5717440 13.0311527 22.5879116 -0.0744690 0.1989967 -0.2579940 0.9424934
1740547569.569525 7.6114650 13.0361814 22.6746635 -0.0710889 0.2026886 -0.2590516 0.9416772
1740547569.668757 7.6619749 13.0279016 22.7525692 -0.0681051 0.2048655 -0.2595314 0.9412945
1740547569.776547 7.7144308 13.0160379 22.8322735 -0.0655811 0.2070212 -0.2604191 0.9407567
1740547569.879076 7.7491102 13.0250282 22.9155788 -0.0623630 0.2102517 -0.2612840 0.9400190
1740547570.091102 7.8291450 13.0243092 23.0852318 -0.0573270 0.2148777 -0.2626173 0.9389214
1740547570.191456 7.8718643 13.0213165 23.1593761 -0.0558762 0.2164418 -0.2624819 0.9386874
1740547570.400655 7.9676104 13.0003510 23.3153572 -0.0529620 0.2192592 -0.2629850 0.9380615
1740547570.609395 8.0247927 12.9989948 23.4659042 -0.0500503 0.2222325 -0.2644011 0.9371231
1740547570.711855 8.0679054 13.0018959 23.5541916 -0.0487479 0.2233544 -0.2640671 0.9370192
1740547570.818536 8.1047707 12.9945660 23.6418552 -0.0489532 0.2241858 -0.2639399 0.9368458
1740547570.918627 8.1554070 12.9822111 23.7257748 -0.0491412 0.2247858 -0.2637280 0.9367519
1740547571.030573 8.2105522 12.9743443 23.8071823 -0.0483600 0.2248582 -0.2643749 0.9365928
1740547571.132484 8.2557173 12.9688110 23.8978615 -0.0473352 0.2251591 -0.2642634 0.9366043
1740547571.232218 8.3055897 12.9496403 23.9897060 -0.0482141 0.2250937 -0.2643574 0.9365487
1740547571.339386 8.3608723 12.9385338 24.0705795 -0.0489871 0.2233614 -0.2646640 0.9368367
1740547571.440437 8.4080782 12.9435549 24.1669025 -0.0480034 0.2225504 -0.2650357 0.9369755
1740547571.553955 8.4511557 12.9325714 24.2571087 -0.0483223 0.2223502 -0.2658807 0.9367672
1740547571.652627 8.4922771 12.9421711 24.3582401 -0.0475964 0.2224533 -0.2660268 0.9367384
1740547571.753851 8.5380201 12.9330244 24.4593792 -0.0481541 0.2228609 -0.2658745 0.9366563
1740547571.869040 8.5887108 12.9254551 24.5527840 -0.0481380 0.2220128 -0.2659362 0.9368410
1740547571.967919 8.6298428 12.9210577 24.6463547 -0.0479541 0.2222306 -0.2659643 0.9367908
1740547572.075367 8.6799803 12.9185629 24.7451363 -0.0484982 0.2215481 -0.2659217 0.9369366
1740547572.179142 8.7227535 12.9266834 24.8396683 -0.0484453 0.2212095 -0.2665549 0.9368393
1740547572.287572 8.7808342 12.9271564 24.9369831 -0.0487966 0.2202733 -0.2657357 0.9372743
1740547572.392557 8.8290901 12.9226923 25.0348244 -0.0497235 0.2199582 -0.2654407 0.9373832
1740547572.493832 8.8831367 12.9209499 25.1360359 -0.0507470 0.2187093 -0.2654214 0.9376260
1740547572.597984 8.9245090 12.9130812 25.2392464 -0.0515844 0.2183680 -0.2653542 0.9376789
1740547572.696242 8.9669743 12.9114170 25.3378582 -0.0523990 0.2178893 -0.2653380 0.9377496
1740547572.806998 9.0216293 12.9140491 25.4275360 -0.0522377 0.2164813 -0.2650500 0.9381661
1740547572.907686 9.0667782 12.9077835 25.5321045 -0.0538579 0.2154221 -0.2649299 0.9383522
1740547573.016472 9.1078329 12.9040356 25.6330986 -0.0551896 0.2141505 -0.2647621 0.9386132
1740547573.121837 9.1565666 12.9070034 25.7345848 -0.0561523 0.2123137 -0.2646117 0.9390157
1740547573.222672 9.2018528 12.9103088 25.8368301 -0.0573380 0.2102570 -0.2643336 0.9394850
1740547573.340460 9.2382488 12.9264870 25.9366741 -0.0579279 0.2087895 -0.2647445 0.9396604
1740547573.441404 9.2909994 12.9143162 26.0358906 -0.0596515 0.2067485 -0.2637296 0.9402890
1740547573.550579 9.3412533 12.9194183 26.1329575 -0.0610816 0.2046160 -0.2636394 0.9406889
1740547573.653955 9.3802853 12.9183483 26.2357121 -0.0624927 0.2021989 -0.2634284 0.9411778
1740547573.751892 9.4205570 12.9192619 26.3395348 -0.0642769 0.2000223 -0.2634960 0.9415039
1740547573.856415 9.4601860 12.9355640 26.4376774 -0.0653605 0.1978892 -0.2629573 0.9420304
1740547573.958406 9.5074959 12.9505272 26.5363426 -0.0667614 0.1955538 -0.2626075 0.9425174
1740547574.069816 9.5412388 12.9454136 26.6451225 -0.0689671 0.1932997 -0.2624343 0.9428717
1740547574.168603 9.5791159 12.9411659 26.7510433 -0.0712781 0.1909167 -0.2618482 0.9433482
1740547574.281912 9.6147556 12.9492712 26.8463097 -0.0729508 0.1887136 -0.2614951 0.9437615
1740547574.386309 9.6480875 12.9405499 26.9558659 -0.0756813 0.1865243 -0.2612447 0.9440510
1740547574.485419 9.6715517 12.9499893 27.0374317 -0.0771150 0.1844010 -0.2611508 0.9443780
1740547574.594748 9.7038441 12.9723492 27.1660690 -0.0792083 0.1829415 -0.2603872 0.9446995
1740547574.699073 9.7379112 12.9901562 27.2590542 -0.0803119 0.1805006 -0.2601765 0.9451337
1740547574.811664 9.7633762 13.0115652 27.3688793 -0.0817510 0.1795243 -0.2598048 0.9452985
1740547575.030866 9.8457012 13.0341110 27.5719967 -0.0846531 0.1756888 -0.2589911 0.9459867
1740547575.137732 9.8651085 13.0368500 27.6770191 -0.0861778 0.1751903 -0.2589425 0.9459549
1740547575.236838 9.9122791 13.0487204 27.7842178 -0.0865253 0.1734826 -0.2588466 0.9462640
1740547575.345697 9.9620447 13.0573635 27.8873444 -0.0871489 0.1720011 -0.2587601 0.9465009
1740547575.453410 9.9924583 13.0724783 27.9889221 -0.0878075 0.1722613 -0.2590463 0.9463144
1740547575.564395 10.0343666 13.0928221 28.0820274 -0.0872044 0.1717659 -0.2595220 0.9463299
1740547575.671492 10.0729494 13.1108551 28.1764545 -0.0867218 0.1720670 -0.2596420 0.9462866
1740547575.784537 10.1115513 13.1205482 28.2772655 -0.0856969 0.1722481 -0.2598332 0.9462945
1740547575.886959 10.1500158 13.1326284 28.3835564 -0.0842118 0.1725477 -0.2603116 0.9462418
1740547575.990021 10.2012119 13.1441841 28.4870148 -0.0820621 0.1724449 -0.2604333 0.9464159
1740547576.097969 10.2312670 13.1471634 28.5897980 -0.0795876 0.1732674 -0.2616296 0.9461470
1740547576.203959 10.2759285 13.1569939 28.6778393 -0.0755718 0.1742681 -0.2623842 0.9460835
1740547576.314179 10.3321314 13.1571827 28.7709961 -0.0718838 0.1749467 -0.2630101 0.9460719
1740547576.420520 10.3785753 13.1705294 28.8778687 -0.0668422 0.1748676 -0.2645521 0.9460263
1740547576.533962 10.4178600 13.1815643 28.9734726 -0.0613207 0.1751161 -0.2655671 0.9460699
1740547576.635894 10.4550972 13.1922379 29.0905590 -0.0553960 0.1754819 -0.2665677 0.9460862
1740547576.737312 10.4838381 13.1969643 29.1906319 -0.0483878 0.1759881 -0.2681293 0.9459352
1740547576.847540 10.5105667 13.1872864 29.2975941 -0.0413538 0.1769220 -0.2692997 0.9457622
1740547576.951506 10.5403242 13.1719427 29.4040108 -0.0335531 0.1773998 -0.2710420 0.9454839
1740547577.065032 10.5664673 13.1471043 29.5115814 -0.0251937 0.1783439 -0.2726436 0.9451054
1740547577.171860 10.5935211 13.1240940 29.6262321 -0.0164220 0.1794423 -0.2741365 0.9446586
1740547577.284888 10.6224775 13.0903053 29.7266064 -0.0076523 0.1802736 -0.2756884 0.9441603
1740547577.386695 10.6367683 13.0638752 29.8329582 0.0018525 0.1820441 -0.2773401 0.9433658
1740547577.487895 10.6532507 13.0316114 29.9400978 0.0106872 0.1839475 -0.2789665 0.9424579
1740547577.704264 10.7287521 12.9860249 30.1406136 0.0303309 0.1864499 -0.2822286 0.9405655
1740547577.919533 10.8001280 12.9264336 30.3433533 0.0490336 0.1905997 -0.2853679 0.9379939
1740547578.141185 10.8808756 12.8436718 30.5335236 0.0675879 0.1939661 -0.2876087 0.9354627
1740547578.349974 10.9492083 12.7494259 30.7283077 0.0842753 0.1982415 -0.2899906 0.9324717
1740547578.558533 11.0074453 12.6709366 30.9295521 0.0997842 0.2026791 -0.2919046 0.9293848
1740547578.872323 11.1351871 12.5372744 31.2083035 0.1202332 0.2081641 -0.2943512 0.9249698
1740547579.287033 11.3013115 12.3116407 31.5697269 0.1409629 0.2103639 -0.2976820 0.9204683
1740547579.485181 11.3792706 12.2091217 31.7500916 0.1488565 0.2083339 -0.2991165 0.9192215
1740547579.791482 11.4796238 12.0817080 32.0434837 0.1568836 0.2013299 -0.3024729 0.9183485
1740547579.988806 11.5279408 11.9828873 32.2379532 0.1604189 0.1938955 -0.3041253 0.9187917
1740547580.384903 11.5909224 11.7746687 32.6329422 0.1628283 0.1734829 -0.3092138 0.9207483
1740547580.581808 11.6297245 11.6896305 32.8358154 0.1624321 0.1605431 -0.3119833 0.9222300
1740547580.992646 11.6831465 11.5490618 33.2570534 0.1585451 0.1326791 -0.3174263 0.9254730
1740547581.307860 11.6933794 11.4153099 33.5648804 0.1540827 0.1098925 -0.3215208 0.9277966
1740547581.504110 11.6914959 11.3404388 33.7749214 0.1506791 0.0945619 -0.3243542 0.9290577
1740547581.812946 11.6903706 11.2619267 34.1015511 0.1449795 0.0719790 -0.3274783 0.9308910
1740547582.010001 11.6845264 11.1953030 34.3169746 0.1405449 0.0568980 -0.3301307 0.9316778
1740547582.415728 11.6498489 11.0903215 34.7492599 0.1325506 0.0277649 -0.3345759 0.9325870
1740547582.716098 11.6075287 11.0326309 35.0755539 0.1256572 0.0072414 -0.3375643 0.9328495
1740547583.021503 11.5645781 10.9540462 35.3971939 0.1191689 -0.0128301 -0.3400613 0.9327339
1740547583.223814 11.5316696 10.9165192 35.6139870 0.1145764 -0.0265697 -0.3418638 0.9323602
1740547583.531372 11.4703569 10.8714104 35.9354515 0.1072798 -0.0464456 -0.3444000 0.9315162
1740547583.840889 11.3919621 10.8333778 36.2539062 0.0995889 -0.0663808 -0.3468847 0.9302401
1740547584.139830 11.3031836 10.8167868 36.5692902 0.0920427 -0.0853934 -0.3487154 0.9287807
1740547584.340591 11.2373514 10.8023796 36.7772331 0.0858310 -0.0987001 -0.3505014 0.9273835
1740547584.641509 11.1336994 10.7939777 37.0893936 0.0748923 -0.1171430 -0.3528062 0.9253089
1740547584.840982 11.0547237 10.7810659 37.2940636 0.0661414 -0.1292110 -0.3544024 0.9237580
1740547585.141370 10.9227200 10.7987137 37.5925598 0.0532815 -0.1464016 -0.3565894 0.9211795
1740547585.341430 10.8535175 10.8372545 37.7968445 0.0451614 -0.1570579 -0.3583287 0.9191810
1740547585.639943 10.7599277 10.8766174 38.1045456 0.0284918 -0.1714097 -0.3608654 0.9162877
1740547585.842107 10.6869822 10.9205580 38.2956963 0.0185088 -0.1802934 -0.3625764 0.9141608
1740547586.037658 10.6011868 10.9663143 38.5002975 0.0098878 -0.1880270 -0.3638436 0.9122313
1740547586.239459 10.5149479 10.9954681 38.6872597 0.0008813 -0.1967634 -0.3648038 0.9100558
1740547586.439286 10.4348335 11.0557871 38.8770714 -0.0070010 -0.2035805 -0.3663594 0.9079024
1740547586.641582 10.3630857 11.1087761 39.0765877 -0.0153508 -0.2099681 -0.3672464 0.9059845
1740547586.841814 10.2830038 11.1504173 39.2649002 -0.0232722 -0.2165797 -0.3668144 0.9044329
1740547587.030640 10.1973934 11.2126303 39.4478455 -0.0276133 -0.2236188 -0.3685596 0.9018847
1740547587.229573 10.0954170 11.2442417 39.6355171 -0.0350567 -0.2298491 -0.3689418 0.8999014
1740547587.436728 10.0198059 11.3032074 39.8147240 -0.0401425 -0.2371604 -0.3701176 0.8973051
1740547587.531066 9.9928417 11.3371811 39.8962288 -0.0421281 -0.2420694 -0.3702864 0.8958324
1740547587.731851 9.8757896 11.4646254 40.0682259 -0.0442790 -0.2458229 -0.3739308 0.8931888
1740547587.836953 9.8294106 11.4969425 40.1476860 -0.0469726 -0.2505243 -0.3740638 0.8916879
1740547587.933542 9.7790537 11.5460205 40.2286072 -0.0484735 -0.2548293 -0.3752167 0.8899016
1740547588.034475 9.7369709 11.5860786 40.2986336 -0.0504235 -0.2603108 -0.3762165 0.8877820
1740547588.144285 9.6905689 11.6312447 40.3781891 -0.0517238 -0.2651905 -0.3765896 0.8861032
1740547588.241881 9.6405878 11.6787500 40.4504662 -0.0544174 -0.2697338 -0.3761277 0.8847657
1740547588.344909 9.6121597 11.7086048 40.4996338 -0.0568332 -0.2752113 -0.3776993 0.8822539
1740547588.443524 9.5874805 11.7308569 40.5311699 -0.0598717 -0.2794167 -0.3759488 0.8814784
1740547588.547145 9.5431967 11.7664442 40.5831795 -0.0628513 -0.2838915 -0.3766737 0.8795295
1740547588.658092 9.5105829 11.8057528 40.6407356 -0.0650970 -0.2903746 -0.3773344 0.8769628
1740547588.754377 9.4702682 11.8397875 40.6910324 -0.0678294 -0.2947975 -0.3766598 0.8755690
1740547588.855988 9.4143724 11.8859024 40.7507744 -0.0704559 -0.2990464 -0.3771956 0.8736880
1740547588.954564 9.3431311 11.9169788 40.8343544 -0.0742958 -0.3030068 -0.3771514 0.8720229
1740547589.063159 9.2885075 11.9526272 40.9061089 -0.0782111 -0.3074171 -0.3769427 0.8702253
1740547589.160159 9.2370415 12.0085335 40.9742737 -0.0810704 -0.3099753 -0.3769370 0.8690578
1740547589.259909 9.1870136 12.0488472 41.0605316 -0.0842196 -0.3140089 -0.3769140 0.8673185
1740547589.381036 9.1375961 12.0985489 41.1265907 -0.0861780 -0.3170408 -0.3767393 0.8660981
1740547589.478924 9.0872173 12.1363726 41.1920052 -0.0889734 -0.3198814 -0.3755675 0.8652796
1740547589.584700 9.0190067 12.1705723 41.2722931 -0.0918566 -0.3216260 -0.3773321 0.8635622
1740547589.687041 8.9536629 12.1974316 41.3529282 -0.0958906 -0.3233597 -0.3783585 0.8620257
1740547589.782501 8.9025402 12.2449322 41.4459763 -0.0976663 -0.3255970 -0.3785650 0.8608928
1740547589.884592 8.8478813 12.3082447 41.5254784 -0.0982224 -0.3261292 -0.3787011 0.8605682
1740547589.982139 8.7948027 12.3599892 41.6146202 -0.0995171 -0.3272436 -0.3791619 0.8597931
1740547590.088764 8.7359924 12.4117212 41.6851501 -0.1002028 -0.3267468 -0.3798318 0.8596067
1740547590.184846 8.6883440 12.4696655 41.7811241 -0.1012952 -0.3272467 -0.3793228 0.8595133
1740547590.281092 8.6370707 12.5040588 41.8729973 -0.1027479 -0.3278810 -0.3795714 0.8589892
1740547590.382089 8.5849819 12.5426865 41.9608536 -0.1036139 -0.3275514 -0.3802963 0.8586903
1740547590.478678 8.5365791 12.5978441 42.0437126 -0.1036696 -0.3270760 -0.3804307 0.8588052
1740547590.580895 8.4781437 12.6518822 42.1350632 -0.1043878 -0.3258874 -0.3807048 0.8590486
1740547590.679062 8.4349327 12.7018948 42.2171364 -0.1042700 -0.3255383 -0.3806301 0.8592283
1740547590.775599 8.3775215 12.7515736 42.3046684 -0.1044091 -0.3248096 -0.3810625 0.8592955
1740547590.878450 8.3298950 12.7994452 42.3949890 -0.1042207 -0.3244895 -0.3811671 0.8593929
1740547590.974705 8.2752485 12.8458309 42.4823837 -0.1039833 -0.3236245 -0.3812024 0.8597322
1740547591.075960 8.2180614 12.8875141 42.5700073 -0.1038091 -0.3230071 -0.3813402 0.8599243
1740547591.174553 8.1643944 12.9351654 42.6539154 -0.1031514 -0.3222353 -0.3817867 0.8600948
1740547591.274317 8.1124535 12.9745378 42.7443695 -0.1031230 -0.3216545 -0.3817062 0.8603513
1740547591.381346 8.0586138 13.0201321 42.8347969 -0.1029319 -0.3215342 -0.3813350 0.8605837
1740547591.585632 7.9445863 13.1188602 43.0021553 -0.1018809 -0.3204471 -0.3814461 0.8610649
1740547591.783878 7.8380303 13.1992798 43.1831436 -0.1006146 -0.3195243 -0.3813411 0.8616031
1740547591.985518 7.7296286 13.2871914 43.3580856 -0.0995715 -0.3192438 -0.3813250 0.8618354
1740547592.193037 7.6145139 13.3816929 43.5275421 -0.0981310 -0.3188826 -0.3810501 0.8622558
1740547592.493464 7.4541082 13.5165958 43.7952347 -0.0959495 -0.3189702 -0.3806941 0.8626261
1740547592.698920 7.3473883 13.6049004 43.9726410 -0.0956206 -0.3192096 -0.3800611 0.8628531
1740547592.908421 7.2436132 13.7074766 44.1434250 -0.0937706 -0.3195244 -0.3798839 0.8630176
1740547593.210618 7.0764132 13.8331509 44.4034576 -0.0921573 -0.3206838 -0.3790517 0.8631274
1740547593.519301 6.9024172 13.9739571 44.6633148 -0.0893409 -0.3215153 -0.3780985 0.8635321
1740547593.725701 6.7858415 14.0574455 44.8342514 -0.0883033 -0.3231786 -0.3768825 0.8635495
1740547594.030051 6.6158743 14.1828337 45.1006012 -0.0852955 -0.3263277 -0.3752160 0.8633932
1740547594.233095 6.4931107 14.2711468 45.2637634 -0.0824714 -0.3284876 -0.3743019 0.8632453
1740547594.533982 6.3283920 14.4001141 45.5260086 -0.0787009 -0.3332551 -0.3719355 0.8627926
1740547594.843289 6.1425924 14.5034103 45.7904320 -0.0754690 -0.3390688 -0.3700481 0.8616270
1740547595.042601 6.0158024 14.6017399 45.9463844 -0.0732509 -0.3424349 -0.3684601 0.8611677
1740547595.351321 5.8258638 14.7324553 46.1929054 -0.0685960 -0.3478186 -0.3662446 0.8603382
1740547595.661182 5.6260595 14.8623066 46.4280205 -0.0646351 -0.3534342 -0.3632432 0.8596284
1740547595.966146 5.4366961 14.9892626 46.6746216 -0.0598676 -0.3588575 -0.3608345 0.8587407
1740547596.269663 5.2272091 15.0981369 46.9160347 -0.0536490 -0.3617329 -0.3579121 0.8591683
1740547596.586015 5.0130377 15.2381430 47.1450043 -0.0447577 -0.3622818 -0.3551022 0.8606110
1740547597.112165 4.6519346 15.4052296 47.5429840 -0.0248117 -0.3609849 -0.3480825 0.8648195
1740547597.530250 4.3839045 15.5170059 47.8876572 -0.0001694 -0.3573047 -0.3404894 0.8697128
1740547597.960873 4.1342859 15.5825052 48.2572136 0.0340284 -0.3543628 -0.3285525 0.8748270
1740547598.381315 3.8681059 15.6237297 48.6259537 0.0791755 -0.3529322 -0.3121054 0.8784989
1740547598.787943 3.5357370 15.5855885 48.9274025 0.1317606 -0.3547147 -0.2921916 0.8783170
1740547599.199567 3.1942358 15.4220791 49.1761360 0.1895607 -0.3587641 -0.2684434 0.8736665
1740547599.618258 2.8163757 15.3004856 49.4032021 0.2463986 -0.3597896 -0.2433489 0.8663837
1740547600.027334 2.4864292 15.0807705 49.6065750 0.2972838 -0.3577694 -0.2195797 0.8575594
1740547600.450906 2.2044029 14.7693138 49.7962265 0.3379204 -0.3512830 -0.1983522 0.8503332
1740547600.867914 1.8802567 14.5680637 50.0375595 0.3689800 -0.3411410 -0.1800946 0.8456019
1740547601.175863 1.6462498 14.3834515 50.2013588 0.3860230 -0.3332104 -0.1691598 0.8434109
1740547601.474125 1.4302940 14.1816063 50.3634300 0.3997799 -0.3261711 -0.1602224 0.8414971
1740547601.678289 1.3139992 14.0219059 50.4672050 0.4066777 -0.3220093 -0.1552838 0.8407201
1740547601.979460 1.1038132 13.7682514 50.5666046 0.4144912 -0.3174706 -0.1492420 0.8397239
1740547602.273483 0.8806877 13.5632706 50.7020378 0.4198471 -0.3152701 -0.1466027 0.8383560
1740547602.569790 0.6844082 13.3356915 50.8744278 0.4220336 -0.3153414 -0.1455613 0.8374124
1740547602.773576 0.5457687 13.1874886 50.9779816 0.4222773 -0.3157300 -0.1461070 0.8370479
1740547603.073208 0.3122082 13.0091648 51.1307716 0.4196683 -0.3183696 -0.1484620 0.8369458
1740547603.380843 0.0693359 12.8274574 51.2801285 0.4164182 -0.3223837 -0.1521398 0.8363720
1740547603.680389 -0.1491890 12.6223660 51.4331932 0.4104981 -0.3269147 -0.1571351 0.8366162
1740547603.988516 -0.4033127 12.4591446 51.5961380 0.4053580 -0.3321553 -0.1609106 0.8363406
1740547604.301716 -0.6310577 12.2571793 51.7505455 0.4002051 -0.3364557 -0.1656449 0.8361790
1740547604.618308 -0.8785324 12.0815544 51.8928642 0.3965482 -0.3422349 -0.1695265 0.8347967
1740547604.812633 -1.0480785 11.9756775 52.0057640 0.3935918 -0.3449193 -0.1716181 0.8346636
1740547605.016411 -1.2007122 11.8381233 52.1060028 0.3917114 -0.3471380 -0.1746071 0.8340082
1740547605.223864 -1.3708496 11.7277699 52.2103539 0.3890049 -0.3502757 -0.1771920 0.8334177
1740547605.531491 -1.6211796 11.5599651 52.3503456 0.3854519 -0.3548895 -0.1803555 0.8324375
1740547605.735202 -1.7889442 11.4422951 52.4546089 0.3826553 -0.3566998 -0.1823717 0.8325147
1740547606.034366 -2.0361519 11.2740898 52.6044998 0.3780040 -0.3605257 -0.1859583 0.8321981
1740547606.341699 -2.2986584 11.1223106 52.7588615 0.3722795 -0.3645905 -0.1891819 0.8322812
1740547606.649447 -2.5481148 10.9604416 52.9262924 0.3672395 -0.3686040 -0.1935608 0.8317454
1740547606.842227 -2.7205219 10.8758965 53.0077896 0.3630991 -0.3706456 -0.1959111 0.8321056
1740547607.043899 -2.8938236 10.7909107 53.1126137 0.3585975 -0.3731456 -0.1992044 0.8321585
1740547607.343797 -3.1481571 10.6379128 53.2716866 0.3512533 -0.3762110 -0.2044199 0.8326458
1740547607.658119 -3.4166870 10.5187559 53.4330673 0.3439538 -0.3792592 -0.2092107 0.8331201
1740547607.960775 -3.6816063 10.3785524 53.5802269 0.3351066 -0.3823040 -0.2146256 0.8339564
1740547608.260432 -3.9362049 10.2740135 53.7658081 0.3269096 -0.3849455 -0.2198966 0.8346213
1740547608.461360 -4.1181316 10.1926775 53.8746719 0.3213283 -0.3867146 -0.2241914 0.8348282
1740547608.860153 -4.4659920 10.0436382 54.1038513 0.3087425 -0.3905053 -0.2307214 0.8360332
1740547609.159676 -4.7401104 9.9687471 54.2839241 0.2988849 -0.3930937 -0.2366109 0.8367559
1740547609.459976 -5.0088081 9.8728619 54.4630127 0.2882102 -0.3957238 -0.2430548 0.8374138
1740547609.763283 -5.2883530 9.7898178 54.6273193 0.2771562 -0.3987630 -0.2499051 0.8376873
1740547610.066935 -5.5609703 9.7212791 54.8157578 0.2642237 -0.4006636 -0.2563902 0.8389986
1740547610.381305 -5.8346882 9.6636915 55.0041122 0.2518011 -0.4034280 -0.2633126 0.8393501
1740547610.676372 -6.1084642 9.6210327 55.1917305 0.2390269 -0.4057579 -0.2704787 0.8396832
1740547610.981960 -6.3688469 9.5824909 55.4030342 0.2262926 -0.4079263 -0.2778237 0.8397630
1740547611.379116 -6.7439022 9.5462847 55.6431160 0.2083529 -0.4099838 -0.2875767 0.8401203
1740547611.683691 -6.9975834 9.5256844 55.8643570 0.1944114 -0.4113241 -0.2946430 0.8403584
1740547611.982626 -7.2715635 9.5103874 56.0581169 0.1818537 -0.4126159 -0.3006196 0.8404197
1740547612.277278 -7.5330868 9.5341482 56.2602768 0.1696655 -0.4120730 -0.3065346 0.8410981
1740547612.571628 -7.7957993 9.5415230 56.4718742 0.1584962 -0.4118582 -0.3126454 0.8411329
1740547612.868058 -8.0559464 9.5509853 56.6757050 0.1485087 -0.4102839 -0.3172222 0.8420109
1740547613.170867 -8.2981672 9.5809498 56.9047623 0.1392375 -0.4089798 -0.3223685 0.8422750
1740547613.464211 -8.5545835 9.5986242 57.1161652 0.1302549 -0.4071038 -0.3269538 0.8428531
1740547613.766562 -8.8072815 9.6217213 57.3295403 0.1213634 -0.4059156 -0.3312593 0.8430722
1740547614.061973 -9.0491571 9.6900387 57.5514793 0.1138322 -0.4029647 -0.3340726 0.8444271
1740547614.262209 -9.2162743 9.7097931 57.7032509 0.1090843 -0.4010004 -0.3361783 0.8451529
1740547614.569172 -9.4565573 9.7226286 57.9304276 0.1025851 -0.3990806 -0.3388910 0.8457919
1740547614.863804 -9.6811600 9.7870378 58.1714821 0.0964322 -0.3964312 -0.3418030 0.8465896
1740547615.266764 -9.9989119 9.8196163 58.4865265 0.0913611 -0.3952290 -0.3452372 0.8463206
1740547615.556280 -10.2460136 9.8737183 58.7029610 0.0874162 -0.3944096 -0.3469194 0.8464316
1740547615.861256 -10.4727259 9.9348240 58.9402161 0.0813452 -0.3953714 -0.3497066 0.8454406
1740547616.162966 -10.7002449 9.9982252 59.1731873 0.0764733 -0.3963336 -0.3520371 0.8444770
1740547616.547075 -11.0356312 10.0863266 59.4495316 0.0699980 -0.3978148 -0.3549284 0.8431308
1740547616.934287 -11.3481121 10.1973705 59.7472076 0.0637118 -0.3985875 -0.3570188 0.8423814
1740547617.225802 -11.5883236 10.2509756 59.9700623 0.0586694 -0.3978917 -0.3588721 0.8422891
1740547617.617874 -11.8929920 10.3445530 60.2714157 0.0555893 -0.3962162 -0.3606411 0.8425322
1740547617.922367 -12.1250134 10.4274960 60.4989357 0.0543075 -0.3936658 -0.3616491 0.8433789
1740547618.219236 -12.3250380 10.4711132 60.7573051 0.0527162 -0.3893337 -0.3630048 0.8449070
1740547618.420146 -12.4949245 10.4936037 60.9029846 0.0509587 -0.3873815 -0.3635589 0.8456736
1740547618.611502 -12.6619205 10.5305109 61.0467072 0.0501317 -0.3839999 -0.3647978 0.8467311
1740547618.906796 -12.8586302 10.6201277 61.3036613 0.0474658 -0.3817087 -0.3658305 0.8474748
1740547619.099760 -12.9997044 10.6619530 61.4688683 0.0451983 -0.3802792 -0.3672027 0.8476480
1740547619.403562 -13.2329617 10.7141657 61.6881943 0.0403093 -0.3783799 -0.3695395 0.8477290
1740547619.589720 -13.3808184 10.7629566 61.8424911 0.0363869 -0.3773550 -0.3709266 0.8477575
1740547619.785396 -13.5044432 10.8252592 62.0175934 0.0318360 -0.3769247 -0.3727783 0.8473196
1740547619.988225 -13.6608238 10.8816280 62.1599312 0.0277238 -0.3762126 -0.3743171 0.8471022
1740547620.200587 -13.8152466 10.9432688 62.3058968 0.0241031 -0.3748658 -0.3763987 0.8468877
1740547620.392093 -13.9463787 11.0114136 62.4672623 0.0198789 -0.3740625 -0.3770373 0.8470684
1740547620.587502 -14.0833464 11.0739880 62.6220894 0.0157640 -0.3733969 -0.3793983 0.8463942
1740547620.784465 -14.2219973 11.1277895 62.7894974 0.0119003 -0.3718788 -0.3807954 0.8464984
1740547620.979681 -14.3497534 11.1984568 62.9486198 0.0105031 -0.3689168 -0.3817161 0.8473977
1740547621.175929 -14.4926348 11.2644081 63.1032639 0.0077234 -0.3660078 -0.3827386 0.8482274
1740547621.274025 -14.5383921 11.2912111 63.1980133 0.0075441 -0.3673207 -0.3825687 0.8477380
1740547621.469733 -14.6685791 11.3373308 63.3676491 0.0049649 -0.3637956 -0.3842900 0.8484983
1740547621.665239 -14.8121777 11.3831825 63.5285568 0.0032925 -0.3597162 -0.3851806 0.8498408
1740547621.851527 -14.9366360 11.4338827 63.6993065 0.0017866 -0.3555481 -0.3865787 0.8509637
1740547622.050828 -15.0566730 11.4981327 63.8795624 0.0008079 -0.3521301 -0.3872723 0.8520704
1740547622.247286 -15.1875725 11.5561075 64.0374451 -0.0001261 -0.3475692 -0.3887397 0.8532743
1740547622.440590 -15.3218298 11.6098785 64.2002029 -0.0015590 -0.3433321 -0.3890208 0.8548588
1740547622.629407 -15.4290247 11.6776381 64.3811569 -0.0024537 -0.3382196 -0.3908592 0.8560553
1740547622.823135 -15.5436459 11.7318840 64.5503235 -0.0033252 -0.3366556 -0.3895614 0.8572595
1740547623.032104 -15.6878452 11.7888222 64.7095032 -0.0071976 -0.3304628 -0.3920815 0.8584956
1740547623.226735 -15.7947674 11.8446569 64.8841553 -0.0087261 -0.3272692 -0.3945228 0.8585863
1740547623.424985 -15.8831387 11.8894587 65.0538483 -0.0094133 -0.3245858 -0.3943466 0.8596780
1740547623.617823 -15.9735107 11.9539366 65.2060242 -0.0087762 -0.3205061 -0.3972239 0.8598908
1740547623.819348 -16.1153450 12.0065584 65.3780823 -0.0150793 -0.3152260 -0.3981621 0.8613200
1740547624.021969 -16.2295036 12.0785007 65.5411987 -0.0170326 -0.3103025 -0.3982265 0.8630399
1740547624.221203 -16.3474598 12.1470766 65.6919174 -0.0192686 -0.3050615 -0.4022363 0.8630019
1740547624.317714 -16.3820782 12.1500492 65.7650986 -0.0205908 -0.3048585 -0.4077001 0.8604754
1740547624.416741 -16.4249878 12.2045059 65.8298111 -0.0176837 -0.3022853 -0.4048752 0.8627786
1740547624.606850 -16.5135002 12.2452574 66.0208664 -0.0234850 -0.3025706 -0.4052053 0.8623851
1740547624.707703 -16.5363579 12.2700720 66.0475006 -0.0261740 -0.3000869 -0.4017347 0.8647959
1740547624.902521 -16.6783123 12.3604345 66.2798080 -0.0290037 -0.2946795 -0.4069327 0.8641346
1740547625.001375 -16.7147331 12.3557339 66.3338318 -0.0339468 -0.2936038 -0.4119792 0.8619267
1740547625.094928 -16.7269382 12.4172716 66.3662567 -0.0328788 -0.2902315 -0.4070869 0.8654276
1740547625.198664 -16.7974949 12.4223928 66.3788528 -0.0373324 -0.2844599 -0.4095829 0.8659855
1740547625.291969 -16.7834587 12.4380589 66.3963699 -0.0384750 -0.2845358 -0.4046060 0.8682472
1740547625.387701 -16.8203201 12.4654655 66.4046707 -0.0356820 -0.2768284 -0.4044832 0.8709112
1740547625.487797 -16.8162193 12.4575739 66.3859863 -0.0374650 -0.2761519 -0.4022986 0.8720621
1740547625.583313 -16.8243465 12.4804411 66.3784332 -0.0379523 -0.2713828 -0.4054817 0.8720640
1740547625.687164 -16.8503380 12.5130911 66.4156265 -0.0339400 -0.2704018 -0.3988551 0.8755830
1740547625.781567 -16.8453217 12.4749002 66.3792801 -0.0419838 -0.2682185 -0.3984495 0.8760903
1740547625.876216 -16.8357277 12.4598083 66.3650055 -0.0423821 -0.2657729 -0.4038894 0.8743237
1740547625.977254 -16.8358116 12.4393950 66.3439636 -0.0477804 -0.2645521 -0.4018090 0.8753735
1740547626.077973 -16.9235554 12.3907900 66.3325272 -0.0594917 -0.2520311 -0.4083636 0.8753173
1740547626.182806 -16.9721107 12.4128609 66.3313675 -0.0637273 -0.2435766 -0.4029731 0.8798988
1740547626.277022 -17.0012035 12.4583569 66.2881470 -0.0611759 -0.2324633 -0.4062846 0.8815618
1740547626.374238 -17.0109062 12.4410553 66.3455353 -0.0644725 -0.2342482 -0.4034847 0.8821401
1740547626.476296 -17.0434933 12.4344673 66.3469315 -0.0695831 -0.2298476 -0.4024294 0.8833905
1740547626.574778 -17.0953465 12.4441195 66.3699341 -0.0758219 -0.2216959 -0.4045199 0.8840054
1740547626.676948 -17.1029701 12.5222845 66.3318634 -0.0628110 -0.2130731 -0.4025466 0.8880376
1740547626.775787 -17.1372795 12.5134373 66.3734970 -0.0655842 -0.2113200 -0.3998122 0.8894901
1740547626.871393 -17.1381798 12.5283947 66.3764496 -0.0673190 -0.2054724 -0.4016825 0.8898879
1740547626.974728 -17.1964226 12.5193176 66.3974075 -0.0749284 -0.1961966 -0.4016470 0.8913879
1740547627.070696 -17.1876926 12.5714731 66.4058914 -0.0672008 -0.1932513 -0.3982346 0.8941740
1740547627.171095 -17.2162247 12.5720568 66.4056015 -0.0690125 -0.1871679 -0.3962308 0.8962179
1740547627.271351 -17.2348385 12.6069927 66.4305115 -0.0673060 -0.1804859 -0.3921322 0.8995149
1740547627.365736 -17.2627182 12.6319752 66.4286270 -0.0686272 -0.1730761 -0.3894133 0.9020489
1740547627.467832 -17.2736893 12.6266060 66.4182739 -0.0712420 -0.1690107 -0.3899202 0.9023980
1740547627.561812 -17.2706337 12.7029037 66.4110336 -0.0618829 -0.1621519 -0.3795096 0.9087628
1740547627.667800 -17.3232250 12.6950722 66.4285965 -0.0676698 -0.1539805 -0.3827250 0.9084230
1740547627.762243 -17.3157997 12.7511902 66.4690704 -0.0636071 -0.1511401 -0.3797024 0.9104597
1740547627.861163 -17.3135986 12.7813931 66.4915543 -0.0584848 -0.1473699 -0.3778107 0.9122065
1740547627.966910 -17.3101044 12.8077183 66.5228348 -0.0545668 -0.1479397 -0.3805508 0.9112175
1740547628.066818 -17.3300953 12.8411665 66.5364761 -0.0534625 -0.1410205 -0.3773927 0.9136902
1740547628.174829 -17.3660107 12.8664589 66.5676804 -0.0519837 -0.1336288 -0.3749611 0.9158849
1740547628.269480 -17.3948059 12.8926964 66.5845871 -0.0495974 -0.1268662 -0.3767311 0.9162526
1740547628.366834 -17.4059925 12.9149065 66.6028519 -0.0472892 -0.1235024 -0.3792638 0.9157892
1740547628.467899 -17.4260292 12.9293108 66.6186600 -0.0462604 -0.1188006 -0.3806275 0.9158980
1740547628.562400 -17.4377003 12.9844856 66.6417313 -0.0383905 -0.1136878 -0.3783866 0.9178370
1740547628.677790 -17.4048405 13.0111771 66.6658707 -0.0324348 -0.1164571 -0.3754087 0.9189418
1740547628.773393 -17.3921051 13.0251980 66.6640625 -0.0287092 -0.1151110 -0.3713116 0.9208980
1740547628.871010 -17.3545589 13.0612125 66.6712341 -0.0196907 -0.1187145 -0.3660263 0.9227914
1740547628.974225 -17.3358173 13.0987368 66.7022705 -0.0133574 -0.1187279 -0.3652154 0.9232243
1740547629.071560 -17.3289795 13.1310234 66.7219849 -0.0101818 -0.1157401 -0.3589680 0.9260899
1740547629.179819 -17.3214054 13.1956921 66.7470856 0.0015172 -0.1116347 -0.3548345 0.9282392
1740547629.279425 -17.3421955 13.2380104 66.7768173 0.0086270 -0.1057945 -0.3564314 0.9282725
1740547629.378132 -17.3511429 13.2708988 66.8002319 0.0136989 -0.1018014 -0.3564568 0.9286482
1740547629.482026 -17.3483543 13.3253164 66.8516846 0.0233185 -0.0991088 -0.3559247 0.9289517
1740547629.579712 -17.3745880 13.3577890 66.9129944 0.0291581 -0.0931704 -0.3537929 0.9302149
1740547629.690901 -17.3795261 13.3848667 66.9843140 0.0353436 -0.0914752 -0.3512729 0.9311233
1740547629.788653 -17.3665009 13.4365673 67.0495071 0.0475760 -0.0901294 -0.3531014 0.9300175
1740547629.889577 -17.3516636 13.4870253 67.1300049 0.0614040 -0.0906978 -0.3494815 0.9305193
1740547629.997655 -17.3497715 13.5071125 67.1951828 0.0691004 -0.0909596 -0.3490469 0.9301171
1740547630.101532 -17.3479843 13.5370531 67.2739716 0.0796248 -0.0907830 -0.3478204 0.9297523
1740547630.203781 -17.3435936 13.5823383 67.3553772 0.0922367 -0.0913125 -0.3458546 0.9292680
1740547630.304103 -17.3489208 13.6241169 67.4011841 0.1039103 -0.0867206 -0.3423257 0.9297825
1740547630.403601 -17.3507290 13.6694574 67.4538116 0.1169688 -0.0835394 -0.3440258 0.9278932
1740547630.509230 -17.3625660 13.7125568 67.5215836 0.1305336 -0.0790840 -0.3421886 0.9271535
1740547630.622057 -17.3619957 13.7529783 67.5674210 0.1432930 -0.0771919 -0.3409039 0.9259013
1740547630.727242 -17.3834076 13.8016729 67.5991211 0.1572046 -0.0696094 -0.3426408 0.9236009
1740547630.825439 -17.3689575 13.8555899 67.6358337 0.1765291 -0.0685625 -0.3386314 0.9216645
1740547630.941838 -17.3491650 13.9097681 67.6800766 0.1968428 -0.0689839 -0.3344413 0.9190447
1740547631.038020 -17.3366642 13.9502182 67.7174225 0.2123505 -0.0690411 -0.3327339 0.9162034
1740547631.139570 -17.3175011 13.9395714 67.7545395 0.2174698 -0.0750066 -0.3324831 0.9146234
1740547631.245958 -17.3106956 13.9642315 67.7879105 0.2293119 -0.0755719 -0.3303246 0.9124640
1740547631.346697 -17.3130493 13.9627314 67.8477097 0.2347034 -0.0782567 -0.3298272 0.9110457
1740547631.455662 -17.3289795 13.9709167 67.9220200 0.2426282 -0.0785692 -0.3309999 0.9085139
1740547631.555167 -17.3719521 13.9275951 67.9961929 0.2439193 -0.0765298 -0.3301756 0.9086422
1740547631.653081 -17.4088821 13.8954391 68.0895691 0.2489363 -0.0766239 -0.3266420 0.9085508
1740547631.757789 -17.4474220 13.8367920 68.1875229 0.2538371 -0.0791720 -0.3281752 0.9064213
1740547631.857872 -17.4800816 13.7828321 68.2837982 0.2571920 -0.0812338 -0.3281374 0.9053061
1740547632.071582 -17.5645943 13.6716003 68.4584961 0.2614309 -0.0833026 -0.3310032 0.9028574
1740547632.179400 -17.5902100 13.6235352 68.5369415 0.2634141 -0.0881104 -0.3309822 0.9018317
1740547632.287883 -17.6257153 13.5635328 68.6331177 0.2666319 -0.0917694 -0.3328862 0.8998181
1740547632.492120 -17.6861496 13.4728603 68.8142395 0.2741493 -0.1016395 -0.3336299 0.8962157
1740547632.700894 -17.7629509 13.3651371 68.9880829 0.2763939 -0.1076337 -0.3358733 0.8939857
1740547632.904653 -17.8484020 13.2753782 69.1697922 0.2819184 -0.1105739 -0.3375028 0.8912840
1740547633.122022 -17.9609261 13.1791773 69.3233871 0.2816342 -0.1148168 -0.3398449 0.8899465
1740547633.336010 -18.0664539 13.1972656 69.3904877 0.2825269 -0.1158401 -0.3379172 0.8902649
