1740546275.137186 0.0000000 0.0000000 0.0000000 -0.0000000 -0.0000000 -0.0000000 1.0000000
1740546276.084167 -0.0332199 -0.0315153 0.0695630 -0.0009676 0.0012506 0.0003060 0.9999987
1740546276.377191 -0.0429134 -0.0534178 0.1549732 -0.0012647 0.0017299 0.0005109 0.9999976
1740546276.477405 -0.0443218 -0.0477194 0.2355180 -0.0000974 0.0019965 -0.0000491 0.9999980
1740546276.575898 -0.0493967 -0.0602955 0.3167044 0.0003501 0.0021534 0.0002880 0.9999976
1740546276.674986 -0.0281812 -0.0505950 0.3995643 0.0017598 0.0007815 0.0001912 0.9999982
1740546276.780343 -0.0299350 -0.0395733 0.4767742 0.0029469 0.0007955 0.0000934 0.9999954
1740546276.884298 -0.0343089 -0.0191443 0.5586790 0.0051333 0.0008226 0.0004240 0.9999864
1740546276.985550 -0.0424299 -0.0280129 0.6352665 0.0063474 0.0010988 0.0002561 0.9999793
1740546277.085596 -0.0374312 -0.0421625 0.7205701 0.0076581 0.0001656 -0.0002250 0.9999707
1740546277.183139 -0.0417924 -0.0284026 0.8050458 0.0111534 0.0001560 0.0003953 0.9999377
1740546277.288205 -0.0523711 -0.0303904 0.8811123 0.0141074 0.0003720 0.0004530 0.9999003
1740546277.386457 -0.0597561 -0.0520382 0.9572587 0.0160906 0.0001108 -0.0000338 0.9998705
1740546277.491237 -0.0579692 -0.0571506 1.0413811 0.0198884 -0.0004132 0.0001133 0.9998021
1740546277.590806 -0.0580129 -0.0673769 1.1178507 0.0229205 -0.0010357 0.0004626 0.9997367
1740546277.690646 -0.0559550 -0.0769766 1.1978288 0.0267568 -0.0016110 0.0000884 0.9996407
1740546277.807404 -0.0534172 -0.1086029 1.2749344 0.0292046 -0.0023971 0.0003324 0.9995705
1740546278.116662 -0.0653254 -0.1653250 1.5206023 0.0401796 -0.0045171 0.0000801 0.9991823
1740546278.319934 -0.0840730 -0.1909719 1.6766999 0.0464511 -0.0053829 0.0002154 0.9989061
1740546278.417563 -0.0839464 -0.1838578 1.7584995 0.0503599 -0.0061752 0.0009326 0.9987116
1740546278.523952 -0.0691116 -0.1944381 1.8323556 0.0532113 -0.0073162 -0.0001520 0.9985565
1740546278.624178 -0.0878904 -0.2303480 1.9112954 0.0547131 -0.0068867 0.0001239 0.9984784
1740546278.722538 -0.0909030 -0.2369761 1.9856213 0.0574587 -0.0069114 0.0000710 0.9983240
1740546278.825732 -0.0911446 -0.2558543 2.0634239 0.0592085 -0.0073794 0.0002074 0.9982184
1740546278.923420 -0.1033704 -0.2718822 2.1432426 0.0613058 -0.0071302 0.0003804 0.9980935
1740546279.028977 -0.1176601 -0.2946941 2.2203844 0.0628657 -0.0069481 0.0008143 0.9979975
1740546279.128289 -0.1284060 -0.3253523 2.2914469 0.0636051 -0.0063198 0.0007072 0.9979549
1740546279.228623 -0.1374359 -0.3501690 2.3580792 0.0636752 -0.0063763 0.0012140 0.9979495
1740546279.334348 -0.1590370 -0.3686277 2.4285450 0.0641476 -0.0052940 0.0015609 0.9979252
1740546279.431065 -0.1645835 -0.3888218 2.4970491 0.0642087 -0.0055714 0.0013845 0.9979200
1740546279.536484 -0.1873182 -0.4091271 2.5689495 0.0640143 -0.0045705 0.0011972 0.9979379
1740546279.635838 -0.1993870 -0.4291732 2.6299124 0.0626195 -0.0043051 0.0015947 0.9980269
1740546279.746572 -0.2242449 -0.4541253 2.7049720 0.0625347 -0.0036964 0.0015672 0.9980347
1740546279.844987 -0.2362473 -0.4744128 2.7737501 0.0617745 -0.0031588 0.0018802 0.9980834
1740546279.947917 -0.2215337 -0.4977284 2.8504860 0.0606597 -0.0042070 0.0012037 0.9981489
1740546280.057583 -0.2227943 -0.5137091 2.9330163 0.0596570 -0.0042626 0.0011168 0.9982092
1740546280.156256 -0.2092673 -0.5312893 3.0043602 0.0572236 -0.0051439 0.0007738 0.9983478
1740546280.258914 -0.2261422 -0.5523005 3.0661173 0.0541670 -0.0039142 0.0009136 0.9985238
1740546280.358345 -0.2363363 -0.5731324 3.1438851 0.0520169 -0.0032235 0.0009043 0.9986406
1740546280.456946 -0.2447706 -0.6044806 3.2163405 0.0483999 -0.0023404 0.0009967 0.9988248
1740546280.561865 -0.2502834 -0.6271119 3.2983737 0.0463214 -0.0023085 0.0008841 0.9989236
1740546280.662201 -0.2622227 -0.6399192 3.3641300 0.0441640 -0.0007722 0.0010379 0.9990235
1740546280.770845 -0.2718641 -0.6572329 3.4491608 0.0412783 -0.0006074 0.0012810 0.9991467
1740546280.867233 -0.2838722 -0.6815574 3.5216229 0.0375021 0.0004935 0.0009252 0.9992960
1740546280.965385 -0.3090129 -0.6946136 3.5912719 0.0331720 0.0024815 0.0010040 0.9994461
1740546281.069429 -0.3323979 -0.7197810 3.6633620 0.0279794 0.0052562 0.0005727 0.9995945
1740546281.170325 -0.3468961 -0.7075297 3.7427597 0.0243007 0.0069203 0.0016123 0.9996794
1740546281.272811 -0.3460636 -0.7206653 3.8226132 0.0206015 0.0085787 0.0008790 0.9997506
1740546281.372933 -0.3590495 -0.7037915 3.8981690 0.0173673 0.0114377 0.0016509 0.9997824
1740546281.471280 -0.3655873 -0.7275959 3.9829369 0.0126499 0.0131436 0.0004984 0.9998335
1740546281.573156 -0.3787564 -0.7179217 4.0585151 0.0098521 0.0159657 0.0004473 0.9998239
1740546281.670610 -0.3886119 -0.7188247 4.1047282 0.0066984 0.0183549 -0.0010672 0.9998085
1740546281.778114 -0.4099981 -0.7199147 4.1888885 0.0029596 0.0210159 -0.0008468 0.9997744
1740546281.884663 -0.4177916 -0.7036920 4.2447624 0.0005948 0.0236914 -0.0006599 0.9997190
1740546281.985295 -0.4282457 -0.6905487 4.3059769 -0.0024658 0.0250462 -0.0011825 0.9996825
1740546282.091451 -0.4311692 -0.7195275 4.3724508 -0.0080809 0.0276353 -0.0022296 0.9995829
1740546282.189652 -0.4438291 -0.7028761 4.4488692 -0.0107199 0.0307394 -0.0008160 0.9994696
1740546282.293271 -0.4508815 -0.7246877 4.5200930 -0.0156263 0.0331786 -0.0014942 0.9993262
1740546282.392670 -0.4672619 -0.7390857 4.5887971 -0.0189316 0.0355215 -0.0013935 0.9991886
1740546282.490617 -0.4717965 -0.7487880 4.6425786 -0.0211244 0.0374743 -0.0006558 0.9990741
1740546282.594889 -0.4510607 -0.7303380 4.7182808 -0.0226842 0.0386114 -0.0015467 0.9989956
1740546282.695897 -0.4552714 -0.7270926 4.7922692 -0.0245969 0.0408269 -0.0008852 0.9988630
1740546282.807744 -0.4691412 -0.7403749 4.8624740 -0.0274363 0.0443819 -0.0011737 0.9986371
1740546282.906556 -0.4651621 -0.7413210 4.9333839 -0.0285215 0.0454300 -0.0017521 0.9985588
1740546283.004075 -0.4839185 -0.6959261 4.9831662 -0.0265999 0.0481233 -0.0024858 0.9984841
1740546283.108320 -0.4851318 -0.7195117 5.0389581 -0.0294348 0.0491595 -0.0024763 0.9983541
1740546283.207250 -0.4830152 -0.7396452 5.0967693 -0.0315865 0.0496948 -0.0022636 0.9982623
1740546283.312339 -0.4380390 -0.7207035 5.1440773 -0.0309054 0.0470949 -0.0014567 0.9984112
1740546283.412941 -0.4401783 -0.7363125 5.2195549 -0.0321498 0.0490318 -0.0015635 0.9982784
1740546283.528169 -0.4315245 -0.7365929 5.2919102 -0.0317716 0.0487947 -0.0018995 0.9983016
1740546283.624071 -0.4014943 -0.7335450 5.3562999 -0.0322812 0.0475368 -0.0007396 0.9983475
1740546283.723397 -0.3871301 -0.7340857 5.4085016 -0.0329034 0.0483619 -0.0008525 0.9982874
1740546283.839644 -0.4121370 -0.7105447 5.4654398 -0.0307435 0.0513318 -0.0014517 0.9982073
1740546283.942244 -0.4136198 -0.7038869 5.5281029 -0.0311983 0.0521632 -0.0022600 0.9981486
1740546284.056823 -0.3879395 -0.6964278 5.5829864 -0.0290994 0.0501563 -0.0017444 0.9983159
1740546284.156693 -0.3619650 -0.6878726 5.6305103 -0.0286257 0.0486586 -0.0022596 0.9984027
1740546284.254400 -0.3434506 -0.6959709 5.6931129 -0.0298491 0.0484980 -0.0027878 0.9983733
1740546284.359173 -0.3214571 -0.6760983 5.7602477 -0.0280890 0.0495899 -0.0015230 0.9983734
1740546284.458865 -0.3255747 -0.6713305 5.8447242 -0.0277262 0.0503900 -0.0024462 0.9983417
1740546284.564651 -0.3080851 -0.6634823 5.9148998 -0.0264537 0.0503560 -0.0035555 0.9983746
1740546284.665192 -0.2921113 -0.6669371 5.9412904 -0.0280180 0.0500266 -0.0033623 0.9983491
1740546284.779363 -0.2744805 -0.6736714 5.9778352 -0.0290269 0.0482249 -0.0040031 0.9984066
1740546284.876128 -0.2984267 -0.6623709 6.0276785 -0.0279692 0.0530538 -0.0032618 0.9981946
1740546284.977069 -0.3314347 -0.6492929 6.0819945 -0.0275440 0.0580886 -0.0036258 0.9979248
1740546285.093654 -0.3241827 -0.6571752 6.1512194 -0.0287262 0.0598902 -0.0039885 0.9977836
1740546285.193401 -0.3236087 -0.6723516 6.2216825 -0.0323135 0.0625363 -0.0028300 0.9975154
1740546285.303870 -0.3274897 -0.6754077 6.2831340 -0.0338459 0.0654207 -0.0033566 0.9972780
1740546285.402206 -0.3104000 -0.6941151 6.2896571 -0.0376385 0.0626276 -0.0021589 0.9973246
1740546285.502419 -0.2670135 -0.6805848 6.3127012 -0.0381957 0.0587027 -0.0041967 0.9975357
1740546285.605444 -0.2404110 -0.6761935 6.3526139 -0.0385926 0.0564254 -0.0036502 0.9976540
1740546285.705929 -0.2005186 -0.6698219 6.3895860 -0.0402399 0.0527871 -0.0037149 0.9977878
1740546285.821473 -0.1568256 -0.6556155 6.4548259 -0.0396312 0.0517901 -0.0028277 0.9978673
1740546285.922611 -0.1426261 -0.6717513 6.4724970 -0.0438304 0.0476918 -0.0011723 0.9978993
1740546286.045310 -0.1125012 -0.6802276 6.4914470 -0.0465353 0.0418649 0.0002238 0.9980389
1740546286.144143 -0.0821370 -0.6991785 6.5322342 -0.0537036 0.0381544 -0.0002039 0.9978277
1740546286.247677 -0.0681268 -0.6972203 6.5565190 -0.0560772 0.0350207 -0.0000547 0.9978121
1740546286.357427 -0.0559414 -0.7103874 6.5891089 -0.0597773 0.0323394 0.0002768 0.9976877
1740546286.458259 -0.0359955 -0.7149746 6.6319184 -0.0631415 0.0285016 0.0005709 0.9975973
1740546286.569659 -0.0089973 -0.7211359 6.6747341 -0.0666619 0.0232065 0.0014314 0.9975047
1740546286.668801 0.0137349 -0.7151602 6.7048330 -0.0686220 0.0174283 0.0010014 0.9974900
1740546286.787214 0.0461470 -0.7283066 6.7396402 -0.0732257 0.0106292 0.0020348 0.9972567
1740546286.887546 0.0622598 -0.7313164 6.7675319 -0.0748165 0.0041058 0.0035264 0.9971827
1740546286.988861 0.0841916 -0.7376733 6.7848749 -0.0772266 -0.0037079 0.0043324 0.9969973
1740546287.098286 0.1080169 -0.7295547 6.8153014 -0.0778969 -0.0089886 0.0044670 0.9969109
1740546287.200779 0.1200018 -0.7295703 6.8270063 -0.0780845 -0.0158090 0.0032224 0.9968162
1740546287.308498 0.1258428 -0.7202368 6.8366799 -0.0755719 -0.0187285 0.0033164 0.9969590
1740546287.412755 0.1405975 -0.7088845 6.8300395 -0.0707085 -0.0250221 0.0028123 0.9971792
1740546287.516140 0.1618550 -0.7195594 6.8658066 -0.0742766 -0.0317523 0.0037999 0.9967248
1740546287.627635 0.1857131 -0.7237118 6.8769202 -0.0754158 -0.0406705 0.0039588 0.9963146
1740546287.730123 0.2086324 -0.6956766 6.8890080 -0.0704586 -0.0469110 0.0043073 0.9964017
1740546287.858207 0.2383017 -0.6928143 6.9104953 -0.0690100 -0.0533255 0.0049610 0.9961774
1740546287.973188 0.2572561 -0.6807206 6.9066014 -0.0649982 -0.0591190 0.0050578 0.9961198
1740546288.087382 0.2859464 -0.6912360 6.9082394 -0.0664681 -0.0685855 0.0049126 0.9954165
1740546288.189608 0.3084807 -0.6839210 6.9256916 -0.0632474 -0.0758368 0.0054055 0.9950977
1740546288.296943 0.3238010 -0.6734760 6.9261184 -0.0581739 -0.0831395 0.0060231 0.9948203
1740546288.405303 0.3451861 -0.6642087 6.9442501 -0.0569841 -0.0905636 0.0045379 0.9942487
1740546288.505805 0.3575988 -0.6659096 6.9492378 -0.0573477 -0.0988825 0.0030592 0.9934406
1740546288.614151 0.3777869 -0.6667993 6.9540415 -0.0540530 -0.1066280 0.0045446 0.9928183
1740546288.719384 0.3978885 -0.6392081 6.9768925 -0.0474766 -0.1121050 0.0054742 0.9925465
1740546288.830272 0.4200788 -0.6329800 6.9997382 -0.0462322 -0.1192476 0.0060095 0.9917694
1740546288.938094 0.4416856 -0.6247504 7.0232449 -0.0450171 -0.1266694 0.0062767 0.9909031
1740546289.044334 0.4735802 -0.6296071 7.0370069 -0.0460250 -0.1356543 0.0057070 0.9896702
1740546289.152586 0.4974478 -0.6256189 7.0414371 -0.0444330 -0.1433114 0.0061789 0.9886604
1740546289.253668 0.5164237 -0.6287529 7.0457635 -0.0465907 -0.1520571 0.0045167 0.9872627
1740546289.361064 0.5347790 -0.6239024 7.0655522 -0.0455341 -0.1588921 0.0050573 0.9862325
1740546289.464663 0.5540007 -0.6240975 7.0814152 -0.0478508 -0.1660873 0.0028690 0.9849452
1740546289.575427 0.5597513 -0.6085920 7.1084857 -0.0429980 -0.1690018 0.0047539 0.9846659
1740546289.681024 0.5783143 -0.6108901 7.1052279 -0.0433951 -0.1761950 0.0039729 0.9833903
1740546289.793403 0.5918952 -0.6083784 7.1212707 -0.0418122 -0.1814807 0.0049954 0.9824926
1740546289.900156 0.6031253 -0.6083542 7.1476016 -0.0449091 -0.1869591 0.0033383 0.9813350
1740546290.005531 0.6242745 -0.6027157 7.1563015 -0.0454916 -0.1933396 0.0026587 0.9800731
1740546290.113511 0.6427691 -0.6098917 7.1623645 -0.0496650 -0.2011644 0.0005516 0.9782975
1740546290.222273 0.6631962 -0.5993121 7.1711721 -0.0496418 -0.2058750 0.0005288 0.9773182
1740546290.330168 0.6711336 -0.5940323 7.1829166 -0.0525670 -0.2065992 -0.0014501 0.9770114
1740546290.438640 0.6756120 -0.5936055 7.1928620 -0.0550984 -0.2076081 -0.0011384 0.9766585
1740546290.547028 0.6745989 -0.5932970 7.1945300 -0.0548163 -0.2055491 -0.0007180 0.9771101
1740546290.654577 0.6744988 -0.5921391 7.2003856 -0.0595775 -0.2071505 -0.0048270 0.9764814
1740546290.758683 0.6761567 -0.5886945 7.2072692 -0.0600738 -0.2050446 -0.0042016 0.9768983
1740546290.873502 0.6765147 -0.5867403 7.2131052 -0.0608639 -0.2039601 -0.0050651 0.9770723
1740546290.982287 0.6734233 -0.5809293 7.2277884 -0.0623940 -0.1996451 -0.0035822 0.9778732
1740546291.113721 0.6716166 -0.5805063 7.2443848 -0.0651908 -0.1967234 -0.0084454 0.9782529
1740546291.220544 0.6717083 -0.5753983 7.2633209 -0.0702233 -0.1947815 -0.0104085 0.9782743
1740546291.330922 0.6794738 -0.5774038 7.2721329 -0.0777537 -0.1942091 -0.0117709 0.9778030
1740546291.437074 0.6802477 -0.5771629 7.2982025 -0.0836711 -0.1926744 -0.0108791 0.9776285
1740546291.547144 0.6866517 -0.6067408 7.3262105 -0.0954116 -0.1909100 -0.0117153 0.9768893
1740546291.672895 0.6944646 -0.6004145 7.3396726 -0.1024049 -0.1904456 -0.0127292 0.9762591
1740546291.809011 0.6963485 -0.6016149 7.3506188 -0.1094224 -0.1887919 -0.0142718 0.9757975
1740546291.919075 0.7115346 -0.6089278 7.3672867 -0.1179924 -0.1883233 -0.0159637 0.9748628
1740546292.024921 0.7275513 -0.5964063 7.3846016 -0.1258042 -0.1878337 -0.0174150 0.9739551
1740546292.140667 0.7475376 -0.5948581 7.3893490 -0.1314948 -0.1874205 -0.0196669 0.9732399
1740546292.249167 0.7608144 -0.6071421 7.3865685 -0.1381532 -0.1870483 -0.0212798 0.9723548
1740546292.363357 0.7796275 -0.6138170 7.3901548 -0.1477815 -0.1873451 -0.0234814 0.9708301
1740546292.472581 0.8102303 -0.5637048 7.4277172 -0.1517078 -0.1834829 -0.0263689 0.9708880
1740546292.582003 0.8102505 -0.5063974 7.4621706 -0.1509852 -0.1758489 -0.0270370 0.9723938
1740546292.689802 0.8023046 -0.4785163 7.5042524 -0.1524062 -0.1694862 -0.0280536 0.9732727
1740546292.799538 0.8227971 -0.4620159 7.5192623 -0.1576108 -0.1660637 -0.0288605 0.9730102
1740546292.906989 0.8206427 -0.4370290 7.5426102 -0.1599031 -0.1597182 -0.0296068 0.9736758
1740546293.010505 0.8281273 -0.4033947 7.5608854 -0.1591837 -0.1553922 -0.0311902 0.9744440
1740546293.123501 0.8313502 -0.3792453 7.5956278 -0.1655882 -0.1520300 -0.0327910 0.9738543
1740546293.225423 0.8328257 -0.3588712 7.6120920 -0.1672857 -0.1493667 -0.0331033 0.9739658
1740546293.335605 0.8283308 -0.3201903 7.6790433 -0.1718178 -0.1444293 -0.0348660 0.9738600
1740546293.437751 0.8289064 -0.2664821 7.7580686 -0.1762275 -0.1395238 -0.0360617 0.9737436
1740546293.547564 0.8223777 -0.2204323 7.8319049 -0.1802281 -0.1347625 -0.0377313 0.9736186
1740546293.656644 0.8023658 -0.1816319 7.9114728 -0.1852140 -0.1303128 -0.0392650 0.9732280
1740546293.757394 0.7974631 -0.1273426 7.9835877 -0.1888197 -0.1266140 -0.0395956 0.9730099
1740546293.864192 0.7750102 -0.0871701 8.0486383 -0.1925449 -0.1233757 -0.0407887 0.9726465
1740546293.970149 0.7660637 -0.0379260 8.1163731 -0.1948854 -0.1208006 -0.0419717 0.9724532
1740546294.081917 0.7219715 0.0017999 8.1849775 -0.1980622 -0.1168858 -0.0433977 0.9722272
1740546294.192513 0.7200034 0.0590063 8.2461758 -0.1995622 -0.1144633 -0.0435325 0.9722027
1740546294.298996 0.7184289 0.0873897 8.3259459 -0.2038338 -0.1131141 -0.0445507 0.9714280
1740546294.403915 0.7209640 0.1404876 8.3896685 -0.2063749 -0.1115912 -0.0453469 0.9710307
1740546294.508052 0.6949079 0.1846274 8.4574175 -0.2093716 -0.1095036 -0.0457857 0.9706061
1740546294.616854 0.6877673 0.2182125 8.5387821 -0.2131637 -0.1078744 -0.0465847 0.9699249
1740546294.720345 0.6965219 0.2716495 8.6142225 -0.2162278 -0.1071303 -0.0472801 0.9692953
1740546294.829058 0.6719375 0.3088578 8.6847105 -0.2195413 -0.1050199 -0.0483067 0.9687306
1740546294.935467 0.6634763 0.3581148 8.7652740 -0.2232499 -0.1031261 -0.0491695 0.9680428
1740546295.047305 0.6505898 0.4157329 8.8305483 -0.2256773 -0.1004038 -0.0505302 0.9676960
1740546295.155892 0.6242455 0.4638535 8.9001999 -0.2290643 -0.0974032 -0.0511419 0.9671746
1740546295.256253 0.6277353 0.5195162 8.9761753 -0.2320909 -0.0955431 -0.0515614 0.9666162
1740546295.361814 0.6003237 0.5586490 9.0534439 -0.2356566 -0.0927166 -0.0524169 0.9659824
1740546295.462756 0.5707864 0.6035554 9.1243858 -0.2381494 -0.0895767 -0.0537277 0.9655953
1740546295.574314 0.5588225 0.6365730 9.2131023 -0.2422483 -0.0872789 -0.0546211 0.9647356
1740546295.676009 0.5383902 0.6853512 9.2878199 -0.2456044 -0.0843020 -0.0551850 0.9641194
1740546295.776426 0.5124428 0.7351441 9.3581629 -0.2492855 -0.0809575 -0.0566112 0.9633783
1740546295.888723 0.4914529 0.7993965 9.4165230 -0.2516887 -0.0769446 -0.0573826 0.9630367
1740546295.988894 0.4992907 0.8553471 9.4889040 -0.2544635 -0.0735623 -0.0581292 0.9625269
1740546296.125033 0.5038726 0.9017068 9.5695744 -0.2576231 -0.0703197 -0.0597233 0.9618309
1740546296.228165 0.5159018 0.9616587 9.6369104 -0.2598185 -0.0663164 -0.0606445 0.9614670
1740546296.333855 0.5209113 1.0094695 9.7085543 -0.2624717 -0.0624873 -0.0618421 0.9609264
1740546296.433215 0.5366271 1.0582559 9.7895565 -0.2646863 -0.0590777 -0.0629050 0.9604656
1740546296.542248 0.5285525 1.1129018 9.8544064 -0.2659130 -0.0546282 -0.0644251 0.9602892
1740546296.640544 0.5300072 1.1540701 9.9372978 -0.2680360 -0.0509320 -0.0657421 0.9598128
1740546296.758998 0.5311612 1.2057238 10.0092077 -0.2695171 -0.0468727 -0.0667052 0.9595384
1740546296.862897 0.5430416 1.2517402 10.0916948 -0.2713151 -0.0435689 -0.0677600 0.9591134
1740546296.960505 0.5284138 1.2891629 10.1707525 -0.2728709 -0.0399736 -0.0685788 0.9587703
1740546297.063507 0.5065274 1.3273983 10.2494040 -0.2742730 -0.0360538 -0.0699009 0.9584301
1740546297.164255 0.5053982 1.3674178 10.3290548 -0.2755997 -0.0325600 -0.0709677 0.9580961
1740546297.264693 0.4892146 1.4160500 10.4050722 -0.2760547 -0.0288120 -0.0725931 0.9579634
1740546297.369260 0.4875351 1.4771292 10.4769154 -0.2764657 -0.0251284 -0.0728693 0.9579276
1740546297.466653 0.4912897 1.5352551 10.5494490 -0.2771248 -0.0213354 -0.0737105 0.9577648
1740546297.577970 0.4993104 1.5875165 10.6213655 -0.2773191 -0.0179447 -0.0749040 0.9576855
1740546297.677498 0.5053695 1.6389844 10.6954002 -0.2776437 -0.0140898 -0.0761236 0.9575597
1740546297.775840 0.5188543 1.6805220 10.7694063 -0.2782124 -0.0102884 -0.0774030 0.9573405
1740546297.891140 0.5272956 1.7276251 10.8456192 -0.2787439 -0.0065145 -0.0784364 0.9571348
1740546297.988613 0.5446762 1.7760350 10.9215136 -0.2787611 -0.0032157 -0.0794301 0.9570647
1740546298.092374 0.5481184 1.8225319 11.0017500 -0.2792465 0.0002587 -0.0804902 0.9568400
1740546298.193701 0.5492647 1.8654854 11.0797081 -0.2801758 0.0033201 -0.0813454 0.9564902
1740546298.307129 0.5466985 1.9203203 11.1484842 -0.2797752 0.0071925 -0.0824090 0.9564951
1740546298.407672 0.5645165 1.9704244 11.2222080 -0.2803379 0.0106511 -0.0833418 0.9562172
1740546298.710060 0.6006923 2.1133192 11.4563417 -0.2807820 0.0208705 -0.0863688 0.9556497
1740546298.811667 0.6225079 2.1614537 11.5317345 -0.2811352 0.0236616 -0.0869706 0.9554263
1740546298.910771 0.6226270 2.2083182 11.6052904 -0.2815367 0.0264342 -0.0878294 0.9551567
1740546299.112237 0.6314296 2.3109226 11.7462139 -0.2811719 0.0340126 -0.0898215 0.9548391
1740546299.209568 0.6443210 2.3522627 11.8285055 -0.2822844 0.0365456 -0.0908343 0.9543213
1740546299.310789 0.6568536 2.4020011 11.8991871 -0.2821944 0.0397098 -0.0917620 0.9541327
1740546299.505419 0.6904082 2.4937544 12.0587206 -0.2825525 0.0453234 -0.0932070 0.9536364
1740546299.707767 0.7344521 2.5792794 12.2164040 -0.2834437 0.0504092 -0.0948343 0.9529560
1740546299.905805 0.7790776 2.6758349 12.3613529 -0.2841707 0.0553813 -0.0959473 0.9523519
1740546300.113395 0.8159957 2.7752092 12.5114613 -0.2857607 0.0605961 -0.0974268 0.9514079
1740546300.331890 0.8385188 2.8825817 12.6556625 -0.2879547 0.0657543 -0.0987183 0.9502701
1740546300.538815 0.8569699 2.9751935 12.8068094 -0.2902342 0.0707985 -0.0998427 0.9490960
1740546300.755769 0.8872082 3.0725303 12.9564590 -0.2932065 0.0762692 -0.1014159 0.9475905
1740546300.974924 0.9418126 3.1606765 13.1068659 -0.2981447 0.0815553 -0.1022410 0.9455185
1740546301.174255 0.9895844 3.2646861 13.2427883 -0.3019207 0.0873995 -0.1032597 0.9436857
1740546301.464878 1.0681441 3.4231150 13.4553776 -0.3135096 0.0963046 -0.1047092 0.9388680
1740546301.661942 1.1262449 3.5284829 13.5924864 -0.3225869 0.1020872 -0.1050880 0.9351323
1740546302.049411 1.2474588 3.7532635 13.8532505 -0.3424434 0.1132551 -0.1060567 0.9266379
1740546302.348054 1.3412132 3.9280539 14.0388193 -0.3591630 0.1208403 -0.1061243 0.9193134
1740546302.535043 1.3912276 4.0557327 14.1589985 -0.3708744 0.1251044 -0.1052485 0.9141793
1740546302.830574 1.4774079 4.2638063 14.3112850 -0.3875113 0.1311053 -0.1047179 0.9064660
1740546303.125018 1.5739013 4.4631500 14.4681263 -0.4031759 0.1365307 -0.1037127 0.8989173
1740546303.410948 1.6720243 4.6716204 14.6065063 -0.4157118 0.1418020 -0.1034747 0.8923950
1740546303.697848 1.7644325 4.8722467 14.7709780 -0.4264718 0.1485944 -0.1035617 0.8861809
1740546303.894868 1.8327509 4.9999771 14.8803463 -0.4315545 0.1529640 -0.1043052 0.8828834
1740546304.183758 1.9323609 5.2077179 15.0155201 -0.4367212 0.1612011 -0.1071449 0.8785264
1740546304.475298 2.0312512 5.4027262 15.1832294 -0.4408548 0.1706264 -0.1104397 0.8742636
1740546304.666431 2.1012621 5.5435886 15.2721958 -0.4412552 0.1777620 -0.1138963 0.8721939
1740546304.860771 2.1908534 5.6689858 15.3670750 -0.4429351 0.1847998 -0.1167592 0.8694969
1740546305.148742 2.3314118 5.8520622 15.5025597 -0.4456841 0.1954680 -0.1214045 0.8651121
1740546305.345323 2.4391017 5.9689107 15.5856152 -0.4471481 0.2016529 -0.1241403 0.8625450
1740546305.530866 2.5224085 6.1041594 15.6722412 -0.4492070 0.2082260 -0.1265499 0.8595581
1740546305.823148 2.6695337 6.2977715 15.7937250 -0.4515384 0.2160085 -0.1293836 0.8559868
1740546306.009123 2.7661033 6.4198761 15.8884354 -0.4543281 0.2202876 -0.1304551 0.8532531
1740546306.201660 2.8412395 6.5531826 15.9728088 -0.4559373 0.2233134 -0.1311954 0.8514928
1740546306.407073 2.9188714 6.6976709 16.0606747 -0.4587755 0.2273334 -0.1325146 0.8486958
1740546306.597553 3.0053277 6.8350153 16.1412563 -0.4615166 0.2303597 -0.1328353 0.8463401
1740546306.783315 3.1062381 6.9590263 16.2216663 -0.4644299 0.2327459 -0.1330698 0.8440537
1740546306.976712 3.2139730 7.0842018 16.2928562 -0.4674493 0.2351446 -0.1330053 0.8417291
1740546307.165924 3.3002851 7.2215815 16.3754959 -0.4700650 0.2373637 -0.1335987 0.8395527
1740546307.355761 3.4127126 7.3353043 16.4492340 -0.4727532 0.2390616 -0.1336082 0.8375577
1740546307.540778 3.5299411 7.4561081 16.5138741 -0.4761278 0.2414623 -0.1336614 0.8349448
1740546307.830914 3.6321690 7.6863279 16.6242523 -0.4799903 0.2446792 -0.1336426 0.8317938
1740546308.117912 3.7670350 7.8881040 16.7378731 -0.4839670 0.2478801 -0.1341751 0.8284494
1740546308.415423 3.9225254 8.0940924 16.8401642 -0.4871903 0.2502806 -0.1347470 0.8257411
1740546308.709313 4.0907235 8.2794437 16.9308891 -0.4892882 0.2521394 -0.1344339 0.8239844
1740546309.005339 4.2289157 8.4761238 17.0370407 -0.4915991 0.2537982 -0.1354012 0.8219388
1740546309.198225 4.3452187 8.6026669 17.0852432 -0.4914106 0.2558080 -0.1356252 0.8213913
1740546309.390568 4.4612465 8.7275887 17.1394234 -0.4905928 0.2555435 -0.1338907 0.8222466
1740546309.677471 4.5822315 8.9188128 17.2667465 -0.4915953 0.2540840 -0.1346740 0.8219722
1740546309.994246 4.7029037 9.1413956 17.3555031 -0.4893570 0.2528351 -0.1329902 0.8239647
1740546310.431977 4.8941202 9.3958206 17.5166893 -0.4882492 0.2476960 -0.1328619 0.8262004
1740546310.727111 5.0278978 9.5923519 17.6259613 -0.4847073 0.2475467 -0.1318018 0.8284973
1740546311.098196 5.1582007 9.7905045 17.7187996 -0.4806343 0.2458736 -0.1325360 0.8312467
1740546311.401867 5.3113008 9.9650764 17.8407116 -0.4773228 0.2437272 -0.1336098 0.8336117
1740546311.702200 5.4433351 10.1607704 17.9555664 -0.4716632 0.2446351 -0.1344521 0.8364270
1740546311.999931 5.5650420 10.3567638 18.0842705 -0.4654199 0.2473288 -0.1368712 0.8387367
1740546312.302655 5.6816878 10.5417881 18.2023773 -0.4601898 0.2503532 -0.1410813 0.8400266
1740546312.509052 5.7846785 10.6514750 18.2792168 -0.4567018 0.2539393 -0.1433114 0.8404761
1740546312.719151 5.8853493 10.7564583 18.3574333 -0.4533537 0.2570673 -0.1472707 0.8406534
1740546312.939179 5.9927521 10.8837442 18.4105701 -0.4482431 0.2604360 -0.1490807 0.8420370
1740546313.145084 6.1056023 10.9641581 18.5232887 -0.4466432 0.2648204 -0.1523314 0.8409371
1740546313.243007 6.1545949 10.9791527 18.5497437 -0.4451401 0.2658634 -0.1524956 0.8413751
1740546313.345930 6.1885128 11.0160704 18.5574036 -0.4426055 0.2684134 -0.1537471 0.8416748
1740546313.445081 6.2371097 11.0255585 18.5837040 -0.4413136 0.2694421 -0.1540981 0.8419603
1740546313.543843 6.2665472 11.0649672 18.6368446 -0.4399654 0.2726181 -0.1561822 0.8412591
1740546313.648561 6.3354158 11.1082220 18.6663952 -0.4376448 0.2733933 -0.1552933 0.8423818
1740546313.748300 6.3600388 11.1135025 18.7178860 -0.4384374 0.2766821 -0.1565109 0.8406688
1740546313.853215 6.3912778 11.1253653 18.7389870 -0.4364173 0.2785411 -0.1582095 0.8407881
1740546313.956492 6.4111238 11.1262197 18.7517948 -0.4350519 0.2801788 -0.1585288 0.8408914
1740546314.054778 6.4092712 11.1236668 18.7570305 -0.4344383 0.2820975 -0.1610839 0.8400812
1740546314.162123 6.4133306 11.1346617 18.7519226 -0.4314479 0.2828248 -0.1606615 0.8414575
1740546314.261448 6.4454489 11.1381187 18.7851982 -0.4310133 0.2841758 -0.1587844 0.8415813
1740546314.363562 6.4837012 11.1452751 18.8073311 -0.4287077 0.2842562 -0.1571190 0.8430431
1740546314.467197 6.5313358 11.1581688 18.8407860 -0.4266039 0.2848482 -0.1556767 0.8441774
1740546314.569957 6.5720963 11.1675014 18.8871460 -0.4256876 0.2857929 -0.1558933 0.8442806
1740546314.677428 6.5962081 11.1902437 18.9075165 -0.4236920 0.2873212 -0.1579180 0.8443895
1740546314.776304 6.6298399 11.2033005 18.9287224 -0.4221588 0.2884410 -0.1590789 0.8445576
1740546314.883258 6.6649399 11.2090578 18.9432335 -0.4200069 0.2878348 -0.1583129 0.8459801
1740546314.983053 6.6873350 11.2201099 18.9657307 -0.4180969 0.2886417 -0.1582271 0.8466671
1740546315.087235 6.7128534 11.2228127 18.9815788 -0.4165725 0.2881587 -0.1592639 0.8473883
1740546315.191785 6.7418590 11.2389994 19.0046597 -0.4141709 0.2886687 -0.1591512 0.8484125
1740546315.291433 6.7806468 11.2509279 19.0183887 -0.4113198 0.2884100 -0.1589917 0.8499160
1740546315.395808 6.7966108 11.2594681 19.0394325 -0.4105135 0.2893762 -0.1606290 0.8496696
1740546315.495224 6.8242912 11.2728672 19.0562325 -0.4077870 0.2893997 -0.1607142 0.8509575
1740546315.603459 6.8610611 11.2815390 19.0787811 -0.4052862 0.2881718 -0.1590574 0.8528780
1740546315.709723 6.8972378 11.2831936 19.1038799 -0.4036804 0.2869416 -0.1578863 0.8542708
1740546315.809225 6.9180851 11.2866735 19.1196709 -0.4013843 0.2869243 -0.1578429 0.8553658
1740546315.914101 6.9383335 11.2894039 19.1322994 -0.3990245 0.2865336 -0.1574087 0.8566799
1740546316.012919 6.9621816 11.2896137 19.1500931 -0.3970688 0.2860533 -0.1575827 0.8577165
1740546316.116807 6.9651337 11.2900162 19.1558952 -0.3959732 0.2868884 -0.1589375 0.8576941
1740546316.219447 6.9789391 11.2912464 19.1677170 -0.3944300 0.2869534 -0.1592802 0.8583197
1740546316.320249 7.0216112 11.2997208 19.1940098 -0.3908373 0.2858552 -0.1583865 0.8604922
1740546316.428408 7.0741296 11.3190517 19.2206173 -0.3872634 0.2843944 -0.1568135 0.8628768
1740546316.529279 7.0976429 11.3185644 19.2367725 -0.3853993 0.2835194 -0.1563535 0.8640821
1740546316.640412 7.1117783 11.3182869 19.2517090 -0.3839335 0.2829936 -0.1571817 0.8647565
1740546316.741614 7.1179237 11.3166800 19.2586555 -0.3828773 0.2835823 -0.1585239 0.8647869
1740546316.853628 7.1215577 11.3216906 19.2626095 -0.3799918 0.2834800 -0.1569834 0.8663726
1740546316.950512 7.1706047 11.3414307 19.2916565 -0.3760797 0.2817822 -0.1565166 0.8687147
1740546317.050255 7.2244029 11.3446598 19.3324165 -0.3738034 0.2802826 -0.1554591 0.8703707
1740546317.168451 7.2735415 11.3487883 19.3694611 -0.3706675 0.2783778 -0.1541976 0.8725448
1740546317.267191 7.3118343 11.3561821 19.3973160 -0.3684665 0.2778732 -0.1548011 0.8735305
1740546317.374927 7.3325253 11.3605280 19.4190559 -0.3666402 0.2784022 -0.1561639 0.8738879
1740546317.475704 7.3845720 11.3898563 19.4406376 -0.3616003 0.2766940 -0.1568062 0.8764117
1740546317.574448 7.4222770 11.4119139 19.4669342 -0.3578331 0.2756034 -0.1571042 0.8782462
1740546317.680928 7.4542632 11.4114923 19.4913025 -0.3556879 0.2745322 -0.1562663 0.8796017
1740546317.780094 7.4909906 11.4341717 19.5207748 -0.3513713 0.2741348 -0.1574739 0.8812436
1740546317.891884 7.5412006 11.4616566 19.5397148 -0.3471551 0.2717108 -0.1569253 0.8837596
1740546317.991893 7.5729256 11.4637527 19.5610161 -0.3438536 0.2681327 -0.1561333 0.8862799
1740546318.094934 7.5988255 11.4645262 19.5850163 -0.3395087 0.2670298 -0.1540230 0.8886539
1740546318.198043 7.6527548 11.4676123 19.6234589 -0.3346325 0.2634229 -0.1518364 0.8919502
1740546318.297208 7.7110949 11.4787579 19.6751041 -0.3308571 0.2630140 -0.1523406 0.8933921
1740546318.403840 7.7632084 11.4933758 19.7193165 -0.3264646 0.2609310 -0.1507289 0.8958887
1740546318.503691 7.8205614 11.5237579 19.7739029 -0.3230353 0.2605686 -0.1507836 0.8972271
1740546318.610657 7.8537426 11.5283680 19.7998924 -0.3189495 0.2590215 -0.1527694 0.8987995
1740546318.716227 7.8697662 11.5379934 19.8145638 -0.3135535 0.2590347 -0.1562262 0.9000993
1740546318.817781 7.8827329 11.5537519 19.8269577 -0.3066224 0.2582073 -0.1596000 0.9021305
1740546318.921946 7.9078178 11.5649567 19.8475323 -0.3002091 0.2573291 -0.1612365 0.9042450
1740546319.022271 7.9504995 11.5659876 19.8804474 -0.2963434 0.2541903 -0.1587309 0.9068475
1740546319.128947 7.9992628 11.5834827 19.9188881 -0.2879571 0.2512406 -0.1584403 0.9104151
1740546319.228811 8.0450563 11.6038485 19.9588318 -0.2796484 0.2485373 -0.1591333 0.9136206
1740546319.327613 8.1019516 11.6212606 20.0120163 -0.2740680 0.2464128 -0.1597926 0.9157695
1740546319.429060 8.1463127 11.6406851 20.0561295 -0.2670398 0.2451687 -0.1601847 0.9181083
1740546319.530394 8.1758986 11.6372595 20.0845032 -0.2628755 0.2431580 -0.1625033 0.9194365
1740546319.639288 8.2196798 11.6601019 20.1196270 -0.2534907 0.2401863 -0.1644753 0.9224971
1740546319.740041 8.2720671 11.6920290 20.1722183 -0.2454726 0.2389771 -0.1660488 0.9246950
1740546319.838680 8.3160543 11.7089128 20.2519112 -0.2397014 0.2386862 -0.1680836 0.9259158
1740546319.945048 8.3584566 11.7131014 20.3077583 -0.2330626 0.2376491 -0.1696844 0.9275839
1740546320.043567 8.4021559 11.7227974 20.3450680 -0.2252022 0.2341221 -0.1714696 0.9300908
1740546320.144454 8.4412470 11.7364035 20.4011879 -0.2186180 0.2327754 -0.1721864 0.9318657
1740546320.243173 8.4701214 11.7700119 20.4644318 -0.2106028 0.2336466 -0.1746570 0.9330330
1740546320.339579 8.5005865 11.7798653 20.5445309 -0.2055544 0.2336079 -0.1762556 0.9338676
1740546320.446366 8.5388336 11.7922411 20.6059170 -0.1985463 0.2337994 -0.1785299 0.9349033
1740546320.547886 8.5653982 11.8009186 20.6571274 -0.1939165 0.2337770 -0.1823002 0.9351531
1740546320.651921 8.5981798 11.8163691 20.7179260 -0.1868856 0.2358283 -0.1840832 0.9357201
1740546320.753629 8.6519566 11.8258181 20.7819614 -0.1812485 0.2349087 -0.1859008 0.9367005
1740546320.864454 8.6895056 11.8371944 20.8428688 -0.1746803 0.2355870 -0.1880792 0.9373429
1740546320.988124 8.7458887 11.8445930 20.9050407 -0.1689202 0.2350349 -0.1901379 0.9381216
1740546321.098519 8.7779322 11.8609695 20.9741573 -0.1627722 0.2376077 -0.1922316 0.9381337
1740546321.209791 8.7997189 11.8637123 21.0336494 -0.1572489 0.2398883 -0.1946343 0.9380000
1740546321.313797 8.8354864 11.8776426 21.1035404 -0.1508217 0.2418816 -0.1965615 0.9381416
1740546321.423344 8.8866959 11.8919754 21.1637878 -0.1450213 0.2421878 -0.1977083 0.9387360
1740546321.529911 8.9241381 11.9018545 21.2234173 -0.1387131 0.2438622 -0.1993344 0.9389120
1740546321.644148 8.9573193 11.9058466 21.2964058 -0.1345938 0.2463447 -0.2019056 0.9383139
1740546321.744581 8.9977283 11.9150801 21.3562164 -0.1294452 0.2498409 -0.2033742 0.9377967
1740546321.851409 9.0275917 11.9217253 21.4080563 -0.1248662 0.2535614 -0.2045566 0.9371615
1740546321.963241 9.0537043 11.9265060 21.4514561 -0.1198036 0.2570908 -0.2071331 0.9362944
1740546322.061610 9.0846701 11.9361782 21.5123444 -0.1147372 0.2619523 -0.2083682 0.9353069
1740546322.174155 9.1133242 11.9287062 21.5728092 -0.1126959 0.2655460 -0.2089936 0.9344018
1740546322.278601 9.1478939 11.9359989 21.6221008 -0.1084087 0.2678432 -0.2134032 0.9332560
1740546322.382159 9.1798744 11.9428396 21.6580238 -0.1025540 0.2688983 -0.2154371 0.9331470
1740546322.481052 9.2314005 11.9463921 21.7270679 -0.0983638 0.2723724 -0.2158967 0.9324841
1740546322.578929 9.2807951 11.9542561 21.7922840 -0.0938510 0.2760950 -0.2168086 0.9316424
1740546322.687839 9.3228197 11.9627619 21.8539886 -0.0896530 0.2798955 -0.2180702 0.9306268
1740546322.790355 9.3757763 11.9772387 21.9207191 -0.0845522 0.2829531 -0.2196257 0.9298134
1740546322.896540 9.4141073 11.9741268 21.9871101 -0.0806434 0.2869427 -0.2206580 0.9286930
1740546322.997883 9.4649439 11.9866896 22.0601826 -0.0757130 0.2898969 -0.2225383 0.9277413
1740546323.092439 9.5139084 11.9948788 22.1292877 -0.0718465 0.2931273 -0.2239487 0.9266939
1740546323.197016 9.5585918 12.0073967 22.1959152 -0.0672913 0.2963724 -0.2251642 0.9257086
1740546323.297191 9.6019135 12.0135422 22.2626305 -0.0638119 0.2993651 -0.2261880 0.9247420
1740546323.400436 9.6466465 12.0193176 22.3262157 -0.0589627 0.3030652 -0.2281601 0.9233731
1740546323.497212 9.6938686 12.0193539 22.3758965 -0.0552161 0.3058156 -0.2288060 0.9225377
1740546323.594447 9.7503109 11.9972944 22.4262657 -0.0541852 0.3070438 -0.2294840 0.9220223
1740546323.706807 9.8033466 11.9784346 22.5039940 -0.0526607 0.3097959 -0.2290497 0.9212978
1740546323.807311 9.8509388 11.9790955 22.5703411 -0.0503001 0.3120162 -0.2292765 0.9206238
1740546323.913554 9.8996258 11.9816170 22.6422367 -0.0480235 0.3155736 -0.2299655 0.9193601
1740546324.007955 9.9548006 11.9795456 22.7104950 -0.0455785 0.3179435 -0.2312926 0.9183345
1740546324.120303 10.0045986 11.9660301 22.7590370 -0.0438323 0.3183144 -0.2310312 0.9183568
1740546324.214431 10.0261765 11.9652538 22.8252087 -0.0426166 0.3211100 -0.2308737 0.9174800
1740546324.314803 10.0630951 12.0011396 22.9094315 -0.0399086 0.3246553 -0.2314074 0.9162188
1740546324.415645 10.0815954 12.0037794 22.9517021 -0.0380984 0.3266258 -0.2320702 0.9154275
1740546324.514795 10.1124954 12.0330582 23.0105934 -0.0348453 0.3284034 -0.2341637 0.9143875
1740546324.622449 10.1471205 12.0551109 23.0900002 -0.0330843 0.3316887 -0.2338625 0.9133435
1740546324.720397 10.1715755 12.0760937 23.1434937 -0.0301057 0.3334228 -0.2350034 0.9125220
1740546324.821897 10.2012348 12.0974159 23.2076950 -0.0281951 0.3370705 -0.2348419 0.9112836
1740546324.930670 10.2315454 12.1121483 23.2762604 -0.0265571 0.3398802 -0.2345726 0.9103581
1740546325.031269 10.2633305 12.1172600 23.3456593 -0.0248247 0.3407888 -0.2368869 0.9094676
1740546325.134486 10.3270559 12.0984211 23.4240952 -0.0244126 0.3420436 -0.2361283 0.9092050
1740546325.234939 10.3791561 12.0896540 23.4808426 -0.0235966 0.3416565 -0.2365665 0.9092581
1740546325.332875 10.4231367 12.0895443 23.5588913 -0.0234506 0.3426169 -0.2372018 0.9087349
1740546325.439142 10.4707193 12.0787315 23.6236095 -0.0227379 0.3433198 -0.2372636 0.9084716
1740546325.541596 10.5067873 12.0864410 23.6986942 -0.0217200 0.3450059 -0.2371936 0.9078758
1740546325.648828 10.5283947 12.1143827 23.7611923 -0.0195942 0.3480127 -0.2371022 0.9067997
1740546325.747628 10.5550003 12.1023092 23.7919350 -0.0194533 0.3480176 -0.2370941 0.9068030
1740546325.847548 10.5922194 12.0971708 23.8517723 -0.0188908 0.3480824 -0.2371954 0.9067636
1740546325.952204 10.6352215 12.0940542 23.9291344 -0.0188516 0.3484551 -0.2373471 0.9065815
1740546326.050846 10.6991253 12.0805588 23.9924240 -0.0185503 0.3473958 -0.2374179 0.9069756
1740546326.152925 10.7508202 12.0728827 24.0673599 -0.0186427 0.3476838 -0.2375291 0.9068342
1740546326.253043 10.8044243 12.0582762 24.1329441 -0.0189699 0.3470769 -0.2369658 0.9072073
1740546326.351131 10.8560505 12.0507765 24.2093887 -0.0190815 0.3473903 -0.2368386 0.9071181
1740546326.455802 10.9109516 12.0399704 24.2791920 -0.0192809 0.3467203 -0.2369738 0.9073349
1740546326.555777 10.9648619 12.0168896 24.3451004 -0.0201666 0.3465061 -0.2367588 0.9074537
1740546326.671319 11.0227890 12.0124350 24.4204597 -0.0202499 0.3459221 -0.2371465 0.9075734
1740546326.777038 11.0794125 11.9902039 24.4876518 -0.0211424 0.3455819 -0.2368791 0.9077525
1740546326.893324 11.1365032 11.9650860 24.5493240 -0.0221360 0.3452531 -0.2366854 0.9079044
1740546326.998319 11.1974258 11.9619122 24.6144104 -0.0223075 0.3445754 -0.2369553 0.9080872
1740546327.095767 11.2573776 11.9607544 24.6822948 -0.0223989 0.3439493 -0.2369375 0.9083269
1740546327.203228 11.3104095 11.9499407 24.7550201 -0.0234352 0.3439272 -0.2363494 0.9084623
1740546327.303197 11.3715744 11.9364834 24.8226776 -0.0242888 0.3431598 -0.2361980 0.9087695
1740546327.408745 11.4199181 11.9194860 24.8922424 -0.0251630 0.3424570 -0.2361251 0.9090297
1740546327.510987 11.4717588 11.9164419 24.9669933 -0.0254808 0.3418124 -0.2357273 0.9093666
1740546327.610141 11.5203438 11.9114056 25.0456734 -0.0260059 0.3409893 -0.2356280 0.9096864
1740546327.822711 11.6258087 11.9024687 25.1902733 -0.0273106 0.3397237 -0.2353069 0.9102047
1740546327.931982 11.6815014 11.8906288 25.2598171 -0.0284303 0.3387568 -0.2356896 0.9104317
1740546328.030261 11.7403946 11.8842735 25.3263702 -0.0291332 0.3382256 -0.2354099 0.9106794
1740546328.248146 11.8605881 11.8600245 25.4603806 -0.0305854 0.3356728 -0.2348284 0.9117258
1740546328.346102 11.9143085 11.8413668 25.5321884 -0.0317914 0.3345341 -0.2346614 0.9121460
1740546328.456149 11.9839439 11.8364277 25.5904522 -0.0322182 0.3322883 -0.2348775 0.9128960
1740546328.560466 12.0360699 11.8233681 25.6604118 -0.0335572 0.3309509 -0.2342772 0.9134876
1740546328.672360 12.0866680 11.8143225 25.7355709 -0.0348488 0.3292689 -0.2342387 0.9140568
1740546328.781095 12.1423941 11.8035526 25.8037682 -0.0362837 0.3265781 -0.2339180 0.9150479
1740546328.892578 12.1961842 11.7932825 25.8724804 -0.0375792 0.3237229 -0.2332405 0.9161824
1740546329.099433 12.3007154 11.7897243 26.0171070 -0.0409094 0.3178314 -0.2325602 0.9182730
1740546329.207208 12.3486824 11.7789373 26.0934849 -0.0433590 0.3147978 -0.2316687 0.9194303
1740546329.425113 12.4606504 11.7762928 26.2379704 -0.0476010 0.3061140 -0.2307384 0.9223818
1740546329.529386 12.5084801 11.7647457 26.3143177 -0.0503796 0.3017707 -0.2302760 0.9237800
1740546329.643408 12.5616398 11.7631779 26.3844414 -0.0532558 0.2969500 -0.2292214 0.9254416
1740546329.746773 12.5948954 11.7634201 26.4590797 -0.0565962 0.2930214 -0.2284268 0.9266912
1740546329.957111 12.6864758 11.7648621 26.6236629 -0.0639453 0.2815003 -0.2259504 0.9303844
1740546330.062140 12.7281303 11.7761402 26.7010670 -0.0675174 0.2754819 -0.2253522 0.9320771
1740546330.177427 12.7615118 11.7769356 26.7854996 -0.0722089 0.2698609 -0.2242678 0.9336300
1740546330.282394 12.8035431 11.7756844 26.8680477 -0.0772213 0.2641856 -0.2227522 0.9352135
1740546330.395327 12.8287153 11.7930861 26.9518719 -0.0816445 0.2600043 -0.2214088 0.9363280
1740546330.497236 12.8715401 11.8025093 27.0340843 -0.0870164 0.2545865 -0.2197277 0.9377279
1740546330.599385 12.9140530 11.8108616 27.1118393 -0.0923135 0.2489630 -0.2180080 0.9391316
1740546330.708468 12.9528618 11.8315325 27.1909943 -0.0978150 0.2443306 -0.2162917 0.9401876
1740546330.816293 12.9894762 11.8465834 27.2641983 -0.1034082 0.2397128 -0.2148470 0.9411086
1740546330.932476 13.0362158 11.8634377 27.3374043 -0.1095450 0.2345130 -0.2131520 0.9421092
1740546331.036382 13.0816765 11.8861599 27.4160156 -0.1162399 0.2300497 -0.2110651 0.9428770
1740546331.150067 13.1209211 11.9094734 27.4956055 -0.1226502 0.2263610 -0.2087178 0.9434800
1740546331.251310 13.1554413 11.9278631 27.5802841 -0.1298700 0.2227241 -0.2072229 0.9437089
1740546331.353719 13.1946144 11.9355612 27.6585445 -0.1374168 0.2193582 -0.2055603 0.9437922
1740546331.463125 13.2410736 11.9531708 27.7295666 -0.1443215 0.2152803 -0.2029141 0.9442730
1740546331.564664 13.2710342 11.9817543 27.8107681 -0.1517555 0.2128376 -0.2006614 0.9441427
1740546331.678190 13.3127632 12.0081863 27.8838196 -0.1595373 0.2099702 -0.1985237 0.9439538
1740546331.782354 13.3572617 12.0318480 27.9590797 -0.1674255 0.2070396 -0.1965476 0.9436485
1740546331.898949 13.3920107 12.0639296 28.0365562 -0.1756365 0.2054680 -0.1938661 0.9430540
1740546332.000866 13.4354725 12.0841885 28.1142120 -0.1845412 0.2033211 -0.1919462 0.9422111
1740546332.105914 13.4703312 12.1132240 28.1902637 -0.1934291 0.2019781 -0.1895730 0.9411972
1740546332.216794 13.5067358 12.1516333 28.2647266 -0.2027136 0.2008392 -0.1868019 0.9400403
1740546332.319906 13.5520878 12.1837893 28.3315506 -0.2124568 0.1988524 -0.1842072 0.9388224
1740546332.432240 13.5749512 12.2303066 28.4065189 -0.2225433 0.1986011 -0.1819820 0.9369711
1740546332.533680 13.6082468 12.2709217 28.4794769 -0.2336144 0.1979077 -0.1793439 0.9349293
1740546332.646469 13.6543770 12.3139305 28.5439396 -0.2442164 0.1963374 -0.1760676 0.9331722
1740546332.749570 13.6933708 12.3498621 28.6185551 -0.2562497 0.1954621 -0.1731119 0.9306787
1740546332.859926 13.7397127 12.3959160 28.6837616 -0.2678629 0.1945066 -0.1698783 0.9282015
1740546332.978753 13.7871637 12.4358187 28.7510281 -0.2801051 0.1930387 -0.1667609 0.9254556
1740546333.081925 13.8354540 12.4698658 28.8214836 -0.2929435 0.1919786 -0.1635017 0.9222773
1740546333.189198 13.8796825 12.5123291 28.8900795 -0.3062879 0.1907814 -0.1599313 0.9188102
1740546333.290543 13.9361000 12.5534811 28.9423923 -0.3199073 0.1885302 -0.1558485 0.9153289
1740546333.401116 13.9796820 12.6035528 29.0005951 -0.3338629 0.1864692 -0.1517424 0.9114489
1740546333.599274 14.0545359 12.7321997 29.1093349 -0.3608724 0.1814524 -0.1436324 0.9034467
1740546333.807914 14.1157265 12.8858232 29.1773319 -0.3889456 0.1764493 -0.1346541 0.8941226
1740546334.015859 14.1747589 13.0476532 29.2347698 -0.4149858 0.1695833 -0.1254405 0.8850384
1740546334.220593 14.2207375 13.2096987 29.2993164 -0.4390728 0.1627499 -0.1164936 0.8758749
1740546334.623906 14.2982597 13.5402222 29.4321270 -0.4781450 0.1495978 -0.1001189 0.8596360
1740546334.935636 14.3658905 13.7855473 29.5305595 -0.4973050 0.1412107 -0.0911886 0.8511357
1740546335.345378 14.4796276 14.1017551 29.6703758 -0.5089911 0.1325585 -0.0838394 0.8463612
1740546335.753191 14.6040020 14.4019775 29.8348083 -0.5074468 0.1258185 -0.0799154 0.8486937
1740546335.955473 14.6555910 14.5484924 29.9262657 -0.5030419 0.1226929 -0.0791479 0.8518398
1740546336.358187 14.7691078 14.8344946 30.1203041 -0.4894357 0.1149126 -0.0772195 0.8609791
1740546336.865299 14.8860207 15.1957493 30.3749847 -0.4673335 0.1015196 -0.0733105 0.8751678
1740546337.483884 14.9633865 15.6308842 30.6951408 -0.4377895 0.0806811 -0.0665172 0.8929762
1740546337.998703 15.0139999 15.9610767 31.0013199 -0.4126839 0.0636764 -0.0616558 0.9065517
1740546338.628865 15.1060762 16.3004303 31.4305172 -0.3828156 0.0442133 -0.0554611 0.9210980
1740546339.141975 15.1099815 16.6080914 31.7666683 -0.3626932 0.0283214 -0.0495900 0.9301572
1740546339.552084 15.1452198 16.8529606 32.0353165 -0.3503084 0.0135749 -0.0447618 0.9354657
1740546339.966808 15.1644602 17.0638103 32.3349037 -0.3418982 -0.0027449 -0.0388757 0.9389285
1740546340.275922 15.1505442 17.2164783 32.5615044 -0.3376906 -0.0159642 -0.0339228 0.9405102
1740546340.695292 15.0793543 17.4406643 32.8380394 -0.3349096 -0.0345044 -0.0279101 0.9412046
1740546341.019227 15.0437202 17.6226959 33.0390854 -0.3341722 -0.0473944 -0.0232393 0.9410328
1740546341.437242 15.0391846 17.8616505 33.3229866 -0.3355018 -0.0665493 -0.0160354 0.9395491
1740546341.750367 14.9849443 18.0268078 33.5370560 -0.3380640 -0.0789417 -0.0120921 0.9377285
1740546342.162800 14.8782768 18.2570076 33.8000984 -0.3416283 -0.0947366 -0.0060392 0.9350287
1740546342.574234 14.8060169 18.4786568 34.0842514 -0.3479387 -0.1090347 -0.0013223 0.9311544
1740546342.888886 14.7481756 18.6713715 34.2708664 -0.3531587 -0.1172740 0.0007041 0.9281839
1740546343.216141 14.6596775 18.8557129 34.4487495 -0.3580448 -0.1241814 0.0034662 0.9254031
1740546343.535776 14.6067848 19.0479012 34.6430511 -0.3623250 -0.1283338 0.0045036 0.9231635
1740546343.847955 14.5274162 19.2458134 34.8122482 -0.3644179 -0.1308920 0.0051138 0.9219766
1740546344.153283 14.4361820 19.4381008 34.9828644 -0.3628553 -0.1312669 0.0057298 0.9225358
1740546344.466604 14.3683004 19.6214046 35.1712837 -0.3571357 -0.1304742 0.0060599 0.9248750
1740546344.777684 14.3199711 19.8104172 35.3628159 -0.3469950 -0.1290908 0.0068872 0.9289148
1740546345.087118 14.2882481 19.9944420 35.5677109 -0.3333477 -0.1287458 0.0089193 0.9339295
1740546345.398164 14.2419405 20.0860176 35.8203087 -0.3166710 -0.1302335 0.0120430 0.9394752
1740546345.713809 14.1573162 20.2199192 36.0416565 -0.2983862 -0.1340387 0.0161742 0.9448480
1740546346.019090 14.0787182 20.3571644 36.2666855 -0.2802953 -0.1402836 0.0205352 0.9493858
1740546346.322788 13.9788074 20.4817257 36.4899139 -0.2637186 -0.1474618 0.0248023 0.9529389
1740546346.628227 13.8592501 20.5864258 36.7075272 -0.2482907 -0.1555119 0.0301965 0.9556442
1740546347.034740 13.7279510 20.7413616 37.0126343 -0.2309693 -0.1615993 0.0338796 0.9588488
1740546347.445515 13.6057472 20.8699112 37.3346291 -0.2164120 -0.1633672 0.0374288 0.9618088
1740546347.750802 13.4876785 20.9668865 37.5651207 -0.2066167 -0.1595977 0.0384459 0.9645517
1740546348.153094 13.4198561 21.0915699 37.8964996 -0.1944886 -0.1531774 0.0399330 0.9680476
1740546348.461348 13.3507710 21.1866550 38.1408539 -0.1862571 -0.1463751 0.0402515 0.9707021
1740546348.768796 13.2615137 21.2824688 38.3840675 -0.1788604 -0.1397499 0.0401153 0.9730724
1740546349.182327 13.1843071 21.3760281 38.7253265 -0.1708602 -0.1325471 0.0405359 0.9754972
1740546349.495059 13.1176052 21.4364471 38.9796524 -0.1664774 -0.1284794 0.0401289 0.9768152
1740546349.894869 13.0115299 21.5523911 39.3092270 -0.1623535 -0.1255614 0.0401279 0.9778883
1740546350.199061 12.9515829 21.6637878 39.5562782 -0.1595003 -0.1240785 0.0405535 0.9785293
1740546350.503445 12.8811302 21.7264767 39.8007469 -0.1566396 -0.1235350 0.0406988 0.9790540
1740546350.901423 12.7868776 21.8515759 40.1286049 -0.1524906 -0.1225751 0.0414214 0.9797991
1740546351.319007 12.6940975 21.9459267 40.4619102 -0.1462384 -0.1217607 0.0422527 0.9808177
1740546351.729527 12.6024332 22.0099640 40.8073845 -0.1395102 -0.1202851 0.0430067 0.9819465
1740546352.037605 12.5517616 22.0864201 41.0626526 -0.1344224 -0.1187026 0.0436895 0.9828182
1740546352.343125 12.4683542 22.1408463 41.3134766 -0.1296092 -0.1175915 0.0441169 0.9835789
1740546352.648782 12.4121323 22.1956959 41.5730171 -0.1253109 -0.1171972 0.0442414 0.9841772
1740546352.965721 12.3481512 22.2597847 41.8295708 -0.1217461 -0.1155100 0.0449243 0.9847929
1740546353.279358 12.2823639 22.3371487 42.0788498 -0.1171890 -0.1141333 0.0459295 0.9854597
1740546353.599610 12.2255402 22.4025307 42.3317146 -0.1118578 -0.1138237 0.0464972 0.9860882
1740546353.812505 12.1727190 22.4528580 42.4977989 -0.1063226 -0.1132603 0.0473837 0.9867231
1740546354.128372 12.1320753 22.4940968 42.7601280 -0.0960688 -0.1134663 0.0485810 0.9876924
1740546354.464428 12.0457525 22.5225315 43.0097733 -0.0835649 -0.1139877 0.0502353 0.9886860
1740546354.784088 11.9560318 22.5624256 43.2622833 -0.0687003 -0.1152183 0.0524777 0.9895712
1740546355.102335 11.9364414 22.5675697 43.5283279 -0.0527235 -0.1172377 0.0548021 0.9901881
1740546355.326843 11.8994665 22.5409107 43.7010384 -0.0424247 -0.1185716 0.0560700 0.9904529
1740546355.671903 11.8234959 22.5079098 43.9460983 -0.0283559 -0.1201738 0.0585511 0.9906190
1740546355.884571 11.7628260 22.5093460 44.1124611 -0.0202825 -0.1227636 0.0598016 0.9904249
1740546356.101846 11.7280588 22.5282192 44.2860832 -0.0136045 -0.1264827 0.0608742 0.9900057
1740546356.314290 11.6806431 22.5443916 44.4570274 -0.0084481 -0.1292512 0.0611132 0.9896908
1740546356.529849 11.6452208 22.5260353 44.6308060 -0.0044474 -0.1332790 0.0619236 0.9891321
1740546356.739634 11.5867405 22.5022373 44.8000832 -0.0015558 -0.1378857 0.0623096 0.9884850
1740546357.040171 11.5051460 22.4806137 45.0492516 0.0008435 -0.1444071 0.0625104 0.9875416
1740546357.245194 11.4566460 22.4740067 45.2192802 0.0006592 -0.1500389 0.0628634 0.9866793
1740546357.554973 11.3615513 22.4867058 45.4591255 0.0010235 -0.1594699 0.0632047 0.9851769
1740546357.757614 11.3010035 22.4871597 45.6222801 0.0006679 -0.1656286 0.0627472 0.9841897
1740546357.948353 11.2430038 22.4844398 45.7876434 -0.0001403 -0.1728377 0.0623795 0.9829730
1740546358.150280 11.1829519 22.4758625 45.9475098 -0.0014892 -0.1795663 0.0628173 0.9817371
1740546358.346665 11.1013222 22.4670715 46.1038933 -0.0033243 -0.1880894 0.0624810 0.9801568
1740546358.543935 11.0349503 22.4649086 46.2612457 -0.0041265 -0.1964800 0.0618925 0.9785438
1740546358.746557 10.9627037 22.4613113 46.4182243 -0.0051449 -0.2047894 0.0609757 0.9768914
1740546358.944126 10.8866787 22.4572411 46.5709152 -0.0067574 -0.2143366 0.0612752 0.9748126
1740546359.140606 10.7999334 22.4520931 46.7203140 -0.0085672 -0.2234222 0.0605713 0.9728003
1740546359.346980 10.7186403 22.4428425 46.8722153 -0.0108879 -0.2336508 0.0606032 0.9703690
1740546359.551942 10.6229286 22.4393635 47.0154839 -0.0134657 -0.2430726 0.0600379 0.9680547
1740546359.753383 10.5288925 22.4351730 47.1574440 -0.0172672 -0.2536066 0.0594989 0.9653215
1740546359.947320 10.4340153 22.4336472 47.2994766 -0.0210062 -0.2634067 0.0592026 0.9626374
1740546360.154420 10.3447227 22.4432430 47.4478989 -0.0244691 -0.2728218 0.0582829 0.9599857
1740546360.358572 10.2478790 22.4535027 47.5807762 -0.0290976 -0.2829256 0.0575801 0.9569697
1740546360.558474 10.1556854 22.4533253 47.7303467 -0.0346466 -0.2932226 0.0556169 0.9537960
1740546360.759021 10.0873737 22.4671497 47.8121109 -0.0388169 -0.3029354 0.0543612 0.9506673
1740546360.949324 10.0381927 22.4914570 47.8800774 -0.0439203 -0.3117361 0.0574677 0.9474118
1740546361.057513 10.0094700 22.4814949 47.9143143 -0.0483316 -0.3159885 0.0573155 0.9457961
1740546361.153641 9.9905691 22.4826717 47.9398308 -0.0519005 -0.3203514 0.0574022 0.9441326
1740546361.254468 9.9757938 22.4855900 47.9693031 -0.0562369 -0.3268517 0.0577560 0.9416314
1740546361.351560 9.9501638 22.4739418 47.9951324 -0.0640046 -0.3308306 0.0579175 0.9397340
1740546361.451056 9.9335203 22.4689198 48.0376854 -0.0667812 -0.3368151 0.0564672 0.9375006
1740546361.561478 9.9195318 22.4576473 48.0405235 -0.0742163 -0.3387159 0.0602177 0.9360221
1740546361.659109 9.9183722 22.4383011 48.0500336 -0.0812622 -0.3425564 0.0599478 0.9340545
1740546361.762978 9.9008284 22.4446621 48.0827332 -0.0844600 -0.3473820 0.0627005 0.9318052
1740546361.859425 9.8764133 22.4659538 48.1127548 -0.0819908 -0.3520834 0.0594569 0.9304728
1740546361.962174 9.8539724 22.4735355 48.1246262 -0.0849306 -0.3555244 0.0604992 0.9288321
1740546362.067006 9.8344059 22.4889870 48.1389122 -0.0839013 -0.3594798 0.0589434 0.9275023
1740546362.164565 9.8283920 22.4782124 48.1397400 -0.0901364 -0.3623880 0.0615422 0.9256149
1740546362.271343 9.8077631 22.4691925 48.1583481 -0.0953141 -0.3661826 0.0619334 0.9235744
1740546362.366040 9.7918501 22.4877872 48.1893387 -0.0951880 -0.3708788 0.0622276 0.9216919
1740546362.482375 9.7824440 22.4890652 48.1946793 -0.1003048 -0.3732826 0.0658345 0.9199266
1740546362.576940 9.7643843 22.4606647 48.2061539 -0.1078883 -0.3754551 0.0649295 0.9182471
1740546362.675109 9.7550716 22.4320030 48.2198372 -0.1163834 -0.3781142 0.0655392 0.9160727
1740546362.786061 9.7468901 22.4114761 48.2360840 -0.1253632 -0.3816936 0.0675670 0.9132518
1740546362.881250 9.7388573 22.4041882 48.2548447 -0.1322647 -0.3861261 0.0683141 0.9103548
1740546362.986651 9.7300596 22.3865566 48.2833939 -0.1400644 -0.3915527 0.0686355 0.9068394
1740546363.081605 9.7211380 22.3865070 48.2974091 -0.1438039 -0.3951449 0.0698822 0.9045979
1740546363.179531 9.7177668 22.3847294 48.3196411 -0.1500073 -0.4017919 0.0722762 0.9004650
1740546363.281672 9.7039013 22.3912354 48.3170242 -0.1515410 -0.4031611 0.0706449 0.8997254
1740546363.379669 9.6860104 22.3696575 48.3181190 -0.1591412 -0.4033225 0.0707662 0.8983302
1740546363.493501 9.6850386 22.3702202 48.3234062 -0.1641245 -0.4060163 0.0740881 0.8959491
1740546363.591164 9.6797142 22.3752174 48.3291397 -0.1685957 -0.4078207 0.0779636 0.8939684
1740546363.692310 9.6608276 22.3810863 48.3459320 -0.1714600 -0.4093323 0.0772760 0.8927917
1740546363.796933 9.6326866 22.4066067 48.3555298 -0.1680852 -0.4099952 0.0797440 0.8929122
1740546363.893649 9.6223202 22.3788166 48.3734283 -0.1770469 -0.4117892 0.0793174 0.8903891
1740546363.994941 9.6220703 22.3778400 48.3848228 -0.1825181 -0.4154982 0.0819635 0.8873164
1740546364.094359 9.6175594 22.3827553 48.3876610 -0.1841817 -0.4163748 0.0814977 0.8866044
1740546364.193516 9.6054554 22.3892231 48.3954048 -0.1846928 -0.4192699 0.0759523 0.8856255
1740546364.297960 9.5891743 22.4016018 48.4047241 -0.1856650 -0.4202756 0.0732159 0.8851759
1740546364.398603 9.5740013 22.4101295 48.4179382 -0.1880885 -0.4229648 0.0780754 0.8829653
1740546364.509817 9.5612068 22.4190292 48.4306030 -0.1894927 -0.4239010 0.0753573 0.8824521
1740546364.611457 9.5312862 22.4452305 48.4484787 -0.1871582 -0.4236485 0.0739773 0.8831881
1740546364.708804 9.5037479 22.4669170 48.4641876 -0.1858457 -0.4251875 0.0715539 0.8829253
1740546364.811750 9.4845924 22.4814510 48.4747353 -0.1870815 -0.4250477 0.0734299 0.8825775
1740546364.908655 9.4795551 22.4850330 48.4769363 -0.1889704 -0.4245413 0.0704793 0.8826593
1740546365.015586 9.4753189 22.4886570 48.4796181 -0.1937451 -0.4244257 0.0757670 0.8812407
1740546365.115155 9.4691296 22.4929428 48.4826050 -0.1963047 -0.4245526 0.0763948 0.8805586
1740546365.213359 9.4485188 22.4863396 48.4826202 -0.2010142 -0.4249522 0.0766359 0.8792814
1740546365.317832 9.4430580 22.4834480 48.4751892 -0.2031974 -0.4224958 0.0729961 0.8802725
1740546365.416367 9.4342632 22.4445171 48.4975777 -0.2108290 -0.4213493 0.0677912 0.8794432
1740546365.526418 9.4105549 22.4110336 48.5107956 -0.2199153 -0.4196850 0.0660000 0.8781490
1740546365.628722 9.3681622 22.3770180 48.5033340 -0.2306236 -0.4137886 0.0620685 0.8784869
1740546365.743582 9.3296185 22.3501205 48.5223961 -0.2407157 -0.4125936 0.0595838 0.8765114
1740546365.843155 9.2767162 22.3764191 48.5864410 -0.2443307 -0.4172859 0.0572019 0.8734432
1740546365.941615 9.2113438 22.3895264 48.6186066 -0.2525754 -0.4146427 0.0542546 0.8725443
1740546366.053306 9.1547985 22.4432106 48.6336975 -0.2479786 -0.4125765 0.0556736 0.8747501
1740546366.166718 9.0999565 22.4666138 48.6591187 -0.2514155 -0.4101225 0.0573643 0.8748138
1740546366.271630 9.0553513 22.4754772 48.6871910 -0.2568030 -0.4095333 0.0555689 0.8736399
1740546366.367122 9.0097637 22.4829102 48.7194481 -0.2600768 -0.4090668 0.0538376 0.8729983
1740546366.465455 8.9667282 22.4707413 48.7517929 -0.2676569 -0.4073683 0.0521147 0.8716048
1740546366.574580 8.9188023 22.4521904 48.7595177 -0.2721703 -0.4022447 0.0476641 0.8728406
1740546366.670384 8.8610649 22.4925232 48.8048706 -0.2733918 -0.4026649 0.0467946 0.8723119
1740546366.777789 8.8018112 22.5397415 48.8560753 -0.2755154 -0.4029709 0.0450059 0.8715963
1740546366.874647 8.7334232 22.5711174 48.8988342 -0.2796920 -0.3998601 0.0425214 0.8718236
1740546366.972917 8.6707211 22.6200981 48.9428482 -0.2812573 -0.3990099 0.0426767 0.8717018
1740546367.075704 8.6027946 22.6592178 48.9842987 -0.2828259 -0.3964190 0.0388700 0.8725541
1740546367.175537 8.5464973 22.7098236 49.0375595 -0.2848721 -0.3968228 0.0379626 0.8717445
1740546367.275986 8.4852066 22.7451134 49.0818481 -0.2873552 -0.3956619 0.0351318 0.8715758
1740546367.376254 8.4242992 22.7880058 49.1100388 -0.2895688 -0.3931015 0.0337927 0.8720546
1740546367.476847 8.3875790 22.8164501 49.1485329 -0.2893545 -0.3940632 0.0306242 0.8718087
1740546367.581545 8.3516741 22.7947102 49.1627998 -0.2963543 -0.3889677 0.0256800 0.8719053
1740546367.682647 8.3192110 22.7723999 49.1842384 -0.3042958 -0.3848569 0.0206393 0.8711276
1740546367.792412 8.2884998 22.7524452 49.2159691 -0.3116984 -0.3820244 0.0141082 0.8698865
1740546367.888282 8.2773314 22.7404861 49.2272453 -0.3171830 -0.3794564 0.0086311 0.8690991
1740546368.002839 8.2317114 22.7188034 49.2215042 -0.3259826 -0.3687108 0.0049881 0.8704957
1740546368.097883 8.1996746 22.6927452 49.2317009 -0.3344268 -0.3617275 -0.0004298 0.8702366
1740546368.196057 8.1437426 22.6845112 49.2103348 -0.3404505 -0.3493480 -0.0033072 0.8729482
1740546368.307286 8.0999069 22.6354179 49.2392960 -0.3537973 -0.3413503 -0.0117219 0.8707297
1740546368.401243 8.0609980 22.6072235 49.2531662 -0.3624510 -0.3341481 -0.0199323 0.8698143
1740546368.507242 8.0342035 22.5861778 49.2822723 -0.3715289 -0.3302999 -0.0271681 0.8672544
1740546368.602648 8.0196714 22.5624065 49.3045654 -0.3794661 -0.3270569 -0.0331894 0.8648340
1740546368.700039 7.9721556 22.5397396 49.3144608 -0.3879814 -0.3170273 -0.0405723 0.8644756
1740546368.808507 7.9450645 22.5160370 49.3456192 -0.3967354 -0.3132699 -0.0487052 0.8614470
1740546368.905254 7.9460516 22.5290337 49.3522911 -0.3994231 -0.3103263 -0.0510463 0.8611348
1740546369.009585 7.9305525 22.5010738 49.3935013 -0.4092565 -0.3066392 -0.0573800 0.8574317
1740546369.106108 7.9081726 22.4748764 49.3792038 -0.4101080 -0.3036066 -0.0661198 0.8574746
1740546369.201540 7.9008436 22.4712963 49.3940887 -0.4155411 -0.2994467 -0.0699375 0.8560175
1740546369.309485 7.8962603 22.4753418 49.3965187 -0.4200906 -0.2924079 -0.0715482 0.8560972
1740546369.405634 7.9498320 22.4965458 49.4252396 -0.4212836 -0.2977138 -0.0691245 0.8538784
1740546369.608071 7.9116077 22.5125008 49.4027405 -0.4257382 -0.2848194 -0.0777136 0.8553277
1740546369.708132 7.9517374 22.5199127 49.4189644 -0.4267236 -0.2872534 -0.0769599 0.8540899
1740546369.810009 7.9855146 22.5505981 49.4025955 -0.4222872 -0.2898642 -0.0769527 0.8554125
1740546369.910000 7.9980574 22.5385513 49.4324608 -0.4276868 -0.2896657 -0.0788907 0.8526161
1740546370.011000 8.0188990 22.5619278 49.4094772 -0.4248735 -0.2870525 -0.0788302 0.8549088
1740546370.110857 8.0452232 22.5868702 49.4124222 -0.4228067 -0.2906056 -0.0795844 0.8546633
1740546370.207863 8.0586758 22.5872860 49.4265976 -0.4254006 -0.2907455 -0.0812284 0.8531725
1740546370.311503 8.0817852 22.5632534 49.4436264 -0.4281188 -0.2913663 -0.0823720 0.8514898
1740546370.407719 8.1033678 22.5802212 49.4419327 -0.4263279 -0.2937265 -0.0836472 0.8514531
1740546370.510016 8.1130867 22.5757771 49.4687157 -0.4307482 -0.2942034 -0.0850700 0.8489190
1740546370.608665 8.1478233 22.5874481 49.4740829 -0.4309475 -0.2969263 -0.0835123 0.8480241
1740546370.708113 8.1774807 22.6091251 49.4694672 -0.4288687 -0.3001555 -0.0824590 0.8480442
1740546370.814272 8.1919127 22.6208668 49.4718094 -0.4294292 -0.2998946 -0.0813238 0.8479624
1740546370.913925 8.2625370 22.6601772 49.4912491 -0.4258063 -0.3109408 -0.0770242 0.8462104
1740546371.027256 8.2471113 22.6614838 49.4817963 -0.4270113 -0.3094154 -0.0823005 0.8456655
1740546371.125959 8.2650681 22.6644573 49.5200462 -0.4316746 -0.3118969 -0.0796995 0.8426300
1740546371.222784 8.2963524 22.6918488 49.5150452 -0.4274766 -0.3164302 -0.0790495 0.8431411
1740546371.337238 8.3285551 22.7029381 49.5305176 -0.4283527 -0.3212782 -0.0750050 0.8412304
1740546371.435959 8.3584986 22.7397995 49.5261307 -0.4235154 -0.3260363 -0.0751174 0.8418387
1740546371.545514 8.3933115 22.7724838 49.5046387 -0.4171322 -0.3308837 -0.0724738 0.8433648
1740546371.653790 8.4050570 22.7923317 49.4941330 -0.4130928 -0.3332964 -0.0739921 0.8442707
1740546371.762997 8.4614630 22.8589363 49.4778061 -0.4024644 -0.3414232 -0.0697787 0.8465126
1740546371.871912 8.4742880 22.8600159 49.4980011 -0.4049632 -0.3440073 -0.0696464 0.8442826
1740546371.973086 8.5012932 22.8817425 49.5239410 -0.4044267 -0.3503765 -0.0675168 0.8420907
1740546372.091240 8.5154209 22.8976021 49.5244255 -0.4030532 -0.3519498 -0.0660556 0.8422091
1740546372.189130 8.5240870 22.9290066 49.5220261 -0.3998780 -0.3527738 -0.0620708 0.8436797
1740546372.293835 8.5509338 22.9443855 49.5270538 -0.3971789 -0.3594826 -0.0602691 0.8422523
1740546372.392339 8.5556097 22.9746037 49.5115700 -0.3923361 -0.3596143 -0.0609084 0.8444171
1740546372.501138 8.5681705 23.0071106 49.5030060 -0.3889323 -0.3612458 -0.0553425 0.8456775
1740546372.604202 8.5800724 23.0131340 49.5287323 -0.3885713 -0.3648977 -0.0538382 0.8443717
1740546372.703774 8.5965366 23.0322819 49.5513916 -0.3863111 -0.3712744 -0.0521724 0.8427320
1740546372.811463 8.6167326 23.0644569 49.5412750 -0.3818939 -0.3736959 -0.0461471 0.8440254
1740546372.910020 8.6294107 23.0750160 49.5595474 -0.3818821 -0.3778286 -0.0430762 0.8423515
1740546373.011341 8.6267023 23.0947933 49.5888596 -0.3829521 -0.3801415 -0.0401768 0.8409674
1740546373.111140 8.6548691 23.1321297 49.5791664 -0.3756951 -0.3876092 -0.0362453 0.8410105
1740546373.208760 8.6344528 23.1155167 49.5751610 -0.3772504 -0.3857194 -0.0366774 0.8411644
1740546373.413708 8.6578941 23.1450634 49.6039505 -0.3757329 -0.3922724 -0.0254072 0.8392268
1740546373.625195 8.7294540 23.2782154 49.5875244 -0.3544325 -0.4082827 -0.0080266 0.8412006
1740546373.726356 8.7189312 23.2906513 49.6200485 -0.3542010 -0.4151777 -0.0097386 0.8378987
1740546373.842180 8.7360134 23.3200836 49.6418114 -0.3533169 -0.4176595 0.0000036 0.8370948
1740546373.944644 8.7871799 23.3725433 49.6615372 -0.3441797 -0.4292634 0.0080870 0.8349897
1740546374.046759 8.8028545 23.3841782 49.6756020 -0.3414496 -0.4343760 0.0114130 0.8334264
1740546374.146312 8.8156242 23.4287872 49.6410065 -0.3318378 -0.4345056 0.0153759 0.8371692
1740546374.255399 8.8199768 23.4655647 49.6269226 -0.3217254 -0.4397303 0.0150876 0.8383927
1740546374.354750 8.8013229 23.4838142 49.6184883 -0.3167804 -0.4434398 0.0103249 0.8383942
1740546374.559224 8.8075523 23.5152283 49.6349716 -0.3118083 -0.4539761 0.0145760 0.8345470
1740546374.763299 8.7670650 23.5194893 49.6446838 -0.3144847 -0.4528266 0.0181914 0.8340963
1740546375.075752 8.7719975 23.5661526 49.6768837 -0.3068994 -0.4640343 0.0298907 0.8304165
1740546375.174425 8.7864380 23.5903091 49.7096748 -0.3074744 -0.4694490 0.0391765 0.8267663
1740546375.278986 8.7906284 23.6106644 49.7066727 -0.3049484 -0.4722271 0.0449129 0.8258274
1740546375.379918 8.7961502 23.6492004 49.6713448 -0.2956641 -0.4745440 0.0483180 0.8276812
1740546375.799066 8.8260708 23.7681885 49.7082748 -0.2739992 -0.4966001 0.0573271 0.8215999
1740546375.901196 8.8503475 23.7457199 49.7544174 -0.2779877 -0.5057009 0.0620034 0.8143373
1740546376.218098 8.8328629 23.7920074 49.7525940 -0.2743168 -0.5101560 0.0713211 0.8120372
1740546376.326486 8.8320408 23.7977524 49.7814865 -0.2748178 -0.5153744 0.0726604 0.8084460
1740546376.427689 8.7971058 23.8164253 49.7297287 -0.2651239 -0.5099831 0.0673945 0.8155271
1740546376.640867 8.8161850 23.8671799 49.7603493 -0.2592124 -0.5220441 0.0789312 0.8087329
1740546376.740198 8.8341198 23.9151001 49.7338104 -0.2479871 -0.5246104 0.0831916 0.8101638
1740546376.852291 8.8322449 23.9566994 49.7576904 -0.2417756 -0.5320269 0.0853899 0.8069699
1740546376.956268 8.8479958 24.0175972 49.7651443 -0.2320827 -0.5388097 0.0925734 0.8045196
1740546377.062719 8.8317070 24.0442848 49.7746811 -0.2271422 -0.5413430 0.0951577 0.8039274
1740546377.166076 8.7983475 24.0924759 49.7639580 -0.2217944 -0.5400586 0.1002514 0.8056635
1740546377.275831 8.7138367 24.1063690 49.7847519 -0.2206876 -0.5411177 0.0987234 0.8054455
1740546377.379464 8.6198616 24.1518269 49.7962685 -0.2151692 -0.5406048 0.1029015 0.8067589
1740546377.478711 8.5531883 24.1349564 49.8475723 -0.2177181 -0.5433876 0.1031856 0.8041651
1740546377.685933 8.3683243 24.1619377 49.9104652 -0.2142483 -0.5451350 0.1031514 0.8039187
1740546378.117737 8.0447960 24.2305489 50.0434837 -0.2026794 -0.5488402 0.1150845 0.8027771
1740546378.218904 7.9617996 24.2454987 50.0554276 -0.1991456 -0.5459068 0.1194919 0.8050146
1740546378.643458 7.6094704 24.2303810 50.1343575 -0.1866596 -0.5321802 0.1273736 0.8159157
1740546378.959182 7.3543053 24.2432308 50.2413254 -0.1747221 -0.5270642 0.1366440 0.8203682
1740546379.270504 7.1301041 24.1099968 50.3605042 -0.1643361 -0.5202279 0.1487727 0.8247565
1740546379.466020 7.0636978 24.0552349 50.4407082 -0.1675798 -0.5193057 0.1506705 0.8243403
