1740546275.137186 0.0000000 0.0000000 0.0000000 -0.0000000 -0.0000000 -0.0000000 1.0000000
1740546276.084167 -0.0219690 -0.0302077 0.0748694 -0.0012064 0.0008494 -0.0002555 0.9999989
1740546276.377191 -0.0243750 -0.0455093 0.1536434 -0.0014707 0.0006873 -0.0002479 0.9999987
1740546276.477405 -0.0297513 -0.0607080 0.2343990 -0.0010958 0.0010247 0.0001331 0.9999989
1740546276.575898 -0.0278469 -0.0574312 0.3129770 -0.0000201 0.0009696 -0.0002562 0.9999995
1740546276.674986 -0.0298461 -0.0564528 0.3940239 0.0008200 0.0009806 -0.0000218 0.9999992
1740546276.780343 -0.0224658 -0.0372242 0.4758265 0.0030946 0.0004803 -0.0002951 0.9999951
1740546276.884298 -0.0120705 -0.0263436 0.5558063 0.0046094 -0.0004066 -0.0002389 0.9999893
1740546276.985550 -0.0194396 -0.0246616 0.6308132 0.0062770 0.0000263 -0.0000815 0.9999803
1740546277.085596 -0.0249914 -0.0282688 0.7122477 0.0081377 -0.0000811 -0.0006211 0.9999667
1740546277.183139 -0.0206975 -0.0196532 0.7943153 0.0112618 -0.0008560 -0.0003882 0.9999362
1740546277.288205 -0.0197511 -0.0195244 0.8787987 0.0144081 -0.0014947 -0.0001703 0.9998951
1740546277.386457 -0.0309545 -0.0311451 0.9568219 0.0172378 -0.0012433 -0.0004160 0.9998506
1740546277.491237 -0.0291941 -0.0399408 1.0341860 0.0202046 -0.0020931 -0.0001731 0.9997936
1740546277.590806 -0.0290537 -0.0679342 1.1128339 0.0225874 -0.0027077 -0.0000876 0.9997412
1740546277.690646 -0.0266614 -0.0788871 1.1933718 0.0261642 -0.0034553 -0.0003898 0.9996516
1740546277.807404 -0.0111745 -0.0858325 1.2748181 0.0303701 -0.0046734 -0.0004487 0.9995277
1740546277.910485 -0.0305899 -0.1082627 1.3530967 0.0336758 -0.0044007 -0.0001004 0.9994231
1740546278.018692 -0.0369034 -0.1344603 1.4321022 0.0365077 -0.0049763 -0.0001591 0.9993210
1740546278.116662 -0.0372477 -0.1470349 1.5119201 0.0405925 -0.0060717 -0.0001622 0.9991574
1740546278.215912 -0.0462671 -0.1589227 1.5890826 0.0440873 -0.0067309 -0.0001124 0.9990050
1740546278.319934 -0.0472596 -0.1628576 1.6669238 0.0473479 -0.0070372 -0.0001800 0.9988537
1740546278.417563 -0.0622498 -0.1809969 1.7457100 0.0498868 -0.0070812 -0.0000524 0.9987298
1740546278.523952 -0.0491977 -0.1768038 1.8322122 0.0536801 -0.0083938 -0.0001398 0.9985229
1740546278.624178 -0.0608404 -0.2046492 1.9072546 0.0554142 -0.0083483 0.0001420 0.9984286
1740546278.722538 -0.0709818 -0.2232494 1.9805958 0.0576555 -0.0081232 0.0002049 0.9983035
1740546278.825732 -0.0930339 -0.2500554 2.0452316 0.0585524 -0.0071005 0.0004968 0.9982589
1740546278.923420 -0.1020645 -0.2692398 2.1203861 0.0603987 -0.0073789 0.0007533 0.9981468
1740546279.028977 -0.1008325 -0.2846912 2.2049394 0.0626378 -0.0079060 0.0009103 0.9980046
1740546279.128289 -0.1040925 -0.3014619 2.2788146 0.0644423 -0.0082429 0.0007366 0.9978871
1740546279.228623 -0.0989668 -0.3271482 2.3462632 0.0637996 -0.0092080 0.0007715 0.9979200
1740546279.334348 -0.1275848 -0.3426016 2.4207053 0.0650602 -0.0081272 0.0010235 0.9978477
1740546279.431065 -0.1407671 -0.3626647 2.4942791 0.0652773 -0.0081303 0.0015012 0.9978329
1740546279.536484 -0.1524504 -0.3770418 2.5666399 0.0656189 -0.0079133 0.0012898 0.9978126
1740546279.635838 -0.1631436 -0.4025781 2.6297333 0.0640788 -0.0077959 0.0013527 0.9979135
1740546279.746572 -0.1772496 -0.4128954 2.7086284 0.0648014 -0.0074754 0.0012705 0.9978694
1740546279.844987 -0.1977935 -0.4349430 2.7750390 0.0635309 -0.0064566 0.0016837 0.9979576
1740546279.947917 -0.2041766 -0.4699746 2.8526466 0.0628120 -0.0066854 0.0010880 0.9980024
1740546280.057583 -0.2127619 -0.4979535 2.9130816 0.0593910 -0.0061799 0.0013525 0.9982148
1740546280.156256 -0.2200534 -0.5175985 2.9793522 0.0572978 -0.0053188 0.0016622 0.9983416
1740546280.258914 -0.2336633 -0.5347504 3.0408235 0.0544944 -0.0042000 0.0026246 0.9985018
1740546280.358345 -0.2403467 -0.5504374 3.1252532 0.0527920 -0.0037712 0.0022213 0.9985960
1740546280.456946 -0.2415882 -0.5780831 3.1860216 0.0495656 -0.0031487 0.0017180 0.9987645
1740546280.561865 -0.2486266 -0.6015947 3.2599463 0.0472289 -0.0024969 0.0018621 0.9988793
1740546280.662201 -0.2712581 -0.6288580 3.3400774 0.0443685 -0.0013447 0.0018696 0.9990126
1740546280.770845 -0.2725552 -0.6524453 3.4096429 0.0414871 -0.0003463 0.0007919 0.9991387
1740546280.867233 -0.2858831 -0.6799654 3.4896457 0.0382787 0.0000182 0.0010356 0.9992666
1740546280.965385 -0.2865514 -0.7068316 3.5541544 0.0329859 0.0003244 0.0001951 0.9994557
1740546281.069429 -0.3110339 -0.6865664 3.6220253 0.0303732 0.0035761 0.0001604 0.9995322
1740546281.170325 -0.3260375 -0.7038492 3.6866484 0.0248860 0.0065143 -0.0001194 0.9996691
1740546281.272811 -0.3391721 -0.7055237 3.7506163 0.0219382 0.0088516 -0.0001300 0.9997202
1740546281.372933 -0.3571259 -0.7251744 3.8222466 0.0165407 0.0119256 0.0002406 0.9997920
1740546281.471280 -0.3711088 -0.7364227 3.8860879 0.0124701 0.0144533 -0.0002800 0.9998177
1740546281.573156 -0.3753448 -0.7514064 3.9542310 0.0077449 0.0170388 -0.0004559 0.9998247
1740546281.670610 -0.3880701 -0.7571418 4.0067768 0.0038733 0.0194404 -0.0015109 0.9998024
1740546281.778114 -0.4002811 -0.7437683 4.0553799 0.0022146 0.0231092 -0.0020937 0.9997283
1740546281.884663 -0.4086746 -0.7313609 4.1011734 -0.0005805 0.0241885 -0.0022530 0.9997047
1740546281.985295 -0.3940950 -0.7262861 4.1751447 -0.0038520 0.0243878 -0.0016255 0.9996938
1740546282.091451 -0.3713649 -0.7246105 4.2131624 -0.0059918 0.0244855 -0.0007009 0.9996820
1740546282.189652 -0.3809447 -0.7233812 4.2750540 -0.0094631 0.0282543 -0.0007565 0.9995557
1740546282.293271 -0.3978717 -0.7398482 4.3433800 -0.0139639 0.0317312 -0.0012834 0.9993981
1740546282.392670 -0.4057598 -0.7368317 4.3970275 -0.0169249 0.0346278 -0.0013274 0.9992561
1740546282.490617 -0.4131016 -0.7554259 4.4566612 -0.0204739 0.0353134 -0.0019985 0.9991645
1740546282.594889 -0.4034029 -0.7436336 4.5249648 -0.0220331 0.0367520 -0.0016125 0.9990802
1740546282.695897 -0.4156440 -0.7695495 4.5968561 -0.0260571 0.0392343 -0.0014681 0.9988891
1740546282.807744 -0.4303125 -0.7898837 4.6646471 -0.0300025 0.0426600 -0.0028925 0.9986349
1740546282.906556 -0.4291256 -0.7972448 4.7025685 -0.0312163 0.0423325 -0.0019486 0.9986140
1740546283.004075 -0.4278004 -0.7371242 4.7280297 -0.0266401 0.0441283 -0.0015868 0.9986694
1740546283.108320 -0.4248994 -0.7571504 4.7942638 -0.0307492 0.0456009 -0.0016598 0.9984850
1740546283.207250 -0.4029768 -0.7610357 4.8525767 -0.0309423 0.0448855 -0.0012605 0.9985120
1740546283.312339 -0.3921185 -0.7420362 4.8767486 -0.0294560 0.0434097 -0.0020302 0.9986210
1740546283.412941 -0.3910461 -0.7388536 4.9482675 -0.0297871 0.0454725 -0.0014849 0.9985203
1740546283.528169 -0.3888654 -0.7511379 5.0356922 -0.0305896 0.0456265 -0.0023172 0.9984875
1740546283.624071 -0.3528184 -0.7405086 5.1097484 -0.0304567 0.0457117 -0.0014044 0.9984893
1740546283.723397 -0.3932911 -0.7218605 5.1651559 -0.0288551 0.0487455 -0.0025562 0.9983911
1740546283.839644 -0.3860358 -0.7163606 5.2317290 -0.0292618 0.0504134 -0.0022540 0.9982972
1740546283.942244 -0.3874885 -0.7204132 5.3120022 -0.0294954 0.0519020 -0.0026251 0.9982131
1740546284.056823 -0.3516565 -0.7092913 5.3731413 -0.0292384 0.0498366 -0.0036407 0.9983227
1740546284.156693 -0.3402882 -0.7255276 5.4102211 -0.0295868 0.0484652 -0.0027157 0.9983829
1740546284.254400 -0.3179923 -0.6975805 5.4733567 -0.0269498 0.0477928 -0.0020884 0.9984915
1740546284.359173 -0.3012590 -0.6899168 5.5406227 -0.0254183 0.0488435 -0.0026056 0.9984795
1740546284.458865 -0.2946962 -0.7195102 5.6169443 -0.0276439 0.0494348 -0.0036913 0.9983879
1740546284.564651 -0.2739089 -0.7053052 5.7082601 -0.0273208 0.0499052 -0.0037937 0.9983730
1740546284.665192 -0.2654536 -0.7042137 5.7708840 -0.0268384 0.0502392 -0.0032795 0.9983712
1740546284.779363 -0.2394946 -0.7077459 5.8015280 -0.0274381 0.0479332 -0.0042378 0.9984646
1740546284.876128 -0.2128393 -0.7029952 5.8330250 -0.0282715 0.0454898 -0.0044254 0.9985549
1740546284.977069 -0.1735083 -0.6871804 5.8833833 -0.0267511 0.0444306 -0.0035725 0.9986479
1740546285.093654 -0.1439934 -0.6854032 5.9335561 -0.0284803 0.0432109 -0.0033579 0.9986543
1740546285.193401 -0.1135424 -0.6886086 6.0077190 -0.0306829 0.0430232 -0.0039300 0.9985951
1740546285.303870 -0.1193374 -0.6784745 6.0635319 -0.0296619 0.0451995 -0.0046269 0.9985268
1740546285.402206 -0.1161165 -0.7094426 6.1001344 -0.0336848 0.0451314 -0.0039217 0.9984053
1740546285.502419 -0.0890667 -0.7373281 6.1567631 -0.0384480 0.0437731 -0.0026937 0.9982978
1740546285.605444 -0.0721488 -0.7127572 6.2337270 -0.0382550 0.0441191 -0.0033982 0.9982878
1740546285.705929 -0.0271442 -0.7105016 6.2724519 -0.0405627 0.0401433 -0.0030928 0.9983655
1740546285.821473 -0.0019702 -0.7273061 6.3115158 -0.0442728 0.0373703 -0.0012063 0.9983196
1740546285.922611 0.0184558 -0.7260671 6.3612003 -0.0469234 0.0352589 -0.0002687 0.9982760
1740546286.045310 0.0387028 -0.7449614 6.3798132 -0.0517633 0.0298783 0.0006263 0.9982122
1740546286.144143 0.0683972 -0.7361755 6.4134789 -0.0531147 0.0245853 -0.0002514 0.9982857
1740546286.247677 0.0712143 -0.7556326 6.4389510 -0.0551877 0.0221994 0.0015684 0.9982280
1740546286.357427 0.0910217 -0.7725315 6.4660935 -0.0600335 0.0163999 0.0013739 0.9980607
1740546286.458259 0.1218901 -0.7709291 6.4912677 -0.0615015 0.0096733 0.0021110 0.9980579
1740546286.569659 0.1399167 -0.7704154 6.4994588 -0.0631234 0.0034173 0.0024702 0.9979969
1740546286.668801 0.1616105 -0.7705914 6.5254030 -0.0654198 -0.0031179 0.0026684 0.9978494
1740546286.787214 0.1939433 -0.7847682 6.5548396 -0.0705762 -0.0103149 0.0033684 0.9974474
1740546286.887546 0.2134741 -0.7834854 6.5685716 -0.0724886 -0.0181442 0.0042423 0.9971952
1740546286.988861 0.2356727 -0.7842315 6.5998001 -0.0742248 -0.0253941 0.0044462 0.9969082
1740546287.098286 0.2590218 -0.7922866 6.6307120 -0.0766912 -0.0331056 0.0039356 0.9964974
1740546287.200779 0.2827552 -0.7911369 6.6511660 -0.0782332 -0.0411941 0.0042193 0.9960747
1740546287.308498 0.2951238 -0.7825035 6.6602931 -0.0760947 -0.0455702 0.0061678 0.9960396
1740546287.412755 0.3223296 -0.7809813 6.6695051 -0.0761943 -0.0548418 0.0060520 0.9955652
1740546287.516140 0.3623023 -0.7793558 6.6792278 -0.0750910 -0.0638695 0.0082413 0.9950951
1740546287.627635 0.3823318 -0.7621257 6.6998496 -0.0727077 -0.0705520 0.0077697 0.9948245
1740546287.730123 0.4002941 -0.7380731 6.7138057 -0.0680241 -0.0765691 0.0089138 0.9947012
1740546287.858207 0.4270771 -0.7421508 6.7202821 -0.0668341 -0.0849297 0.0093664 0.9940988
1740546287.973188 0.4456836 -0.7422615 6.7368112 -0.0665463 -0.0923130 0.0085242 0.9934673
1740546288.087382 0.4766932 -0.7500615 6.7520361 -0.0678275 -0.1013336 0.0083869 0.9925022
1740546288.189608 0.4881832 -0.7422314 6.7711496 -0.0632557 -0.1059006 0.0088084 0.9923236
1740546288.296943 0.5157760 -0.7391947 6.7784863 -0.0623458 -0.1149121 0.0084820 0.9913810
1740546288.405303 0.5568197 -0.7530324 6.7937932 -0.0635800 -0.1239793 0.0077953 0.9902151
1740546288.505805 0.5710891 -0.7508696 6.8085680 -0.0631813 -0.1318763 0.0070613 0.9892254
1740546288.614151 0.5938790 -0.7422993 6.8273683 -0.0612783 -0.1391396 0.0068767 0.9883511
1740546288.719384 0.6096027 -0.7385958 6.8351402 -0.0604888 -0.1473439 0.0056909 0.9872176
1740546288.830272 0.6295429 -0.7440250 6.8596644 -0.0613368 -0.1546118 0.0057167 0.9860529
1740546288.938094 0.6598785 -0.7562615 6.8754039 -0.0634446 -0.1634279 0.0053509 0.9844986
1740546289.044334 0.6809227 -0.7619869 6.8856158 -0.0642278 -0.1720875 0.0051005 0.9829724
1740546289.152586 0.7012452 -0.7613888 6.8976693 -0.0635806 -0.1795546 0.0053066 0.9816769
1740546289.253668 0.7162883 -0.7599228 6.9182477 -0.0647720 -0.1868216 0.0041401 0.9802475
1740546289.361064 0.7350781 -0.7525935 6.9478173 -0.0644390 -0.1937090 0.0039245 0.9789326
1740546289.464663 0.7468201 -0.7399662 6.9637136 -0.0606618 -0.1986705 0.0048697 0.9781751
1740546289.575427 0.7537959 -0.7200400 6.9826221 -0.0547779 -0.2003195 0.0090017 0.9781567
1740546289.681024 0.7715101 -0.7255204 7.0005050 -0.0588640 -0.2080453 0.0066959 0.9763234
1740546289.793403 0.7830480 -0.7241657 7.0265770 -0.0583987 -0.2136359 0.0064438 0.9751450
1740546289.900156 0.7991885 -0.7302216 7.0337071 -0.0611111 -0.2197893 0.0049902 0.9736186
1740546290.005531 0.8162990 -0.7275745 7.0325346 -0.0600802 -0.2256901 0.0057774 0.9723276
1740546290.113511 0.8269617 -0.7256716 7.0390196 -0.0600003 -0.2285367 0.0056470 0.9716682
1740546290.222273 0.8307586 -0.7204606 7.0474901 -0.0630846 -0.2315661 0.0022291 0.9707690
1740546290.330168 0.8327113 -0.7173676 7.0525064 -0.0639824 -0.2314993 0.0007613 0.9707285
1740546290.438640 0.8421240 -0.7022625 7.0668516 -0.0654786 -0.2335422 -0.0011782 0.9701388
1740546290.547028 0.8432659 -0.6957449 7.0710692 -0.0644491 -0.2311359 -0.0001046 0.9707845
1740546290.654577 0.8412523 -0.6923873 7.0763965 -0.0647905 -0.2283909 -0.0005779 0.9714111
1740546290.758683 0.8442829 -0.6908854 7.0785551 -0.0655177 -0.2279052 -0.0007676 0.9714763
1740546290.873502 0.8500146 -0.6908990 7.0862360 -0.0706250 -0.2301218 -0.0044521 0.9705855
1740546290.982287 0.8566908 -0.6970078 7.0957966 -0.0747585 -0.2305123 -0.0070550 0.9701678
1740546291.113721 0.8611385 -0.6968998 7.1040993 -0.0795145 -0.2298322 -0.0088630 0.9699361
1740546291.220544 0.8647542 -0.6941931 7.1194797 -0.0838532 -0.2291206 -0.0104989 0.9697227
1740546291.330922 0.8657815 -0.6937556 7.1285233 -0.0867759 -0.2272426 -0.0144803 0.9698562
1740546291.437074 0.8720210 -0.6861167 7.1448903 -0.0918683 -0.2239393 -0.0164636 0.9701239
1740546291.547144 0.8665494 -0.6997659 7.1758890 -0.1001165 -0.2219625 -0.0173708 0.9697462
1740546291.672895 0.8714166 -0.7022543 7.2103720 -0.1082003 -0.2207180 -0.0187561 0.9691359
1740546291.809011 0.8830475 -0.7030001 7.2293472 -0.1165925 -0.2198597 -0.0211691 0.9683077
1740546291.919075 0.9075367 -0.7045660 7.2473888 -0.1250281 -0.2198116 -0.0238778 0.9672025
1740546292.024921 0.9250257 -0.7053627 7.2734356 -0.1319149 -0.2184466 -0.0276869 0.9664952
1740546292.140667 0.9451879 -0.7201904 7.3234239 -0.1377037 -0.2158102 -0.0278929 0.9662741
1740546292.249167 0.9675760 -0.7096745 7.3594055 -0.1429737 -0.2135083 -0.0302155 0.9659502
1740546292.363357 0.9738040 -0.6792095 7.3997293 -0.1484329 -0.2101024 -0.0333537 0.9657703
1740546292.472581 0.9949917 -0.6888859 7.4355497 -0.1564529 -0.2076955 -0.0338002 0.9650092
1740546292.582003 1.0065812 -0.6875573 7.4689674 -0.1614311 -0.2036731 -0.0341728 0.9650334
1740546292.689802 1.0226936 -0.6735666 7.4865441 -0.1683074 -0.2011022 -0.0372610 0.9642832
1740546292.799538 1.0430651 -0.6546405 7.5023246 -0.1719922 -0.1963263 -0.0386895 0.9645609
1740546292.906989 1.0425909 -0.6214338 7.5266285 -0.1736675 -0.1890123 -0.0379643 0.9657498
1740546293.010505 1.0417272 -0.5731249 7.5459938 -0.1738882 -0.1844217 -0.0405438 0.9664925
1740546293.123501 1.0522918 -0.5196921 7.5622511 -0.1740518 -0.1809950 -0.0415951 0.9670660
1740546293.225423 1.0498523 -0.4847180 7.6088767 -0.1783119 -0.1772562 -0.0440864 0.9668720
1740546293.335605 1.0377588 -0.4385321 7.6835113 -0.1825206 -0.1717305 -0.0461678 0.9669868
1740546293.437751 1.0233912 -0.3867605 7.7535834 -0.1868594 -0.1661848 -0.0476367 0.9670558
1740546293.547564 0.9909947 -0.3470828 7.8265653 -0.1914214 -0.1608720 -0.0495327 0.9669667
1740546293.656644 0.9667874 -0.3048846 7.9008884 -0.1958307 -0.1563441 -0.0514351 0.9667271
1740546293.757394 0.9466261 -0.2594559 7.9788299 -0.2003636 -0.1525988 -0.0527553 0.9663255
1740546293.864192 0.9224609 -0.2164029 8.0526152 -0.2043156 -0.1490949 -0.0538851 0.9659826
1740546293.970149 0.9179060 -0.1545863 8.1216621 -0.2074592 -0.1459373 -0.0537632 0.9658015
1740546294.081917 0.8929315 -0.1174021 8.1893501 -0.2106380 -0.1427982 -0.0557063 0.9654725
1740546294.192513 0.8604001 -0.0838960 8.2667847 -0.2142188 -0.1398700 -0.0570466 0.9650349
1740546294.298996 0.8483431 -0.0349600 8.3359127 -0.2172904 -0.1375248 -0.0576112 0.9646516
1740546294.403915 0.8516450 0.0258303 8.4028978 -0.2204041 -0.1361830 -0.0588577 0.9640602
1740546294.508052 0.8212637 0.0530023 8.4869289 -0.2246285 -0.1338151 -0.0604194 0.9633198
1740546294.616854 0.7912518 0.1028337 8.5554924 -0.2279560 -0.1309186 -0.0606499 0.9629216
1740546294.720345 0.7753977 0.1468576 8.6277800 -0.2313849 -0.1288885 -0.0621506 0.9622818
1740546294.829058 0.7603617 0.1940274 8.7032404 -0.2347395 -0.1269771 -0.0629128 0.9616737
1740546294.935467 0.7585032 0.2580688 8.7725925 -0.2378748 -0.1250328 -0.0629949 0.9611524
1740546295.047305 0.7386950 0.3042774 8.8433189 -0.2412616 -0.1223534 -0.0645968 0.9605466
1740546295.155892 0.7208607 0.3539722 8.9136982 -0.2447231 -0.1199114 -0.0654322 0.9599221
1740546295.256253 0.7093312 0.4069080 8.9821711 -0.2476282 -0.1175090 -0.0661570 0.9594244
1740546295.361814 0.6776555 0.4438268 9.0632229 -0.2517564 -0.1144692 -0.0674782 0.9586251
1740546295.462756 0.6479098 0.4895488 9.1350517 -0.2547402 -0.1116910 -0.0690164 0.9580550
1740546295.574314 0.6232448 0.5336056 9.2112761 -0.2577149 -0.1091048 -0.0699087 0.9574925
1740546295.676009 0.5982059 0.5714114 9.2908182 -0.2617086 -0.1062414 -0.0710514 0.9566468
1740546295.776426 0.5819750 0.6259668 9.3584728 -0.2651567 -0.1028895 -0.0722115 0.9559765
1740546295.888723 0.5743514 0.6997498 9.4206553 -0.2673094 -0.0993949 -0.0734672 0.9556510
1740546295.988894 0.5739689 0.7518070 9.4933214 -0.2701245 -0.0960155 -0.0746972 0.9551095
1740546296.125033 0.5783339 0.8013403 9.5678921 -0.2731341 -0.0925629 -0.0759618 0.9544945
1740546296.228165 0.5826383 0.8566855 9.6408424 -0.2756305 -0.0888051 -0.0772552 0.9540299
1740546296.333855 0.5844557 0.9095817 9.7105093 -0.2783036 -0.0849427 -0.0782726 0.9535226
1740546296.433215 0.5816352 0.9627288 9.7864962 -0.2802981 -0.0812190 -0.0795517 0.9531569
1740546296.542248 0.5834980 1.0234109 9.8556986 -0.2817900 -0.0772034 -0.0805152 0.9529697
1740546296.640544 0.5664201 1.0737724 9.9231281 -0.2834232 -0.0726562 -0.0819076 0.9527243
1740546296.758998 0.5802089 1.1216043 10.0057516 -0.2850886 -0.0694157 -0.0832170 0.9523554
1740546296.862897 0.5818681 1.1653326 10.0850677 -0.2867692 -0.0658880 -0.0846600 0.9519742
1740546296.960505 0.5616906 1.2045838 10.1626701 -0.2881346 -0.0619647 -0.0862055 0.9516867
1740546297.063507 0.5436330 1.2546576 10.2386065 -0.2892382 -0.0582355 -0.0869460 0.9515200
1740546297.164255 0.5267022 1.3003068 10.3127909 -0.2901276 -0.0545243 -0.0883046 0.9513440
1740546297.264693 0.5142673 1.3539844 10.3865948 -0.2909902 -0.0506400 -0.0894473 0.9511884
1740546297.369260 0.5056614 1.4140501 10.4528170 -0.2912686 -0.0467395 -0.0905695 0.9511967
1740546297.466653 0.5041616 1.4733226 10.5192871 -0.2915596 -0.0426204 -0.0915974 0.9512026
1740546297.577970 0.5070417 1.5201263 10.5842724 -0.2918574 -0.0391916 -0.0929993 0.9511228
1740546297.677498 0.5155703 1.5678029 10.6472950 -0.2926110 -0.0358019 -0.0935999 0.9509659
1740546297.775840 0.5220601 1.6212800 10.7264214 -0.2916362 -0.0314226 -0.0955566 0.9512255
1740546297.891140 0.5385571 1.6682413 10.8055658 -0.2924874 -0.0286216 -0.0959614 0.9510118
1740546297.988613 0.5517198 1.7278283 10.8847713 -0.2923791 -0.0250293 -0.0970277 0.9510382
1740546298.092374 0.5496560 1.7743070 10.9600115 -0.2919286 -0.0212889 -0.0979786 0.9511701
1740546298.193701 0.5569502 1.8176498 11.0308542 -0.2919619 -0.0180898 -0.0994996 0.9510683
1740546298.307129 0.5455114 1.8724601 11.1165390 -0.2946848 -0.0145799 -0.1006866 0.9501635
1740546298.407672 0.5478941 1.9244266 11.1826096 -0.2943208 -0.0109042 -0.1015720 0.9502313
1740546298.505930 0.5633928 1.9700532 11.2506781 -0.2939765 -0.0075094 -0.1025892 0.9502615
1740546298.611506 0.5843506 2.0228207 11.3351936 -0.2935264 -0.0048188 -0.1034690 0.9503227
1740546298.710060 0.5922683 2.0757277 11.4093046 -0.2946659 -0.0010859 -0.1049481 0.9498193
1740546298.910771 0.5964547 2.1739690 11.5563126 -0.2951585 0.0054021 -0.1066701 0.9494597
1740546299.006895 0.6019148 2.2303495 11.6232309 -0.2951389 0.0086932 -0.1074701 0.9493511
1740546299.112237 0.6166381 2.2817676 11.6980886 -0.2954248 0.0113592 -0.1082693 0.9491432
1740546299.505419 0.6711766 2.4699454 12.0008669 -0.2966652 0.0224292 -0.1115343 0.9481808
1740546299.707767 0.7031451 2.5585828 12.1472988 -0.2981024 0.0273757 -0.1126167 0.9474719
1740546299.808545 0.7180058 2.6178026 12.2203417 -0.2966709 0.0302690 -0.1136777 0.9477065
1740546299.905805 0.7351561 2.6714520 12.3085899 -0.2968576 0.0330742 -0.1148655 0.9474110
1740546300.113395 0.7670691 2.7734630 12.4526691 -0.2988882 0.0380990 -0.1164878 0.9463852
1740546300.214928 0.7849663 2.8320005 12.5237341 -0.2998798 0.0405066 -0.1170440 0.9459028
1740546300.331890 0.7913315 2.8838930 12.5993967 -0.3008021 0.0430669 -0.1180625 0.9453701
1740546300.655238 0.8105700 3.0335140 12.8209496 -0.3046839 0.0514258 -0.1196812 0.9435039
1740546300.874214 0.8543706 3.1279316 12.9721060 -0.3082570 0.0564314 -0.1209158 0.9418983
1740546301.074176 0.8996689 3.2261677 13.1210184 -0.3132309 0.0622948 -0.1223931 0.9396945
1740546301.267593 0.9406575 3.3324361 13.2594309 -0.3191738 0.0687349 -0.1235292 0.9370935
1740546301.464878 0.9900105 3.4440031 13.3955822 -0.3262321 0.0746840 -0.1247819 0.9340366
1740546301.661942 1.0427626 3.5500901 13.5285368 -0.3347811 0.0808362 -0.1252981 0.9304234
1740546301.950530 1.1314602 3.7163260 13.7233858 -0.3501760 0.0896204 -0.1262776 0.9237960
1740546302.146358 1.1852739 3.8403678 13.8430624 -0.3603710 0.0948428 -0.1267287 0.9192809
1740546302.442102 1.2656898 4.0137262 14.0300999 -0.3779298 0.1019619 -0.1265013 0.9114660
1740546302.729339 1.3433371 4.2219658 14.1855793 -0.3940613 0.1086510 -0.1261481 0.9038790
1740546302.925364 1.4008567 4.3695955 14.2776127 -0.4045708 0.1127085 -0.1261878 0.8987191
1740546303.125018 1.4616070 4.5036821 14.3759899 -0.4139685 0.1161563 -0.1258365 0.8940375
1740546303.315086 1.5287182 4.6439810 14.4744186 -0.4229430 0.1201450 -0.1258943 0.8892891
1740546303.601370 1.6164992 4.8586626 14.6096287 -0.4327358 0.1260028 -0.1266460 0.8836424
1740546303.791251 1.6818320 4.9840479 14.7250729 -0.4391572 0.1307752 -0.1269714 0.8797256
1740546303.991723 1.7468379 5.1265340 14.8145103 -0.4424213 0.1358553 -0.1287797 0.8770534
1740546304.183758 1.8125753 5.2688794 14.9048729 -0.4455282 0.1414068 -0.1305026 0.8743442
1740546304.382372 1.8766724 5.3956480 15.0152550 -0.4486023 0.1478211 -0.1328148 0.8713583
1740546304.574563 1.9483311 5.5256882 15.1214285 -0.4503763 0.1545336 -0.1350934 0.8689249
1740546304.761132 2.0168459 5.6651020 15.2096882 -0.4508888 0.1617247 -0.1390665 0.8667208
1740546304.954323 2.1114893 5.7896342 15.3012915 -0.4522030 0.1688873 -0.1416607 0.8642464
1740546305.148742 2.2039919 5.9019346 15.4068556 -0.4551653 0.1763022 -0.1440429 0.8608099
1740546305.345323 2.3046541 6.0286803 15.4782352 -0.4549381 0.1824274 -0.1474869 0.8590689
1740546305.629052 2.4445226 6.2218132 15.6030540 -0.4582249 0.1907740 -0.1503260 0.8550072
1740546305.915651 2.5830717 6.4070964 15.7383995 -0.4612297 0.1981913 -0.1531070 0.8512025
1740546306.108571 2.6658082 6.5427828 15.8275108 -0.4631200 0.2023006 -0.1540678 0.8490333
1740546306.407073 2.7807288 6.7487116 15.9597607 -0.4673637 0.2073352 -0.1550843 0.8453000
1740546306.691024 2.9192204 6.9470568 16.0828724 -0.4714695 0.2111669 -0.1557733 0.8419381
1740546307.074235 3.1229866 7.2043805 16.2340641 -0.4773118 0.2161726 -0.1560283 0.8373160
1740546307.355761 3.2725258 7.3870220 16.3520813 -0.4809759 0.2194400 -0.1557462 0.8344168
1740546307.639654 3.4260683 7.5807104 16.4456062 -0.4849326 0.2222251 -0.1557781 0.8313781
1740546307.926105 3.5357418 7.7949715 16.5656147 -0.4900656 0.2251833 -0.1557276 0.8275730
1740546308.212219 3.6740003 7.9973621 16.6674232 -0.4925355 0.2281042 -0.1562322 0.8252083
1740546308.513329 3.8238378 8.1945038 16.7597370 -0.4957031 0.2311394 -0.1565846 0.8223954
1740546308.803478 3.9792120 8.3838835 16.8659496 -0.4972238 0.2334452 -0.1571485 0.8207170
1740546309.105874 4.1293087 8.5794792 16.9582462 -0.4982840 0.2354941 -0.1574032 0.8194388
1740546309.482979 4.3406496 8.8239288 17.0936890 -0.4986514 0.2357308 -0.1573705 0.8191534
1740546309.772155 4.4671469 9.0276327 17.2019119 -0.4984136 0.2342896 -0.1566893 0.8198419
1740546309.994246 4.5430279 9.1707993 17.2627659 -0.4976847 0.2334809 -0.1561729 0.8206136
1740546310.227273 4.6270933 9.3144464 17.3327427 -0.4962335 0.2314409 -0.1557917 0.8221413
1740546310.529078 4.7657852 9.5004969 17.4513550 -0.4939971 0.2293565 -0.1553879 0.8241463
1740546310.844436 4.9155421 9.6847534 17.5529995 -0.4910828 0.2270721 -0.1552046 0.8265516
1740546311.098196 4.9939504 9.8208160 17.6255074 -0.4882452 0.2262520 -0.1553782 0.8284228
1740546311.299556 5.0837955 9.9418468 17.7109261 -0.4855840 0.2254820 -0.1557661 0.8301223
1740546311.602937 5.2068310 10.1451473 17.8204880 -0.4804668 0.2257561 -0.1577207 0.8326524
1740546311.902171 5.3473473 10.3234863 17.9419765 -0.4750316 0.2265539 -0.1595098 0.8352096
1740546312.203803 5.4601817 10.5176220 18.0700302 -0.4698132 0.2289854 -0.1632547 0.8367730
1740546312.509052 5.6082101 10.6901731 18.1825562 -0.4640032 0.2331245 -0.1667110 0.8381894
1740546312.840371 5.7617993 10.8563967 18.2964439 -0.4579403 0.2381338 -0.1708958 0.8392721
1740546312.939179 5.8069763 10.9096279 18.3403587 -0.4560702 0.2400857 -0.1725363 0.8393987
1740546313.145084 5.9059048 11.0197001 18.4032211 -0.4520312 0.2440985 -0.1751424 0.8398862
1740546313.345930 6.0150251 11.1130934 18.4848881 -0.4478969 0.2479503 -0.1785847 0.8402479
1740546313.543843 6.1104674 11.2253017 18.5619850 -0.4438072 0.2520931 -0.1825758 0.8403275
1740546313.748300 6.2073274 11.2876568 18.6424828 -0.4405116 0.2559987 -0.1833368 0.8407150
1740546313.853215 6.2771544 11.3159218 18.6879997 -0.4391319 0.2568973 -0.1838997 0.8410397
1740546313.956492 6.3223553 11.3378448 18.7297935 -0.4382040 0.2588962 -0.1846103 0.8407550
1740546314.054778 6.3666739 11.3600674 18.7648201 -0.4373153 0.2602308 -0.1855358 0.8406020
1740546314.162123 6.4136791 11.3955612 18.8138733 -0.4358291 0.2619023 -0.1871190 0.8405039
1740546314.261448 6.4607563 11.4224682 18.8568420 -0.4335247 0.2629594 -0.1847995 0.8418776
1740546314.363562 6.5202775 11.4611359 18.8966637 -0.4323664 0.2631887 -0.1867423 0.8419728
1740546314.467197 6.5710568 11.5055580 18.9434071 -0.4295924 0.2652571 -0.1869797 0.8426908
1740546314.569957 6.6151962 11.5529003 18.9765396 -0.4270023 0.2658902 -0.1890295 0.8433499
1740546314.677428 6.6576085 11.5692186 19.0142269 -0.4248514 0.2668165 -0.1894491 0.8440493
1740546314.776304 6.6990180 11.5866899 19.0558434 -0.4227373 0.2677647 -0.1888939 0.8449345
1740546314.883258 6.7428598 11.6302128 19.0863647 -0.4200800 0.2686525 -0.1905321 0.8456100
1740546314.983053 6.7875805 11.6373119 19.1229782 -0.4188376 0.2684115 -0.1890471 0.8466355
1740546315.087235 6.8210859 11.6550274 19.1460762 -0.4161407 0.2673601 -0.1902647 0.8480241
1740546315.191785 6.8755217 11.6987448 19.1510162 -0.4116354 0.2664087 -0.1906132 0.8504407
1740546315.291433 6.8954091 11.7092352 19.1893692 -0.4096782 0.2683503 -0.1897525 0.8509677
1740546315.395808 6.9027190 11.7181005 19.1989212 -0.4082607 0.2694060 -0.1908149 0.8510778
1740546315.495224 6.9286647 11.7246494 19.2172699 -0.4051999 0.2685239 -0.1905913 0.8528674
1740546315.603459 6.9659586 11.7254324 19.2433529 -0.4032603 0.2666605 -0.1875372 0.8550457
1740546315.709723 6.9999065 11.7239323 19.2716599 -0.4013841 0.2660640 -0.1857568 0.8565017
1740546315.809225 7.0206385 11.7310019 19.3006153 -0.3986180 0.2676007 -0.1844376 0.8575993
1740546315.914101 7.0350246 11.7317114 19.3067131 -0.3971580 0.2667392 -0.1853138 0.8583557
1740546316.012919 7.0596437 11.7331629 19.3274155 -0.3950686 0.2662709 -0.1853774 0.8594509
1740546316.116807 7.0972891 11.7264347 19.3629265 -0.3942021 0.2647986 -0.1846925 0.8604506
1740546316.219447 7.1120911 11.7243891 19.3727875 -0.3926455 0.2643156 -0.1847447 0.8612992
1740546316.320249 7.1250625 11.7306213 19.3825798 -0.3891951 0.2652839 -0.1843900 0.8626425
1740546316.428408 7.1309800 11.7302217 19.3921413 -0.3881151 0.2646750 -0.1844460 0.8633038
1740546316.529279 7.1462173 11.7276592 19.4060116 -0.3868349 0.2641401 -0.1838084 0.8641778
1740546316.640412 7.1531239 11.7275600 19.4119625 -0.3856257 0.2638891 -0.1836130 0.8648363
1740546316.741614 7.1439724 11.7211876 19.4109802 -0.3850996 0.2642466 -0.1851135 0.8646416
1740546316.853628 7.1479120 11.7219744 19.4141865 -0.3817222 0.2633388 -0.1837929 0.8666955
1740546316.950512 7.1939387 11.7227592 19.4524384 -0.3788446 0.2611803 -0.1813246 0.8691278
1740546317.050255 7.2376900 11.7210484 19.4851532 -0.3776265 0.2595744 -0.1810880 0.8701877
1740546317.168451 7.2776380 11.7229109 19.5083771 -0.3729169 0.2566097 -0.1791623 0.8734903
1740546317.267191 7.3039131 11.7224388 19.5289440 -0.3719487 0.2559792 -0.1795041 0.8740178
1740546317.374927 7.3366866 11.7333088 19.5543251 -0.3682915 0.2556016 -0.1812974 0.8753060
1740546317.475704 7.3802357 11.7458096 19.5769024 -0.3628473 0.2527493 -0.1803938 0.8785884
1740546317.574448 7.4197516 11.7751827 19.5975323 -0.3571867 0.2513012 -0.1801811 0.8813627
1740546317.680928 7.4669752 11.7845049 19.6353989 -0.3544492 0.2483912 -0.1787093 0.8835896
1740546317.780094 7.4943409 11.7890787 19.6575470 -0.3504395 0.2468536 -0.1783680 0.8856863
1740546317.891884 7.5204172 11.8009033 19.6806679 -0.3467292 0.2458959 -0.1790714 0.8872697
1740546317.991893 7.5445232 11.8137007 19.6896515 -0.3413851 0.2434445 -0.1805408 0.8897168
1740546318.094934 7.5717626 11.8221788 19.7053223 -0.3356476 0.2397872 -0.1799861 0.8929993
1740546318.198043 7.6198177 11.8267422 19.7435799 -0.3309420 0.2359649 -0.1777173 0.8962224
1740546318.297208 7.6704125 11.8487377 19.8013096 -0.3267237 0.2364052 -0.1789416 0.8974097
1740546318.403840 7.7258744 11.8680716 19.8542252 -0.3226643 0.2353980 -0.1779248 0.8993433
1740546318.503691 7.7882833 11.8983326 19.9089031 -0.3185216 0.2344906 -0.1786681 0.9009084
1740546318.610657 7.8290358 11.9224558 19.9546680 -0.3136442 0.2338784 -0.1806450 0.9023833
1740546318.716227 7.8568716 11.9358559 19.9836273 -0.3084049 0.2324686 -0.1832548 0.9040257
1740546318.817781 7.8871775 11.9426336 20.0131035 -0.3021680 0.2306531 -0.1824762 0.9067503
1740546318.921946 7.9311929 11.9525747 20.0562344 -0.2963744 0.2287957 -0.1840114 0.9088205
1740546319.022271 7.9591370 11.9727440 20.1071949 -0.2900817 0.2283442 -0.1834042 0.9110842
1740546319.128947 8.0180759 11.9889479 20.1711159 -0.2849593 0.2256674 -0.1843910 0.9131662
1740546319.228811 8.0751972 12.0029106 20.2170448 -0.2789487 0.2223805 -0.1844281 0.9158170
1740546319.327613 8.1026154 12.0063200 20.2519112 -0.2734881 0.2213638 -0.1855576 0.9174806
1740546319.429060 8.1146851 12.0160084 20.2694778 -0.2670575 0.2200442 -0.1871579 0.9193655
1740546319.530394 8.1432238 12.0456648 20.3338318 -0.2600372 0.2197272 -0.1891322 0.9210481
1740546319.639288 8.1924429 12.0656576 20.4090881 -0.2539369 0.2185030 -0.1898610 0.9228896
1740546319.740041 8.2346077 12.0894041 20.4733429 -0.2467897 0.2176271 -0.1920724 0.9245764
1740546319.838680 8.2667618 12.1071167 20.5148907 -0.2382469 0.2158449 -0.1941769 0.9267927
1740546319.945048 8.3169479 12.1190186 20.5651722 -0.2288073 0.2129861 -0.1958207 0.9294829
1740546320.043567 8.3459358 12.1372776 20.6350098 -0.2225773 0.2130228 -0.1977780 0.9305722
1740546320.144454 8.3810873 12.1450415 20.7148018 -0.2166926 0.2121386 -0.1986611 0.9319739
1740546320.243173 8.4334326 12.1622868 20.7807274 -0.2095487 0.2106161 -0.1980856 0.9340730
1740546320.339579 8.4873829 12.1818581 20.8331966 -0.2011927 0.2084583 -0.1992569 0.9361429
1740546320.446366 8.5329819 12.1962032 20.8903141 -0.1945761 0.2068204 -0.2009893 0.9375334
1740546320.547886 8.5856152 12.2140617 20.9619541 -0.1887267 0.2055908 -0.2015997 0.9388675
1740546320.651921 8.6233368 12.2300816 21.0401478 -0.1824588 0.2063795 -0.2031079 0.9396082
1740546320.753629 8.6587248 12.2368021 21.1151619 -0.1774843 0.2055119 -0.2056352 0.9402012
1740546320.864454 8.6693602 12.2405558 21.1366234 -0.1715822 0.2070323 -0.2086432 0.9403006
1740546320.988124 8.6849079 12.2369480 21.1835270 -0.1676302 0.2097851 -0.2107799 0.9399267
1740546321.098519 8.7260246 12.2575445 21.2257633 -0.1582403 0.2085128 -0.2134165 0.9412417
1740546321.209791 8.7693167 12.2628031 21.2986641 -0.1528107 0.2089988 -0.2145669 0.9417694
1740546321.313797 8.7974348 12.2730713 21.3753395 -0.1479476 0.2112356 -0.2158425 0.9417553
1740546321.423344 8.8386650 12.2814789 21.4278316 -0.1413792 0.2108724 -0.2171001 0.9425563
1740546321.529911 8.8701954 12.2894278 21.4852943 -0.1364475 0.2125048 -0.2198708 0.9422742
1740546321.644148 8.9045496 12.2986288 21.5685902 -0.1324666 0.2145754 -0.2207536 0.9421666
1740546321.744581 8.9336987 12.3032150 21.6302547 -0.1284273 0.2171877 -0.2226152 0.9416891
1740546321.851409 8.9633532 12.3131895 21.6836300 -0.1230629 0.2209833 -0.2235389 0.9413035
1740546321.963241 8.9873533 12.3184891 21.7397900 -0.1181887 0.2256916 -0.2258595 0.9402565
1740546322.061610 9.0128021 12.3273106 21.7969646 -0.1124261 0.2306651 -0.2272195 0.9394282
1740546322.174155 9.0319881 12.3265772 21.8618336 -0.1095501 0.2349877 -0.2288406 0.9383025
1740546322.278601 9.0583363 12.3294811 21.9155960 -0.1057977 0.2379161 -0.2298092 0.9377583
1740546322.382159 9.0804443 12.3326378 21.9544430 -0.1013179 0.2406127 -0.2304199 0.9374150
1740546322.481052 9.1029434 12.3393135 22.0058308 -0.0974661 0.2447382 -0.2320287 0.9363580
1740546322.578929 9.1383677 12.3543024 22.0584793 -0.0931224 0.2498403 -0.2336752 0.9350422
1740546322.687839 9.1748810 12.3649502 22.1181870 -0.0879027 0.2533680 -0.2350470 0.9342541
1740546322.790355 9.2176495 12.3662834 22.1691895 -0.0840829 0.2552190 -0.2365519 0.9337219
1740546322.896540 9.2531528 12.3643990 22.2379074 -0.0795945 0.2587705 -0.2374948 0.9328980
1740546322.997883 9.3010483 12.3737698 22.3123283 -0.0738296 0.2615766 -0.2385658 0.9323161
1740546323.092439 9.3441782 12.3841562 22.3874645 -0.0698817 0.2653631 -0.2400609 0.9311658
1740546323.197016 9.3832064 12.3894577 22.4559097 -0.0660707 0.2687753 -0.2414264 0.9301118
1740546323.297191 9.4186192 12.3946571 22.5176773 -0.0624158 0.2716445 -0.2422706 0.9293108
1740546323.400436 9.4551182 12.3982792 22.5699921 -0.0588834 0.2739766 -0.2433954 0.9285625
1740546323.497212 9.5084000 12.4048223 22.6446419 -0.0552839 0.2771125 -0.2446053 0.9275347
1740546323.594447 9.5700226 12.3953600 22.7105179 -0.0532347 0.2791524 -0.2453589 0.9268436
1740546323.706807 9.6204453 12.3896837 22.7821617 -0.0501597 0.2815097 -0.2464348 0.9260163
1740546323.807311 9.6543999 12.3947935 22.8461151 -0.0483060 0.2842808 -0.2459546 0.9253957
1740546323.913554 9.7076931 12.3914604 22.9231358 -0.0453147 0.2871013 -0.2472797 0.9243225
1740546324.007955 9.7445946 12.3877144 22.9977684 -0.0435940 0.2902806 -0.2471740 0.9234402
1740546324.120303 9.7896347 12.3656530 23.0558434 -0.0416878 0.2912809 -0.2465079 0.9233913
1740546324.214431 9.8394251 12.3487110 23.1441326 -0.0400642 0.2945055 -0.2468314 0.9223533
1740546324.314803 9.8731785 12.3465738 23.1764259 -0.0402150 0.2931952 -0.2461794 0.9229383
1740546324.415645 9.9006195 12.3669319 23.2488995 -0.0368687 0.2963414 -0.2474596 0.9217300
1740546324.514795 9.9228573 12.3922873 23.3079224 -0.0345423 0.2985013 -0.2493015 0.9206262
1740546324.622449 9.9554844 12.4252005 23.3850365 -0.0323311 0.3013605 -0.2497772 0.9196455
1740546324.720397 9.9812689 12.4524403 23.4572525 -0.0287524 0.3048903 -0.2497954 0.9185954
1740546324.821897 10.0081596 12.4606743 23.5297108 -0.0280759 0.3073476 -0.2492305 0.9179506
1740546324.930670 10.0590286 12.4460068 23.6050282 -0.0267621 0.3084540 -0.2491036 0.9176532
1740546325.031269 10.0986910 12.4392796 23.6685448 -0.0264140 0.3076609 -0.2490991 0.9179307
1740546325.134486 10.1315174 12.4840336 23.7591801 -0.0236301 0.3100971 -0.2517512 0.9164621
1740546325.234939 10.1516342 12.5106821 23.8146133 -0.0209825 0.3120723 -0.2524964 0.9156507
1740546325.332875 10.1790657 12.5524187 23.9093246 -0.0195040 0.3146720 -0.2532726 0.9145787
1740546325.439142 10.2049026 12.5860291 23.9743805 -0.0164426 0.3170698 -0.2525529 0.9140095
1740546325.541596 10.2267323 12.6142254 24.0580330 -0.0149262 0.3197079 -0.2522060 0.9132120
1740546325.648828 10.2536926 12.6566668 24.1414318 -0.0127239 0.3212416 -0.2554758 0.9117972
1740546325.747628 10.2731533 12.6824970 24.2024937 -0.0111899 0.3222643 -0.2561000 0.9112811
1740546325.847548 10.3238964 12.6473961 24.2754192 -0.0118642 0.3218572 -0.2567454 0.9112349
1740546325.952204 10.3760939 12.6362028 24.3484764 -0.0118408 0.3216527 -0.2565107 0.9113735
1740546326.050846 10.4316216 12.6215010 24.4209518 -0.0121695 0.3208092 -0.2570046 0.9115273
1740546326.253043 10.5406742 12.5950165 24.5644817 -0.0120341 0.3198465 -0.2567566 0.9119372
1740546326.351131 10.5886869 12.5767403 24.6356277 -0.0126164 0.3196082 -0.2566871 0.9120324
1740546326.455802 10.6398468 12.5701904 24.7142715 -0.0127547 0.3193891 -0.2566253 0.9121246
1740546326.555777 10.6922226 12.5484219 24.7790279 -0.0132335 0.3188867 -0.2566565 0.9122848
1740546326.777038 10.7973671 12.5227413 24.9263496 -0.0139096 0.3180273 -0.2563730 0.9126544
1740546326.893324 10.8447781 12.5077667 24.9961414 -0.0147367 0.3177580 -0.2562660 0.9127653
1740546327.095767 10.9537611 12.4846172 25.1411495 -0.0163705 0.3174379 -0.2560876 0.9128988
1740546327.203228 10.9955502 12.4675198 25.2105522 -0.0168922 0.3168637 -0.2559595 0.9131247
1740546327.408745 11.1274796 12.4568501 25.3508739 -0.0175334 0.3147293 -0.2551008 0.9140906
1740546327.510987 11.1688805 12.4416332 25.4290619 -0.0187042 0.3144378 -0.2549671 0.9142051
1740546327.720411 11.2609158 12.4337339 25.5861988 -0.0197794 0.3128265 -0.2546124 0.9148338
1740546327.822711 11.3189278 12.4213314 25.6576977 -0.0205683 0.3117540 -0.2544295 0.9152333
1740546327.931982 11.3720284 12.4144497 25.7303829 -0.0214353 0.3110115 -0.2542748 0.9155090
1740546328.030261 11.4227409 12.4152870 25.7979660 -0.0216505 0.3102955 -0.2544435 0.9157000
1740546328.248146 11.5395679 12.3770771 25.9415550 -0.0241346 0.3078530 -0.2538946 0.9166142
1740546328.456149 11.6560812 12.3636169 26.0737000 -0.0251663 0.3043599 -0.2540240 0.9177165
1740546328.560466 11.7055540 12.3456345 26.1520481 -0.0266364 0.3033743 -0.2532912 0.9182038
1740546328.672360 11.7524481 12.3246803 26.2267570 -0.0283008 0.3010127 -0.2534004 0.9189008
1740546328.781095 11.8020744 12.3287964 26.2970734 -0.0289835 0.2986685 -0.2527766 0.9198158
1740546329.099433 11.9472513 12.3091793 26.5244522 -0.0338284 0.2895121 -0.2521097 0.9227563
1740546329.207208 11.9893379 12.2969007 26.6024113 -0.0363271 0.2865592 -0.2513688 0.9237846
1740546329.312509 12.0452442 12.3018627 26.6686554 -0.0381891 0.2825672 -0.2508099 0.9250901
1740546329.643408 12.1877594 12.2889462 26.8933773 -0.0460168 0.2686132 -0.2486195 0.9294718
1740546329.848989 12.2658558 12.2756042 27.0679932 -0.0538051 0.2584685 -0.2471601 0.9323149
1740546330.062140 12.3397083 12.2880974 27.2323780 -0.0615442 0.2470624 -0.2454725 0.9353693
1740546330.177427 12.3707085 12.2959204 27.3113194 -0.0661646 0.2418325 -0.2443177 0.9367220
1740546330.395327 12.4283237 12.3022232 27.4897156 -0.0761580 0.2317478 -0.2417047 0.9391868
1740546330.497236 12.4748278 12.3130970 27.5711689 -0.0812533 0.2256632 -0.2402578 0.9406116
1740546330.708468 12.5421762 12.3415165 27.7331352 -0.0924440 0.2161229 -0.2371783 0.9425983
1740546330.816293 12.5825377 12.3616524 27.8203888 -0.0984153 0.2107033 -0.2360794 0.9434962
1740546330.932476 12.6245623 12.3765039 27.8953514 -0.1046524 0.2060453 -0.2343372 0.9442877
1740546331.036382 12.6620951 12.4000483 27.9762230 -0.1113894 0.2018560 -0.2325439 0.9448650
1740546331.251310 12.7299337 12.4437323 28.1347752 -0.1249184 0.1946411 -0.2290407 0.9455425
1740546331.353719 12.7669725 12.4576149 28.2216339 -0.1320919 0.1912827 -0.2273032 0.9456723
1740546331.564664 12.8391542 12.5047302 28.3760033 -0.1462647 0.1849317 -0.2228744 0.9459038
1740546331.678190 12.8707848 12.5254030 28.4597435 -0.1546711 0.1826626 -0.2211545 0.9454110
1740546331.898949 12.9506912 12.5724869 28.6155930 -0.1712472 0.1783496 -0.2169577 0.9443491
1740546332.105914 13.0115442 12.6312733 28.7808304 -0.1893954 0.1761606 -0.2129269 0.9422097
1740546332.216794 13.0485783 12.6647530 28.8510590 -0.1986359 0.1747256 -0.2106682 0.9410812
1740546332.432240 13.1227551 12.7384300 29.0028267 -0.2192495 0.1723125 -0.2055706 0.9380718
1740546332.533680 13.1551609 12.7810459 29.0745792 -0.2297500 0.1718832 -0.2031043 0.9361730
1740546332.749570 13.2250967 12.8632250 29.2173882 -0.2523376 0.1704660 -0.1978299 0.9317352
1740546332.978753 13.3110600 12.9433126 29.3628578 -0.2772392 0.1687352 -0.1924081 0.9260918
1740546333.081925 13.3651171 12.9785500 29.4286652 -0.2896385 0.1672781 -0.1890245 0.9232537
1740546333.290543 13.4550552 13.0604553 29.5671654 -0.3168597 0.1648200 -0.1823627 0.9160666
1740546333.401116 13.5009556 13.1102858 29.6243401 -0.3307498 0.1630385 -0.1786233 0.9122044
1740546333.499259 13.5461502 13.1682730 29.6774330 -0.3446188 0.1607394 -0.1746566 0.9082378
1740546333.807914 13.6441193 13.3915348 29.7996521 -0.3865363 0.1544513 -0.1620113 0.8946993
1740546334.015859 13.7060223 13.5486431 29.8606262 -0.4129433 0.1480408 -0.1537726 0.8853902
1740546334.318120 13.7662897 13.7996674 29.9621887 -0.4484796 0.1395456 -0.1416226 0.8713989
1740546334.734054 13.8513584 14.1295214 30.0905895 -0.4839174 0.1275021 -0.1273114 0.8563638
1740546335.250268 13.9959908 14.5315571 30.2667389 -0.5064754 0.1155091 -0.1154803 0.8466431
1740546335.850747 14.1811819 14.9771862 30.5187511 -0.5049524 0.1052018 -0.1095927 0.8496736
1740546336.465052 14.3418655 15.4021835 30.8193874 -0.4856271 0.0933718 -0.1064121 0.8626265
1740546337.083281 14.4404535 15.8444481 31.1355629 -0.4587805 0.0742707 -0.1008391 0.8796794
1740546337.483884 14.4949112 16.1246567 31.3572044 -0.4396189 0.0597085 -0.0957170 0.8910714
1740546337.894072 14.5398998 16.3905659 31.6017914 -0.4197106 0.0451748 -0.0904366 0.9020108
1740546338.201937 14.5675678 16.5784664 31.7982311 -0.4045667 0.0353353 -0.0867953 0.9096943
1740546338.628865 14.6209822 16.8000736 32.0895195 -0.3855654 0.0215761 -0.0826786 0.9187155
1740546339.040215 14.6187735 17.0448341 32.3567734 -0.3692054 0.0077135 -0.0774850 0.9260799
1740546339.453856 14.6352215 17.2931290 32.6225471 -0.3572889 -0.0062505 -0.0727919 0.9311321
1740546339.859953 14.6471586 17.5161095 32.9136124 -0.3478604 -0.0221886 -0.0672176 0.9348704
1740546340.275922 14.6268139 17.7169857 33.2194443 -0.3432201 -0.0400960 -0.0601157 0.9364713
1740546340.589226 14.5711737 17.8962421 33.4152946 -0.3401036 -0.0539304 -0.0548592 0.9372361
1740546341.019227 14.5101490 18.1403008 33.6780739 -0.3396432 -0.0715068 -0.0484139 0.9365817
1740546341.324816 14.4905939 18.3225594 33.8850861 -0.3408020 -0.0853240 -0.0439608 0.9352226
1740546341.640632 14.4429922 18.4940033 34.0953598 -0.3433308 -0.0980299 -0.0396075 0.9332445
1740546341.959351 14.3714991 18.6635571 34.2984657 -0.3468690 -0.1104410 -0.0352879 0.9307199
1740546342.271230 14.2760067 18.8371143 34.4894676 -0.3507245 -0.1214838 -0.0319357 0.9280162
1740546342.574234 14.2149458 19.0121918 34.6945381 -0.3555223 -0.1308406 -0.0284352 0.9250277
1740546342.888886 14.1529999 19.2074757 34.8779449 -0.3613325 -0.1388787 -0.0263159 0.9216610
1740546343.216141 14.0585432 19.3979454 35.0465622 -0.3662925 -0.1453834 -0.0235827 0.9187695
1740546343.535776 14.0068493 19.5896225 35.2376328 -0.3709262 -0.1500909 -0.0225834 0.9161749
1740546343.847955 13.9270363 19.7929993 35.3996468 -0.3729955 -0.1527558 -0.0218257 0.9149119
1740546344.153283 13.8312588 19.9919987 35.5594749 -0.3713488 -0.1533306 -0.0213923 0.9154956
1740546344.466604 13.7601395 20.1842175 35.7404137 -0.3652375 -0.1527271 -0.0210361 0.9180596
1740546344.777684 13.7059860 20.3765907 35.9275513 -0.3553284 -0.1515967 -0.0198387 0.9221532
1740546345.087118 13.6699791 20.5653305 36.1291542 -0.3419150 -0.1517505 -0.0173879 0.9272344
1740546345.398164 13.6085758 20.6634254 36.3755951 -0.3249971 -0.1535060 -0.0138086 0.9330713
1740546345.713809 13.5197754 20.8077278 36.5909576 -0.3068054 -0.1581143 -0.0093343 0.9385005
1740546346.019090 13.4313164 20.9504852 36.8078156 -0.2889087 -0.1649277 -0.0041789 0.9430340
1740546346.322788 13.3244324 21.0844994 37.0219345 -0.2720803 -0.1729400 0.0006187 0.9466064
1740546346.628227 13.1877556 21.1944351 37.2333450 -0.2576449 -0.1799810 0.0060537 0.9493099
1740546346.934173 13.0831604 21.3223953 37.4500618 -0.2443705 -0.1858038 0.0098713 0.9516631
1740546347.238059 12.9829702 21.4304333 37.6773567 -0.2325107 -0.1888432 0.0126479 0.9540005
1740546347.545737 12.8667641 21.5283432 37.9085426 -0.2224150 -0.1879101 0.0144344 0.9565631
1740546347.956771 12.7250214 21.6601715 38.2171898 -0.2103013 -0.1820157 0.0158359 0.9604129
1740546348.256579 12.6664591 21.7573013 38.4655190 -0.2016336 -0.1764533 0.0164478 0.9632952
1740546348.662068 12.5393991 21.9020290 38.7780800 -0.1905733 -0.1676110 0.0174179 0.9671013
1740546349.080333 12.4305325 22.0091324 39.1086273 -0.1826704 -0.1598824 0.0170136 0.9699380
1740546349.495059 12.3344479 22.1001892 39.4485931 -0.1759924 -0.1548404 0.0173608 0.9719824
1740546349.894869 12.2138233 22.2237835 39.7697029 -0.1719241 -0.1524982 0.0171905 0.9730832
1740546350.094872 12.1628933 22.3022957 39.9299622 -0.1703159 -0.1507796 0.0174578 0.9736289
1740546350.503445 12.0541649 22.4115219 40.2550163 -0.1659587 -0.1501619 0.0182843 0.9744613
1740546350.804846 11.9773321 22.5106544 40.4978981 -0.1630750 -0.1496294 0.0182982 0.9750296
1740546351.102067 11.8817425 22.6070366 40.7385216 -0.1588235 -0.1497934 0.0188956 0.9756947
1740546351.415339 11.8139830 22.6554718 40.9947662 -0.1547426 -0.1484653 0.0192987 0.9765451
1740546351.729527 11.7296152 22.7165432 41.2421684 -0.1487903 -0.1477512 0.0202731 0.9775582
1740546352.037605 11.6650772 22.7916851 41.4942551 -0.1444844 -0.1463612 0.0212372 0.9783924
1740546352.343125 11.5697584 22.8519497 41.7366295 -0.1390235 -0.1452333 0.0215002 0.9793454
1740546352.648782 11.4968739 22.9115410 41.9905243 -0.1353697 -0.1443240 0.0218642 0.9799835
1740546352.965721 11.4286623 22.9823837 42.2453232 -0.1318893 -0.1440541 0.0224920 0.9804835
1740546353.279358 11.3516579 23.0637550 42.4911919 -0.1276374 -0.1430590 0.0230674 0.9811783
1740546353.599610 11.2801065 23.1344471 42.7383232 -0.1224987 -0.1425137 0.0245098 0.9818774
1740546353.812505 11.2166700 23.1855736 42.9009247 -0.1175602 -0.1417389 0.0252066 0.9825754
1740546354.128372 11.1570158 23.2342434 43.1595268 -0.1071218 -0.1417288 0.0262933 0.9837411
1740546354.464428 11.0631495 23.2721157 43.3948860 -0.0942473 -0.1427223 0.0289744 0.9848393
1740546354.673216 10.9902163 23.3053246 43.5560570 -0.0844008 -0.1442739 0.0308804 0.9854481
1740546354.888240 10.9442482 23.3239880 43.7270050 -0.0748047 -0.1454573 0.0322883 0.9860041
1740546355.102335 10.9199400 23.3270988 43.9027481 -0.0637381 -0.1462871 0.0343363 0.9865894
1740546355.326843 10.8747768 23.3022480 44.0735054 -0.0537802 -0.1481116 0.0358258 0.9868572
1740546355.572737 10.8103895 23.2783775 44.2364998 -0.0441886 -0.1498832 0.0374284 0.9870064
1740546355.779745 10.7472372 23.2847538 44.4072876 -0.0359324 -0.1525396 0.0390508 0.9868716
1740546355.997702 10.6757889 23.2877693 44.5700912 -0.0286437 -0.1553945 0.0400854 0.9866232
1740546356.216490 10.6336088 23.3209000 44.7411118 -0.0226704 -0.1580542 0.0413979 0.9863018
1740546356.422502 10.5771046 23.3202991 44.9078712 -0.0182932 -0.1615548 0.0418954 0.9858044
1740546356.739634 10.4858236 23.2858620 45.1549683 -0.0142953 -0.1683518 0.0426240 0.9847013
1740546356.938247 10.4131908 23.2792969 45.3191338 -0.0125237 -0.1726427 0.0430130 0.9839652
1740546357.245194 10.3333960 23.2656403 45.5677719 -0.0129840 -0.1809002 0.0433333 0.9824606
1740546357.554973 10.2180729 23.2782516 45.8014526 -0.0135648 -0.1889522 0.0438463 0.9809132
1740546357.757614 10.1495934 23.2858353 45.9619637 -0.0138461 -0.1952001 0.0431687 0.9797152
1740546357.948353 10.0802298 23.2895355 46.1209030 -0.0144897 -0.2024805 0.0428408 0.9782414
1740546358.150280 10.0159016 23.2891750 46.2791786 -0.0157769 -0.2095855 0.0424049 0.9767430
1740546358.346665 9.9255857 23.2864952 46.4272003 -0.0174017 -0.2176167 0.0416882 0.9749883
1740546358.543935 9.8443165 23.2888603 46.5824203 -0.0190326 -0.2253326 0.0413877 0.9732164
1740546358.746557 9.7662153 23.2819958 46.7367172 -0.0216260 -0.2346849 0.0414353 0.9709472
1740546358.944126 9.6781292 23.2787876 46.8851013 -0.0237380 -0.2428708 0.0417886 0.9688674
1740546359.140606 9.5840139 23.2879906 47.0242882 -0.0246024 -0.2523196 0.0405214 0.9664820
1740546359.346980 9.4876652 23.2788677 47.1723404 -0.0282764 -0.2619255 0.0417123 0.9637716
1740546359.551942 9.3867092 23.2820301 47.3097076 -0.0309958 -0.2717902 0.0406812 0.9609966
1740546359.753383 9.2809439 23.2905865 47.4498062 -0.0328825 -0.2823260 0.0400637 0.9579174
1740546359.947320 9.1691408 23.2947731 47.5812759 -0.0372309 -0.2907384 0.0389175 0.9552855
1740546360.059268 9.1333942 23.3084393 47.6543350 -0.0383955 -0.2973246 0.0395167 0.9531854
1740546360.257124 9.0303116 23.3169556 47.7956543 -0.0435078 -0.3068508 0.0382316 0.9499937
1740546360.458622 8.9206734 23.3276367 47.9159431 -0.0472904 -0.3151582 0.0376828 0.9471108
1740546360.656368 8.8164406 23.3343143 48.0495453 -0.0529750 -0.3259831 0.0340217 0.9432768
1740546360.855666 8.7395935 23.3475475 48.1414032 -0.0596154 -0.3363694 0.0332675 0.9392523
1740546360.949324 8.7278938 23.3329887 48.1769562 -0.0661663 -0.3422858 0.0348667 0.9366146
1740546361.057513 8.6913490 23.3405190 48.2097893 -0.0680438 -0.3463748 0.0355010 0.9349514
1740546361.153641 8.6778507 23.3377895 48.2545242 -0.0707994 -0.3530529 0.0334179 0.9323220
1740546361.254468 8.6488705 23.3082638 48.2838173 -0.0818103 -0.3564223 0.0348019 0.9300855
1740546361.351560 8.6360893 23.3146687 48.3106461 -0.0844384 -0.3622327 0.0335572 0.9276484
1740546361.451056 8.6184368 23.3060417 48.3390236 -0.0894003 -0.3672606 0.0317287 0.9252678
1740546361.561478 8.6038923 23.2971897 48.3609734 -0.0961324 -0.3715107 0.0349062 0.9227784
1740546361.659109 8.5839357 23.3048973 48.3707542 -0.0992132 -0.3744690 0.0354102 0.9212361
1740546361.762978 8.5633917 23.3259277 48.3940582 -0.0993126 -0.3786796 0.0349892 0.9195186
1740546361.859425 8.5289345 23.3160419 48.4158936 -0.1042275 -0.3795788 0.0358630 0.9185698
1740546361.962174 8.5095491 23.3259735 48.4371948 -0.1078473 -0.3820637 0.0380860 0.9170309
1740546362.067006 8.4837294 23.3189869 48.4392357 -0.1132714 -0.3844264 0.0389497 0.9153518
1740546362.164565 8.4656162 23.3055229 48.4568863 -0.1189586 -0.3885767 0.0379741 0.9129156
1740546362.271343 8.4436092 23.2899055 48.4562225 -0.1267383 -0.3878192 0.0398979 0.9121085
1740546362.366040 8.4383230 23.3083038 48.4731216 -0.1271245 -0.3927139 0.0410260 0.9099078
1740546362.482375 8.4229040 23.2883282 48.4833031 -0.1351352 -0.3951249 0.0415766 0.9076818
1740546362.576940 8.4110632 23.2812691 48.4913292 -0.1387938 -0.3984788 0.0417472 0.9056534
1740546362.675109 8.4007149 23.2492447 48.5222473 -0.1497124 -0.4027036 0.0422908 0.9020130
1740546362.786061 8.3883696 23.2340164 48.5457077 -0.1585215 -0.4063786 0.0444864 0.8987482
1740546362.881250 8.3830633 23.2284431 48.5590668 -0.1642228 -0.4096121 0.0448973 0.8962327
1740546362.986651 8.3778105 23.2135277 48.5889206 -0.1710980 -0.4159875 0.0430769 0.8920898
1740546363.081605 8.3678913 23.1972065 48.6201172 -0.1790474 -0.4216709 0.0450661 0.8877527
1740546363.179531 8.3573151 23.1956043 48.6429329 -0.1837726 -0.4258033 0.0440033 0.8848632
1740546363.281672 8.3430805 23.1924171 48.6510162 -0.1868042 -0.4286605 0.0417078 0.8829580
1740546363.379669 8.3258514 23.1567707 48.6715851 -0.1967650 -0.4313926 0.0384440 0.8796056
1740546363.493501 8.3136425 23.1499901 48.6969261 -0.2040944 -0.4361868 0.0392353 0.8755268
1740546363.591164 8.3038349 23.1523438 48.7084618 -0.2095170 -0.4384512 0.0405190 0.8730529
1740546363.692310 8.2729568 23.1366062 48.7405357 -0.2182511 -0.4425105 0.0351390 0.8690893
1740546363.796933 8.2466850 23.1621208 48.7450218 -0.2163220 -0.4421506 0.0348129 0.8697676
1740546363.893649 8.2376652 23.1784973 48.7608795 -0.2180068 -0.4460766 0.0376431 0.8672207
1740546363.994941 8.2085571 23.2055893 48.7776299 -0.2181767 -0.4461891 0.0372315 0.8671378
1740546364.094359 8.1988831 23.2116108 48.7860870 -0.2187686 -0.4494984 0.0327733 0.8654579
1740546364.193516 8.1785583 23.2264366 48.7961273 -0.2188642 -0.4516544 0.0296959 0.8644217
1740546364.297960 8.1636829 23.2382240 48.8060989 -0.2200362 -0.4535270 0.0284280 0.8631855
1740546364.398603 8.1398830 23.2499695 48.8193550 -0.2214133 -0.4536777 0.0283270 0.8627574
1740546364.509817 8.1261978 23.2567501 48.8281059 -0.2236646 -0.4546999 0.0289553 0.8616170
1740546364.611457 8.1093388 23.2536926 48.8420792 -0.2273131 -0.4570514 0.0267630 0.8594862
1740546364.708804 8.0992756 23.2657356 48.8485832 -0.2305285 -0.4580039 0.0281608 0.8580769
1740546364.811750 8.0848675 23.2789574 48.8550415 -0.2309552 -0.4592705 0.0268341 0.8573274
1740546364.908655 8.0747013 23.2872543 48.8580246 -0.2331139 -0.4602740 0.0257290 0.8562382
1740546365.015586 8.0742321 23.2888432 48.8593369 -0.2379032 -0.4592781 0.0297482 0.8553249
1740546365.115155 8.0679817 23.2939415 48.8615494 -0.2417059 -0.4585065 0.0294964 0.8546813
1740546365.213359 8.0609741 23.2981682 48.8680038 -0.2445727 -0.4600261 0.0300946 0.8530266
1740546365.317832 8.0477524 23.3039532 48.8708878 -0.2471206 -0.4585405 0.0328241 0.8529916
1740546365.416367 8.0418510 23.3099766 48.8747253 -0.2471518 -0.4591668 0.0320501 0.8526750
1740546365.526418 8.0330925 23.2991714 48.8845215 -0.2520096 -0.4581483 0.0317603 0.8518113
1740546365.628722 8.0086384 23.3119621 48.8960152 -0.2506269 -0.4580383 0.0307061 0.8523170
1740546365.743582 7.9728699 23.2838516 48.8999176 -0.2604335 -0.4529463 0.0277212 0.8522005
1740546365.843155 7.9380112 23.2685966 48.9015503 -0.2666245 -0.4496458 0.0266664 0.8520675
1740546365.941615 7.9006519 23.2573242 48.8929482 -0.2714614 -0.4458145 0.0257367 0.8525818
1740546366.053306 7.8623161 23.2342949 48.9041443 -0.2812274 -0.4426934 0.0236391 0.8511022
1740546366.166718 7.8312263 23.2735634 48.9118767 -0.2839204 -0.4417108 0.0309349 0.8504845
1740546366.271630 7.7993355 23.2922134 48.8955002 -0.2862051 -0.4371202 0.0346207 0.8519472
1740546366.367122 7.7605438 23.2656612 48.8926926 -0.2941734 -0.4317996 0.0307840 0.8520936
1740546366.465455 7.7109318 23.2814980 48.9102669 -0.2952766 -0.4317140 0.0292908 0.8518080
1740546366.574580 7.6738873 23.2788124 48.9254456 -0.2978306 -0.4307224 0.0251625 0.8515527
1740546366.670384 7.6272469 23.2915115 48.9282227 -0.2983606 -0.4269767 0.0193986 0.8534024
1740546366.777789 7.5650234 23.3283005 48.9716301 -0.3004957 -0.4272561 0.0169253 0.8525656
1740546366.874647 7.5004539 23.3704185 49.0139046 -0.3045460 -0.4261952 0.0152207 0.8516911
1740546366.972917 7.4388161 23.4223099 49.0551376 -0.3058924 -0.4258370 0.0142504 0.8514045
1740546367.075704 7.3786316 23.4629402 49.0905952 -0.3093980 -0.4244505 0.0106703 0.8508824
1740546367.175537 7.3209076 23.5052357 49.1246109 -0.3105758 -0.4228934 0.0080165 0.8512577
1740546367.275986 7.2549343 23.5522194 49.1616669 -0.3117290 -0.4207127 0.0054419 0.8519368
1740546367.376254 7.1929951 23.6004505 49.2041054 -0.3145260 -0.4187503 0.0020000 0.8518906
1740546367.476847 7.1414509 23.6375198 49.2412071 -0.3180651 -0.4177675 -0.0015989 0.8510596
1740546367.581545 7.1058884 23.6307030 49.2600937 -0.3241681 -0.4145898 -0.0031024 0.8503063
1740546367.682647 7.0693951 23.6239166 49.2801514 -0.3264459 -0.4115289 -0.0099177 0.8508694
1740546367.792412 7.0333729 23.5979767 49.2990952 -0.3343881 -0.4069658 -0.0165018 0.8498771
1740546367.888282 7.0031719 23.5876789 49.3016853 -0.3390220 -0.4017065 -0.0232022 0.8503868
1740546368.002839 6.9536200 23.5633392 49.3090134 -0.3484639 -0.3940469 -0.0295049 0.8499585
1740546368.097883 6.9152260 23.5483589 49.3219376 -0.3554504 -0.3875201 -0.0363376 0.8498017
1740546368.196057 6.8863993 23.5421715 49.3168869 -0.3606894 -0.3808314 -0.0389751 0.8505008
1740546368.307286 6.8397846 23.5006294 49.3537064 -0.3725561 -0.3748032 -0.0491007 0.8475339
1740546368.507242 6.7683468 23.4953632 49.3824997 -0.3813417 -0.3634712 -0.0638510 0.8475791
1740546368.602648 6.7391176 23.4667606 49.4072495 -0.3901986 -0.3579065 -0.0725910 0.8452092
1740546368.700039 6.7322121 23.4759865 49.4202652 -0.3916432 -0.3560743 -0.0790446 0.8447359
1740546368.808507 6.7236023 23.4718933 49.4282150 -0.3945662 -0.3530597 -0.0850129 0.8440611
1740546368.905254 6.6987419 23.4720669 49.4387321 -0.3986618 -0.3489683 -0.0918053 0.8431262
1740546369.009585 6.6500053 23.4550457 49.4152374 -0.4039046 -0.3338961 -0.0982134 0.8460075
1740546369.405634 6.6411028 23.4776039 49.4428558 -0.4075396 -0.3251635 -0.1179392 0.8451453
1740546369.608071 6.5999393 23.4858570 49.3828735 -0.4124095 -0.3055933 -0.1262445 0.8488777
1740546369.708132 6.6310196 23.4996243 49.3923950 -0.4133123 -0.3073373 -0.1237278 0.8481793
1740546369.810009 6.6232882 23.5002270 49.4272308 -0.4200483 -0.3072557 -0.1283418 0.8442048
1740546369.910000 6.6128116 23.4863472 49.4463272 -0.4235606 -0.3049406 -0.1344093 0.8423430
1740546370.110857 6.6646323 23.5356655 49.4704285 -0.4222027 -0.3075652 -0.1364199 0.8417470
1740546370.207863 6.6848626 23.5494556 49.4896965 -0.4207995 -0.3106444 -0.1382308 0.8410233
1740546370.311503 6.7029376 23.5501633 49.4934273 -0.4232659 -0.3094761 -0.1392614 0.8400458
1740546370.407719 6.7187366 23.5690613 49.4752960 -0.4201695 -0.3081188 -0.1408057 0.8418398
1740546370.510016 6.7396855 23.5776157 49.4856339 -0.4214690 -0.3085349 -0.1390215 0.8413342
1740546370.608665 6.7546558 23.5806293 49.4933319 -0.4240960 -0.3085320 -0.1379761 0.8401865
1740546370.708113 6.7850122 23.5898895 49.5022354 -0.4229492 -0.3127263 -0.1385321 0.8391217
1740546370.814272 6.7978845 23.5918713 49.5165100 -0.4238871 -0.3132772 -0.1395219 0.8382785
1740546370.913925 6.7940040 23.6075802 49.4762344 -0.4200184 -0.3106019 -0.1441509 0.8404353
1740546371.027256 6.8023481 23.5997887 49.4932327 -0.4218706 -0.3124781 -0.1465518 0.8383945
1740546371.125959 6.8604555 23.6044617 49.5448303 -0.4247465 -0.3221256 -0.1396219 0.8344646
1740546371.222784 6.9200630 23.6360397 49.5403023 -0.4172789 -0.3317961 -0.1374162 0.8348093
1740546371.337238 6.9240627 23.6307831 49.5575485 -0.4211287 -0.3319610 -0.1366941 0.8329269
1740546371.435959 6.9328737 23.6731434 49.5542374 -0.4178855 -0.3321053 -0.1393577 0.8340607
1740546371.545514 6.9809666 23.7078457 49.5311050 -0.4101064 -0.3373349 -0.1357782 0.8364103
1740546371.653790 6.9980450 23.7362118 49.5153580 -0.4037573 -0.3401297 -0.1368281 0.8381944
1740546371.762997 7.0511484 23.7793388 49.5143204 -0.3976563 -0.3472386 -0.1316528 0.8390247
1740546371.871912 7.0724306 23.7847614 49.5259361 -0.3966515 -0.3522535 -0.1312308 0.8374745
1740546371.973086 7.1002970 23.8070755 49.5498657 -0.3955358 -0.3581753 -0.1286625 0.8358875
1740546372.091240 7.1123753 23.8335037 49.5529442 -0.3937238 -0.3602482 -0.1273551 0.8360524
1740546372.293835 7.1393843 23.8678284 49.5890579 -0.3940712 -0.3653947 -0.1212829 0.8345568
1740546372.392339 7.1500273 23.8734016 49.5899506 -0.3923234 -0.3688891 -0.1225106 0.8336632
1740546372.501138 7.1941366 23.9125118 49.5654297 -0.3826390 -0.3746704 -0.1164503 0.8364501
1740546372.604202 7.2121391 23.9440193 49.5798187 -0.3788397 -0.3800520 -0.1146643 0.8359984
1740546372.703774 7.2228022 23.9424019 49.6126175 -0.3805148 -0.3861445 -0.1115989 0.8328545
1740546372.811463 7.2328367 23.9552746 49.6367111 -0.3792377 -0.3923441 -0.1104079 0.8306955
1740546372.910020 7.2591591 23.9739113 49.6568756 -0.3780873 -0.3984160 -0.1043516 0.8291112
1740546373.111140 7.3148365 24.0055084 49.7539406 -0.3813115 -0.4180652 -0.0904786 0.8195344
1740546373.208760 7.3041878 23.9895725 49.7255363 -0.3783894 -0.4169264 -0.0950520 0.8209501
1740546373.314400 7.3222370 24.0090370 49.7650414 -0.3785773 -0.4244813 -0.0896820 0.8175892
1740546373.413708 7.3349533 24.0272770 49.7802353 -0.3778166 -0.4303588 -0.0871630 0.8151372
1740546373.625195 7.3485203 24.1173019 49.7587357 -0.3633470 -0.4401062 -0.0833338 0.8169094
1740546373.726356 7.3164043 24.1343918 49.7997169 -0.3652923 -0.4462996 -0.0856275 0.8124322
1740546373.842180 7.3416157 24.1399994 49.7449951 -0.3553764 -0.4426078 -0.0824841 0.8191473
1740546373.944644 7.3589115 24.1830635 49.7971115 -0.3541932 -0.4521557 -0.0756860 0.8150914
1740546374.146312 7.3684750 24.2190323 49.7670364 -0.3411475 -0.4585794 -0.0747080 0.8171548
1740546375.075752 7.4348984 24.2606850 49.9531784 -0.3408766 -0.4912123 -0.0457115 0.8002651
1740546375.174425 7.4525833 24.2807159 49.9602661 -0.3390282 -0.4944014 -0.0392172 0.7994305
1740546375.278986 7.4454937 24.2902908 49.9580460 -0.3384590 -0.4960259 -0.0368894 0.7987760
1740546375.479187 7.4537163 24.2967796 49.9510803 -0.3347566 -0.5015954 -0.0311910 0.7970993
1740546375.689204 7.4346542 24.2768497 49.9864883 -0.3398239 -0.5081646 -0.0306295 0.7907910
1740546375.901196 7.4830303 24.3499527 50.0284233 -0.3325499 -0.5235272 -0.0151482 0.7842833
1740546376.013366 7.4951382 24.3467941 50.0528641 -0.3354297 -0.5277940 -0.0111736 0.7802535
1740546376.326486 7.5014267 24.3582573 50.1750145 -0.3448387 -0.5448796 -0.0010758 0.7643241
1740546376.427689 7.4880180 24.3472595 50.2092400 -0.3493033 -0.5468200 -0.0006837 0.7609038
1740546376.535868 7.4658928 24.3357277 50.2526512 -0.3570211 -0.5494698 -0.0012539 0.7553922
1740546376.640867 7.4692230 24.3536339 50.2703552 -0.3564007 -0.5549398 0.0006503 0.7516780
1740546376.852291 7.4340630 24.3139515 50.3427658 -0.3691718 -0.5614215 -0.0009717 0.7406194
1740546376.956268 7.4303513 24.3043499 50.3531303 -0.3696302 -0.5641612 0.0040888 0.7382947
1740546377.062719 7.4179726 24.3179092 50.3220596 -0.3618913 -0.5633937 0.0003155 0.7427127
1740546377.166076 7.3889771 24.3430042 50.3231621 -0.3603618 -0.5630225 0.0008303 0.7437367
1740546377.379464 7.2127838 24.4287052 50.3314095 -0.3591159 -0.5627797 0.0036439 0.7445143
1740546377.685933 6.9832382 24.5476246 50.3464203 -0.3534829 -0.5634404 0.0069679 0.7466834
1740546378.014318 6.7196846 24.6441784 50.3948784 -0.3498841 -0.5640045 0.0108709 0.7479050
1740546378.117737 6.6391335 24.6936493 50.3999290 -0.3458711 -0.5640395 0.0150697 0.7496703
1740546378.432649 6.3721657 24.7684288 50.4046326 -0.3381941 -0.5560219 0.0207196 0.7589698
1740546378.743613 6.1027260 24.8591156 50.4547157 -0.3274888 -0.5563611 0.0285444 0.7631505
1740546378.959182 5.9511642 24.9543190 50.4961281 -0.3175009 -0.5552486 0.0370191 0.7678032
1740546379.270504 5.6881790 24.9254494 50.5941811 -0.3031309 -0.5558723 0.0454601 0.7726908
1740546379.466020 5.6038399 24.9199066 50.6797218 -0.3036248 -0.5587346 0.0475737 0.7703016
