1740548423.411596 0.0000000 0.0000000 0.0000000 -0.0000000 -0.0000000 -0.0000000 1.0000000
1740548423.992073 0.0399221 0.0402354 0.0615378 0.0014025 -0.0016106 -0.0002675 0.9999977
1740548424.158981 0.0214627 0.0479107 0.1342510 0.0039354 -0.0039668 -0.0002747 0.9999844
1740548424.359175 -0.0008131 0.0353495 0.2031780 0.0061597 -0.0069016 -0.0000368 0.9999572
1740548424.542680 -0.0086092 0.0108445 0.2784113 0.0086792 -0.0116148 -0.0000718 0.9998949
1740548424.675555 -0.0391356 -0.0031268 0.3463258 0.0124354 -0.0159031 0.0003664 0.9997962
1740548424.776019 -0.0626477 -0.0288725 0.4149776 0.0156482 -0.0211062 0.0002981 0.9996547
1740548424.874449 -0.0754163 -0.0460976 0.4900896 0.0200058 -0.0276407 0.0005126 0.9994176
1740548424.972424 -0.0990212 -0.0553808 0.5589510 0.0247143 -0.0342563 0.0005643 0.9991073
1740548425.078700 -0.1109004 -0.0763269 0.6335289 0.0293284 -0.0417922 0.0004132 0.9986957
1740548425.181851 -0.1293804 -0.0902769 0.7030867 0.0341793 -0.0495410 0.0000432 0.9981871
1740548425.397103 -0.1575589 -0.1275499 0.8445480 0.0442572 -0.0662833 0.0002022 0.9968188
1740548425.499597 -0.1737525 -0.1463392 0.9155568 0.0485075 -0.0744807 0.0004188 0.9960420
1740548425.626135 -0.1935266 -0.1557859 0.9885783 0.0528652 -0.0830323 0.0006180 0.9951435
1740548425.733246 -0.2271878 -0.1545480 1.0559962 0.0575783 -0.0911295 0.0003656 0.9941730
1740548425.848590 -0.2564778 -0.1630971 1.1266752 0.0611980 -0.0989992 0.0005855 0.9932037
1740548425.957775 -0.2751835 -0.1847248 1.1938823 0.0636564 -0.1068676 0.0006866 0.9922332
1740548426.069376 -0.2997456 -0.1896804 1.2629912 0.0666148 -0.1142923 0.0006945 0.9912111
1740548426.180571 -0.3318445 -0.1975689 1.3314542 0.0692019 -0.1210255 0.0008880 0.9902339
1740548426.294108 -0.3722614 -0.2134785 1.3898064 0.0704146 -0.1265945 0.0003260 0.9894521
1740548426.411457 -0.3892640 -0.2227625 1.4698505 0.0721571 -0.1335740 0.0004880 0.9884084
1740548426.516364 -0.4246812 -0.2290397 1.5298622 0.0729674 -0.1380151 0.0000178 0.9877387
1740548426.631029 -0.4480892 -0.2232914 1.5974331 0.0742013 -0.1430791 0.0004254 0.9869257
1740548426.741711 -0.4793202 -0.2206381 1.6688082 0.0745709 -0.1472722 0.0001054 0.9862809
1740548426.853231 -0.5160369 -0.2281564 1.7307719 0.0749429 -0.1504834 -0.0004093 0.9857678
1740548426.963659 -0.5335638 -0.2593506 1.8050051 0.0734220 -0.1539991 -0.0009152 0.9853389
1740548427.067302 -0.5618542 -0.2428368 1.8745739 0.0747838 -0.1570400 -0.0007035 0.9847565
1740548427.167199 -0.5896562 -0.2482027 1.9375689 0.0748886 -0.1593660 -0.0010337 0.9843745
1740548427.265465 -0.6152539 -0.2694589 2.0069499 0.0739563 -0.1617192 -0.0014695 0.9840606
1740548427.373211 -0.6474701 -0.2729586 2.0635710 0.0737301 -0.1626036 -0.0014000 0.9839319
1740548427.477202 -0.6613252 -0.2733394 2.1345477 0.0735371 -0.1649617 -0.0013106 0.9835539
1740548427.593805 -0.6975440 -0.2695841 2.1964107 0.0733439 -0.1656777 -0.0010972 0.9834483
1740548427.701881 -0.7396926 -0.2968308 2.2537003 0.0719990 -0.1660320 -0.0022804 0.9834858
1740548427.814581 -0.7763807 -0.3046704 2.3173232 0.0710312 -0.1663389 -0.0025650 0.9835036
1740548427.927855 -0.8079841 -0.3066812 2.3788843 0.0707486 -0.1667259 -0.0025185 0.9834586
1740548428.032786 -0.8318753 -0.3074816 2.4490287 0.0703684 -0.1674573 -0.0025861 0.9833614
1740548428.146209 -0.8720158 -0.3078377 2.5041380 0.0702701 -0.1666944 -0.0028998 0.9834972
1740548428.253386 -0.8925872 -0.3001137 2.5691485 0.0704963 -0.1667041 -0.0025500 0.9834803
1740548428.375447 -0.9253268 -0.2981785 2.6294041 0.0703656 -0.1658527 -0.0025991 0.9836335
1740548428.483218 -0.9621728 -0.3031650 2.6916511 0.0702403 -0.1646758 -0.0030295 0.9838389
1740548428.600637 -0.9850503 -0.2964620 2.7577286 0.0701639 -0.1643928 -0.0028670 0.9838922
1740548428.708862 -1.0121199 -0.2944974 2.8235974 0.0702560 -0.1635134 -0.0030003 0.9840317
1740548428.819528 -1.0380369 -0.3075209 2.8932827 0.0701117 -0.1631213 -0.0031402 0.9841067
1740548428.930646 -1.0590872 -0.3116546 2.9577549 0.0698819 -0.1622708 -0.0028170 0.9842646
1740548429.029778 -1.0887876 -0.3229023 3.0283475 0.0702647 -0.1615660 -0.0030033 0.9843527
1740548429.131916 -1.1334760 -0.3322449 3.0722477 0.0707101 -0.1581765 -0.0030317 0.9848711
1740548429.230769 -1.1581731 -0.3345403 3.1399951 0.0723947 -0.1574131 -0.0025873 0.9848723
1740548429.335454 -1.1908555 -0.3491414 3.2066500 0.0722168 -0.1558443 -0.0026516 0.9851347
1740548429.437342 -1.2018417 -0.3630832 3.2775149 0.0724980 -0.1548957 -0.0024352 0.9852642
1740548429.538262 -1.2386373 -0.3581101 3.3319657 0.0744999 -0.1524552 -0.0020906 0.9854962
1740548429.644311 -1.2634318 -0.3489258 3.4034023 0.0761262 -0.1515790 -0.0011842 0.9855086
1740548429.743009 -1.2855036 -0.3469831 3.4769950 0.0774304 -0.1502248 -0.0013944 0.9856141
1740548429.848090 -1.3098439 -0.3323306 3.5587602 0.0789719 -0.1489594 -0.0003561 0.9856848
1740548429.947742 -1.3288009 -0.3330256 3.6282303 0.0808533 -0.1472068 -0.0002406 0.9857956
1740548430.051077 -1.3617536 -0.3411795 3.6939530 0.0832109 -0.1445201 -0.0000966 0.9859969
1740548430.154402 -1.3906353 -0.3516193 3.7657638 0.0861226 -0.1418470 0.0004805 0.9861349
1740548430.256141 -1.4067004 -0.3637668 3.8410070 0.0886407 -0.1397346 0.0004394 0.9862134
1740548430.361830 -1.4290918 -0.3726624 3.9061556 0.0916604 -0.1363113 0.0013038 0.9864157
1740548430.460677 -1.4269048 -0.3911867 3.9752467 0.0947591 -0.1351978 0.0021689 0.9862746
1740548430.566442 -1.4480505 -0.4035377 4.0433135 0.0980579 -0.1324135 0.0028500 0.9863282
1740548430.667565 -1.4649733 -0.4038993 4.1155262 0.1023054 -0.1305732 0.0030439 0.9861415
1740548430.770261 -1.4813123 -0.4301281 4.1905360 0.1049101 -0.1285073 0.0031951 0.9861387
1740548430.877244 -1.4790195 -0.4507710 4.2445946 0.1069034 -0.1286296 0.0040987 0.9859053
1740548430.976146 -1.4605770 -0.4689586 4.3009963 0.1096599 -0.1292116 0.0044670 0.9855248
1740548431.079576 -1.4554861 -0.4733929 4.3608212 0.1126670 -0.1293814 0.0032849 0.9851679
1740548431.180208 -1.4420363 -0.4783884 4.3910117 0.1150926 -0.1314838 0.0033423 0.9846088
1740548431.279979 -1.4346341 -0.4775865 4.4123106 0.1188747 -0.1318991 0.0037581 0.9841023
1740548431.383428 -1.4281192 -0.4823010 4.4322157 0.1211186 -0.1327446 0.0045690 0.9837115
1740548431.482650 -1.4269382 -0.4917511 4.4756141 0.1242080 -0.1311200 0.0041336 0.9835461
1740548431.593340 -1.4170539 -0.4829487 4.5180125 0.1287276 -0.1336847 0.0031570 0.9826229
1740548431.692355 -1.4118482 -0.4858821 4.5467653 0.1317902 -0.1349504 0.0035909 0.9820422
1740548431.794581 -1.4048297 -0.4880280 4.5639920 0.1337698 -0.1368248 0.0040248 0.9815133
1740548431.907716 -1.4298217 -0.5202692 4.5979524 0.1339615 -0.1363095 0.0043259 0.9815576
1740548432.012425 -1.4441420 -0.5277286 4.6265173 0.1345158 -0.1357189 0.0054137 0.9815583
1740548432.135100 -1.4406688 -0.5250576 4.6489491 0.1375790 -0.1374170 0.0034181 0.9809061
1740548432.242748 -1.4384718 -0.5188159 4.6699977 0.1379703 -0.1380185 0.0027760 0.9807688
1740548432.355569 -1.4642916 -0.6029742 4.6788478 0.1332952 -0.1347488 0.0049038 0.9818611
1740548432.463763 -1.4887904 -0.6184700 4.7331457 0.1345864 -0.1339649 0.0056732 0.9817880
1740548432.569799 -1.5318060 -0.6256567 4.7685938 0.1349632 -0.1312591 0.0070458 0.9820929
1740548432.674498 -1.5439343 -0.6203228 4.8150997 0.1366030 -0.1312487 0.0065855 0.9818707
1740548432.775604 -1.5422901 -0.6601344 4.8643289 0.1338970 -0.1328616 0.0067951 0.9820251
1740548432.884062 -1.5479790 -0.6652616 4.8971934 0.1350582 -0.1342015 0.0060554 0.9816887
1740548432.985883 -1.5393287 -0.6879330 4.9356003 0.1327629 -0.1360099 0.0053170 0.9817571
1740548433.097919 -1.5647472 -0.6886575 4.9684196 0.1346404 -0.1358411 0.0056533 0.9815229
1740548433.198157 -1.5963339 -0.7132874 4.9975271 0.1333421 -0.1336753 0.0065918 0.9819915
1740548433.297796 -1.5938612 -0.7127116 5.0545940 0.1341738 -0.1362984 0.0049730 0.9815271
1740548433.412581 -1.5864080 -0.7227283 5.1132612 0.1345477 -0.1387922 0.0041386 0.9811302
1740548433.511273 -1.5759147 -0.7359343 5.1513968 0.1336402 -0.1412439 0.0036303 0.9809064
1740548433.618488 -1.6069627 -0.7570203 5.2038484 0.1327442 -0.1401179 0.0039684 0.9811882
1740548433.720026 -1.6209085 -0.7633499 5.2570691 0.1342577 -0.1414583 0.0036401 0.9807911
1740548433.828007 -1.6148278 -0.7777123 5.2959199 0.1325052 -0.1436094 0.0033877 0.9807177
1740548433.931635 -1.6182402 -0.7952808 5.3250065 0.1311196 -0.1443127 0.0045324 0.9807961
1740548434.033622 -1.6352680 -0.7809136 5.3727660 0.1334935 -0.1457710 0.0049255 0.9802582
1740548434.139156 -1.6535221 -0.8008391 5.4260254 0.1334808 -0.1475878 0.0047592 0.9799888
1740548434.245045 -1.6704059 -0.8165007 5.4603596 0.1333342 -0.1487930 0.0053551 0.9798234
1740548434.360871 -1.6741110 -0.8480808 5.4800777 0.1319386 -0.1487931 0.0032020 0.9800218
1740548434.467835 -1.6825131 -0.8892852 5.5272050 0.1307460 -0.1509430 0.0041175 0.9798493
1740548434.583502 -1.6833875 -0.8741136 5.5861802 0.1341007 -0.1531254 0.0034730 0.9790595
1740548434.695461 -1.6818181 -0.8753850 5.6201787 0.1365395 -0.1544630 0.0026430 0.9785148
1740548434.813225 -1.6907010 -0.8938702 5.6302881 0.1347170 -0.1547069 0.0021889 0.9787300
1740548434.925310 -1.7067851 -0.9282517 5.6567626 0.1325496 -0.1549655 0.0017356 0.9789858
1740548435.033828 -1.7045244 -0.9388461 5.7110138 0.1356267 -0.1577171 0.0025936 0.9781227
1740548435.150551 -1.6970947 -0.9488906 5.7561054 0.1368518 -0.1609817 0.0010185 0.9774229
1740548435.260564 -1.6891295 -0.9642158 5.8000913 0.1393870 -0.1633776 0.0009919 0.9766668
1740548435.375586 -1.7155297 -0.9736811 5.8186188 0.1413120 -0.1614698 0.0011209 0.9767073
1740548435.483863 -1.7263365 -0.9800570 5.8286872 0.1417786 -0.1588541 0.0004828 0.9770691
1740548435.604134 -1.7250640 -0.9714520 5.8543262 0.1460593 -0.1600015 0.0028304 0.9762470
1740548435.714909 -1.7356366 -0.9894635 5.8981276 0.1460941 -0.1616027 0.0027994 0.9759781
1740548435.827956 -1.7769115 -1.0113547 5.9478674 0.1457458 -0.1597417 0.0036359 0.9763337
1740548435.930889 -1.7990912 -1.0321593 5.9699626 0.1423991 -0.1563544 0.0036585 0.9773753
1740548436.031705 -1.8010093 -1.0331296 5.9743271 0.1425302 -0.1532817 0.0051170 0.9778362
1740548436.136632 -1.8331467 -1.0489358 6.0044146 0.1428326 -0.1493348 0.0053849 0.9784012
1740548436.241374 -1.8589655 -1.0641904 6.0206447 0.1411273 -0.1437149 0.0060960 0.9794856
1740548436.353779 -1.8867828 -1.0968735 6.0708528 0.1387066 -0.1412719 0.0062527 0.9801855
1740548436.460624 -1.8970824 -1.1093950 6.0890188 0.1365939 -0.1392758 0.0069673 0.9807629
1740548436.572392 -1.9147099 -1.1304520 6.1170478 0.1348675 -0.1366195 0.0076947 0.9813698
1740548436.680039 -1.9410125 -1.1630197 6.1438766 0.1325014 -0.1321286 0.0072008 0.9823104
1740548436.780054 -1.9581769 -1.1758192 6.1712556 0.1301225 -0.1267960 0.0079199 0.9833251
1740548436.896998 -1.9973685 -1.1877183 6.2096519 0.1281724 -0.1214300 0.0097487 0.9842417
1740548436.998530 -2.0251982 -1.1889216 6.2436352 0.1282057 -0.1158539 0.0111582 0.9848943
1740548437.107249 -2.0374398 -1.1997116 6.2681880 0.1263828 -0.1137332 0.0099024 0.9853904
1740548437.210881 -2.0519962 -1.2116501 6.3007584 0.1225852 -0.1125854 0.0100629 0.9860001
1740548437.322926 -2.0533550 -1.2263862 6.3445358 0.1202952 -0.1138747 0.0098329 0.9861364
1740548437.427471 -2.0549145 -1.2334970 6.3541083 0.1183710 -0.1134383 0.0103409 0.9864143
1740548437.530781 -2.0505431 -1.2386885 6.3688574 0.1151069 -0.1134262 0.0109452 0.9867954
1740548437.638592 -2.0522432 -1.2331626 6.3706026 0.1149283 -0.1122833 0.0105181 0.9869515
1740548437.743739 -2.0621917 -1.2401620 6.3835497 0.1118289 -0.1080398 0.0092284 0.9877938
1740548437.855087 -2.0698793 -1.2353613 6.3933697 0.1107856 -0.1060831 0.0078135 0.9881356
1740548437.963475 -2.0728033 -1.2343328 6.3912201 0.1086220 -0.1037243 0.0079787 0.9886248
1740548438.073403 -2.0963542 -1.2320762 6.4162545 0.1072901 -0.1009436 0.0063073 0.9890700
1740548438.178769 -2.1202426 -1.2503638 6.4454126 0.1025523 -0.0981460 0.0068672 0.9898501
1740548438.281679 -2.1341753 -1.2697664 6.4577770 0.0971019 -0.0965669 0.0071687 0.9905527
1740548438.389265 -2.1464970 -1.2711539 6.4780788 0.0950405 -0.0965955 0.0071660 0.9907498
1740548438.494459 -2.1469202 -1.2733173 6.4842997 0.0934233 -0.0970690 0.0054561 0.9908683
1740548438.606443 -2.1563189 -1.2683495 6.4990411 0.0929101 -0.0953657 0.0066228 0.9910749
1740548438.711440 -2.1747372 -1.2583801 6.5227356 0.0943961 -0.0932069 0.0072316 0.9911355
1740548438.825361 -2.1916530 -1.2469802 6.5432196 0.0951798 -0.0916247 0.0087838 0.9911956
1740548438.932674 -2.1971874 -1.2459843 6.5524845 0.0925592 -0.0913470 0.0087015 0.9914700
1740548439.042221 -2.2024970 -1.2402275 6.5684853 0.0941764 -0.0911983 0.0094669 0.9913244
1740548439.154920 -2.2080677 -1.2379668 6.5765996 0.0930968 -0.0907143 0.0092734 0.9914726
1740548439.264242 -2.2144864 -1.2450777 6.5925398 0.0905047 -0.0900478 0.0100388 0.9917659
1740548439.375477 -2.2169902 -1.2426469 6.5939479 0.0891951 -0.0887648 0.0108052 0.9919921
1740548439.478424 -2.2148635 -1.2377735 6.5895925 0.0895521 -0.0885166 0.0074809 0.9920127
1740548439.586313 -2.2153049 -1.2371343 6.5890346 0.0873054 -0.0891080 0.0086170 0.9921508
1740548439.694707 -2.2185559 -1.2341064 6.5892653 0.0851448 -0.0884581 0.0103932 0.9923797
1740548439.797186 -2.2157915 -1.2347090 6.5870056 0.0820545 -0.0884349 0.0109351 0.9926363
1740548439.906667 -2.2162848 -1.2351419 6.5871720 0.0795501 -0.0874866 0.0097850 0.9929361
1740548440.012675 -2.2170775 -1.2370759 6.5970163 0.0778427 -0.0872940 0.0091478 0.9930945
1740548440.123321 -2.2152193 -1.2413263 6.6033902 0.0754958 -0.0879390 0.0096629 0.9932138
1740548440.229831 -2.2084808 -1.2455108 6.6014681 0.0727344 -0.0898203 0.0095346 0.9932528
1740548440.338465 -2.2090883 -1.2474957 6.6015615 0.0705163 -0.0890468 0.0098804 0.9934790
1740548440.449858 -2.2086008 -1.2511469 6.6056066 0.0685013 -0.0873152 0.0103641 0.9937687
1740548440.574018 -2.2069707 -1.2568543 6.6086826 0.0671681 -0.0886744 0.0121146 0.9937196
1740548440.681487 -2.2037048 -1.2612811 6.6149445 0.0646974 -0.0887527 0.0113718 0.9938853
1740548440.792765 -2.1997330 -1.2675216 6.6149259 0.0617225 -0.0890971 0.0120929 0.9940351
1740548440.929674 -2.1987002 -1.2678182 6.6148229 0.0594986 -0.0900139 0.0136957 0.9940673
1740548441.039858 -2.1981492 -1.2680105 6.6155543 0.0579730 -0.0909959 0.0097714 0.9941144
1740548441.160551 -2.1838927 -1.2695524 6.6215639 0.0555113 -0.0965770 0.0087253 0.9937381
1740548441.270767 -2.1752052 -1.2742974 6.6351972 0.0541455 -0.1009957 0.0085683 0.9933754
1740548441.398810 -2.1655037 -1.2755523 6.6598754 0.0526261 -0.1051223 0.0066503 0.9930436
1740548441.510249 -2.1672919 -1.2900399 6.7021174 0.0492552 -0.1068806 0.0013767 0.9930502
1740548441.626918 -2.1653419 -1.2939488 6.7209668 0.0469525 -0.1090633 0.0003825 0.9929252
1740548441.737610 -2.1536887 -1.2920061 6.7234964 0.0472643 -0.1126515 0.0003314 0.9925098
1740548441.857899 -2.1548457 -1.2986959 6.7584062 0.0453168 -0.1154852 -0.0000253 0.9922749
1740548441.971885 -2.1580207 -1.3020337 6.8166394 0.0442678 -0.1171513 -0.0009628 0.9921265
1740548442.091244 -2.1623640 -1.3031157 6.8538046 0.0428381 -0.1189955 -0.0008050 0.9919699
1740548442.205107 -2.1589637 -1.3021967 6.8782191 0.0435717 -0.1208406 0.0008445 0.9917148
1740548442.334564 -2.1653271 -1.3096009 6.9130039 0.0409680 -0.1223104 0.0002469 0.9916460
1740548442.447971 -2.1732216 -1.3147657 6.9614959 0.0396898 -0.1236786 0.0006888 0.9915280
1740548442.560248 -2.1713374 -1.3136476 6.9944658 0.0380457 -0.1268980 -0.0004409 0.9911858
1740548442.686578 -2.1825736 -1.3156056 7.0601525 0.0366932 -0.1278994 -0.0012603 0.9911073
1740548442.798891 -2.1937411 -1.3188725 7.1329556 0.0352859 -0.1279104 -0.0004914 0.9911577
1740548442.916207 -2.2101357 -1.3196379 7.2069697 0.0338137 -0.1282414 -0.0014164 0.9911654
1740548443.030502 -2.2253799 -1.3189806 7.2711000 0.0331996 -0.1286505 -0.0016925 0.9911327
1740548443.156695 -2.2514091 -1.3253396 7.3519802 0.0314864 -0.1291647 -0.0017904 0.9911215
1740548443.280761 -2.2806773 -1.3187946 7.4127040 0.0303767 -0.1287925 -0.0015334 0.9912050
1740548443.404493 -2.3117785 -1.3209459 7.4799461 0.0288496 -0.1279158 -0.0024589 0.9913623
1740548443.516885 -2.3336084 -1.3187592 7.5593853 0.0266758 -0.1283423 -0.0025460 0.9913679
1740548443.630730 -2.3590794 -1.3068980 7.6345496 0.0253340 -0.1280804 -0.0028458 0.9914361
1740548443.733944 -2.3819261 -1.2955668 7.7103376 0.0237280 -0.1277506 -0.0030309 0.9915178
1740548443.846169 -2.3986037 -1.2841944 7.7865052 0.0225428 -0.1273294 -0.0031252 0.9915994
1740548443.950148 -2.4274445 -1.2753392 7.8620744 0.0214036 -0.1265386 -0.0027778 0.9917269
1740548444.055165 -2.4424353 -1.2623852 7.9399648 0.0209644 -0.1257523 -0.0025555 0.9918368
1740548444.165064 -2.4743736 -1.2698128 8.0146313 0.0201135 -0.1243589 -0.0032373 0.9920282
1740548444.269643 -2.4960680 -1.2753382 8.0935974 0.0189220 -0.1227470 -0.0035459 0.9922513
1740548444.381477 -2.5045352 -1.2768337 8.1706858 0.0187396 -0.1212002 -0.0032094 0.9924460
1740548444.487286 -2.5105338 -1.2943211 8.2476931 0.0186688 -0.1195891 -0.0033396 0.9926423
1740548444.599237 -2.5232673 -1.3123419 8.3249435 0.0181656 -0.1176079 -0.0034709 0.9928879
1740548444.710366 -2.5258265 -1.3138795 8.4016037 0.0189723 -0.1160592 -0.0031196 0.9930562
1740548444.815216 -2.5276308 -1.3308359 8.4853172 0.0187294 -0.1150861 -0.0032183 0.9931737
1740548444.931428 -2.5354710 -1.3246273 8.5627499 0.0193797 -0.1138591 -0.0033197 0.9933023
1740548445.039305 -2.5687346 -1.3292692 8.6383400 0.0193710 -0.1117903 -0.0031263 0.9935381
1740548445.165729 -2.5964310 -1.3190676 8.7120943 0.0199826 -0.1101915 -0.0034329 0.9937035
1740548445.278411 -2.6173699 -1.3152392 8.7873049 0.0202312 -0.1090325 -0.0032399 0.9938270
1740548445.398875 -2.6112211 -1.3234378 8.8666658 0.0195820 -0.1087354 -0.0033812 0.9938721
1740548445.510241 -2.6298590 -1.3367342 8.9411221 0.0196796 -0.1080196 -0.0033731 0.9939483
1740548445.625542 -2.6529293 -1.3405423 9.0168934 0.0196570 -0.1074036 -0.0035679 0.9940148
1740548445.735487 -2.6800864 -1.3465035 9.0922489 0.0186530 -0.1068404 -0.0039608 0.9940933
1740548445.850738 -2.7055831 -1.3399929 9.1671448 0.0185631 -0.1066842 -0.0040294 0.9941115
1740548445.963403 -2.7013369 -1.3532804 9.2488194 0.0170442 -0.1078429 -0.0037099 0.9940149
1740548446.069782 -2.7298994 -1.3600616 9.3252678 0.0156051 -0.1080451 -0.0040938 0.9940151
1740548446.182341 -2.7403426 -1.3635658 9.4024601 0.0142025 -0.1092875 -0.0040819 0.9939004
1740548446.291158 -2.7550759 -1.3651050 9.4800940 0.0126287 -0.1106940 -0.0042184 0.9937654
1740548446.415025 -2.7814832 -1.3592536 9.5566492 0.0111262 -0.1116913 -0.0045840 0.9936701
1740548446.523297 -2.7976923 -1.3607860 9.6333456 0.0088159 -0.1131879 -0.0050016 0.9935219
1740548446.639739 -2.8110383 -1.3632672 9.7129421 0.0065228 -0.1149523 -0.0051841 0.9933361
1740548446.865691 -2.8646255 -1.3616941 9.8636427 0.0017769 -0.1185174 -0.0057766 0.9929336
1740548446.972333 -2.8677924 -1.3641713 9.9452667 -0.0012523 -0.1211520 -0.0061798 0.9926140
1740548447.088730 -2.8988392 -1.3619099 10.0192642 -0.0038373 -0.1231271 -0.0065555 0.9923618
1740548447.204958 -2.9243739 -1.3556471 10.0939436 -0.0062399 -0.1255081 -0.0068586 0.9920493
1740548447.316717 -2.9488018 -1.3464795 10.1666222 -0.0091763 -0.1279548 -0.0074087 0.9917099
1740548447.433723 -2.9802856 -1.3366432 10.2391071 -0.0119827 -0.1300263 -0.0076653 0.9914085
1740548447.548409 -3.0009160 -1.3172337 10.3108091 -0.0147229 -0.1325014 -0.0079698 0.9910415
1740548447.670339 -3.0192139 -1.3132813 10.3890314 -0.0173365 -0.1352388 -0.0082606 0.9906269
1740548447.782819 -3.0437863 -1.3151677 10.4651737 -0.0202933 -0.1377371 -0.0084503 0.9902249
1740548447.899056 -3.0734706 -1.3103547 10.5371904 -0.0221068 -0.1402898 -0.0088657 0.9898240
1740548448.014563 -3.0954690 -1.3106036 10.6136580 -0.0247432 -0.1430793 -0.0093119 0.9893581
1740548448.135357 -3.1192894 -1.3015817 10.6838169 -0.0263024 -0.1457741 -0.0094222 0.9889234
1740548448.249093 -3.1524570 -1.2922775 10.7546034 -0.0285673 -0.1482736 -0.0097566 0.9884856
1740548448.365425 -3.1786764 -1.2889216 10.8309517 -0.0306338 -0.1509428 -0.0097930 0.9880192
1740548448.472250 -3.2023182 -1.2816122 10.9074860 -0.0327853 -0.1540395 -0.0100122 0.9874699
1740548448.579989 -3.2248878 -1.2610177 10.9816599 -0.0335302 -0.1570095 -0.0098015 0.9869791
1740548448.694748 -3.2468376 -1.2572736 11.0570669 -0.0346695 -0.1603063 -0.0102690 0.9864048
1740548448.801423 -3.2594495 -1.2460815 11.1363001 -0.0357583 -0.1639001 -0.0101101 0.9857768
1740548448.919890 -3.2938070 -1.2472630 11.2079964 -0.0373966 -0.1668147 -0.0104921 0.9852229
1740548449.031475 -3.3382106 -1.2492561 11.2766294 -0.0390989 -0.1692913 -0.0104791 0.9847345
1740548449.145936 -3.3701699 -1.2379324 11.3444672 -0.0400254 -0.1721969 -0.0105843 0.9841922
1740548449.252127 -3.4028106 -1.2339399 11.4205093 -0.0415807 -0.1754405 -0.0106087 0.9835544
1740548449.368122 -3.4123764 -1.2312179 11.5013218 -0.0428250 -0.1794305 -0.0108133 0.9827786
1740548449.473211 -3.4631932 -1.2259958 11.5638208 -0.0446290 -0.1819168 -0.0110179 0.9822388
1740548449.581028 -3.4964468 -1.2205945 11.6368036 -0.0460016 -0.1849343 -0.0109120 0.9816130
1740548449.695649 -3.5273397 -1.2078707 11.7033405 -0.0475332 -0.1878244 -0.0112151 0.9809877
1740548449.801793 -3.5592346 -1.2023332 11.7761097 -0.0495134 -0.1910099 -0.0114320 0.9802719
1740548449.923446 -3.5951943 -1.1956897 11.8473921 -0.0516077 -0.1938889 -0.0120478 0.9795911
1740548450.035920 -3.6359904 -1.1890545 11.9153175 -0.0542490 -0.1964631 -0.0119102 0.9789369
1740548450.152867 -3.6677637 -1.1797062 11.9864349 -0.0568063 -0.1993361 -0.0121431 0.9782079
1740548450.266237 -3.7026939 -1.1811938 12.0606699 -0.0599753 -0.2019631 -0.0126436 0.9774733
1740548450.386157 -3.7356772 -1.1664190 12.1316528 -0.0624498 -0.2046080 -0.0130313 0.9767629
1740548450.494612 -3.7680402 -1.1554672 12.2019701 -0.0658074 -0.2073807 -0.0135810 0.9759499
1740548450.610423 -3.7967098 -1.1485265 12.2732983 -0.0694677 -0.2099401 -0.0142927 0.9751385
1740548450.721797 -3.8320594 -1.1382501 12.3446064 -0.0729457 -0.2121089 -0.0148776 0.9744062
1740548450.832942 -3.8666635 -1.1167855 12.4137402 -0.0763909 -0.2146163 -0.0155657 0.9735820
1740548450.966385 -3.8980312 -1.1026984 12.4818182 -0.0802344 -0.2169340 -0.0163534 0.9727460
1740548451.072609 -3.9319606 -1.0822263 12.5482826 -0.0843436 -0.2190593 -0.0169380 0.9719117
1740548451.187549 -3.9725704 -1.0600009 12.6152678 -0.0879581 -0.2213063 -0.0176300 0.9710696
1740548451.294715 -4.0075727 -1.0438919 12.6839848 -0.0920352 -0.2231756 -0.0186407 0.9702446
1740548451.403629 -4.0383520 -1.0261412 12.7547607 -0.0959332 -0.2251601 -0.0194885 0.9693915
1740548451.510069 -4.0767045 -1.0040967 12.8207483 -0.0997820 -0.2268014 -0.0201792 0.9686060
1740548451.619780 -4.1173120 -0.9838610 12.8832722 -0.1037391 -0.2281508 -0.0205716 0.9678648
1740548451.726128 -4.1364174 -0.9612170 12.9614487 -0.1069339 -0.2301025 -0.0212601 0.9670398
1740548451.831706 -4.1757698 -0.9348595 13.0265942 -0.1100147 -0.2312153 -0.0218020 0.9664165
1740548451.941268 -4.2138181 -0.9142935 13.0904922 -0.1135422 -0.2319188 -0.0225349 0.9658230
1740548452.049934 -4.2588072 -0.8863041 13.1511450 -0.1164335 -0.2322181 -0.0231534 0.9653921
1740548452.156780 -4.2935271 -0.8644852 13.2179146 -0.1194281 -0.2325915 -0.0237209 0.9649225
1740548452.262038 -4.3387656 -0.8373852 13.2789688 -0.1219457 -0.2322647 -0.0242819 0.9646723
1740548452.368901 -4.3731709 -0.8071716 13.3449268 -0.1239417 -0.2319981 -0.0248564 0.9644675
1740548452.472867 -4.4083042 -0.7842169 13.4133987 -0.1258771 -0.2314504 -0.0252151 0.9643391
1740548452.576337 -4.4451022 -0.7554317 13.4787502 -0.1274941 -0.2304704 -0.0256919 0.9643488
1740548452.683477 -4.4940791 -0.7374679 13.5383892 -0.1292979 -0.2286482 -0.0263644 0.9645242
1740548452.785789 -4.5292821 -0.7110741 13.6043720 -0.1306020 -0.2269331 -0.0265079 0.9647496
1740548452.893081 -4.5632539 -0.6884611 13.6718969 -0.1317621 -0.2249323 -0.0273160 0.9650378
1740548453.001281 -4.5978246 -0.6673292 13.7407713 -0.1327310 -0.2225609 -0.0277515 0.9654424
1740548453.111603 -4.6262002 -0.6545179 13.8112020 -0.1338240 -0.2200409 -0.0285665 0.9658453
1740548453.218083 -4.6625805 -0.6391515 13.8805628 -0.1349086 -0.2171588 -0.0292203 0.9663271
1740548453.319266 -4.6931090 -0.6249009 13.9509478 -0.1364900 -0.2141998 -0.0297537 0.9667491
1740548453.425561 -4.7227397 -0.6135918 14.0248098 -0.1380266 -0.2110482 -0.0306034 0.9671974
1740548453.529798 -4.7520614 -0.5963680 14.0976820 -0.1398618 -0.2078312 -0.0315091 0.9676012
1740548453.640807 -4.7839518 -0.5876098 14.1692333 -0.1429594 -0.2045333 -0.0328033 0.9678082
1740548453.742699 -4.8148608 -0.5656980 14.2422686 -0.1452886 -0.2011578 -0.0335941 0.9681417
1740548453.865179 -4.8412585 -0.5525911 14.3111219 -0.1489086 -0.1974521 -0.0350452 0.9683030
1740548453.970849 -4.8730664 -0.5307313 14.3788624 -0.1530693 -0.1939086 -0.0361300 0.9683304
1740548454.081420 -4.8812585 -0.5063469 14.4576597 -0.1576547 -0.1912190 -0.0374869 0.9680780
1740548454.198347 -4.9025025 -0.4857742 14.5297728 -0.1635770 -0.1882817 -0.0394137 0.9675946
1740548454.303845 -4.9178181 -0.4590884 14.6059427 -0.1696316 -0.1859031 -0.0409050 0.9669498
1740548454.425579 -4.9399333 -0.4331709 14.6780396 -0.1768316 -0.1837008 -0.0425583 0.9660090
1740548454.532159 -4.9572144 -0.4024956 14.7521009 -0.1846442 -0.1820683 -0.0443774 0.9647737
1740548454.646144 -4.9757042 -0.3713375 14.8244219 -0.1930634 -0.1810818 -0.0461622 0.9632264
1740548454.748919 -4.9929085 -0.3329466 14.8928375 -0.2022490 -0.1801959 -0.0475629 0.9614378
1740548454.869899 -5.0100865 -0.2929832 14.9586191 -0.2117342 -0.1800301 -0.0496845 0.9593171
1740548454.969058 -5.0352311 -0.2518569 15.0196505 -0.2222434 -0.1802487 -0.0515011 0.9567999
1740548455.072230 -5.0479383 -0.2021375 15.0804472 -0.2326532 -0.1811711 -0.0530624 0.9540618
1740548455.186983 -5.0693130 -0.1515486 15.1339359 -0.2434255 -0.1824755 -0.0549028 0.9510165
1740548455.287716 -5.0907011 -0.0980325 15.1850023 -0.2546124 -0.1843130 -0.0564833 0.9476344
1740548455.398052 -5.1165681 -0.0403156 15.2329502 -0.2652958 -0.1864757 -0.0580853 0.9441775
1740548455.499154 -5.1457887 0.0199602 15.2804451 -0.2761860 -0.1890946 -0.0591847 0.9404582
1740548455.620379 -5.1670709 0.0812420 15.3300190 -0.2864705 -0.1922616 -0.0603876 0.9366555
1740548455.719460 -5.1934190 0.1392038 15.3763313 -0.2966200 -0.1955914 -0.0612450 0.9327431
1740548455.823444 -5.2348084 0.1937306 15.4175749 -0.3067607 -0.1984085 -0.0620369 0.9288075
1740548455.934248 -5.2634792 0.2467508 15.4649105 -0.3160828 -0.2018887 -0.0628942 0.9248659
1740548456.038983 -5.3044209 0.2975645 15.5093632 -0.3250583 -0.2050957 -0.0636407 0.9209901
1740548456.150555 -5.3379555 0.3576183 15.5533371 -0.3328607 -0.2086147 -0.0640069 0.9173804
1740548456.255211 -5.3788104 0.4088669 15.5969696 -0.3404666 -0.2115171 -0.0643373 0.9138948
1740548456.366497 -5.4161415 0.4640176 15.6370220 -0.3470950 -0.2144410 -0.0644088 0.9107095
1740548456.472359 -5.4542027 0.5210972 15.6787167 -0.3529456 -0.2171908 -0.0646793 0.9077854
1740548456.579016 -5.4979644 0.5755620 15.7213488 -0.3583881 -0.2193563 -0.0648100 0.9051191
1740548456.687106 -5.5291662 0.6328862 15.7664423 -0.3627788 -0.2214753 -0.0651626 0.9028256
1740548456.792168 -5.5583191 0.6933959 15.8084183 -0.3665049 -0.2234780 -0.0651273 0.9008275
1740548456.903532 -5.5863771 0.7471611 15.8560743 -0.3701937 -0.2246549 -0.0653940 0.8990052
1740548457.007292 -5.6048775 0.8106666 15.9023304 -0.3726943 -0.2257455 -0.0651442 0.8977161
1740548457.116814 -5.6239996 0.8656600 15.9516201 -0.3748809 -0.2265203 -0.0654222 0.8965895
1740548457.222953 -5.6319680 0.9279320 16.0036716 -0.3759198 -0.2277008 -0.0651699 0.8958736
1740548457.332696 -5.6491995 0.9862964 16.0529137 -0.3771630 -0.2279939 -0.0653090 0.8952662
1740548457.442506 -5.6713696 1.0382440 16.1033573 -0.3779917 -0.2280274 -0.0654617 0.8948970
1740548457.552194 -5.6867809 1.0997460 16.1519909 -0.3780972 -0.2286498 -0.0653801 0.8946995
1740548457.660736 -5.7069654 1.1615176 16.2026196 -0.3776241 -0.2291182 -0.0650332 0.8948048
1740548457.767243 -5.7337213 1.2092202 16.2545204 -0.3771687 -0.2292950 -0.0650408 0.8949510
1740548457.875970 -5.7709970 1.2596304 16.3018761 -0.3765111 -0.2295211 -0.0646982 0.8951948
1740548457.980313 -5.8077455 1.3119314 16.3520374 -0.3753213 -0.2300968 -0.0643424 0.8955722
1740548458.080396 -5.8454590 1.3628926 16.4001541 -0.3740902 -0.2305151 -0.0638083 0.8960177
1740548458.187393 -5.8793726 1.4193940 16.4459152 -0.3723492 -0.2310980 -0.0631547 0.8966389
1740548458.287901 -5.9130797 1.4741657 16.4920902 -0.3705520 -0.2314710 -0.0622079 0.8973532
1740548458.394916 -5.9519753 1.5219562 16.5431633 -0.3691635 -0.2320833 -0.0618807 0.8977898
1740548458.602973 -6.0296826 1.6232245 16.6398239 -0.3655662 -0.2331817 -0.0603610 0.8990797
1740548458.810633 -6.0985761 1.7248461 16.7379303 -0.3623447 -0.2338362 -0.0594107 0.9002762
1740548459.243669 -6.2142353 1.9345663 16.9505520 -0.3571885 -0.2340693 -0.0581693 0.9023548
1740548459.474322 -6.2718906 2.0357785 17.0553837 -0.3554565 -0.2330876 -0.0582853 0.9032850
1740548459.992225 -6.4090877 2.3060796 17.3145866 -0.3529402 -0.2291582 -0.0596514 0.9051859
1740548460.200052 -6.4639478 2.4103696 17.4227715 -0.3530008 -0.2267124 -0.0606735 0.9057100
1740548460.709791 -6.6022902 2.6795139 17.6810989 -0.3540065 -0.2218761 -0.0627679 0.9063722
1740548461.124241 -6.7124486 2.8909214 17.8907204 -0.3552350 -0.2202436 -0.0634979 0.9062389
1740548461.635341 -6.8522978 3.1600962 18.1452579 -0.3562300 -0.2218559 -0.0636724 0.9054425
1740548461.936017 -6.9249783 3.3247917 18.3006401 -0.3557854 -0.2253415 -0.0620713 0.9048675
1740548462.334571 -7.0408707 3.5423455 18.4995842 -0.3528288 -0.2333111 -0.0580317 0.9042733
1740548462.539424 -7.1086144 3.6191084 18.5870075 -0.3500345 -0.2375328 -0.0572330 0.9043110
1740548462.747515 -7.1951303 3.7208929 18.6671066 -0.3469525 -0.2436942 -0.0537729 0.9040717
1740548462.845329 -7.2305298 3.7733839 18.7004929 -0.3452449 -0.2470057 -0.0518315 0.9039401
1740548462.949357 -7.2809100 3.8256140 18.7340870 -0.3430561 -0.2504263 -0.0488462 0.9039984
1740548463.047945 -7.3315582 3.8693461 18.7712021 -0.3407715 -0.2544772 -0.0470125 0.9038285
1740548463.153948 -7.3704262 3.9118526 18.8081570 -0.3395155 -0.2583342 -0.0441048 0.9033534
1740548463.252450 -7.4143200 3.9567759 18.8567810 -0.3376423 -0.2633043 -0.0417577 0.9027319
1740548463.352197 -7.4581299 4.0080671 18.9026814 -0.3357233 -0.2686978 -0.0384559 0.9020047
1740548463.465573 -7.5001993 4.0558639 18.9442425 -0.3337246 -0.2742263 -0.0354027 0.9012072
1740548463.562294 -7.5461941 4.0958171 18.9833183 -0.3311662 -0.2791057 -0.0332853 0.9007337
1740548463.669703 -7.6011934 4.1326122 19.0234680 -0.3300726 -0.2845121 -0.0307154 0.8995340
1740548463.766028 -7.6493835 4.1710529 19.0638981 -0.3294632 -0.2899643 -0.0276963 0.8981134
1740548463.875927 -7.7110658 4.2127976 19.0903816 -0.3277856 -0.2951053 -0.0250468 0.8971299
1740548463.970431 -7.7602353 4.2580652 19.1136112 -0.3255345 -0.3001136 -0.0224076 0.8963577
1740548464.067595 -7.8177748 4.3039751 19.1452637 -0.3250108 -0.3056514 -0.0194865 0.8947433
1740548464.175246 -7.8718262 4.3509135 19.1746025 -0.3241865 -0.3112228 -0.0152767 0.8932022
1740548464.273043 -7.9348702 4.3903913 19.1980247 -0.3228188 -0.3165871 -0.0138159 0.8918350
1740548464.377536 -7.9967232 4.4385695 19.2221107 -0.3222087 -0.3217133 -0.0104164 0.8902661
1740548464.479013 -8.0389414 4.4660611 19.2378082 -0.3226320 -0.3267066 -0.0087716 0.8883100
1740548464.579162 -8.0624065 4.4788146 19.2525501 -0.3247795 -0.3321403 -0.0050989 0.8855366
1740548464.684826 -8.1148186 4.5079985 19.2780380 -0.3249010 -0.3375705 -0.0024675 0.8834475
1740548464.782184 -8.1778717 4.5409288 19.3157578 -0.3259756 -0.3438808 0.0005212 0.8806167
1740548464.887262 -8.2303848 4.5811968 19.3421631 -0.3257735 -0.3496343 0.0035492 0.8784161
1740548464.983769 -8.2713680 4.6043921 19.3557186 -0.3255092 -0.3547941 0.0068036 0.8764238
1740548465.080950 -8.3205624 4.6187372 19.3776207 -0.3295420 -0.3596842 0.0088184 0.8728984
1740548465.187011 -8.3767300 4.6420512 19.4023209 -0.3313127 -0.3642489 0.0092749 0.8703268
1740548465.287118 -8.3991318 4.6577344 19.4184418 -0.3329581 -0.3695585 0.0107795 0.8674383
1740548465.389680 -8.4248075 4.6834135 19.4356613 -0.3343228 -0.3769349 0.0129456 0.8637018
1740548465.490342 -8.4570847 4.7040229 19.4470310 -0.3368561 -0.3807999 0.0157454 0.8609713
1740548465.586749 -8.4836874 4.7204800 19.4655972 -0.3393643 -0.3879054 0.0180046 0.8567597
1740548465.689854 -8.4971924 4.7373180 19.4712029 -0.3413031 -0.3933650 0.0212874 0.8534184
1740548465.785253 -8.5449352 4.7724242 19.4973831 -0.3425716 -0.3985145 0.0222751 0.8504909
1740548465.888161 -8.6097221 4.8243489 19.5191765 -0.3415861 -0.4032163 0.0247664 0.8486001
1740548465.983838 -8.6309452 4.8406172 19.5445652 -0.3444525 -0.4102682 0.0276176 0.8439608
1740548466.080326 -8.6975956 4.8729892 19.5719604 -0.3462652 -0.4128968 0.0295364 0.8418695
1740548466.186621 -8.7319860 4.8875508 19.5926075 -0.3483589 -0.4180945 0.0293032 0.8384417
1740548466.286659 -8.7599802 4.9099135 19.6152000 -0.3503521 -0.4244620 0.0298447 0.8343829
1740548466.385676 -8.7985601 4.9397225 19.6288567 -0.3510904 -0.4300600 0.0310799 0.8311546
1740548466.485155 -8.8517742 4.9825745 19.6466484 -0.3513825 -0.4338088 0.0328247 0.8290132
1740548466.579804 -8.8844872 5.0086036 19.6686935 -0.3528900 -0.4401354 0.0356796 0.8249100
1740548466.680405 -8.9198990 5.0249538 19.6884804 -0.3549661 -0.4462631 0.0355950 0.8207200
1740548466.777882 -8.9747744 5.0623817 19.7117920 -0.3556211 -0.4505368 0.0375491 0.8180099
1740548466.890494 -8.9947929 5.0715399 19.7399712 -0.3594525 -0.4562463 0.0367588 0.8131925
1740548466.988048 -9.0238495 5.0883636 19.7563095 -0.3622491 -0.4623114 0.0384408 0.8084344
1740548467.085658 -9.0652113 5.1227207 19.7720242 -0.3633892 -0.4668127 0.0395101 0.8052784
1740548467.186279 -9.1015263 5.1153092 19.8252678 -0.3674634 -0.4731313 0.0406315 0.7996665
1740548467.282801 -9.1292000 5.1267929 19.8393879 -0.3707695 -0.4784802 0.0412217 0.7949135
1740548467.381715 -9.1633463 5.1479945 19.8594894 -0.3722895 -0.4827211 0.0416859 0.7916079
1740548467.489579 -9.1979437 5.1790981 19.8568516 -0.3738909 -0.4860040 0.0453911 0.7886351
1740548467.584561 -9.2584963 5.2008619 19.8487701 -0.3760391 -0.4862782 0.0471518 0.7873404
1740548467.685159 -9.3015337 5.2101827 19.8640556 -0.3778155 -0.4900182 0.0474369 0.7841475
1740548467.781029 -9.3428841 5.2228870 19.8661118 -0.3784496 -0.4925169 0.0484614 0.7822113
1740548467.884130 -9.3549700 5.2473087 19.8566666 -0.3785554 -0.4940667 0.0515030 0.7809875
1740548467.983161 -9.3651543 5.2649932 19.8616314 -0.3801313 -0.4965653 0.0547679 0.7784109
1740548468.077608 -9.3812313 5.2827759 19.8644314 -0.3805532 -0.4995033 0.0555351 0.7762678
1740548468.182611 -9.3753901 5.2743287 19.8616638 -0.3808463 -0.5006850 0.0565442 0.7752892
1740548468.278292 -9.4083881 5.2854514 19.8690262 -0.3842003 -0.5029907 0.0575239 0.7720631
1740548468.387244 -9.4502172 5.3298860 19.8870735 -0.3837600 -0.5074679 0.0585152 0.7692727
1740548468.488567 -9.5041437 5.3471413 19.8937340 -0.3860504 -0.5084549 0.0579971 0.7675123
1740548468.587601 -9.5597496 5.3786793 19.8867798 -0.3870781 -0.5087358 0.0576267 0.7668361
1740548468.690377 -9.5417500 5.3684859 19.8996620 -0.3866891 -0.5122418 0.0590789 0.7645845
1740548468.790440 -9.5524492 5.3787222 19.8900566 -0.3875590 -0.5136638 0.0604009 0.7630854
1740548468.895831 -9.5993500 5.3921223 19.8914108 -0.3903678 -0.5155801 0.0591608 0.7604539
1740548468.999598 -9.6208410 5.4147615 19.8883247 -0.3917364 -0.5153893 0.0620677 0.7596474
1740548469.097569 -9.6592751 5.4460583 19.9037666 -0.3914827 -0.5170681 0.0612263 0.7587048
1740548469.206159 -9.7025623 5.4516649 19.8917599 -0.3923557 -0.5165597 0.0612220 0.7586007
1740548469.306985 -9.7325048 5.4748330 19.8964729 -0.3933508 -0.5184426 0.0612244 0.7567985
1740548469.406510 -9.7652102 5.4884768 19.9138870 -0.3951286 -0.5196921 0.0599012 0.7551194
1740548469.506318 -9.7871132 5.5049744 19.9149380 -0.3962338 -0.5202789 0.0594556 0.7541709
1740548469.602678 -9.8349247 5.5281878 19.9288940 -0.3978899 -0.5201382 0.0579263 0.7535147
1740548469.707314 -9.8474998 5.5364666 19.9292889 -0.3985184 -0.5195026 0.0576474 0.7536424
1740548469.804170 -9.8519878 5.5391130 19.9284363 -0.3980434 -0.5205891 0.0579107 0.7531234
1740548469.904094 -9.8570108 5.5402002 19.9282303 -0.3995589 -0.5203968 0.0560679 0.7525930
1740548470.004723 -9.9006357 5.5659146 19.9183655 -0.4018537 -0.5200561 0.0552568 0.7516661
1740548470.101529 -9.9504938 5.5938663 19.9178448 -0.4029511 -0.5185056 0.0541735 0.7522284
1740548470.205416 -10.0027838 5.6157484 19.9320755 -0.4050068 -0.5187141 0.0544559 0.7509593
1740548470.304468 -10.0532484 5.6506915 19.9525642 -0.4069957 -0.5195246 0.0546312 0.7493092
1740548470.406618 -10.1138096 5.6714945 19.9481850 -0.4079652 -0.5183052 0.0530941 0.7497367
1740548470.501181 -10.1696320 5.7131920 19.9495773 -0.4082839 -0.5182677 0.0534057 0.7495670
1740548470.594726 -10.2034473 5.7392502 19.9495392 -0.4069189 -0.5179150 0.0533002 0.7505599
1740548470.695833 -10.2300529 5.7464809 19.9553699 -0.4107220 -0.5169301 0.0518767 0.7492660
1740548470.794914 -10.2738857 5.7833109 19.9769249 -0.4122911 -0.5182144 0.0506134 0.7476016
1740548470.906304 -10.2851801 5.7946196 19.9627724 -0.4105364 -0.5158015 0.0486894 0.7503586
1740548471.001492 -10.3197517 5.8225288 19.9710045 -0.4108853 -0.5170106 0.0495916 0.7492757
1740548471.095864 -10.3516636 5.8372865 19.9876099 -0.4144275 -0.5175199 0.0455085 0.7472295
1740548471.203783 -10.3948927 5.8712139 19.9867210 -0.4147657 -0.5156142 0.0449973 0.7483894
1740548471.297738 -10.4387646 5.9030209 19.9923172 -0.4160333 -0.5152014 0.0444834 0.7480007
1740548471.415016 -10.4930763 5.9357820 19.9834499 -0.4169241 -0.5124600 0.0423583 0.7495097
1740548471.513434 -10.5575294 5.9693909 19.9921436 -0.4198242 -0.5107474 0.0409063 0.7491405
1740548471.611014 -10.6072712 6.0139132 20.0027695 -0.4199261 -0.5096421 0.0399141 0.7498893
1740548471.718683 -10.6640749 6.0599461 19.9893570 -0.4196841 -0.5070888 0.0394930 0.7517756
1740548471.812757 -10.7042885 6.0489025 20.0098228 -0.4236523 -0.5051436 0.0346431 0.7510982
1740548471.917956 -10.7582464 6.0671778 20.0002441 -0.4262268 -0.4999943 0.0329834 0.7531591
1740548472.012546 -10.8148098 6.1026697 20.0038033 -0.4275412 -0.4974767 0.0318672 0.7541286
1740548472.108088 -10.8797159 6.1471901 20.0115166 -0.4287577 -0.4952182 0.0300867 0.7549971
1740548472.209765 -10.9396553 6.1830344 20.0148392 -0.4308159 -0.4926913 0.0289666 0.7555223
1740548472.306229 -11.0061197 6.2181463 20.0274620 -0.4326423 -0.4907855 0.0266992 0.7558026
1740548472.416166 -11.0322914 6.2469263 20.0406799 -0.4341581 -0.4899042 0.0251834 0.7555571
1740548472.510698 -11.0772820 6.2777195 20.0507298 -0.4348428 -0.4887629 0.0233211 0.7559621
1740548472.609642 -11.1206245 6.2919407 20.0535316 -0.4375069 -0.4849781 0.0200821 0.7569548
1740548472.716517 -11.1367588 6.2971354 20.0558167 -0.4385329 -0.4838152 0.0163667 0.7571948
1740548472.814169 -11.1477346 6.3061914 20.0551281 -0.4393639 -0.4826370 0.0134870 0.7575216
1740548472.920594 -11.1475201 6.3050976 20.0516834 -0.4404086 -0.4814673 0.0093695 0.7577215
1740548473.020822 -11.1464968 6.3146362 20.0527000 -0.4389799 -0.4818981 0.0077893 0.7582942
1740548473.120708 -11.1411371 6.3090239 20.0489578 -0.4386051 -0.4810970 0.0052489 0.7590414
1740548473.228594 -11.1326132 6.3062534 20.0501900 -0.4413701 -0.4793646 0.0050246 0.7585359
1740548473.327668 -11.1243610 6.3046741 20.0514965 -0.4429679 -0.4799908 0.0036776 0.7572152
1740548473.432236 -11.1268768 6.3074908 20.0516777 -0.4466282 -0.4781048 0.0049280 0.7562504
1740548473.535084 -11.1210499 6.3011560 20.0511360 -0.4475521 -0.4789062 0.0031919 0.7552058
1740548473.633131 -11.1120329 6.2986703 20.0578499 -0.4473728 -0.4814262 -0.0017005 0.7537132
1740548473.739092 -11.1231699 6.3079000 20.0583553 -0.4514986 -0.4810177 -0.0014821 0.7515110
1740548473.832247 -11.1324329 6.3404665 20.0554562 -0.4493338 -0.4827437 0.0022608 0.7516998
1740548473.937521 -11.1536455 6.3626547 20.0588570 -0.4514392 -0.4836264 0.0035111 0.7498639
1740548474.032179 -11.1475163 6.3384137 20.0518150 -0.4576625 -0.4795526 0.0013448 0.7487140
1740548474.128253 -11.1291237 6.3175383 20.0523758 -0.4579816 -0.4807213 -0.0031944 0.7477632
1740548474.229971 -11.0795908 6.2734280 20.0606537 -0.4572033 -0.4831969 -0.0094655 0.7465898
1740548474.326890 -11.0650969 6.2595978 20.0668068 -0.4611582 -0.4840626 -0.0111228 0.7435676
1740548474.428949 -11.0533791 6.2469292 20.0691185 -0.4658043 -0.4832846 -0.0098129 0.7411924
1740548474.526344 -11.0642328 6.2583551 20.0612316 -0.4654477 -0.4850052 -0.0117524 0.7402636
1740548474.622788 -11.0690441 6.2665319 20.0550308 -0.4627177 -0.4881129 -0.0149188 0.7398754
1740548474.727679 -11.0882463 6.2588449 20.0543747 -0.4694187 -0.4874010 -0.0183836 0.7360356
1740548474.823803 -11.0892038 6.2629457 20.0526276 -0.4738680 -0.4862419 -0.0152431 0.7340202
1740548474.924080 -11.0784130 6.2486935 20.0514641 -0.4768408 -0.4860789 -0.0171052 0.7321595
1740548475.023517 -11.0953255 6.2742062 20.0551834 -0.4784939 -0.4883261 -0.0151635 0.7296241
1740548475.122593 -11.0985355 6.2694726 20.0555305 -0.4829617 -0.4862413 -0.0151973 0.7280704
1740548475.230756 -11.1089306 6.2698879 20.0592461 -0.4865037 -0.4870086 -0.0157275 0.7251824
1740548475.330474 -11.1185455 6.2850256 20.0691566 -0.4896946 -0.4893387 -0.0164683 0.7214400
1740548475.441561 -11.1307173 6.2884870 20.0645752 -0.4932263 -0.4862817 -0.0203508 0.7210020
1740548475.537927 -11.1401329 6.2868576 20.0546074 -0.4917292 -0.4848218 -0.0241902 0.7228866
1740548475.638613 -11.1803894 6.2990150 20.0434837 -0.4961725 -0.4816769 -0.0272314 0.7218439
1740548475.756563 -11.2059994 6.3010411 20.0405884 -0.4982881 -0.4809309 -0.0315709 0.7207063
1740548475.854252 -11.2430429 6.3344765 20.0258522 -0.4974167 -0.4810325 -0.0324003 0.7212036
1740548475.961360 -11.2951298 6.3671756 20.0212345 -0.4980086 -0.4806844 -0.0344817 0.7209306
1740548476.062622 -11.3267546 6.3956699 20.0095215 -0.4976047 -0.4797846 -0.0350954 0.7217788
1740548476.174543 -11.3624525 6.4173155 20.0065956 -0.4982272 -0.4791858 -0.0384331 0.7215771
1740548476.271834 -11.4118624 6.4495893 19.9985466 -0.4992417 -0.4778152 -0.0409616 0.7216458
1740548476.372226 -11.4489651 6.4827771 19.9905758 -0.4988385 -0.4774251 -0.0417223 0.7221389
1740548476.482323 -11.4920311 6.5104570 19.9809608 -0.4984877 -0.4763932 -0.0446597 0.7228867
1740548476.584977 -11.5433283 6.5303264 19.9808197 -0.4983107 -0.4753015 -0.0477372 0.7235304
1740548476.689575 -11.5809898 6.5618916 19.9691696 -0.4984568 -0.4742900 -0.0491854 0.7239963
1740548476.790245 -11.6219225 6.5957584 19.9583244 -0.4977422 -0.4731126 -0.0499660 0.7252039
1740548476.888814 -11.6739559 6.6381488 19.9549141 -0.4989685 -0.4730577 -0.0507423 0.7243426
1740548476.991291 -11.6970596 6.6550531 19.9455814 -0.4983611 -0.4722295 -0.0517215 0.7252313
1740548477.089925 -11.7382135 6.6784344 19.9456882 -0.4989116 -0.4721724 -0.0552388 0.7246304
1740548477.200082 -11.7535105 6.7062979 19.9474907 -0.4994470 -0.4742008 -0.0535982 0.7230585
1740548477.302089 -11.7885408 6.7332845 19.9493008 -0.5006337 -0.4753780 -0.0537441 0.7214523
1740548477.400112 -11.8171864 6.7575479 19.9430885 -0.4997646 -0.4753138 -0.0541473 0.7220668
1740548477.507795 -11.8742514 6.8001161 19.9369621 -0.5000494 -0.4758286 -0.0552273 0.7214483
1740548477.608096 -11.9318647 6.8392615 19.9370155 -0.4998818 -0.4762686 -0.0570643 0.7211311
1740548477.714220 -11.9807978 6.8734818 19.9334068 -0.4999968 -0.4770839 -0.0577113 0.7204607
1740548477.816362 -12.0197964 6.8986716 19.9335136 -0.5003830 -0.4784655 -0.0591002 0.7191626
1740548477.921940 -12.0670767 6.9301181 19.9353104 -0.5022477 -0.4796025 -0.0574187 0.7172391
1740548478.023711 -12.1024475 6.9644279 19.9353790 -0.5025868 -0.4821976 -0.0542285 0.7155077
1740548478.123366 -12.1574593 7.0018382 19.9330482 -0.5029398 -0.4823893 -0.0537525 0.7151663
1740548478.232934 -12.2192707 7.0483713 19.9299850 -0.5024921 -0.4840544 -0.0542992 0.7143142
1740548478.335655 -12.2798138 7.0903683 19.9248314 -0.5030552 -0.4845588 -0.0538977 0.7136058
1740548478.440406 -12.3334093 7.1271281 19.9257221 -0.5036349 -0.4858752 -0.0527844 0.7123842
1740548478.541054 -12.3838186 7.1636128 19.9263668 -0.5050646 -0.4873805 -0.0515449 0.7104316
1740548478.640000 -12.4285994 7.1987276 19.9268799 -0.5051904 -0.4888333 -0.0499351 0.7094584
1740548478.743518 -12.4733162 7.2346668 19.9235954 -0.5044380 -0.4905057 -0.0491372 0.7088949
1740548478.844685 -12.5208263 7.2675471 19.9192123 -0.5033986 -0.4904173 -0.0496645 0.7096578
1740548478.956836 -12.5446711 7.2884326 19.9241180 -0.5048593 -0.4921993 -0.0474321 0.7075360
1740548479.057930 -12.5651083 7.3087506 19.9197998 -0.5050512 -0.4915990 -0.0442513 0.7080223
1740548479.160463 -12.5749111 7.3209243 19.9171925 -0.5038849 -0.4925480 -0.0448678 0.7081549
1740548479.269639 -12.5777922 7.3259501 19.9161987 -0.5028896 -0.4929109 -0.0445716 0.7086285
1740548479.370241 -12.5855618 7.3333063 19.9190750 -0.5034106 -0.4935237 -0.0439608 0.7078697
1740548479.474668 -12.6117754 7.3527837 19.9128456 -0.4996428 -0.4932023 -0.0461494 0.7106186
1740548479.574617 -12.6326170 7.3761435 19.9111176 -0.4968825 -0.4933918 -0.0473773 0.7123396
1740548479.681387 -12.6467142 7.3940320 19.9099865 -0.4955437 -0.4933468 -0.0465836 0.7133550
1740548479.785435 -12.6410608 7.3826118 19.9136353 -0.4968092 -0.4934288 -0.0457126 0.7124739
1740548479.884884 -12.6513844 7.3919058 19.9124069 -0.4950719 -0.4932442 -0.0484137 0.7136316
1740548479.988957 -12.6581478 7.4139562 19.9212036 -0.4929811 -0.4938026 -0.0464212 0.7148243
1740548480.087556 -12.6799870 7.4310489 19.9194107 -0.4908935 -0.4922372 -0.0461471 0.7173538
1740548480.189807 -12.6958361 7.4469142 19.9300537 -0.4910104 -0.4925611 -0.0453142 0.7171047
1740548480.286234 -12.6938772 7.4524851 19.9312439 -0.4889538 -0.4926344 -0.0450237 0.7184764
1740548480.382182 -12.7109013 7.4669147 19.9294128 -0.4889655 -0.4911947 -0.0428052 0.7195889
1740548480.491579 -12.7183065 7.4664068 19.9306850 -0.4876694 -0.4896814 -0.0432983 0.7214679
1740548480.586466 -12.7257900 7.4750772 19.9303741 -0.4862468 -0.4879129 -0.0422127 0.7236872
1740548480.687724 -12.7341270 7.4752617 19.9287720 -0.4851392 -0.4859234 -0.0427194 0.7257366
1740548480.783454 -12.7417469 7.4862771 19.9254742 -0.4825049 -0.4845086 -0.0420407 0.7284730
1740548480.882675 -12.7497530 7.4889116 19.9241924 -0.4824061 -0.4822083 -0.0402378 0.7301648
1740548480.989095 -12.7576084 7.4843020 19.9221687 -0.4823867 -0.4791594 -0.0414165 0.7321162
1740548481.086614 -12.7627401 7.4840541 19.9252129 -0.4835554 -0.4772504 -0.0410663 0.7326116
1740548481.188144 -12.7718019 7.4922552 19.9308510 -0.4830231 -0.4771578 -0.0407300 0.7330418
1740548481.284068 -12.7768068 7.5010028 19.9251785 -0.4804500 -0.4747593 -0.0396163 0.7363436
1740548481.382106 -12.7772617 7.5033469 19.9256611 -0.4778489 -0.4750767 -0.0407449 0.7377685
1740548481.489000 -12.7861214 7.4957304 19.9269772 -0.4797766 -0.4724878 -0.0439551 0.7379957
1740548481.586796 -12.7843084 7.5087671 19.9230099 -0.4745975 -0.4727434 -0.0413067 0.7413263
1740548481.692806 -12.7867212 7.5171733 19.9316864 -0.4747158 -0.4746320 -0.0399005 0.7401199
1740548481.792444 -12.7945251 7.5274582 19.9386711 -0.4767567 -0.4757942 -0.0377391 0.7381726
1740548481.889507 -12.7973337 7.5361781 19.9569206 -0.4784377 -0.4804092 -0.0356182 0.7341905
1740548481.994091 -12.8017845 7.5403414 19.9573307 -0.4776831 -0.4790377 -0.0353556 0.7355893
1740548482.090706 -12.8056593 7.5436301 19.9604111 -0.4773448 -0.4788064 -0.0351423 0.7359697
1740548482.190882 -12.8075886 7.5506334 19.9615974 -0.4758166 -0.4784525 -0.0324401 0.7373123
1740548482.289176 -12.8100939 7.5516434 19.9643421 -0.4741973 -0.4767449 -0.0335267 0.7394100
1740548482.387115 -12.8133011 7.5569768 19.9660835 -0.4746050 -0.4754336 -0.0294898 0.7401644
1740548482.491912 -12.8150597 7.5574708 19.9662361 -0.4715100 -0.4745731 -0.0331899 0.7425343
1740548482.588962 -12.8157101 7.5575914 19.9669685 -0.4724783 -0.4756276 -0.0349041 0.7411642
1740548482.693622 -12.8137341 7.5583138 19.9671402 -0.4681288 -0.4753894 -0.0362466 0.7440071
1740548482.791287 -12.8237200 7.5630503 19.9656830 -0.4687003 -0.4740128 -0.0353308 0.7445694
1740548482.886414 -12.8448915 7.5689263 19.9628716 -0.4665049 -0.4701022 -0.0383767 0.7482675
1740548482.990671 -12.8837528 7.5763340 19.9580612 -0.4661717 -0.4661337 -0.0410751 0.7508103
1740548483.090966 -12.9162626 7.5834322 19.9565926 -0.4678631 -0.4620565 -0.0440650 0.7521079
1740548483.191164 -12.9602890 7.5932698 19.9487572 -0.4679437 -0.4580643 -0.0459495 0.7543834
1740548483.289744 -12.9964886 7.5958228 19.9410591 -0.4667251 -0.4531437 -0.0489304 0.7579145
1740548483.386622 -13.0230846 7.5987477 19.9323101 -0.4658424 -0.4479863 -0.0530279 0.7612405
1740548483.491433 -13.0637112 7.6123877 19.9228287 -0.4645175 -0.4435062 -0.0553383 0.7645021
1740548483.590849 -13.1179132 7.6299438 19.9150391 -0.4633621 -0.4394521 -0.0571206 0.7674078
1740548483.693822 -13.1713886 7.6500416 19.9068642 -0.4630703 -0.4352537 -0.0588430 0.7698426
1740548483.796931 -13.1969337 7.6948113 19.9066391 -0.4608122 -0.4329520 -0.0585406 0.7725139
1740548483.895970 -13.2631760 7.7612190 19.9146156 -0.4576825 -0.4322547 -0.0576138 0.7748311
1740548483.998948 -13.2813330 7.7787476 19.9243622 -0.4577273 -0.4287190 -0.0592071 0.7766469
1740548484.210863 -13.4131575 7.9246569 19.9591789 -0.4529924 -0.4291832 -0.0569616 0.7793300
1740548484.308728 -13.4597588 7.9741168 20.0004406 -0.4523774 -0.4292027 -0.0578702 0.7796094
1740548484.512209 -13.5457802 8.0543318 20.0130615 -0.4491468 -0.4247708 -0.0588393 0.7838207
1740548484.714771 -13.6170654 8.1612339 20.0545197 -0.4451316 -0.4225036 -0.0582749 0.7873708
1740548484.916837 -13.7340832 8.2685280 20.0870972 -0.4428808 -0.4206698 -0.0577798 0.7896551
1740548485.117610 -13.8434544 8.3974380 20.1250076 -0.4369416 -0.4210543 -0.0558160 0.7928935
1740548485.322384 -13.9275780 8.5133724 20.1795807 -0.4327172 -0.4203758 -0.0539768 0.7956925
1740548485.528164 -14.0418119 8.6335058 20.2206688 -0.4290546 -0.4205647 -0.0508691 0.7977781
1740548485.743173 -14.1304274 8.7648611 20.2815666 -0.4245828 -0.4225012 -0.0475803 0.7993488
1740548485.944333 -14.2451725 8.8847980 20.3301220 -0.4210931 -0.4240025 -0.0445687 0.8005725
1740548486.140874 -14.3152924 8.9556828 20.3432388 -0.4142615 -0.4219301 -0.0429713 0.8053049
1740548486.246089 -14.3839989 9.0322285 20.3844891 -0.4148026 -0.4241468 -0.0417791 0.8039234
1740548486.447080 -14.4789886 9.1363096 20.4355965 -0.4122964 -0.4247770 -0.0388462 0.8050262
1740548486.546638 -14.5548153 9.1966562 20.4666634 -0.4109685 -0.4269198 -0.0380519 0.8046096
1740548486.748659 -14.6443434 9.2876492 20.5182343 -0.4089919 -0.4268710 -0.0368789 0.8056965
1740548486.847199 -14.7139549 9.3455629 20.5351715 -0.4075443 -0.4275910 -0.0359298 0.8060910
1740548487.054494 -14.8429031 9.4512386 20.5845871 -0.4068990 -0.4276035 -0.0353681 0.8064351
1740548487.258825 -14.9602680 9.5524273 20.6499519 -0.4075055 -0.4289649 -0.0351873 0.8054131
1740548487.359818 -15.0089998 9.5901194 20.6637077 -0.4074276 -0.4277925 -0.0353830 0.8060673
1740548487.563765 -15.0863848 9.7102356 20.7158909 -0.4078250 -0.4281259 -0.0351164 0.8057008
1740548487.777226 -15.2070923 9.8363838 20.7624893 -0.4084156 -0.4280933 -0.0357685 0.8053902
1740548487.990196 -15.2906799 9.9533930 20.8164291 -0.4095227 -0.4276064 -0.0367909 0.8050406
1740548488.194253 -15.3640022 10.0741730 20.8674030 -0.4103640 -0.4271585 -0.0385369 0.8047683
1740548488.290706 -15.4192305 10.0980310 20.8900528 -0.4120723 -0.4262555 -0.0400650 0.8042994
1740548488.390402 -15.4615688 10.1329479 20.9042168 -0.4104363 -0.4255906 -0.0401728 0.8054817
1740548488.495375 -15.5421009 10.1772766 20.9444599 -0.4138915 -0.4268502 -0.0409971 0.8030018
1740548488.702016 -15.6435556 10.3135777 20.9860744 -0.4107422 -0.4274763 -0.0387596 0.8043957
1740548488.805174 -15.6935406 10.3730984 21.0053940 -0.4101382 -0.4277990 -0.0377339 0.8045811
1740548489.009902 -15.8020210 10.4835882 21.0478210 -0.4080377 -0.4287980 -0.0359083 0.8052006
1740548489.108787 -15.8336391 10.5248318 21.0678253 -0.4070724 -0.4289474 -0.0356920 0.8056192
1740548489.216466 -15.9024925 10.5818701 21.0879402 -0.4057714 -0.4297323 -0.0345518 0.8059069
1740548489.425330 -16.0282040 10.6874256 21.1456203 -0.4037232 -0.4301585 -0.0330222 0.8067718
1740548489.527167 -16.0796623 10.7408171 21.1698666 -0.4024703 -0.4305133 -0.0319298 0.8072525
1740548489.743983 -16.1887989 10.8466377 21.2115936 -0.4002362 -0.4297985 -0.0306431 0.8087924
1740548489.845599 -16.2525921 10.8894434 21.2403660 -0.3989310 -0.4297077 -0.0306397 0.8094854
1740548490.055747 -16.3647499 10.9862947 21.2834358 -0.3967201 -0.4279715 -0.0299978 0.8115132
1740548490.260317 -16.4761524 11.0873976 21.3379040 -0.3947577 -0.4259193 -0.0301713 0.8135409
1740548490.466336 -16.5841370 11.1894045 21.3929272 -0.3933718 -0.4221378 -0.0313480 0.8161346
1740548490.567363 -16.6357536 11.2412720 21.4205723 -0.3930683 -0.4202060 -0.0323663 0.8172373
1740548490.675562 -16.6847782 11.2924957 21.4491577 -0.3928388 -0.4179877 -0.0333412 0.8184451
1740548490.877655 -16.7774086 11.4052992 21.5095348 -0.3928302 -0.4121763 -0.0358662 0.8212848
1740548490.994893 -16.8240585 11.4641914 21.5377522 -0.3919283 -0.4090003 -0.0367502 0.8232621
1740548491.095247 -16.8624897 11.5250130 21.5708218 -0.3920565 -0.4062938 -0.0381635 0.8244759
1740548491.306776 -16.9626274 11.6320858 21.6330967 -0.3928094 -0.3997338 -0.0421324 0.8271267
1740548491.516582 -17.0582314 11.7402458 21.7003784 -0.3933533 -0.3929594 -0.0453973 0.8299369
1740548491.727198 -17.1551991 11.8474407 21.7640915 -0.3934855 -0.3863812 -0.0486833 0.8327717
1740548491.938779 -17.2415123 11.9623871 21.8358288 -0.3942388 -0.3804941 -0.0522062 0.8349099
1740548492.141335 -17.3187313 12.0843353 21.9027576 -0.3941644 -0.3744866 -0.0552112 0.8374640
1740548492.349656 -17.4134827 12.1905804 21.9743519 -0.3942637 -0.3688602 -0.0577994 0.8397366
1740548492.559139 -17.4857159 12.3167534 22.0405979 -0.3936365 -0.3632118 -0.0603066 0.8423126
1740548492.865951 -17.6169662 12.4883137 22.1461315 -0.3921091 -0.3555169 -0.0634863 0.8460660
1740548493.390071 -17.8427124 12.7619591 22.3246250 -0.3859876 -0.3412165 -0.0681590 0.8543648
1740548493.820701 -18.0062275 12.9917698 22.4698620 -0.3787151 -0.3244152 -0.0734265 0.8636772
1740548494.249399 -18.1953297 13.1953392 22.6291351 -0.3690414 -0.3017031 -0.0817948 0.8752676
1740548494.760048 -18.2740803 13.4516926 22.9152908 -0.3594951 -0.2651939 -0.0953279 0.8895774
1740548495.381785 -18.4262199 13.7703714 23.2369003 -0.3524482 -0.2113678 -0.1162157 0.9042112
1740548495.501542 -18.4370251 13.8279648 23.2935715 -0.3512557 -0.2019950 -0.1201070 0.9063067
1740548496.360487 -18.5249062 14.2628441 23.7523422 -0.3518980 -0.1240955 -0.1517049 0.9152889
1740548496.784104 -18.4982471 14.4724236 23.9927979 -0.3542236 -0.0850815 -0.1667086 0.9162396
1740548497.110967 -18.4675999 14.6312866 24.1717224 -0.3558102 -0.0564323 -0.1778478 0.9157427
1740548497.427217 -18.4175797 14.7814827 24.3526192 -0.3573332 -0.0292078 -0.1882810 0.9143360
1740548497.765198 -18.3673935 14.9324303 24.5306168 -0.3585660 -0.0046863 -0.1974569 0.9123701
1740548498.093173 -18.3072968 15.0857420 24.7027817 -0.3600137 0.0178142 -0.2056866 0.9098163
1740548498.412199 -18.2437439 15.2311935 24.8780346 -0.3619512 0.0378356 -0.2129713 0.9067541
1740548498.735513 -18.1760330 15.3761835 25.0557098 -0.3648502 0.0568135 -0.2192356 0.9031015
1740548499.052830 -18.1064301 15.5220470 25.2283649 -0.3682183 0.0752682 -0.2253321 0.8988745
1740548499.368167 -18.0076389 15.6615887 25.3935852 -0.3713475 0.0942045 -0.2317794 0.8941504
1740548499.687355 -17.9094734 15.8118439 25.5446243 -0.3742339 0.1136326 -0.2381082 0.8890113
1740548499.996402 -17.7885017 15.9561815 25.6903992 -0.3747657 0.1323479 -0.2444364 0.8844691
1740548500.306222 -17.6607018 16.0970745 25.8359642 -0.3739277 0.1481736 -0.2505143 0.8806050
1740548500.611341 -17.5274487 16.2316189 25.9807053 -0.3704648 0.1609066 -0.2559040 0.8782813
1740548500.915779 -17.3842068 16.3427429 26.1372070 -0.3632661 0.1686814 -0.2604899 0.8784813
1740548501.232380 -17.2527771 16.4525166 26.3049698 -0.3533135 0.1703565 -0.2640092 0.8811625
1740548501.535035 -17.1275215 16.5664005 26.4781284 -0.3414941 0.1652980 -0.2654300 0.8863438
1740548501.838869 -17.0229740 16.6787949 26.6650314 -0.3292933 0.1535121 -0.2649849 0.8931869
1740548502.146373 -16.9453239 16.7944126 26.8645248 -0.3169516 0.1369134 -0.2631555 0.9008583
1740548502.461647 -16.8814564 16.9139366 27.0681801 -0.3046090 0.1156692 -0.2596652 0.9090699
1740548502.765577 -16.8411484 17.0424614 27.2773151 -0.2930226 0.0936314 -0.2551706 0.9166564
1740548503.067303 -16.8003387 17.1559849 27.4832726 -0.2853344 0.0688469 -0.2495641 0.9228013
1740548503.370468 -16.7677898 17.2774258 27.6941128 -0.2779019 0.0465475 -0.2436055 0.9280410
1740548503.676972 -16.7445068 17.3930397 27.9127216 -0.2738086 0.0262260 -0.2377514 0.9315661
1740548503.986320 -16.7396469 17.5133400 28.1141815 -0.2703876 0.0095041 -0.2328349 0.9341243
1740548504.295521 -16.7248135 17.6317253 28.3178368 -0.2682582 -0.0053917 -0.2292344 0.9356602
1740548504.597642 -16.7182922 17.7538033 28.5233841 -0.2672018 -0.0163629 -0.2266667 0.9364602
1740548504.900685 -16.7101879 17.8710804 28.7291336 -0.2670033 -0.0259671 -0.2244171 0.9368415
1740548505.213778 -16.7032814 17.9968987 28.9299583 -0.2673574 -0.0318474 -0.2227133 0.9369656
1740548505.519759 -16.6979656 18.1239929 29.1288548 -0.2676590 -0.0352795 -0.2218251 0.9369673
1740548505.826930 -16.6886997 18.2461319 29.3307114 -0.2683812 -0.0353946 -0.2213885 0.9368596
1740548506.131884 -16.6770744 18.3785439 29.5275974 -0.2665189 -0.0341916 -0.2230003 0.9370537
1740548506.343181 -16.6790161 18.4610825 29.6614342 -0.2652218 -0.0305451 -0.2226919 0.9376208
1740548506.546939 -16.6663036 18.5503368 29.7934837 -0.2622634 -0.0262513 -0.2242776 0.9382049
1740548506.852940 -16.6487083 18.6856384 29.9853630 -0.2542070 -0.0178535 -0.2273211 0.9398857
1740548507.068877 -16.6432095 18.7570038 30.1285820 -0.2477561 -0.0101061 -0.2288203 0.9413586
1740548507.277912 -16.6078148 18.8176594 30.2721672 -0.2369253 -0.0023435 -0.2320784 0.9433984
1740548507.586074 -16.5589962 18.9017792 30.4877052 -0.2181864 0.0109172 -0.2355380 0.9469939
1740548507.793202 -16.5309811 18.9733276 30.6278305 -0.2020234 0.0189893 -0.2384648 0.9497160
1740548507.999849 -16.4833927 19.0126228 30.7733459 -0.1838291 0.0272397 -0.2415753 0.9524212
1740548508.219118 -16.4472961 19.0396748 30.9255791 -0.1626693 0.0348174 -0.2442261 0.9553429
1740548508.429850 -16.4257145 19.0524178 31.0829735 -0.1401966 0.0411341 -0.2471850 0.9578896
1740548508.644196 -16.4220390 19.0777569 31.2407455 -0.1153660 0.0476860 -0.2498266 0.9602101
1740548508.864503 -16.4087505 19.0907288 31.3996792 -0.0897509 0.0530512 -0.2526275 0.9619302
1740548509.082601 -16.3839512 19.0810394 31.5572090 -0.0637508 0.0583597 -0.2549560 0.9630823
1740548509.302157 -16.3659687 19.0735836 31.7157497 -0.0385640 0.0639074 -0.2567895 0.9635807
1740548509.532697 -16.3513489 19.0463810 31.8666401 -0.0137493 0.0692543 -0.2586291 0.9633929
1740548509.748236 -16.3283596 18.9707260 32.0120697 0.0088294 0.0743652 -0.2597494 0.9627680
1740548510.082609 -16.2975502 18.9011478 32.2327576 0.0394611 0.0820175 -0.2610654 0.9610207
1740548510.289597 -16.2697678 18.8770180 32.3851509 0.0565729 0.0863854 -0.2618082 0.9595799
1740548510.497582 -16.2472420 18.8414345 32.5356750 0.0712646 0.0900104 -0.2624536 0.9580906
1740548510.695480 -16.2163696 18.7999249 32.6848335 0.0840615 0.0921531 -0.2627363 0.9567713
1740548511.016390 -16.1769676 18.7181702 32.9018898 0.0985312 0.0943474 -0.2628947 0.9551317
1740548511.319547 -16.1452751 18.6578083 33.1248436 0.1086161 0.0933595 -0.2636932 0.9539143
1740548511.645069 -16.1179008 18.5893459 33.3488922 0.1154675 0.0874653 -0.2649244 0.9533269
1740548511.947759 -16.0993118 18.5223179 33.5719872 0.1206282 0.0782904 -0.2660413 0.9531745
1740548512.366167 -16.0879574 18.4370651 33.8767014 0.1248217 0.0620642 -0.2690684 0.9529794
1740548512.665323 -16.0975761 18.3721161 34.1025810 0.1262840 0.0468332 -0.2710457 0.9530966
1740548512.866159 -16.1025333 18.3240051 34.2615242 0.1263801 0.0357264 -0.2748330 0.9524802
1740548513.067702 -16.1065426 18.2878056 34.4008522 0.1265064 0.0241593 -0.2763589 0.9523856
1740548513.367074 -16.1339378 18.2349510 34.6356888 0.1261973 0.0091084 -0.2783043 0.9521229
1740548513.664572 -16.1790524 18.1632214 34.8580055 0.1192822 -0.0034867 -0.2782592 0.9530642
1740548513.867425 -16.1977158 18.1337776 35.0161552 0.1173370 -0.0116855 -0.2798213 0.9527830
1740548514.067309 -16.2489204 18.1037350 35.1624756 0.1115262 -0.0155933 -0.2796462 0.9534762
1740548514.268633 -16.2468758 18.0747356 35.3268166 0.1076314 -0.0243236 -0.2821468 0.9530042
1740548514.462877 -16.2808990 18.0089188 35.4210091 0.0975951 -0.0295799 -0.2826466 0.9537877
1740548514.567631 -16.3113041 17.9954605 35.4476662 0.0957307 -0.0295625 -0.2817564 0.9542406
1740548514.767372 -16.3864498 17.9618378 35.4800758 0.0857273 -0.0270493 -0.2734974 0.9576630
1740548514.867477 -16.4050140 17.9430752 35.5112686 0.0822836 -0.0262077 -0.2722133 0.9583541
1740548515.067968 -16.4421406 17.8968487 35.5565720 0.0725309 -0.0263375 -0.2657054 0.9609611
1740548515.167539 -16.4637737 17.8788853 35.5943184 0.0675695 -0.0229695 -0.2624540 0.9623017
1740548515.267208 -16.4900665 17.8662071 35.6112175 0.0622573 -0.0213838 -0.2571459 0.9641280
1740548515.367806 -16.5420341 17.8317146 35.6214294 0.0527371 -0.0151110 -0.2545614 0.9654993
1740548515.571875 -16.5596046 17.8124466 35.6792336 0.0465806 -0.0144925 -0.2499988 0.9670165
1740548515.670317 -16.5837250 17.8088493 35.7179375 0.0416551 -0.0111331 -0.2483271 0.9677162
1740548515.777887 -16.5889549 17.8005466 35.7621460 0.0360725 -0.0105146 -0.2445137 0.9689175
1740548515.986884 -16.6453896 17.7855301 35.8003540 0.0265551 -0.0020917 -0.2352123 0.9715790
1740548516.081475 -16.6608143 17.7797966 35.8224220 0.0205985 0.0004227 -0.2341663 0.9719782
1740548516.178952 -16.6592617 17.7664223 35.8460388 0.0159275 0.0014626 -0.2311613 0.9727840
1740548516.284629 -16.6752892 17.7636986 35.8649559 0.0109965 0.0037213 -0.2311358 0.9728522
1740548516.381681 -16.6863422 17.7533073 35.8785973 0.0052739 0.0057349 -0.2313226 0.9728459
1740548516.489424 -16.6841125 17.7316666 35.9032974 -0.0012410 0.0048979 -0.2286069 0.9735057
1740548516.583549 -16.6974354 17.7418423 35.9210091 -0.0047697 0.0100793 -0.2234499 0.9746517
1740548516.682921 -16.7238903 17.7366524 35.9506416 -0.0096059 0.0139241 -0.2243270 0.9743671
1740548516.783319 -16.7183781 17.7187672 35.9532852 -0.0157192 0.0100774 -0.2252510 0.9741218
1740548516.880539 -16.7537155 17.7410793 35.9797325 -0.0167032 0.0160300 -0.2182443 0.9756196
1740548516.980849 -16.7815266 17.7677708 35.9883232 -0.0179616 0.0212553 -0.2116029 0.9769595
1740548517.079351 -16.7912846 17.7693691 36.0073395 -0.0225558 0.0219970 -0.2089430 0.9774202
1740548517.173847 -16.8127289 17.7803097 36.0057411 -0.0244068 0.0261693 -0.2025374 0.9786205
1740548517.277823 -16.8125172 17.7825947 35.9998169 -0.0271654 0.0263461 -0.1978655 0.9794984
1740548517.373499 -16.8484383 17.7657146 35.9969978 -0.0361756 0.0320974 -0.1966342 0.9792835
1740548517.470833 -16.8721008 17.7835636 35.9955139 -0.0338489 0.0346374 -0.1941161 0.9797824
1740548517.575097 -16.8837509 17.7831421 36.0189552 -0.0347302 0.0332660 -0.1888539 0.9808269
1740548517.673811 -16.8663006 17.8620872 36.0040588 -0.0268373 0.0325901 -0.1754090 0.9835901
1740548517.774984 -16.8918724 17.8190346 36.0165520 -0.0378967 0.0339591 -0.1799372 0.9823610
1740548517.873312 -16.9132328 17.8620911 35.9943657 -0.0359915 0.0371406 -0.1702378 0.9840448
1740548517.970951 -16.8870583 17.8793716 35.9794044 -0.0362201 0.0339907 -0.1741770 0.9834608
1740548518.077091 -16.9235001 17.9189968 36.0015373 -0.0362534 0.0393045 -0.1640393 0.9850035
1740548518.174051 -16.9313927 17.9363766 36.0002327 -0.0368787 0.0407738 -0.1589788 0.9857501
1740548518.278097 -16.9473419 17.9555492 35.9888573 -0.0371909 0.0435177 -0.1533983 0.9865050
1740548518.376509 -16.9425602 17.9514198 35.9848442 -0.0381888 0.0439095 -0.1443199 0.9878185
1740548518.477620 -16.9748764 17.9653378 35.9978638 -0.0399367 0.0467715 -0.1456128 0.9874282
1740548518.578603 -16.9688759 17.9802780 35.9979286 -0.0393889 0.0474276 -0.1398004 0.9882586
1740548518.674707 -16.9830189 18.0049057 36.0067902 -0.0406601 0.0499270 -0.1381002 0.9883230
1740548518.783267 -17.0145702 18.0186844 36.0269814 -0.0425047 0.0546338 -0.1305894 0.9890171
1740548518.878700 -17.0350647 18.0460033 36.0241852 -0.0400492 0.0584826 -0.1236057 0.9897967
1740548518.976840 -17.0265579 18.0792885 36.0208664 -0.0377889 0.0590082 -0.1209645 0.9901806
1740548519.078561 -17.0257168 18.1151428 36.0298729 -0.0350491 0.0604504 -0.1165733 0.9907209
1740548519.174273 -17.0351295 18.1544456 36.0327759 -0.0284013 0.0629536 -0.1128242 0.9912118
1740548519.280544 -17.0128765 18.1871014 36.0186310 -0.0257217 0.0603351 -0.1092827 0.9918444
1740548519.375656 -17.0081921 18.2036400 35.9862633 -0.0225584 0.0637920 -0.1031474 0.9923620
1740548519.480700 -17.0248604 18.2078838 36.0081215 -0.0257831 0.0668602 -0.1031924 0.9920768
1740548519.579921 -17.0226192 18.2406044 36.0202484 -0.0214781 0.0682473 -0.0995649 0.9924555
1740548519.675472 -17.0264969 18.2190418 36.0128822 -0.0231742 0.0696500 -0.1004896 0.9922267
1740548519.781383 -17.0068588 18.2151165 36.0147514 -0.0226305 0.0662045 -0.0978657 0.9927372
1740548519.877217 -17.0576591 18.2317677 36.0228004 -0.0232797 0.0758462 -0.0950558 0.9923053
1740548519.979974 -17.0659599 18.2117424 36.0397568 -0.0281321 0.0766617 -0.0992345 0.9917077
1740548520.085654 -17.0885010 18.1844921 36.0558701 -0.0344885 0.0814642 -0.1009447 0.9909512
1740548520.184151 -17.0730896 18.2295933 36.0502090 -0.0270762 0.0804405 -0.0992191 0.9914392
1740548520.285683 -17.0842819 18.2365818 36.0463600 -0.0270836 0.0816594 -0.1035645 0.9908949
1740548520.385295 -17.1008072 18.2653179 36.0695953 -0.0231160 0.0856486 -0.1008462 0.9909390
1740548520.495889 -17.1092949 18.2674942 36.0774918 -0.0231536 0.0865691 -0.1021050 0.9907292
1740548520.595769 -17.1262608 18.2745113 36.0954704 -0.0214057 0.0876879 -0.1046141 0.9904082
1740548520.695584 -17.1449566 18.2883053 36.1006012 -0.0204949 0.0907980 -0.1038098 0.9902319
1740548520.804593 -17.1648808 18.3015060 36.1094589 -0.0184579 0.0930142 -0.1030862 0.9901419
1740548520.905556 -17.1725311 18.3071766 36.1175613 -0.0164551 0.0937968 -0.1036713 0.9900423
1740548521.012964 -17.1811962 18.3170795 36.1204529 -0.0140553 0.0942884 -0.1055514 0.9898339
1740548521.115516 -17.2064533 18.3290081 36.1299133 -0.0116925 0.0984294 -0.1018823 0.9898459
1740548521.217483 -17.2186947 18.3427124 36.1421432 -0.0084700 0.0996298 -0.1011959 0.9898291
1740548521.331372 -17.2463379 18.3601723 36.1509171 -0.0058131 0.1035367 -0.1022656 0.9893373
1740548521.432522 -17.2680912 18.3401775 36.1723328 -0.0094317 0.1039112 -0.1063484 0.9888395
1740548521.534711 -17.2877750 18.3571167 36.1848030 -0.0049505 0.1072257 -0.1040761 0.9887600
1740548521.635899 -17.2924347 18.3590431 36.1967163 -0.0035980 0.1065954 -0.1026989 0.9889780
1740548521.747694 -17.3190575 18.3601112 36.2155800 -0.0045024 0.1100459 -0.1034584 0.9885170
1740548521.848456 -17.3401012 18.3828869 36.2272644 0.0004630 0.1121432 -0.1042662 0.9882066
1740548521.953696 -17.3833714 18.3906822 36.2437477 0.0020310 0.1188677 -0.0998435 0.9878753
1740548522.065601 -17.4227257 18.4040871 36.2640228 0.0031826 0.1234493 -0.1032625 0.9869584
1740548522.163573 -17.4397087 18.3903713 36.2789917 0.0008301 0.1253682 -0.1033893 0.9867080
1740548522.270586 -17.4627953 18.3828812 36.2965698 0.0002011 0.1289477 -0.1021257 0.9863787
1740548522.366925 -17.4970818 18.3860588 36.3126221 0.0001510 0.1345981 -0.1019525 0.9856414
1740548522.469390 -17.5191402 18.3885708 36.3389282 -0.0004637 0.1380880 -0.1023530 0.9851170
1740548522.574361 -17.5385971 18.3830433 36.3574486 -0.0014137 0.1417108 -0.1046517 0.9843597
1740548522.676840 -17.5634804 18.3397884 36.3794899 -0.0078379 0.1451689 -0.1057053 0.9837129
1740548522.785160 -17.5942669 18.3136730 36.4061317 -0.0131536 0.1501762 -0.1059815 0.9828743
1740548522.884072 -17.6229057 18.3172398 36.4254799 -0.0131733 0.1542390 -0.1056809 0.9822772
1740548522.987328 -17.6527824 18.3034077 36.4616013 -0.0140520 0.1595947 -0.1031227 0.9816811
1740548523.091112 -17.6818619 18.2789249 36.4983788 -0.0176034 0.1651516 -0.1011452 0.9809102
1740548523.191951 -17.6935711 18.2667351 36.5176277 -0.0191606 0.1672104 -0.1000416 0.9806453
1740548523.299209 -17.7323742 18.2362976 36.5540543 -0.0242305 0.1743428 -0.1008308 0.9792092
1740548523.398053 -17.7621117 18.2291298 36.5809288 -0.0260275 0.1807898 -0.1005089 0.9780264
1740548523.504004 -17.7865353 18.2143059 36.6032295 -0.0289017 0.1857224 -0.1007714 0.9769939
1740548523.608694 -17.8214474 18.2017384 36.6308327 -0.0304276 0.1926655 -0.1005915 0.9756206
1740548523.712156 -17.8433590 18.1893387 36.6593285 -0.0320426 0.1982713 -0.1005433 0.9744500
1740548523.817965 -17.8425331 18.1651325 36.6583443 -0.0345342 0.1971618 -0.1011998 0.9745221
1740548523.918935 -17.8693981 18.1355019 36.6729279 -0.0393139 0.2038194 -0.1011442 0.9729758
1740548524.026751 -17.9022503 18.1204796 36.7036781 -0.0407964 0.2101801 -0.0976242 0.9719205
1740548524.134571 -17.9274254 18.1085567 36.7285881 -0.0420689 0.2163150 -0.0968937 0.9705924
1740548524.237843 -17.9586258 18.0930138 36.7525215 -0.0453372 0.2238011 -0.0953002 0.9689043
1740548524.345364 -17.9789619 18.0545349 36.7767830 -0.0514722 0.2289788 -0.0951587 0.9674007
1740548524.451840 -17.9840927 18.0056210 36.8034172 -0.0594382 0.2311976 -0.0950470 0.9664268
1740548524.556973 -17.9667854 17.9802208 36.8229332 -0.0629340 0.2294534 -0.0929847 0.9668218
1740548524.660325 -17.9620552 17.9491425 36.8436241 -0.0675558 0.2302229 -0.0931348 0.9663123
1740548524.769280 -17.9458542 17.8993702 36.8578606 -0.0768228 0.2289464 -0.0924622 0.9659879
1740548524.871858 -17.9373016 17.8909950 36.8721504 -0.0786340 0.2289848 -0.0900572 0.9660602
1740548524.975640 -17.9280853 17.8627872 36.8894310 -0.0838941 0.2281343 -0.0909393 0.9657363
1740548525.085164 -17.9186630 17.8235931 36.9035034 -0.0912031 0.2283562 -0.0881087 0.9652836
1740548525.184832 -17.9148788 17.7759075 36.9226341 -0.1016579 0.2281783 -0.0878297 0.9643061
1740548525.297199 -17.9196129 17.7704639 36.9432907 -0.1040408 0.2314610 -0.0864451 0.9633943
1740548525.401952 -17.9594650 17.7595425 36.9720573 -0.1080079 0.2423123 -0.0810680 0.9607534
1740548525.513943 -17.9621696 17.7164783 36.9949989 -0.1181222 0.2454215 -0.0791963 0.9589283
1740548525.619241 -17.9736500 17.7026043 37.0140114 -0.1220258 0.2504021 -0.0766454 0.9573578
1740548525.718899 -17.9963131 17.6935329 37.0388298 -0.1259481 0.2577898 -0.0760129 0.9549364
1740548525.828161 -17.9971466 17.6706905 37.0517311 -0.1322365 0.2597226 -0.0757483 0.9535826
1740548525.933681 -18.0284805 17.6279144 37.0778542 -0.1434038 0.2681124 -0.0728676 0.9498639
1740548526.047587 -18.0685921 17.6289806 37.1176720 -0.1455363 0.2786880 -0.0719970 0.9465562
1740548526.151384 -18.0965366 17.5835724 37.1396408 -0.1561425 0.2874340 -0.0707110 0.9423382
1740548526.263877 -18.0932598 17.5753212 37.1614571 -0.1576824 0.2898230 -0.0683490 0.9415239
1740548526.370053 -18.1142387 17.6201935 37.1859322 -0.1486231 0.2971866 -0.0676792 0.9407502
1740548526.471946 -18.0607491 17.5942764 37.1834297 -0.1534869 0.2875870 -0.0687257 0.9428745
1740548526.581452 -18.0535126 17.6225758 37.1990395 -0.1479223 0.2891129 -0.0669966 0.9434215
1740548526.686897 -17.9940910 17.5892735 37.2449265 -0.1546837 0.2856520 -0.0656008 0.9434895
1740548526.804048 -17.9262905 17.5747299 37.2754669 -0.1582918 0.2802692 -0.0601815 0.9448657
1740548526.905626 -17.8573532 17.5862179 37.3325539 -0.1608492 0.2796753 -0.0560353 0.9448647
1740548527.016228 -17.7742119 17.6840115 37.3622398 -0.1513603 0.2758664 -0.0614957 0.9472096
1740548527.117918 -17.7153587 17.6373005 37.3958282 -0.1598383 0.2711677 -0.0586801 0.9473523
1740548527.220773 -17.6385479 17.6370335 37.4468803 -0.1633045 0.2680154 -0.0542289 0.9479233
1740548527.435890 -17.5737381 17.6993008 37.5810738 -0.1626017 0.2757620 -0.0563679 0.9456948
1740548527.648970 -17.4787350 17.6762352 37.7068748 -0.1724842 0.2755471 -0.0515111 0.9442826
1740548527.864911 -17.3505440 17.6332340 37.8341255 -0.1877246 0.2698824 -0.0466127 0.9432657
1740548528.079763 -17.3159637 17.6464939 38.0108147 -0.1962327 0.2828227 -0.0476532 0.9376744
1740548528.301837 -17.2154160 17.6527786 38.1418686 -0.2003881 0.2817548 -0.0454621 0.9372257
1740548528.531656 -17.1128178 17.6616077 38.2710571 -0.2047348 0.2820642 -0.0421214 0.9363489
1740548528.634447 -17.0566788 17.6751442 38.3289948 -0.2058476 0.2810997 -0.0410508 0.9364425
1740548528.733660 -17.0063210 17.6711617 38.4064445 -0.2117582 0.2813277 -0.0379689 0.9351853
1740548528.840397 -16.9586716 17.6834927 38.4724770 -0.2142787 0.2806697 -0.0371428 0.9348420
1740548528.940747 -16.9010506 17.6842155 38.5434914 -0.2188331 0.2811169 -0.0340366 0.9337703
1740548529.050533 -16.8732357 17.6560059 38.6218452 -0.2181702 0.2821182 -0.0353682 0.9335739
1740548529.242123 -16.8706551 17.6507988 38.6234589 -0.2190095 0.2817787 -0.0347397 0.9335035
