1740548423.411596 0.0000000 0.0000000 0.0000000 -0.0000000 -0.0000000 -0.0000000 1.0000000
1740548423.992073 0.0390210 0.0372345 0.0638262 0.0013356 -0.0015677 -0.0002130 0.9999979
1740548424.158981 0.0254344 0.0440068 0.1351846 0.0039002 -0.0043375 -0.0002668 0.9999830
1740548424.359175 0.0098756 0.0234937 0.2082106 0.0058883 -0.0075422 -0.0002565 0.9999542
1740548424.542680 -0.0117106 0.0053358 0.2792241 0.0086779 -0.0116558 -0.0001811 0.9998944
1740548424.675555 -0.0366451 -0.0148546 0.3488025 0.0118217 -0.0162653 -0.0000287 0.9997978
1740548424.776019 -0.0544023 -0.0309499 0.4175499 0.0157625 -0.0218524 -0.0000436 0.9996369
1740548424.874449 -0.0632975 -0.0501865 0.4914007 0.0199436 -0.0284703 0.0002709 0.9993957
1740548424.972424 -0.0802129 -0.0687401 0.5629714 0.0243252 -0.0353119 0.0004442 0.9990802
1740548425.078700 -0.0988682 -0.0795423 0.6363371 0.0292627 -0.0427170 0.0005304 0.9986585
1740548425.181851 -0.1146726 -0.0946323 0.7038150 0.0342044 -0.0505762 0.0003851 0.9981343
1740548425.397103 -0.1466739 -0.1317705 0.8461134 0.0437502 -0.0669464 0.0006171 0.9967968
1740548425.499597 -0.1594055 -0.1567200 0.9182987 0.0481281 -0.0756639 0.0003277 0.9959712
1740548425.626135 -0.1773610 -0.1558007 0.9889805 0.0531081 -0.0842415 0.0005908 0.9950289
1740548425.733246 -0.1959653 -0.1661281 1.0587454 0.0573607 -0.0930019 0.0006096 0.9940121
1740548425.848590 -0.2233505 -0.1781708 1.1273198 0.0610032 -0.1010044 0.0003474 0.9930139
1740548425.957775 -0.2611158 -0.1904094 1.1915579 0.0640919 -0.1083695 0.0001269 0.9920425
1740548426.069376 -0.2879620 -0.2001869 1.2602717 0.0671220 -0.1156611 0.0000102 0.9910183
1740548426.180571 -0.3102000 -0.2094832 1.3287581 0.0694309 -0.1227109 0.0002836 0.9900107
1740548426.294108 -0.3447091 -0.2185621 1.3907254 0.0710913 -0.1287046 -0.0001126 0.9891315
1740548426.411457 -0.3728513 -0.2291218 1.4632041 0.0728060 -0.1349678 -0.0000964 0.9881716
1740548426.516364 -0.4067574 -0.2248926 1.5255442 0.0740671 -0.1397030 0.0000980 0.9874194
1740548426.631029 -0.4370765 -0.2302282 1.5954832 0.0750153 -0.1449182 -0.0006411 0.9865957
1740548426.741711 -0.4590035 -0.2269181 1.6685220 0.0761482 -0.1495822 -0.0010848 0.9858121
1740548426.853231 -0.4950960 -0.2243294 1.7274265 0.0767509 -0.1526149 -0.0011682 0.9853003
1740548426.963659 -0.5092310 -0.2188925 1.7913336 0.0767311 -0.1555746 0.0001340 0.9848396
1740548427.067302 -0.5393670 -0.2175622 1.8594804 0.0771247 -0.1583123 0.0003194 0.9843724
1740548427.167199 -0.5664974 -0.2298362 1.9266946 0.0768493 -0.1610250 -0.0006051 0.9839537
1740548427.265465 -0.5888094 -0.2535564 1.9990054 0.0753720 -0.1635913 -0.0004757 0.9836446
1740548427.373211 -0.6197501 -0.2690857 2.0595598 0.0750867 -0.1650766 -0.0011888 0.9834177
1740548427.477202 -0.6377740 -0.2670784 2.1294398 0.0751444 -0.1671534 -0.0010281 0.9830626
1740548427.593805 -0.6631584 -0.2567556 2.1974196 0.0753217 -0.1688240 -0.0002590 0.9827640
1740548427.701881 -0.6900229 -0.2401650 2.2623246 0.0762103 -0.1702891 0.0001795 0.9824427
1740548427.814581 -0.7232335 -0.2471329 2.3298175 0.0754212 -0.1709304 -0.0001405 0.9823922
1740548427.927855 -0.7623067 -0.2662102 2.3895440 0.0741448 -0.1710576 -0.0007479 0.9824670
1740548428.032786 -0.7950370 -0.2895538 2.4548621 0.0727708 -0.1711907 -0.0017933 0.9825451
1740548428.146209 -0.8185616 -0.2908220 2.5232370 0.0723019 -0.1715252 -0.0014854 0.9825220
1740548428.253386 -0.8483304 -0.2892945 2.5872967 0.0721535 -0.1713596 -0.0013605 0.9825619
1740548428.375447 -0.8894950 -0.2938280 2.6505013 0.0714692 -0.1704700 -0.0019165 0.9827657
1740548428.483218 -0.9167014 -0.2915654 2.7157855 0.0717349 -0.1699770 -0.0020350 0.9828315
1740548428.600637 -0.9438020 -0.2923029 2.7907286 0.0716946 -0.1700207 -0.0020302 0.9828269
1740548428.708862 -0.9694563 -0.2953309 2.8595586 0.0716494 -0.1693159 -0.0020445 0.9829519
1740548428.819528 -1.0107065 -0.3126777 2.9212625 0.0706158 -0.1679504 -0.0027646 0.9832591
1740548428.930646 -1.0294529 -0.3062422 2.9924273 0.0719356 -0.1683200 -0.0025082 0.9831009
1740548429.029778 -1.0481359 -0.3116105 3.0690155 0.0717370 -0.1683965 -0.0022578 0.9831029
1740548429.131916 -1.0814976 -0.3336666 3.1329999 0.0718162 -0.1674095 -0.0026338 0.9832647
1740548429.230769 -1.1097590 -0.3447445 3.2012243 0.0725879 -0.1663500 -0.0024619 0.9833883
1740548429.335454 -1.1380216 -0.3587144 3.2725911 0.0725759 -0.1650646 -0.0020860 0.9836067
1740548429.437342 -1.1555049 -0.3635689 3.3441477 0.0731627 -0.1640883 -0.0012295 0.9837280
1740548429.538262 -1.1803944 -0.3754564 3.4086242 0.0740876 -0.1630883 -0.0015728 0.9838246
1740548429.644311 -1.2080486 -0.3685562 3.4795673 0.0758255 -0.1618896 -0.0009327 0.9838910
1740548429.743009 -1.2320349 -0.3673170 3.5486531 0.0771561 -0.1604317 -0.0006515 0.9840265
1740548429.848090 -1.2657679 -0.3674215 3.6188254 0.0780401 -0.1580709 -0.0001129 0.9843391
1740548429.947742 -1.2873863 -0.3625349 3.6942954 0.0806034 -0.1567271 0.0003574 0.9843473
1740548430.051077 -1.3104678 -0.3643273 3.7587035 0.0829715 -0.1544271 0.0002815 0.9845141
1740548430.154402 -1.3548516 -0.3688095 3.8255241 0.0858657 -0.1510348 0.0009502 0.9847917
1740548430.256141 -1.3512385 -0.3854343 3.9025159 0.0884841 -0.1495268 0.0016425 0.9847891
1740548430.361830 -1.3812877 -0.4054886 3.9706466 0.0906659 -0.1466329 0.0021408 0.9850249
1740548430.460677 -1.3970103 -0.4308799 4.0415540 0.0933232 -0.1445494 0.0027824 0.9850830
1740548430.566442 -1.4215472 -0.4468454 4.1120663 0.0961940 -0.1418597 0.0031251 0.9851968
1740548430.667565 -1.4426649 -0.4556909 4.1883636 0.0997092 -0.1397418 0.0038530 0.9851474
1740548430.770261 -1.4787450 -0.4492026 4.2510209 0.1040255 -0.1360423 0.0050686 0.9852134
1740548430.877244 -1.5081631 -0.4675029 4.3181849 0.1071633 -0.1331438 0.0055664 0.9852704
1740548430.976146 -1.5203159 -0.4700278 4.3806858 0.1109418 -0.1318805 0.0059536 0.9850198
1740548431.079576 -1.5108004 -0.4693719 4.4368629 0.1148651 -0.1325690 0.0052287 0.9844817
1740548431.180208 -1.4946054 -0.4756134 4.4882832 0.1182328 -0.1340747 0.0054367 0.9838777
1740548431.279979 -1.4886903 -0.4870809 4.5417085 0.1217093 -0.1334729 0.0064643 0.9835294
1740548431.383428 -1.4811313 -0.4917048 4.5959902 0.1247261 -0.1344994 0.0054346 0.9830177
1740548431.482650 -1.4775356 -0.5032379 4.6246758 0.1264483 -0.1354571 0.0054477 0.9826660
1740548431.593340 -1.4716640 -0.5201717 4.6615486 0.1281930 -0.1366548 0.0050709 0.9822761
1740548431.692355 -1.4623151 -0.5295063 4.7000513 0.1305400 -0.1381728 0.0060411 0.9817490
1740548431.794581 -1.4614999 -0.5292866 4.7481389 0.1334973 -0.1390279 0.0065996 0.9812269
1740548431.907716 -1.4654652 -0.5393903 4.7753811 0.1350630 -0.1397732 0.0058067 0.9809117
1740548432.012425 -1.4842453 -0.5453440 4.8223028 0.1371644 -0.1393234 0.0063708 0.9806805
1740548432.135100 -1.4973027 -0.5428599 4.8641076 0.1408653 -0.1395741 0.0065490 0.9801189
1740548432.242748 -1.4981307 -0.5771276 4.9141021 0.1405266 -0.1408678 0.0067617 0.9799810
1740548432.355569 -1.4818201 -0.5809802 4.9461498 0.1424186 -0.1457909 0.0060689 0.9789919
1740548432.463763 -1.5253663 -0.6031135 4.9752254 0.1408068 -0.1425924 0.0070598 0.9796893
1740548432.569799 -1.5353976 -0.6234065 4.9912281 0.1400993 -0.1413376 0.0067403 0.9799747
1740548432.674498 -1.5427004 -0.6275687 5.0390234 0.1401057 -0.1420766 0.0072081 0.9798636
1740548432.775604 -1.5506923 -0.6588528 5.0873227 0.1392347 -0.1440909 0.0071476 0.9796941
1740548432.884062 -1.5681876 -0.7014029 5.1250010 0.1372868 -0.1453881 0.0080512 0.9797703
1740548432.985883 -1.5817335 -0.7326214 5.1549973 0.1349435 -0.1460873 0.0066734 0.9800022
1740548433.097919 -1.5895231 -0.7327271 5.2061191 0.1359070 -0.1469870 0.0070011 0.9797322
1740548433.198157 -1.5839789 -0.7416692 5.2765093 0.1360349 -0.1492571 0.0065208 0.9793745
1740548433.297796 -1.6140434 -0.7678993 5.3182178 0.1342372 -0.1487075 0.0065192 0.9797060
1740548433.412581 -1.6234262 -0.7895660 5.3364162 0.1338355 -0.1486315 0.0062402 0.9797744
1740548433.511273 -1.6204801 -0.7684119 5.3361726 0.1358817 -0.1477466 0.0064084 0.9796255
1740548433.618488 -1.6254866 -0.7873920 5.3719530 0.1343806 -0.1495400 0.0059302 0.9795634
1740548433.720026 -1.6350695 -0.8044666 5.4404893 0.1335682 -0.1505387 0.0048318 0.9795276
1740548433.828007 -1.6224037 -0.8215749 5.5021310 0.1332268 -0.1536570 0.0048866 0.9790895
1740548433.931635 -1.6166297 -0.8406490 5.5439739 0.1318445 -0.1567665 0.0052012 0.9787821
1740548434.033622 -1.6169950 -0.8555214 5.5963345 0.1319741 -0.1599200 0.0046356 0.9782571
1740548434.139156 -1.6290259 -0.8692191 5.6500449 0.1316506 -0.1625923 0.0040802 0.9778626
1740548434.245045 -1.6658175 -0.8878132 5.7126069 0.1311715 -0.1629875 0.0036332 0.9778630
1740548434.360871 -1.6818964 -0.8900766 5.7465014 0.1326075 -0.1636409 0.0053237 0.9775524
1740548434.467835 -1.6741872 -0.9048950 5.7914925 0.1334735 -0.1675553 0.0040847 0.9767771
1740548434.583502 -1.6867559 -0.8825307 5.8385544 0.1375207 -0.1694284 0.0027647 0.9758967
1740548434.695461 -1.6987705 -0.9151520 5.8829231 0.1374805 -0.1704452 0.0031840 0.9757240
1740548434.813225 -1.7137119 -0.9379456 5.8980045 0.1352761 -0.1698838 0.0027617 0.9761313
1740548434.925310 -1.7189343 -0.9275039 5.8919082 0.1376450 -0.1682835 0.0028248 0.9760771
1740548435.033828 -1.7397518 -0.9609498 5.9389143 0.1370279 -0.1697584 0.0019693 0.9759107
1740548435.150551 -1.7359898 -0.9896547 5.9795651 0.1367279 -0.1732796 0.0018792 0.9753339
1740548435.260564 -1.7235490 -1.0075221 6.0310879 0.1377666 -0.1766912 0.0017394 0.9745756
1740548435.375586 -1.7252989 -1.0179756 6.0725493 0.1389223 -0.1775598 0.0018251 0.9742535
1740548435.483863 -1.7201753 -1.0398459 6.1076512 0.1401099 -0.1797554 0.0013438 0.9736814
1740548435.604134 -1.7278553 -1.0491117 6.1302109 0.1409878 -0.1799841 0.0034602 0.9735072
1740548435.714909 -1.7544236 -1.0825201 6.1589594 0.1390935 -0.1775893 0.0028976 0.9742211
1740548435.827956 -1.7851480 -1.1146225 6.1973038 0.1386348 -0.1751579 0.0036093 0.9747241
1740548435.930889 -1.8041254 -1.1370310 6.2150798 0.1363099 -0.1714562 0.0040338 0.9757080
1740548436.031705 -1.7988970 -1.1446732 6.2296562 0.1379021 -0.1715610 0.0033439 0.9754684
1740548436.136632 -1.7891402 -1.1478211 6.2668023 0.1399032 -0.1733975 0.0039362 0.9748564
1740548436.241374 -1.7839999 -1.1623763 6.2848935 0.1392095 -0.1735229 0.0037929 0.9749339
1740548436.353779 -1.8164996 -1.1725217 6.3049622 0.1386279 -0.1670737 0.0044591 0.9761398
1740548436.460624 -1.8456308 -1.1674083 6.3294392 0.1383368 -0.1620650 0.0054051 0.9770203
1740548436.572392 -1.8734751 -1.1700879 6.3421826 0.1390873 -0.1565172 0.0055650 0.9778170
1740548436.680039 -1.9016302 -1.1762288 6.3552117 0.1389140 -0.1490571 0.0058239 0.9790051
1740548436.780054 -1.9376274 -1.1937014 6.3865170 0.1374486 -0.1435246 0.0071537 0.9800293
1740548436.896998 -1.9744418 -1.2108846 6.4187789 0.1360335 -0.1377275 0.0076639 0.9810542
1740548436.998530 -2.0026579 -1.2172034 6.4482875 0.1360325 -0.1319020 0.0081461 0.9818507
1740548437.107249 -2.0198903 -1.2274927 6.4568844 0.1321564 -0.1282194 0.0091943 0.9828581
1740548437.210881 -2.0249319 -1.2431258 6.4603190 0.1269566 -0.1247131 0.0081363 0.9840033
1740548437.322926 -2.0182023 -1.2439082 6.4742775 0.1265463 -0.1271431 0.0087402 0.9837400
1740548437.427471 -2.0037231 -1.2349601 6.4910545 0.1268699 -0.1305502 0.0092034 0.9832477
1740548437.530781 -2.0057168 -1.2685647 6.5031834 0.1205880 -0.1276482 0.0064329 0.9844405
1740548437.638592 -2.0054963 -1.2923825 6.5261436 0.1140728 -0.1270067 0.0059524 0.9853026
1740548437.743739 -2.0003276 -1.3166459 6.5453067 0.1069056 -0.1293504 0.0056627 0.9858030
1740548437.855087 -2.0267026 -1.3383040 6.5648699 0.1024435 -0.1250791 0.0061414 0.9868246
1740548437.963475 -2.0654571 -1.3268476 6.5558529 0.1012262 -0.1177006 0.0064247 0.9878556
1740548438.073403 -2.0674684 -1.3280860 6.5611873 0.0976215 -0.1151526 0.0050273 0.9885265
1740548438.178769 -2.0729284 -1.3275239 6.5713639 0.0948062 -0.1139161 0.0057459 0.9889398
1740548438.281679 -2.1023088 -1.3339872 6.5806851 0.0920075 -0.1088375 0.0061863 0.9897731
1740548438.389265 -2.1215980 -1.3256484 6.6010485 0.0925504 -0.1064788 0.0067961 0.9899750
1740548438.494459 -2.1336672 -1.3312992 6.6196032 0.0920476 -0.1034266 0.0061767 0.9903495
1740548438.606443 -2.1484628 -1.3200924 6.6316710 0.0911836 -0.1013170 0.0063416 0.9906464
1740548438.711440 -2.1620288 -1.3129349 6.6514063 0.0935672 -0.1000532 0.0075027 0.9905444
1740548438.825361 -2.1708105 -1.3001798 6.6595407 0.0949386 -0.0985138 0.0090346 0.9905554
1740548438.932674 -2.1760800 -1.2983205 6.6660242 0.0938308 -0.0980091 0.0098546 0.9907032
1740548439.042221 -2.1815157 -1.2926990 6.6706882 0.0952359 -0.0964916 0.0106417 0.9907100
1740548439.154920 -2.1856756 -1.2903131 6.6761413 0.0944515 -0.0958038 0.0106533 0.9908517
1740548439.264242 -2.1888649 -1.2884805 6.6778483 0.0935524 -0.0950583 0.0108350 0.9910068
1740548439.375477 -2.1888413 -1.2884271 6.6819820 0.0932008 -0.0942011 0.0110842 0.9911190
1740548439.478424 -2.1943731 -1.2856431 6.6868858 0.0895562 -0.0930790 0.0110042 0.9915618
1740548439.586313 -2.1887021 -1.2920675 6.6929193 0.0871692 -0.0961693 0.0111753 0.9914777
1740548439.694707 -2.1939759 -1.2948275 6.7013192 0.0842856 -0.0951502 0.0120689 0.9918149
1740548439.797186 -2.1939068 -1.2954363 6.7022581 0.0816474 -0.0944003 0.0114003 0.9921151
1740548439.906667 -2.1933682 -1.2967603 6.7013960 0.0786082 -0.0950636 0.0130735 0.9922765
1740548440.012675 -2.1921699 -1.2959902 6.7077694 0.0770900 -0.0957309 0.0135481 0.9923252
1740548440.123321 -2.1835735 -1.3069909 6.7254715 0.0746666 -0.0994137 0.0136679 0.9921467
1740548440.229831 -2.1725209 -1.3128881 6.7326636 0.0722952 -0.1035055 0.0121388 0.9919237
1740548440.338465 -2.1689229 -1.3209153 6.7416258 0.0699023 -0.1037518 0.0122019 0.9920688
1740548440.449858 -2.1799049 -1.3205305 6.7560139 0.0700483 -0.1001819 0.0105959 0.9924437
1740548440.574018 -2.1759198 -1.3263285 6.7552438 0.0664936 -0.1002045 0.0104417 0.9926876
1740548440.681487 -2.1698334 -1.3327141 6.7549701 0.0635769 -0.1025122 0.0112136 0.9926346
1740548440.792765 -2.1734085 -1.3493760 6.7640514 0.0598776 -0.1031595 0.0096902 0.9928136
1740548440.929674 -2.1674161 -1.3558702 6.7702079 0.0575950 -0.1039414 0.0089941 0.9928737
1740548441.039858 -2.1681845 -1.3614573 6.7799020 0.0558369 -0.1038266 0.0097202 0.9929793
1740548441.160551 -2.1576335 -1.3611484 6.7842550 0.0545248 -0.1063215 0.0085905 0.9927986
1740548441.270767 -2.1507735 -1.3656473 6.7922568 0.0510289 -0.1093862 0.0103458 0.9926347
1740548441.398810 -2.1541517 -1.3794354 6.8378768 0.0477764 -0.1105824 0.0082076 0.9926840
1740548441.510249 -2.1581883 -1.3940060 6.8723483 0.0437416 -0.1112624 0.0059397 0.9928102
1740548441.626918 -2.1578434 -1.3947082 6.8937616 0.0432698 -0.1133511 0.0076792 0.9925827
1740548441.737610 -2.1571312 -1.3967874 6.9211540 0.0418509 -0.1156783 0.0084158 0.9923690
1740548441.857899 -2.1556892 -1.4036475 6.9569392 0.0399007 -0.1187148 0.0092254 0.9920835
1740548441.971885 -2.1546090 -1.4058223 6.9886279 0.0399126 -0.1210808 0.0085053 0.9918035
1740548442.091244 -2.1512945 -1.4130137 7.0108452 0.0364618 -0.1247733 0.0069636 0.9914907
1740548442.205107 -2.1467988 -1.4109855 7.0220623 0.0364480 -0.1268306 0.0081520 0.9912210
1740548442.334564 -2.1465759 -1.4132175 7.0522752 0.0360344 -0.1297289 0.0079534 0.9908626
1740548442.447971 -2.1574981 -1.4158897 7.1006408 0.0360681 -0.1294614 0.0087492 0.9908897
1740548442.560248 -2.1610186 -1.4202354 7.1391506 0.0333872 -0.1320372 0.0078398 0.9906513
1740548442.686578 -2.1704326 -1.4230880 7.1844130 0.0330670 -0.1332724 0.0070786 0.9905024
1740548442.798891 -2.1549218 -1.4025414 7.2214632 0.0335759 -0.1366861 0.0065231 0.9900237
1740548442.916207 -2.1767488 -1.4151444 7.2737961 0.0314527 -0.1375930 0.0066260 0.9899672
1740548443.030502 -2.1952748 -1.4264673 7.3153663 0.0298749 -0.1370308 0.0059156 0.9900985
1740548443.156695 -2.2277861 -1.4157097 7.3452148 0.0293563 -0.1354692 0.0059719 0.9903286
1740548443.280761 -2.2560194 -1.3941513 7.3896966 0.0293483 -0.1344798 0.0060538 0.9904631
1740548443.404493 -2.2844603 -1.3940516 7.4444237 0.0277112 -0.1339098 0.0046327 0.9905952
1740548443.516885 -2.2902281 -1.3721879 7.5009351 0.0285958 -0.1343931 0.0054982 0.9905002
1740548443.630730 -2.3023489 -1.3597456 7.5555124 0.0275398 -0.1350650 0.0047725 0.9904425
1740548443.733944 -2.3131769 -1.3358413 7.6158619 0.0281797 -0.1354760 0.0047427 0.9903685
1740548443.846169 -2.3290262 -1.3117412 7.6763792 0.0295046 -0.1352797 0.0046157 0.9903573
1740548443.950148 -2.3740385 -1.2953236 7.7417498 0.0289922 -0.1333849 0.0046002 0.9906295
1740548444.055165 -2.3830402 -1.2804087 7.7949190 0.0304232 -0.1318794 0.0050178 0.9907861
1740548444.165064 -2.4193821 -1.2781090 7.8682561 0.0300336 -0.1305236 0.0048889 0.9909781
1740548444.269643 -2.4439754 -1.2738525 7.9416056 0.0299311 -0.1287125 0.0051599 0.9912168
1740548444.381477 -2.4651260 -1.2863165 8.0072536 0.0294355 -0.1261397 0.0047087 0.9915645
1740548444.487286 -2.4797328 -1.2922307 8.0846109 0.0298238 -0.1244393 0.0042701 0.9917697
1740548444.599237 -2.4866664 -1.3038815 8.1607227 0.0300201 -0.1227335 0.0047236 0.9919743
1740548444.710366 -2.4880705 -1.3260950 8.2399635 0.0296339 -0.1211987 0.0048985 0.9921737
1740548444.815216 -2.5082369 -1.3296924 8.3135700 0.0301240 -0.1191361 0.0046907 0.9924098
1740548444.931428 -2.5241137 -1.3281435 8.3917608 0.0306281 -0.1180079 0.0050874 0.9925272
1740548445.039305 -2.5597701 -1.3318386 8.4540615 0.0308778 -0.1151291 0.0051219 0.9928573
1740548445.165729 -2.5734973 -1.3309845 8.5327778 0.0311346 -0.1140994 0.0048391 0.9929696
1740548445.278411 -2.5771408 -1.3278810 8.6196022 0.0317477 -0.1141634 0.0052727 0.9929406
1740548445.398875 -2.6041863 -1.3309019 8.6886272 0.0315412 -0.1127955 0.0048110 0.9931059
1740548445.510241 -2.6310465 -1.3269409 8.7591829 0.0322904 -0.1114830 0.0047900 0.9932300
1740548445.625542 -2.6440706 -1.3519245 8.8391905 0.0309519 -0.1113467 0.0048315 0.9932877
1740548445.735487 -2.6730449 -1.3579739 8.9139738 0.0302515 -0.1104857 0.0048254 0.9934055
1740548445.850738 -2.7040908 -1.3491532 8.9820690 0.0297326 -0.1101218 0.0047134 0.9934621
1740548445.963403 -2.6887252 -1.3719835 9.0657883 0.0281421 -0.1118219 0.0048504 0.9933179
1740548446.069782 -2.7158027 -1.3716867 9.1400671 0.0273809 -0.1121531 0.0045166 0.9933034
1740548446.182341 -2.7302036 -1.3781490 9.2155781 0.0262121 -0.1132786 0.0043468 0.9932079
1740548446.291158 -2.7381270 -1.3854713 9.2938194 0.0237036 -0.1149845 0.0042058 0.9930755
1740548446.415025 -2.7562692 -1.3920362 9.3685570 0.0214068 -0.1162587 0.0043325 0.9929788
1740548446.523297 -2.7851765 -1.3980808 9.4393349 0.0192302 -0.1173376 0.0032808 0.9929004
1740548446.639739 -2.7939880 -1.3947947 9.5224266 0.0175387 -0.1195276 0.0034657 0.9926699
1740548446.749774 -2.8133695 -1.4002242 9.5991926 0.0147449 -0.1214518 0.0030239 0.9924832
1740548446.865691 -2.8387897 -1.3953131 9.6736097 0.0125026 -0.1233692 0.0026983 0.9922785
1740548446.972333 -2.8573127 -1.3981626 9.7520037 0.0099806 -0.1255909 0.0024053 0.9920290
1740548447.088730 -2.8819044 -1.4005668 9.8288126 0.0071859 -0.1278127 0.0020196 0.9917703
1740548447.204958 -2.9033260 -1.4007019 9.9012461 0.0044122 -0.1300085 0.0012562 0.9915023
1740548447.316717 -2.9253786 -1.3944557 9.9776058 0.0015768 -0.1325945 0.0008812 0.9911687
1740548447.433723 -2.9566596 -1.3866550 10.0463285 -0.0016085 -0.1348393 0.0005845 0.9908660
1740548447.548409 -2.9834161 -1.3680054 10.1164236 -0.0038572 -0.1370115 0.0002863 0.9905620
1740548447.670339 -3.0020797 -1.3669555 10.1962786 -0.0065350 -0.1399216 0.0003724 0.9901410
1740548447.782819 -3.0290685 -1.3688658 10.2700119 -0.0092585 -0.1423175 -0.0003117 0.9897777
1740548447.899056 -3.0519803 -1.3656338 10.3461685 -0.0112256 -0.1451195 -0.0006980 0.9893502
1740548448.014563 -3.0683820 -1.3647758 10.4237566 -0.0135763 -0.1480690 -0.0010068 0.9888834
1740548448.135357 -3.1077538 -1.3628906 10.4912968 -0.0157932 -0.1503620 -0.0014545 0.9885038
1740548448.249093 -3.1345651 -1.3526767 10.5654583 -0.0175211 -0.1530213 -0.0015998 0.9880663
1740548448.365425 -3.1543658 -1.3563360 10.6431103 -0.0198910 -0.1559399 -0.0017658 0.9875647
1740548448.472250 -3.1843343 -1.3461359 10.7166462 -0.0213187 -0.1588942 -0.0019800 0.9870635
1740548448.579989 -3.2071056 -1.3299668 10.7902069 -0.0226756 -0.1619772 -0.0019312 0.9865321
1740548448.694748 -3.2343397 -1.3350576 10.8662891 -0.0242061 -0.1650212 -0.0024234 0.9859900
1740548448.801423 -3.2543967 -1.3280511 10.9417858 -0.0253309 -0.1683297 -0.0025785 0.9854019
1740548448.919890 -3.2793691 -1.3276798 11.0162058 -0.0265939 -0.1716216 -0.0028716 0.9847998
1740548449.031475 -3.3185725 -1.3209414 11.0850019 -0.0277406 -0.1744111 -0.0028965 0.9842778
1740548449.145936 -3.3596799 -1.3159037 11.1560240 -0.0289379 -0.1772037 -0.0027623 0.9837448
1740548449.252127 -3.3866365 -1.3110240 11.2290268 -0.0305112 -0.1805030 -0.0029920 0.9830965
1740548449.368122 -3.4118056 -1.3048612 11.3068419 -0.0315493 -0.1840983 -0.0030132 0.9823968
1740548449.473211 -3.4524343 -1.3011857 11.3756809 -0.0327023 -0.1869697 -0.0030847 0.9818164
1740548449.581028 -3.5042727 -1.3041210 11.4382410 -0.0348115 -0.1893791 -0.0032538 0.9812813
1740548449.695649 -3.5358956 -1.2931029 11.5086832 -0.0362147 -0.1925039 -0.0035297 0.9806214
1740548449.801793 -3.5690870 -1.2847121 11.5788813 -0.0378876 -0.1956882 -0.0036782 0.9799271
1740548449.923446 -3.5975218 -1.2835315 11.6534777 -0.0397773 -0.1988146 -0.0040074 0.9792213
1740548450.035920 -3.6383429 -1.2791177 11.7202454 -0.0423238 -0.2014379 -0.0045813 0.9785758
1740548450.152867 -3.6747026 -1.2771953 11.7921963 -0.0451428 -0.2042135 -0.0046677 0.9778739
1740548450.266237 -3.7019401 -1.2722565 11.8687134 -0.0476056 -0.2072414 -0.0052407 0.9771168
1740548450.386157 -3.7288513 -1.2661864 11.9417534 -0.0505643 -0.2101055 -0.0060731 0.9763514
1740548450.494612 -3.7659552 -1.2516747 12.0149403 -0.0533798 -0.2128190 -0.0062432 0.9756125
1740548450.610423 -3.7944326 -1.2314036 12.0878582 -0.0564781 -0.2156998 -0.0069264 0.9748004
1740548450.721797 -3.8328974 -1.2350155 12.1523790 -0.0609465 -0.2175000 -0.0076246 0.9741259
1740548450.832942 -3.8709302 -1.2158731 12.2182989 -0.0641474 -0.2197934 -0.0084323 0.9733986
1740548450.966385 -3.9171395 -1.2134178 12.2748432 -0.0689036 -0.2213225 -0.0093725 0.9727183
1740548451.072609 -3.9546685 -1.2052535 12.3389559 -0.0734283 -0.2233321 -0.0103967 0.9719172
1740548451.187549 -3.9865065 -1.1821346 12.4106846 -0.0769292 -0.2257588 -0.0109284 0.9710795
1740548451.294715 -4.0145473 -1.1520404 12.4809055 -0.0805741 -0.2279591 -0.0115163 0.9702628
1740548451.403629 -4.0522747 -1.1410661 12.5501757 -0.0846085 -0.2297730 -0.0126047 0.9694777
1740548451.510069 -4.0991459 -1.1270039 12.6097260 -0.0887113 -0.2310669 -0.0133971 0.9687925
1740548451.619780 -4.1305118 -1.1119556 12.6811333 -0.0924068 -0.2329349 -0.0143197 0.9679862
1740548451.726128 -4.1754150 -1.0851196 12.7400150 -0.0960532 -0.2339654 -0.0147387 0.9673762
1740548451.831706 -4.2057376 -1.0630245 12.8101034 -0.0990234 -0.2353924 -0.0155188 0.9667181
1740548451.941268 -4.2458358 -1.0449870 12.8787374 -0.1024761 -0.2361188 -0.0159237 0.9661744
1740548452.049934 -4.2824550 -1.0207725 12.9450827 -0.1053551 -0.2367153 -0.0167591 0.9657046
1740548452.156780 -4.3200302 -0.9957471 13.0093441 -0.1081591 -0.2370037 -0.0174587 0.9653114
1740548452.262038 -4.3600059 -0.9731295 13.0745268 -0.1106911 -0.2368840 -0.0180823 0.9650422
1740548452.368901 -4.3920193 -0.9451981 13.1424599 -0.1126415 -0.2368482 -0.0185896 0.9648157
1740548452.472867 -4.4308348 -0.9234735 13.2072496 -0.1147692 -0.2361342 -0.0191161 0.9647296
1740548452.576337 -4.4676003 -0.9018682 13.2748089 -0.1163757 -0.2352253 -0.0197383 0.9647467
1740548452.683477 -4.5190072 -0.8797929 13.3339977 -0.1180359 -0.2334072 -0.0199112 0.9649830
1740548452.785789 -4.5554752 -0.8574792 13.4027681 -0.1191780 -0.2318015 -0.0204677 0.9652179
1740548452.893081 -4.5899096 -0.8376251 13.4719028 -0.1202751 -0.2299086 -0.0209658 0.9655240
1740548453.001281 -4.6235194 -0.8178568 13.5416002 -0.1213130 -0.2276299 -0.0215555 0.9659209
1740548453.111603 -4.6526999 -0.8076811 13.6128855 -0.1225096 -0.2251554 -0.0222018 0.9663351
1740548453.218083 -4.6849728 -0.7930209 13.6851139 -0.1236050 -0.2225135 -0.0229320 0.9667904
1740548453.319266 -4.7191439 -0.7776622 13.7518177 -0.1249045 -0.2192769 -0.0231991 0.9673564
1740548453.425561 -4.7485991 -0.7656460 13.8260593 -0.1263032 -0.2163878 -0.0243050 0.9677981
1740548453.529798 -4.7854171 -0.7579266 13.8952103 -0.1284589 -0.2129563 -0.0252453 0.9682513
1740548453.640807 -4.8169241 -0.7473767 13.9714384 -0.1309694 -0.2098132 -0.0261291 0.9685777
1740548453.742699 -4.8468590 -0.7260920 14.0414276 -0.1337573 -0.2063501 -0.0267965 0.9689224
1740548453.865179 -4.8630247 -0.7137991 14.1202250 -0.1373145 -0.2033887 -0.0283586 0.9690065
1740548453.970849 -4.8924460 -0.6967880 14.1902933 -0.1415487 -0.1999494 -0.0296179 0.9690753
1740548454.081420 -4.9126744 -0.6758502 14.2645855 -0.1462952 -0.1968878 -0.0307766 0.9689612
1740548454.198347 -4.9338188 -0.6552564 14.3378124 -0.1520760 -0.1940318 -0.0325284 0.9685900
1740548454.303845 -4.9552917 -0.6320829 14.4127264 -0.1582462 -0.1915347 -0.0341868 0.9680412
1740548454.425579 -4.9733758 -0.6074503 14.4859610 -0.1654353 -0.1895311 -0.0358223 0.9671742
1740548454.532159 -4.9941497 -0.5810269 14.5606070 -0.1734110 -0.1879105 -0.0376187 0.9660244
1740548454.646144 -5.0150342 -0.5534817 14.6294479 -0.1819699 -0.1867327 -0.0395729 0.9645994
1740548454.748919 -5.0327139 -0.5173204 14.7018213 -0.1908813 -0.1860795 -0.0412849 0.9629301
1740548454.869899 -5.0461855 -0.4764496 14.7703400 -0.2003507 -0.1861432 -0.0431815 0.9609088
1740548454.969058 -5.0666308 -0.4340498 14.8328285 -0.2106427 -0.1864472 -0.0450225 0.9585615
1740548455.072230 -5.0907860 -0.3879102 14.8908052 -0.2213526 -0.1873505 -0.0467857 0.9558839
1740548455.186983 -5.1095777 -0.3372955 14.9473248 -0.2318467 -0.1888560 -0.0487460 0.9529976
1740548455.287716 -5.1339149 -0.2842097 14.9984884 -0.2429281 -0.1907258 -0.0505121 0.9497675
1740548455.398052 -5.1563668 -0.2274423 15.0475321 -0.2537040 -0.1929660 -0.0520865 0.9464066
1740548455.499154 -5.1821036 -0.1676337 15.0972519 -0.2646455 -0.1957383 -0.0531520 0.9427747
1740548455.620379 -5.2080469 -0.1084235 15.1456680 -0.2751587 -0.1989557 -0.0544842 0.9390079
1740548455.719460 -5.2390804 -0.0520538 15.1911440 -0.2851497 -0.2021148 -0.0556666 0.9352756
1740548455.823444 -5.2796502 0.0029557 15.2330914 -0.2949684 -0.2051943 -0.0565444 0.9314997
1740548455.934248 -5.3072743 0.0547745 15.2828016 -0.3045276 -0.2087662 -0.0573398 0.9275730
1740548456.038983 -5.3484974 0.1054063 15.3270435 -0.3131929 -0.2120664 -0.0581109 0.9238837
1740548456.150555 -5.3843584 0.1642940 15.3716164 -0.3210811 -0.2156315 -0.0585244 0.9203178
1740548456.255211 -5.4272461 0.2149203 15.4158640 -0.3286247 -0.2187159 -0.0590455 0.9168876
1740548456.366497 -5.4687667 0.2675545 15.4571114 -0.3353553 -0.2216545 -0.0593637 0.9137188
1740548456.472359 -5.5085764 0.3221993 15.5016985 -0.3412823 -0.2244522 -0.0596749 0.9108164
1740548456.579016 -5.5515842 0.3753548 15.5436773 -0.3467091 -0.2265941 -0.0598811 0.9082193
1740548456.687106 -5.5826325 0.4309392 15.5911131 -0.3510698 -0.2287400 -0.0601705 0.9059843
1740548456.792168 -5.6155734 0.4900088 15.6334133 -0.3549395 -0.2306282 -0.0602197 0.9039924
1740548456.903532 -5.6455226 0.5433092 15.6807194 -0.3584768 -0.2319175 -0.0604280 0.9022511
1740548457.007292 -5.6656313 0.6025717 15.7285633 -0.3609761 -0.2330698 -0.0604742 0.9009537
1740548457.116814 -5.6823602 0.6641035 15.7801590 -0.3627214 -0.2341597 -0.0603196 0.8999801
1740548457.222953 -5.6982331 0.7170477 15.8367023 -0.3644654 -0.2349098 -0.0606892 0.8990546
1740548457.332696 -5.7188969 0.7736790 15.8829765 -0.3656953 -0.2350283 -0.0605868 0.8985310
1740548457.442506 -5.7308102 0.8276229 15.9385586 -0.3665047 -0.2355731 -0.0606818 0.8980520
1740548457.552194 -5.7528152 0.8855259 15.9883804 -0.3665777 -0.2359208 -0.0606200 0.8979351
1740548457.660736 -5.7733002 0.9480076 16.0378075 -0.3658597 -0.2364232 -0.0601878 0.8981248
1740548457.767243 -5.8019757 0.9927900 16.0885353 -0.3657094 -0.2364166 -0.0602637 0.8981827
1740548457.875970 -5.8411293 1.0428488 16.1378403 -0.3648276 -0.2368029 -0.0598005 0.8984704
1740548458.080396 -5.9157038 1.1485827 16.2371426 -0.3619890 -0.2379247 -0.0585800 0.8994021
1740548458.287901 -5.9882770 1.2510695 16.3335762 -0.3587850 -0.2389112 -0.0574262 0.9004982
1740548458.602973 -6.1073637 1.3950911 16.4837971 -0.3539328 -0.2407305 -0.0557589 0.9020374
1740548458.931715 -6.2092834 1.5465525 16.6359482 -0.3490837 -0.2415442 -0.0540435 0.9038121
1740548459.139503 -6.2674427 1.6492133 16.7425995 -0.3465195 -0.2416986 -0.0536519 0.9047804
1740548459.580851 -6.3906279 1.8491117 16.9556961 -0.3428388 -0.2400627 -0.0534413 0.9066287
1740548459.889572 -6.4871540 2.0054433 17.1095772 -0.3412671 -0.2372583 -0.0539050 0.9079315
1740548460.301955 -6.5873351 2.2124910 17.3279991 -0.3415384 -0.2327514 -0.0556412 0.9088907
1740548460.606427 -6.6730986 2.3704932 17.4822826 -0.3422127 -0.2295887 -0.0567862 0.9093706
1740548461.019615 -6.8015556 2.5716386 17.6883221 -0.3437372 -0.2268035 -0.0581047 0.9094113
1740548461.330599 -6.8984299 2.7307062 17.8412704 -0.3447385 -0.2266054 -0.0585741 0.9090514
1740548461.534348 -6.9561672 2.8337519 17.9490948 -0.3449950 -0.2277284 -0.0585349 0.9086759
1740548461.936017 -7.0576129 3.0484307 18.1613388 -0.3442403 -0.2323043 -0.0571589 0.9078911
1740548462.236547 -7.1496725 3.2121463 18.3105812 -0.3420466 -0.2379580 -0.0540425 0.9074467
1740548462.440955 -7.2192311 3.3048027 18.4147968 -0.3401127 -0.2432057 -0.0525540 0.9068696
1740548462.645457 -7.2907143 3.4069402 18.5052910 -0.3368687 -0.2491646 -0.0492099 0.9066504
1740548462.845329 -7.3663559 3.4912283 18.5998230 -0.3346395 -0.2561845 -0.0457173 0.9057019
1740548462.949357 -7.4108377 3.5388100 18.6404877 -0.3325158 -0.2599898 -0.0429528 0.9055350
1740548463.047945 -7.4616814 3.5822406 18.6782398 -0.3299195 -0.2640731 -0.0413967 0.9053755
1740548463.153948 -7.5058331 3.6294556 18.7225704 -0.3280912 -0.2686652 -0.0385961 0.9048124
1740548463.252450 -7.5456448 3.6748257 18.7647762 -0.3261017 -0.2731729 -0.0359100 0.9042924
1740548463.352197 -7.5749373 3.7210867 18.8196869 -0.3237011 -0.2789802 -0.0324490 0.9035125
1740548463.465573 -7.6278982 3.7576067 18.8727493 -0.3222129 -0.2848642 -0.0305446 0.9022740
1740548463.562294 -7.6814938 3.8019743 18.9097080 -0.3200721 -0.2899126 -0.0280186 0.9015096
1740548463.669703 -7.7373633 3.8516817 18.9332657 -0.3184496 -0.2948045 -0.0246630 0.9005953
1740548463.766028 -7.7954721 3.8751545 18.9572392 -0.3176757 -0.2987335 -0.0228453 0.8996214
1740548463.875927 -7.8559408 3.8986230 18.9784679 -0.3162453 -0.3029990 -0.0200063 0.8987660
1740548463.970431 -7.9103999 3.9274459 19.0004349 -0.3157823 -0.3071652 -0.0177713 0.8975607
1740548464.067595 -7.9566231 3.9682183 19.0246925 -0.3144652 -0.3114629 -0.0136953 0.8966131
1740548464.175246 -8.0104561 4.0079551 19.0463600 -0.3129928 -0.3169412 -0.0106482 0.8952488
1740548464.273043 -8.0733290 4.0539064 19.0755386 -0.3110574 -0.3229991 -0.0070497 0.8937926
1740548464.377536 -8.1209431 4.0911989 19.1079159 -0.3107490 -0.3293712 -0.0046581 0.8915873
1740548464.479013 -8.1457777 4.1091447 19.1219463 -0.3118969 -0.3362912 -0.0017517 0.8886088
1740548464.579162 -8.1581926 4.1111770 19.1326637 -0.3156807 -0.3423195 0.0014567 0.8849639
1740548464.684826 -8.1787682 4.1128311 19.1477890 -0.3177625 -0.3477590 0.0021246 0.8820920
1740548464.782184 -8.2261524 4.1528525 19.1619606 -0.3167320 -0.3537438 0.0064155 0.8800597
1740548464.887262 -8.2759447 4.1769114 19.1797714 -0.3169453 -0.3572280 0.0078971 0.8785622
1740548464.983769 -8.3273382 4.2043767 19.2062454 -0.3190261 -0.3633280 0.0105673 0.8752733
1740548465.080950 -8.3740215 4.2274194 19.2274208 -0.3206233 -0.3681322 0.0129182 0.8726468
1740548465.187011 -8.4319210 4.2592463 19.2558098 -0.3211162 -0.3730566 0.0136352 0.8703604
1740548465.287118 -8.4668045 4.2872276 19.2700348 -0.3218373 -0.3785639 0.0153876 0.8676828
1740548465.389680 -8.5079727 4.3093901 19.2916737 -0.3234626 -0.3848369 0.0187654 0.8642455
1740548465.490342 -8.5536499 4.3444476 19.3140106 -0.3239294 -0.3899030 0.0208480 0.8617486
1740548465.586749 -8.5863266 4.3641424 19.3311539 -0.3252525 -0.3957261 0.0231762 0.8585305
1740548465.689854 -8.5874519 4.3638873 19.3392811 -0.3292300 -0.4029047 0.0240040 0.8536388
1740548465.785253 -8.6214428 4.3836708 19.3648911 -0.3313683 -0.4098140 0.0253880 0.8494722
1740548465.888161 -8.6354771 4.3995972 19.3770180 -0.3317080 -0.4168635 0.0277101 0.8458291
1740548465.983838 -8.6450682 4.4005461 19.3910675 -0.3348763 -0.4234752 0.0285941 0.8412544
1740548466.080326 -8.6668215 4.4172182 19.4069862 -0.3362769 -0.4304181 0.0304828 0.8370956
1740548466.186621 -8.6949320 4.4327884 19.4249496 -0.3388840 -0.4361925 0.0317697 0.8329973
1740548466.286659 -8.7262249 4.4416003 19.4446754 -0.3428932 -0.4411726 0.0310512 0.8287501
1740548466.385676 -8.7461653 4.4378576 19.4744473 -0.3493803 -0.4467808 0.0290664 0.8230890
1740548466.485155 -8.7547512 4.4364843 19.5150757 -0.3523834 -0.4558364 0.0327217 0.8166813
1740548466.579804 -8.7898102 4.4633002 19.5318947 -0.3536732 -0.4619847 0.0336915 0.8126194
1740548466.680405 -8.8372030 4.4893241 19.5548096 -0.3556833 -0.4672929 0.0354834 0.8086209
1740548466.777882 -8.8785763 4.4910307 19.5780907 -0.3598538 -0.4718166 0.0346482 0.8041729
1740548466.890494 -8.9140310 4.5064106 19.5979633 -0.3623904 -0.4767773 0.0355405 0.8000584
1740548466.988048 -8.9347267 4.5226898 19.6141586 -0.3655574 -0.4831940 0.0362104 0.7947202
1740548467.085658 -8.9805222 4.5555243 19.6274509 -0.3667952 -0.4876861 0.0379114 0.7913194
1740548467.186279 -9.0201254 4.5669088 19.6577492 -0.3701066 -0.4933035 0.0384672 0.7862526
1740548467.282801 -9.0299807 4.5735431 19.6756668 -0.3724311 -0.5012145 0.0390241 0.7801000
1740548467.381715 -9.0739346 4.5965471 19.6969051 -0.3746676 -0.5050803 0.0387279 0.7765425
1740548467.489579 -9.0891018 4.6120515 19.7115154 -0.3766532 -0.5117847 0.0406391 0.7710754
1740548467.584561 -9.1019840 4.6265450 19.7217789 -0.3783755 -0.5173812 0.0412455 0.7664512
1740548467.685159 -9.1357288 4.6404104 19.7378464 -0.3809223 -0.5226444 0.0413764 0.7615964
1740548467.781029 -9.1754656 4.6541834 19.7561264 -0.3845956 -0.5263014 0.0409081 0.7572447
1740548467.884130 -9.1926613 4.6747069 19.7671204 -0.3859103 -0.5321700 0.0426530 0.7523623
1740548467.983161 -9.2253208 4.7012396 19.7928391 -0.3872638 -0.5378956 0.0432775 0.7475441
1740548468.077608 -9.2322216 4.7113109 19.7959785 -0.3876998 -0.5417449 0.0455884 0.7443944
1740548468.182611 -9.2351227 4.7212849 19.7914314 -0.3873243 -0.5429359 0.0476839 0.7435904
1740548468.278292 -9.2807207 4.7313762 19.7999573 -0.3911259 -0.5463164 0.0475372 0.7391205
1740548468.387244 -9.3437519 4.7521343 19.7955322 -0.3930446 -0.5486100 0.0487238 0.7363213
1740548468.587601 -9.4026394 4.7264848 19.7985649 -0.4001084 -0.5479473 0.0407470 0.7334894
1740548468.690377 -9.4163113 4.7521148 19.7933350 -0.3983572 -0.5517843 0.0438711 0.7313829
1740548468.790440 -9.4309063 4.7695394 19.7899857 -0.3991349 -0.5532810 0.0454077 0.7297325
1740548468.895831 -9.4625807 4.7825270 19.8028908 -0.4021356 -0.5552382 0.0454598 0.7265885
1740548468.999598 -9.4950628 4.8013673 19.8094845 -0.4041174 -0.5564212 0.0447544 0.7246252
1740548469.097569 -9.5052261 4.8199215 19.8028374 -0.3999763 -0.5595361 0.0443468 0.7245493
1740548469.206159 -9.5096846 4.8172112 19.8007050 -0.4025187 -0.5587347 0.0463475 0.7236340
1740548469.306985 -9.5040369 4.8141356 19.8035202 -0.4037929 -0.5595151 0.0470296 0.7222759
1740548469.406510 -9.5209846 4.8249612 19.8070736 -0.4040882 -0.5605246 0.0466720 0.7213506
1740548469.506318 -9.5688152 4.8268213 19.7915821 -0.4072171 -0.5582463 0.0438892 0.7215325
1740548469.602678 -9.6290760 4.8514528 19.7964363 -0.4093115 -0.5579793 0.0435629 0.7205731
1740548469.707314 -9.6770763 4.8736377 19.7998085 -0.4123419 -0.5576676 0.0418375 0.7191876
1740548469.804170 -9.7137022 4.8917742 19.7901726 -0.4118484 -0.5579624 0.0419978 0.7192323
1740548469.904094 -9.7482767 4.9052086 19.7848969 -0.4146161 -0.5568079 0.0403161 0.7186328
1740548470.004723 -9.7960300 4.9383783 19.7914886 -0.4158252 -0.5579733 0.0399541 0.7170487
1740548470.101529 -9.8404942 4.9690580 19.8095398 -0.4172622 -0.5592165 0.0392902 0.7152800
1740548470.205416 -9.8962536 4.9992218 19.7981949 -0.4183280 -0.5587492 0.0384898 0.7150661
1740548470.304468 -9.9205103 5.0318809 19.8011475 -0.4183609 -0.5593337 0.0400030 0.7145066
1740548470.406618 -9.9774418 5.0553493 19.7928715 -0.4204722 -0.5584956 0.0382887 0.7140167
1740548470.501181 -10.0271845 5.0938778 19.7863846 -0.4200802 -0.5587445 0.0384015 0.7140466
1740548470.594726 -10.0800781 5.1259551 19.7917862 -0.4197527 -0.5593576 0.0378671 0.7137877
1740548470.695833 -10.1190281 5.1463575 19.7961960 -0.4228879 -0.5599140 0.0355874 0.7116149
1740548470.794914 -10.1602955 5.1633496 19.7906075 -0.4240516 -0.5591922 0.0338519 0.7115746
1740548470.906304 -10.1962929 5.1926637 19.7920418 -0.4253556 -0.5584866 0.0339140 0.7113475
1740548471.001492 -10.2279644 5.2214465 19.8095112 -0.4268936 -0.5601681 0.0332888 0.7091301
1740548471.095864 -10.2747412 5.2444000 19.7970448 -0.4279023 -0.5592068 0.0316859 0.7093542
1740548471.203783 -10.3234739 5.2594352 19.7910538 -0.4296117 -0.5572714 0.0285117 0.7099785
1740548471.297738 -10.3760767 5.2942772 19.7915955 -0.4320629 -0.5561182 0.0266450 0.7094675
1740548471.415016 -10.4016180 5.3241963 19.7792969 -0.4311693 -0.5534776 0.0260906 0.7120920
1740548471.513434 -10.4431019 5.3599610 19.7810402 -0.4324832 -0.5526888 0.0257604 0.7119198
1740548471.611014 -10.5097504 5.3955054 19.7755661 -0.4339076 -0.5507633 0.0238569 0.7126113
1740548471.718683 -10.5365677 5.4183698 19.7654724 -0.4355297 -0.5475038 0.0222677 0.7141832
1740548471.812757 -10.5973434 5.4525723 19.7542114 -0.4361376 -0.5447237 0.0209808 0.7159748
1740548471.917956 -10.6492195 5.4615207 19.7629261 -0.4401898 -0.5418776 0.0177453 0.7157422
1740548472.012546 -10.6685619 5.4735827 19.7641811 -0.4420248 -0.5398811 0.0157348 0.7161668
1740548472.108088 -10.7009811 5.4974718 19.7705994 -0.4448273 -0.5370644 0.0152654 0.7165594
1740548472.209765 -10.7551098 5.5334897 19.7573433 -0.4465275 -0.5334142 0.0129617 0.7182719
1740548472.306229 -10.8069248 5.5418453 19.7598152 -0.4487824 -0.5299658 0.0077221 0.7194935
1740548472.416166 -10.7939377 5.5308557 19.7566967 -0.4478589 -0.5289586 0.0032591 0.7208430
1740548472.510698 -10.8190937 5.5550351 19.7511940 -0.4470878 -0.5274023 0.0015918 0.7224658
1740548472.609642 -10.8788881 5.5856791 19.7539749 -0.4503019 -0.5253546 -0.0006476 0.7219628
1740548472.716517 -10.9438553 5.6079931 19.7499638 -0.4541751 -0.5225754 -0.0032320 0.7215465
1740548472.814169 -10.9887457 5.6511831 19.7365417 -0.4546570 -0.5206636 -0.0031738 0.7226246
1740548472.920594 -10.9889994 5.6428823 19.7354374 -0.4560128 -0.5190746 -0.0075536 0.7228809
1740548473.020822 -10.9776917 5.6365151 19.7360287 -0.4568677 -0.5183428 -0.0103562 0.7228315
1740548473.120708 -10.9838581 5.6376467 19.7334957 -0.4562213 -0.5174389 -0.0139416 0.7238265
1740548473.228594 -10.9722424 5.6246190 19.7221832 -0.4570253 -0.5149149 -0.0146554 0.7251039
1740548473.327668 -10.9679575 5.6251912 19.7253838 -0.4580604 -0.5154168 -0.0167500 0.7240482
1740548473.432236 -10.9572868 5.6227427 19.7288246 -0.4583018 -0.5169274 -0.0190432 0.7227606
1740548473.535084 -10.9672794 5.6325417 19.7250519 -0.4622976 -0.5138070 -0.0172676 0.7224854
1740548473.633131 -10.9681540 5.6381226 19.7299919 -0.4636882 -0.5146345 -0.0201293 0.7209295
1740548473.739092 -10.9526663 5.6310148 19.7330589 -0.4634466 -0.5155395 -0.0213837 0.7204020
1740548473.832247 -10.9443502 5.6173339 19.7424450 -0.4668663 -0.5159709 -0.0245393 0.7177797
1740548473.937521 -10.9536057 5.6102829 19.7340393 -0.4679673 -0.5167355 -0.0289863 0.7163455
1740548474.032179 -10.9633255 5.6177001 19.7376480 -0.4729362 -0.5161313 -0.0284097 0.7135354
1740548474.128253 -10.9666672 5.6287718 19.7325764 -0.4731027 -0.5167127 -0.0280481 0.7130184
1740548474.229971 -10.9657087 5.6489849 19.7372169 -0.4729433 -0.5197394 -0.0233968 0.7110895
1740548474.326890 -10.9733315 5.6409411 19.7353172 -0.4754135 -0.5198454 -0.0274500 0.7092174
1740548474.428949 -10.9592276 5.6264696 19.7390633 -0.4734412 -0.5216702 -0.0344347 0.7088920
1740548474.526344 -10.9570303 5.6204033 19.7420273 -0.4781237 -0.5214775 -0.0349167 0.7058610
1740548474.622788 -10.9396477 5.6058331 19.7416058 -0.4780837 -0.5239914 -0.0387372 0.7038241
1740548474.727679 -10.9293537 5.5898886 19.7450142 -0.4793813 -0.5251656 -0.0411451 0.7019272
1740548474.823803 -10.9381075 5.5862513 19.7143784 -0.4793359 -0.5219909 -0.0430690 0.7042071
1740548474.924080 -10.8937645 5.5521984 19.7159042 -0.4819789 -0.5223063 -0.0415504 0.7022578
1740548475.023517 -10.9054613 5.5493183 19.7184963 -0.4851776 -0.5226312 -0.0440468 0.6996565
1740548475.122593 -10.8852406 5.5390005 19.7244072 -0.4829618 -0.5259589 -0.0472177 0.6984881
1740548475.230756 -10.8626976 5.5236254 19.7204170 -0.4843154 -0.5263746 -0.0485064 0.6971483
1740548475.330474 -10.8777742 5.5277853 19.7216568 -0.4830083 -0.5296915 -0.0558980 0.6949858
1740548475.441561 -10.8893442 5.5385399 19.7166500 -0.4853704 -0.5278734 -0.0559389 0.6947203
1740548475.537927 -10.9075317 5.5478544 19.7116203 -0.4846687 -0.5274986 -0.0592518 0.6952199
1740548475.638613 -10.9396868 5.5613289 19.7050819 -0.4873440 -0.5264822 -0.0616986 0.6939061
1740548475.756563 -10.9887543 5.5945787 19.6830482 -0.4900067 -0.5250979 -0.0629530 0.6929665
1740548475.854252 -11.0345478 5.6254950 19.6702728 -0.4892735 -0.5255448 -0.0647726 0.6929781
1740548475.961360 -11.0652676 5.6571722 19.6558037 -0.4883757 -0.5251104 -0.0650536 0.6939138
1740548476.062622 -11.1042652 5.6869555 19.6425896 -0.4891974 -0.5244663 -0.0667981 0.6936563
1740548476.174543 -11.1398878 5.7189894 19.6267605 -0.4901484 -0.5235559 -0.0684335 0.6935132
1740548476.271834 -11.1678028 5.7368727 19.6097374 -0.4905806 -0.5216995 -0.0710102 0.6943470
1740548476.372226 -11.2045307 5.7565603 19.6059341 -0.4920859 -0.5213025 -0.0731703 0.6933551
1740548476.482323 -11.2478199 5.7919941 19.5941010 -0.4917110 -0.5207046 -0.0749586 0.6938791
1740548476.584977 -11.2929354 5.8223896 19.5800972 -0.4921120 -0.5186351 -0.0775955 0.6948543
1740548476.689575 -11.3316021 5.8515959 19.5610962 -0.4915177 -0.5177279 -0.0794292 0.6957436
1740548476.790245 -11.3915367 5.8846178 19.5542278 -0.4926813 -0.5169936 -0.0820301 0.6951647
1740548476.888814 -11.4508610 5.9304819 19.5402546 -0.4933600 -0.5177160 -0.0833300 0.6939901
1740548476.991291 -11.4675121 5.9461012 19.5344582 -0.4929830 -0.5176291 -0.0838443 0.6942607
1740548477.089925 -11.5031977 5.9661016 19.5307045 -0.4940674 -0.5171945 -0.0876374 0.6933448
1740548477.200082 -11.5213432 5.9954739 19.5293159 -0.4927437 -0.5189759 -0.0875009 0.6929727
1740548477.302089 -11.5378895 6.0279465 19.5233612 -0.4925516 -0.5206715 -0.0853904 0.6921001
1740548477.400112 -11.5853367 6.0521002 19.5184250 -0.4942476 -0.5207838 -0.0865072 0.6906663
1740548477.507795 -11.6374226 6.0895395 19.5076447 -0.4947130 -0.5208517 -0.0879115 0.6901044
1740548477.608096 -11.6897717 6.1301661 19.4933510 -0.4937808 -0.5213897 -0.0895072 0.6901607
1740548477.714220 -11.7362442 6.1638823 19.4818611 -0.4938487 -0.5223373 -0.0898613 0.6893492
1740548477.816362 -11.7885685 6.1965809 19.4751968 -0.4925897 -0.5238533 -0.0916653 0.6888618
1740548477.921940 -11.8455610 6.2393217 19.4610043 -0.4932993 -0.5247562 -0.0911795 0.6877304
1740548478.023711 -11.9053984 6.2847815 19.4513416 -0.4935511 -0.5260522 -0.0912701 0.6865465
1740548478.123366 -11.9661131 6.3268414 19.4427090 -0.4942156 -0.5266542 -0.0908646 0.6856602
1740548478.232934 -12.0259647 6.3623171 19.4351082 -0.4960440 -0.5273592 -0.0908539 0.6837969
1740548478.335655 -12.0832882 6.4019270 19.4266357 -0.4963789 -0.5283157 -0.0907710 0.6828259
1740548478.440406 -12.1283474 6.4389420 19.4233017 -0.4968989 -0.5301763 -0.0889841 0.6812389
1740548478.541054 -12.1705236 6.4696083 19.4212952 -0.4974512 -0.5323154 -0.0869880 0.6794231
1740548478.640000 -12.2076178 6.4996195 19.4171352 -0.4980282 -0.5336084 -0.0845549 0.6782923
1740548478.743518 -12.2434654 6.5242872 19.4121780 -0.4979826 -0.5342335 -0.0847334 0.6778114
1740548478.844685 -12.2587261 6.5418901 19.4057922 -0.4973881 -0.5352318 -0.0834293 0.6776220
1740548478.956836 -12.2740555 6.5501881 19.4031925 -0.4980600 -0.5355572 -0.0820775 0.6770362
1740548479.057930 -12.3048477 6.5795650 19.3998489 -0.4982383 -0.5372370 -0.0800295 0.6758183
1740548479.160463 -12.3419676 6.6265249 19.4048882 -0.4970277 -0.5385492 -0.0793197 0.6757489
1740548479.269639 -12.3852272 6.6603174 19.3907318 -0.4941273 -0.5389048 -0.0795956 0.6775577
1740548479.370241 -12.4026680 6.6704016 19.3964958 -0.4947897 -0.5388384 -0.0791729 0.6771765
1740548479.474668 -12.4099922 6.6853876 19.4001083 -0.4942515 -0.5405177 -0.0775337 0.6764205
1740548479.574617 -12.4195204 6.6931696 19.3991776 -0.4937203 -0.5404649 -0.0775353 0.6768502
1740548479.681387 -12.4477119 6.7298660 19.3874989 -0.4911523 -0.5388776 -0.0771357 0.6800225
1740548479.785435 -12.4496555 6.7377386 19.3912811 -0.4906723 -0.5400577 -0.0760165 0.6795586
1740548479.884884 -12.4599981 6.7417469 19.3933563 -0.4903058 -0.5395223 -0.0773271 0.6801004
1740548479.988957 -12.4573183 6.7358770 19.3915329 -0.4892410 -0.5387717 -0.0752610 0.6816921
1740548480.087556 -12.4635830 6.7409887 19.3849602 -0.4880646 -0.5373278 -0.0750334 0.6836972
1740548480.189807 -12.4740295 6.7448740 19.3810463 -0.4843507 -0.5372025 -0.0771274 0.6861991
1740548480.286234 -12.4843321 6.7494144 19.3759117 -0.4831474 -0.5352437 -0.0771741 0.6885687
1740548480.382182 -12.4884033 6.7515707 19.3742943 -0.4845905 -0.5335539 -0.0763797 0.6889545
1740548480.491579 -12.4981470 6.7553225 19.3734493 -0.4821643 -0.5330059 -0.0779444 0.6909030
1740548480.586466 -12.5064449 6.7606516 19.3670731 -0.4822374 -0.5307547 -0.0757298 0.6928288
1740548480.687724 -12.5116901 6.7746162 19.3631992 -0.4800535 -0.5299526 -0.0740021 0.6951422
1740548480.783454 -12.5206375 6.7806416 19.3631191 -0.4786481 -0.5288857 -0.0736071 0.6969634
1740548480.882675 -12.5269728 6.7850289 19.3562164 -0.4760698 -0.5276825 -0.0732630 0.6996723
1740548480.989095 -12.5317745 6.7794943 19.3510113 -0.4753170 -0.5253534 -0.0747329 0.7017783
1740548481.086614 -12.5338926 6.7846689 19.3457260 -0.4749448 -0.5224249 -0.0715291 0.7045447
1740548481.188144 -12.5495310 6.7867146 19.3593178 -0.4762972 -0.5227308 -0.0748653 0.7030567
1740548481.284068 -12.5589371 6.7864466 19.3529053 -0.4751457 -0.5198184 -0.0749027 0.7059851
1740548481.382106 -12.5541019 6.8075700 19.3473358 -0.4688305 -0.5211698 -0.0707343 0.7096313
1740548481.489000 -12.5570183 6.8061395 19.3450203 -0.4686220 -0.5187269 -0.0694646 0.7116814
1740548481.586796 -12.5618343 6.8104815 19.3500481 -0.4684268 -0.5195000 -0.0692843 0.7112635
1740548481.692806 -12.5705051 6.8153915 19.3548546 -0.4697542 -0.5193830 -0.0695517 0.7104470
1740548481.792444 -12.5699873 6.8173795 19.3531322 -0.4685593 -0.5179257 -0.0668897 0.7125524
1740548481.889507 -12.5733013 6.8187146 19.3546619 -0.4696822 -0.5177525 -0.0654085 0.7120763
1740548481.994091 -12.5778694 6.8223662 19.3536930 -0.4669296 -0.5168423 -0.0663363 0.7144582
1740548482.090706 -12.5801630 6.8237739 19.3542252 -0.4661974 -0.5155584 -0.0666939 0.7158293
1740548482.190882 -12.5812073 6.8255467 19.3545570 -0.4628907 -0.5155277 -0.0658878 0.7180685
1740548482.289176 -12.5861416 6.8286901 19.3548222 -0.4604906 -0.5147445 -0.0666362 0.7201015
1740548482.387115 -12.5908670 6.8330426 19.3542881 -0.4595081 -0.5148119 -0.0655373 0.7207814
1740548482.491912 -12.5917940 6.8335361 19.3542633 -0.4598977 -0.5124420 -0.0656625 0.7222089
1740548482.588962 -12.5925751 6.8343930 19.3539543 -0.4569122 -0.5129464 -0.0657039 0.7237404
1740548482.693622 -12.6005707 6.8363290 19.3477268 -0.4570586 -0.5078569 -0.0677061 0.7270452
1740548482.791287 -12.6293602 6.8463359 19.3388023 -0.4597436 -0.5046011 -0.0673309 0.7276540
1740548482.886414 -12.6660080 6.8571820 19.3269234 -0.4575840 -0.5014734 -0.0694265 0.7309728
1740548482.990671 -12.7140741 6.8689961 19.3146400 -0.4582198 -0.4974973 -0.0714469 0.7330938
1740548483.090966 -12.7747068 6.8839874 19.2980270 -0.4595945 -0.4933123 -0.0731452 0.7348916
1740548483.191164 -12.8506756 6.9035673 19.2799721 -0.4587163 -0.4904951 -0.0742447 0.7372121
1740548483.289744 -12.9113636 6.9183736 19.2667847 -0.4554296 -0.4871821 -0.0775187 0.7410994
1740548483.386622 -12.9509954 6.9301720 19.2570629 -0.4551846 -0.4828081 -0.0800022 0.7438434
1740548483.491433 -12.9928885 6.9440880 19.2457447 -0.4536133 -0.4787381 -0.0820914 0.7471986
1740548483.590849 -13.0531807 6.9642782 19.2316494 -0.4510688 -0.4757957 -0.0844744 0.7503462
1740548483.693822 -13.1057901 7.0141649 19.2172470 -0.4485800 -0.4735073 -0.0842560 0.7533045
1740548483.796931 -13.1484604 7.0763092 19.2097969 -0.4477908 -0.4715678 -0.0818816 0.7552501
1740548483.895970 -13.1998310 7.1335225 19.2319279 -0.4459648 -0.4717368 -0.0815961 0.7562551
1740548483.998948 -13.2505474 7.1755705 19.2539024 -0.4440895 -0.4709716 -0.0829197 0.7576903
1740548484.098787 -13.2935066 7.2218022 19.2604294 -0.4431994 -0.4695343 -0.0821566 0.7591853
1740548484.210863 -13.3437243 7.2665119 19.2838993 -0.4426368 -0.4689527 -0.0830330 0.7597774
1740548484.308728 -13.4046688 7.3556523 19.3121796 -0.4397288 -0.4704063 -0.0808485 0.7608022
1740548484.406754 -13.4345684 7.3570614 19.2869034 -0.4383599 -0.4655125 -0.0830119 0.7643610
1740548484.610799 -13.5408592 7.5067701 19.3404617 -0.4340220 -0.4671893 -0.0801593 0.7661159
1740548484.814909 -13.6408119 7.5942688 19.3543816 -0.4303060 -0.4635812 -0.0797961 0.7704297
1740548485.018917 -13.7523479 7.7223320 19.4009075 -0.4258742 -0.4645238 -0.0780472 0.7725008
1740548485.225687 -13.8462315 7.8432002 19.4249802 -0.4221286 -0.4628988 -0.0752348 0.7758040
1740548485.433116 -13.9495401 7.9618926 19.4833603 -0.4180738 -0.4643650 -0.0730515 0.7773307
1740548485.625598 -14.0534592 8.0797586 19.5208015 -0.4140871 -0.4647684 -0.0698445 0.7795152
1740548485.743173 -14.1113768 8.1303196 19.5402565 -0.4121059 -0.4650975 -0.0695247 0.7803970
1740548485.944333 -14.2100906 8.2340288 19.5864220 -0.4086019 -0.4656672 -0.0661052 0.7821948
1740548486.140874 -14.3191299 8.3374538 19.6023369 -0.4036885 -0.4655716 -0.0643068 0.7849480
1740548486.344623 -14.4295540 8.4442101 19.6538162 -0.4010980 -0.4677038 -0.0621898 0.7851790
1740548486.447080 -14.4911518 8.5045033 19.6748314 -0.3997140 -0.4692800 -0.0601362 0.7851042
1740548486.644741 -14.6090479 8.5998526 19.7128372 -0.3979059 -0.4697701 -0.0586851 0.7858391
1740548486.847199 -14.7260590 8.6958790 19.7474346 -0.3957447 -0.4702305 -0.0573541 0.7867528
1740548486.955671 -14.7819118 8.7460270 19.7707214 -0.3951301 -0.4707728 -0.0568118 0.7867767
1740548487.152205 -14.9088268 8.8386106 19.8126259 -0.3947070 -0.4711921 -0.0566102 0.7867527
1740548487.359818 -15.0189075 8.9408598 19.8506088 -0.3950438 -0.4706593 -0.0559898 0.7869468
1740548487.464201 -15.0671272 8.9968796 19.8746490 -0.3949191 -0.4708372 -0.0564629 0.7868692
1740548487.666837 -15.1618996 9.1221991 19.9125080 -0.3951140 -0.4706951 -0.0566388 0.7868438
1740548487.777226 -15.2276745 9.1776514 19.9313545 -0.3952402 -0.4705076 -0.0570608 0.7868620
1740548487.990196 -15.3242550 9.2882328 19.9649944 -0.3961697 -0.4691404 -0.0582813 0.7871215
1740548488.088300 -15.3580008 9.3588161 19.9934711 -0.3967271 -0.4698424 -0.0583860 0.7864138
1740548488.290706 -15.4575739 9.4719648 20.0254745 -0.3967060 -0.4693938 -0.0582552 0.7867021
1740548488.495375 -15.5793457 9.5541620 20.0614567 -0.3965218 -0.4692852 -0.0584406 0.7868459
1740548488.594976 -15.6268520 9.6265955 20.0865574 -0.3961306 -0.4703909 -0.0575541 0.7864480
1740548488.702016 -15.6864128 9.6721869 20.0981750 -0.3958178 -0.4700700 -0.0575539 0.7867973
1740548488.805174 -15.7413692 9.7309685 20.1137276 -0.3950468 -0.4704985 -0.0564759 0.7870068
1740548488.904342 -15.7966747 9.7838497 20.1345978 -0.3942513 -0.4712611 -0.0561510 0.7869726
1740548489.108787 -15.9130239 9.8822289 20.1646366 -0.3924699 -0.4715278 -0.0544136 0.7878249
1740548489.216466 -15.9690466 9.9273634 20.1908798 -0.3919022 -0.4724602 -0.0542364 0.7875611
1740548489.425330 -16.0859623 10.0282202 20.2368774 -0.3897520 -0.4734123 -0.0523473 0.7881840
1740548489.527167 -16.1447792 10.0772476 20.2538071 -0.3881601 -0.4737511 -0.0514052 0.7888278
1740548489.743983 -16.2591972 10.1778173 20.2880211 -0.3860849 -0.4731471 -0.0500866 0.7902921
1740548489.845599 -16.3224049 10.2218609 20.3086586 -0.3845574 -0.4730145 -0.0497424 0.7911375
1740548490.055747 -16.4442024 10.3136730 20.3472996 -0.3828990 -0.4713330 -0.0491184 0.7929823
1740548490.155189 -16.4961128 10.3672323 20.3597736 -0.3814825 -0.4702585 -0.0479708 0.7943720
1740548490.360524 -16.6212883 10.4619379 20.4077892 -0.3804101 -0.4670982 -0.0495045 0.7966534
1740548490.567363 -16.7328224 10.5605164 20.4527378 -0.3789836 -0.4633868 -0.0508579 0.7994108
1740548490.777351 -16.8410892 10.6688929 20.5030060 -0.3788037 -0.4583086 -0.0533204 0.8022580
1740548490.994893 -16.9346809 10.7791309 20.5647373 -0.3787477 -0.4529718 -0.0557711 0.8051437
1740548491.201167 -17.0376492 10.8882427 20.6140461 -0.3791015 -0.4463651 -0.0594378 0.8083980
1740548491.407763 -17.1350899 10.9979630 20.6771965 -0.3789886 -0.4406321 -0.0622340 0.8113803
1740548491.516582 -17.1883163 11.0500412 20.7051888 -0.3790029 -0.4373162 -0.0637960 0.8130445
1740548491.727198 -17.2937775 11.1542397 20.7612114 -0.3794603 -0.4307683 -0.0673257 0.8160366
1740548491.938779 -17.3895283 11.2656174 20.8239231 -0.3799021 -0.4248772 -0.0706481 0.8186346
1740548492.141335 -17.4738808 11.3852749 20.8850403 -0.3797654 -0.4190847 -0.0736861 0.8214114
1740548492.349656 -17.5749092 11.4889870 20.9484444 -0.3797419 -0.4136978 -0.0762175 0.8239181
1740548492.559139 -17.6536140 11.6140528 21.0089912 -0.3785200 -0.4084813 -0.0783231 0.8268804
1740548492.865951 -17.7958984 11.7803068 21.1049690 -0.3768962 -0.4011129 -0.0813999 0.8309222
1740548493.292390 -17.9984207 11.9938192 21.2275028 -0.3721732 -0.3895732 -0.0849675 0.8381529
1740548493.608757 -18.1281281 12.1673832 21.3269882 -0.3670303 -0.3791738 -0.0878316 0.8448678
1740548494.131710 -18.3847637 12.4154816 21.4956474 -0.3562878 -0.3543114 -0.0952317 0.8593331
1740548494.654762 -18.5208893 12.6555672 21.7679234 -0.3460169 -0.3200067 -0.1066447 0.8754970
1740548495.177694 -18.6687279 12.9212646 22.0272675 -0.3368474 -0.2776049 -0.1225739 0.8913164
1740548495.919250 -18.8321476 13.2897453 22.4094181 -0.3330231 -0.2121239 -0.1483626 0.9066905
1740548496.465917 -18.8765316 13.5478020 22.7025490 -0.3340967 -0.1643170 -0.1670980 0.9129390
1740548496.784104 -18.8791122 13.7044878 22.8826866 -0.3349638 -0.1348895 -0.1781226 0.9153559
1740548497.110967 -18.8711338 13.8577108 23.0674820 -0.3364569 -0.1063114 -0.1893298 0.9163236
1740548497.427217 -18.8425980 14.0031071 23.2543793 -0.3378141 -0.0792233 -0.1991861 0.9164771
1740548497.765198 -18.8154240 14.1504993 23.4386063 -0.3388888 -0.0545403 -0.2082047 0.9158769
1740548498.093173 -18.7759819 14.3015957 23.6175270 -0.3398080 -0.0322281 -0.2161468 0.9147527
1740548498.412199 -18.7354546 14.4458961 23.8014069 -0.3416885 -0.0117099 -0.2237323 0.9127188
1740548498.735513 -18.6874695 14.5881596 23.9900894 -0.3445596 0.0070680 -0.2300886 0.9101033
1740548499.052830 -18.6400509 14.7318306 24.1736794 -0.3481469 0.0258208 -0.2363261 0.9067949
1740548499.368167 -18.5607891 14.8689833 24.3516941 -0.3514857 0.0450095 -0.2425655 0.9031024
1740548499.687355 -18.4827251 15.0174818 24.5148468 -0.3540595 0.0647184 -0.2490322 0.8991309
1740548499.996402 -18.3792629 15.1601467 24.6747742 -0.3546936 0.0833604 -0.2550545 0.8956510
1740548500.306222 -18.2701759 15.3013382 24.8346176 -0.3535612 0.0993314 -0.2608659 0.8927916
1740548500.611341 -18.1579170 15.4375248 24.9961052 -0.3495584 0.1122832 -0.2661125 0.8912831
1740548500.915779 -18.0283928 15.5460024 25.1698227 -0.3427992 0.1195219 -0.2698328 0.8918484
1740548501.232380 -17.9149723 15.6556091 25.3545494 -0.3326774 0.1210706 -0.2727621 0.8945773
1740548501.535035 -17.8079834 15.7686653 25.5408726 -0.3206166 0.1154997 -0.2734914 0.8994817
1740548501.838869 -17.7234344 15.8811741 25.7409286 -0.3081076 0.1033115 -0.2723646 0.9056566
1740548502.146373 -17.6642456 15.9940052 25.9464607 -0.2952040 0.0860835 -0.2691725 0.9126831
1740548502.461647 -17.6306744 16.1075897 26.1605644 -0.2843707 0.0647758 -0.2649003 0.9191111
1740548502.765577 -17.6112061 16.2290745 26.3745117 -0.2728547 0.0418699 -0.2588031 0.9256448
1740548503.067303 -17.6033058 16.3501396 26.5856857 -0.2641664 0.0179868 -0.2533218 0.9304411
1740548503.370468 -17.5969620 16.4627266 26.8012352 -0.2576655 -0.0046899 -0.2475010 0.9339859
1740548503.676972 -17.6022282 16.5745678 27.0228062 -0.2535167 -0.0254561 -0.2414204 0.9363747
1740548503.986320 -17.6193008 16.6995258 27.2227669 -0.2493841 -0.0424027 -0.2374926 0.9378736
1740548504.295521 -17.6286030 16.8153400 27.4302025 -0.2477798 -0.0570338 -0.2339530 0.9384127
1740548504.597642 -17.6441345 16.9279442 27.6424084 -0.2473977 -0.0686878 -0.2306779 0.9385436
1740548504.900685 -17.6639194 17.0451717 27.8447342 -0.2463004 -0.0778229 -0.2287160 0.9385993
1740548505.213778 -17.6821556 17.1604271 28.0474777 -0.2478034 -0.0835141 -0.2269120 0.9381524
1740548505.519759 -17.7003479 17.2788200 28.2476845 -0.2488237 -0.0874555 -0.2257563 0.9378019
1740548505.826930 -17.7104244 17.3980122 28.4496765 -0.2491925 -0.0879984 -0.2256505 0.9376787
1740548506.029653 -17.7258320 17.4775505 28.5809212 -0.2496519 -0.0870952 -0.2261662 0.9375165
1740548506.243506 -17.7343979 17.5567589 28.7147713 -0.2486064 -0.0848660 -0.2263741 0.9379485
1740548506.546939 -17.7477837 17.6855736 28.9080219 -0.2448805 -0.0789056 -0.2278167 0.9390990
1740548506.752044 -17.7562084 17.7698898 29.0384083 -0.2408078 -0.0729600 -0.2285174 0.9404617
1740548506.966465 -17.7599220 17.8490562 29.1764946 -0.2338367 -0.0663314 -0.2303683 0.9422585
1740548507.169628 -17.7630024 17.9225655 29.3158092 -0.2256858 -0.0589253 -0.2318522 0.9443719
1740548507.377470 -17.7349167 17.9673157 29.4643974 -0.2139150 -0.0505164 -0.2347074 0.9468901
1740548507.586074 -17.7174740 18.0278263 29.6086216 -0.2010326 -0.0425978 -0.2363437 0.9496910
1740548507.793202 -17.7095337 18.0974312 29.7520599 -0.1849715 -0.0338170 -0.2382156 0.9528354
1740548507.999849 -17.6812248 18.1352634 29.9000435 -0.1665608 -0.0254534 -0.2400722 0.9560204
1740548508.219118 -17.6641064 18.1606197 30.0547676 -0.1459852 -0.0174066 -0.2415327 0.9591910
1740548508.429850 -17.6579628 18.1763725 30.2128010 -0.1225452 -0.0109770 -0.2432850 0.9621199
1740548508.644196 -17.6735439 18.1985321 30.3695717 -0.0980487 -0.0038736 -0.2443144 0.9647186
1740548508.864503 -17.6802750 18.2110405 30.5276451 -0.0718974 0.0020492 -0.2456366 0.9666899
1740548509.082601 -17.6723919 18.1998253 30.6852531 -0.0463396 0.0076918 -0.2467828 0.9679317
1740548509.302157 -17.6704407 18.1924820 30.8443508 -0.0209480 0.0134401 -0.2472803 0.9686243
1740548509.532697 -17.6687412 18.1616058 30.9960442 0.0036902 0.0182791 -0.2481160 0.9685508
1740548509.748236 -17.6618423 18.0883331 31.1408253 0.0266782 0.0240406 -0.2480809 0.9680735
1740548510.184587 -17.6472683 18.0066032 31.4480743 0.0659551 0.0335812 -0.2485606 0.9657846
1740548510.599353 -17.6248512 17.9394512 31.7566299 0.0953226 0.0413436 -0.2479263 0.9631910
1740548511.016390 -17.5946312 17.8310146 32.0546570 0.1147082 0.0435517 -0.2476403 0.9610513
1740548511.418418 -17.5818005 17.7444515 32.3598785 0.1261423 0.0412615 -0.2481033 0.9595991
1740548511.749606 -17.5798168 17.6721611 32.5881615 0.1321100 0.0343343 -0.2491870 0.9587877
1740548512.150398 -17.5937195 17.5831318 32.8923721 0.1379057 0.0202491 -0.2507092 0.9579754
1740548512.464838 -17.6169472 17.5158138 33.1157341 0.1405961 0.0067855 -0.2526199 0.9572722
1740548512.866159 -17.6626625 17.4287052 33.4140472 0.1416111 -0.0151426 -0.2555664 0.9562442
1740548513.165015 -17.7003555 17.3745041 33.6457062 0.1434009 -0.0315385 -0.2588580 0.9546906
1740548513.367074 -17.7349834 17.3339615 33.7921181 0.1419938 -0.0412685 -0.2599207 0.9542410
1740548513.567788 -17.7793102 17.2947979 33.9372673 0.1400955 -0.0504089 -0.2599673 0.9540698
1740548513.767183 -17.8146648 17.2596970 34.0849991 0.1359200 -0.0601872 -0.2626421 0.9533742
1740548513.966134 -17.8619881 17.2236023 34.2387772 0.1333715 -0.0667004 -0.2637086 0.9530063
1740548514.268633 -17.9152031 17.1734085 34.4590111 0.1271076 -0.0765658 -0.2657954 0.9525409
1740548514.462877 -17.9610596 17.1291580 34.5761757 0.1204089 -0.0800503 -0.2634331 0.9537802
1740548514.667455 -18.0286407 17.0746765 34.6318703 0.1105961 -0.0814263 -0.2542556 0.9573361
1740548514.767372 -18.0373592 17.0642910 34.6542931 0.1080105 -0.0831843 -0.2559833 0.9570197
1740548514.966105 -18.0735760 17.0218849 34.7083702 0.0992879 -0.0835193 -0.2510340 0.9592437
1740548515.067968 -18.0935879 16.9962273 34.7362556 0.0929232 -0.0837715 -0.2508878 0.9598973
1740548515.167539 -18.1228123 16.9795189 34.7639999 0.0874496 -0.0811247 -0.2484897 0.9612618
1740548515.267208 -18.1486206 16.9687214 34.7862587 0.0833783 -0.0797731 -0.2481221 0.9618315
1740548515.367806 -18.1924553 16.9597149 34.8096237 0.0786482 -0.0758095 -0.2431171 0.9638265
1740548515.469520 -18.2137775 16.9494495 34.8357468 0.0720696 -0.0735071 -0.2401707 0.9652568
1740548515.571875 -18.2320366 16.9343357 34.8599854 0.0665530 -0.0719269 -0.2392847 0.9659917
1740548515.670317 -18.2472439 16.9285355 34.8956871 0.0630742 -0.0697620 -0.2360645 0.9671755
1740548515.777887 -18.2653179 16.9039440 34.9201279 0.0547763 -0.0684549 -0.2364724 0.9676747
1740548515.872979 -18.2710705 16.8862114 34.9454880 0.0490658 -0.0688723 -0.2363530 0.9679806
1740548515.986884 -18.2860680 16.8758850 34.9786110 0.0431753 -0.0664029 -0.2352213 0.9687092
1740548516.081475 -18.2887955 16.8497467 34.9991417 0.0362046 -0.0646300 -0.2358799 0.9689546
1740548516.178952 -18.2985783 16.8424606 35.0278625 0.0319958 -0.0633310 -0.2326248 0.9699749
1740548516.284629 -18.2860584 16.8222809 35.0474243 0.0262774 -0.0650675 -0.2371517 0.9689349
1740548516.381681 -18.3061829 16.8240871 35.0620499 0.0212842 -0.0610138 -0.2403370 0.9685363
1740548516.489424 -18.3062572 16.8034973 35.0842361 0.0132582 -0.0612167 -0.2400770 0.9687310
1740548516.583549 -18.3241501 16.8109608 35.1004410 0.0093241 -0.0573520 -0.2353438 0.9701737
1740548516.682921 -18.3704796 16.8059044 35.1096420 0.0030624 -0.0508434 -0.2327022 0.9712133
1740548516.783319 -18.3962250 16.8156204 35.1349182 -0.0013843 -0.0478810 -0.2272352 0.9726611
1740548516.880539 -18.4118252 16.8221092 35.1575546 -0.0040706 -0.0469086 -0.2215955 0.9740013
1740548516.980849 -18.4298458 16.8098278 35.1661758 -0.0109678 -0.0456244 -0.2219980 0.9739174
1740548517.079351 -18.4390869 16.8624687 35.1778526 -0.0100786 -0.0428554 -0.2098687 0.9767379
1740548517.173847 -18.4242363 16.8840237 35.1783028 -0.0101159 -0.0425409 -0.2040231 0.9779890
1740548517.277823 -18.4484177 16.9189873 35.1503525 -0.0044162 -0.0375997 -0.1962899 0.9798148
1740548517.373499 -18.4500675 16.9153118 35.1555786 -0.0085843 -0.0389798 -0.1908908 0.9807994
1740548517.470833 -18.4412498 16.9279194 35.1256065 -0.0074929 -0.0363116 -0.1819426 0.9826099
1740548517.575097 -18.4595699 16.9564896 35.1276093 -0.0095047 -0.0330692 -0.1734572 0.9842402
1740548517.673811 -18.5020256 17.0304642 35.1246948 -0.0053899 -0.0245391 -0.1584766 0.9870430
1740548517.774984 -18.5698833 17.0638695 35.1603355 -0.0094659 -0.0184225 -0.1486002 0.9886804
1740548517.873312 -18.5824223 17.1019573 35.1589050 -0.0063519 -0.0196532 -0.1419855 0.9896532
1740548517.970951 -18.6038265 17.1073380 35.1634407 -0.0084223 -0.0181437 -0.1346143 0.9906962
1740548518.077091 -18.6182098 17.1397095 35.1622391 -0.0096127 -0.0152447 -0.1230563 0.9922361
1740548518.174051 -18.6364784 17.0970764 35.1648178 -0.0201560 -0.0139553 -0.1263064 0.9916883
1740548518.278097 -18.6568890 17.1373749 35.1691666 -0.0164118 -0.0118849 -0.1213563 0.9924022
1740548518.376509 -18.6246529 17.1188221 35.1478806 -0.0193310 -0.0152913 -0.1120818 0.9933933
1740548518.477620 -18.6458492 17.1534443 35.1434441 -0.0198912 -0.0118059 -0.1029586 0.9944167
1740548518.578603 -18.6631660 17.1457958 35.1597824 -0.0224218 -0.0098100 -0.1033637 0.9943425
1740548518.674707 -18.6933022 17.1573086 35.1665535 -0.0244063 -0.0053844 -0.0995729 0.9947163
1740548518.783267 -18.7139397 17.1648846 35.1750031 -0.0262293 -0.0015540 -0.0960402 0.9950306
1740548518.878700 -18.7184887 17.2540627 35.1613960 -0.0150324 0.0002780 -0.0857661 0.9962019
1740548518.976840 -18.7058067 17.2617760 35.1471672 -0.0177547 -0.0003424 -0.0843098 0.9962814
1740548519.078561 -18.7391033 17.2838745 35.1746330 -0.0180761 0.0042056 -0.0863683 0.9960904
1740548519.174273 -18.7242374 17.3163776 35.1809654 -0.0149048 0.0022039 -0.0779254 0.9968454
1740548519.280544 -18.7203941 17.2966557 35.1706619 -0.0204339 0.0027636 -0.0779410 0.9967448
1740548519.375656 -18.7507420 17.3189945 35.1677551 -0.0189053 0.0094381 -0.0789911 0.9966514
1740548519.480700 -18.7548084 17.3693352 35.1739807 -0.0128630 0.0113825 -0.0711594 0.9973171
1740548519.579921 -18.7555199 17.3643532 35.1843681 -0.0132816 0.0106870 -0.0692138 0.9974562
1740548519.675472 -18.7893677 17.3648453 35.1936569 -0.0145258 0.0173358 -0.0695656 0.9973210
1740548519.781383 -18.7727509 17.3526230 35.1913109 -0.0172652 0.0168619 -0.0653133 0.9975730
1740548519.877217 -18.7790165 17.3935471 35.2043266 -0.0124082 0.0183270 -0.0610510 0.9978893
1740548519.979974 -18.8019409 17.4024315 35.1992035 -0.0121083 0.0240627 -0.0632485 0.9976342
1740548520.085654 -18.8009758 17.4135933 35.2021065 -0.0108850 0.0254016 -0.0605153 0.9977847
1740548520.184151 -18.8194752 17.4052525 35.1958313 -0.0133901 0.0292180 -0.0645570 0.9973963
1740548520.285683 -18.8249092 17.3932877 35.1973724 -0.0146083 0.0309828 -0.0684841 0.9970640
1740548520.385295 -18.8313923 17.4167194 35.1993561 -0.0098777 0.0310509 -0.0657212 0.9973059
1740548520.495889 -18.8364887 17.4037495 35.2081909 -0.0131077 0.0313666 -0.0661578 0.9972299
1740548520.595769 -18.8528824 17.4250889 35.2235756 -0.0092836 0.0336425 -0.0647001 0.9972943
1740548520.695584 -18.8563309 17.4530945 35.2258263 -0.0054606 0.0350496 -0.0615937 0.9974708
1740548520.804593 -18.8907852 17.4811840 35.2388992 -0.0013264 0.0389257 -0.0600250 0.9974368
1740548520.905556 -18.8945751 17.4595776 35.2447853 -0.0033232 0.0386705 -0.0650959 0.9971239
1740548521.012964 -18.8974152 17.4693432 35.2482643 -0.0011965 0.0389325 -0.0630531 0.9972498
1740548521.115516 -18.9025440 17.4802132 35.2534676 0.0023481 0.0389482 -0.0595490 0.9974625
1740548521.217483 -18.9281807 17.4839725 35.2596970 0.0032289 0.0422036 -0.0591485 0.9973514
1740548521.331372 -18.9315720 17.5093060 35.2676620 0.0090368 0.0410538 -0.0592610 0.9973571
1740548521.432522 -18.9501743 17.5023956 35.2733917 0.0083230 0.0418117 -0.0623846 0.9971413
1740548521.534711 -18.9618435 17.5220528 35.2798042 0.0109042 0.0436682 -0.0607835 0.9971357
1740548521.635899 -18.9704018 17.5394363 35.2836876 0.0143040 0.0446767 -0.0610259 0.9970332
1740548521.747694 -18.9853745 17.5274582 35.2923584 0.0138255 0.0459897 -0.0608630 0.9969902
1740548521.848456 -18.9943619 17.5462780 35.3019791 0.0169855 0.0468421 -0.0604609 0.9969262
1740548521.953696 -19.0137939 17.5499210 35.3075867 0.0184815 0.0513102 -0.0559185 0.9969447
1740548522.065601 -19.0569153 17.5632267 35.3275070 0.0204091 0.0569968 -0.0560825 0.9965890
1740548522.163573 -19.0747738 17.5580578 35.3344498 0.0198496 0.0592038 -0.0559538 0.9964789
1740548522.270586 -19.0869942 17.5545864 35.3421021 0.0194084 0.0608067 -0.0558810 0.9963951
1740548522.366925 -19.1162090 17.5640869 35.3509750 0.0212978 0.0658093 -0.0531847 0.9961862
1740548522.469390 -19.1460152 17.5469494 35.3677902 0.0176703 0.0711008 -0.0543656 0.9958297
1740548522.574361 -19.1676483 17.5315876 35.3791351 0.0154470 0.0742145 -0.0573791 0.9954704
1740548522.676840 -19.1830311 17.4970989 35.3869400 0.0096750 0.0769377 -0.0606536 0.9951423
1740548522.785160 -19.2147427 17.4696808 35.4053268 0.0046274 0.0819816 -0.0610746 0.9947500
1740548522.884072 -19.2424889 17.4689980 35.4189987 0.0037993 0.0862985 -0.0593857 0.9944906
1740548522.987328 -19.2724552 17.4249763 35.4451675 -0.0026814 0.0904217 -0.0610881 0.9940246
1740548523.091112 -19.2878246 17.3972702 35.4701385 -0.0064956 0.0934522 -0.0620890 0.9936647
1740548523.191951 -19.2957077 17.3680325 35.4806442 -0.0118669 0.0939614 -0.0637040 0.9934648
1740548523.299209 -19.3343067 17.3717442 35.5034523 -0.0110136 0.1007271 -0.0605531 0.9930086
1740548523.398053 -19.3488197 17.3421421 35.5226364 -0.0155969 0.1037869 -0.0615244 0.9925723
1740548523.504004 -19.3737888 17.3282948 35.5421333 -0.0185417 0.1087778 -0.0597319 0.9920967
1740548523.608694 -19.3861084 17.3089275 35.5579796 -0.0212646 0.1117025 -0.0609821 0.9916409
1740548523.712156 -19.3975010 17.2767620 35.5804482 -0.0257263 0.1140455 -0.0607535 0.9912824
1740548523.817965 -19.4278641 17.2527504 35.6044502 -0.0293693 0.1198545 -0.0592654 0.9905857
1740548523.918935 -19.4299011 17.2299309 35.6168404 -0.0324097 0.1216978 -0.0605860 0.9901862
1740548524.026751 -19.4305038 17.2131863 35.6401138 -0.0332137 0.1241231 -0.0621466 0.9897617
1740548524.134571 -19.4422207 17.1910381 35.6615715 -0.0355988 0.1273795 -0.0625513 0.9892394
1740548524.237843 -19.4752388 17.1819324 35.6948929 -0.0363648 0.1344819 -0.0631393 0.9882336
1740548524.345364 -19.5119286 17.1514282 35.7200050 -0.0408577 0.1423572 -0.0630015 0.9869630
1740548524.451840 -19.5196075 17.1004353 35.7415199 -0.0487494 0.1446363 -0.0648047 0.9861563
1740548524.556973 -19.5472870 17.1124115 35.7604713 -0.0454611 0.1514055 -0.0637700 0.9853644
1740548524.660325 -19.5698032 17.1019592 35.7768555 -0.0467220 0.1563998 -0.0657490 0.9843948
1740548524.769280 -19.5807228 17.0882931 35.7945099 -0.0497620 0.1591320 -0.0662431 0.9837747
1740548524.871858 -19.6053638 17.0666409 35.8171654 -0.0538308 0.1652438 -0.0689960 0.9823626
1740548524.975640 -19.6455154 17.0337181 35.8429604 -0.0613551 0.1747215 -0.0686128 0.9803062
1740548525.085164 -19.6799908 17.0439835 35.8557816 -0.0607356 0.1832486 -0.0651515 0.9790232
1740548525.184832 -19.7033672 17.0299358 35.8782005 -0.0645635 0.1885055 -0.0641487 0.9778457
1740548525.297199 -19.7319565 17.0120564 35.9044304 -0.0694981 0.1952405 -0.0636882 0.9762146
1740548525.401952 -19.7703342 17.0083275 35.9278717 -0.0717130 0.2046905 -0.0620164 0.9742243
1740548525.513943 -19.8001595 17.0046997 35.9460144 -0.0736417 0.2121696 -0.0607066 0.9725614
1740548525.619241 -19.8360023 16.9861298 35.9713974 -0.0779146 0.2214338 -0.0581784 0.9703153
1740548525.718899 -19.8759975 16.9952259 35.9949417 -0.0774990 0.2314606 -0.0539706 0.9682495
1740548525.828161 -19.9042530 16.9936180 36.0154114 -0.0814534 0.2386985 -0.0545628 0.9661322
1740548525.933681 -19.9210320 16.9748707 36.0445290 -0.0866408 0.2445352 -0.0506326 0.9644337
1740548526.047587 -19.9579544 16.9178352 36.0785904 -0.1008827 0.2542342 -0.0511168 0.9605075
1740548526.151384 -19.9670639 16.8743382 36.0922012 -0.1124956 0.2593136 -0.0503053 0.9578990
1740548526.263877 -20.0110054 16.8668766 36.1239014 -0.1170415 0.2697579 -0.0494687 0.9545077
1740548526.370053 -20.0141315 16.8744335 36.1486893 -0.1154629 0.2740047 -0.0491865 0.9535043
1740548526.471946 -20.0346184 16.8757782 36.1939011 -0.1152306 0.2824032 -0.0502523 0.9510232
1740548526.581452 -20.0703506 16.9037724 36.2529449 -0.1128240 0.2925306 -0.0521077 0.9481463
1740548526.686897 -20.1008644 16.9434261 36.3382378 -0.1094267 0.3048882 -0.0565727 0.9443879
1740548526.804048 -20.1535435 16.9782009 36.4430923 -0.1106806 0.3213218 -0.0618912 0.9384410
1740548527.016228 -19.9755898 16.9909706 36.5315208 -0.1151215 0.3150635 -0.0604575 0.9401208
1740548527.220773 -19.8566837 16.9894905 36.6437645 -0.1212059 0.3162453 -0.0581503 0.9391042
1740548527.435890 -19.8155155 16.9723873 36.8146210 -0.1319981 0.3324707 -0.0573137 0.9320702
1740548527.648970 -19.7274895 17.0210133 36.9368896 -0.1297220 0.3394850 -0.0596463 0.9297121
1740548527.864911 -19.6272507 16.9406204 37.0900154 -0.1475091 0.3457198 -0.0518503 0.9252192
1740548528.079763 -19.5432930 16.9335804 37.2405510 -0.1557424 0.3551683 -0.0498979 0.9203858
1740548528.301837 -19.4460030 16.9245434 37.3809814 -0.1596925 0.3621712 -0.0474036 0.9171059
1740548528.531656 -19.3372307 16.9427681 37.4980316 -0.1591611 0.3677770 -0.0463668 0.9150180
1740548528.733660 -19.2101059 16.9249840 37.6252861 -0.1678791 0.3704343 -0.0420229 0.9125947
1740548528.940747 -19.0908661 16.9250526 37.7521248 -0.1729701 0.3756199 -0.0371337 0.9097319
1740548529.050533 -19.0489883 16.9059715 37.8070068 -0.1687350 0.3759799 -0.0396827 0.9102708
