1740548423.411596 0.0000000 0.0000000 0.0000000 -0.0000000 -0.0000000 -0.0000000 1.0000000
1740548423.992073 0.0340631 0.0503984 0.0603356 0.0017551 -0.0011963 0.0002805 0.9999977
1740548424.158981 0.0173920 0.0450412 0.1303008 0.0038369 -0.0036583 -0.0000492 0.9999859
1740548424.359175 0.0037399 0.0348698 0.2064187 0.0060706 -0.0072995 0.0001158 0.9999549
1740548424.542680 -0.0138481 0.0149893 0.2766947 0.0088476 -0.0111515 0.0002897 0.9998987
1740548424.675555 -0.0410018 0.0042037 0.3453610 0.0125820 -0.0159036 0.0005252 0.9997942
1740548424.776019 -0.0581025 -0.0150724 0.4150165 0.0166555 -0.0216021 0.0003158 0.9996279
1740548424.874449 -0.0709486 -0.0372943 0.4863731 0.0204955 -0.0278584 0.0006974 0.9994015
1740548424.972424 -0.0887209 -0.0524470 0.5591087 0.0251023 -0.0347000 0.0008741 0.9990821
1740548425.078700 -0.1042656 -0.0640343 0.6317447 0.0300045 -0.0423237 0.0007565 0.9986531
1740548425.181851 -0.1252834 -0.0905431 0.7003279 0.0342356 -0.0495731 0.0006348 0.9981834
1740548425.397103 -0.1605045 -0.1216080 0.8373522 0.0440850 -0.0657503 0.0008947 0.9968614
1740548425.499597 -0.1799710 -0.1417248 0.9093550 0.0486387 -0.0741017 0.0008214 0.9960635
1740548425.626135 -0.1875861 -0.1431366 0.9812880 0.0537522 -0.0831869 0.0010163 0.9950827
1740548425.733246 -0.2162169 -0.1492009 1.0519062 0.0579032 -0.0913529 0.0009018 0.9941334
1740548425.848590 -0.2451458 -0.1665902 1.1184357 0.0612402 -0.0993147 0.0006128 0.9931696
1740548425.957775 -0.2759729 -0.1816822 1.1822724 0.0641722 -0.1065246 0.0007854 0.9922368
1740548426.069376 -0.2980952 -0.1887540 1.2534391 0.0671935 -0.1142224 0.0009208 0.9911798
1740548426.180571 -0.3215919 -0.2022440 1.3234919 0.0692943 -0.1212940 0.0007667 0.9901947
1740548426.294108 -0.3623551 -0.2033776 1.3816785 0.0715929 -0.1267800 0.0005797 0.9893437
1740548426.411457 -0.3939353 -0.2144597 1.4502382 0.0727599 -0.1326488 0.0005319 0.9884887
1740548426.516364 -0.4272854 -0.2177794 1.5136231 0.0742836 -0.1375651 0.0004029 0.9877032
1740548426.631029 -0.4421775 -0.2168710 1.5803804 0.0752831 -0.1427312 0.0008249 0.9868939
1740548426.741711 -0.4699087 -0.2216853 1.6544540 0.0751154 -0.1472391 0.0001392 0.9862446
1740548426.853231 -0.4908572 -0.2298109 1.7232071 0.0753551 -0.1511272 0.0002770 0.9856379
1740548426.963659 -0.5136728 -0.2196973 1.7811067 0.0763508 -0.1535857 0.0007950 0.9851809
1740548427.067302 -0.5384966 -0.2061679 1.8364664 0.0778930 -0.1556704 0.0016363 0.9847318
1740548427.167199 -0.5587237 -0.1992274 1.9006907 0.0784622 -0.1581692 0.0026752 0.9842861
1740548427.265465 -0.5783287 -0.2110551 1.9722136 0.0778187 -0.1606181 0.0024280 0.9839411
1740548427.373211 -0.6105965 -0.2251500 2.0279741 0.0770275 -0.1618073 0.0022264 0.9838091
1740548427.477202 -0.6340528 -0.2334114 2.1014194 0.0763866 -0.1637874 0.0018566 0.9835321
1740548427.593805 -0.6539357 -0.2268591 2.1678839 0.0765044 -0.1654677 0.0027137 0.9832397
1740548427.701881 -0.6966053 -0.2465415 2.2302659 0.0752072 -0.1659084 0.0018870 0.9832674
1740548427.814581 -0.7282090 -0.2520026 2.2907267 0.0747363 -0.1663719 0.0015190 0.9832256
1740548427.927855 -0.7660967 -0.2553859 2.3534222 0.0741765 -0.1665480 0.0014787 0.9832382
1740548428.253386 -0.8543684 -0.2681556 2.5544581 0.0726416 -0.1671696 0.0011123 0.9832479
1740548428.375447 -0.8894798 -0.2771181 2.6147459 0.0720610 -0.1662578 0.0005589 0.9834456
1740548428.483218 -0.9151771 -0.2657749 2.6811619 0.0726365 -0.1657001 0.0008257 0.9834972
1740548428.600637 -0.9449792 -0.2700096 2.7482839 0.0720326 -0.1649911 0.0006823 0.9836609
1740548428.708862 -0.9771175 -0.2688902 2.8106472 0.0720062 -0.1637389 0.0005543 0.9838722
1740548428.819528 -0.9986367 -0.2931532 2.8776326 0.0709214 -0.1638226 0.0002263 0.9839371
1740548429.029778 -1.0420508 -0.2891221 3.0160706 0.0721835 -0.1625231 0.0010693 0.9840603
1740548429.131916 -1.0816523 -0.3088942 3.0780330 0.0720183 -0.1610330 0.0004713 0.9843178
1740548429.230769 -1.1086829 -0.3207678 3.1434815 0.0727546 -0.1596891 0.0003886 0.9844826
1740548429.335454 -1.1342198 -0.3402976 3.2121618 0.0731212 -0.1585577 0.0008234 0.9846381
1740548429.437342 -1.1506610 -0.3441017 3.2838330 0.0740810 -0.1576310 0.0014667 0.9847144
1740548429.538262 -1.1753175 -0.3579741 3.3541646 0.0740429 -0.1566365 0.0016699 0.9848756
1740548429.644311 -1.2090771 -0.3618649 3.4216297 0.0747422 -0.1547272 0.0018807 0.9851241
1740548429.743009 -1.2439377 -0.3541102 3.4922340 0.0762280 -0.1531798 0.0022638 0.9852513
1740548429.848090 -1.2735567 -0.3561125 3.5590825 0.0778328 -0.1508631 0.0027980 0.9854819
1740548429.947742 -1.2943577 -0.3526055 3.6344225 0.0795585 -0.1494373 0.0028745 0.9855611
1740548430.051077 -1.3103632 -0.3566886 3.7023029 0.0821036 -0.1474592 0.0031057 0.9856496
1740548430.154402 -1.3349054 -0.3707480 3.7778955 0.0838789 -0.1450000 0.0035887 0.9858633
1740548430.256141 -1.3573911 -0.3828820 3.8487329 0.0861645 -0.1421126 0.0038259 0.9860857
1740548430.361830 -1.3782796 -0.4108513 3.9189253 0.0884097 -0.1397976 0.0045205 0.9862150
1740548430.460677 -1.3845807 -0.4216717 3.9863575 0.0914654 -0.1375056 0.0046004 0.9862581
1740548430.566442 -1.4204993 -0.4378124 4.0526495 0.0949884 -0.1348873 0.0057547 0.9862806
1740548430.667565 -1.4417130 -0.4566771 4.1288519 0.0976703 -0.1325427 0.0059872 0.9863352
1740548430.770261 -1.4616547 -0.4591785 4.1996117 0.1022820 -0.1304016 0.0065437 0.9861496
1740548430.877244 -1.4799808 -0.4704746 4.2691426 0.1056341 -0.1282290 0.0071175 0.9860771
1740548430.976146 -1.4797029 -0.4854691 4.3367782 0.1093219 -0.1269946 0.0081288 0.9858271
1740548431.079576 -1.4689418 -0.4913619 4.3840237 0.1117292 -0.1275763 0.0076473 0.9854859
1740548431.180208 -1.4771498 -0.4917064 4.4325438 0.1150121 -0.1269545 0.0077565 0.9851876
1740548431.279979 -1.4725410 -0.4846835 4.4917030 0.1202518 -0.1267923 0.0075345 0.9845844
1740548431.383428 -1.4631014 -0.4964221 4.5445652 0.1225585 -0.1272298 0.0085699 0.9842350
1740548431.482650 -1.4573811 -0.4970516 4.5809445 0.1253867 -0.1281191 0.0082568 0.9837660
1740548431.593340 -1.4476341 -0.5034903 4.6408644 0.1287679 -0.1295205 0.0073476 0.9831527
1740548431.692355 -1.4598536 -0.5315272 4.6988349 0.1300950 -0.1296487 0.0084635 0.9829522
1740548431.794581 -1.4533569 -0.5365670 4.7343712 0.1317059 -0.1308408 0.0087474 0.9825771
1740548431.907716 -1.4572750 -0.5425510 4.7655296 0.1339722 -0.1308940 0.0087445 0.9822636
1740548432.012425 -1.4507375 -0.5527374 4.8060870 0.1360012 -0.1327146 0.0089426 0.9817385
1740548432.135100 -1.4662198 -0.5836864 4.8654666 0.1367373 -0.1323971 0.0091524 0.9816772
1740548432.242748 -1.4783561 -0.5955074 4.9133415 0.1384460 -0.1336511 0.0085814 0.9812729
1740548432.355569 -1.5038199 -0.5917442 4.9364948 0.1402515 -0.1323873 0.0097910 0.9811765
1740548432.463763 -1.5182716 -0.5984083 4.9671726 0.1428549 -0.1300573 0.0096359 0.9811140
1740548432.569799 -1.5416625 -0.6105616 5.0120244 0.1426779 -0.1307637 0.0098344 0.9810439
1740548432.674498 -1.5287294 -0.6171394 5.0647626 0.1441598 -0.1338124 0.0095264 0.9804190
1740548432.775604 -1.5234796 -0.6243519 5.1090002 0.1451594 -0.1359149 0.0102017 0.9799755
1740548432.884062 -1.5188251 -0.6308166 5.1556478 0.1449504 -0.1381805 0.0082512 0.9797078
1740548432.985883 -1.5143758 -0.6500688 5.1956220 0.1439774 -0.1408023 0.0070281 0.9794875
1740548433.097919 -1.5335038 -0.6927223 5.2323942 0.1429666 -0.1422295 0.0078862 0.9794229
1740548433.198157 -1.5355817 -0.7269649 5.2722378 0.1398843 -0.1446599 0.0082313 0.9795092
1740548433.297796 -1.5330411 -0.7312835 5.3218379 0.1401740 -0.1465515 0.0068770 0.9791969
1740548433.412581 -1.5314535 -0.7389109 5.3704824 0.1407276 -0.1485246 0.0072766 0.9788173
1740548433.511273 -1.5261149 -0.7478908 5.4024391 0.1398908 -0.1514462 0.0061748 0.9784971
1740548433.618488 -1.5462197 -0.7691634 5.4572663 0.1389637 -0.1517333 0.0065408 0.9785823
1740548433.720026 -1.5415698 -0.7861987 5.4962358 0.1378772 -0.1556410 0.0061139 0.9781250
1740548433.828007 -1.5256901 -0.7988731 5.5426526 0.1368390 -0.1597848 0.0050940 0.9776083
1740548433.931635 -1.5174097 -0.7971956 5.5829349 0.1376676 -0.1624242 0.0045370 0.9770596
1740548434.033622 -1.5276351 -0.8218336 5.6285267 0.1370789 -0.1658265 0.0039884 0.9765731
1740548434.139156 -1.5002640 -0.8302529 5.6653438 0.1364777 -0.1717987 0.0038383 0.9756251
1740548434.245045 -1.5209316 -0.8488485 5.7285333 0.1370230 -0.1732634 0.0043362 0.9752875
1740548434.360871 -1.5558090 -0.8538263 5.7766676 0.1397648 -0.1720178 0.0046077 0.9751177
1740548434.467835 -1.5670127 -0.8643636 5.8051829 0.1414322 -0.1742417 0.0059842 0.9744747
1740548434.583502 -1.5869160 -0.8665466 5.8207321 0.1402309 -0.1729011 0.0060127 0.9748868
1740548434.695461 -1.6013745 -0.8797879 5.8463149 0.1413831 -0.1728472 0.0053632 0.9747338
1740548434.813225 -1.6232466 -0.9175088 5.8926263 0.1416102 -0.1746582 0.0055973 0.9743766
1740548434.925310 -1.6157655 -0.9158264 5.9592352 0.1440357 -0.1775450 0.0044445 0.9735049
1740548435.033828 -1.6161816 -0.9195001 5.9876652 0.1459735 -0.1804232 0.0028255 0.9726928
1740548435.150551 -1.6165293 -0.9345692 6.0280199 0.1467936 -0.1840363 0.0030069 0.9718916
1740548435.260564 -1.6322665 -0.9766853 6.0581708 0.1445074 -0.1850174 0.0032654 0.9720471
1740548435.375586 -1.6632965 -1.0090325 6.0778384 0.1430341 -0.1823698 0.0027994 0.9727665
1740548435.483863 -1.6678281 -1.0151757 6.0813441 0.1429953 -0.1813189 0.0035151 0.9729663
1740548435.604134 -1.7023317 -1.0147407 6.0917935 0.1448266 -0.1766587 0.0044199 0.9735489
1740548435.714909 -1.7291329 -1.0418825 6.1550117 0.1454808 -0.1757683 0.0042669 0.9736133
1740548435.827956 -1.7421086 -1.0796605 6.1890211 0.1427710 -0.1756386 0.0046873 0.9740357
1740548435.930889 -1.7271129 -1.1053455 6.2271519 0.1418283 -0.1780232 0.0036335 0.9737450
1740548436.031705 -1.7441760 -1.1293910 6.2544212 0.1396702 -0.1763117 0.0051145 0.9743615
1740548436.136632 -1.7584623 -1.1482416 6.2948241 0.1398071 -0.1758231 0.0063565 0.9744228
1740548436.241374 -1.7964150 -1.1551708 6.3115230 0.1397354 -0.1693960 0.0063814 0.9755708
1740548436.353779 -1.8283640 -1.1565588 6.3219562 0.1404457 -0.1625313 0.0082161 0.9766223
1740548436.460624 -1.8402367 -1.1599038 6.3323951 0.1408687 -0.1587456 0.0085624 0.9771809
1740548436.572392 -1.8481256 -1.1749099 6.3560452 0.1400599 -0.1582000 0.0090579 0.9773812
1740548436.680039 -1.8574846 -1.1851459 6.3962598 0.1405636 -0.1577606 0.0076631 0.9773918
1740548436.780054 -1.8677807 -1.2188243 6.4286823 0.1377817 -0.1561172 0.0072477 0.9780548
1740548436.896998 -1.8933557 -1.2427280 6.4906149 0.1362518 -0.1534175 0.0075216 0.9786940
1740548436.998530 -1.9134964 -1.2707546 6.5384989 0.1339435 -0.1506014 0.0072478 0.9794518
1740548437.107249 -1.9235092 -1.3039554 6.5781755 0.1298895 -0.1494829 0.0079063 0.9801638
1740548437.210881 -1.9335692 -1.3217348 6.6287279 0.1270622 -0.1493628 0.0079567 0.9805523
1740548437.322926 -1.9387044 -1.3276206 6.6912937 0.1253639 -0.1490800 0.0083621 0.9808105
1740548437.427471 -1.9318473 -1.3473905 6.7186089 0.1205196 -0.1497261 0.0077179 0.9813244
1740548437.530781 -1.9297714 -1.3532897 6.7322698 0.1182253 -0.1508780 0.0085515 0.9814202
1740548437.855087 -1.9652237 -1.3673497 6.7627411 0.1121156 -0.1408327 0.0050645 0.9836517
1740548437.963475 -2.0091171 -1.3741932 6.7610264 0.1078994 -0.1339167 0.0061691 0.9850817
1740548438.073403 -2.0278997 -1.3697129 6.7737541 0.1069513 -0.1296629 0.0069565 0.9857488
1740548438.178769 -2.0409894 -1.3711549 6.7909794 0.1054126 -0.1297723 0.0071819 0.9858985
1740548438.281679 -2.0680127 -1.3756450 6.8064876 0.1032152 -0.1248375 0.0076739 0.9867641
1740548438.389265 -2.0904174 -1.3630483 6.8335428 0.1057339 -0.1230137 0.0081368 0.9867228
1740548438.494459 -2.1063361 -1.3582803 6.8511529 0.1059496 -0.1200686 0.0084366 0.9870598
1740548438.606443 -2.1236982 -1.3511220 6.8680911 0.1052241 -0.1185808 0.0112942 0.9872887
1740548438.711440 -2.1469860 -1.3426458 6.8896165 0.1052656 -0.1159873 0.0118929 0.9875852
1740548438.825361 -2.1579721 -1.3346552 6.9051075 0.1064775 -0.1148619 0.0129928 0.9875730
1740548438.932674 -2.1738186 -1.3330820 6.9250388 0.1053774 -0.1134658 0.0138336 0.9878410
1740548439.042221 -2.1901119 -1.3256865 6.9438367 0.1060208 -0.1106892 0.0158319 0.9880571
1740548439.154920 -2.1993518 -1.3200604 6.9560828 0.1051421 -0.1105022 0.0160625 0.9881682
1740548439.264242 -2.2047830 -1.3132321 6.9557786 0.1047311 -0.1093683 0.0173825 0.9883157
1740548439.375477 -2.2240677 -1.3067213 6.9830036 0.1052486 -0.1091789 0.0184550 0.9882622
1740548439.478424 -2.2300985 -1.3078934 6.9928894 0.1036987 -0.1071184 0.0187515 0.9886459
1740548439.586313 -2.2292192 -1.3076835 7.0238037 0.1037545 -0.1083406 0.0174503 0.9885306
1740548439.694707 -2.2495039 -1.3038085 7.0493455 0.1032045 -0.1057476 0.0170750 0.9888755
1740548439.797186 -2.2543266 -1.3041525 7.0561132 0.1016957 -0.1045891 0.0177154 0.9891437
1740548439.906667 -2.2535713 -1.3042525 7.0568151 0.1010982 -0.1047712 0.0166385 0.9892044
1740548440.012675 -2.2522666 -1.3031402 7.0632448 0.0996800 -0.1046394 0.0172891 0.9893511
1740548440.123321 -2.2585051 -1.2961681 7.0587864 0.0985307 -0.1031492 0.0172287 0.9896238
1740548440.229831 -2.2584953 -1.3002070 7.0554843 0.0959469 -0.1021714 0.0174113 0.9899758
1740548440.338465 -2.2580690 -1.3056035 7.0552187 0.0930922 -0.1032604 0.0175959 0.9901321
1740548440.449858 -2.2558959 -1.3072437 7.0570984 0.0901732 -0.1021196 0.0182467 0.9905087
1740548440.574018 -2.2543242 -1.3162007 7.0623341 0.0874146 -0.1020029 0.0169332 0.9907913
1740548440.681487 -2.2529328 -1.3154743 7.0607729 0.0850355 -0.1024203 0.0183172 0.9909306
1740548440.792765 -2.2509584 -1.3175077 7.0561595 0.0823391 -0.1013675 0.0177520 0.9912769
1740548440.929674 -2.2541907 -1.3184501 7.0586495 0.0800996 -0.0994140 0.0170241 0.9916709
1740548441.039858 -2.2541578 -1.3164352 7.0573092 0.0827205 -0.0977712 0.0138973 0.9916678
1740548441.160551 -2.2494605 -1.3185441 7.0570579 0.0823678 -0.0989467 0.0119535 0.9916059
1740548441.270767 -2.2499957 -1.3259903 7.0689039 0.0795365 -0.1016255 0.0135066 0.9915462
1740548441.398810 -2.2539856 -1.3382380 7.0916367 0.0778847 -0.0988710 0.0104668 0.9919924
1740548441.510249 -2.2652287 -1.3403060 7.1030855 0.0777747 -0.0941339 0.0085224 0.9924804
1740548441.626918 -2.2731550 -1.3430997 7.1131220 0.0754832 -0.0898691 0.0053195 0.9930748
1740548441.737610 -2.2740276 -1.3485508 7.1223173 0.0726957 -0.0872175 0.0041351 0.9935247
1740548441.857899 -2.2647774 -1.3498497 7.1275301 0.0715809 -0.0901625 0.0074494 0.9933234
1740548441.971885 -2.2563019 -1.3484412 7.1466632 0.0746506 -0.0960728 0.0010140 0.9925706
1740548442.091244 -2.2515543 -1.3459613 7.1574998 0.0768018 -0.0967268 -0.0016867 0.9923420
1740548442.205107 -2.2416658 -1.3594973 7.1647167 0.0688586 -0.1019443 -0.0009519 0.9924036
1740548442.334564 -2.2409503 -1.3652972 7.1996875 0.0681171 -0.1057212 -0.0031841 0.9920549
1740548442.447971 -2.2394202 -1.3588403 7.2233720 0.0726364 -0.1081435 -0.0007122 0.9914779
1740548442.560248 -2.2394154 -1.3611829 7.2558990 0.0709218 -0.1102311 -0.0000032 0.9913724
1740548442.686578 -2.2471604 -1.3680502 7.3198428 0.0693638 -0.1113990 -0.0009907 0.9913516
1740548442.798891 -2.2561357 -1.3763494 7.3947005 0.0680734 -0.1114279 -0.0005624 0.9914381
1740548442.916207 -2.2694898 -1.3834971 7.4674678 0.0665759 -0.1118256 -0.0011117 0.9914946
1740548443.030502 -2.2955658 -1.3889860 7.5392656 0.0656026 -0.1117077 -0.0013650 0.9915724
1740548443.156695 -2.3229680 -1.3990121 7.6060200 0.0640367 -0.1114106 -0.0018732 0.9917074
1740548443.280761 -2.3523321 -1.4084734 7.6728001 0.0625349 -0.1113940 -0.0021699 0.9918045
1740548443.404493 -2.3837309 -1.4180671 7.7471914 0.0605538 -0.1108876 -0.0029366 0.9919822
1740548443.516885 -2.3857565 -1.4014175 7.8244658 0.0592911 -0.1114670 -0.0023949 0.9919950
1740548443.630730 -2.4101443 -1.3957561 7.9010973 0.0581304 -0.1113993 -0.0025576 0.9920709
1740548443.733944 -2.4273341 -1.3888839 7.9789858 0.0563407 -0.1109995 -0.0023582 0.9922194
1740548443.846169 -2.4500234 -1.3862002 8.0553417 0.0551495 -0.1105219 -0.0028112 0.9923384
1740548443.950148 -2.4701581 -1.3804011 8.1335955 0.0541741 -0.1098298 -0.0025659 0.9924697
1740548444.055165 -2.4894164 -1.3808018 8.2090864 0.0533478 -0.1087325 -0.0027615 0.9926347
1740548444.165064 -2.5160048 -1.3861380 8.2865715 0.0527778 -0.1074520 -0.0028690 0.9928043
1740548444.381477 -2.5480850 -1.4056170 8.4374466 0.0519225 -0.1040788 -0.0027626 0.9932089
1740548444.487286 -2.5526342 -1.4241720 8.5154715 0.0516860 -0.1022539 -0.0027830 0.9934108
1740548444.599237 -2.5635390 -1.4478467 8.5905094 0.0513926 -0.1002349 -0.0032349 0.9936303
1740548444.710366 -2.5576077 -1.4626731 8.6704330 0.0514328 -0.0990927 -0.0024555 0.9937451
1740548444.815216 -2.5690496 -1.4785106 8.7491627 0.0516242 -0.0974256 -0.0024361 0.9939001
1740548444.931428 -2.5750804 -1.4752885 8.8266172 0.0522779 -0.0963739 -0.0024337 0.9939684
1740548445.039305 -2.5989499 -1.4860046 8.9018745 0.0525322 -0.0945800 -0.0022724 0.9941277
1740548445.165729 -2.6397429 -1.4790711 8.9704208 0.0527545 -0.0919537 -0.0022680 0.9943623
1740548445.278411 -2.6247010 -1.4926624 9.0561104 0.0530565 -0.0923794 -0.0020922 0.9943072
1740548445.398875 -2.6506910 -1.5063008 9.1248264 0.0527281 -0.0909135 -0.0023515 0.9944592
1740548445.510241 -2.6669171 -1.5131536 9.1985531 0.0526108 -0.0901782 -0.0022947 0.9945324
1740548445.625542 -2.6817825 -1.5273231 9.2769880 0.0522125 -0.0896050 -0.0020772 0.9946057
1740548445.735487 -2.6933737 -1.5355502 9.3530521 0.0516598 -0.0894721 -0.0021629 0.9946464
1740548445.850738 -2.7027349 -1.5472581 9.4308929 0.0509728 -0.0898678 -0.0023856 0.9946457
1740548445.963403 -2.7240031 -1.5501955 9.5076284 0.0500448 -0.0900272 -0.0026166 0.9946777
1740548446.069782 -2.7371497 -1.5655515 9.5863562 0.0484102 -0.0905137 -0.0025381 0.9947147
1740548446.182341 -2.7609270 -1.5706636 9.6597157 0.0471116 -0.0910787 -0.0027128 0.9947250
1740548446.291158 -2.7734492 -1.5819228 9.7371073 0.0452395 -0.0926241 -0.0027726 0.9946690
1740548446.415025 -2.7962825 -1.5905179 9.8144732 0.0433155 -0.0935731 -0.0027013 0.9946661
1740548446.523297 -2.8071868 -1.5903062 9.8894958 0.0415873 -0.0953733 -0.0036503 0.9945658
1740548446.639739 -2.8185039 -1.5956037 9.9728966 0.0391711 -0.0971513 -0.0036153 0.9944919
1740548446.749774 -2.8421245 -1.6042079 10.0474958 0.0365916 -0.0988114 -0.0040100 0.9944251
1740548446.865691 -2.8559318 -1.6007441 10.1257210 0.0342125 -0.1010042 -0.0044919 0.9942874
1740548446.972333 -2.8639357 -1.6073902 10.2062740 0.0314998 -0.1034070 -0.0049217 0.9941280
1740548447.088730 -2.8893657 -1.6091957 10.2760363 0.0290321 -0.1054837 -0.0052205 0.9939834
1740548447.204958 -2.9139936 -1.6111059 10.3512850 0.0265763 -0.1074775 -0.0056545 0.9938362
1740548447.316717 -2.9481909 -1.6069493 10.4250565 0.0234498 -0.1094495 -0.0060239 0.9936975
1740548447.433723 -2.9667761 -1.5995078 10.4981680 0.0207113 -0.1120819 -0.0062876 0.9934632
1740548447.548409 -2.9891691 -1.5888929 10.5679264 0.0185271 -0.1143194 -0.0068425 0.9932477
1740548447.670339 -3.0079749 -1.5918045 10.6498146 0.0154837 -0.1171250 -0.0070102 0.9929717
1740548447.782819 -3.0263803 -1.5886219 10.7282953 0.0134282 -0.1197852 -0.0077307 0.9926789
1740548447.899056 -3.0539994 -1.5927751 10.8012638 0.0109607 -0.1221142 -0.0080866 0.9924226
1740548448.014563 -3.0822046 -1.6040639 10.8732653 0.0080323 -0.1245530 -0.0081755 0.9921467
1740548448.135357 -3.1055043 -1.5961100 10.9486046 0.0064856 -0.1273730 -0.0084943 0.9917973
1740548448.249093 -3.1332116 -1.5927269 11.0225191 0.0042909 -0.1298268 -0.0086452 0.9914897
1740548448.365425 -3.1521330 -1.5925347 11.0986395 0.0024029 -0.1326826 -0.0088271 0.9911164
1740548448.472250 -3.1646423 -1.5878245 11.1783829 0.0008736 -0.1360539 -0.0092594 0.9906578
1740548448.579989 -3.1867077 -1.5756366 11.2551289 -0.0005907 -0.1391419 -0.0091967 0.9902295
1740548448.694748 -3.2097695 -1.5774009 11.3309946 -0.0019011 -0.1422346 -0.0096354 0.9897843
1740548448.801423 -3.2304733 -1.5779780 11.4061556 -0.0031609 -0.1453891 -0.0097387 0.9893216
1740548448.919890 -3.2491283 -1.5804430 11.4834805 -0.0047120 -0.1487898 -0.0102262 0.9888048
1740548449.031475 -3.2872062 -1.5749561 11.5539541 -0.0058989 -0.1516363 -0.0104367 0.9883637
1740548449.145936 -3.3166592 -1.5757806 11.6271849 -0.0070398 -0.1546062 -0.0103414 0.9878970
1740548449.252127 -3.3491313 -1.5752858 11.7017374 -0.0084529 -0.1576409 -0.0103015 0.9874066
1740548449.368122 -3.3702283 -1.5742205 11.7780838 -0.0099156 -0.1612929 -0.0107675 0.9867980
1740548449.473211 -3.4113722 -1.5690857 11.8466043 -0.0112770 -0.1640566 -0.0108098 0.9863273
1740548449.581028 -3.4479940 -1.5686353 11.9145584 -0.0127821 -0.1667428 -0.0108865 0.9858575
1740548449.695649 -3.4790101 -1.5652430 11.9817095 -0.0144339 -0.1696307 -0.0110889 0.9853396
1740548449.801793 -3.5105731 -1.5663533 12.0556345 -0.0166181 -0.1727163 -0.0113551 0.9847659
1740548449.923446 -3.5372550 -1.5618788 12.1308918 -0.0188486 -0.1758365 -0.0117254 0.9841691
1740548450.035920 -3.5793366 -1.5588782 12.1984539 -0.0212953 -0.1783262 -0.0118886 0.9836692
1740548450.152867 -3.6063383 -1.5661904 12.2745790 -0.0239144 -0.1812432 -0.0123751 0.9830696
1740548450.266237 -3.6429536 -1.5555985 12.3459234 -0.0265976 -0.1838150 -0.0127706 0.9825180
1740548450.386157 -3.6679676 -1.5571330 12.4208822 -0.0295775 -0.1866156 -0.0134096 0.9818961
1740548450.494612 -3.6955912 -1.5461106 12.4956656 -0.0323302 -0.1895387 -0.0135843 0.9812468
1740548450.610423 -3.7205489 -1.5427885 12.5691471 -0.0359306 -0.1920405 -0.0144682 0.9806223
1740548450.721797 -3.7459266 -1.5375562 12.6432266 -0.0395231 -0.1944839 -0.0150898 0.9799930
1740548450.832942 -3.7780764 -1.5169188 12.7135143 -0.0428025 -0.1969691 -0.0159644 0.9793448
1740548450.966385 -3.8024006 -1.5066323 12.7728100 -0.0471744 -0.1986526 -0.0165224 0.9787946
1740548451.072609 -3.8420115 -1.5023122 12.8389311 -0.0516864 -0.2006399 -0.0174359 0.9781453
1740548451.187549 -3.8845861 -1.4879714 12.9061518 -0.0557107 -0.2023700 -0.0181028 0.9775556
1740548451.294715 -3.9265094 -1.4754077 12.9682636 -0.0603950 -0.2038773 -0.0190310 0.9769464
1740548451.403629 -3.9645596 -1.4639138 13.0360155 -0.0645877 -0.2055292 -0.0197467 0.9763177
1740548451.510069 -3.9939017 -1.4424746 13.1061497 -0.0680437 -0.2073115 -0.0202403 0.9756958
1740548451.619780 -4.0280557 -1.4367110 13.1783800 -0.0719025 -0.2090431 -0.0210625 0.9750320
1740548451.726128 -4.0556045 -1.4111431 13.2505989 -0.0753224 -0.2105760 -0.0214398 0.9744355
1740548451.831706 -4.0902333 -1.4013417 13.3223028 -0.0787635 -0.2115645 -0.0223023 0.9739299
1740548451.941268 -4.1288304 -1.3837534 13.3842506 -0.0825604 -0.2121558 -0.0229724 0.9734711
1740548452.049934 -4.1618447 -1.3597075 13.4528809 -0.0851726 -0.2128198 -0.0235240 0.9730879
1740548452.156780 -4.2006502 -1.3401241 13.5160484 -0.0883170 -0.2128421 -0.0240726 0.9727892
1740548452.262038 -4.2450757 -1.3146950 13.5814400 -0.0905845 -0.2124859 -0.0244784 0.9726484
1740548452.368901 -4.2795339 -1.2937492 13.6487856 -0.0930203 -0.2121101 -0.0249507 0.9724886
1740548452.472867 -4.3102665 -1.2722445 13.7178383 -0.0950006 -0.2115485 -0.0253664 0.9724087
1740548452.576337 -4.3425879 -1.2507228 13.7884741 -0.0965759 -0.2106714 -0.0259372 0.9724289
1740548452.683477 -4.3853025 -1.2368560 13.8543015 -0.0983599 -0.2090123 -0.0263548 0.9725968
1740548452.785789 -4.4265914 -1.2175663 13.9209366 -0.0995652 -0.2070501 -0.0266391 0.9728861
1740548452.893081 -4.4530697 -1.1968262 13.9891853 -0.1009035 -0.2051943 -0.0270783 0.9731293
1740548453.001281 -4.4793124 -1.1858126 14.0651979 -0.1020308 -0.2030581 -0.0277987 0.9734395
1740548453.111603 -4.5200934 -1.1707096 14.1304064 -0.1031836 -0.1999886 -0.0278062 0.9739531
1740548453.218083 -4.5411353 -1.1579388 14.2066145 -0.1042140 -0.1974613 -0.0285478 0.9743375
1740548453.319266 -4.5686660 -1.1478860 14.2788963 -0.1056033 -0.1944145 -0.0290648 0.9747852
1740548453.425561 -4.5974946 -1.1428952 14.3596249 -0.1067036 -0.1915923 -0.0298384 0.9752007
1740548453.529798 -4.6257401 -1.1348039 14.4301863 -0.1089475 -0.1881146 -0.0306927 0.9756030
1740548453.640807 -4.6544461 -1.1188686 14.5034933 -0.1110595 -0.1847507 -0.0313542 0.9759867
1740548453.742699 -4.6857352 -1.1065810 14.5732889 -0.1142564 -0.1809750 -0.0320960 0.9763008
1740548453.865179 -4.7081847 -1.1026001 14.6482830 -0.1180689 -0.1776352 -0.0334742 0.9764143
1740548453.970849 -4.7376032 -1.0863574 14.7190552 -0.1222748 -0.1740031 -0.0344308 0.9765175
1740548454.081420 -4.7388353 -1.0691459 14.8040686 -0.1269609 -0.1715822 -0.0356610 0.9763036
1740548454.198347 -4.7569132 -1.0527720 14.8774586 -0.1330251 -0.1685901 -0.0373425 0.9759545
1740548454.303845 -4.7738342 -1.0329220 14.9548521 -0.1392716 -0.1661329 -0.0386869 0.9754520
1740548454.425579 -4.7905030 -1.0088340 15.0292788 -0.1463380 -0.1638855 -0.0398603 0.9747502
1740548454.532159 -4.8066936 -0.9845597 15.1046686 -0.1543096 -0.1622082 -0.0414980 0.9737325
1740548454.646144 -4.8188066 -0.9563365 15.1814795 -0.1628222 -0.1613468 -0.0430791 0.9724199
1740548454.748919 -4.8356562 -0.9253855 15.2507954 -0.1721258 -0.1604251 -0.0447466 0.9708936
1740548454.869899 -4.8476553 -0.8862592 15.3205242 -0.1816414 -0.1603102 -0.0460626 0.9691157
1740548454.969058 -4.8670015 -0.8490730 15.3875465 -0.1920376 -0.1607090 -0.0478117 0.9669582
1740548455.072230 -4.8781686 -0.8044455 15.4509354 -0.2027826 -0.1617380 -0.0493374 0.9645133
1740548455.186983 -4.8994679 -0.7574112 15.5070381 -0.2136110 -0.1629821 -0.0509850 0.9618772
1740548455.287716 -4.9236040 -0.7066486 15.5619898 -0.2248708 -0.1648717 -0.0524400 0.9589059
1740548455.398052 -4.9443607 -0.6554153 15.6147060 -0.2359316 -0.1670993 -0.0541597 0.9557620
1740548455.499154 -4.9643755 -0.5923030 15.6693687 -0.2464962 -0.1700547 -0.0548355 0.9525304
1740548455.620379 -4.9946384 -0.5369061 15.7166882 -0.2572236 -0.1728302 -0.0559574 0.9491231
1740548455.719460 -5.0228400 -0.4831289 15.7665415 -0.2677172 -0.1760912 -0.0569252 0.9455575
1740548455.823444 -5.0609593 -0.4309832 15.8157024 -0.2776895 -0.1791487 -0.0575801 0.9420609
1740548455.934248 -5.0823250 -0.3769283 15.8690653 -0.2870548 -0.1829928 -0.0581696 0.9384719
1740548456.038983 -5.1238317 -0.3301556 15.9148264 -0.2961583 -0.1862754 -0.0589733 0.9349406
1740548456.150555 -5.1597857 -0.2735581 15.9633770 -0.3039503 -0.1897684 -0.0592619 0.9317136
1740548456.255211 -5.1984935 -0.2234242 16.0085182 -0.3114111 -0.1928365 -0.0594769 0.9286010
1740548456.366497 -5.2281814 -0.1682067 16.0588837 -0.3180797 -0.1961148 -0.0595341 0.9256457
1740548456.472359 -5.2685804 -0.1192029 16.1036224 -0.3241250 -0.1986087 -0.0597665 0.9229982
1740548456.579016 -5.3125997 -0.0690691 16.1511974 -0.3297094 -0.2009531 -0.0601595 0.9204838
1740548456.687106 -5.3456030 -0.0151205 16.2008457 -0.3341561 -0.2031130 -0.0604511 0.9183847
1740548456.792168 -5.3714743 0.0385373 16.2500534 -0.3383899 -0.2049586 -0.0606498 0.9164093
1740548456.903532 -5.3958406 0.0898650 16.3012600 -0.3418108 -0.2063726 -0.0607915 0.9148115
1740548457.007292 -5.4121661 0.1517169 16.3531418 -0.3440903 -0.2076320 -0.0603931 0.9136977
1740548457.116814 -5.4313202 0.2017968 16.4084759 -0.3464158 -0.2084453 -0.0606553 0.9126158
1740548457.222953 -5.4425874 0.2558737 16.4638672 -0.3480275 -0.2091889 -0.0607555 0.9118254
1740548457.332696 -5.4600334 0.3119302 16.5179214 -0.3490963 -0.2095638 -0.0606489 0.9113378
1740548457.442506 -5.4717836 0.3635054 16.5733719 -0.3498626 -0.2099636 -0.0608364 0.9109393
1740548457.552194 -5.4947376 0.4193947 16.6262665 -0.3500049 -0.2101593 -0.0606308 0.9108532
1740548457.660736 -5.5097570 0.4759102 16.6804390 -0.3496306 -0.2105987 -0.0602808 0.9109187
1740548457.767243 -5.5307937 0.5260196 16.7348366 -0.3488868 -0.2110485 -0.0601870 0.9111059
1740548457.875970 -5.5667119 0.5721383 16.7899017 -0.3480016 -0.2114591 -0.0599596 0.9113643
1740548457.980313 -5.6036472 0.6184435 16.8442478 -0.3468950 -0.2119116 -0.0596533 0.9117010
1740548458.080396 -5.6378269 0.6693082 16.8945847 -0.3455814 -0.2122696 -0.0590314 0.9121570
1740548458.187393 -5.6707196 0.7230556 16.9453964 -0.3437160 -0.2129804 -0.0583929 0.9127371
1740548458.287901 -5.7056322 0.7708051 16.9989605 -0.3422489 -0.2133141 -0.0578057 0.9132476
1740548458.394916 -5.7425070 0.8165860 17.0519676 -0.3405987 -0.2138312 -0.0574010 0.9137691
1740548458.602973 -5.8145857 0.9085662 17.1608543 -0.3373035 -0.2152020 -0.0562015 0.9147436
1740548458.810633 -5.8810163 1.0044336 17.2668076 -0.3338287 -0.2157649 -0.0554434 0.9159312
1740548459.139503 -5.9574685 1.1545802 17.4379997 -0.3293998 -0.2163541 -0.0543663 0.9174590
1740548459.474322 -6.0431204 1.2974106 17.6100044 -0.3263727 -0.2152871 -0.0540547 0.9188092
1740548459.992225 -6.1600490 1.5456412 17.8973465 -0.3242148 -0.2118060 -0.0560529 0.9202614
1740548460.200052 -6.2156672 1.6460255 18.0097847 -0.3241272 -0.2091037 -0.0566008 0.9208766
1740548460.709791 -6.3400650 1.8926027 18.2956448 -0.3252313 -0.2045953 -0.0587174 0.9213673
1740548461.124241 -6.4470024 2.0897820 18.5167465 -0.3265318 -0.2025956 -0.0594683 0.9213010
1740548461.534348 -6.5628662 2.2898502 18.7366829 -0.3276273 -0.2034504 -0.0595499 0.9207183
1740548461.834007 -6.6318703 2.4481444 18.8994942 -0.3272593 -0.2059234 -0.0586193 0.9203590
1740548462.136662 -6.7002964 2.5953856 19.0660057 -0.3252017 -0.2109828 -0.0567775 0.9200578
1740548462.440955 -6.7908616 2.7499228 19.2149525 -0.3217482 -0.2180800 -0.0537598 0.9197984
1740548462.645457 -6.8607645 2.8434284 19.3187714 -0.3184970 -0.2245775 -0.0512422 0.9195101
1740548462.845329 -6.9488993 2.9496233 19.3908653 -0.3145800 -0.2305579 -0.0469382 0.9196082
1740548462.949357 -6.9887495 2.9813468 19.4352131 -0.3133235 -0.2338488 -0.0453358 0.9192865
1740548463.047945 -7.0364161 3.0210149 19.4766464 -0.3113617 -0.2379647 -0.0431960 0.9189999
1740548463.153948 -7.0777626 3.0708466 19.5257626 -0.3092639 -0.2425756 -0.0403712 0.9186311
1740548463.252450 -7.1153002 3.1185462 19.5615005 -0.3067214 -0.2467651 -0.0377938 0.9184773
1740548463.352197 -7.1653862 3.1662517 19.6064053 -0.3041741 -0.2522791 -0.0349395 0.9179393
1740548463.465573 -7.2118006 3.2076230 19.6552410 -0.3026700 -0.2578080 -0.0324550 0.9169911
1740548463.562294 -7.2597170 3.2513733 19.6931725 -0.3009093 -0.2625105 -0.0292193 0.9163449
1740548463.669703 -7.3118935 3.2914622 19.7328854 -0.2993467 -0.2678972 -0.0270923 0.9153627
1740548463.766028 -7.3599310 3.3316698 19.7773895 -0.2976968 -0.2736899 -0.0244132 0.9142617
1740548463.875927 -7.4001074 3.3801425 19.8226814 -0.2957126 -0.2799446 -0.0212996 0.9130890
1740548463.970431 -7.4588985 3.4130540 19.8522129 -0.2944202 -0.2847636 -0.0197526 0.9120507
1740548464.067595 -7.5182776 3.4501171 19.8835621 -0.2938919 -0.2899773 -0.0166928 0.9106383
1740548464.175246 -7.5656376 3.4923131 19.9072399 -0.2924111 -0.2955784 -0.0131368 0.9093716
1740548464.273043 -7.6272416 3.5215540 19.9496727 -0.2925818 -0.3010249 -0.0106215 0.9075611
1740548464.377536 -7.6846118 3.5559440 19.9882050 -0.2921726 -0.3063147 -0.0089775 0.9059393
1740548464.479013 -7.7125216 3.5762393 20.0045910 -0.2922118 -0.3128333 -0.0065607 0.9037171
1740548464.579162 -7.7326355 3.5850992 20.0215664 -0.2952859 -0.3198755 -0.0022658 0.9002671
1740548464.684826 -7.7647963 3.6042380 20.0423584 -0.2972483 -0.3251447 0.0016132 0.8977315
1740548464.782184 -7.8216829 3.6378212 20.0740490 -0.2972553 -0.3306614 0.0043700 0.8957027
1740548464.887262 -7.8709421 3.6677125 20.0948009 -0.2970669 -0.3347804 0.0052929 0.8942289
1740548464.983769 -7.9219408 3.6962733 20.1175518 -0.2987857 -0.3391829 0.0083533 0.8919710
1740548465.080950 -7.9541874 3.7139862 20.1338615 -0.2991928 -0.3454494 0.0080862 0.8894286
1740548465.187011 -8.0117149 3.7393773 20.1672535 -0.3003520 -0.3503142 0.0090305 0.8871230
1740548465.287118 -8.0524244 3.7689853 20.1965332 -0.3017511 -0.3568156 0.0112549 0.8840262
1740548465.389680 -8.0696583 3.7806885 20.2126579 -0.3046992 -0.3642738 0.0117237 0.8799577
1740548465.490342 -8.0833740 3.7872159 20.2182350 -0.3068043 -0.3679086 0.0142682 0.8776735
1740548465.586749 -8.0987453 3.8014889 20.2344551 -0.3089271 -0.3753311 0.0182457 0.8737035
1740548465.689854 -8.1202230 3.8122816 20.2528267 -0.3109801 -0.3822958 0.0184475 0.8699431
1740548465.785253 -8.1666117 3.8510907 20.2742920 -0.3109882 -0.3882144 0.0216504 0.8672411
1740548465.888161 -8.2087965 3.8857379 20.3012981 -0.3107905 -0.3942934 0.0234934 0.8645172
1740548465.983838 -8.2299213 3.8942463 20.3230400 -0.3141460 -0.4007606 0.0235855 0.8603179
1740548466.080326 -8.2605562 3.9203935 20.3425865 -0.3146919 -0.4073196 0.0268667 0.8569352
1740548466.186621 -8.2826233 3.9206469 20.3657036 -0.3182506 -0.4124886 0.0273370 0.8531251
1740548466.286659 -8.2997522 3.9226193 20.3843441 -0.3223948 -0.4186788 0.0261966 0.8485773
1740548466.385676 -8.3269987 3.9430690 20.3970604 -0.3245138 -0.4255924 0.0258476 0.8443304
1740548466.485155 -8.3633938 3.9495816 20.4134598 -0.3279816 -0.4314959 0.0276423 0.8399258
1740548466.579804 -8.3850307 3.9633851 20.4380760 -0.3310523 -0.4386319 0.0288052 0.8349711
1740548466.680405 -8.4292116 3.9792011 20.4635162 -0.3341954 -0.4428949 0.0271555 0.8315167
1740548466.777882 -8.4487238 3.9861140 20.4904079 -0.3375172 -0.4493063 0.0281338 0.8266889
1740548466.890494 -8.4701481 4.0017471 20.5011673 -0.3398577 -0.4556350 0.0289698 0.8222252
1740548466.988048 -8.4963503 3.9746349 20.5376740 -0.3475539 -0.4606046 0.0278013 0.8162578
1740548467.085658 -8.5427990 4.0003467 20.5448799 -0.3493556 -0.4644065 0.0283379 0.8133107
1740548467.186279 -8.5600204 4.0079679 20.5711384 -0.3531310 -0.4714931 0.0279807 0.8075951
1740548467.282801 -8.6134071 4.0318866 20.5971222 -0.3551801 -0.4755210 0.0291478 0.8042868
1740548467.381715 -8.6812229 4.0745935 20.6080532 -0.3548944 -0.4786691 0.0305090 0.8024930
1740548467.489579 -8.7128763 4.0904675 20.6267357 -0.3581749 -0.4839095 0.0319982 0.7978210
1740548467.584561 -8.7553034 4.1173120 20.6287956 -0.3585930 -0.4874917 0.0344152 0.7953480
1740548467.685159 -8.8249426 4.1461320 20.6362190 -0.3610201 -0.4898170 0.0350158 0.7927911
1740548467.781029 -8.8670578 4.1496854 20.6403236 -0.3642273 -0.4909044 0.0353767 0.7906325
1740548467.884130 -8.8715591 4.1615639 20.6187248 -0.3646533 -0.4915864 0.0386100 0.7898608
1740548467.983161 -8.9019051 4.1676245 20.6348152 -0.3661602 -0.4954733 0.0369831 0.7868069
1740548468.077608 -8.9100552 4.1644258 20.6283798 -0.3669945 -0.4963134 0.0371890 0.7858785
1740548468.182611 -8.8909626 4.1625881 20.6246605 -0.3653619 -0.4983612 0.0389164 0.7852594
1740548468.278292 -8.8689098 4.1465631 20.6292534 -0.3667914 -0.5013043 0.0402801 0.7826465
1740548468.387244 -8.8796062 4.1500349 20.6336060 -0.3707237 -0.5034594 0.0409875 0.7793668
1740548468.488567 -8.9375648 4.1850061 20.6330452 -0.3716435 -0.5045992 0.0413416 0.7781721
1740548468.587601 -8.9979401 4.2119503 20.6299133 -0.3737926 -0.5045471 0.0408661 0.7772010
1740548468.690377 -9.0482922 4.2245274 20.6515980 -0.3763458 -0.5073643 0.0404865 0.7741487
1740548468.790440 -9.0719566 4.2501001 20.6531487 -0.3756781 -0.5097033 0.0416379 0.7728744
1740548468.895831 -9.1001024 4.2782226 20.6724014 -0.3773115 -0.5140800 0.0418896 0.7691574
1740548468.999598 -9.1323738 4.3067355 20.6938381 -0.3774102 -0.5167428 0.0425687 0.7672850
1740548469.097569 -9.1731930 4.3290577 20.7087040 -0.3796809 -0.5175194 0.0418178 0.7656810
1740548469.206159 -9.2043724 4.3517828 20.7102757 -0.3791310 -0.5178537 0.0412449 0.7657585
1740548469.306985 -9.2397051 4.3706527 20.7155819 -0.3802558 -0.5197789 0.0415949 0.7638751
1740548469.406510 -9.2840128 4.3922725 20.7145576 -0.3817720 -0.5200986 0.0416189 0.7628994
1740548469.506318 -9.3126564 4.3984313 20.7207661 -0.3833548 -0.5205705 0.0396568 0.7618877
1740548469.602678 -9.3700504 4.4365215 20.7110748 -0.3855234 -0.5194784 0.0411352 0.7614602
1740548469.707314 -9.4002371 4.4591770 20.7044163 -0.3852424 -0.5180263 0.0403893 0.7626308
1740548469.804170 -9.4011774 4.4594965 20.7042122 -0.3856595 -0.5178552 0.0399182 0.7625610
1740548469.904094 -9.4180717 4.4698009 20.7026443 -0.3880490 -0.5165247 0.0387842 0.7623097
1740548470.004723 -9.4621496 4.4958162 20.7003708 -0.3898251 -0.5161188 0.0396251 0.7616348
1740548470.101529 -9.5224857 4.5274458 20.7065811 -0.3908243 -0.5154180 0.0384333 0.7616584
1740548470.205416 -9.5672855 4.5638080 20.7259750 -0.3911639 -0.5165643 0.0380663 0.7607254
1740548470.304468 -9.6201477 4.5958424 20.7424927 -0.3936137 -0.5172522 0.0372380 0.7590334
1740548470.406618 -9.6612415 4.6231961 20.7598419 -0.3943621 -0.5183715 0.0367170 0.7579059
1740548470.501181 -9.7191954 4.6577649 20.7654839 -0.3947543 -0.5186689 0.0363912 0.7575139
1740548470.594726 -9.7509069 4.6857562 20.7506752 -0.3931300 -0.5172969 0.0362747 0.7593003
1740548470.695833 -9.7879076 4.7073946 20.7568169 -0.3946671 -0.5171081 0.0346264 0.7587082
1740548470.794914 -9.8247290 4.7370777 20.7649384 -0.3966366 -0.5175679 0.0334469 0.7574195
1740548470.906304 -9.8536997 4.7620420 20.7699013 -0.3972446 -0.5159811 0.0330078 0.7582023
1740548471.001492 -9.8917370 4.7861781 20.7822227 -0.3983485 -0.5170362 0.0335591 0.7568790
1740548471.095864 -9.9128294 4.7888274 20.7758141 -0.3999492 -0.5151252 0.0313780 0.7574313
1740548471.203783 -9.9325638 4.8078938 20.7845917 -0.4014584 -0.5151602 0.0311815 0.7566167
1740548471.297738 -9.9888945 4.8480091 20.7984543 -0.4030941 -0.5142621 0.0298421 0.7564119
1740548471.415016 -10.0385084 4.8848982 20.8073311 -0.4045506 -0.5134469 0.0293131 0.7562088
1740548471.513434 -10.0916862 4.9328070 20.8146820 -0.4055358 -0.5118372 0.0279957 0.7568220
1740548471.611014 -10.1484089 4.9635444 20.8219223 -0.4072935 -0.5101617 0.0266386 0.7570584
1740548471.718683 -10.2000380 5.0043969 20.8116493 -0.4068771 -0.5074392 0.0259148 0.7591344
1740548471.812757 -10.2609100 5.0319023 20.8194599 -0.4091236 -0.5048769 0.0233686 0.7597178
1740548471.917956 -10.3192616 5.0619006 20.8230820 -0.4114026 -0.5019751 0.0223975 0.7604388
1740548472.012546 -10.3447399 5.0689602 20.8298779 -0.4149113 -0.4980099 0.0200967 0.7612036
1740548472.108088 -10.3697882 5.1000371 20.8396530 -0.4160341 -0.4961916 0.0206883 0.7617622
1740548472.209765 -10.4230328 5.1480608 20.8299446 -0.4175658 -0.4927619 0.0194267 0.7631823
1740548472.306229 -10.4933167 5.1902699 20.8272743 -0.4193033 -0.4902066 0.0174403 0.7639229
1740548472.416166 -10.5312080 5.2032208 20.8290501 -0.4218207 -0.4874174 0.0144814 0.7643834
1740548472.510698 -10.5460215 5.2137485 20.8311844 -0.4219080 -0.4847594 0.0115846 0.7660730
1740548472.609642 -10.6111250 5.2397013 20.8407135 -0.4244992 -0.4822024 0.0091706 0.7662879
1740548472.716517 -10.6759062 5.2769790 20.8465214 -0.4273666 -0.4806245 0.0082729 0.7656954
1740548472.814169 -10.6738930 5.2768769 20.8484173 -0.4302174 -0.4779878 0.0068644 0.7657634
1740548472.920594 -10.6764107 5.2694597 20.8446960 -0.4304889 -0.4764900 0.0019477 0.7665721
1740548473.020822 -10.6752501 5.2748351 20.8429604 -0.4299134 -0.4755632 -0.0004531 0.7674724
1740548473.120708 -10.6823635 5.2837687 20.8435326 -0.4303641 -0.4753199 -0.0016477 0.7673689
1740548473.228594 -10.7016363 5.3011303 20.8477974 -0.4303589 -0.4758534 -0.0046577 0.7670287
1740548473.327668 -10.7082472 5.3200793 20.8502960 -0.4315134 -0.4769690 -0.0011442 0.7656993
1740548473.432236 -10.7126617 5.3327355 20.8532505 -0.4342856 -0.4755726 -0.0001794 0.7650011
1740548473.535084 -10.7064810 5.3253264 20.8635597 -0.4364570 -0.4774555 -0.0035797 0.7625803
1740548473.633131 -10.6985912 5.3206024 20.8580341 -0.4368576 -0.4769029 -0.0065703 0.7626768
1740548473.739092 -10.6715097 5.3013835 20.8582497 -0.4369015 -0.4769588 -0.0107623 0.7625691
1740548473.832247 -10.6750116 5.2985020 20.8675041 -0.4405972 -0.4789189 -0.0142342 0.7591496
1740548473.937521 -10.6779261 5.2990589 20.8686085 -0.4450842 -0.4775345 -0.0133480 0.7574184
1740548474.032179 -10.6807709 5.3006349 20.8649902 -0.4452809 -0.4782934 -0.0142870 0.7568066
1740548474.128253 -10.6787596 5.3013096 20.8678017 -0.4491438 -0.4786775 -0.0126236 0.7543066
1740548474.229971 -10.6585655 5.2973080 20.8564606 -0.4470884 -0.4785687 -0.0129754 0.7555896
1740548474.326890 -10.6481018 5.2853608 20.8520870 -0.4429977 -0.4803660 -0.0192226 0.7567246
1740548474.428949 -10.6460371 5.2792797 20.8560028 -0.4487126 -0.4801885 -0.0182228 0.7534879
1740548474.526344 -10.6521177 5.2873135 20.8551579 -0.4511773 -0.4817475 -0.0179773 0.7510228
1740548474.727679 -10.6489124 5.2823005 20.8522015 -0.4526290 -0.4844643 -0.0217580 0.7482967
1740548474.823803 -10.6757116 5.2896519 20.8513641 -0.4542529 -0.4841676 -0.0269977 0.7473333
1740548474.924080 -10.6534319 5.2754555 20.8472309 -0.4519230 -0.4872144 -0.0318151 0.7465759
1740548475.023517 -10.6412134 5.2743936 20.8407364 -0.4539475 -0.4865428 -0.0278005 0.7459457
1740548475.122593 -10.6286755 5.2564578 20.8413239 -0.4575465 -0.4867080 -0.0274037 0.7436501
1740548475.230756 -10.6235809 5.2525058 20.8430214 -0.4588416 -0.4886461 -0.0285524 0.7415350
1740548475.330474 -10.6290874 5.2546830 20.8456688 -0.4618047 -0.4897725 -0.0307380 0.7388602
1740548475.441561 -10.6401186 5.2597713 20.8471947 -0.4641135 -0.4882681 -0.0320992 0.7383512
1740548475.537927 -10.6676702 5.2730427 20.8446846 -0.4646866 -0.4871116 -0.0348653 0.7386292
1740548475.638613 -10.7139511 5.2914209 20.8332386 -0.4665872 -0.4850961 -0.0381983 0.7385926
1740548475.756563 -10.7405415 5.3091021 20.8081112 -0.4674852 -0.4819829 -0.0400100 0.7399657
1740548475.854252 -10.7849302 5.3349895 20.8042774 -0.4671380 -0.4814991 -0.0419268 0.7403937
1740548475.961360 -10.8244295 5.3714023 20.7951584 -0.4676837 -0.4812736 -0.0414874 0.7402205
1740548476.062622 -10.8588533 5.4002199 20.7862778 -0.4672168 -0.4806073 -0.0425454 0.7408880
1740548476.174543 -10.8869085 5.4166183 20.7723808 -0.4677826 -0.4778592 -0.0447297 0.7421787
1740548476.271834 -10.9280615 5.4357805 20.7667694 -0.4681864 -0.4760959 -0.0474223 0.7428898
1740548476.372226 -10.9723482 5.4630270 20.7660484 -0.4682768 -0.4758245 -0.0491338 0.7428955
1740548476.482323 -11.0229664 5.5009751 20.7607212 -0.4684659 -0.4754370 -0.0514351 0.7428687
1740548476.584977 -11.0646849 5.5311656 20.7570496 -0.4687418 -0.4735484 -0.0540038 0.7437181
1740548476.689575 -11.0880489 5.5529857 20.7480659 -0.4669801 -0.4731197 -0.0543906 0.7450699
1740548476.790245 -11.1470242 5.5876031 20.7458763 -0.4682795 -0.4718379 -0.0567991 0.7448874
1740548476.888814 -11.1953335 5.6328697 20.7432137 -0.4679414 -0.4725481 -0.0566036 0.7446644
1740548476.991291 -11.2414808 5.6605921 20.7364235 -0.4688264 -0.4706537 -0.0589089 0.7451286
1740548477.089925 -11.2782040 5.6840882 20.7328835 -0.4688541 -0.4708267 -0.0615954 0.7447847
1740548477.200082 -11.2967062 5.7085671 20.7332478 -0.4674608 -0.4724619 -0.0625342 0.7445466
1740548477.302089 -11.3177252 5.7333465 20.7345276 -0.4675423 -0.4740596 -0.0607317 0.7436285
1740548477.400112 -11.3645821 5.7689562 20.7264309 -0.4674985 -0.4749146 -0.0604816 0.7431307
1740548477.507795 -11.4199276 5.8081117 20.7261314 -0.4677017 -0.4752600 -0.0614636 0.7427013
1740548477.608096 -11.4766245 5.8470173 20.7219696 -0.4672731 -0.4754476 -0.0630173 0.7427208
1740548477.714220 -11.5300627 5.8809834 20.7244339 -0.4684784 -0.4764563 -0.0633841 0.7412826
1740548477.816362 -11.5840855 5.9124007 20.7282562 -0.4702542 -0.4777927 -0.0642559 0.7392200
1740548477.921940 -11.6465759 5.9588647 20.7281227 -0.4703509 -0.4788033 -0.0639293 0.7385327
1740548478.023711 -11.7072067 5.9993382 20.7258911 -0.4703498 -0.4800859 -0.0640902 0.7376863
1740548478.123366 -11.7647743 6.0370874 20.7270470 -0.4700796 -0.4816914 -0.0647607 0.7367527
1740548478.232934 -11.8241644 6.0832171 20.7278423 -0.4698304 -0.4827198 -0.0647483 0.7362396
1740548478.335655 -11.8850765 6.1230454 20.7250671 -0.4705642 -0.4834807 -0.0649440 0.7352538
1740548478.440406 -11.9405279 6.1587420 20.7297325 -0.4716264 -0.4852247 -0.0641965 0.7334878
1740548478.541054 -11.9875603 6.1963220 20.7320881 -0.4719238 -0.4870326 -0.0627087 0.7322259
1740548478.640000 -12.0369110 6.2317634 20.7353172 -0.4700653 -0.4889660 -0.0632286 0.7320881
1740548478.743518 -12.0886250 6.2650967 20.7390747 -0.4709395 -0.4898462 -0.0626671 0.7309854
1740548478.844685 -12.1172333 6.3093991 20.7413464 -0.4690999 -0.4917498 -0.0594181 0.7311613
1740548478.956836 -12.1367340 6.3235321 20.7307892 -0.4690361 -0.4929985 -0.0582618 0.7304541
1740548479.057930 -12.1378202 6.3242931 20.7386723 -0.4696123 -0.4936908 -0.0586205 0.7295871
1740548479.160463 -12.1663523 6.3373084 20.7400970 -0.4711865 -0.4934933 -0.0574792 0.7287962
1740548479.269639 -12.1829834 6.3580027 20.7305050 -0.4698530 -0.4939011 -0.0548622 0.7295820
1740548479.370241 -12.1943922 6.3754258 20.7349396 -0.4695654 -0.4945561 -0.0531172 0.7294527
1740548479.474668 -12.2113428 6.3876581 20.7400341 -0.4699558 -0.4948634 -0.0527684 0.7290180
1740548479.574617 -12.2310753 6.4019651 20.7421455 -0.4695651 -0.4945267 -0.0528840 0.7294897
1740548479.681387 -12.2601709 6.4166527 20.7322044 -0.4667703 -0.4928620 -0.0545390 0.7322828
1740548479.785435 -12.2653589 6.4245067 20.7388916 -0.4667350 -0.4933795 -0.0548247 0.7319354
1740548479.884884 -12.2793245 6.4287758 20.7413826 -0.4655204 -0.4933001 -0.0563252 0.7326481
1740548479.988957 -12.2837782 6.4514322 20.7509937 -0.4633065 -0.4936023 -0.0532781 0.7340745
1740548480.087556 -12.3022985 6.4497795 20.7458992 -0.4631463 -0.4914922 -0.0546236 0.7354911
1740548480.189807 -12.3057079 6.4521809 20.7419319 -0.4601090 -0.4909702 -0.0562066 0.7376238
1740548480.286234 -12.3098412 6.4522991 20.7402134 -0.4605978 -0.4887551 -0.0554426 0.7388465
1740548480.382182 -12.3080616 6.4558578 20.7430649 -0.4608268 -0.4875725 -0.0524579 0.7397025
1740548480.491579 -12.3196201 6.4648218 20.7350388 -0.4583979 -0.4861774 -0.0520646 0.7421538
1740548480.687724 -12.3398905 6.4963503 20.7039413 -0.4476202 -0.4809948 -0.0506101 0.7521428
1740548480.783454 -12.3496246 6.4949036 20.7154160 -0.4503736 -0.4803827 -0.0504988 0.7508968
1740548480.882675 -12.3475819 6.4941020 20.7182484 -0.4496597 -0.4794485 -0.0502438 0.7519381
1740548480.989095 -12.3605785 6.4956131 20.7157936 -0.4490915 -0.4763037 -0.0516213 0.7541797
1740548481.086614 -12.3704224 6.4978123 20.7195053 -0.4507846 -0.4752667 -0.0501899 0.7539203
1740548481.188144 -12.3746052 6.5000143 20.7255669 -0.4508876 -0.4754874 -0.0501475 0.7537224
1740548481.284068 -12.3831263 6.5064626 20.7220345 -0.4488358 -0.4732157 -0.0505504 0.7563452
1740548481.382106 -12.3859825 6.5130076 20.7079830 -0.4434754 -0.4703939 -0.0505371 0.7612525
1740548481.586796 -12.3954878 6.5179286 20.7105331 -0.4417826 -0.4681802 -0.0490421 0.7636952
1740548481.692806 -12.4039850 6.5254092 20.7164135 -0.4427282 -0.4686272 -0.0483196 0.7629190
1740548481.792444 -12.4118757 6.5313139 20.7194366 -0.4441465 -0.4678902 -0.0476412 0.7625896
1740548481.889507 -12.4134407 6.5353947 20.7266750 -0.4436212 -0.4699556 -0.0463136 0.7617067
1740548481.994091 -12.4170732 6.5382862 20.7274914 -0.4420682 -0.4683706 -0.0463317 0.7635824
1740548482.090706 -12.4182529 6.5388432 20.7274132 -0.4398729 -0.4675625 -0.0470153 0.7653017
1740548482.190882 -12.4193478 6.5404768 20.7280426 -0.4374844 -0.4673830 -0.0472074 0.7667672
1740548482.289176 -12.4221916 6.5458331 20.7267952 -0.4324950 -0.4670300 -0.0470650 0.7698155
1740548482.387115 -12.4236403 6.5484104 20.7284737 -0.4342406 -0.4657395 -0.0459899 0.7696797
1740548482.491912 -12.4248476 6.5492439 20.7287407 -0.4318730 -0.4645298 -0.0483054 0.7715986
1740548482.588962 -12.4286175 6.5509372 20.7289009 -0.4294357 -0.4648639 -0.0528970 0.7724562
1740548482.693622 -12.4454536 6.5547934 20.7329750 -0.4285006 -0.4628949 -0.0550280 0.7740074
1740548482.791287 -12.4560308 6.5568862 20.7349358 -0.4315431 -0.4616194 -0.0550836 0.7730743
1740548482.886414 -12.4885845 6.5584693 20.7294540 -0.4302747 -0.4579189 -0.0589701 0.7756910
1740548482.990671 -12.5371590 6.5644617 20.7218094 -0.4301348 -0.4532910 -0.0611334 0.7783149
1740548483.090966 -12.5740414 6.5742435 20.7167435 -0.4312564 -0.4486912 -0.0636994 0.7801516
1740548483.191164 -12.5994244 6.5810690 20.7141190 -0.4296008 -0.4446471 -0.0659059 0.7831913
1740548483.289744 -12.6332397 6.5927930 20.7339935 -0.4298324 -0.4413611 -0.0686891 0.7846823
1740548483.386622 -12.6930733 6.6223106 20.7284927 -0.4290995 -0.4382080 -0.0702259 0.7867120
1740548483.491433 -12.7453442 6.6361299 20.7228851 -0.4258327 -0.4340882 -0.0733043 0.7904812
1740548483.590849 -12.7986393 6.6559072 20.7157135 -0.4253848 -0.4299590 -0.0747178 0.7928432
1740548483.693822 -12.8394184 6.6856971 20.7447128 -0.4253775 -0.4286018 -0.0766285 0.7933994
1740548483.796931 -12.8805523 6.7542191 20.7512321 -0.4219386 -0.4274153 -0.0744727 0.7960765
1740548483.895970 -12.9369946 6.8001561 20.7798805 -0.4207833 -0.4271890 -0.0751665 0.7967440
1740548483.998948 -12.9846029 6.8474817 20.8049984 -0.4190387 -0.4259817 -0.0750365 0.7983205
1740548484.098787 -13.0388699 6.9017420 20.8329239 -0.4177079 -0.4258271 -0.0751077 0.7990934
1740548484.210863 -13.0954456 6.9567914 20.8505974 -0.4160135 -0.4249151 -0.0747163 0.8004982
1740548484.308728 -13.1379604 7.0202012 20.8785458 -0.4142608 -0.4244767 -0.0734283 0.8017579
1740548484.406754 -13.1826820 7.0845575 20.9142971 -0.4125569 -0.4247323 -0.0724675 0.8025882
1740548484.610799 -13.2833805 7.1735039 20.9376564 -0.4089349 -0.4213266 -0.0727483 0.8062034
1740548484.814909 -13.3815527 7.2923446 20.9931908 -0.4049470 -0.4208250 -0.0708829 0.8086407
1740548485.018917 -13.4740944 7.4070091 21.0540028 -0.4003407 -0.4203619 -0.0699425 0.8112528
1740548485.225687 -13.5776472 7.5043435 21.1012268 -0.3967959 -0.4187717 -0.0691826 0.8138779
1740548485.433116 -13.6725216 7.6091104 21.1559753 -0.3925335 -0.4178753 -0.0671375 0.8165722
1740548485.625598 -13.7765961 7.7273297 21.2207146 -0.3880840 -0.4192672 -0.0643582 0.8182077
1740548485.743173 -13.8238821 7.7797971 21.2576065 -0.3865761 -0.4198018 -0.0637329 0.8186962
1740548485.944333 -13.9266939 7.8860664 21.3245316 -0.3826706 -0.4212861 -0.0607256 0.8199961
1740548486.140874 -14.0264950 7.9935555 21.3771477 -0.3788023 -0.4221138 -0.0586880 0.8215135
1740548486.246089 -14.0736971 8.0412140 21.4013023 -0.3770648 -0.4221842 -0.0580465 0.8223218
1740548486.447080 -14.2044601 8.1414185 21.4589462 -0.3746136 -0.4233794 -0.0566109 0.8229276
1740548486.644741 -14.3070145 8.2454624 21.5204544 -0.3722511 -0.4248008 -0.0543204 0.8234214
1740548486.748659 -14.3561459 8.2911434 21.5590496 -0.3709586 -0.4257295 -0.0531382 0.8236021
1740548486.847199 -14.4129486 8.3299799 21.5763454 -0.3697469 -0.4249611 -0.0534800 0.8245212
1740548487.054494 -14.5286293 8.4276657 21.6341801 -0.3686496 -0.4254843 -0.0521938 0.8248251
1740548487.152205 -14.5910358 8.4672585 21.6652107 -0.3690439 -0.4256497 -0.0521543 0.8245658
1740548487.359818 -14.7028465 8.5560684 21.7156181 -0.3679002 -0.4245491 -0.0528935 0.8255966
1740548487.464201 -14.7359009 8.6144190 21.7504311 -0.3681681 -0.4248950 -0.0523663 0.8253328
1740548487.563765 -14.7831831 8.6751299 21.7792282 -0.3682324 -0.4249599 -0.0525678 0.8252579
1740548487.777226 -14.8796768 8.7892570 21.8331757 -0.3684846 -0.4241623 -0.0522794 0.8255739
1740548487.874804 -14.9400434 8.8346586 21.8647537 -0.3694416 -0.4242294 -0.0534013 0.8250398
1740548487.990196 -14.9752579 8.8873587 21.8892784 -0.3694892 -0.4232711 -0.0547782 0.8254203
1740548488.088300 -15.0077534 8.9490223 21.9156532 -0.3695202 -0.4228485 -0.0553997 0.8255816
1740548488.194253 -15.0362988 9.0111637 21.9426651 -0.3698373 -0.4222659 -0.0553857 0.8257386
1740548488.290706 -15.1271849 9.0594530 21.9902916 -0.3710515 -0.4240005 -0.0562472 0.8242455
1740548488.390402 -15.1675034 9.0982885 22.0029793 -0.3707931 -0.4227822 -0.0553325 0.8250491
1740548488.495375 -15.2320023 9.1365166 22.0365829 -0.3708836 -0.4230967 -0.0560887 0.8247960
1740548488.594976 -15.2716227 9.1947393 22.0606232 -0.3703412 -0.4229966 -0.0555779 0.8251256
1740548488.702016 -15.3252888 9.2481222 22.0918579 -0.3700609 -0.4237085 -0.0549200 0.8249302
1740548488.805174 -15.3784237 9.3010893 22.1108646 -0.3691129 -0.4234865 -0.0543500 0.8255065
1740548488.904342 -15.4304743 9.3541260 22.1448555 -0.3685626 -0.4244399 -0.0536503 0.8253084
1740548489.009902 -15.4838343 9.4019241 22.1686096 -0.3674461 -0.4249482 -0.0527956 0.8255998
1740548489.108787 -15.5357990 9.4528475 22.1999588 -0.3660891 -0.4256343 -0.0519083 0.8259054
1740548489.216466 -15.5922823 9.4900827 22.2293358 -0.3658935 -0.4258841 -0.0518768 0.8258653
1740548489.317039 -15.6551991 9.5468826 22.2539368 -0.3638421 -0.4258299 -0.0506489 0.8268752
1740548489.425330 -15.7022543 9.5912037 22.2852554 -0.3622435 -0.4267526 -0.0497137 0.8271580
1740548489.527167 -15.7653370 9.6433897 22.3217010 -0.3616004 -0.4274914 -0.0491451 0.8270919
1740548489.626811 -15.8068409 9.6989393 22.3457546 -0.3595795 -0.4273352 -0.0479172 0.8281251
1740548489.743983 -15.8706036 9.7414780 22.3754196 -0.3586738 -0.4268855 -0.0477878 0.8287570
1740548489.951679 -15.9853773 9.8303070 22.4316826 -0.3557684 -0.4259211 -0.0467676 0.8305618
1740548490.055747 -16.0437241 9.8744087 22.4624043 -0.3549768 -0.4253581 -0.0467107 0.8311920
1740548490.260317 -16.1559486 9.9710484 22.5204544 -0.3529652 -0.4226458 -0.0466002 0.8334354
1740548490.466336 -16.2650986 10.0624943 22.5846062 -0.3518346 -0.4186863 -0.0475105 0.8358570
1740548490.567363 -16.3202267 10.1134968 22.6108170 -0.3511354 -0.4163378 -0.0480446 0.8372923
1740548490.675562 -16.3667145 10.1649971 22.6470413 -0.3507369 -0.4142560 -0.0489805 0.8384370
1740548490.877655 -16.4596634 10.2722416 22.7191887 -0.3501999 -0.4083798 -0.0510586 0.8414149
1740548491.095247 -16.5496712 10.3783846 22.7966251 -0.3503912 -0.4023477 -0.0537511 0.8440695
1740548491.306776 -16.6436901 10.4769392 22.8705883 -0.3513039 -0.3959760 -0.0573779 0.8464611
1740548491.516582 -16.7430840 10.5750408 22.9468536 -0.3518584 -0.3889584 -0.0604110 0.8492688
1740548491.727198 -16.8383312 10.6742516 23.0214882 -0.3522313 -0.3821976 -0.0632738 0.8519710
1740548491.938779 -16.9224052 10.7792225 23.1070061 -0.3531020 -0.3763144 -0.0663691 0.8539916
1740548492.141335 -17.0035992 10.8930206 23.1826630 -0.3529643 -0.3700861 -0.0692321 0.8565392
1740548492.349656 -17.0964756 10.9918671 23.2654362 -0.3529431 -0.3645894 -0.0714587 0.8587196
1740548492.559139 -17.1693382 11.1116829 23.3411713 -0.3518399 -0.3588704 -0.0734695 0.8614075
1740548492.763898 -17.2547684 11.2196598 23.4231415 -0.3508199 -0.3537174 -0.0754715 0.8637786
1740548492.975779 -17.3455620 11.3227072 23.5069008 -0.3490975 -0.3484067 -0.0770541 0.8664909
1740548493.292390 -17.4860954 11.4764404 23.6271515 -0.3448835 -0.3395478 -0.0795659 0.8714540
1740548493.820701 -17.6941357 11.7448826 23.8376160 -0.3354369 -0.3194162 -0.0850068 0.8821730
1740548494.131710 -17.8393974 11.8864079 23.9636574 -0.3279008 -0.3028193 -0.0900003 0.8903266
1740548494.556056 -17.9409885 12.0683928 24.2060318 -0.3185160 -0.2742052 -0.0988280 0.9019935
1740548495.073712 -18.0467873 12.3076000 24.5074902 -0.3097213 -0.2311649 -0.1127106 0.9153862
1740548495.816840 -18.1769371 12.6545382 24.9283447 -0.3041729 -0.1637879 -0.1363220 0.9284765
1740548496.360487 -18.2159767 12.8935804 25.2466469 -0.3056357 -0.1144071 -0.1534428 0.9327128
1740548496.674155 -18.1973782 13.0359688 25.4431686 -0.3068626 -0.0840540 -0.1637752 0.9337816
1740548497.007842 -18.1706619 13.1771450 25.6366463 -0.3086090 -0.0547174 -0.1731388 0.9336967
1740548497.322341 -18.1267300 13.3091030 25.8295326 -0.3102535 -0.0268035 -0.1822110 0.9326433
1740548497.644826 -18.0750294 13.4418583 26.0227356 -0.3118905 -0.0012900 -0.1906892 0.9307848
1740548497.988175 -18.0188942 13.5780525 26.2090015 -0.3130803 0.0220643 -0.1982715 0.9285377
1740548498.412199 -17.9358997 13.7519083 26.4612331 -0.3158454 0.0502553 -0.2068126 0.9246322
1740548498.735513 -17.8661880 13.8794613 26.6506119 -0.3183762 0.0691994 -0.2124836 0.9212485
1740548499.052830 -17.7959862 14.0099955 26.8376102 -0.3215342 0.0880278 -0.2175670 0.9173503
1740548499.368167 -17.6961002 14.1322451 27.0146942 -0.3247756 0.1070585 -0.2228967 0.9128945
1740548499.687355 -17.5975132 14.2659292 27.1820793 -0.3281570 0.1264894 -0.2282996 0.9078506
1740548499.996402 -17.4740734 14.3942432 27.3413715 -0.3290550 0.1451408 -0.2335228 0.9033958
1740548500.306222 -17.3438892 14.5202866 27.4996834 -0.3285816 0.1610091 -0.2385752 0.8995510
1740548500.611341 -17.2098274 14.6421967 27.6585236 -0.3247068 0.1737323 -0.2433727 0.8973028
1740548500.915779 -17.0614052 14.7370396 27.8254185 -0.3175959 0.1811688 -0.2471500 0.8973448
1740548501.232380 -16.9305382 14.8276892 28.0055237 -0.3076114 0.1833061 -0.2507650 0.8993837
1740548501.535035 -16.8030090 14.9249601 28.1897888 -0.2950278 0.1779114 -0.2525519 0.9041702
1740548501.838869 -16.6978283 15.0181627 28.3856812 -0.2821761 0.1665137 -0.2526480 0.9103950
1740548502.146373 -16.6221733 15.1140251 28.5957680 -0.2689544 0.1500851 -0.2518792 0.9174393
1740548502.461647 -16.5605392 15.2073002 28.8112240 -0.2569324 0.1289780 -0.2488652 0.9248873
1740548502.765577 -16.5250874 15.3032207 29.0280628 -0.2462344 0.1068298 -0.2451460 0.9315897
1740548503.067303 -16.4887962 15.4034843 29.2480297 -0.2368866 0.0830972 -0.2410443 0.9374846
1740548503.370468 -16.4620743 15.5060310 29.4704208 -0.2292667 0.0605968 -0.2375939 0.9419735
1740548503.676972 -16.4428959 15.6025944 29.7055931 -0.2248586 0.0407924 -0.2327302 0.9453101
1740548503.986320 -16.4341698 15.7026615 29.9213524 -0.2209512 0.0233349 -0.2287841 0.9477836
1740548504.295521 -16.4272728 15.8021526 30.1403885 -0.2186734 0.0092417 -0.2246395 0.9495439
1740548504.597642 -16.4126129 15.8998604 30.3589878 -0.2178706 -0.0027556 -0.2224765 0.9502784
1740548504.900685 -16.4035339 16.0012856 30.5707455 -0.2168482 -0.0121098 -0.2213522 0.9507015
1740548505.213778 -16.3960094 16.1014843 30.7834682 -0.2171049 -0.0181782 -0.2191705 0.9510517
1740548505.519759 -16.3939629 16.2090149 30.9928207 -0.2172419 -0.0211865 -0.2183341 0.9511505
1740548505.826930 -16.3798542 16.3026276 31.2059212 -0.2185501 -0.0218439 -0.2178453 0.9509480
1740548506.131884 -16.3752193 16.4108391 31.4175339 -0.2173784 -0.0198286 -0.2182382 0.9511706
1740548506.343181 -16.3701706 16.4810524 31.5594826 -0.2159570 -0.0163568 -0.2195260 0.9512641
1740548506.546939 -16.3640747 16.5568199 31.6957264 -0.2131025 -0.0113105 -0.2202404 0.9518160
1740548506.752044 -16.3534660 16.6272011 31.8375702 -0.2091626 -0.0055615 -0.2211369 0.9525327
1740548506.966465 -16.3368378 16.6908016 31.9804134 -0.2022388 0.0005972 -0.2234237 0.9535098
1740548507.169628 -16.3253250 16.7577477 32.1265373 -0.1932359 0.0090203 -0.2251736 0.9549217
1740548507.377470 -16.2774887 16.7818336 32.2756195 -0.1822602 0.0171287 -0.2276521 0.9563798
1740548507.586074 -16.2492275 16.8286762 32.4228172 -0.1693913 0.0262381 -0.2294483 0.9581084
1740548507.793202 -16.2209148 16.8833447 32.5696754 -0.1534508 0.0349617 -0.2318413 0.9599376
1740548507.999849 -16.1678982 16.9096470 32.7165031 -0.1343614 0.0425038 -0.2348316 0.9617664
1740548508.219118 -16.1344166 16.9217873 32.8690491 -0.1133100 0.0508900 -0.2371753 0.9634931
1740548508.429850 -16.1107731 16.9216881 33.0279961 -0.0900378 0.0577094 -0.2399060 0.9648876
1740548508.644196 -16.1088448 16.9278107 33.1870499 -0.0656676 0.0648970 -0.2420036 0.9658729
1740548508.864503 -16.0968647 16.9229450 33.3463860 -0.0403833 0.0709102 -0.2448144 0.9661298
1740548509.082601 -16.0713444 16.8949280 33.5011024 -0.0146719 0.0765157 -0.2466600 0.9659653
1740548509.302157 -16.0491028 16.8715878 33.6573296 0.0105776 0.0817610 -0.2485995 0.9650915
1740548509.532697 -16.0311241 16.8272514 33.8042068 0.0353020 0.0867540 -0.2506933 0.9635250
1740548509.854006 -15.9945354 16.6961613 34.0079117 0.0684574 0.0944800 -0.2520620 0.9606518
1740548510.082609 -15.9733486 16.6445618 34.1540833 0.0875439 0.0994410 -0.2531254 0.9583189
1740548510.289597 -15.9419088 16.6051750 34.3042946 0.1046001 0.1032013 -0.2537541 0.9560425
1740548510.599353 -15.9012442 16.5284081 34.5237999 0.1252336 0.1078041 -0.2547801 0.9527759
1740548510.807939 -15.8729620 16.4573174 34.6615448 0.1357335 0.1098762 -0.2552188 0.9509821
1740548511.115654 -15.8265400 16.3630867 34.8743095 0.1478989 0.1095226 -0.2558140 0.9490469
1740548511.418418 -15.7937632 16.2794189 35.0908852 0.1565470 0.1074284 -0.2566887 0.9476619
1740548511.749606 -15.7653036 16.1885529 35.3057365 0.1632859 0.1001738 -0.2584452 0.9468417
1740548512.051362 -15.7517614 16.1027336 35.5217171 0.1681045 0.0907005 -0.2602804 0.9464504
1740548512.464838 -15.7451582 15.9849081 35.8116379 0.1714200 0.0727396 -0.2639308 0.9463956
1740548512.765765 -15.7575569 15.9050980 36.0337029 0.1744782 0.0579845 -0.2659185 0.9462994
1740548513.067702 -15.7687826 15.8257332 36.2589493 0.1750650 0.0412930 -0.2693260 0.9461029
1740548513.367074 -15.7961931 15.7420235 36.4797821 0.1739217 0.0261668 -0.2726583 0.9458985
1740548513.664572 -15.8262987 15.6685543 36.7057610 0.1703156 0.0117414 -0.2755888 0.9459945
1740548513.966134 -15.8724642 15.6012611 36.9297829 0.1643162 0.0018371 -0.2763114 0.9469154
1740548514.166682 -15.8900156 15.5526905 37.0757446 0.1607922 -0.0056783 -0.2783837 0.9468982
1740548514.364812 -15.9158201 15.5077686 37.2249031 0.1556671 -0.0094020 -0.2795105 0.9473929
1740548514.567631 -15.9484425 15.4347668 37.3270454 0.1461032 -0.0120105 -0.2793695 0.9489269
1740548514.767372 -16.0101566 15.4111633 37.3885193 0.1407100 -0.0125635 -0.2710358 0.9521462
1740548514.867477 -16.0272827 15.3725538 37.4078369 0.1348571 -0.0133295 -0.2686017 0.9536713
1740548515.167539 -16.0865002 15.3120480 37.4864311 0.1242567 -0.0102515 -0.2609484 0.9572675
1740548515.267208 -16.1091747 15.2910929 37.4982605 0.1176075 -0.0088153 -0.2607880 0.9581651
1740548515.367806 -16.1566010 15.2824039 37.5226059 0.1119232 -0.0043715 -0.2559670 0.9601744
1740548515.571875 -16.1916256 15.2518396 37.5958824 0.1034981 -0.0022414 -0.2471905 0.9634210
1740548515.777887 -16.2382488 15.2095165 37.6660690 0.0912174 0.0039548 -0.2441291 0.9654350
1740548515.872979 -16.2550144 15.2052898 37.7082138 0.0863998 0.0062715 -0.2414489 0.9665393
1740548515.986884 -16.2513084 15.1858606 37.7364693 0.0823075 0.0060115 -0.2391351 0.9674729
1740548516.081475 -16.2604542 15.1739855 37.7595444 0.0760414 0.0071943 -0.2389455 0.9680243
1740548516.178952 -16.2681713 15.1438990 37.7784157 0.0690203 0.0089288 -0.2390205 0.9685172
1740548516.284629 -16.2643681 15.1477041 37.7942696 0.0673280 0.0075705 -0.2394877 0.9685326
1740548516.381681 -16.2828331 15.1426849 37.8185234 0.0613540 0.0101035 -0.2378657 0.9693057
1740548516.489424 -16.2923164 15.1340904 37.8442497 0.0557343 0.0130803 -0.2351366 0.9702749
1740548516.583549 -16.3035965 15.1334066 37.8643227 0.0515044 0.0163332 -0.2320353 0.9712055
1740548516.682921 -16.3357067 15.1002684 37.8851204 0.0435062 0.0192524 -0.2309673 0.9717976
1740548516.783319 -16.3480911 15.1091528 37.9097481 0.0397089 0.0208946 -0.2290742 0.9723742
1740548516.880539 -16.3681812 15.1055212 37.9197426 0.0363955 0.0220688 -0.2195696 0.9746679
1740548516.980849 -16.3767548 15.0987015 37.9302483 0.0330792 0.0234968 -0.2192908 0.9748155
1740548517.079351 -16.4022427 15.1455650 37.9459648 0.0351369 0.0299803 -0.2102881 0.9765478
1740548517.173847 -16.4424324 15.1609993 37.9705353 0.0337249 0.0336140 -0.2029056 0.9780399
1740548517.277823 -16.4406719 15.1565943 37.9641991 0.0296893 0.0336226 -0.1991365 0.9789447
1740548517.373499 -16.4687080 15.1905479 37.9570732 0.0312630 0.0388577 -0.1892680 0.9806581
1740548517.470833 -16.5033588 15.1983795 37.9745407 0.0275514 0.0426261 -0.1854624 0.9813397
1740548517.575097 -16.4829731 15.2090836 37.9746284 0.0260688 0.0415286 -0.1841046 0.9816829
1740548517.673811 -16.4813156 15.2032700 37.9634590 0.0254065 0.0392360 -0.1828196 0.9820346
1740548517.774984 -16.4763641 15.2357817 37.9363594 0.0251624 0.0369399 -0.1762314 0.9833335
1740548517.873312 -16.4985466 15.2371912 37.9568253 0.0234196 0.0384348 -0.1708556 0.9842676
1740548517.970951 -16.5184860 15.2578058 37.9702034 0.0226183 0.0418297 -0.1650930 0.9851310
1740548518.077091 -16.5649853 15.2612772 37.9785156 0.0170021 0.0469810 -0.1577924 0.9862075
1740548518.174051 -16.5689449 15.2881117 37.9889641 0.0175540 0.0463176 -0.1523040 0.9870917
1740548518.278097 -16.6052437 15.2953749 37.9773293 0.0170262 0.0532086 -0.1458178 0.9877328
1740548518.376509 -16.6079006 15.2348680 37.9671173 0.0042831 0.0534800 -0.1438663 0.9881417
1740548518.477620 -16.5991287 15.2628555 37.9626427 0.0083243 0.0492819 -0.1401538 0.9888675
1740548518.578603 -16.6207428 15.2680979 37.9541969 0.0077836 0.0543796 -0.1402366 0.9885929
1740548518.674707 -16.6335659 15.2922602 37.9263535 0.0106201 0.0576107 -0.1328662 0.9894012
1740548518.783267 -16.6449928 15.3353901 37.9517136 0.0139364 0.0580210 -0.1220747 0.9907256
1740548518.878700 -16.6682835 15.3409386 37.9726143 0.0088527 0.0611872 -0.1244798 0.9902942
1740548518.976840 -16.6595974 15.3426304 37.9542427 0.0090821 0.0610989 -0.1192770 0.9909377
1740548519.078561 -16.6714134 15.3595104 37.9614143 0.0087461 0.0639572 -0.1226865 0.9903439
1740548519.174273 -16.6849480 15.4177914 37.9633522 0.0153243 0.0679944 -0.1153435 0.9908773
1740548519.280544 -16.6964855 15.4181299 37.9771004 0.0145104 0.0713720 -0.1170297 0.9904542
1740548519.375656 -16.7053947 15.4502020 37.9655037 0.0158798 0.0711439 -0.1140999 0.9907914
1740548519.480700 -16.6956520 15.4836330 37.9801559 0.0192120 0.0712182 -0.1122693 0.9909362
1740548519.579921 -16.6905899 15.4983444 37.9740562 0.0212778 0.0732188 -0.1098665 0.9910175
1740548519.675472 -16.7037926 15.5098934 38.0011864 0.0213962 0.0750122 -0.1093460 0.9909384
1740548519.781383 -16.7195282 15.5191383 38.0107918 0.0236782 0.0775454 -0.1063944 0.9910128
1740548519.877217 -16.7197075 15.5391006 38.0187531 0.0254734 0.0789155 -0.1026612 0.9912539
1740548519.979974 -16.7333870 15.5430660 38.0378380 0.0259853 0.0823220 -0.1045588 0.9907650
1740548520.085654 -16.7418232 15.5626984 38.0492859 0.0284095 0.0854874 -0.1029481 0.9905991
1740548520.184151 -16.7435818 15.5892191 38.0516396 0.0313510 0.0859323 -0.1009307 0.9906794
1740548520.285683 -16.7612724 15.5697212 38.0543098 0.0286404 0.0877299 -0.1051360 0.9901665
1740548520.385295 -16.7588940 15.6025000 38.0571442 0.0352475 0.0882011 -0.1043673 0.9899928
1740548520.495889 -16.7815418 15.5728321 38.0727882 0.0290821 0.0901550 -0.1087504 0.9895452
1740548520.595769 -16.7963009 15.5832901 38.0760880 0.0321597 0.0922927 -0.1091243 0.9892117
1740548520.695584 -16.8114166 15.5975246 38.0895920 0.0341679 0.0948416 -0.1076635 0.9890633
1740548520.804593 -16.8320351 15.6331654 38.0958900 0.0408809 0.0971218 -0.1066187 0.9887004
1740548520.905556 -16.8414268 15.6023655 38.1002617 0.0368730 0.0971948 -0.1078551 0.9887168
1740548521.012964 -16.8551216 15.6214771 38.1169090 0.0409900 0.0998262 -0.1047331 0.9886281
1740548521.115516 -16.8547344 15.6184187 38.1210060 0.0405412 0.0998879 -0.1059652 0.9885091
1740548521.217483 -16.8608131 15.6206322 38.1300774 0.0414962 0.0998408 -0.1041527 0.9886668
1740548521.331372 -16.8923569 15.6311197 38.1441574 0.0442864 0.1031088 -0.1038886 0.9882380
1740548521.432522 -16.8951740 15.6471491 38.1519012 0.0474283 0.1030078 -0.1018107 0.9883191
1740548521.534711 -16.9331894 15.6430445 38.1810722 0.0464427 0.1082961 -0.1013125 0.9878516
1740548521.635899 -16.9605713 15.6339407 38.1988831 0.0456891 0.1118467 -0.0995696 0.9876684
1740548521.747694 -16.9683399 15.6434603 38.2074814 0.0473289 0.1126818 -0.1012201 0.9873284
1740548521.848456 -16.9813404 15.6531591 38.2145004 0.0490158 0.1137658 -0.1032878 0.9869075
1740548521.953696 -17.0196800 15.6570969 38.2241592 0.0491318 0.1198604 -0.1031438 0.9861952
1740548522.065601 -17.0442543 15.6474628 38.2428932 0.0470292 0.1231256 -0.1056854 0.9856262
1740548522.163573 -17.0529385 15.6305122 38.2563553 0.0459004 0.1235778 -0.1047553 0.9857221
1740548522.270586 -17.0762119 15.6354761 38.2736588 0.0465134 0.1275444 -0.1041763 0.9852493
1740548522.366925 -17.0925808 15.6301088 38.2875404 0.0449356 0.1307864 -0.1038063 0.9849365
1740548522.469390 -17.1145859 15.6395245 38.3090401 0.0462727 0.1349232 -0.1020847 0.9844965
1740548522.574361 -17.1367702 15.6368828 38.3306847 0.0459080 0.1386434 -0.1023354 0.9839705
1740548522.676840 -17.1666107 15.6209650 38.3557281 0.0440784 0.1431661 -0.1001474 0.9836316
1740548522.785160 -17.2052898 15.6170883 38.3856277 0.0435534 0.1499779 -0.0994732 0.9827079
1740548522.884072 -17.2339382 15.5921850 38.4071884 0.0395250 0.1544912 -0.1000709 0.9821181
1740548522.987328 -17.2694244 15.5615215 38.4326210 0.0354870 0.1594703 -0.0990990 0.9815749
1740548523.091112 -17.3090401 15.5545359 38.4641914 0.0355809 0.1662275 -0.0992646 0.9804330
1740548523.191951 -17.3246441 15.5465393 38.4789543 0.0336622 0.1692821 -0.0999904 0.9799043
1740548523.299209 -17.3453331 15.5494595 38.5075188 0.0349458 0.1730670 -0.0958369 0.9796132
1740548523.398053 -17.3735447 15.5389891 38.5331039 0.0334262 0.1792005 -0.0955683 0.9785891
1740548523.504004 -17.3955994 15.5164976 38.5501862 0.0296876 0.1847469 -0.0963281 0.9776033
1740548523.608694 -17.4107971 15.4995260 38.5668678 0.0277056 0.1879465 -0.0947548 0.9772052
1740548523.712156 -17.4284115 15.4652691 38.5992241 0.0240088 0.1926811 -0.0953854 0.9763193
1740548523.817965 -17.4384594 15.4416523 38.6229820 0.0223776 0.1952377 -0.0927814 0.9761010
1740548523.918935 -17.4422092 15.3768234 38.6332169 0.0133682 0.1970645 -0.0934350 0.9758365
1740548524.026751 -17.4427567 15.3439894 38.6460228 0.0089943 0.1988197 -0.0943692 0.9754406
1740548524.134571 -17.4589348 15.3212852 38.6743927 0.0072379 0.2034951 -0.0945887 0.9744692
1740548524.237843 -17.4907284 15.2974710 38.6965179 0.0027672 0.2110617 -0.0943183 0.9729077
1740548524.345364 -17.5198822 15.2874117 38.7279892 0.0031253 0.2182014 -0.0935241 0.9714071
1740548524.451840 -17.5404434 15.2716064 38.7528496 0.0014983 0.2239981 -0.0925078 0.9701881
1740548524.556973 -17.5207062 15.2274275 38.7561646 -0.0058624 0.2220060 -0.0928428 0.9705973
1740548524.660325 -17.5210381 15.2023506 38.7821922 -0.0092561 0.2230183 -0.0920033 0.9704188
1740548524.769280 -17.5392036 15.1697598 38.8014374 -0.0154056 0.2278648 -0.0919347 0.9692205
1740548524.871858 -17.5684624 15.1666832 38.8284836 -0.0166050 0.2359155 -0.0892610 0.9675229
1740548524.975640 -17.5896683 15.1637344 38.8530083 -0.0179642 0.2415932 -0.0862424 0.9663707
1740548525.085164 -17.6078892 15.1624403 38.8690300 -0.0178517 0.2476692 -0.0844459 0.9649923
1740548525.184832 -17.6395302 15.1491957 38.8973923 -0.0219021 0.2561555 -0.0820883 0.9628947
1740548525.297199 -17.6600399 15.1137247 38.9220161 -0.0297485 0.2613347 -0.0801013 0.9614588
1740548525.401952 -17.6807613 15.0998363 38.9464836 -0.0331422 0.2674367 -0.0766302 0.9599516
1740548525.513943 -17.7014847 15.0711203 38.9691925 -0.0392282 0.2733075 -0.0737774 0.9582907
1740548525.619241 -17.7001343 15.0304146 38.9771042 -0.0487096 0.2749892 -0.0715009 0.9575468
1740548525.718899 -17.7126656 14.9982738 38.9990311 -0.0564355 0.2804430 -0.0718021 0.9555162
1740548525.828161 -17.7269039 14.9877815 39.0128174 -0.0616978 0.2843398 -0.0725253 0.9539834
1740548525.933681 -17.7298107 14.9735012 39.0327148 -0.0658386 0.2877312 -0.0702940 0.9528562
1740548526.047587 -17.7661572 14.9179821 39.0624733 -0.0791240 0.2965578 -0.0697633 0.9491712
1740548526.151384 -17.7761421 14.8680143 39.0601501 -0.0901528 0.2995172 -0.0689514 0.9473161
1740548526.263877 -17.8066673 14.8518715 39.0745583 -0.0963350 0.3070663 -0.0659749 0.9444984
1740548526.370053 -17.8122578 14.8455496 39.1126137 -0.0961116 0.3113011 -0.0627245 0.9433557
1740548526.471946 -17.8153496 14.8288746 39.1519051 -0.1006278 0.3146752 -0.0654478 0.9415786
1740548526.581452 -17.7744350 14.8109970 39.1802330 -0.1048053 0.3131047 -0.0634452 0.9417834
1740548526.686897 -17.7692165 14.8221798 39.2632446 -0.1072325 0.3208249 -0.0666797 0.9386834
1740548526.804048 -17.7205143 14.8187275 39.3554764 -0.1118102 0.3267560 -0.0629250 0.9363597
1740548527.016228 -17.6530609 14.8747826 39.5059242 -0.1136760 0.3380347 -0.0690639 0.9316869
1740548527.220773 -17.5177116 14.8633308 39.6150131 -0.1198180 0.3387066 -0.0631926 0.9310898
1740548527.435890 -17.4160576 14.8603230 39.7356300 -0.1261104 0.3422525 -0.0603942 0.9291458
1740548527.648970 -17.3093967 14.8049660 39.8701515 -0.1405734 0.3448409 -0.0567367 0.9263394
1740548527.864911 -17.2164383 14.7674723 40.0173912 -0.1522744 0.3511824 -0.0524190 0.9223533
1740548528.079763 -17.1244087 14.7582035 40.1642075 -0.1601253 0.3582270 -0.0499207 0.9184450
1740548528.301837 -16.9983902 14.7603455 40.2764015 -0.1624834 0.3572161 -0.0496273 0.9184405
1740548528.531656 -16.8849964 14.7469120 40.4141731 -0.1690914 0.3620159 -0.0463939 0.9155327
1740548528.733660 -16.7595596 14.7397919 40.5403137 -0.1740626 0.3646798 -0.0392388 0.9138770
1740548528.940747 -16.6318665 14.7439594 40.6638222 -0.1789232 0.3668491 -0.0347031 0.9122522
1740548529.050533 -16.5856476 14.6896391 40.7446442 -0.1818580 0.3677545 -0.0348319 0.9113019
