1740547378.978799 0.0000000 0.0000000 0.0000000 -0.0000000 -0.0000000 -0.0000000 1.0000000
1740547379.653344 -0.0077261 -0.0126187 0.0862337 -0.0006099 0.0001022 -0.0001019 0.9999998
1740547379.819474 -0.0097700 -0.0240628 0.1770441 -0.0009833 -0.0000085 -0.0004551 0.9999994
1740547380.003138 -0.0132287 -0.0235622 0.2647910 -0.0001215 0.0001443 -0.0004320 0.9999999
1740547380.152941 -0.0160196 -0.0327058 0.3562764 0.0005568 0.0003686 -0.0001745 0.9999998
1740547380.252604 -0.0126188 -0.0460405 0.4415697 0.0011118 -0.0001557 -0.0001531 0.9999994
1740547380.353549 -0.0077346 -0.0464348 0.5332404 0.0029591 -0.0002221 -0.0003943 0.9999955
1740547380.454416 -0.0067811 -0.0528258 0.6237502 0.0045726 -0.0002458 -0.0003153 0.9999895
1740547380.555895 -0.0206625 -0.0614316 0.7114046 0.0063629 0.0003247 -0.0001935 0.9999797
1740547380.664940 -0.0179722 -0.0630374 0.8022252 0.0081958 -0.0001207 -0.0001399 0.9999664
1740547380.768106 -0.0200204 -0.0659851 0.8921420 0.0105250 -0.0003530 -0.0002184 0.9999446
1740547380.875040 -0.0286805 -0.0729346 0.9781702 0.0123636 -0.0005701 -0.0002451 0.9999234
1740547380.978255 -0.0336669 -0.0697347 1.0719590 0.0149549 -0.0007143 -0.0000352 0.9998879
1740547381.087908 -0.0173770 -0.0592919 1.1604356 0.0183396 -0.0018840 -0.0002751 0.9998300
1740547381.192124 -0.0073886 -0.0647682 1.2492607 0.0209252 -0.0030220 -0.0003500 0.9997764
1740547381.298306 -0.0160081 -0.0721765 1.3356987 0.0242063 -0.0029805 -0.0003062 0.9997025
1740547381.403500 -0.0179234 -0.0878016 1.4256294 0.0269658 -0.0038090 -0.0001876 0.9996291
1740547381.505542 -0.0368053 -0.1162249 1.5154017 0.0293005 -0.0039218 -0.0000501 0.9995630
1740547381.616841 -0.0458319 -0.1259616 1.6073490 0.0326420 -0.0047078 -0.0003132 0.9994560
1740547381.722513 -0.0500138 -0.1408785 1.6998725 0.0355057 -0.0057388 -0.0002161 0.9993530
1740547381.835389 -0.0672112 -0.1614170 1.7872124 0.0375781 -0.0065302 0.0004367 0.9992723
1740547381.936831 -0.0790965 -0.1703379 1.8846076 0.0416453 -0.0061254 -0.0001171 0.9991137
1740547382.036687 -0.0908079 -0.1973568 1.9667124 0.0431738 -0.0071274 -0.0006168 0.9990420
1740547382.145240 -0.0746403 -0.2034884 2.0562687 0.0462029 -0.0094780 -0.0007682 0.9988868
1740547382.243159 -0.0830802 -0.2312836 2.1457684 0.0479588 -0.0106778 -0.0003034 0.9987922
1740547382.347928 -0.0779633 -0.2441583 2.2350214 0.0499710 -0.0117776 -0.0007386 0.9986809
1740547382.455132 -0.0867994 -0.2654845 2.3316681 0.0521680 -0.0125403 -0.0009219 0.9985592
1740547382.556770 -0.0990047 -0.2930434 2.4274118 0.0536801 -0.0128117 -0.0007420 0.9984757
1740547382.660564 -0.0973770 -0.3067899 2.5217555 0.0542487 -0.0140686 -0.0005465 0.9984282
1740547382.762062 -0.1132626 -0.3308120 2.6104882 0.0558020 -0.0139523 -0.0007361 0.9983441
1740547382.870506 -0.1236618 -0.3506638 2.7035539 0.0568618 -0.0143529 -0.0009213 0.9982785
1740547382.973362 -0.1421679 -0.3560897 2.7997448 0.0580786 -0.0140211 -0.0008785 0.9982132
1740547383.086046 -0.1581263 -0.3838213 2.8896723 0.0572110 -0.0139109 -0.0006160 0.9982650
1740547383.188151 -0.1762122 -0.4070129 2.9755661 0.0576219 -0.0134767 -0.0001607 0.9982475
1740547383.288363 -0.1888974 -0.4485877 3.0621116 0.0562605 -0.0128782 -0.0012999 0.9983323
1740547383.399404 -0.1984898 -0.4739723 3.1359732 0.0534500 -0.0114904 -0.0018501 0.9985027
1740547383.502760 -0.2084509 -0.5106327 3.2122374 0.0515657 -0.0103214 -0.0026535 0.9986128
1740547383.613877 -0.2366197 -0.5242996 3.2865155 0.0500497 -0.0076873 -0.0016547 0.9987158
1740547383.716930 -0.2639669 -0.5354008 3.3553712 0.0480557 -0.0044924 -0.0004099 0.9988345
1740547383.815710 -0.2824782 -0.5764892 3.4388258 0.0452252 -0.0034108 -0.0013050 0.9989702
1740547383.921259 -0.3079897 -0.6099165 3.5201368 0.0424587 -0.0009528 -0.0027139 0.9990941
1740547384.019009 -0.3285950 -0.6169131 3.6048141 0.0393759 0.0003248 -0.0016474 0.9992231
1740547384.120698 -0.3472181 -0.6250544 3.6870048 0.0364972 0.0024418 -0.0021832 0.9993284
1740547384.220362 -0.3753628 -0.6529942 3.7695673 0.0336090 0.0053255 -0.0028111 0.9994169
1740547384.321524 -0.4015547 -0.6736921 3.8423636 0.0298793 0.0087370 -0.0031676 0.9995103
1740547384.422472 -0.4248204 -0.6806951 3.8832119 0.0259808 0.0150395 -0.0026869 0.9995457
1740547384.526324 -0.4460463 -0.6832005 3.9651020 0.0230565 0.0180461 -0.0022715 0.9995687
1740547384.632420 -0.4660524 -0.6870013 4.0259881 0.0239555 0.0212811 -0.0039963 0.9994785
1740547384.732547 -0.4654312 -0.6912032 4.0394216 0.0214032 0.0219039 -0.0036591 0.9995243
1740547384.840899 -0.4756257 -0.7009973 4.0843725 0.0197110 0.0253670 -0.0049871 0.9994714
1740547384.939894 -0.4762977 -0.6954530 4.1188374 0.0194714 0.0240183 -0.0035249 0.9995157
1740547385.036326 -0.4854638 -0.6939443 4.1508484 0.0167862 0.0267388 -0.0040998 0.9994931
1740547385.137754 -0.4815966 -0.7073714 4.1836119 0.0140979 0.0264031 -0.0035894 0.9995455
1740547385.237897 -0.4961228 -0.7097367 4.2257600 0.0121274 0.0282445 -0.0032398 0.9995222
1740547385.342963 -0.5157530 -0.7083609 4.2793665 0.0111510 0.0336208 -0.0039413 0.9993647
1740547385.441604 -0.5166467 -0.7181445 4.3025713 0.0094937 0.0344342 -0.0059017 0.9993445
1740547385.538706 -0.5095959 -0.7151413 4.3078012 0.0086011 0.0336039 -0.0049170 0.9993861
1740547385.640438 -0.5100396 -0.7436935 4.3532767 0.0040820 0.0336157 -0.0040595 0.9994183
1740547385.738038 -0.5150942 -0.7509682 4.4025221 0.0029476 0.0369553 -0.0035253 0.9993064
1740547385.845775 -0.5305319 -0.7460728 4.4723282 0.0027661 0.0406922 -0.0037573 0.9991608
1740547385.942472 -0.5442218 -0.7761163 4.5479836 -0.0004132 0.0414149 -0.0028869 0.9991378
1740547386.040737 -0.4957961 -0.7811503 4.5828075 -0.0002266 0.0372124 -0.0037524 0.9993003
1740547386.144540 -0.4615435 -0.7896976 4.6432376 -0.0005757 0.0353078 -0.0020659 0.9993742
1740547386.242378 -0.4426768 -0.8004639 4.7067184 -0.0017370 0.0343316 -0.0019329 0.9994071
1740547386.347404 -0.4354612 -0.8035270 4.7873883 -0.0018704 0.0360840 -0.0021940 0.9993446
1740547386.446685 -0.4585666 -0.8167728 4.8649144 -0.0027774 0.0395242 -0.0020661 0.9992126
1740547386.546729 -0.4786902 -0.7902141 4.9438348 -0.0002399 0.0417818 -0.0024273 0.9991238
1740547386.656613 -0.4953162 -0.7758586 5.0062394 0.0015719 0.0448787 -0.0029893 0.9989868
1740547386.754446 -0.4768582 -0.8022455 5.0619106 -0.0004022 0.0429330 -0.0030271 0.9990733
1740547386.858149 -0.4492189 -0.7863143 5.0701442 0.0017450 0.0395871 -0.0036517 0.9992079
1740547386.960338 -0.4263273 -0.8138722 5.0819016 -0.0020110 0.0374629 -0.0035206 0.9992898
1740547387.060607 -0.3830670 -0.8042044 5.1363268 -0.0008326 0.0350964 -0.0045161 0.9993734
1740547387.164732 -0.3709682 -0.8086869 5.2087235 -0.0001199 0.0367352 -0.0051331 0.9993119
1740547387.264117 -0.3961539 -0.7927231 5.2804136 0.0023298 0.0403493 -0.0045600 0.9991726
1740547387.371790 -0.3656054 -0.8033853 5.3712463 0.0010706 0.0394904 -0.0045733 0.9992089
1740547387.470985 -0.3366620 -0.8138039 5.4231448 0.0009727 0.0370445 -0.0040437 0.9993050
1740547387.570285 -0.3091497 -0.8449304 5.4889851 -0.0021769 0.0351448 -0.0029145 0.9993756
1740547387.676393 -0.2667096 -0.8384293 5.5561733 -0.0023878 0.0342233 -0.0043972 0.9994017
1740547387.777900 -0.2324688 -0.8310573 5.6047678 -0.0030073 0.0326350 -0.0040850 0.9994544
1740547387.888898 -0.2140050 -0.8428647 5.6548634 -0.0035217 0.0317731 -0.0038080 0.9994817
1740547387.993210 -0.2227348 -0.8483383 5.7221088 -0.0038368 0.0351653 -0.0049213 0.9993621
1740547388.107845 -0.2456963 -0.8558080 5.7916484 -0.0045759 0.0398475 -0.0051533 0.9991820
1740547388.208822 -0.2624831 -0.8370799 5.8708720 -0.0040966 0.0427143 -0.0053281 0.9990647
1740547388.310517 -0.2592565 -0.8613337 5.9182415 -0.0076536 0.0431312 -0.0054454 0.9990253
1740547388.420701 -0.2424126 -0.8654080 5.9577656 -0.0105735 0.0411420 -0.0052608 0.9990835
1740547388.522552 -0.2046817 -0.8691740 5.9963326 -0.0135943 0.0365943 -0.0059095 0.9992203
1740547388.641423 -0.1687652 -0.8600056 6.0352254 -0.0143798 0.0324907 -0.0050942 0.9993556
1740547388.741643 -0.1301140 -0.8705826 6.0681038 -0.0181413 0.0273918 -0.0051787 0.9994467
1740547388.858275 -0.1038945 -0.8762077 6.1062617 -0.0201895 0.0218632 -0.0044950 0.9995470
1740547388.958688 -0.0730834 -0.8887968 6.1302814 -0.0245604 0.0156004 -0.0057989 0.9995598
1740547389.060776 -0.0482484 -0.8905015 6.1526575 -0.0264313 0.0092755 -0.0052845 0.9995937
1740547389.173989 -0.0225454 -0.9033210 6.1756206 -0.0299757 0.0026994 -0.0038579 0.9995396
1740547389.275050 -0.0045928 -0.9038169 6.1913571 -0.0320054 -0.0016768 -0.0048211 0.9994746
1740547389.391308 0.0145640 -0.8976253 6.2144914 -0.0318009 -0.0058827 -0.0024186 0.9994740
1740547389.492245 0.0341144 -0.9072330 6.2387505 -0.0363203 -0.0131184 -0.0025360 0.9992509
1740547389.609754 0.0726447 -0.9234509 6.2595496 -0.0403773 -0.0213730 -0.0023573 0.9989531
1740547389.710595 0.1060974 -0.9293333 6.2818217 -0.0420387 -0.0294922 -0.0023772 0.9986778
1740547389.812811 0.1493074 -0.9351730 6.2991266 -0.0447585 -0.0385236 -0.0028414 0.9982508
1740547389.922342 0.1857063 -0.9442426 6.3165898 -0.0473025 -0.0476563 -0.0027944 0.9977393
1740547390.025837 0.2000287 -0.9497937 6.3448577 -0.0488267 -0.0532813 -0.0049218 0.9973730
1740547390.139947 0.2243792 -0.9737113 6.3642702 -0.0541937 -0.0608198 -0.0056167 0.9966606
1740547390.243846 0.2541625 -0.9868872 6.3605680 -0.0568667 -0.0709627 -0.0063478 0.9958364
1740547390.363661 0.2794437 -0.9830908 6.3815169 -0.0551904 -0.0787280 -0.0053193 0.9953530
1740547390.464499 0.3046734 -0.9981688 6.4100823 -0.0584809 -0.0865187 -0.0059787 0.9945143
1740547390.568513 0.3291023 -1.0076712 6.4524236 -0.0601739 -0.0941349 -0.0057116 0.9937229
1740547390.682861 0.3582885 -1.0179265 6.4643121 -0.0624162 -0.1033327 -0.0062206 0.9926671
1740547390.790294 0.3786786 -1.0070051 6.4785371 -0.0596707 -0.1121758 -0.0066152 0.9918731
1740547390.898393 0.4064238 -0.9969065 6.5064831 -0.0570229 -0.1201792 -0.0062578 0.9910935
1740547391.004346 0.4329239 -1.0034871 6.5243592 -0.0579051 -0.1290713 -0.0062781 0.9899234
1740547391.112812 0.4573627 -1.0058476 6.5410089 -0.0594729 -0.1381598 -0.0077945 0.9885920
1740547391.219760 0.4763393 -0.9969363 6.5798264 -0.0610882 -0.1458806 -0.0090611 0.9873728
1740547391.322225 0.5026447 -0.9990043 6.5923610 -0.0611062 -0.1549298 -0.0088897 0.9859939
1740547391.429819 0.5221030 -0.9942366 6.6147375 -0.0596604 -0.1631142 -0.0083154 0.9847666
1740547391.535160 0.5388190 -0.9718914 6.6231613 -0.0519515 -0.1679399 -0.0063455 0.9844069
1740547391.646950 0.5605917 -0.9577140 6.6484365 -0.0498582 -0.1752378 -0.0060268 0.9832444
1740547391.754282 0.5816736 -0.9538827 6.6719508 -0.0489544 -0.1826427 -0.0060907 0.9819409
1740547391.860476 0.6044613 -0.9554189 6.6916161 -0.0496757 -0.1901430 -0.0070076 0.9804738
1740547391.963462 0.6233941 -0.9579594 6.7041116 -0.0523558 -0.1983868 -0.0090249 0.9786828
1740547392.064774 0.6488659 -0.9626676 6.6995726 -0.0541833 -0.2071008 -0.0102736 0.9767640
1740547392.172192 0.6687784 -0.9534004 6.7118196 -0.0512046 -0.2120617 -0.0092145 0.9758704
1740547392.275322 0.6855694 -0.9431512 6.7268610 -0.0486936 -0.2168882 -0.0081544 0.9749472
1740547392.384525 0.7109768 -0.9364721 6.7390704 -0.0497741 -0.2230801 -0.0095053 0.9734821
1740547392.489654 0.7247207 -0.9408184 6.7405038 -0.0532712 -0.2284883 -0.0100086 0.9720366
1740547392.595661 0.7368207 -0.9400892 6.7507286 -0.0597787 -0.2339826 -0.0146118 0.9702913
1740547392.711943 0.7479122 -0.9431143 6.7593117 -0.0628534 -0.2353707 -0.0157144 0.9697439
1740547392.815136 0.7575772 -0.9463928 6.7710481 -0.0691530 -0.2376311 -0.0176261 0.9687304
1740547392.924969 0.7567174 -0.9503876 6.7812262 -0.0734197 -0.2360268 -0.0177147 0.9688070
1740547393.027717 0.7453638 -0.9528658 6.7921281 -0.0768030 -0.2276575 -0.0187833 0.9705259
1740547393.140782 0.7214837 -0.9515148 6.8261757 -0.0799108 -0.2196264 -0.0209904 0.9720792
1740547393.243951 0.6991484 -0.9485960 6.8693724 -0.0835717 -0.2123384 -0.0227782 0.9733496
1740547393.364990 0.6787761 -0.9443310 6.9112287 -0.0894648 -0.2050430 -0.0252814 0.9743276
1740547393.464903 0.6571743 -0.9417262 6.9586773 -0.0944040 -0.1969563 -0.0269983 0.9754831
1740547393.568835 0.6418374 -0.9407474 7.0040503 -0.1002739 -0.1883586 -0.0283160 0.9765574
1740547393.677376 0.6244678 -0.9460343 7.0522590 -0.1070704 -0.1803989 -0.0305082 0.9772725
1740547393.779922 0.6004082 -0.9535482 7.1007047 -0.1136355 -0.1709568 -0.0328105 0.9781535
1740547393.891907 0.5871630 -0.9533551 7.1323166 -0.1194044 -0.1648846 -0.0353124 0.9784216
1740547393.995646 0.5858147 -0.9694296 7.1624241 -0.1276058 -0.1607505 -0.0351526 0.9780800
1740547394.115988 0.6200895 -0.9596715 7.1862359 -0.1307686 -0.1580204 -0.0350413 0.9781111
1740547394.217541 0.5884471 -0.9279770 7.2245288 -0.1306472 -0.1501150 -0.0370744 0.9792969
1740547394.323164 0.5720734 -0.9225240 7.2732048 -0.1369286 -0.1427388 -0.0375085 0.9795251
1740547394.429152 0.5228170 -0.9171007 7.2806387 -0.1401206 -0.1279114 -0.0413346 0.9809670
1740547394.533722 0.4869211 -0.9158359 7.2852898 -0.1422278 -0.1132764 -0.0445130 0.9823229
1740547394.645229 0.4876975 -0.8883836 7.2865596 -0.1411795 -0.1003245 -0.0468702 0.9837716
1740547394.756168 0.4698867 -0.8730435 7.2949023 -0.1419089 -0.0859246 -0.0501199 0.9848689
1740547394.862907 0.4717748 -0.8636252 7.3002529 -0.1428853 -0.0797801 -0.0502991 0.9852355
1740547394.974701 0.5167449 -0.8121971 7.3231220 -0.1444614 -0.0766362 -0.0527764 0.9851256
1740547395.075824 0.5191026 -0.7543719 7.3807826 -0.1447248 -0.0687091 -0.0538677 0.9856126
1740547395.185039 0.5427876 -0.7015268 7.4610705 -0.1475228 -0.0624541 -0.0558720 0.9855024
1740547395.289853 0.5649678 -0.6462028 7.5424771 -0.1511214 -0.0569554 -0.0578865 0.9851739
1740547395.398948 0.5927107 -0.6165900 7.6323309 -0.1555667 -0.0510029 -0.0574226 0.9848352
1740547395.504502 0.5832375 -0.5752868 7.7237134 -0.1596379 -0.0450234 -0.0584428 0.9844151
1740547395.612015 0.5782561 -0.5381941 7.8161540 -0.1643609 -0.0395951 -0.0593982 0.9838138
1740547395.718321 0.5680135 -0.5023683 7.9103236 -0.1685213 -0.0343412 -0.0606109 0.9832333
1740547395.823120 0.5632813 -0.4707365 8.0019026 -0.1723103 -0.0297080 -0.0614895 0.9826728
1740547395.929246 0.5606230 -0.4225839 8.0916080 -0.1756699 -0.0255430 -0.0621931 0.9821506
1740547396.031544 0.5575262 -0.3759237 8.1788673 -0.1773515 -0.0223902 -0.0632000 0.9818609
1740547396.141758 0.5514611 -0.3624238 8.2851858 -0.1831844 -0.0172184 -0.0644879 0.9808100
1740547396.244805 0.5473086 -0.3189252 8.3799639 -0.1871998 -0.0136953 -0.0647366 0.9800907
1740547396.366749 0.5428823 -0.2700377 8.4674902 -0.1897282 -0.0088994 -0.0659396 0.9795795
1740547396.465094 0.5597115 -0.2280665 8.5569811 -0.1942916 -0.0057822 -0.0664003 0.9786769
1740547396.568165 0.5653120 -0.1858844 8.6401262 -0.1967134 -0.0038067 -0.0666033 0.9781888
1740547396.678080 0.5936662 -0.1278786 8.7259111 -0.1998120 -0.0003385 -0.0676539 0.9774958
1740547396.783631 0.5718973 -0.0852250 8.8142395 -0.2045723 0.0052053 -0.0686716 0.9764258
1740547396.891747 0.5919446 -0.0401372 8.9043579 -0.2076438 0.0063795 -0.0691005 0.9757400
1740547396.993016 0.5913165 0.0033668 9.0014277 -0.2111550 0.0106709 -0.0695285 0.9749182
1740547397.098739 0.5688959 0.0524389 9.0853977 -0.2134730 0.0137000 -0.0696952 0.9743634
1740547397.209694 0.5761629 0.0957124 9.1774721 -0.2157485 0.0168739 -0.0702318 0.9737738
1740547397.325773 0.5667284 0.1469938 9.2610607 -0.2188818 0.0210870 -0.0710723 0.9729311
1740547397.429564 0.5635027 0.2010521 9.3480253 -0.2226903 0.0259575 -0.0720754 0.9718747
1740547397.529891 0.5779545 0.2490323 9.4290562 -0.2251632 0.0305193 -0.0729774 0.9711047
1740547397.645070 0.6100183 0.3053291 9.5141001 -0.2273492 0.0342875 -0.0738223 0.9704056
1740547397.743531 0.6445158 0.3541164 9.5949001 -0.2300073 0.0390531 -0.0746940 0.9695320
1740547397.848115 0.6702319 0.3987111 9.6727819 -0.2317086 0.0430607 -0.0756953 0.9688793
1740547397.961176 0.7057824 0.4460967 9.7651825 -0.2330204 0.0471275 -0.0764588 0.9683154
1740547398.057857 0.7227361 0.4935794 9.8475790 -0.2340996 0.0520816 -0.0775254 0.9677162
1740547398.162543 0.7479617 0.5350413 9.9401321 -0.2364884 0.0560948 -0.0781474 0.9668607
1740547398.260973 0.7849642 0.5768194 10.0280838 -0.2362746 0.0594298 -0.0790604 0.9666395
1740547398.365264 0.7920653 0.6234750 10.1124487 -0.2396385 0.0645154 -0.0800267 0.9654050
1740547398.463918 0.7900290 0.6631049 10.2089443 -0.2389057 0.0705271 -0.0818634 0.9650121
1740547398.561648 0.7841641 0.7006934 10.2968798 -0.2405278 0.0735672 -0.0826402 0.9643158
1740547398.668946 0.8039321 0.7633331 10.3834295 -0.2411825 0.0787586 -0.0834253 0.9636744
1740547398.771492 0.8281660 0.8119714 10.4696951 -0.2419046 0.0818421 -0.0839272 0.9631928
1740547398.877510 0.8469456 0.8583488 10.5563126 -0.2420344 0.0863980 -0.0851648 0.9626535
1740547398.973331 0.8885828 0.9023499 10.6399393 -0.2418521 0.0882225 -0.0854381 0.9625096
1740547399.069247 0.9213463 0.9375989 10.7334061 -0.2438315 0.0946079 -0.0874233 0.9612246
1740547399.182651 0.9540733 0.9834838 10.8146095 -0.2429090 0.0984842 -0.0881386 0.9610035
1740547399.280519 0.9904611 1.0270820 10.8950043 -0.2421299 0.1026715 -0.0893551 0.9606494
1740547399.383562 1.0175713 1.0673416 10.9872169 -0.2429944 0.1065764 -0.0899517 0.9599500
1740547399.482055 1.0434293 1.1128787 11.0731773 -0.2423337 0.1102413 -0.0910748 0.9595971
1740547399.579047 1.0625677 1.1615708 11.1576748 -0.2420534 0.1142616 -0.0921091 0.9590988
1740547399.683139 1.0880400 1.2086374 11.2408781 -0.2419013 0.1183755 -0.0927984 0.9585716
1740547399.779508 1.1272733 1.2444762 11.3255472 -0.2417098 0.1218820 -0.0937724 0.9580855
1740547399.880167 1.1659464 1.2832206 11.4156733 -0.2418326 0.1257393 -0.0948909 0.9574457
1740547399.977009 1.2065239 1.3234873 11.4965820 -0.2412976 0.1291804 -0.0955129 0.9570607
1740547400.074005 1.2377164 1.3702227 11.5779867 -0.2407361 0.1328706 -0.0966729 0.9565803
1740547400.177669 1.2695490 1.4155494 11.6629391 -0.2406070 0.1360584 -0.0972809 0.9561029
1740547400.275368 1.2933046 1.4636889 11.7475910 -0.2403286 0.1395098 -0.0980288 0.9555991
1740547400.386427 1.3272290 1.5047541 11.8365231 -0.2404655 0.1427095 -0.0987671 0.9550159
1740547400.480699 1.3605167 1.5448372 11.9206352 -0.2401210 0.1463121 -0.0998653 0.9544431
1740547400.578358 1.3991486 1.5811875 12.0076809 -0.2407094 0.1494450 -0.1005390 0.9537385
1740547400.692486 1.4375635 1.6217189 12.0887680 -0.2396871 0.1525793 -0.1014629 0.9534017
1740547400.892650 1.5211978 1.6917682 12.2583027 -0.2402404 0.1588141 -0.1026078 0.9521209
1740547400.993457 1.5735369 1.7264559 12.3397055 -0.2402077 0.1613167 -0.1031714 0.9516475
1740547401.192202 1.6508344 1.8143288 12.5052357 -0.2416104 0.1682004 -0.1046844 0.9499338
1740547401.682904 1.8217173 2.0332847 12.9228058 -0.2466565 0.1838191 -0.1068642 0.9454899
1740547401.876697 1.9065225 2.1079700 13.0874166 -0.2503833 0.1906397 -0.1075176 0.9430825
1740547402.264997 2.0983560 2.2829151 13.3965225 -0.2601530 0.2049088 -0.1082839 0.9373406
1740547402.743256 2.3654318 2.5071950 13.7581100 -0.2806507 0.2233058 -0.1076264 0.9272466
1740547403.226187 2.6283462 2.7673359 14.0906305 -0.3059747 0.2408878 -0.1051440 0.9150395
1740547403.515972 2.7791286 2.9516430 14.2773848 -0.3230789 0.2513952 -0.1031976 0.9065157
1740547403.801705 2.9461031 3.1455748 14.4321861 -0.3377552 0.2596764 -0.1016155 0.8989794
1740547404.093256 3.1138692 3.3359504 14.5911064 -0.3508457 0.2686467 -0.0998037 0.8915018
1740547404.768324 3.5143354 3.7652109 14.9722195 -0.3711369 0.2903264 -0.1001931 0.8763158
1740547405.342440 3.8729897 4.1095481 15.2945480 -0.3772408 0.3114883 -0.1056920 0.8657330
1740547405.815816 4.2432623 4.3605061 15.5138750 -0.3802557 0.3294654 -0.1108803 0.8570669
1740547406.299462 4.5922813 4.6232414 15.7210789 -0.3835065 0.3442521 -0.1146131 0.8492804
1740547406.588004 4.7922802 4.8167195 15.8636684 -0.3851938 0.3517812 -0.1172785 0.8450571
1740547406.684330 4.8489103 4.8792000 15.9128304 -0.3860542 0.3543706 -0.1177406 0.8435169
1740547406.978948 5.0586748 5.0520811 16.0346527 -0.3902430 0.3601043 -0.1173995 0.8391976
1740547407.178228 5.2073345 5.1609449 16.1174145 -0.3930718 0.3636952 -0.1175771 0.8362990
1740547407.367727 5.3539925 5.2749205 16.1913662 -0.3954546 0.3671151 -0.1178967 0.8336321
1740547407.561319 5.4911108 5.3897190 16.2698002 -0.3974685 0.3694592 -0.1182524 0.8315858
1740547407.754892 5.6557760 5.4819727 16.3339024 -0.3998021 0.3726662 -0.1177306 0.8291065
1740547407.950656 5.7897987 5.6100292 16.4031792 -0.4024561 0.3758433 -0.1175906 0.8264040
1740547408.140761 5.9053345 5.7498131 16.4877205 -0.4051739 0.3788133 -0.1172990 0.8237570
1740547408.332530 6.0418725 5.8715763 16.5654583 -0.4075283 0.3814580 -0.1169937 0.8214152
1740547408.621746 6.2582765 6.0417995 16.6689377 -0.4111803 0.3848885 -0.1166665 0.8180346
1740547408.815610 6.4109650 6.1588192 16.7168694 -0.4115590 0.3869942 -0.1167499 0.8168379
1740547409.107627 6.6227813 6.3275633 16.8269482 -0.4129883 0.3894131 -0.1167187 0.8149692
1740547409.302649 6.7868690 6.4254246 16.8692780 -0.4138429 0.3899270 -0.1164393 0.8143298
1740547409.598786 7.0062017 6.5866137 16.9801521 -0.4141480 0.3914183 -0.1163619 0.8134697
1740547409.887428 7.2013807 6.7755303 17.0838108 -0.4127987 0.3908016 -0.1161085 0.8144877
1740547410.084528 7.3322763 6.9100561 17.1498890 -0.4120012 0.3898508 -0.1158744 0.8153800
1740547410.380562 7.5418901 7.0820532 17.2613506 -0.4097993 0.3876436 -0.1156861 0.8175657
1740547410.674364 7.7618208 7.2457991 17.3646736 -0.4065492 0.3856837 -0.1160570 0.8200589
1740547410.865148 7.9010983 7.3620176 17.4326458 -0.4044960 0.3843945 -0.1165832 0.8216035
1740547411.062624 8.0420151 7.4669266 17.5225163 -0.4021277 0.3833336 -0.1177090 0.8230998
1740547411.363759 8.2532816 7.6489720 17.6265583 -0.3961765 0.3822985 -0.1196200 0.8261858
1740547411.559263 8.3941422 7.7531466 17.7188301 -0.3931476 0.3829551 -0.1218192 0.8270069
1740547411.854399 8.5878010 7.9311094 17.8497353 -0.3867312 0.3848283 -0.1250882 0.8286731
1740547412.056816 8.7394600 8.0281935 17.9284935 -0.3822438 0.3863859 -0.1279352 0.8295952
1740547412.263380 8.8878918 8.1321049 18.0040359 -0.3779235 0.3893621 -0.1311953 0.8296739
1740547412.462384 9.0388718 8.2319002 18.0802383 -0.3726679 0.3919508 -0.1346095 0.8302852
1740547412.662513 9.2070789 8.3249311 18.1512947 -0.3680633 0.3946786 -0.1380478 0.8304824
1740547412.762145 9.2644644 8.3475285 18.1961021 -0.3675708 0.3963978 -0.1390941 0.8297068
1740547412.860562 9.3223829 8.3595648 18.2323685 -0.3660326 0.3983473 -0.1398683 0.8293229
1740547412.962931 9.3524151 8.3637791 18.2457542 -0.3632368 0.3994176 -0.1410039 0.8298449
1740547413.079586 9.3991070 8.3680964 18.2714596 -0.3620646 0.4010080 -0.1426130 0.8293150
1740547413.182369 9.4147263 8.3672771 18.2788467 -0.3601237 0.4017206 -0.1434923 0.8296635
1740547413.282374 9.4567423 8.3654461 18.2972946 -0.3575693 0.4021277 -0.1429439 0.8306651
1740547413.380409 9.4930859 8.3736172 18.3252735 -0.3565605 0.4056662 -0.1462039 0.8288088
1740547413.486234 9.5272608 8.3777647 18.3351498 -0.3543403 0.4062047 -0.1476628 0.8292384
1740547413.588606 9.5744028 8.3820534 18.3630371 -0.3524117 0.4071129 -0.1470132 0.8297302
1740547413.704277 9.6382990 8.3820200 18.4146347 -0.3530649 0.4090340 -0.1484401 0.8282523
1740547413.803486 9.7172194 8.3967876 18.4499245 -0.3510053 0.4090469 -0.1482440 0.8291560
1740547413.903273 9.7506666 8.4056053 18.4723186 -0.3495413 0.4104097 -0.1495469 0.8288670
1740547414.013997 9.7726955 8.4091358 18.4841480 -0.3459871 0.4110310 -0.1499178 0.8299826
1740547414.114082 9.7866440 8.4092560 18.4909286 -0.3433954 0.4123156 -0.1508015 0.8302616
1740547414.215514 9.8045387 8.4047947 18.4970131 -0.3418934 0.4127829 -0.1511409 0.8305875
1740547414.314294 9.8429079 8.4122314 18.5187721 -0.3386644 0.4121141 -0.1512942 0.8322130
1740547414.526966 9.8623943 8.4101582 18.5284500 -0.3349423 0.4119851 -0.1502637 0.8339680
1740547414.625939 9.8862514 8.4171410 18.5477219 -0.3316580 0.4131408 -0.1484443 0.8350341
1740547414.734191 9.8854675 8.4158325 18.5466576 -0.3306612 0.4136140 -0.1501457 0.8348910
1740547414.833371 9.8846884 8.4130421 18.5410671 -0.3300008 0.4139175 -0.1520215 0.8346623
1740547414.937228 9.9027433 8.4149094 18.5509834 -0.3284520 0.4135852 -0.1549090 0.8349071
1740547415.038537 9.9147348 8.4110212 18.5599899 -0.3261600 0.4133739 -0.1545028 0.8359848
1740547415.145264 9.9478827 8.4049664 18.5775032 -0.3236220 0.4122683 -0.1549820 0.8374271
1740547415.251169 9.9952793 8.3929720 18.6014671 -0.3204706 0.4083601 -0.1526866 0.8409681
1740547415.351321 10.0380058 8.3866215 18.6221123 -0.3171697 0.4062628 -0.1506315 0.8436019
1740547415.458010 10.0776606 8.3969355 18.6479416 -0.3144328 0.4062859 -0.1507205 0.8445988
1740547415.560267 10.1027374 8.3934002 18.6597652 -0.3118278 0.4051858 -0.1518241 0.8458944
1740547415.664918 10.1263113 8.3865318 18.6751175 -0.3104379 0.4039622 -0.1517687 0.8470001
1740547415.766200 10.1602993 8.3756065 18.6950207 -0.3084420 0.4032703 -0.1497982 0.8484086
1740547415.866339 10.1932373 8.3684626 18.7140312 -0.3047129 0.4013215 -0.1481744 0.8509614
1740547415.973841 10.2496614 8.3575325 18.7455692 -0.3026520 0.3986410 -0.1444728 0.8535894
1740547416.076335 10.2804070 8.3515558 18.7619286 -0.3018735 0.3973961 -0.1450522 0.8543469
1740547416.180303 10.2987347 8.3422413 18.7767811 -0.3003075 0.3967837 -0.1453783 0.8551277
1740547416.281870 10.3045006 8.3505621 18.7804298 -0.2954733 0.3976086 -0.1453692 0.8564290
1740547416.380674 10.3229733 8.3541059 18.7896538 -0.2923901 0.3966032 -0.1473017 0.8576224
1740547416.488592 10.3637867 8.3476343 18.8170586 -0.2887530 0.3958362 -0.1481347 0.8590643
1740547416.588044 10.4247818 8.3352709 18.8514462 -0.2853060 0.3927403 -0.1453728 0.8621034
1740547416.699904 10.4895706 8.3436003 18.8745956 -0.2810408 0.3893755 -0.1456797 0.8649741
1740547416.796336 10.5499001 8.3496170 18.8829536 -0.2760123 0.3837941 -0.1467462 0.8688986
1740547416.895366 10.6044846 8.3497906 18.9008942 -0.2723811 0.3791380 -0.1479649 0.8718769
1740547417.000938 10.6625519 8.3678455 18.9144459 -0.2679021 0.3763883 -0.1472123 0.8745793
1740547417.100752 10.6944275 8.3706532 18.9326973 -0.2627510 0.3732708 -0.1477288 0.8773865
1740547417.207667 10.6999474 8.3777542 18.9352322 -0.2565439 0.3732145 -0.1499590 0.8788677
1740547417.309767 10.7475643 8.3906298 18.9540901 -0.2495130 0.3688907 -0.1513332 0.8824745
1740547417.413382 10.8049259 8.3877516 18.9768257 -0.2447870 0.3634726 -0.1512213 0.8860582
1740547417.515040 10.8727741 8.4237499 19.0118027 -0.2396893 0.3604546 -0.1536322 0.8882672
1740547417.613864 10.9151974 8.4299860 19.0413628 -0.2345346 0.3579555 -0.1552858 0.8903638
1740547417.720642 10.9437590 8.4375839 19.0635815 -0.2280218 0.3561599 -0.1567988 0.8925080
1740547417.819345 10.9728451 8.4442120 19.0789089 -0.2226336 0.3559123 -0.1596606 0.8934592
1740547417.927436 11.0088310 8.4454975 19.1124878 -0.2160299 0.3541466 -0.1619177 0.8953736
1740547418.025201 11.0494471 8.4482069 19.1388760 -0.2099182 0.3498274 -0.1630919 0.8983074
1740547418.124908 11.1069813 8.4459190 19.1714439 -0.2034955 0.3440784 -0.1635588 0.9019136
1740547418.231632 11.1698866 8.4519806 19.2161484 -0.1949600 0.3403592 -0.1650633 0.9049311
1740547418.328176 11.2353048 8.4647274 19.2655945 -0.1862714 0.3377928 -0.1667285 0.9074143
1740547418.430763 11.2741051 8.4736547 19.2862072 -0.1757611 0.3328055 -0.1703931 0.9106672
1740547418.529573 11.3107033 8.5020351 19.3258266 -0.1643537 0.3325739 -0.1732690 0.9123378
1740547418.628841 11.3646965 8.5217609 19.3817215 -0.1547703 0.3307265 -0.1770979 0.9139488
1740547418.730232 11.4224157 8.5170813 19.4648361 -0.1490422 0.3293664 -0.1790869 0.9150039
1740547418.831733 11.4724636 8.5113392 19.5522385 -0.1426241 0.3282808 -0.1821879 0.9158044
1740547418.934033 11.5202789 8.5048637 19.6336250 -0.1364388 0.3269449 -0.1845675 0.9167477
1740547419.033190 11.5863218 8.5057526 19.6942101 -0.1293958 0.3239016 -0.1863244 0.9184921
1740547419.131094 11.6459694 8.5061483 19.7610111 -0.1223616 0.3222033 -0.1886551 0.9195771
1740547419.237091 11.7173662 8.5042305 19.8173714 -0.1154821 0.3190896 -0.1894374 0.9213898
1740547419.339606 11.7661142 8.4983664 19.8994560 -0.1094966 0.3181979 -0.1914279 0.9220174
1740547419.447164 11.8167706 8.4959545 19.9622078 -0.1023308 0.3171423 -0.1956967 0.9223080
1740547419.545086 11.8673105 8.4905968 20.0383072 -0.0956482 0.3168460 -0.1985521 0.9225167
1740547419.641638 11.9398193 8.4850883 20.1094151 -0.0896371 0.3151280 -0.2004549 0.9232970
1740547419.748413 12.0107479 8.4808083 20.1729088 -0.0825732 0.3135399 -0.2032360 0.9238883
1740547419.849475 12.0682325 8.4751434 20.2415905 -0.0752905 0.3124519 -0.2054744 0.9243838
1740547419.949813 12.1160135 8.4600811 20.3260460 -0.0705321 0.3145244 -0.2076328 0.9235736
1740547420.048263 12.1725922 8.4539347 20.3760929 -0.0640289 0.3131357 -0.2084104 0.9243438
1740547420.147280 12.2256632 8.4419727 20.4412880 -0.0585722 0.3141826 -0.2104770 0.9238821
1740547420.251592 12.2686586 8.4308195 20.5111885 -0.0539933 0.3160405 -0.2125007 0.9230637
1740547420.347483 12.3220358 8.4160290 20.5801353 -0.0494378 0.3176954 -0.2154149 0.9220748
1740547420.447495 12.3840952 8.4103718 20.6482658 -0.0423868 0.3179857 -0.2177129 0.9217861
1740547420.548676 12.4521427 8.3998642 20.7227898 -0.0368176 0.3189234 -0.2186529 0.9214789
1740547420.643444 12.5076065 8.4007664 20.7890377 -0.0295331 0.3217347 -0.2201294 0.9204117
1740547420.748676 12.5566483 8.3948460 20.8583145 -0.0233553 0.3242161 -0.2217993 0.9193169
1740547420.847854 12.6056328 8.3820381 20.9339962 -0.0180063 0.3267888 -0.2240657 0.9179757
1740547420.947269 12.6627941 8.3742294 21.0001183 -0.0123401 0.3285990 -0.2259210 0.9169679
1740547421.049680 12.7115021 8.3620949 21.0555763 -0.0074639 0.3303642 -0.2270508 0.9161068
1740547421.144294 12.7731895 8.3474522 21.1256924 -0.0022199 0.3332383 -0.2295322 0.9144738
1740547421.254047 12.8286686 8.3422375 21.1956711 0.0035268 0.3359042 -0.2311404 0.9130882
1740547421.351730 12.8852835 8.3290138 21.2708683 0.0086465 0.3389572 -0.2328715 0.9114846
1740547421.453204 12.9437370 8.3193340 21.3373852 0.0134793 0.3411733 -0.2342805 0.9102372
1740547421.551746 13.0008812 8.3100281 21.4105110 0.0189450 0.3433107 -0.2354792 0.9090261
1740547421.647522 13.0570850 8.2983103 21.4836197 0.0243539 0.3462860 -0.2363982 0.9075289
1740547421.752363 13.1124430 8.2764931 21.5622559 0.0289396 0.3491808 -0.2371528 0.9060872
1740547421.849195 13.1642065 8.2627220 21.6244545 0.0338372 0.3521581 -0.2383788 0.9044420
1740547421.949614 13.2239590 8.2491684 21.6922607 0.0374906 0.3549860 -0.2397673 0.9028240
1740547422.047173 13.2814817 8.2270060 21.7600784 0.0404519 0.3570493 -0.2401758 0.9017733
1740547422.144206 13.3403435 8.2052841 21.8359146 0.0436013 0.3599030 -0.2418862 0.9000332
1740547422.251403 13.4042168 8.1829977 21.9156666 0.0467036 0.3623689 -0.2419690 0.8988652
1740547422.348187 13.4596939 8.1550274 21.9880943 0.0495680 0.3654326 -0.2417614 0.8975263
1740547422.448211 13.5325518 8.1202641 22.0546799 0.0529479 0.3672773 -0.2430058 0.8962433
1740547422.547240 13.5976810 8.0826120 22.1108856 0.0547241 0.3678661 -0.2438303 0.8956710
1740547422.645619 13.6477385 8.0619860 22.1886978 0.0575594 0.3703969 -0.2444557 0.8942788
1740547422.754093 13.6992874 8.0417423 22.2453995 0.0595152 0.3708698 -0.2443234 0.8939909
1740547422.852252 13.7541084 8.0127878 22.3242683 0.0602561 0.3731393 -0.2449052 0.8928369
1740547422.953602 13.8191137 7.9765692 22.3905640 0.0616751 0.3743835 -0.2450639 0.8921754
1740547423.052516 13.8763676 7.9559851 22.4598045 0.0635373 0.3763171 -0.2448721 0.8912834
1740547423.150839 13.9409275 7.9239817 22.5263367 0.0651238 0.3770713 -0.2454491 0.8906913
1740547423.257224 13.9980936 7.9042077 22.6016197 0.0665017 0.3790847 -0.2455084 0.8897179
1740547423.356516 14.0449629 7.8765726 22.6847153 0.0674328 0.3806573 -0.2448833 0.8891485
1740547423.463060 14.1085405 7.8501930 22.7596130 0.0687009 0.3814496 -0.2455085 0.8885393
1740547423.559476 14.1725521 7.8272409 22.8339005 0.0695184 0.3819857 -0.2459771 0.8881156
1740547423.658762 14.2341404 7.8030405 22.9020844 0.0701296 0.3823450 -0.2461841 0.8878556
1740547423.779476 14.2954559 7.7766104 22.9753418 0.0711525 0.3839382 -0.2460709 0.8871177
1740547423.875915 14.3433914 7.7365046 23.0265503 0.0708764 0.3838918 -0.2460776 0.8871581
1740547423.984198 14.4147635 7.6987100 23.0967865 0.0712089 0.3843077 -0.2460776 0.8869514
1740547424.082265 14.4799538 7.6686854 23.1666679 0.0719260 0.3842377 -0.2463577 0.8868461
1740547424.193256 14.5441036 7.6309528 23.2323341 0.0719469 0.3837514 -0.2455346 0.8872831
1740547424.289505 14.6022921 7.6013274 23.3079491 0.0715706 0.3838062 -0.2462432 0.8870935
1740547424.503172 14.7350559 7.5326486 23.4460258 0.0713312 0.3833753 -0.2461407 0.8873274
1740547424.602078 14.7990513 7.4869509 23.5138912 0.0707120 0.3830071 -0.2461717 0.8875274
1740547424.807524 14.9216175 7.4186363 23.6552486 0.0698791 0.3827887 -0.2457783 0.8877966
1740547424.908771 14.9852104 7.3895636 23.7288361 0.0695047 0.3824640 -0.2458399 0.8879488
1740547425.117512 15.1225071 7.3494925 23.8673191 0.0690165 0.3812392 -0.2462286 0.8884059
1740547425.223266 15.1770515 7.3124661 23.9374466 0.0687103 0.3820421 -0.2458284 0.8881954
1740547425.331702 15.2392378 7.2790475 24.0097580 0.0677493 0.3817517 -0.2459282 0.8883665
1740547425.436709 15.3026447 7.2446551 24.0790005 0.0668683 0.3815133 -0.2452450 0.8887244
1740547425.764214 15.5159931 7.1573429 24.2797737 0.0648720 0.3782753 -0.2459030 0.8900737
1740547425.867722 15.5703831 7.1336551 24.3512077 0.0643990 0.3778985 -0.2458609 0.8902797
1740547425.971918 15.6355495 7.0909586 24.4234467 0.0626666 0.3770758 -0.2451448 0.8909494
1740547426.076230 15.7031517 7.0600395 24.4920025 0.0612403 0.3754691 -0.2448711 0.8918020
1740547426.291963 15.8315268 7.0184999 24.6387501 0.0598980 0.3727399 -0.2448519 0.8930424
1740547426.501694 15.9518147 6.9712048 24.7860394 0.0569769 0.3697603 -0.2442017 0.8946488
1740547426.602056 16.0057011 6.9423532 24.8657207 0.0553749 0.3691738 -0.2438739 0.8950809
1740547426.813322 16.1444187 6.8838606 24.9994926 0.0519724 0.3645485 -0.2428775 0.8974485
1740547427.023659 16.2527962 6.8350148 25.1635170 0.0482781 0.3612598 -0.2429029 0.8989765
1740547427.239728 16.3897858 6.7846446 25.3058491 0.0443357 0.3562015 -0.2419388 0.9014546
1740547427.348078 16.4395084 6.7630296 25.3892632 0.0423062 0.3548176 -0.2417147 0.9021578
1740547427.670137 16.6196327 6.6996036 25.6155033 0.0362075 0.3483356 -0.2402830 0.9053261
1740547427.887388 16.7221527 6.6733398 25.7808990 0.0324236 0.3454487 -0.2394060 0.9068069
1740547428.105683 16.8456326 6.6448646 25.9373970 0.0287649 0.3419468 -0.2384146 0.9085172
1740547428.215861 16.8956699 6.6273522 26.0244408 0.0266756 0.3412064 -0.2381247 0.9089352
1740547428.430979 17.0071430 6.5958056 26.1851902 0.0239292 0.3392783 -0.2370373 0.9100170
1740547428.653136 17.1211414 6.5528231 26.3457222 0.0215991 0.3386576 -0.2362304 0.9105162
1740547428.883122 17.2687359 6.5295591 26.4827271 0.0210180 0.3368514 -0.2362648 0.9111906
1740547428.995435 17.3154793 6.5100770 26.5705414 0.0205215 0.3382334 -0.2362081 0.9107046
1740547429.101209 17.3803062 6.4981027 26.6438236 0.0209760 0.3382803 -0.2364561 0.9106125
1740547429.211780 17.4416771 6.4787178 26.7125092 0.0215006 0.3384086 -0.2365748 0.9105216
1740547429.321337 17.5018959 6.4656777 26.7910690 0.0230661 0.3387690 -0.2372669 0.9101692
1740547429.542788 17.6320343 6.4296360 26.9344597 0.0274133 0.3384557 -0.2381742 0.9099283
1740547429.669955 17.6796818 6.4071360 27.0224304 0.0300302 0.3393220 -0.2398356 0.9090862
1740547429.782371 17.7557411 6.3856010 27.0858059 0.0334754 0.3390422 -0.2406584 0.9088528
1740547429.999362 17.9035168 6.3414431 27.2166710 0.0428835 0.3372065 -0.2438293 0.9082951
1740547430.216598 18.0201855 6.3110862 27.3831215 0.0536833 0.3359351 -0.2476967 0.9071450
1740547430.322891 18.0615425 6.2768903 27.4714870 0.0591452 0.3354093 -0.2496200 0.9064724
1740547430.540950 18.1610279 6.2137909 27.6307678 0.0732681 0.3332191 -0.2548857 0.9047818
1740547430.651624 18.2163239 6.1688213 27.7053471 0.0808434 0.3315049 -0.2572227 0.9041047
1740547430.758981 18.2463703 6.1231079 27.7931366 0.0887147 0.3314798 -0.2600146 0.9025760
1740547430.974216 18.3326702 6.0208406 27.9458084 0.1056705 0.3291770 -0.2654641 0.9000028
1740547431.082594 18.3717537 5.9626102 28.0178795 0.1141156 0.3280060 -0.2682634 0.8985680
1740547431.294209 18.4489479 5.8620100 28.1731129 0.1318631 0.3271300 -0.2739305 0.8947403
1740547431.506629 18.5525589 5.7721443 28.3235111 0.1502153 0.3267216 -0.2791487 0.8903732
1740547431.819001 18.6948891 5.6004677 28.5301609 0.1755290 0.3274214 -0.2862227 0.8832108
1740547432.127466 18.8223972 5.4019661 28.7221622 0.1986035 0.3287514 -0.2925583 0.8757219
1740547432.437038 18.9448433 5.2247458 28.9410515 0.2192086 0.3322097 -0.2968187 0.8680339
1740547432.749681 19.0879707 5.0215816 29.1141300 0.2359370 0.3343043 -0.3007464 0.8614674
1740547433.069051 19.2204590 4.8007097 29.2726593 0.2490409 0.3336057 -0.3043420 0.8567741
1740547433.275983 19.2988758 4.6564751 29.3831215 0.2554848 0.3318079 -0.3064879 0.8548077
1740547433.597598 19.4236259 4.4575462 29.5701370 0.2618153 0.3259454 -0.3103550 0.8537518
1740547433.805026 19.4995308 4.3419609 29.7048397 0.2641009 0.3205753 -0.3128985 0.8541526
1740547434.112029 19.5936985 4.1384821 29.9140358 0.2643759 0.3083395 -0.3178791 0.8567293
1740547434.523781 19.6824436 3.8743820 30.1914749 0.2598884 0.2888063 -0.3244127 0.8624415
1740547434.831882 19.7807941 3.7110052 30.4260216 0.2547768 0.2714249 -0.3300428 0.8674613
1740547435.133851 19.8732471 3.5502968 30.6659889 0.2478523 0.2531142 -0.3355463 0.8728752
1740547435.343415 19.8997116 3.4329920 30.8207359 0.2418856 0.2413129 -0.3391818 0.8764789
1740547435.555850 19.9334717 3.3167667 30.9783306 0.2359764 0.2289341 -0.3419032 0.8803445
1740547435.866248 19.9813881 3.1667051 31.2367249 0.2265946 0.2109181 -0.3469840 0.8853081
1740547436.171101 20.0324707 3.0272865 31.4936638 0.2169994 0.1927622 -0.3509299 0.8902822
1740547436.378843 20.0572281 2.9269104 31.6624508 0.2105674 0.1813248 -0.3538332 0.8930760
1740547436.683623 20.0875092 2.7939119 31.9246368 0.2009577 0.1645680 -0.3570879 0.8972300
1740547437.096315 20.1271324 2.6485033 32.2929077 0.1879704 0.1430811 -0.3617409 0.9018528
1740547437.301698 20.1437855 2.5690994 32.4734840 0.1817352 0.1329713 -0.3638592 0.9038238
1740547437.401977 20.1528111 2.5189714 32.5597725 0.1783814 0.1276376 -0.3649420 0.9048238
1740547437.808111 20.1667824 2.3815079 32.9287376 0.1656826 0.1074858 -0.3683690 0.9084604
1740547438.119813 20.1760139 2.2861252 33.2105217 0.1559312 0.0915987 -0.3714421 0.9106733
1740547438.320645 20.1677418 2.2237921 33.3960571 0.1490253 0.0814625 -0.3725827 0.9123253
1740547438.617048 20.1774445 2.1576614 33.6832428 0.1390406 0.0659608 -0.3758413 0.9138163
1740547438.820249 20.1606216 2.1086321 33.8696289 0.1309411 0.0554626 -0.3776274 0.9149732
1740547439.228105 20.1372223 2.0169902 34.2521744 0.1130958 0.0362060 -0.3798472 0.9173956
1740547439.533338 20.1042500 1.9660287 34.5404015 0.0991280 0.0232792 -0.3815588 0.9187191
1740547439.837557 20.0619164 1.9370379 34.8289986 0.0825838 0.0109872 -0.3831626 0.9199161
1740547440.040738 20.0536537 1.9236312 35.0253983 0.0718344 0.0032847 -0.3847023 0.9202354
1740547440.245775 20.0632076 1.9168906 35.2239647 0.0605952 -0.0041968 -0.3852485 0.9208117
1740547440.446820 20.0643730 1.9140368 35.4192238 0.0495784 -0.0100863 -0.3860866 0.9210741
1740547440.752801 20.0512352 1.9237113 35.7194557 0.0338022 -0.0180838 -0.3868269 0.9213552
1740547440.951324 20.0394917 1.9254966 35.8976135 0.0230525 -0.0244957 -0.3875875 0.9212191
1740547441.152505 20.0276699 1.9364314 36.0834618 0.0147900 -0.0306386 -0.3885079 0.9208171
1740547441.445429 20.0197811 1.9617076 36.3625336 0.0017123 -0.0380880 -0.3892367 0.9203484
1740547441.653593 20.0138626 1.9957576 36.5441093 -0.0051673 -0.0428853 -0.3894227 0.9200457
1740547441.853583 19.9978390 2.0153561 36.7309265 -0.0121293 -0.0479108 -0.3897969 0.9195737
1740547442.053712 19.9752235 2.0444839 36.9172745 -0.0165528 -0.0534812 -0.3911022 0.9186429
1740547442.250159 19.9586697 2.0811543 37.0877686 -0.0213651 -0.0600757 -0.3930977 0.9172833
1740547442.439621 19.9368477 2.1451535 37.2622948 -0.0253500 -0.0645829 -0.3953191 0.9159199
1740547442.539015 19.9281406 2.1714044 37.3494301 -0.0278928 -0.0673322 -0.3956183 0.9155188
1740547442.640116 19.9248333 2.1904786 37.4211693 -0.0313935 -0.0723246 -0.3957473 0.9149687
1740547442.843882 19.9072266 2.2488439 37.6061554 -0.0358062 -0.0784230 -0.3981652 0.9132537
1740547442.940160 19.8935814 2.2810357 37.6963730 -0.0382122 -0.0823750 -0.3995041 0.9122230
1740547443.040120 19.8819160 2.3160024 37.7758636 -0.0404374 -0.0875524 -0.4014396 0.9107940
1740547443.137583 19.8687420 2.3463347 37.8680382 -0.0440606 -0.0915978 -0.4028741 0.9095939
1740547443.235775 19.8490677 2.3777494 37.9585953 -0.0462209 -0.0955244 -0.4032767 0.9089041
1740547443.333396 19.8435020 2.3988669 38.0252151 -0.0504210 -0.1009023 -0.4036249 0.9079446
1740547443.426938 19.8381176 2.4214237 38.0757408 -0.0534789 -0.1053078 -0.4029616 0.9075639
1740547443.528243 19.8339233 2.4305725 38.1128349 -0.0573590 -0.1113336 -0.4029208 0.9066254
1740547443.628428 19.8259277 2.4516106 38.1606712 -0.0607829 -0.1158494 -0.4040415 0.9053369
1740547443.726440 19.7983570 2.4818912 38.2341805 -0.0651792 -0.1193047 -0.4039358 0.9046292
1740547443.833385 19.7902393 2.5032556 38.2900276 -0.0693002 -0.1245444 -0.4041984 0.9034986
1740547443.926958 19.7681084 2.5373821 38.3684959 -0.0730316 -0.1288711 -0.4037160 0.9028134
1740547444.028497 19.7484531 2.5651622 38.4415436 -0.0775969 -0.1325443 -0.4039551 0.9017932
1740547444.125749 19.7238369 2.5919366 38.5274849 -0.0813557 -0.1361846 -0.4036818 0.9010417
1740547444.222337 19.7065258 2.6310415 38.6157799 -0.0844496 -0.1399504 -0.4041304 0.8999782
1740547444.324075 19.6939373 2.6695523 38.7000656 -0.0879418 -0.1432949 -0.4034921 0.8994036
1740547444.420208 19.6678429 2.6985309 38.7888222 -0.0920452 -0.1453062 -0.4037125 0.8985711
1740547444.525378 19.6479397 2.7336035 38.8771133 -0.0947136 -0.1477789 -0.4038327 0.8978362
1740547444.718803 19.6000214 2.8095059 39.0590706 -0.0996419 -0.1510776 -0.4037269 0.8968008
1740547444.820958 19.5717545 2.8275509 39.1534920 -0.1038093 -0.1526047 -0.4043470 0.8957896
1740547444.917624 19.5364323 2.8423138 39.2415466 -0.1068874 -0.1529290 -0.4051932 0.8949896
1740547445.021758 19.5146160 2.8671553 39.3269043 -0.1092392 -0.1534395 -0.4057507 0.8943654
1740547445.121284 19.4947281 2.9180174 39.4107513 -0.1102338 -0.1523028 -0.4049307 0.8948092
1740547445.215790 19.4873447 2.9620008 39.4991493 -0.1102656 -0.1526880 -0.4050231 0.8946978
1740547445.317343 19.4701977 2.9815884 39.5919571 -0.1123777 -0.1529523 -0.4051922 0.8943133
1740547445.412365 19.4573021 3.0097034 39.6835480 -0.1130692 -0.1526790 -0.4055572 0.8941073
1740547445.521910 19.4492912 3.0523217 39.7783737 -0.1128455 -0.1521312 -0.4050595 0.8944545
1740547445.616982 19.4295063 3.0742302 39.8697319 -0.1139767 -0.1514544 -0.4051690 0.8943763
1740547445.714508 19.4074535 3.1110806 39.9538956 -0.1137841 -0.1496382 -0.4064403 0.8941296
1740547445.817152 19.4136047 3.1385655 40.0481873 -0.1135518 -0.1499780 -0.4060127 0.8942965
1740547445.925900 19.3951836 3.1668851 40.1444397 -0.1137318 -0.1490442 -0.4062470 0.8943233
1740547446.028023 19.3788834 3.2169743 40.2284241 -0.1124362 -0.1473595 -0.4057216 0.8950047
1740547446.125048 19.3562603 3.2522776 40.3211212 -0.1124768 -0.1461519 -0.4065270 0.8948320
1740547446.319981 19.3243980 3.3004656 40.5124283 -0.1122004 -0.1453441 -0.4067652 0.8948901
1740547446.416103 19.3009949 3.3393431 40.6044273 -0.1110626 -0.1441716 -0.4068938 0.8951631
1740547446.621915 19.2637844 3.3988843 40.7884369 -0.1095249 -0.1427748 -0.4071510 0.8954595
1740547446.715279 19.2377071 3.4255404 40.8797112 -0.1098321 -0.1417520 -0.4076695 0.8953485
1740547446.911907 19.2072372 3.4881344 41.0724945 -0.1080045 -0.1419557 -0.4070925 0.8958009
1740547447.018794 19.1818771 3.5199630 41.1665077 -0.1076670 -0.1414811 -0.4074444 0.8957566
1740547447.114739 19.1663876 3.5511284 41.2616920 -0.1070078 -0.1413644 -0.4067152 0.8961853
1740547447.212847 19.1477413 3.5748339 41.3446312 -0.1056928 -0.1406018 -0.4068376 0.8964058
1740547447.315384 19.1331596 3.5996697 41.4446144 -0.1055261 -0.1411199 -0.4072244 0.8961684
1740547447.524461 19.0939369 3.6585948 41.6315384 -0.1042923 -0.1413228 -0.4067078 0.8965153
1740547447.721066 19.0543118 3.7193272 41.8156776 -0.1030280 -0.1413934 -0.4066865 0.8966600
1740547447.917699 19.0226517 3.7746863 42.0057297 -0.1017814 -0.1420627 -0.4066090 0.8967318
1740547448.121834 18.9909286 3.8249707 42.2007828 -0.1014352 -0.1427049 -0.4063958 0.8967657
1740547448.216312 18.9698486 3.8609130 42.2874832 -0.1006030 -0.1422727 -0.4065371 0.8968641
1740547448.415645 18.9526443 3.9258964 42.4784584 -0.0995430 -0.1432114 -0.4066195 0.8967956
1740547448.715464 18.8882141 4.0105052 42.7591972 -0.0985702 -0.1442158 -0.4063464 0.8968658
1740547448.913083 18.8523655 4.0610414 42.9473457 -0.0972783 -0.1456220 -0.4058515 0.8970038
1740547449.114428 18.8164177 4.1236734 43.1383057 -0.0955407 -0.1471602 -0.4056877 0.8970135
1740547449.212949 18.8015900 4.1618295 43.2293091 -0.0944621 -0.1481691 -0.4058912 0.8968697
1740547449.413099 18.7583141 4.2203979 43.4153748 -0.0927092 -0.1499735 -0.4052017 0.8970644
1740547449.717143 18.6942616 4.3021588 43.6979904 -0.0900543 -0.1536800 -0.4041897 0.8971640
1740547449.920047 18.6460991 4.3573799 43.8796158 -0.0886209 -0.1562569 -0.4036849 0.8970889
1740547450.226742 18.5817299 4.4465899 44.1587219 -0.0855503 -0.1612105 -0.4027432 0.8969339
1740547450.431735 18.5318375 4.4856706 44.3467789 -0.0836722 -0.1652249 -0.4019118 0.8967534
1740547450.736781 18.4572296 4.5672188 44.6280861 -0.0818613 -0.1716027 -0.4006009 0.8963092
1740547450.840197 18.4289742 4.6048360 44.7154655 -0.0810490 -0.1734685 -0.4000748 0.8962589
1740547451.140290 18.3518219 4.6941695 44.9890823 -0.0786965 -0.1802541 -0.3988697 0.8956664
1740547451.544380 18.2228374 4.8197064 45.3519478 -0.0760730 -0.1883176 -0.3968869 0.8951146
1740547451.760340 18.1664867 4.8882513 45.5278053 -0.0742783 -0.1920982 -0.3962132 0.8947604
1740547452.165029 18.0369110 4.9805479 45.8949547 -0.0691561 -0.1984418 -0.3941760 0.8946863
1740547452.684470 17.8703671 5.1393657 46.3432770 -0.0572856 -0.2025365 -0.3920720 0.8955317
1740547453.111811 17.7127457 5.2337484 46.7028275 -0.0425741 -0.2035625 -0.3895779 0.8972061
1740547453.535224 17.5819092 5.3181639 47.0704002 -0.0205084 -0.2022343 -0.3858808 0.8998759
1740547453.946931 17.4417992 5.3608546 47.4482079 0.0098802 -0.2031732 -0.3803601 0.9021914
1740547454.261111 17.3583641 5.3708353 47.7380371 0.0382566 -0.2062321 -0.3745900 0.9031540
1740547454.572663 17.2427559 5.3707485 48.0192070 0.0709920 -0.2126145 -0.3668696 0.9028632
1740547454.974831 17.0234756 5.3298764 48.3581619 0.1201481 -0.2280881 -0.3559146 0.8982567
1740547455.278251 16.8293839 5.2566571 48.5743484 0.1593213 -0.2422896 -0.3448731 0.8927346
1740547455.682265 16.5297318 5.1327505 48.8313179 0.2130940 -0.2601190 -0.3296042 0.8822075
1740547456.016565 16.3063354 5.0624456 49.0314293 0.2507665 -0.2702597 -0.3179647 0.8734840
1740547456.528107 15.9486866 4.8488750 49.3057365 0.3081097 -0.2746065 -0.2973530 0.8609535
1740547457.045605 15.6193409 4.5481091 49.5566025 0.3577563 -0.2617834 -0.2744504 0.8533211
1740547457.349959 15.4282513 4.4102345 49.7474327 0.3856535 -0.2457879 -0.2581765 0.8510022
1740547457.653721 15.2597904 4.2879848 49.9724274 0.4134140 -0.2245615 -0.2404982 0.8490121
1740547457.956916 15.1186810 4.0749512 50.1174927 0.4417006 -0.1975836 -0.2194462 0.8471746
1740547458.275977 15.0122385 3.7863159 50.1801796 0.4698436 -0.1671825 -0.1966644 0.8441683
1740547458.470544 14.9579887 3.5967484 50.2367554 0.4878711 -0.1457601 -0.1808790 0.8414384
1740547458.777592 14.8836870 3.3378754 50.3689651 0.5122161 -0.1128277 -0.1569979 0.8368132
1740547459.085822 14.8114414 3.0572586 50.4638672 0.5295134 -0.0797696 -0.1329903 0.8340060
1740547459.396561 14.8529282 2.7668724 50.5651932 0.5417588 -0.0500311 -0.1122733 0.8314980
1740547459.703817 14.8393164 2.4840698 50.6669464 0.5479315 -0.0237238 -0.0938958 0.8308982
1740547460.016412 14.8492832 2.2205486 50.8219833 0.5495316 -0.0026040 -0.0802054 0.8316101
1740547460.328485 14.8319731 1.9315319 50.9148788 0.5468143 0.0129901 -0.0699978 0.8342217
1740547460.641326 14.8733864 1.6697445 51.0571365 0.5413231 0.0231732 -0.0638955 0.8380631
1740547460.858473 14.8802071 1.4854641 51.1406631 0.5359437 0.0271545 -0.0613877 0.8415809
1740547461.167286 14.8614616 1.2049274 51.2584610 0.5267745 0.0291741 -0.0604919 0.8473478
1740547461.374450 14.8715906 1.0327911 51.3639832 0.5198745 0.0282386 -0.0607987 0.8516083
1740547461.680177 14.8716707 0.7772694 51.5208931 0.5085155 0.0242486 -0.0635393 0.8583629
1740547461.988000 14.8445358 0.5193386 51.6760483 0.4940935 0.0191110 -0.0671873 0.8665981
1740547462.298418 14.8253059 0.2820015 51.8580818 0.4789596 0.0111427 -0.0714950 0.8748497
1740547462.608212 14.7815266 0.0414200 52.0314217 0.4636551 0.0041768 -0.0758533 0.8827530
1740547462.810522 14.7680340 -0.1117725 52.1650734 0.4517320 -0.0011797 -0.0784708 0.8886952
1740547463.007205 14.7477665 -0.2537174 52.3076477 0.4399397 -0.0053649 -0.0812369 0.8943292
1740547463.200501 14.7400513 -0.3993196 52.4543343 0.4281079 -0.0096010 -0.0833863 0.8998212
1740547463.502165 14.7068138 -0.5984068 52.6642799 0.4105839 -0.0141790 -0.0873538 0.9075181
1740547463.700706 14.6701546 -0.7419052 52.7885361 0.3976533 -0.0164735 -0.0875114 0.9132044
1740547463.901026 14.6457739 -0.8631439 52.9463730 0.3863774 -0.0198097 -0.0902990 0.9176961
1740547464.108495 14.6224422 -0.9970093 53.1058998 0.3747722 -0.0206182 -0.0913669 0.9223735
1740547464.410032 14.5923758 -1.1764832 53.3532372 0.3575237 -0.0233566 -0.0931004 0.9289584
1740547464.614706 14.5663548 -1.3072824 53.4983139 0.3456251 -0.0231206 -0.0942972 0.9333364
1740547464.816962 14.5479107 -1.4174943 53.6690407 0.3344207 -0.0232381 -0.0948956 0.9373461
1740547465.021712 14.5334587 -1.5360703 53.8440208 0.3231177 -0.0216368 -0.0951902 0.9413106
1740547465.117585 14.5387039 -1.5935316 53.9168510 0.3178356 -0.0221490 -0.0953383 0.9430804
1740547465.320290 14.5155087 -1.6854029 54.0769730 0.3077306 -0.0212485 -0.0945800 0.9465226
1740547465.417915 14.4977121 -1.7301321 54.1463242 0.3013634 -0.0201954 -0.0946001 0.9485900
1740547465.624795 14.4684820 -1.8415117 54.3143234 0.2908904 -0.0172843 -0.0939338 0.9519771
1740547465.824843 14.4486389 -1.9345505 54.4904785 0.2806215 -0.0154492 -0.0931670 0.9551612
1740547466.033927 14.4410877 -2.0387933 54.6539726 0.2704496 -0.0114663 -0.0912524 0.9583311
1740547466.225802 14.4247007 -2.1275167 54.8290749 0.2594921 -0.0067330 -0.0916913 0.9613590
1740547466.426498 14.4167480 -2.2193725 54.9988213 0.2494558 -0.0020529 -0.0905660 0.9641397
1740547466.634085 14.4185390 -2.3044987 55.1736298 0.2404084 0.0027182 -0.0884259 0.9666319
1740547466.834770 14.4055519 -2.3821945 55.3574715 0.2310917 0.0094909 -0.0874893 0.9689439
1740547467.044933 14.4114151 -2.4636354 55.5431824 0.2216756 0.0158284 -0.0855250 0.9712337
1740547467.339293 14.4331713 -2.5645499 55.7889633 0.2072584 0.0256866 -0.0821724 0.9744906
1740547467.534756 14.4433441 -2.6257482 55.9664078 0.1978202 0.0340315 -0.0805552 0.9763298
1740547467.732802 14.4567242 -2.6988440 56.1479111 0.1870107 0.0417136 -0.0786514 0.9783154
1740547468.135845 14.4999943 -2.8243704 56.5235329 0.1656526 0.0600038 -0.0746929 0.9815191
1740547468.536567 14.5537195 -2.9176571 56.9110756 0.1413489 0.0806071 -0.0694528 0.9842252
1740547469.049272 14.6596584 -3.0480466 57.3805122 0.1050239 0.1142262 -0.0608388 0.9860127
1740547469.653445 14.8400650 -3.1071837 57.9523392 0.0515371 0.1628594 -0.0486703 0.9840996
1740547470.275953 15.1138706 -3.0862482 58.4828300 -0.0092532 0.2239888 -0.0337436 0.9739634
1740547470.783145 15.4238787 -2.9930086 58.8692703 -0.0674750 0.2788749 -0.0206864 0.9577307
1740547471.388626 15.8441925 -2.7871332 59.2559166 -0.1304207 0.3371035 -0.0047744 0.9323781
1740547472.094312 16.3719292 -2.4942861 59.6511421 -0.1868841 0.3814281 0.0095006 0.9052606
1740547472.596572 16.7304420 -2.2548275 59.9364090 -0.2100564 0.3942340 0.0179069 0.8945028
1740547472.693931 16.7996216 -2.2066822 59.9925613 -0.2124210 0.3970643 0.0191350 0.8926652
1740547473.101706 17.0910606 -2.0353346 60.2196045 -0.2178143 0.3963675 0.0225697 0.8915943
1740547473.306464 17.2361946 -1.9602823 60.3456802 -0.2177343 0.3940017 0.0233315 0.8926422
1740547473.503557 17.3720932 -1.8815269 60.4677162 -0.2145402 0.3887943 0.0229062 0.8957047
1740547473.703799 17.4966564 -1.8103094 60.5999298 -0.2113409 0.3839604 0.0222231 0.8985631
1740547473.911676 17.6235371 -1.7488089 60.7412338 -0.2050741 0.3754386 0.0211278 0.9036283
1740547474.120397 17.7512016 -1.6783519 60.8780861 -0.1984181 0.3695234 0.0197221 0.9075758
1740547474.331060 17.8696098 -1.6246505 61.0293961 -0.1893067 0.3605081 0.0190382 0.9131453
1740547474.426886 17.9137878 -1.5914440 61.0709496 -0.1852656 0.3558516 0.0180091 0.9158177
1740547474.729877 18.0814571 -1.5004907 61.3019867 -0.1709812 0.3420461 0.0160568 0.9238572
1740547474.832872 18.1420174 -1.4725881 61.3525925 -0.1664706 0.3373181 0.0166301 0.9264057
1740547475.035671 18.2399063 -1.3962846 61.5032463 -0.1606013 0.3264140 0.0159510 0.9313467
1740547475.240242 18.3521843 -1.3465157 61.6547241 -0.1464259 0.3145650 0.0172322 0.9377161
1740547475.444610 18.4684467 -1.3055816 61.8097191 -0.1352279 0.3070757 0.0127725 0.9419420
1740547475.650437 18.5625134 -1.2853780 61.9396973 -0.1256111 0.2959087 0.0125469 0.9468382
1740547475.854522 18.6633759 -1.2443244 62.0921707 -0.1162894 0.2860724 0.0109027 0.9510629
1740547476.068214 18.7703667 -1.2227992 62.2248573 -0.1086360 0.2756375 0.0065057 0.9550810
1740547476.162799 18.8155575 -1.2354680 62.3113289 -0.1075372 0.2721265 0.0078123 0.9562018
1740547476.374318 18.8887386 -1.1780525 62.4554062 -0.0962424 0.2631577 0.0052531 0.9599259
1740547476.469495 18.9635448 -1.1631868 62.4772720 -0.0927498 0.2526284 0.0109501 0.9630454
1740547476.572700 18.9845486 -1.1285688 62.5213623 -0.0885850 0.2494918 0.0103859 0.9642607
1740547476.669949 19.0124302 -1.0836378 62.5421371 -0.0803120 0.2431222 0.0126014 0.9665831
1740547476.767931 19.0327988 -1.0553241 62.5740967 -0.0764370 0.2383989 0.0095205 0.9681079
1740547476.965134 19.0954742 -1.0061405 62.6173935 -0.0666340 0.2279346 0.0105685 0.9713362
1740547477.076387 19.0986977 -0.9990351 62.6238976 -0.0651348 0.2264964 0.0122869 0.9717540
1740547477.171320 19.1330547 -0.9884230 62.6386032 -0.0607208 0.2174961 0.0146648 0.9740602
1740547477.269868 19.1637554 -0.9686721 62.6548576 -0.0556533 0.2090447 0.0104719 0.9762650
1740547477.374433 19.1680508 -0.9254033 62.6972580 -0.0490997 0.2059488 0.0053298 0.9773157
1740547477.581517 19.2007542 -0.8710238 62.7545776 -0.0378018 0.1962569 0.0004875 0.9798235
1740547477.770428 19.2714157 -0.8691977 62.7546310 -0.0318724 0.1764778 -0.0008982 0.9837881
1740547477.872344 19.3011093 -0.8727352 62.7735291 -0.0302089 0.1685739 0.0008599 0.9852257
1740547477.970112 19.3273487 -0.8646245 62.7899094 -0.0251608 0.1611466 0.0025802 0.9866064
1740547478.177846 19.3437958 -0.8141208 62.8063393 -0.0114962 0.1525688 0.0011762 0.9882253
1740547478.379658 19.3951759 -0.7964116 62.8085823 -0.0024964 0.1352367 0.0032789 0.9908047
1740547478.474885 19.4160786 -0.7831284 62.8163223 0.0026433 0.1284699 0.0066345 0.9916877
1740547478.575571 19.4443855 -0.7806488 62.8264198 0.0047415 0.1207709 0.0095701 0.9926230
1740547478.671682 19.4620686 -0.7542748 62.8447075 0.0112745 0.1163876 0.0079895 0.9931077
1740547478.769936 19.4831467 -0.7168083 62.8725929 0.0194203 0.1116005 0.0072572 0.9935369
1740547478.871671 19.5232182 -0.7061971 62.8858910 0.0247695 0.1009877 0.0102085 0.9945269
1740547478.970191 19.5356312 -0.6524230 62.9050064 0.0400077 0.0953954 0.0075085 0.9946069
1740547479.072094 19.5716095 -0.6227573 62.9402771 0.0488623 0.0891306 0.0065114 0.9947994
1740547479.171633 19.6221600 -0.6249492 62.9665146 0.0499965 0.0788617 0.0087933 0.9955922
1740547479.269981 19.6410179 -0.6162535 62.9774590 0.0556067 0.0720051 0.0066840 0.9958306
1740547479.398576 19.6770706 -0.6125808 62.9857025 0.0583772 0.0599970 0.0095363 0.9964445
1740547479.495960 19.7230034 -0.6043570 62.9900055 0.0638515 0.0456622 0.0122839 0.9968386
1740547479.596170 19.7652855 -0.5955430 62.9940720 0.0675254 0.0334928 0.0149879 0.9970426
1740547479.697733 19.7998009 -0.6082990 62.9876709 0.0663185 0.0227755 0.0188779 0.9973599
1740547479.794034 19.8332844 -0.6040967 62.9964142 0.0686671 0.0102773 0.0220436 0.9973431
1740547479.898512 19.8494873 -0.6126268 63.0028915 0.0684616 0.0030923 0.0244399 0.9973496
1740547479.995877 19.9089184 -0.6068223 63.0193748 0.0708455 -0.0143936 0.0291567 0.9969572
1740547480.096623 19.9448757 -0.5530164 63.0384026 0.0880976 -0.0254554 0.0287100 0.9953726
1740547480.198112 19.9970264 -0.5607103 63.0460930 0.0890511 -0.0409938 0.0302781 0.9947224
1740547480.296419 20.0421581 -0.5551764 63.0599899 0.0914413 -0.0582938 0.0365316 0.9934313
1740547480.399392 20.0849037 -0.5641168 63.0801163 0.0903106 -0.0727050 0.0383402 0.9925160
1740547480.498411 20.1550674 -0.5645613 63.0945053 0.0929518 -0.0948507 0.0412003 0.9902858
1740547480.599931 20.2058220 -0.4872103 63.1235123 0.1158611 -0.1127214 0.0376289 0.9861310
1740547480.701528 20.3016243 -0.5095534 63.1591072 0.1101261 -0.1415289 0.0365517 0.9831102
1740547480.799627 20.3780594 -0.5470994 63.2154617 0.1008113 -0.1653618 0.0352480 0.9804336
1740547480.903900 20.4549618 -0.5676267 63.2693596 0.0971507 -0.1921497 0.0346127 0.9759315
1740547481.004269 20.4034462 -0.6518754 63.3450623 0.0832551 -0.1934469 0.0295534 0.9771251
1740547481.214955 20.3424416 -0.6850774 63.5349998 0.0855900 -0.2019165 0.0298164 0.9752001
1740547481.426217 20.2820206 -0.7350764 63.7043076 0.0814264 -0.2067671 0.0300513 0.9745328
1740547481.630777 20.1972084 -0.7938805 63.8759079 0.0753080 -0.2098670 0.0263583 0.9744690
1740547481.934468 20.1045265 -0.8454305 64.0437775 0.0681611 -0.2117826 0.0243151 0.9746338
