1740547378.978799 0.0000000 0.0000000 0.0000000 -0.0000000 -0.0000000 -0.0000000 1.0000000
1740547379.653344 -0.0065586 -0.0126553 0.0861529 -0.0006423 0.0001077 -0.0000544 0.9999998
1740547379.819474 -0.0102005 -0.0246896 0.1791510 -0.0010626 -0.0000246 -0.0002683 0.9999994
1740547380.003138 -0.0107512 -0.0368229 0.2694977 -0.0006533 0.0000002 -0.0003876 0.9999997
1740547380.152941 -0.0086474 -0.0271490 0.3619981 0.0009537 0.0000509 -0.0003390 0.9999995
1740547380.252604 -0.0073835 -0.0363396 0.4514110 0.0017569 -0.0000898 -0.0000732 0.9999985
1740547380.353549 -0.0052359 -0.0496444 0.5436630 0.0028817 -0.0002726 -0.0001646 0.9999958
1740547380.454416 -0.0000368 -0.0422150 0.6377254 0.0053104 -0.0003870 -0.0003813 0.9999858
1740547380.555895 -0.0025563 -0.0565728 0.7247459 0.0065370 -0.0006137 -0.0003401 0.9999784
1740547380.664940 -0.0086822 -0.0606186 0.8191060 0.0086130 -0.0006700 -0.0002621 0.9999626
1740547380.768106 0.0037392 -0.0497592 0.9110015 0.0114876 -0.0014721 -0.0001285 0.9999329
1740547380.875040 -0.0098627 -0.0624063 1.0004758 0.0130597 -0.0016062 -0.0002382 0.9999135
1740547380.978255 -0.0185838 -0.0585879 1.0931447 0.0155835 -0.0015846 0.0000204 0.9998773
1740547381.087908 -0.0080426 -0.0538904 1.1869941 0.0186375 -0.0025807 -0.0001289 0.9998230
1740547381.192124 -0.0004064 -0.0536928 1.2778509 0.0218011 -0.0034303 -0.0001187 0.9997565
1740547381.298306 -0.0001839 -0.0709713 1.3666015 0.0243941 -0.0042176 -0.0001100 0.9996935
1740547381.403500 -0.0190941 -0.0934220 1.4549749 0.0271509 -0.0044030 -0.0002062 0.9996217
1740547381.505542 -0.0279903 -0.1080312 1.5504254 0.0299328 -0.0044288 0.0001137 0.9995421
1740547381.616841 -0.0212518 -0.1112083 1.6423048 0.0334391 -0.0059612 -0.0003052 0.9994230
1740547381.722513 -0.0361302 -0.1278905 1.7320797 0.0360180 -0.0066028 -0.0001153 0.9993293
1740547381.835389 -0.0338786 -0.1305684 1.8295988 0.0392548 -0.0078391 -0.0003435 0.9991984
1740547381.936831 -0.0565795 -0.1554634 1.9202602 0.0419616 -0.0074686 -0.0003137 0.9990913
1740547382.036687 -0.0546188 -0.1647069 2.0143449 0.0454648 -0.0094150 -0.0004085 0.9989215
1740547382.145240 -0.0474624 -0.1748021 2.1134722 0.0479290 -0.0106807 -0.0005274 0.9987935
1740547382.243159 -0.0592767 -0.2038950 2.2075372 0.0500762 -0.0119038 -0.0002094 0.9986745
1740547382.347928 -0.0625301 -0.2177594 2.3045714 0.0520014 -0.0124460 -0.0004845 0.9985694
1740547382.455132 -0.0688893 -0.2376870 2.4028933 0.0546574 -0.0131772 -0.0006351 0.9984180
1740547382.556770 -0.0657656 -0.2583385 2.4983873 0.0562720 -0.0137702 -0.0007670 0.9983202
1740547382.660564 -0.0809153 -0.2855184 2.5863531 0.0567090 -0.0141839 -0.0001012 0.9982900
1740547382.762062 -0.0981827 -0.2889223 2.6769371 0.0586681 -0.0138702 -0.0001847 0.9981812
1740547382.870506 -0.1093117 -0.3094381 2.7762322 0.0602389 -0.0144657 -0.0003027 0.9980791
1740547382.973362 -0.1284789 -0.3378516 2.8700762 0.0604647 -0.0144052 -0.0007742 0.9980661
1740547383.086046 -0.1321501 -0.3600054 2.9668362 0.0602010 -0.0150160 -0.0006712 0.9980731
1740547383.188151 -0.1487635 -0.3826465 3.0471003 0.0593726 -0.0137832 -0.0009532 0.9981403
1740547383.288363 -0.1669559 -0.4168108 3.1358066 0.0588850 -0.0125382 -0.0013827 0.9981851
1740547383.399404 -0.1707966 -0.4214566 3.2255487 0.0587094 -0.0119471 -0.0011719 0.9982029
1740547383.502760 -0.1791187 -0.4515298 3.3080082 0.0562301 -0.0114137 -0.0017512 0.9983510
1740547383.613877 -0.1792345 -0.4728396 3.3978763 0.0548542 -0.0107710 -0.0018486 0.9984346
1740547383.716930 -0.2072737 -0.5005214 3.4953582 0.0536300 -0.0097694 -0.0018886 0.9985113
1740547383.815710 -0.2270289 -0.5245166 3.5672262 0.0510094 -0.0074151 -0.0024834 0.9986676
1740547383.921259 -0.2532033 -0.5222433 3.6574924 0.0497358 -0.0060266 -0.0014140 0.9987433
1740547384.019009 -0.2616524 -0.5612477 3.7473710 0.0460000 -0.0051902 -0.0029971 0.9989235
1740547384.120698 -0.2891319 -0.5461798 3.8302708 0.0443663 -0.0022643 -0.0018371 0.9990111
1740547384.220362 -0.3019939 -0.5824459 3.9225547 0.0408168 -0.0010977 -0.0025163 0.9991629
1740547384.321524 -0.3175701 -0.6065823 3.9940321 0.0371075 0.0022930 -0.0032723 0.9993033
1740547384.422472 -0.3466539 -0.6161672 4.0533538 0.0336453 0.0072328 -0.0027450 0.9994039
1740547384.526324 -0.3693128 -0.6409966 4.1512384 0.0309422 0.0087164 -0.0026332 0.9994797
1740547384.632420 -0.3924635 -0.6372843 4.2285190 0.0289355 0.0127624 -0.0021799 0.9994974
1740547384.732547 -0.4081749 -0.6224337 4.2885537 0.0286225 0.0172442 -0.0015341 0.9994404
1740547384.840899 -0.4224647 -0.6071337 4.3598113 0.0290650 0.0194160 -0.0023305 0.9993863
1740547384.939894 -0.4138730 -0.6139760 4.4437547 0.0270070 0.0193198 -0.0025150 0.9994454
1740547385.036326 -0.4268748 -0.6352045 4.5061049 0.0237448 0.0219907 -0.0040202 0.9994681
1740547385.137754 -0.4358642 -0.6346074 4.5380874 0.0217671 0.0223108 -0.0022637 0.9995115
1740547385.237897 -0.4501599 -0.6223235 4.5876179 0.0217238 0.0257458 -0.0015969 0.9994312
1740547385.342963 -0.4673084 -0.6531707 4.6606078 0.0194050 0.0299263 -0.0033610 0.9993581
1740547385.441604 -0.4733222 -0.6766351 4.7087512 0.0165841 0.0301810 -0.0035735 0.9994005
1740547385.538706 -0.4900328 -0.7118320 4.7843199 0.0123434 0.0316872 -0.0035286 0.9994154
1740547385.640438 -0.5074425 -0.7246510 4.8417792 0.0100754 0.0368654 -0.0046652 0.9992586
1740547385.738038 -0.4955517 -0.6954761 4.9108982 0.0120229 0.0387423 -0.0043055 0.9991676
1740547385.845775 -0.4693938 -0.6660070 4.9407210 0.0147747 0.0359439 -0.0021041 0.9992424
1740547385.942472 -0.4374695 -0.6761364 4.9686847 0.0134225 0.0328241 -0.0041682 0.9993623
1740547386.040737 -0.4677031 -0.6822989 5.0322056 0.0128332 0.0367061 -0.0042947 0.9992345
1740547386.144540 -0.4743416 -0.6907009 5.0973516 0.0112524 0.0379788 -0.0039709 0.9992073
1740547386.242378 -0.4914928 -0.6959611 5.1349602 0.0110850 0.0413089 -0.0036022 0.9990785
1740547386.347404 -0.5044607 -0.7036653 5.2088032 0.0107892 0.0442329 -0.0045128 0.9989528
1740547386.446685 -0.4906019 -0.7104899 5.3007679 0.0113127 0.0442137 -0.0049304 0.9989459
1740547386.546729 -0.4892260 -0.7078648 5.3782716 0.0117245 0.0449090 -0.0050584 0.9989095
1740547386.656613 -0.5094696 -0.6930130 5.4553118 0.0132628 0.0478896 -0.0049550 0.9987523
1740547386.754446 -0.5017254 -0.7050018 5.5113716 0.0124598 0.0471259 -0.0050551 0.9987985
1740547386.858149 -0.4731215 -0.7053760 5.5422182 0.0126108 0.0447744 -0.0049158 0.9989054
1740547386.960338 -0.4625741 -0.7258633 5.6057420 0.0112783 0.0453175 -0.0053608 0.9988946
1740547387.060607 -0.4392623 -0.7356055 5.6592598 0.0107128 0.0429606 -0.0053102 0.9990052
1740547387.164732 -0.4480991 -0.7427793 5.7384357 0.0119462 0.0451551 -0.0056796 0.9988924
1740547387.264117 -0.4519337 -0.7345966 5.8226924 0.0139109 0.0467858 -0.0053441 0.9987938
1740547387.371790 -0.4308172 -0.7485897 5.8854260 0.0114636 0.0468237 -0.0065014 0.9988163
1740547387.470985 -0.3925748 -0.7538593 5.9216642 0.0105679 0.0434561 -0.0065048 0.9989783
1740547387.570285 -0.3796888 -0.7581221 5.9939270 0.0100646 0.0432262 -0.0058686 0.9989974
1740547387.676393 -0.3881754 -0.7533649 6.0656304 0.0108700 0.0465557 -0.0061349 0.9988377
1740547387.777900 -0.3801930 -0.7684649 6.1543121 0.0102694 0.0479087 -0.0061340 0.9987801
1740547387.888898 -0.3671968 -0.7865900 6.2224483 0.0094863 0.0477148 -0.0055097 0.9988008
1740547387.993210 -0.3608560 -0.7783268 6.2818885 0.0094628 0.0497330 -0.0064897 0.9986966
1740547388.107845 -0.3675289 -0.7663462 6.3418975 0.0105888 0.0533637 -0.0067809 0.9984960
1740547388.208822 -0.3679299 -0.7838417 6.4121752 0.0087231 0.0548056 -0.0063520 0.9984387
1740547388.310517 -0.3405623 -0.8022084 6.4587684 0.0054707 0.0519502 -0.0064278 0.9986140
1740547388.420701 -0.3028546 -0.8130320 6.4884949 0.0020319 0.0471620 -0.0060279 0.9988670
1740547388.522552 -0.2743749 -0.8480211 6.5152688 -0.0044860 0.0436702 -0.0059961 0.9990180
1740547388.641423 -0.2374886 -0.8633257 6.5803690 -0.0074130 0.0410663 -0.0044537 0.9991190
1740547388.741643 -0.2078490 -0.8654627 6.6150565 -0.0113297 0.0376503 -0.0066932 0.9992043
1740547388.858275 -0.1780878 -0.8442829 6.6621046 -0.0115165 0.0334426 -0.0077148 0.9993445
1740547388.958688 -0.1465743 -0.8578349 6.6820226 -0.0161143 0.0267166 -0.0059234 0.9994956
1740547389.060776 -0.1247485 -0.8701273 6.7083135 -0.0187281 0.0203150 -0.0049847 0.9996058
1740547389.173989 -0.0890351 -0.8818534 6.7541771 -0.0226222 0.0150661 -0.0044182 0.9996209
1740547389.275050 -0.0564461 -0.8907433 6.7736702 -0.0276786 0.0073081 -0.0044018 0.9995805
1740547389.391308 -0.0372700 -0.8979297 6.7895517 -0.0296460 0.0000477 -0.0028113 0.9995565
1740547389.492245 -0.0108387 -0.9003958 6.8020401 -0.0335475 -0.0073057 -0.0037423 0.9994034
1740547389.609754 0.0086516 -0.8800317 6.8024211 -0.0307635 -0.0134319 -0.0051394 0.9994232
1740547389.710595 0.0311296 -0.8790195 6.8127942 -0.0308210 -0.0208103 -0.0045177 0.9992980
1740547389.812811 0.0522111 -0.8927617 6.8215098 -0.0347544 -0.0291428 -0.0061836 0.9989518
1740547389.922342 0.0834853 -0.9264728 6.8270555 -0.0416462 -0.0381076 -0.0054538 0.9983906
1740547390.025837 0.1114949 -0.9392827 6.8601532 -0.0452344 -0.0459911 -0.0052361 0.9979034
1740547390.139947 0.1556412 -0.9699407 6.8768296 -0.0501443 -0.0558491 -0.0050206 0.9971666
1740547390.243846 0.1773857 -0.9774061 6.9016409 -0.0517745 -0.0643106 -0.0048588 0.9965741
1740547390.363661 0.2088750 -0.9920814 6.9167452 -0.0554323 -0.0736903 -0.0058211 0.9957224
1740547390.464499 0.2288728 -0.9903716 6.9399028 -0.0547404 -0.0807379 -0.0063511 0.9952108
1740547390.568513 0.2511115 -0.9920418 6.9665475 -0.0530559 -0.0890379 -0.0052971 0.9946001
1740547390.682861 0.2843274 -0.9876386 6.9660277 -0.0505968 -0.0987226 -0.0054971 0.9938127
1740547390.790294 0.3103517 -0.9756151 6.9734936 -0.0487241 -0.1074801 -0.0066838 0.9929901
1740547390.898393 0.3216469 -0.9603812 7.0129399 -0.0442964 -0.1135943 -0.0064447 0.9925184
1740547391.004346 0.3507530 -0.9634184 7.0299892 -0.0439818 -0.1224442 -0.0057312 0.9914838
1740547391.112812 0.3816338 -0.9593865 7.0334220 -0.0424055 -0.1320017 -0.0065631 0.9903203
1740547391.219760 0.4109976 -0.9624198 7.0575585 -0.0438999 -0.1411404 -0.0068999 0.9889917
1740547391.322225 0.4350264 -0.9842383 7.0754542 -0.0469022 -0.1501133 -0.0064722 0.9875345
1740547391.429819 0.4573604 -0.9826116 7.0978007 -0.0472622 -0.1584696 -0.0067895 0.9862087
1740547391.535160 0.4706472 -0.9728197 7.1177497 -0.0453358 -0.1652328 -0.0071400 0.9851862
1740547391.646950 0.4779506 -0.9642680 7.1367946 -0.0442144 -0.1716425 -0.0078498 0.9841353
1740547391.754282 0.4942529 -0.9529967 7.1670699 -0.0430091 -0.1786487 -0.0079464 0.9829403
1740547391.860476 0.5086241 -0.9519279 7.1913271 -0.0436885 -0.1859093 -0.0087097 0.9815565
1740547391.963462 0.5290520 -0.9547311 7.2072377 -0.0452816 -0.1932811 -0.0097398 0.9800496
1740547392.064774 0.5459349 -0.9559380 7.2248650 -0.0460993 -0.2005792 -0.0102073 0.9785390
1740547392.172192 0.5616497 -0.9535387 7.2305679 -0.0442787 -0.2061888 -0.0096351 0.9774624
1740547392.275322 0.5749886 -0.9471756 7.2429047 -0.0435296 -0.2113615 -0.0096613 0.9763904
1740547392.384525 0.5892092 -0.9418998 7.2550936 -0.0412574 -0.2161468 -0.0090245 0.9754471
1740547392.489654 0.5982549 -0.9407580 7.2685757 -0.0468941 -0.2200121 -0.0123577 0.9742910
1740547392.595661 0.6069938 -0.9501537 7.2872686 -0.0526519 -0.2227188 -0.0149493 0.9733451
1740547392.711943 0.6105382 -0.9490615 7.2917452 -0.0556073 -0.2232744 -0.0163456 0.9730309
1740547392.815136 0.6187544 -0.9622086 7.3028679 -0.0619589 -0.2256590 -0.0180890 0.9720658
1740547392.924969 0.6160891 -0.9546088 7.3158011 -0.0650469 -0.2227373 -0.0203888 0.9724923
1740547393.027717 0.5993513 -0.9552224 7.3329101 -0.0669912 -0.2138813 -0.0224108 0.9743022
1740547393.140782 0.5859870 -0.9507341 7.3535566 -0.0684555 -0.2042621 -0.0247659 0.9762056
1740547393.243951 0.5727985 -0.9496344 7.3856134 -0.0738811 -0.1969339 -0.0249624 0.9773104
1740547393.364990 0.5635223 -0.9657791 7.4211755 -0.0868910 -0.1923275 -0.0274011 0.9770923
1740547393.464903 0.5561203 -0.9714038 7.4580483 -0.0983769 -0.1862598 -0.0278696 0.9771656
1740547393.568835 0.5447059 -0.9714863 7.5010033 -0.1065925 -0.1788745 -0.0290754 0.9776485
1740547393.677376 0.5454295 -0.9797191 7.5380526 -0.1161186 -0.1724498 -0.0292052 0.9777139
1740547393.779922 0.5410751 -0.9843025 7.5803409 -0.1241960 -0.1648850 -0.0317330 0.9779475
1740547393.891907 0.5391468 -0.9842995 7.6038499 -0.1326250 -0.1593488 -0.0335536 0.9776977
1740547393.995646 0.5331061 -0.9837385 7.6227355 -0.1398861 -0.1566018 -0.0341989 0.9771070
1740547394.115988 0.5772015 -0.9474266 7.6524143 -0.1447826 -0.1552031 -0.0386950 0.9764490
1740547394.217541 0.6285970 -0.9134627 7.6716757 -0.1457382 -0.1514448 -0.0380830 0.9769210
1740547394.323164 0.6557363 -0.9199872 7.7031465 -0.1533785 -0.1484916 -0.0405037 0.9761069
1740547394.429152 0.6670864 -0.8936980 7.7145543 -0.1550877 -0.1413313 -0.0419947 0.9768366
1740547394.533722 0.6790179 -0.8942339 7.7587762 -0.1608646 -0.1374948 -0.0438152 0.9763699
1740547394.645229 0.7039955 -0.8836595 7.7848053 -0.1647957 -0.1332318 -0.0448364 0.9762589
1740547394.756168 0.7357785 -0.8566849 7.8103786 -0.1677824 -0.1300087 -0.0453293 0.9761619
1740547394.862907 0.7489381 -0.8375000 7.8296566 -0.1716119 -0.1269058 -0.0471900 0.9758163
1740547394.974701 0.7552533 -0.8142495 7.8534575 -0.1736267 -0.1226913 -0.0480578 0.9759565
1740547395.075824 0.7610675 -0.7784561 7.8993096 -0.1764038 -0.1177887 -0.0502463 0.9759523
1740547395.185039 0.7738055 -0.7300797 7.9770422 -0.1795650 -0.1114286 -0.0516067 0.9760517
1740547395.289853 0.7699687 -0.6820046 8.0566978 -0.1832829 -0.1052947 -0.0533259 0.9759492
1740547395.398948 0.7612029 -0.6238036 8.1280537 -0.1859045 -0.0989996 -0.0549376 0.9760228
1740547395.504502 0.7409160 -0.5734799 8.2091713 -0.1894688 -0.0931636 -0.0565462 0.9758200
1740547395.612015 0.7175475 -0.5091338 8.2683220 -0.1917478 -0.0870561 -0.0575017 0.9758829
1740547395.718321 0.7120897 -0.4534729 8.3508711 -0.1942966 -0.0828257 -0.0586844 0.9756767
1740547395.823120 0.7051498 -0.4125849 8.4225178 -0.1966846 -0.0785766 -0.0596042 0.9754938
1740547395.929246 0.6988039 -0.3656358 8.5041695 -0.1995854 -0.0739979 -0.0605033 0.9752073
1740547396.031544 0.6982217 -0.3110782 8.5823946 -0.2021930 -0.0707523 -0.0614628 0.9748510
1740547396.141758 0.7149103 -0.2557026 8.6534500 -0.2038295 -0.0682080 -0.0627167 0.9746116
1740547396.244805 0.6865909 -0.2053021 8.7372303 -0.2071541 -0.0639086 -0.0638292 0.9741298
1740547396.366749 0.6776130 -0.1585657 8.8260317 -0.2110029 -0.0603578 -0.0647418 0.9734697
1740547396.465094 0.6746277 -0.0953111 8.8972883 -0.2131893 -0.0570792 -0.0653342 0.9731514
1740547396.568165 0.6794326 -0.0387613 8.9901056 -0.2171005 -0.0539511 -0.0660842 0.9724143
1740547396.678080 0.6691959 0.0033616 9.0766945 -0.2207733 -0.0504093 -0.0673510 0.9716902
1740547396.783631 0.6772296 0.0427621 9.1616001 -0.2248312 -0.0469517 -0.0678961 0.9708948
1740547396.891747 0.6785994 0.0945161 9.2492971 -0.2281815 -0.0438609 -0.0690194 0.9701782
1740547396.993016 0.6713896 0.1441011 9.3408909 -0.2312434 -0.0404191 -0.0698746 0.9695413
1740547397.098739 0.6521536 0.1827517 9.4316320 -0.2347026 -0.0368489 -0.0706143 0.9687985
1740547397.209694 0.6420844 0.2376409 9.5163689 -0.2377288 -0.0334277 -0.0716434 0.9681089
1740547397.325773 0.6376860 0.2903145 9.6023369 -0.2407491 -0.0296109 -0.0724290 0.9674281
1740547397.429564 0.6254689 0.3429988 9.6821671 -0.2436091 -0.0255149 -0.0738849 0.9667185
1740547397.529891 0.6416652 0.3975555 9.7656775 -0.2462009 -0.0216405 -0.0746621 0.9660965
1740547397.645070 0.6585093 0.4658002 9.8437433 -0.2479942 -0.0175727 -0.0759439 0.9656203
1740547397.743531 0.6775314 0.5209268 9.9201756 -0.2499897 -0.0131480 -0.0769669 0.9650950
1740547397.848115 0.7002175 0.5650247 10.0120192 -0.2526155 -0.0091714 -0.0780925 0.9643666
1740547397.961176 0.7221347 0.6160588 10.0989590 -0.2545311 -0.0049030 -0.0791303 0.9638093
1740547398.057857 0.7349396 0.6731641 10.1792784 -0.2555190 -0.0005283 -0.0802988 0.9634635
1740547398.162543 0.7470433 0.7254286 10.2659283 -0.2567255 0.0041545 -0.0813759 0.9630435
1740547398.260973 0.7705113 0.7672451 10.3555326 -0.2582039 0.0080082 -0.0826404 0.9625161
1740547398.365264 0.7668781 0.8206221 10.4400969 -0.2590866 0.0129873 -0.0838365 0.9621211
1740547398.463918 0.7630780 0.8675600 10.5300140 -0.2599510 0.0170753 -0.0848818 0.9617323
1740547398.561648 0.7564715 0.9126935 10.6189041 -0.2608067 0.0209975 -0.0861391 0.9613111
1740547398.668946 0.7577313 0.9739877 10.7016325 -0.2609782 0.0254330 -0.0871034 0.9610705
1740547398.771492 0.7731319 1.0266387 10.7882433 -0.2614962 0.0294379 -0.0880691 0.9607273
1740547398.877510 0.7916813 1.0748174 10.8762178 -0.2619609 0.0333883 -0.0894003 0.9603485
1740547398.973331 0.8101412 1.1280274 10.9566698 -0.2620449 0.0376639 -0.0903205 0.9600813
1740547399.069247 0.8322791 1.1805576 11.0380611 -0.2619852 0.0420569 -0.0915734 0.9597965
1740547399.182651 0.8645609 1.2314315 11.1211700 -0.2615731 0.0459429 -0.0926468 0.9596277
1740547399.280519 0.8854737 1.2682370 11.2099962 -0.2619443 0.0498412 -0.0937814 0.9592217
1740547399.383562 0.9090498 1.3183213 11.2927599 -0.2615444 0.0537430 -0.0948423 0.9590157
1740547399.482055 0.9250603 1.3591025 11.3830538 -0.2621981 0.0574329 -0.0956811 0.9585399
1740547399.579047 0.9269972 1.4117196 11.4657612 -0.2616514 0.0616633 -0.0969386 0.9583001
1740547399.683139 0.9427401 1.4600501 11.5471945 -0.2614239 0.0659657 -0.0980786 0.9579597
1740547399.779508 0.9699786 1.5062500 11.6304703 -0.2610802 0.0698186 -0.0989926 0.9576862
1740547399.880167 0.9993075 1.5485015 11.7208834 -0.2608787 0.0735800 -0.1000591 0.9573486
1740547399.977009 1.0244197 1.5926573 11.8040438 -0.2610048 0.0771724 -0.1009792 0.9569348
1740547400.074005 1.0526021 1.6394553 11.8906078 -0.2606541 0.0806319 -0.1019312 0.9566441
1740547400.177669 1.0753689 1.6898541 11.9742384 -0.2606531 0.0838827 -0.1027373 0.9562786
1740547400.275368 1.0877351 1.7497540 12.0596066 -0.2602777 0.0875135 -0.1038026 0.9559404
1740547400.386427 1.1128523 1.7917155 12.1469879 -0.2601185 0.0907184 -0.1045761 0.9556006
1740547400.480699 1.1369621 1.8387210 12.2314825 -0.2599392 0.0943577 -0.1056437 0.9551794
1740547400.578358 1.1671340 1.8835529 12.3152857 -0.2595647 0.0974374 -0.1064790 0.9548792
1740547400.692486 1.1995598 1.9247489 12.4025030 -0.2597036 0.1005617 -0.1073735 0.9544173
1740547400.793987 1.2283311 1.9639554 12.4874668 -0.2593091 0.1038278 -0.1081876 0.9540828
1740547400.892650 1.2610190 2.0080481 12.5732670 -0.2596788 0.1068933 -0.1088056 0.9535733
1740547400.993457 1.3017515 2.0498493 12.6569519 -0.2599165 0.1098888 -0.1096672 0.9530692
1740547401.087166 1.3245931 2.0959270 12.7328463 -0.2597754 0.1135560 -0.1102867 0.9526062
1740547401.192202 1.3464223 2.1580968 12.8139915 -0.2600481 0.1170495 -0.1109939 0.9520267
1740547401.287368 1.3899022 2.2030771 12.8987026 -0.2609303 0.1194369 -0.1116518 0.9514117
1740547401.391168 1.4252244 2.2455881 12.9834690 -0.2621221 0.1221231 -0.1122090 0.9506772
1740547401.485408 1.4419060 2.3017008 13.0607328 -0.2623426 0.1254023 -0.1128900 0.9501086
1740547401.582150 1.4522237 2.3501713 13.1501036 -0.2634351 0.1292843 -0.1136942 0.9491897
1740547401.682904 1.4765086 2.3985608 13.2353086 -0.2644850 0.1328408 -0.1142457 0.9483401
1740547401.777409 1.5150917 2.4381340 13.3160391 -0.2659587 0.1361028 -0.1147625 0.9474025
1740547401.876697 1.5421774 2.4834983 13.4005566 -0.2679067 0.1398431 -0.1152931 0.9462438
1740547401.977120 1.5749084 2.5276408 13.4843473 -0.2698752 0.1436282 -0.1159363 0.9450381
1740547402.069708 1.6232896 2.5722914 13.5594339 -0.2726973 0.1471029 -0.1160691 0.9436762
1740547402.172442 1.6675559 2.6195602 13.6355667 -0.2751413 0.1505633 -0.1166942 0.9423431
1740547402.264997 1.7015188 2.6697249 13.7160416 -0.2785186 0.1545432 -0.1173904 0.9406186
1740547402.359098 1.7453768 2.7254210 13.7908077 -0.2813336 0.1580899 -0.1175277 0.9391732
1740547402.457412 1.7859610 2.7748232 13.8664865 -0.2852926 0.1621799 -0.1178111 0.9372440
1740547402.549738 1.8339953 2.8245108 13.9410343 -0.2890587 0.1658685 -0.1178448 0.9354386
1740547402.648233 1.8874700 2.8738980 14.0112762 -0.2933062 0.1693558 -0.1176140 0.9335186
1740547402.743256 1.9367496 2.9222846 14.0872946 -0.2978396 0.1730977 -0.1182208 0.9313176
1740547402.837815 1.9805907 2.9769173 14.1565752 -0.3025473 0.1771588 -0.1183041 0.9290231
1740547402.935928 2.0244076 3.0380569 14.2278652 -0.3078782 0.1806877 -0.1185384 0.9265590
1740547403.030162 2.0782523 3.0871034 14.2976818 -0.3132831 0.1843047 -0.1180897 0.9240889
1740547403.122543 2.1247025 3.1383731 14.3658028 -0.3186279 0.1880329 -0.1181890 0.9214941
1740547403.226187 2.1612175 3.2039099 14.4337215 -0.3237099 0.1916343 -0.1173389 0.9190864
1740547403.319192 2.2096560 3.2765312 14.4912472 -0.3284724 0.1942573 -0.1172675 0.9168524
1740547403.423380 2.2509410 3.3394694 14.5513897 -0.3335865 0.1979355 -0.1172448 0.9142184
1740547403.515972 2.2997363 3.4098380 14.6061563 -0.3389765 0.2010895 -0.1165950 0.9116269
1740547403.609962 2.3445382 3.4779792 14.6641808 -0.3440944 0.2042758 -0.1163036 0.9090346
1740547403.710842 2.3976390 3.5495663 14.7143774 -0.3491289 0.2071353 -0.1163532 0.9064579
1740547403.801705 2.4489429 3.6104374 14.7763023 -0.3542058 0.2101557 -0.1156096 0.9038846
1740547403.902016 2.4913123 3.6790695 14.8269291 -0.3579289 0.2134296 -0.1159726 0.9016014
1740547403.999148 2.5408161 3.7402174 14.8925343 -0.3634011 0.2164546 -0.1159221 0.8986930
1740547404.093256 2.5929387 3.8102498 14.9375839 -0.3669084 0.2191757 -0.1157389 0.8966297
1740547404.193450 2.6360822 3.8801708 14.9899979 -0.3707807 0.2223440 -0.1157611 0.8942506
1740547404.284256 2.6867666 3.9419963 15.0506449 -0.3746840 0.2253339 -0.1156058 0.8918923
1740547404.377511 2.7337859 4.0061936 15.1122866 -0.3776006 0.2284344 -0.1156751 0.8898622
1740547404.480717 2.7864594 4.0676727 15.1730576 -0.3803945 0.2316744 -0.1157346 0.8878247
1740547404.574558 2.8405797 4.1296930 15.2280254 -0.3824449 0.2344946 -0.1161778 0.8861439
1740547404.677012 2.8878341 4.1993599 15.2776127 -0.3837214 0.2378937 -0.1168941 0.8845905
1740547404.768324 2.9510052 4.2610025 15.3203907 -0.3853828 0.2402223 -0.1170383 0.8832188
1740547404.863355 3.0109069 4.3198524 15.3761921 -0.3869930 0.2434130 -0.1174389 0.8815864
1740547404.961313 3.0554368 4.3830843 15.4396105 -0.3877999 0.2469708 -0.1188150 0.8800566
1740547405.053473 3.1112995 4.4443889 15.4937487 -0.3883796 0.2503479 -0.1198086 0.8787110
1740547405.152886 3.1554880 4.5128136 15.5593023 -0.3897012 0.2548686 -0.1214964 0.8765920
1740547405.249141 3.2170506 4.5832243 15.6018248 -0.3892383 0.2581448 -0.1229207 0.8756399
1740547405.342440 3.2774894 4.6403680 15.6441355 -0.3891763 0.2610596 -0.1238273 0.8746750
1740547405.438653 3.3354926 4.7020464 15.6955643 -0.3893516 0.2649480 -0.1254019 0.8732023
1740547405.532241 3.4008455 4.7590461 15.7410526 -0.3890928 0.2685012 -0.1269124 0.8720133
1740547405.625415 3.4583714 4.8206034 15.7918501 -0.3893038 0.2722611 -0.1295556 0.8703631
1740547405.724538 3.5241075 4.8754177 15.8401365 -0.3894423 0.2762153 -0.1312873 0.8687943
1740547405.815816 3.5912585 4.9360328 15.8679333 -0.3878124 0.2787413 -0.1334561 0.8683861
1740547405.914756 3.6593618 4.9904442 15.9223700 -0.3891151 0.2825238 -0.1338937 0.8665115
1740547406.012782 3.7248030 5.0500946 15.9597588 -0.3890521 0.2849382 -0.1345689 0.8656442
1740547406.103204 3.7899866 5.1161509 16.0055618 -0.3891439 0.2883229 -0.1358475 0.8642814
1740547406.207598 3.8511996 5.1741991 16.0566559 -0.3901381 0.2916576 -0.1373567 0.8624739
1740547406.299462 3.9122570 5.2252626 16.1185017 -0.3914264 0.2952139 -0.1382767 0.8605310
1740547406.400624 3.9788778 5.2817240 16.1692734 -0.3920436 0.2975583 -0.1389822 0.8593282
1740547406.495136 4.0406241 5.3409138 16.2197762 -0.3925673 0.3001713 -0.1396802 0.8580661
1740547406.588004 4.0992513 5.4067860 16.2703781 -0.3926866 0.3022456 -0.1396848 0.8572823
1740547406.684330 4.1507649 5.4735069 16.3189316 -0.3934136 0.3042406 -0.1407643 0.8560659
1740547406.869951 4.2796297 5.5997853 16.4134483 -0.3964332 0.3085469 -0.1409541 0.8530953
1740547407.178228 4.4884892 5.7705622 16.5468922 -0.3991123 0.3136335 -0.1415552 0.8498856
1740547407.367727 4.6293612 5.8847971 16.6374969 -0.4025469 0.3169107 -0.1418947 0.8469886
1740547407.561319 4.7526937 6.0086398 16.7292862 -0.4040242 0.3194913 -0.1420862 0.8452818
1740547407.950656 5.0394821 6.2260823 16.8947449 -0.4108005 0.3256960 -0.1415942 0.8397120
1740547408.140761 5.1506581 6.3735914 16.9841976 -0.4126749 0.3280995 -0.1417319 0.8378319
1740547408.527892 5.4168830 6.6192207 17.1573944 -0.4173072 0.3329921 -0.1419607 0.8335575
1740547408.720414 5.5612187 6.7444453 17.2254086 -0.4189616 0.3351532 -0.1423842 0.8317875
1740547409.012197 5.7716026 6.9194365 17.3512726 -0.4204431 0.3378466 -0.1421039 0.8299962
1740547409.302649 6.0012989 7.0855293 17.4509220 -0.4217353 0.3393891 -0.1427802 0.8285941
1740547409.598786 6.2169752 7.2475204 17.5816116 -0.4226424 0.3400951 -0.1426872 0.8278582
1740547409.794366 6.3475480 7.3741050 17.6633606 -0.4221568 0.3390573 -0.1425051 0.8285626
1740547410.084528 6.5226059 7.5858698 17.7878017 -0.4215595 0.3388878 -0.1418324 0.8290515
1740547410.380562 6.7210102 7.7661400 17.9083691 -0.4185396 0.3366660 -0.1421937 0.8314214
1740547410.674364 6.9385934 7.9353056 18.0300407 -0.4151952 0.3339102 -0.1419448 0.8342474
1740547410.964586 7.1316257 8.1150064 18.1631775 -0.4114980 0.3324479 -0.1426737 0.8365358
1740547411.172333 7.2629976 8.2367363 18.2546768 -0.4075232 0.3321100 -0.1431771 0.8385274
1740547411.462534 7.4528666 8.4255457 18.3876495 -0.4010604 0.3326451 -0.1454615 0.8410344
1740547411.659711 7.5827999 8.5346003 18.4909515 -0.3979848 0.3331409 -0.1483691 0.8417909
1740547411.854399 7.7089610 8.6590128 18.5880184 -0.3931667 0.3339776 -0.1500797 0.8434187
1740547412.056816 7.8436317 8.7623940 18.6826553 -0.3886755 0.3367593 -0.1532010 0.8438329
1740547412.263380 7.9887614 8.8734207 18.7721233 -0.3840681 0.3392075 -0.1554843 0.8445440
1740547412.362159 8.0518808 8.9025049 18.8258572 -0.3827512 0.3414886 -0.1593541 0.8435007
1740547412.462384 8.1303034 8.9636240 18.8671684 -0.3792103 0.3420420 -0.1597807 0.8447940
1740547412.662513 8.2720909 9.0674191 18.9509716 -0.3739682 0.3458185 -0.1632516 0.8449298
1740547412.762145 8.3396645 9.0842543 19.0006752 -0.3741730 0.3470618 -0.1641148 0.8441617
1740547412.860562 8.4022312 9.0979538 19.0446434 -0.3726017 0.3482484 -0.1646981 0.8442544
1740547412.962931 8.4597511 9.1240597 19.0950203 -0.3703232 0.3508079 -0.1655441 0.8440318
1740547413.079586 8.5318689 9.1752377 19.1384506 -0.3683168 0.3522024 -0.1674582 0.8439514
1740547413.182369 8.6030359 9.2055445 19.1720390 -0.3653458 0.3520439 -0.1692660 0.8449477
1740547413.282374 8.6722813 9.2600060 19.2228279 -0.3622339 0.3551323 -0.1702483 0.8447977
1740547413.380409 8.7404747 9.2685509 19.2680511 -0.3610444 0.3569206 -0.1714947 0.8443010
1740547413.486234 8.7962475 9.2738123 19.3014126 -0.3597383 0.3576137 -0.1738158 0.8440906
1740547413.588606 8.8436775 9.2836084 19.3347435 -0.3577015 0.3589877 -0.1734214 0.8444541
1740547413.704277 8.9018250 9.2843037 19.3678188 -0.3551919 0.3585449 -0.1730365 0.8457793
1740547413.803486 8.9057970 9.2889977 19.3727570 -0.3530581 0.3603367 -0.1720158 0.8461194
1740547413.903273 8.9270630 9.2886753 19.3855629 -0.3517834 0.3605949 -0.1750327 0.8459216
1740547414.013997 8.9384956 9.2843857 19.4001770 -0.3506570 0.3622411 -0.1750692 0.8456783
1740547414.114082 8.9423866 9.2911739 19.3976364 -0.3469616 0.3630585 -0.1754626 0.8467699
1740547414.215514 8.9658918 9.2944117 19.4138260 -0.3442266 0.3635915 -0.1763993 0.8474625
1740547414.314294 8.9833069 9.3034010 19.4220734 -0.3415429 0.3636532 -0.1764117 0.8485186
1740547414.424329 8.9674864 9.2951126 19.4099236 -0.3410462 0.3643878 -0.1754682 0.8485988
1740547414.526966 8.9655199 9.2959499 19.4095192 -0.3398266 0.3652594 -0.1775575 0.8482788
1740547414.625939 8.9724560 9.2871714 19.4252014 -0.3385805 0.3655709 -0.1752361 0.8491251
1740547414.734191 8.9778843 9.2881603 19.4207382 -0.3382428 0.3657908 -0.1806111 0.8480381
1740547414.833371 8.9889984 9.2900562 19.4291668 -0.3349960 0.3660195 -0.1842283 0.8484500
1740547414.937228 9.0228453 9.2844048 19.4535751 -0.3374740 0.3656276 -0.1854459 0.8473710
1740547415.038537 9.0548325 9.2838163 19.4725571 -0.3328671 0.3643551 -0.1865809 0.8494895
1740547415.145264 9.0826006 9.2720118 19.4872093 -0.3331649 0.3607683 -0.1869131 0.8508295
1740547415.251169 9.1045532 9.2722750 19.4999084 -0.3297051 0.3606618 -0.1859256 0.8524373
1740547415.351321 9.1415358 9.2601843 19.5311871 -0.3268358 0.3596018 -0.1844337 0.8543121
1740547415.458010 9.1527195 9.2546816 19.5377388 -0.3239562 0.3580604 -0.1809540 0.8567969
1740547415.560267 9.1703558 9.2586336 19.5520782 -0.3206812 0.3584379 -0.1809127 0.8578791
1740547415.664918 9.1732569 9.2523499 19.5607433 -0.3205557 0.3592472 -0.1836525 0.8570048
1740547415.766200 9.1828671 9.2510300 19.5711384 -0.3184662 0.3592145 -0.1838007 0.8577654
1740547415.866339 9.1987476 9.2503347 19.6060905 -0.3159380 0.3588489 -0.1836482 0.8588854
1740547415.973841 9.2496510 9.2358217 19.6443253 -0.3131317 0.3553128 -0.1806005 0.8620237
1740547416.076335 9.2781057 9.2392960 19.6679573 -0.3103515 0.3552440 -0.1808607 0.8630024
1740547416.180303 9.2906151 9.2342987 19.6755829 -0.3092757 0.3543299 -0.1815154 0.8636267
1740547416.281870 9.2949219 9.2323036 19.6790333 -0.3075259 0.3541178 -0.1836795 0.8638809
1740547416.380674 9.2971554 9.2314014 19.6786308 -0.3043209 0.3535688 -0.1833400 0.8653117
1740547416.488592 9.3570032 9.2222443 19.7289848 -0.3017218 0.3519217 -0.1825344 0.8670619
1740547416.588044 9.4250727 9.2104321 19.7811127 -0.2989014 0.3491509 -0.1798929 0.8697069
1740547416.699904 9.4741955 9.2418461 19.8010712 -0.2930274 0.3474114 -0.1818889 0.8719844
1740547416.796336 9.5379238 9.2494402 19.8418350 -0.2892724 0.3450286 -0.1821030 0.8741369
1740547416.895366 9.6031227 9.2730331 19.8772106 -0.2848220 0.3432819 -0.1827471 0.8761492
1740547417.000938 9.6564770 9.2919998 19.9048920 -0.2798473 0.3408968 -0.1845528 0.8783024
1740547417.100752 9.6918278 9.3017178 19.9347191 -0.2765633 0.3389156 -0.1861627 0.8797684
1740547417.207667 9.7165060 9.3073301 19.9509087 -0.2699769 0.3374068 -0.1869415 0.8822256
1740547417.309767 9.7571869 9.3088827 19.9778519 -0.2645639 0.3336795 -0.1876767 0.8851222
1740547417.413382 9.8103390 9.2980871 20.0157471 -0.2621522 0.3300057 -0.1866029 0.8874412
1740547417.515040 9.8671541 9.2900620 20.0670700 -0.2582800 0.3276664 -0.1859933 0.8895688
1740547417.613864 9.8942928 9.3024750 20.0828781 -0.2515366 0.3251121 -0.1871331 0.8921954
1740547417.720642 9.9161053 9.3185587 20.0971088 -0.2432545 0.3227870 -0.1914596 0.8944154
1740547417.819345 9.9292812 9.3382978 20.1007042 -0.2356306 0.3219951 -0.1957342 0.8958156
1740547417.927436 9.9712677 9.3408337 20.1418571 -0.2281411 0.3180897 -0.1970248 0.8988615
1740547418.025201 10.0339632 9.3533602 20.1901169 -0.2199230 0.3147211 -0.1982772 0.9018152
1740547418.124908 10.0931110 9.3644943 20.2401237 -0.2127010 0.3103335 -0.1996819 0.9047533
1740547418.231632 10.1605082 9.3697672 20.2956963 -0.2068454 0.3064986 -0.1998301 0.9073817
1740547418.328176 10.2264633 9.3708639 20.3559933 -0.1999275 0.3042498 -0.2005577 0.9095261
1740547418.430763 10.2811642 9.3712368 20.4042473 -0.1928340 0.3003125 -0.2022585 0.9119863
1740547418.529573 10.3232336 9.3555555 20.4507790 -0.1867285 0.2966765 -0.2023293 0.9144279
1740547418.628841 10.3866663 9.3589268 20.5142479 -0.1795312 0.2942731 -0.2037846 0.9163207
1740547418.730232 10.4446745 9.3661060 20.5912819 -0.1722372 0.2922068 -0.2056145 0.9179718
1740547418.831733 10.5136604 9.3607006 20.6642876 -0.1655765 0.2891659 -0.2074637 0.9197426
1740547418.934033 10.5581675 9.3676939 20.7407494 -0.1575796 0.2873625 -0.2093259 0.9212894
1740547419.033190 10.5998421 9.3662109 20.8322773 -0.1532588 0.2867498 -0.2115433 0.9217027
1740547419.131094 10.6444597 9.3696995 20.9123611 -0.1464215 0.2851731 -0.2132756 0.9229034
1740547419.237091 10.7137547 9.3737688 20.9749451 -0.1396048 0.2821992 -0.2144432 0.9246017
1740547419.339606 10.7638683 9.3691139 21.0425091 -0.1332897 0.2799011 -0.2169219 0.9256533
1740547419.447164 10.8001785 9.3667183 21.1225414 -0.1274646 0.2804276 -0.2197060 0.9256578
1740547419.545086 10.8443565 9.3695087 21.2085819 -0.1207674 0.2799248 -0.2223146 0.9260851
1740547419.641638 10.8889847 9.3684845 21.2926121 -0.1139388 0.2795593 -0.2241791 0.9266112
1740547419.748413 10.9405107 9.3704138 21.3741360 -0.1079599 0.2789490 -0.2261464 0.9270329
1740547419.849475 10.9901237 9.3696098 21.4590530 -0.1011136 0.2788956 -0.2282702 0.9273004
1740547419.949813 11.0356836 9.3682156 21.5370560 -0.0950446 0.2798866 -0.2307402 0.9270324
1740547420.048263 11.0889053 9.3660259 21.5998878 -0.0876178 0.2795226 -0.2320502 0.9275467
1740547420.147280 11.1203394 9.3671751 21.6545105 -0.0810016 0.2803426 -0.2339486 0.9274237
1740547420.251592 11.1518745 9.3589821 21.7113953 -0.0768199 0.2822935 -0.2351404 0.9268862
1740547420.347483 11.2034626 9.3423109 21.7877731 -0.0720474 0.2835309 -0.2379197 0.9261823
1740547420.447495 11.2594452 9.3409348 21.8735847 -0.0655434 0.2845412 -0.2395287 0.9259408
1740547420.548676 11.3083134 9.3321867 21.9624844 -0.0605419 0.2862151 -0.2410978 0.9253580
1740547420.643444 11.3489628 9.3328562 22.0264931 -0.0541814 0.2898562 -0.2416104 0.9244848
1740547420.748676 11.3883705 9.3312912 22.0751419 -0.0463182 0.2922837 -0.2453124 0.9231721
1740547420.847854 11.4297228 9.3220043 22.1520309 -0.0421598 0.2950122 -0.2445416 0.9227079
1740547420.947269 11.4868736 9.3150539 22.2215500 -0.0366272 0.2967761 -0.2459504 0.9220037
1740547421.049680 11.5313196 9.2994995 22.2930584 -0.0326533 0.3001065 -0.2468573 0.9208319
1740547421.144294 11.5881786 9.2954655 22.3625641 -0.0262956 0.3018009 -0.2486763 0.9199918
1740547421.254047 11.6482353 9.2911644 22.4369011 -0.0208256 0.3048489 -0.2502721 0.9186933
1740547421.351730 11.7062588 9.2833633 22.5189133 -0.0158508 0.3070167 -0.2517798 0.9176582
1740547421.453204 11.7601013 9.2744961 22.5951233 -0.0109268 0.3093936 -0.2528081 0.9166484
1740547421.551746 11.8182249 9.2696304 22.6761112 -0.0056553 0.3121292 -0.2542971 0.9153559
1740547421.647522 11.8768330 9.2603416 22.7590046 -0.0002539 0.3144280 -0.2554134 0.9142751
1740547421.752363 11.9248600 9.2347031 22.8412514 0.0038941 0.3171361 -0.2567004 0.9129701
1740547421.849195 11.9805698 9.2231636 22.9181118 0.0089581 0.3201530 -0.2572683 0.9117209
1740547421.949614 12.0430298 9.1809578 22.9805012 0.0114080 0.3219388 -0.2585661 0.9106969
1740547422.047173 12.1018562 9.1441708 23.0399494 0.0135776 0.3229113 -0.2587959 0.9102575
1740547422.144206 12.1562977 9.1305275 23.1203861 0.0174386 0.3255924 -0.2594010 0.9090636
1740547422.251403 12.2140760 9.1121826 23.2027454 0.0199370 0.3283472 -0.2599013 0.9078777
1740547422.348187 12.2700729 9.0978327 23.2795258 0.0235257 0.3305310 -0.2609137 0.9067082
1740547422.448211 12.3304796 9.0881481 23.3517551 0.0278990 0.3326057 -0.2620055 0.9055099
1740547422.547240 12.3940697 9.0592651 23.4227962 0.0304611 0.3340609 -0.2624498 0.9047627
1740547422.645619 12.4434204 9.0439558 23.5073071 0.0334413 0.3364428 -0.2625973 0.9037315
1740547422.754093 12.4990253 9.0187035 23.5708103 0.0343158 0.3369638 -0.2629351 0.9034063
1740547422.852252 12.5502691 9.0191250 23.6374035 0.0375309 0.3388374 -0.2637540 0.9023383
1740547422.953602 12.5905600 9.0092955 23.7021198 0.0388233 0.3401487 -0.2646594 0.9015248
1740547423.052516 12.6188564 9.0064716 23.7446213 0.0408278 0.3414123 -0.2649680 0.9008678
1740547423.150839 12.6727190 8.9848328 23.8285542 0.0427959 0.3431966 -0.2651832 0.9000347
1740547423.257224 12.7351704 8.9594297 23.9025764 0.0443165 0.3440722 -0.2657077 0.8994719
1740547423.356516 12.7925797 8.9407358 23.9741096 0.0461505 0.3442857 -0.2659910 0.8992143
1740547423.463060 12.8420591 8.9082394 24.0498447 0.0456144 0.3455959 -0.2653471 0.8989292
1740547423.559476 12.9036980 8.8827753 24.1319599 0.0468846 0.3462601 -0.2660524 0.8983997
1740547423.658762 12.9553385 8.8684702 24.2086163 0.0480843 0.3473450 -0.2656623 0.8980328
1740547423.779476 13.0060568 8.8487320 24.2783203 0.0490906 0.3481853 -0.2663752 0.8974416
1740547423.875915 13.0628004 8.8092537 24.3466663 0.0491494 0.3478649 -0.2666667 0.8974760
1740547423.984198 13.1225424 8.7790642 24.4173431 0.0497577 0.3484362 -0.2666899 0.8972139
1740547424.082265 13.1810493 8.7567167 24.4936943 0.0502526 0.3488258 -0.2668268 0.8969943
1740547424.193256 13.2402239 8.7307396 24.5679512 0.0502850 0.3482855 -0.2666506 0.8972548
1740547424.289505 13.2964640 8.6975574 24.6474686 0.0498804 0.3484473 -0.2665075 0.8972571
1740547424.390241 13.3497229 8.6708183 24.7266159 0.0498419 0.3486308 -0.2665767 0.8971673
1740547424.602078 13.4660931 8.6160736 24.8819847 0.0498367 0.3482984 -0.2664398 0.8973374
1740547424.705506 13.5207577 8.5949097 24.9622726 0.0499822 0.3485506 -0.2665833 0.8971887
1740547424.807524 13.5793018 8.5583801 25.0374622 0.0491775 0.3485881 -0.2660510 0.8973766
1740547424.908771 13.6358757 8.5306034 25.1137695 0.0486891 0.3484553 -0.2661560 0.8974237
1740547425.015158 13.7019329 8.4980793 25.1842346 0.0481104 0.3479412 -0.2657900 0.8977628
1740547425.223266 13.8217621 8.4672966 25.3429871 0.0475591 0.3475405 -0.2662248 0.8978185
1740547425.436709 13.9320230 8.4078970 25.4812374 0.0451590 0.3479995 -0.2641543 0.8983760
1740547425.550308 13.9966030 8.3831348 25.5571747 0.0445280 0.3473692 -0.2643376 0.8985976
1740547425.647528 14.0592422 8.3630066 25.6414108 0.0446344 0.3461741 -0.2649935 0.8988603
1740547425.764214 14.1153927 8.3319864 25.7049484 0.0432750 0.3453355 -0.2646483 0.8993508
1740547426.076230 14.2971020 8.2490559 25.9291039 0.0396773 0.3420728 -0.2637728 0.9010193
1740547426.180208 14.3557053 8.2189159 26.0126553 0.0377916 0.3412302 -0.2634443 0.9015159
1740547426.396330 14.4633675 8.1942520 26.1770020 0.0363791 0.3389453 -0.2629953 0.9025664
1740547426.602056 14.5773268 8.1371651 26.3366661 0.0327328 0.3357174 -0.2627420 0.9039851
1740547426.706650 14.6361599 8.1220570 26.4124851 0.0312215 0.3338604 -0.2627570 0.9047216
1740547426.813322 14.6886549 8.0952168 26.4973831 0.0294923 0.3323417 -0.2622133 0.9054962
1740547426.915925 14.7363529 8.0596046 26.5791626 0.0266387 0.3303913 -0.2617895 0.9064205
1740547427.131085 14.8711205 8.0351982 26.7306461 0.0239132 0.3254673 -0.2616970 0.9083028
1740547427.348078 14.9851112 7.9962373 26.8912449 0.0200291 0.3211611 -0.2607859 0.9101896
1740547427.456555 15.0409851 7.9762344 26.9708176 0.0179633 0.3191206 -0.2600303 0.9111661
1740547427.567292 15.0782881 7.9668159 27.0613422 0.0159564 0.3178969 -0.2603115 0.9115509
1740547427.670137 15.1182775 7.9456019 27.1455555 0.0133757 0.3168173 -0.2594097 0.9122251
1740547427.887388 15.2481642 7.9371133 27.2996712 0.0102433 0.3120235 -0.2585772 0.9141523
1740547428.105683 15.3463440 7.9114127 27.4840088 0.0058104 0.3094017 -0.2576205 0.9153516
1740547428.215861 15.3883820 7.8968272 27.5732536 0.0037343 0.3087814 -0.2569140 0.9157704
1740547428.322494 15.4369974 7.8900423 27.6568356 0.0022369 0.3079454 -0.2564588 0.9161842
1740547428.548353 15.5338840 7.8726087 27.8325043 -0.0000761 0.3071557 -0.2557532 0.9166492
1740547428.775233 15.6636400 7.8324928 27.9899445 -0.0023003 0.3054737 -0.2554272 0.9172990
1740547428.883122 15.7129545 7.8274817 28.0684586 -0.0024107 0.3061385 -0.2552833 0.9171172
1740547428.995435 15.7717381 7.8135281 28.1513634 -0.0026661 0.3060085 -0.2552476 0.9171697
1740547429.321337 15.9622517 7.7813692 28.3891373 0.0003327 0.3057176 -0.2558062 0.9171150
1740547429.542788 16.0771904 7.7542925 28.5410538 0.0046502 0.3055846 -0.2573136 0.9167258
1740547429.782371 16.2051544 7.7158165 28.6926594 0.0110132 0.3051887 -0.2592612 0.9162545
1740547429.887886 16.2539482 7.6955256 28.7757244 0.0145335 0.3058730 -0.2605571 0.9156094
1740547429.999362 16.2905178 7.6716380 28.8695202 0.0183349 0.3070789 -0.2620454 0.9147123
1740547430.105485 16.3586464 7.6685333 28.9451828 0.0241435 0.3054305 -0.2638407 0.9146132
1740547430.216598 16.4247398 7.6584363 29.0183067 0.0303964 0.3034708 -0.2656325 0.9145605
1740547430.322891 16.4565849 7.6365910 29.1158066 0.0363502 0.3034412 -0.2677730 0.9137285
1740547430.540950 16.5593872 7.5808787 29.2768803 0.0507844 0.3003540 -0.2722805 0.9127277
1740547430.651624 16.5909615 7.5379510 29.3701000 0.0582198 0.2998559 -0.2747685 0.9117013
1740547430.758981 16.6161194 7.5047812 29.4621239 0.0664659 0.2996268 -0.2773924 0.9104173
1740547430.974216 16.7071171 7.4089699 29.6204453 0.0837393 0.2958353 -0.2824447 0.9086772
1740547431.185639 16.7713261 7.3078823 29.7826347 0.1012447 0.2942329 -0.2872078 0.9059184
1740547431.294209 16.8067322 7.2631378 29.8675194 0.1100359 0.2937537 -0.2898915 0.9041924
1740547431.506629 16.8977528 7.1778231 30.0246086 0.1279027 0.2929311 -0.2946840 0.9005519
1740547431.716864 16.9804249 7.0728149 30.1731205 0.1450343 0.2931157 -0.2991111 0.8964267
1740547432.025920 17.0999718 6.8971643 30.3868599 0.1698235 0.2944061 -0.3046692 0.8897538
1740547432.437038 17.2413845 6.6752567 30.6935730 0.1984964 0.2979591 -0.3111039 0.8803601
1740547432.749681 17.3796749 6.4788780 30.8809662 0.2152202 0.2995594 -0.3143425 0.8747190
1740547433.069051 17.4983711 6.2719955 31.0676498 0.2289480 0.2990872 -0.3177614 0.8701479
1740547433.379600 17.5991516 6.0562201 31.2538490 0.2373132 0.2953225 -0.3204929 0.8681886
1740547433.703354 17.7245369 5.8830605 31.4734879 0.2429382 0.2878726 -0.3248140 0.8675288
1740547434.012020 17.8104973 5.6962175 31.6913376 0.2439501 0.2770171 -0.3291180 0.8691555
1740547434.416773 17.8920765 5.4506235 31.9961929 0.2409771 0.2577382 -0.3352936 0.8735441
1740547434.731589 17.9535542 5.2787170 32.2296448 0.2347529 0.2410778 -0.3401807 0.8780944
1740547435.034935 18.0333252 5.1488085 32.4902267 0.2287640 0.2229838 -0.3452518 0.8824661
1740547435.453610 18.0943298 4.9287605 32.8240662 0.2167814 0.1973780 -0.3515026 0.8890972
1740547435.766433 18.1200733 4.7807112 33.0843010 0.2070396 0.1790063 -0.3553263 0.8937755
1740547436.069932 18.1608410 4.6624355 33.3577232 0.1973902 0.1605939 -0.3596594 0.8977148
1740547436.378843 18.1896877 4.5363607 33.6312256 0.1879231 0.1430546 -0.3631999 0.9012803
1740547436.683623 18.2066021 4.4161749 33.9073639 0.1775310 0.1255794 -0.3666773 0.9045774
1740547436.993886 18.2188950 4.3307753 34.1944733 0.1677866 0.1092363 -0.3696344 0.9073508
1740547437.301698 18.2353001 4.2260580 34.4769478 0.1581586 0.0929855 -0.3725515 0.9096950
1740547437.601963 18.2232780 4.1212969 34.7517395 0.1481248 0.0777905 -0.3752630 0.9116937
1740547437.907691 18.2402878 4.0427160 35.0407333 0.1380164 0.0614511 -0.3780784 0.9133630
1740547438.219670 18.2009392 3.9705629 35.3283577 0.1277523 0.0467843 -0.3801460 0.9148660
1740547438.617048 18.1894512 3.9036255 35.7186890 0.1142142 0.0255841 -0.3831020 0.9162606
1740547438.820249 18.1553249 3.8731499 35.9096680 0.1056982 0.0159148 -0.3844222 0.9169484
1740547439.228105 18.1167469 3.8103681 36.2981186 0.0884125 -0.0040825 -0.3865681 0.9180042
1740547439.533338 18.0670795 3.7810683 36.5900764 0.0742376 -0.0172905 -0.3884141 0.9183270
1740547439.837557 18.0119591 3.7843513 36.8793373 0.0583596 -0.0294129 -0.3894611 0.9187214
1740547440.145063 17.9825001 3.7901244 37.1757202 0.0421352 -0.0399728 -0.3912255 0.9184604
1740547440.446820 17.9675865 3.8070707 37.4646530 0.0254585 -0.0487507 -0.3921508 0.9182554
1740547440.752801 17.9382801 3.8454394 37.7573929 0.0097450 -0.0566111 -0.3932384 0.9176403
1740547441.152505 17.8775959 3.8812265 38.1406784 -0.0093996 -0.0662130 -0.3946141 0.9164100
1740547441.350615 17.8561993 3.9175713 38.3296318 -0.0176535 -0.0702929 -0.3950206 0.9158090
1740547441.653593 17.8306885 3.9644802 38.6182060 -0.0288466 -0.0758591 -0.3942450 0.9154148
1740547441.951703 17.7943192 4.0135422 38.9048004 -0.0375405 -0.0821363 -0.3951682 0.9141589
1740547442.151079 17.7536049 4.0418472 39.0905647 -0.0436702 -0.0863861 -0.3956235 0.9132975
1740547442.439621 17.7282887 4.0824862 39.3828087 -0.0518537 -0.0937228 -0.3958596 0.9120430
1740547442.640116 17.7139950 4.1308699 39.5723572 -0.0567552 -0.0984029 -0.3962216 0.9111006
1740547442.843882 17.6874752 4.1735339 39.7587166 -0.0627573 -0.1043099 -0.3956735 0.9102876
1740547443.040120 17.6472378 4.2323527 39.9426537 -0.0687466 -0.1109402 -0.3967167 0.9086155
1740547443.235775 17.6094151 4.2713490 40.1312904 -0.0761712 -0.1195397 -0.3966836 0.9069456
1740547443.426938 17.5696945 4.3425508 40.3043098 -0.0830892 -0.1279967 -0.3966666 0.9051898
1740547443.528243 17.5461998 4.3779569 40.3810081 -0.0867803 -0.1318705 -0.3968872 0.9041902
1740547443.628428 17.5299950 4.4233174 40.4606514 -0.0902722 -0.1363795 -0.3965074 0.9033456
1740547443.726440 17.5070133 4.4576621 40.5319366 -0.0943089 -0.1407954 -0.3960856 0.9024404
1740547443.833385 17.4898186 4.4989629 40.6140633 -0.0979572 -0.1452828 -0.3962319 0.9012755
1740547443.926958 17.4663715 4.5354562 40.6990089 -0.1017030 -0.1494382 -0.3959406 0.9003087
1740547444.028497 17.4462643 4.5779324 40.7816505 -0.1048271 -0.1533865 -0.3956919 0.8993952
1740547444.125749 17.4191933 4.6129961 40.8662262 -0.1091301 -0.1569508 -0.3953247 0.8984295
1740547444.324075 17.3734741 4.7006006 41.0404892 -0.1163724 -0.1632153 -0.3947626 0.8966497
1740547444.525378 17.3317375 4.7915688 41.2104797 -0.1221930 -0.1681181 -0.3949736 0.8948749
1740547444.718803 17.2759647 4.8526125 41.3786926 -0.1287934 -0.1720336 -0.3947288 0.8933117
1740547444.917624 17.2406502 4.9574876 41.5587502 -0.1317297 -0.1744507 -0.3946767 0.8924374
1740547445.021758 17.2093506 4.9742188 41.6400032 -0.1350510 -0.1745847 -0.3955180 0.8915418
1740547445.215790 17.1732979 5.0536318 41.8078995 -0.1376727 -0.1747478 -0.3954091 0.8911572
1740547445.317343 17.1588287 5.0813193 41.8965378 -0.1392191 -0.1747900 -0.3956311 0.8908100
1740547445.521910 17.1255608 5.1602349 42.0760765 -0.1401421 -0.1739184 -0.3958038 0.8907592
1740547445.616982 17.1064720 5.1904993 42.1685791 -0.1411815 -0.1731156 -0.3961175 0.8906120
1740547445.714508 17.0908279 5.2240610 42.2564392 -0.1414623 -0.1722216 -0.3963027 0.8906584
1740547445.817152 17.0785198 5.2704525 42.3438454 -0.1410256 -0.1712918 -0.3962005 0.8909523
1740547445.925900 17.0610390 5.3035192 42.4361954 -0.1411105 -0.1707020 -0.3968516 0.8907623
1740547446.125048 17.0338326 5.3907299 42.6145172 -0.1401944 -0.1689835 -0.3967053 0.8912996
1740547446.319981 16.9919643 5.4605031 42.7875900 -0.1393160 -0.1672906 -0.3972544 0.8915121
1740547446.522399 16.9527664 5.5275455 42.9670677 -0.1383119 -0.1658806 -0.3977561 0.8917083
1740547446.715279 16.9173031 5.5964308 43.1481400 -0.1369080 -0.1649760 -0.3976629 0.8921341
1740547447.018794 16.8512135 5.7115259 43.4162865 -0.1352025 -0.1642183 -0.3973961 0.8926528
1740547447.212847 16.8167381 5.7654886 43.5989075 -0.1344807 -0.1643281 -0.3975511 0.8926726
1740547447.524461 16.7546082 5.8770857 43.8633347 -0.1321235 -0.1641952 -0.3974907 0.8930759
1740547447.820059 16.6929111 5.9823785 44.1404190 -0.1307800 -0.1646420 -0.3974876 0.8931927
1740547448.024483 16.6489162 6.0420871 44.3169594 -0.1304546 -0.1642849 -0.3971923 0.8934374
1740547448.216312 16.6153240 6.1130037 44.4931335 -0.1294581 -0.1648477 -0.3967239 0.8936868
1740547448.415645 16.5858898 6.1925030 44.6749039 -0.1283616 -0.1651673 -0.3970914 0.8936227
1740547448.818426 16.5045109 6.3290076 45.0388908 -0.1266080 -0.1673708 -0.3963359 0.8937982
1740547449.016443 16.4595947 6.3903370 45.2168427 -0.1253730 -0.1682526 -0.3961936 0.8938699
1740547449.413099 16.3714027 6.5426745 45.5733604 -0.1222992 -0.1716618 -0.3952279 0.8940750
1740547449.614629 16.3287239 6.6061039 45.7569199 -0.1206634 -0.1741547 -0.3945444 0.8941170
1740547449.920047 16.2533245 6.7158813 46.0235367 -0.1175108 -0.1779633 -0.3934762 0.8942577
1740547450.129572 16.2093010 6.7867270 46.2034912 -0.1156906 -0.1811524 -0.3927203 0.8941869
1740547450.336263 16.1562901 6.8454957 46.3848991 -0.1144022 -0.1844554 -0.3920418 0.8939752
1740547450.736781 16.0484505 6.9774876 46.7489967 -0.1110418 -0.1925073 -0.3899197 0.8936293
1740547450.938363 15.9979134 7.0581427 46.9184341 -0.1096994 -0.1973177 -0.3886599 0.8932946
1740547451.341169 15.8773766 7.1924286 47.2762375 -0.1071284 -0.2055279 -0.3869557 0.8924949
1740547451.643770 15.7730122 7.3249502 47.5192680 -0.1039639 -0.2104663 -0.3855886 0.8923099
1740547452.165029 15.6244993 7.4814405 47.9584351 -0.0972006 -0.2196970 -0.3821200 0.8923394
1740547452.478236 15.5171490 7.5887771 48.1881638 -0.0919632 -0.2226715 -0.3811232 0.8925835
1740547452.684470 15.4581652 7.6531582 48.3677673 -0.0862275 -0.2241607 -0.3796342 0.8934174
1740547453.007372 15.3384094 7.7374487 48.6286087 -0.0764331 -0.2251652 -0.3776004 0.8949171
1740547453.323273 15.2259550 7.8301744 48.8881569 -0.0618100 -0.2243620 -0.3751041 0.8972949
1740547453.535224 15.1604023 7.8729515 49.0691071 -0.0504315 -0.2240612 -0.3727123 0.8990766
1740547453.946931 15.0235586 7.9337831 49.4306183 -0.0211121 -0.2255399 -0.3669958 0.9022196
1740547454.261111 14.9380493 7.9590554 49.7134933 0.0067782 -0.2286203 -0.3607038 0.9042011
1740547454.673695 14.7735853 7.9714994 50.0735092 0.0501517 -0.2383921 -0.3501289 0.9044688
1740547455.076205 14.5362473 7.9602284 50.3919754 0.1006086 -0.2534510 -0.3368185 0.9012179
1740547455.478169 14.2507820 7.8438272 50.6545105 0.1539298 -0.2708595 -0.3202820 0.8946285
1740547455.894397 13.9557972 7.7657261 50.9195747 0.2060885 -0.2863799 -0.3037320 0.8850203
1740547456.325202 13.6648140 7.6513329 51.1613884 0.2544536 -0.2930072 -0.2865995 0.8759343
1740547456.731937 13.3947315 7.4368486 51.3715134 0.2971325 -0.2889845 -0.2690687 0.8693689
1740547457.145395 13.1357956 7.2233982 51.6022263 0.3360716 -0.2737481 -0.2498796 0.8658395
1740547457.449021 12.9524574 7.1128674 51.8135605 0.3631380 -0.2561671 -0.2336422 0.8648240
1740547457.759897 12.7903576 6.9871731 52.0343361 0.3904603 -0.2317251 -0.2157980 0.8644510
1740547458.075035 12.6663322 6.7459736 52.1564445 0.4183182 -0.2035165 -0.1956509 0.8633143
1740547458.374188 12.5702496 6.4605312 52.2399750 0.4453715 -0.1710473 -0.1733564 0.8615884
1740547458.673502 12.4940195 6.1992931 52.3795662 0.4701873 -0.1374351 -0.1507886 0.8586608
1740547458.979841 12.4084625 5.9370041 52.5097961 0.4898846 -0.1031017 -0.1279989 0.8561538
1740547459.183624 12.4020538 5.7561378 52.5901146 0.4997116 -0.0809552 -0.1132386 0.8549337
1740547459.502080 12.4345188 5.4749889 52.7048492 0.5105626 -0.0513673 -0.0951848 0.8530106
1740547459.806434 12.4251986 5.2237587 52.8621368 0.5149104 -0.0255686 -0.0791591 0.8531983
1740547460.016412 12.4293966 5.0552902 52.9760628 0.5152261 -0.0116668 -0.0704805 0.8540717
1740547460.221569 12.4201097 4.8693562 53.0537643 0.5132778 -0.0001296 -0.0636624 0.8558580
1740547460.430413 12.4239550 4.6941357 53.1549721 0.5102561 0.0087323 -0.0588435 0.8579627
1740547460.641326 12.4515724 4.5240765 53.2569046 0.5064355 0.0149651 -0.0556676 0.8603489
1740547460.858473 12.4560099 4.3478737 53.3597755 0.5014877 0.0189841 -0.0533703 0.8633084
1740547461.064546 12.4500265 4.1680908 53.4508095 0.4950068 0.0207744 -0.0521192 0.8670757
1740547461.277540 12.4404898 3.9933834 53.5558777 0.4889927 0.0204621 -0.0527644 0.8704501
1740547461.580062 12.4581661 3.7548122 53.7398186 0.4773511 0.0179047 -0.0545286 0.8768364
1740547461.886921 12.4204216 3.4996910 53.9073296 0.4632309 0.0126740 -0.0579650 0.8842492
1740547462.093672 12.4184103 3.3486290 54.0428352 0.4539897 0.0080178 -0.0608448 0.8888909
1740547462.395072 12.3763447 3.1160412 54.2403564 0.4376212 0.0011255 -0.0653044 0.8967842
1740547462.706656 12.3430977 2.9002743 54.4459915 0.4206780 -0.0063756 -0.0695178 0.9045201
1740547462.905523 12.3186750 2.7636633 54.5859375 0.4086696 -0.0110551 -0.0725709 0.9097255
1740547463.106156 12.3099003 2.6316032 54.7365761 0.3961288 -0.0157603 -0.0754438 0.9149546
1740547463.305235 12.2891426 2.5080557 54.9075928 0.3839477 -0.0198789 -0.0778496 0.9198524
1740547463.502165 12.2655582 2.3755341 55.0508347 0.3712403 -0.0229840 -0.0803538 0.9247679
1740547463.700706 12.2300358 2.2390766 55.2043686 0.3588625 -0.0254199 -0.0816511 0.9294647
1740547464.012212 12.1886024 2.0824442 55.4538345 0.3411312 -0.0293884 -0.0836592 0.9358243
1740547464.209178 12.1675682 1.9536228 55.6179047 0.3287825 -0.0302858 -0.0844577 0.9401339
1740547464.410032 12.1395407 1.8529739 55.7979584 0.3166516 -0.0312541 -0.0861356 0.9441057
1740547464.614706 12.1164885 1.7431040 55.9471855 0.3050643 -0.0318776 -0.0864468 0.9478642
1740547464.816962 12.0936165 1.6486487 56.1284561 0.2937267 -0.0316354 -0.0874223 0.9513575
1740547465.021712 12.0827494 1.5493288 56.2975845 0.2823156 -0.0309860 -0.0877328 0.9547988
1740547465.216990 12.0721636 1.4500566 56.4741516 0.2710486 -0.0295976 -0.0875039 0.9581230
1740547465.417915 12.0417347 1.3745914 56.6507683 0.2599109 -0.0281976 -0.0880413 0.9611971
1740547465.624795 12.0142717 1.2801380 56.8253326 0.2493743 -0.0256619 -0.0877571 0.9640813
1740547465.824843 11.9911509 1.2068036 57.0018959 0.2392210 -0.0232812 -0.0867323 0.9668034
1740547466.033927 11.9881144 1.1172719 57.1818161 0.2287385 -0.0196716 -0.0864694 0.9694405
1740547466.225802 11.9688425 1.0480502 57.3675613 0.2182004 -0.0148322 -0.0854241 0.9720449
1740547466.426498 11.9610491 0.9690206 57.5474358 0.2077885 -0.0099460 -0.0846569 0.9744528
1740547466.634085 11.9620857 0.8979661 57.7301865 0.1985118 -0.0051624 -0.0833265 0.9765363
1740547466.834770 11.9513130 0.8348553 57.9143715 0.1887135 0.0006558 -0.0819787 0.9786043
1740547467.044933 11.9555302 0.7736576 58.1053276 0.1795314 0.0074241 -0.0804050 0.9804327
1740547467.237967 11.9615402 0.7114078 58.2921982 0.1692545 0.0144707 -0.0794094 0.9822615
1740547467.534756 11.9780512 0.6467689 58.5576706 0.1551106 0.0268700 -0.0762543 0.9845831
1740547467.732802 11.9899149 0.5905609 58.7469940 0.1448454 0.0348143 -0.0748520 0.9860045
1740547467.932493 12.0173845 0.5328950 58.9352722 0.1340525 0.0436349 -0.0732659 0.9872984
1740547468.233395 12.0297556 0.4877527 59.2278061 0.1162551 0.0590881 -0.0697872 0.9890010
1740547468.433112 12.0619183 0.4652475 59.4207344 0.1042397 0.0694097 -0.0678201 0.9898065
1740547468.733155 12.1165047 0.3970774 59.7046089 0.0826373 0.0876675 -0.0646528 0.9906086
1740547469.049272 12.1825228 0.3574674 59.9883614 0.0596841 0.1080976 -0.0608584 0.9904792
1740547469.445022 12.2928419 0.3419946 60.3719025 0.0263476 0.1400467 -0.0540563 0.9883171
1740547469.754133 12.3932123 0.3667787 60.6577530 -0.0010100 0.1678300 -0.0493001 0.9845819
1740547470.065283 12.5224800 0.3933867 60.9300003 -0.0317796 0.1983064 -0.0428311 0.9786880
1740547470.383003 12.6794214 0.4393356 61.1845322 -0.0647411 0.2320380 -0.0364701 0.9698644
1740547470.585105 12.8049812 0.4881389 61.3384132 -0.0877013 0.2537057 -0.0328214 0.9627382
1740547470.783145 12.9300785 0.5557075 61.4843369 -0.1101581 0.2770519 -0.0282843 0.9541004
1740547470.982671 13.0680256 0.6324334 61.6103821 -0.1308990 0.2971476 -0.0242546 0.9455054
1740547471.185656 13.2036142 0.7013433 61.7394600 -0.1529700 0.3180266 -0.0193713 0.9354593
1740547471.388626 13.3398590 0.7925041 61.8527374 -0.1729769 0.3367650 -0.0143484 0.9254526
1740547471.590962 13.4888830 0.8721352 61.9672318 -0.1924423 0.3528507 -0.0105565 0.9156150
1740547471.791294 13.6379833 0.9709702 62.0671539 -0.2097060 0.3665898 -0.0067588 0.9064158
1740547471.986646 13.7855291 1.0728550 62.1653061 -0.2245758 0.3774398 -0.0034529 0.8983836
1740547472.192963 13.9301624 1.1739273 62.2710495 -0.2359293 0.3868109 -0.0003552 0.8914677
1740547472.396867 14.0728798 1.2782240 62.3842697 -0.2462536 0.3934167 0.0032001 0.8857608
1740547472.596572 14.2066078 1.3778467 62.4959335 -0.2533826 0.3990192 0.0060196 0.8812178
1740547472.803176 14.3630905 1.4750233 62.5991707 -0.2589986 0.4007085 0.0085750 0.8787941
1740547472.996759 14.5054140 1.5778131 62.7034225 -0.2617119 0.4015112 0.0105268 0.8776017
1740547473.200395 14.6511259 1.6736679 62.8129272 -0.2602856 0.3994904 0.0105491 0.8789469
1740547473.404131 14.7919817 1.7694407 62.9253235 -0.2581012 0.3960614 0.0115288 0.8811278
1740547473.607709 14.9247952 1.8567686 63.0421295 -0.2540502 0.3899348 0.0113849 0.8850310
1740547473.815694 15.0573664 1.9420195 63.1672897 -0.2468221 0.3827856 0.0099910 0.8901989
1740547473.911676 15.1148214 1.9831591 63.2419586 -0.2437487 0.3798728 0.0092947 0.8922986
1740547474.120397 15.2533646 2.0621367 63.3603973 -0.2376707 0.3706438 0.0100305 0.8977946
1740547474.426886 15.4201012 2.1718302 63.5725784 -0.2250170 0.3589846 0.0060437 0.9057930
1740547474.628521 15.5251808 2.2459536 63.7096252 -0.2168426 0.3492386 0.0047469 0.9115861
1740547474.832872 15.6582832 2.3100619 63.8361626 -0.2072704 0.3389211 0.0058057 0.9176807
1740547475.035671 15.7535534 2.4159467 63.9818420 -0.1977960 0.3286281 0.0040640 0.9235063
1740547475.240242 15.8611603 2.4630961 64.1360092 -0.1872669 0.3179987 0.0030541 0.9294077
1740547475.547787 16.0401039 2.5253329 64.3538895 -0.1731222 0.3024324 0.0017092 0.9373155
1740547475.650437 16.0875092 2.5506432 64.4088745 -0.1676642 0.2975937 0.0017726 0.9398530
1740547475.854522 16.1907902 2.5903502 64.5633392 -0.1592936 0.2869294 0.0006292 0.9446146
1740547475.951912 16.2439041 2.6143758 64.6290970 -0.1550357 0.2823607 -0.0002409 0.9466976
1740547476.068214 16.2992935 2.6422150 64.6905289 -0.1501144 0.2761777 0.0000537 0.9493111
1740547476.162799 16.3436432 2.6582627 64.7810516 -0.1466457 0.2723466 -0.0016642 0.9509572
1740547476.374318 16.4342690 2.7103784 64.9367981 -0.1379932 0.2614986 -0.0030299 0.9552838
1740547476.469495 16.4753647 2.7270963 64.9790497 -0.1355281 0.2572266 0.0017537 0.9567986
1740547476.669949 16.5449314 2.7926674 65.0327301 -0.1251825 0.2439530 0.0047071 0.9616622
1740547476.767931 16.5728436 2.8198762 65.0541687 -0.1210385 0.2390911 0.0039022 0.9634157
1740547476.965134 16.6040993 2.8731983 65.0785141 -0.1108114 0.2296950 0.0015171 0.9669327
1740547477.076387 16.6165371 2.8901713 65.0953140 -0.1080119 0.2252203 -0.0004042 0.9683022
1740547477.171320 16.6619396 2.8922029 65.1171265 -0.1064157 0.2159052 0.0024696 0.9705949
1740547477.374433 16.7064323 2.9678922 65.1885910 -0.0943123 0.2068778 0.0003856 0.9738104
1740547477.468811 16.7416649 2.9943771 65.2116776 -0.0895855 0.1990371 0.0002480 0.9758886
1740547477.581517 16.7842407 3.0265810 65.2363052 -0.0825500 0.1899282 0.0017706 0.9783198
1740547477.676664 16.8261986 3.0394163 65.2586975 -0.0797560 0.1817401 0.0009257 0.9801064
1740547477.770428 16.8506870 3.0505514 65.2962799 -0.0778621 0.1778928 0.0025887 0.9809613
1740547477.872344 16.8944550 3.0576575 65.3171234 -0.0740983 0.1686162 0.0050598 0.9828796
1740547477.970112 16.9363441 3.0589707 65.3301086 -0.0726685 0.1593249 0.0083882 0.9845123
1740547478.177846 16.9983082 3.0812724 65.3520203 -0.0649029 0.1431225 0.0138473 0.9874775
1740547478.277173 17.0263519 3.0876200 65.3559647 -0.0614773 0.1341415 0.0188857 0.9888731
1740547478.379658 17.0370369 3.0927680 65.3631287 -0.0589205 0.1284971 0.0194212 0.9897675
1740547478.474885 17.0562210 3.1222844 65.3653641 -0.0504379 0.1214600 0.0213087 0.9910850
1740547478.575571 17.0754547 3.1307731 65.3825302 -0.0466304 0.1165111 0.0228928 0.9918300
1740547478.671682 17.1024876 3.1568823 65.3949509 -0.0403150 0.1089565 0.0227203 0.9929688
1740547478.769936 17.1051044 3.2036121 65.4004364 -0.0286523 0.1071332 0.0199219 0.9936321
1740547478.871671 17.1172485 3.2142651 65.4094162 -0.0237707 0.1025870 0.0205214 0.9942282
1740547478.970191 17.1078835 3.2515550 65.4168091 -0.0118056 0.1015507 0.0187877 0.9945829
1740547479.072094 17.1412792 3.2678161 65.4296722 -0.0072539 0.0918152 0.0193019 0.9955626
1740547479.171633 17.1771851 3.2743499 65.4370499 -0.0038729 0.0814710 0.0203553 0.9964603
1740547479.269981 17.1791534 3.2722459 65.4373245 -0.0021757 0.0767893 0.0176182 0.9968894
1740547479.398576 17.1899261 3.3066440 65.4478302 0.0073548 0.0701605 0.0183767 0.9973393
1740547479.495960 17.2198715 3.3211446 65.4465714 0.0154928 0.0594559 0.0185881 0.9979376
1740547479.596170 17.2439098 3.3371558 65.4445877 0.0218573 0.0516188 0.0198497 0.9982303
1740547479.697733 17.2850971 3.3195360 65.4400330 0.0197544 0.0385302 0.0219569 0.9988209
1740547479.794034 17.3072205 3.3125703 65.4486694 0.0174003 0.0301981 0.0263065 0.9990462
1740547479.898512 17.3403778 3.2969313 65.4567795 0.0147884 0.0178890 0.0306559 0.9992605
1740547479.995877 17.3841972 3.3052380 65.4741287 0.0166679 0.0056891 0.0350163 0.9992316
1740547480.096623 17.4012260 3.3421106 65.4871674 0.0288409 -0.0017190 0.0326354 0.9990497
1740547480.198112 17.4702435 3.3235435 65.4925919 0.0258066 -0.0224930 0.0359451 0.9987673
1740547480.296419 17.5090351 3.3334892 65.5035019 0.0296232 -0.0376628 0.0413091 0.9979968
1740547480.399392 17.5652256 3.3367138 65.5182114 0.0297296 -0.0575546 0.0470646 0.9967892
1740547480.498411 17.6147137 3.3303206 65.5307388 0.0296057 -0.0758431 0.0489352 0.9954781
1740547480.599931 17.6772194 3.3751082 65.5537949 0.0436316 -0.0975280 0.0505153 0.9929919
1740547480.701528 17.7230911 3.3196642 65.5755234 0.0258475 -0.1132388 0.0538915 0.9917684
1740547480.799627 17.8035774 3.2735868 65.6518936 0.0147853 -0.1346550 0.0565506 0.9891670
1740547480.903900 17.8078346 3.3065219 65.7684631 0.0248188 -0.1478609 0.0580947 0.9869885
1740547481.004269 17.7432117 3.2661328 65.8572922 0.0188219 -0.1453042 0.0568048 0.9875757
1740547481.314136 17.7120266 3.2221532 66.1571960 0.0150087 -0.1678503 0.0550106 0.9841620
1740547481.526411 17.6795197 3.1974468 66.3546677 0.0091761 -0.1820869 0.0554936 0.9816723
1740547481.730293 17.6055527 3.1754217 66.5395813 0.0047620 -0.1911568 0.0536577 0.9800802
1740547481.835597 17.5655365 3.1559587 66.6324158 0.0017889 -0.1926793 0.0525746 0.9798508
