1740547378.978799 0.0000000 0.0000000 0.0000000 -0.0000000 -0.0000000 -0.0000000 1.0000000
1740547379.653344 -0.0069736 -0.0118041 0.0851420 -0.0006459 0.0001201 -0.0001907 0.9999998
1740547379.819474 -0.0092116 -0.0203749 0.1765642 -0.0007917 -0.0000118 -0.0005391 0.9999996
1740547380.003138 -0.0115251 -0.0326652 0.2635043 -0.0006206 0.0000398 -0.0003281 0.9999998
1740547380.152941 -0.0162301 -0.0437375 0.3533224 0.0000060 0.0003011 -0.0003940 0.9999999
1740547380.252604 -0.0102252 -0.0401537 0.4401436 0.0014274 0.0000328 -0.0002652 0.9999990
1740547380.353549 -0.0027803 -0.0479012 0.5314599 0.0027568 -0.0003351 -0.0004882 0.9999960
1740547380.454416 0.0012838 -0.0495889 0.6225936 0.0046607 -0.0004508 -0.0004314 0.9999890
1740547380.555895 -0.0010981 -0.0534283 0.7092111 0.0064058 -0.0004801 -0.0003911 0.9999793
1740547380.664940 -0.0142945 -0.0659589 0.7981558 0.0079358 -0.0002256 -0.0002738 0.9999685
1740547380.768106 -0.0063274 -0.0586471 0.8878595 0.0106483 -0.0007911 -0.0000767 0.9999430
1740547380.875040 -0.0142911 -0.0640581 0.9728690 0.0127186 -0.0011322 -0.0001938 0.9999185
1740547380.978255 -0.0123027 -0.0573371 1.0649240 0.0153681 -0.0015886 -0.0002011 0.9998807
1740547381.087908 -0.0012328 -0.0569278 1.1559352 0.0181340 -0.0025815 -0.0002321 0.9998322
1740547381.192124 -0.0154514 -0.0691215 1.2427038 0.0205032 -0.0024377 -0.0003063 0.9997868
1740547381.298306 -0.0174986 -0.0840009 1.3310705 0.0234883 -0.0030006 -0.0002353 0.9997196
1740547381.403500 -0.0138224 -0.0931486 1.4221163 0.0265472 -0.0038530 -0.0002565 0.9996401
1740547381.505542 -0.0180406 -0.1054842 1.5084579 0.0293814 -0.0047209 -0.0001798 0.9995571
1740547381.616841 -0.0294925 -0.1227243 1.5988405 0.0321874 -0.0054538 -0.0003340 0.9994669
1740547381.722513 -0.0422424 -0.1357475 1.6885016 0.0351952 -0.0060490 -0.0001050 0.9993622
1740547381.835389 -0.0354248 -0.1334761 1.7825435 0.0387467 -0.0073423 0.0000893 0.9992221
1740547381.936831 -0.0566487 -0.1622537 1.8670744 0.0410761 -0.0073759 -0.0002278 0.9991288
1740547382.036687 -0.0566159 -0.1681060 1.9544864 0.0439140 -0.0083902 -0.0003364 0.9990000
1740547382.145240 -0.0572824 -0.1936305 2.0473535 0.0456648 -0.0098585 -0.0004909 0.9989080
1740547382.243159 -0.0646365 -0.2188164 2.1334724 0.0477063 -0.0110492 -0.0005953 0.9988002
1740547382.347928 -0.0652813 -0.2399477 2.2190895 0.0490057 -0.0120251 -0.0012156 0.9987254
1740547382.455132 -0.0621352 -0.2479479 2.3180747 0.0518471 -0.0129337 -0.0014844 0.9985702
1740547382.556770 -0.0760571 -0.2735258 2.4050317 0.0530246 -0.0131501 -0.0013392 0.9985058
1740547382.660564 -0.0863534 -0.2996705 2.4966466 0.0541184 -0.0144139 -0.0009488 0.9984301
1740547382.762062 -0.1026388 -0.3063548 2.5793903 0.0563663 -0.0136147 -0.0009187 0.9983169
1740547382.870506 -0.1119475 -0.3310297 2.6734285 0.0569939 -0.0143362 -0.0013265 0.9982708
1740547382.973362 -0.1232217 -0.3586543 2.7584164 0.0567962 -0.0145301 -0.0017999 0.9982784
1740547383.086046 -0.1294153 -0.3663040 2.8500421 0.0578685 -0.0143698 -0.0018118 0.9982192
1740547383.188151 -0.1458749 -0.3887999 2.9285595 0.0574336 -0.0130972 -0.0017299 0.9982619
1740547383.288363 -0.1638547 -0.4192049 3.0009933 0.0550592 -0.0120068 -0.0013593 0.9984100
1740547383.399404 -0.1787800 -0.4365910 3.0859518 0.0547755 -0.0107098 -0.0009848 0.9984408
1740547383.502760 -0.1894515 -0.4756145 3.1652009 0.0523628 -0.0099217 -0.0017847 0.9985772
1740547383.613877 -0.2019452 -0.4943913 3.2360518 0.0498995 -0.0078511 -0.0013188 0.9987226
1740547383.716930 -0.2328708 -0.5049005 3.2997658 0.0484334 -0.0043648 -0.0003877 0.9988168
1740547383.815710 -0.2626974 -0.5306571 3.3715894 0.0453194 -0.0020826 -0.0003198 0.9989703
1740547383.921259 -0.2859361 -0.5647824 3.4661646 0.0428000 -0.0006697 -0.0013205 0.9990826
1740547384.019009 -0.2992474 -0.5676608 3.5544178 0.0410213 0.0008047 -0.0014190 0.9991570
1740547384.120698 -0.3251758 -0.5601293 3.6345699 0.0390201 0.0034667 -0.0011601 0.9992318
1740547384.220362 -0.3482786 -0.5890952 3.7166672 0.0366533 0.0053650 -0.0017299 0.9993122
1740547384.321524 -0.3706005 -0.6086985 3.7950528 0.0327256 0.0082278 -0.0018710 0.9994287
1740547384.422472 -0.3961078 -0.6300313 3.8746316 0.0299387 0.0114730 -0.0025742 0.9994826
1740547384.526324 -0.3960312 -0.6325275 3.9653196 0.0275676 0.0133244 -0.0030552 0.9995264
1740547384.632420 -0.4088698 -0.6208100 4.0315433 0.0269123 0.0171544 -0.0024039 0.9994878
1740547384.732547 -0.4325843 -0.6138072 4.0782962 0.0262245 0.0211349 -0.0026791 0.9994290
1740547384.840899 -0.4404470 -0.5986890 4.1317339 0.0257997 0.0232684 -0.0031141 0.9993914
1740547384.939894 -0.4536640 -0.5806045 4.1855197 0.0279513 0.0245425 -0.0048603 0.9992962
1740547385.036326 -0.4627928 -0.5709023 4.2362442 0.0264487 0.0266622 -0.0055484 0.9992791
1740547385.137754 -0.4824100 -0.5557934 4.3057480 0.0271904 0.0309957 -0.0046289 0.9991390
1740547385.237897 -0.4993804 -0.5741405 4.3695364 0.0240699 0.0354533 -0.0048541 0.9990696
1740547385.342963 -0.5096440 -0.5869733 4.4288473 0.0225564 0.0372847 -0.0051818 0.9990367
1740547385.441604 -0.5202638 -0.6100652 4.4822025 0.0187575 0.0393523 -0.0039542 0.9990416
1740547385.538706 -0.5414610 -0.6227121 4.5443692 0.0165796 0.0439684 -0.0038021 0.9988881
1740547385.640438 -0.5634419 -0.6023067 4.6141992 0.0170831 0.0479759 -0.0042776 0.9986932
1740547385.738038 -0.5813839 -0.6353408 4.6860819 0.0138410 0.0520520 -0.0050728 0.9985356
1740547385.845775 -0.5920494 -0.6253657 4.7557726 0.0148348 0.0551663 -0.0046440 0.9983562
1740547385.942472 -0.5956399 -0.6222510 4.8005614 0.0138714 0.0560713 -0.0041172 0.9983220
1740547386.040737 -0.5615243 -0.6302723 4.8303332 0.0128886 0.0525030 -0.0049632 0.9985253
1740547386.144540 -0.5382909 -0.6307197 4.9053507 0.0133957 0.0524611 -0.0041869 0.9985244
1740547386.242378 -0.5477604 -0.6144638 4.9719310 0.0162944 0.0553636 -0.0038901 0.9983258
1740547386.347404 -0.5599529 -0.6373123 5.0524378 0.0153995 0.0580992 -0.0045410 0.9981817
1740547386.446685 -0.5396215 -0.6385617 5.1329093 0.0151701 0.0585731 -0.0037402 0.9981608
1740547386.546729 -0.5540640 -0.6365620 5.2169027 0.0165097 0.0606950 -0.0040161 0.9980118
1740547386.656613 -0.5554072 -0.6278527 5.2920423 0.0175309 0.0624716 -0.0052236 0.9978791
1740547386.754446 -0.5491821 -0.6382813 5.3378510 0.0165196 0.0614375 -0.0048069 0.9979627
1740547386.858149 -0.5334422 -0.6312422 5.3597260 0.0168032 0.0592143 -0.0041149 0.9980954
1740547386.960338 -0.5047245 -0.6313943 5.3907385 0.0170255 0.0572753 -0.0042010 0.9982044
1740547387.060607 -0.4761501 -0.6392174 5.4365473 0.0158752 0.0551381 -0.0037166 0.9983456
1740547387.164732 -0.4842869 -0.6600165 5.5094528 0.0152518 0.0573434 -0.0047959 0.9982265
1740547387.264117 -0.5218475 -0.6431141 5.5594158 0.0176639 0.0636786 -0.0044315 0.9978043
1740547387.371790 -0.5255960 -0.6322441 5.6328220 0.0206295 0.0652195 -0.0048029 0.9976462
1740547387.470985 -0.5009916 -0.6441473 5.6898041 0.0198896 0.0637872 -0.0043478 0.9977559
1740547387.570285 -0.4685226 -0.6603691 5.7276525 0.0179584 0.0602477 -0.0038965 0.9980143
1740547387.676393 -0.4263936 -0.6543372 5.7712893 0.0185858 0.0569654 -0.0028454 0.9981991
1740547387.777900 -0.3816957 -0.6386887 5.8105936 0.0191533 0.0543357 -0.0058055 0.9983221
1740547387.888898 -0.3568639 -0.6387620 5.8539276 0.0191007 0.0528252 -0.0060948 0.9984025
1740547387.993210 -0.3476663 -0.6739651 5.9050050 0.0156084 0.0524308 -0.0054403 0.9984878
1740547388.107845 -0.3560371 -0.6647154 5.9496427 0.0153729 0.0571331 -0.0057161 0.9982319
1740547388.208822 -0.3602503 -0.6415414 6.0163341 0.0180333 0.0593712 -0.0062436 0.9980536
1740547388.310517 -0.3790485 -0.6609775 6.0467291 0.0152917 0.0614878 -0.0055894 0.9979751
1740547388.420701 -0.3676408 -0.6738318 6.0771799 0.0124174 0.0609593 -0.0045306 0.9980527
1740547388.522552 -0.3314700 -0.7070402 6.1059103 0.0057172 0.0565803 -0.0040598 0.9983734
1740547388.641423 -0.2864021 -0.7161371 6.1678691 0.0016093 0.0536436 -0.0036817 0.9985521
1740547388.741643 -0.2555349 -0.7388414 6.1848383 -0.0051176 0.0480015 -0.0038627 0.9988267
1740547388.858275 -0.2260096 -0.7500186 6.2255116 -0.0082243 0.0428809 -0.0031002 0.9990416
1740547389.060776 -0.1877802 -0.8127394 6.3211021 -0.0191116 0.0358954 -0.0043792 0.9991632
1740547389.173989 -0.1787465 -0.8466573 6.3562708 -0.0265188 0.0324117 -0.0025869 0.9991194
1740547389.275050 -0.1605778 -0.8620787 6.3875551 -0.0312500 0.0267431 -0.0022581 0.9991512
1740547389.391308 -0.1415701 -0.8783500 6.4223528 -0.0355931 0.0206940 -0.0003893 0.9991520
1740547389.492245 -0.1183204 -0.8770996 6.4369326 -0.0380303 0.0135153 -0.0009145 0.9991848
1740547389.609754 -0.0867768 -0.9006732 6.4499965 -0.0438125 0.0045729 0.0001653 0.9990293
1740547389.710595 -0.0678709 -0.9105767 6.4748011 -0.0456812 -0.0026857 0.0010862 0.9989519
1740547389.812811 -0.0511900 -0.8986074 6.4932194 -0.0421770 -0.0089935 0.0031806 0.9990646
1740547389.922342 -0.0163876 -0.9024585 6.5030398 -0.0442628 -0.0182374 0.0025822 0.9988501
1740547390.025837 0.0073536 -0.8956962 6.5096979 -0.0433833 -0.0252724 0.0031233 0.9987339
1740547390.139947 0.0418505 -0.8874017 6.5194678 -0.0426007 -0.0344877 0.0013729 0.9984958
1740547390.243846 0.0585689 -0.8987618 6.5361032 -0.0467557 -0.0412177 0.0020705 0.9980535
1740547390.363661 0.1034080 -0.8991662 6.5608277 -0.0463738 -0.0502282 0.0022991 0.9976579
1740547390.464499 0.1303313 -0.8904135 6.5864558 -0.0443965 -0.0571905 0.0026435 0.9973722
1740547390.568513 0.1714815 -0.8963290 6.6060200 -0.0452311 -0.0673080 0.0024398 0.9967035
1740547390.682861 0.1962272 -0.9134707 6.6223259 -0.0480218 -0.0762797 0.0018873 0.9959276
1740547390.790294 0.2210203 -0.9109293 6.6522336 -0.0471078 -0.0843724 0.0017907 0.9953185
1740547390.898393 0.2604950 -0.8988207 6.6736965 -0.0443181 -0.0932412 0.0017439 0.9946552
1740547391.004346 0.2902500 -0.9016083 6.6948938 -0.0447354 -0.1020652 0.0018009 0.9937697
1740547391.112812 0.3115713 -0.9068180 6.7117448 -0.0462378 -0.1108856 0.0000874 0.9927570
1740547391.219760 0.3382387 -0.9049521 6.7315903 -0.0468898 -0.1199326 -0.0002740 0.9916741
1740547391.322225 0.3648854 -0.9167621 6.7502756 -0.0483550 -0.1285223 0.0001269 0.9905270
1740547391.429819 0.3891016 -0.9187165 6.7639246 -0.0492898 -0.1377941 -0.0004285 0.9892336
1740547391.535160 0.4163008 -0.9162494 6.7700181 -0.0506339 -0.1465595 -0.0013793 0.9879042
1740547391.646950 0.4320864 -0.9149197 6.7964010 -0.0498969 -0.1534511 -0.0011882 0.9868950
1740547391.754282 0.4481838 -0.9142340 6.8089547 -0.0481081 -0.1607828 -0.0006940 0.9858164
1740547391.860476 0.4689019 -0.9114814 6.8319602 -0.0487255 -0.1681592 -0.0017245 0.9845534
1740547391.963462 0.4881462 -0.9092728 6.8373365 -0.0473275 -0.1755531 -0.0018036 0.9833301
1740547392.064774 0.5168537 -0.9133639 6.8354311 -0.0488616 -0.1845046 -0.0025388 0.9816130
1740547392.172192 0.5408112 -0.9066457 6.8327632 -0.0487710 -0.1904009 -0.0033756 0.9804884
1740547392.275322 0.5606825 -0.8891671 6.8388247 -0.0462369 -0.1958866 -0.0030268 0.9795312
1740547392.384525 0.5738770 -0.8847539 6.8480482 -0.0478455 -0.2024295 -0.0042630 0.9781181
1740547392.489654 0.5843294 -0.8847908 6.8546076 -0.0531587 -0.2080672 -0.0070053 0.9766438
1740547392.595661 0.6001049 -0.8972282 6.8595853 -0.0597225 -0.2138050 -0.0091638 0.9750060
1740547392.711943 0.6091315 -0.8921964 6.8659439 -0.0621161 -0.2156139 -0.0126093 0.9744195
1740547392.815136 0.6183642 -0.8891724 6.8758607 -0.0662429 -0.2174399 -0.0140170 0.9737224
1740547392.924969 0.6165959 -0.8947943 6.8851180 -0.0706211 -0.2152604 -0.0149345 0.9738853
1740547393.027717 0.6051425 -0.8900148 6.9123120 -0.0733474 -0.2081077 -0.0155491 0.9752280
1740547393.140782 0.5909362 -0.8872977 6.9403596 -0.0755472 -0.1990896 -0.0180606 0.9768981
1740547393.243951 0.5734731 -0.8836367 6.9663219 -0.0806578 -0.1907388 -0.0189024 0.9781389
1740547393.364990 0.5580016 -0.8719848 7.0010495 -0.0842659 -0.1817323 -0.0207572 0.9795110
1740547393.464903 0.5490797 -0.8723234 7.0347362 -0.0907191 -0.1731929 -0.0225164 0.9804425
1740547393.568835 0.5412128 -0.8643759 7.0623860 -0.0950007 -0.1627531 -0.0237656 0.9817951
1740547393.677376 0.5238513 -0.8631315 7.0979667 -0.1020887 -0.1529758 -0.0260241 0.9825981
1740547393.779922 0.5110536 -0.8583124 7.1298380 -0.1098082 -0.1437710 -0.0293194 0.9830628
1740547393.891907 0.5013899 -0.8527376 7.1587725 -0.1177378 -0.1394606 -0.0277564 0.9828113
1740547393.995646 0.4944801 -0.8530517 7.1829734 -0.1272596 -0.1341839 -0.0302520 0.9822854
1740547394.115988 0.5000458 -0.8772220 7.2226105 -0.1367269 -0.1309330 -0.0313676 0.9814165
1740547394.217541 0.5062947 -0.8802898 7.2390327 -0.1438400 -0.1288891 -0.0343246 0.9805710
1740547394.323164 0.5206957 -0.8694950 7.2517366 -0.1502330 -0.1261829 -0.0365898 0.9798822
1740547394.429152 0.5342796 -0.8605457 7.2696929 -0.1565000 -0.1232050 -0.0371419 0.9792593
1740547394.533722 0.5289431 -0.8688129 7.2939696 -0.1624142 -0.1151281 -0.0395425 0.9791852
1740547394.645229 0.5386478 -0.8659136 7.3071451 -0.1669064 -0.1077261 -0.0410288 0.9792109
1740547394.756168 0.5644933 -0.8241367 7.3348217 -0.1628019 -0.1004694 -0.0436171 0.9805605
1740547394.862907 0.5854133 -0.7995668 7.3465581 -0.1620921 -0.0955910 -0.0433356 0.9811782
1740547394.974701 0.5895815 -0.7994906 7.3448648 -0.1649658 -0.0934967 -0.0439782 0.9808724
1740547395.075824 0.5974411 -0.7940666 7.3430748 -0.1699282 -0.0923381 -0.0455760 0.9800617
1740547395.185039 0.5988691 -0.7911165 7.3488712 -0.1738321 -0.0908787 -0.0455699 0.9795136
1740547395.289853 0.6177856 -0.7452569 7.3877654 -0.1730859 -0.0862741 -0.0470056 0.9799942
1740547395.398948 0.6144467 -0.6873633 7.4666538 -0.1768228 -0.0795523 -0.0479305 0.9798509
1740547395.504502 0.6301562 -0.6395144 7.5561037 -0.1812297 -0.0744166 -0.0485443 0.9794189
1740547395.612015 0.6113456 -0.5957872 7.6424580 -0.1856557 -0.0689970 -0.0499130 0.9789178
1740547395.718321 0.6076517 -0.5505525 7.7303915 -0.1891724 -0.0640139 -0.0512213 0.9785154
1740547395.823120 0.6082353 -0.5173814 7.8215184 -0.1934052 -0.0595835 -0.0521913 0.9779164
1740547395.929246 0.5971026 -0.4707066 7.9147310 -0.1972770 -0.0551842 -0.0533920 0.9773360
1740547396.031544 0.5765934 -0.4319480 8.0054836 -0.2009625 -0.0506591 -0.0544644 0.9767709
1740547396.141758 0.5669023 -0.3935266 8.0934744 -0.2043892 -0.0467527 -0.0557980 0.9761792
1740547396.244805 0.5839698 -0.3323714 8.1745672 -0.2074928 -0.0434049 -0.0562213 0.9756546
1740547396.366749 0.5654901 -0.2920505 8.2626190 -0.2111645 -0.0397982 -0.0571189 0.9749683
1740547396.465094 0.5649176 -0.2377522 8.3457651 -0.2147887 -0.0360707 -0.0580983 0.9742634
1740547396.568165 0.5871099 -0.1823554 8.4312019 -0.2180686 -0.0330640 -0.0588530 0.9735960
1740547396.678080 0.5812976 -0.1490277 8.5305805 -0.2224932 -0.0299978 -0.0600543 0.9726204
1740547396.783631 0.5831497 -0.0987490 8.6088343 -0.2258456 -0.0264153 -0.0607299 0.9719094
1740547396.891747 0.6167640 -0.0284007 8.6898632 -0.2285401 -0.0235980 -0.0615365 0.9713011
1740547396.993016 0.5908493 0.0023571 8.7867899 -0.2322109 -0.0197937 -0.0623658 0.9704622
1740547397.098739 0.5660369 0.0402382 8.8753014 -0.2356268 -0.0157069 -0.0635459 0.9696366
1740547397.209694 0.5462090 0.0834112 8.9605675 -0.2389494 -0.0120752 -0.0639751 0.9688470
1740547397.325773 0.5514727 0.1435529 9.0475674 -0.2416631 -0.0085185 -0.0649918 0.9681438
1740547397.429564 0.5552585 0.1973557 9.1303053 -0.2448342 -0.0046179 -0.0658541 0.9673149
1740547397.529891 0.5638231 0.2553518 9.2053642 -0.2470506 -0.0003104 -0.0665242 0.9667163
1740547397.645070 0.5756850 0.3147916 9.2822742 -0.2490670 0.0042176 -0.0681952 0.9660732
1740547397.743531 0.6005374 0.3723886 9.3610182 -0.2513262 0.0083950 -0.0691856 0.9653901
1740547397.848115 0.6216543 0.4232275 9.4436169 -0.2533982 0.0127584 -0.0703803 0.9647141
1740547397.961176 0.6436834 0.4770153 9.5276060 -0.2554201 0.0172976 -0.0712231 0.9640481
1740547398.057857 0.6640505 0.5217772 9.6192389 -0.2570857 0.0213042 -0.0724592 0.9634328
1740547398.162543 0.6841338 0.5807303 9.6971207 -0.2582690 0.0260299 -0.0732449 0.9629407
1740547398.260973 0.7054747 0.6178188 9.7901421 -0.2598638 0.0301433 -0.0748056 0.9622715
1740547398.365264 0.7193838 0.6655062 9.8781233 -0.2610868 0.0343572 -0.0757919 0.9617218
1740547398.463918 0.7120146 0.7147039 9.9677229 -0.2618434 0.0386662 -0.0769834 0.9612578
1740547398.561648 0.7078146 0.7631243 10.0569248 -0.2625076 0.0428550 -0.0783344 0.9607897
1740547398.668946 0.7046016 0.8226646 10.1392326 -0.2628983 0.0475061 -0.0790671 0.9604041
1740547398.771492 0.7247466 0.8747733 10.2252445 -0.2636067 0.0516594 -0.0800684 0.9599124
1740547398.877510 0.7505205 0.9276544 10.3131590 -0.2638225 0.0553526 -0.0813005 0.9595436
1740547398.973331 0.7719175 0.9808078 10.3929405 -0.2639185 0.0597056 -0.0824741 0.9591560
1740547399.069247 0.8008763 1.0240622 10.4760609 -0.2641526 0.0639014 -0.0837416 0.9587113
1740547399.182651 0.8327150 1.0803306 10.5597439 -0.2638016 0.0678403 -0.0847271 0.9584507
1740547399.280519 0.8608396 1.1263005 10.6420441 -0.2637335 0.0717639 -0.0854367 0.9581206
1740547399.383562 0.8797883 1.1689260 10.7238188 -0.2636526 0.0761194 -0.0867522 0.9576885
1740547399.482055 0.8974060 1.2058995 10.8171377 -0.2641699 0.0798135 -0.0879876 0.9571323
1740547399.579047 0.9047911 1.2774833 10.8892488 -0.2627363 0.0842679 -0.0890655 0.9570454
1740547399.683139 0.9233460 1.3208830 10.9740467 -0.2629161 0.0884007 -0.0898638 0.9565485
1740547399.779508 0.9613573 1.3613482 11.0630808 -0.2629100 0.0918061 -0.0910737 0.9561148
1740547399.880167 0.9957688 1.4061799 11.1454878 -0.2624740 0.0956215 -0.0920294 0.9557691
1740547400.074005 1.0579181 1.4985317 11.3177090 -0.2619936 0.1024542 -0.0937675 0.9550236
1740547400.177669 1.0814191 1.5580969 11.3982172 -0.2614801 0.1060727 -0.0946679 0.9546805
1740547400.275368 1.0967388 1.6139512 11.4813614 -0.2613432 0.1097305 -0.0959384 0.9541776
1740547400.578358 1.1867073 1.7434795 11.7265282 -0.2608027 0.1195261 -0.0983397 0.9529033
1740547400.793987 1.2491241 1.8239090 11.8951817 -0.2607198 0.1260032 -0.0998259 0.9519366
1740547400.892650 1.2810338 1.8617387 11.9842758 -0.2613690 0.1293505 -0.1007406 0.9512129
1740547400.993457 1.3312199 1.9049084 12.0592737 -0.2614513 0.1320761 -0.1014553 0.9507397
1740547401.087166 1.3596230 1.9473855 12.1436892 -0.2625570 0.1352463 -0.1019350 0.9499376
1740547401.192202 1.3962580 2.0080452 12.2238188 -0.2617513 0.1383887 -0.1027725 0.9496171
1740547401.287368 1.4431715 2.0437579 12.3045292 -0.2636504 0.1403103 -0.1032383 0.9487588
1740547401.391168 1.4697615 2.1076984 12.3861752 -0.2633890 0.1438157 -0.1040089 0.9482222
1740547401.485408 1.4853573 2.1563869 12.4730244 -0.2644733 0.1474682 -0.1044684 0.9473085
1740547401.582150 1.5140058 2.2069576 12.5538235 -0.2648200 0.1506637 -0.1054017 0.9466051
1740547401.682904 1.5487849 2.2463212 12.6424761 -0.2666816 0.1535671 -0.1059797 0.9455509
1740547401.777409 1.5790396 2.2924848 12.7209282 -0.2680065 0.1573648 -0.1065613 0.9444858
1740547401.876697 1.6193837 2.3362110 12.8022451 -0.2698603 0.1606149 -0.1065772 0.9434085
1740547401.977120 1.6626936 2.3810833 12.8842258 -0.2721268 0.1640013 -0.1072223 0.9421008
1740547402.069708 1.7068999 2.4218585 12.9652462 -0.2748855 0.1673650 -0.1076660 0.9406567
1740547402.172442 1.7596966 2.4750230 13.0377836 -0.2769279 0.1705830 -0.1077329 0.9394712
1740547402.264997 1.7982135 2.5190625 13.1148777 -0.2808948 0.1742532 -0.1085460 0.9375243
1740547402.359098 1.8383604 2.5742171 13.1927862 -0.2838706 0.1782352 -0.1087467 0.9358546
1740547402.457412 1.8841488 2.6262224 13.2639341 -0.2875339 0.1820377 -0.1088006 0.9339963
1740547402.549738 1.9330515 2.6727619 13.3333397 -0.2912636 0.1857311 -0.1090768 0.9320793
1740547402.648233 1.9952404 2.7252417 13.3976889 -0.2947746 0.1888679 -0.1086543 0.9303930
1740547402.743256 2.0504963 2.7774732 13.4661674 -0.2989115 0.1925626 -0.1085836 0.9283217
1740547402.837815 2.1015472 2.8323264 13.5367727 -0.3040646 0.1959337 -0.1087571 0.9259193
1740547402.935928 2.1488528 2.8960056 13.6017971 -0.3087437 0.1995284 -0.1088800 0.9235859
1740547403.122543 2.2465544 2.9969311 13.7404432 -0.3192484 0.2072557 -0.1082778 0.9183689
1740547403.319192 2.3189068 3.1246278 13.8692865 -0.3299178 0.2143024 -0.1070844 0.9131055
1740547403.423380 2.3728681 3.1856933 13.9342918 -0.3358745 0.2172797 -0.1070408 0.9102308
1740547403.609962 2.4720759 3.3263760 14.0426826 -0.3465891 0.2236632 -0.1058385 0.9047922
1740547403.801705 2.5790250 3.4587817 14.1590424 -0.3566137 0.2300479 -0.1050165 0.8993755
1740547403.902016 2.6280217 3.5185878 14.2156181 -0.3612680 0.2333068 -0.1044253 0.8967434
1740547404.093256 2.7314024 3.6618600 14.3017874 -0.3686913 0.2384834 -0.1050318 0.8922784
1740547404.377511 2.8781369 3.8592207 14.4733524 -0.3788631 0.2472491 -0.1049325 0.8856183
1740547404.480717 2.9369657 3.9159081 14.5377483 -0.3828799 0.2504301 -0.1045572 0.8830377
1740547404.677012 3.0509498 4.0479307 14.6362247 -0.3861066 0.2567593 -0.1056544 0.8796781
1740547404.863355 3.1527998 4.1841903 14.7312965 -0.3886176 0.2630923 -0.1075920 0.8764604
1740547405.152886 3.3093305 4.3728294 14.9062977 -0.3912189 0.2739914 -0.1113975 0.8714741
1740547405.342440 3.4360170 4.4967818 14.9979095 -0.3920128 0.2808463 -0.1136458 0.8686403
1740547405.532241 3.5690815 4.6078596 15.0915928 -0.3930249 0.2877406 -0.1165140 0.8655410
1740547405.724538 3.7091684 4.7089095 15.1792927 -0.3940753 0.2943246 -0.1183877 0.8625903
1740547405.914756 3.8411174 4.8318377 15.2633171 -0.3940752 0.3013104 -0.1221046 0.8596553
1740547406.103204 3.9811549 4.9476929 15.3500290 -0.3956981 0.3076749 -0.1236918 0.8564225
1740547406.299462 4.1111875 5.0638819 15.4486246 -0.3971389 0.3141855 -0.1261661 0.8530242
1740547406.588004 4.3010912 5.2361760 15.6013432 -0.4001736 0.3213713 -0.1273063 0.8487490
1740547406.776131 4.4194736 5.3684902 15.6874638 -0.4009886 0.3262290 -0.1277975 0.8464341
1740547407.071270 4.6199250 5.5660033 15.8217621 -0.4041808 0.3318855 -0.1295216 0.8424453
1740547407.367727 4.8434572 5.7306595 15.9418697 -0.4093746 0.3364412 -0.1290803 0.8381874
1740547407.754892 5.1296401 5.9487219 16.1048374 -0.4141206 0.3419348 -0.1294054 0.8335700
1740547408.045101 5.3055973 6.1517630 16.2164116 -0.4177670 0.3468019 -0.1297562 0.8296762
1740547408.332530 5.4962645 6.3478355 16.3332138 -0.4216994 0.3502445 -0.1294701 0.8262784
1740547408.621746 5.7073755 6.5262265 16.4481583 -0.4247276 0.3531063 -0.1294859 0.8235022
1740547408.914336 5.9097943 6.6843472 16.5238647 -0.4258388 0.3569895 -0.1297180 0.8212143
1740547409.212161 6.1310225 6.8651857 16.6543713 -0.4293120 0.3584300 -0.1298735 0.8187503
1740547409.503379 6.3607302 7.0163074 16.7420826 -0.4289790 0.3591915 -0.1310731 0.8183998
1740547409.794366 6.5655971 7.1973572 16.8553619 -0.4287787 0.3574179 -0.1290301 0.8196051
1740547410.192297 6.8056955 7.4842677 16.9919014 -0.4262701 0.3559400 -0.1277370 0.8217565
1740547410.478023 7.0014849 7.6422615 17.1219902 -0.4249365 0.3540760 -0.1287578 0.8230920
1740547410.674364 7.1517901 7.7543020 17.1843586 -0.4225368 0.3514734 -0.1283168 0.8255083
1740547410.964586 7.3312378 7.9375339 17.3283672 -0.4201066 0.3507813 -0.1290675 0.8269247
1740547411.265045 7.5356846 8.1048880 17.4397049 -0.4152226 0.3489631 -0.1294689 0.8300920
1740547411.559263 7.7195377 8.2632380 17.5693474 -0.4104817 0.3488725 -0.1328245 0.8319558
1740547411.854399 7.9020009 8.4434204 17.6997299 -0.4041971 0.3502620 -0.1372326 0.8337317
1740547412.161226 8.1138563 8.6289244 17.8414326 -0.3969547 0.3533325 -0.1392632 0.8355770
1740547412.362159 8.2652416 8.7033997 17.8791924 -0.3913184 0.3553691 -0.1424160 0.8368395
1740547412.560794 8.3498316 8.7681351 18.0475368 -0.3908661 0.3607430 -0.1468753 0.8339760
1740547412.662513 8.4699230 8.8013306 18.0417900 -0.3872741 0.3598258 -0.1456303 0.8362631
1740547412.762145 8.5280170 8.8490181 18.0354939 -0.3834876 0.3598808 -0.1489497 0.8373989
1740547412.860562 8.6176758 8.8951168 18.1054001 -0.3816809 0.3623889 -0.1494957 0.8370454
1740547412.962931 8.6379337 8.9149771 18.1570587 -0.3795342 0.3651316 -0.1541713 0.8359808
1740547413.182369 8.7840595 9.0512495 18.1871090 -0.3723738 0.3668443 -0.1566717 0.8379839
1740547413.282374 8.8740587 9.0926313 18.2772675 -0.3696366 0.3703097 -0.1584150 0.8373435
1740547413.380409 8.9295101 9.1266365 18.2723770 -0.3670571 0.3710397 -0.1595300 0.8379433
1740547413.486234 8.9821529 9.1144247 18.3063583 -0.3677405 0.3713445 -0.1632990 0.8367817
1740547413.588606 9.0658998 9.1857414 18.3259697 -0.3638304 0.3720073 -0.1661673 0.8376315
1740547413.704277 9.1356964 9.1984444 18.3627357 -0.3594209 0.3735399 -0.1641064 0.8392578
1740547413.803486 9.1864710 9.2344141 18.4266167 -0.3594052 0.3765777 -0.1663693 0.8374594
1740547413.903273 9.2407036 9.2663565 18.4118271 -0.3543250 0.3763849 -0.1673313 0.8395168
1740547414.114082 9.3656368 9.2510796 18.5234966 -0.3518581 0.3777546 -0.1653016 0.8403409
1740547414.424329 9.4791069 9.2521963 18.6008778 -0.3469932 0.3782262 -0.1677859 0.8416582
1740547414.526966 9.5006704 9.2639217 18.6167908 -0.3455194 0.3796638 -0.1715950 0.8408489
1740547415.038537 9.5882587 9.2413177 18.6852016 -0.3356621 0.3780836 -0.1695487 0.8459533
1740547415.145264 9.6024303 9.2396126 18.6977329 -0.3333935 0.3780451 -0.1692702 0.8469229
1740547415.251169 9.5883121 9.2456074 18.6808472 -0.3323979 0.3792015 -0.1737467 0.8458900
1740547415.766200 9.6535692 9.2371054 18.7451515 -0.3248759 0.3801098 -0.1812955 0.8468201
1740547415.866339 9.6670561 9.2467213 18.7589378 -0.3234835 0.3814470 -0.1828686 0.8464134
1740547415.973841 9.6682692 9.2522821 18.7602158 -0.3210085 0.3814662 -0.1825869 0.8474073
1740547416.076335 9.7443275 9.2327318 18.7746773 -0.3174440 0.3739966 -0.1787579 0.8528784
1740547416.180303 9.7223501 9.2386398 18.7995796 -0.3171663 0.3781326 -0.1839850 0.8500416
1740547416.281870 9.7211981 9.2445698 18.7899971 -0.3140798 0.3778082 -0.1865655 0.8507692
1740547416.380674 9.6565952 9.2296658 18.7818413 -0.3147924 0.3804514 -0.1850402 0.8496603
1740547416.488592 9.7005405 9.2444782 18.7929459 -0.3098757 0.3795310 -0.1857985 0.8517114
1740547416.588044 9.7528400 9.2270603 18.8226585 -0.3075435 0.3756642 -0.1858407 0.8542579
1740547416.699904 9.8090611 9.2326059 18.8489017 -0.3039517 0.3731283 -0.1865401 0.8564995
1740547416.796336 9.8668785 9.2218904 18.8604126 -0.2996477 0.3688118 -0.1851260 0.8601846
1740547416.895366 9.9253387 9.2628078 18.8737030 -0.2933746 0.3665586 -0.1877515 0.8627372
1740547417.000938 9.9736605 9.2541895 18.8962898 -0.2900628 0.3627499 -0.1865093 0.8657311
1740547417.100752 10.0173683 9.2574863 18.9239998 -0.2861588 0.3602675 -0.1867612 0.8680096
1740547417.207667 10.0640125 9.2663536 18.9476147 -0.2816159 0.3575128 -0.1865533 0.8706750
1740547417.309767 10.1022530 9.2909489 18.9632339 -0.2758730 0.3547215 -0.1891993 0.8730810
1740547417.413382 10.1611195 9.2961073 18.9985695 -0.2701398 0.3516079 -0.1887549 0.8762237
1740547417.515040 10.2154884 9.3144817 19.0221634 -0.2644139 0.3484134 -0.1908337 0.8787923
1740547417.613864 10.2455578 9.3184662 19.0415325 -0.2597296 0.3467945 -0.1926021 0.8804422
1740547417.720642 10.2794628 9.3121519 19.0727882 -0.2559880 0.3445785 -0.1931147 0.8822939
1740547417.819345 10.3160954 9.3152161 19.0945930 -0.2505031 0.3416883 -0.1955404 0.8844554
1740547417.927436 10.3640547 9.3065290 19.1302071 -0.2453800 0.3382453 -0.1954612 0.8872281
1740547418.025201 10.4176655 9.3324728 19.1552353 -0.2361712 0.3341046 -0.1971647 0.8909115
1740547418.124908 10.4718304 9.3285370 19.1881523 -0.2311453 0.3287031 -0.1975719 0.8941429
1740547418.231632 10.5170345 9.3356857 19.2152958 -0.2235280 0.3240804 -0.1979262 0.8976817
1740547418.328176 10.5620899 9.3616972 19.2636051 -0.2150344 0.3228261 -0.2012132 0.8994758
1740547418.430763 10.6015854 9.3673916 19.2850266 -0.2075396 0.3180613 -0.2027846 0.9025756
1740547418.529573 10.6497126 9.3734055 19.3134918 -0.1994815 0.3129855 -0.2036849 0.9059579
1740547418.628841 10.6997347 9.3854122 19.3551350 -0.1906872 0.3094041 -0.2061109 0.9085295
1740547418.730232 10.7528152 9.3939590 19.3777714 -0.1810027 0.3036655 -0.2080374 0.9120010
1740547418.831733 10.8076887 9.4020786 19.4357719 -0.1726280 0.3009660 -0.2097476 0.9141253
1740547418.934033 10.8336964 9.4033356 19.4680119 -0.1657138 0.2981555 -0.2118822 0.9158320
1740547419.033190 10.8587484 9.4072609 19.5043049 -0.1591519 0.2962255 -0.2140173 0.9171247
1740547419.131094 10.8887596 9.4111786 19.5549908 -0.1519974 0.2945229 -0.2172703 0.9181213
1740547419.237091 10.9361668 9.4173183 19.6085625 -0.1448389 0.2924950 -0.2196016 0.9193712
1740547419.339606 10.9711208 9.4170914 19.6657505 -0.1377786 0.2913381 -0.2218540 0.9202825
1740547419.447164 11.0095787 9.4213514 19.7254047 -0.1304156 0.2902393 -0.2240050 0.9211811
1740547419.545086 11.0453424 9.4242516 19.7802010 -0.1231757 0.2898937 -0.2267088 0.9216249
1740547419.641638 11.0738964 9.4203577 19.8421383 -0.1175499 0.2902202 -0.2284653 0.9218231
1740547419.748413 11.1163540 9.4255238 19.8924675 -0.1103653 0.2889958 -0.2307938 0.9225156
1740547419.849475 11.1639118 9.4288197 19.9419746 -0.1030590 0.2870131 -0.2327473 0.9234885
1740547419.949813 11.2002735 9.4255848 19.9991226 -0.0960317 0.2884541 -0.2354598 0.9231094
1740547420.048263 11.2214880 9.4189816 20.0366516 -0.0908732 0.2884269 -0.2369650 0.9232549
1740547420.147280 11.2570515 9.4201527 20.1062737 -0.0838188 0.2895895 -0.2392892 0.9229589
1740547420.251592 11.2912035 9.4227324 20.1433277 -0.0775311 0.2891760 -0.2411359 0.9231574
1740547420.347483 11.3214216 9.4157114 20.1827679 -0.0723855 0.2900054 -0.2429155 0.9228485
1740547420.447495 11.3687420 9.4131975 20.2524490 -0.0653053 0.2911870 -0.2453635 0.9223568
1740547420.548676 11.4051895 9.4079533 20.3230934 -0.0592509 0.2945758 -0.2470589 0.9212363
1740547420.643444 11.4515924 9.4063358 20.3883991 -0.0523163 0.2974434 -0.2489845 0.9202158
1740547420.748676 11.4974699 9.4020271 20.4475079 -0.0459672 0.2987513 -0.2509040 0.9196096
1740547420.847854 11.5446348 9.3929462 20.5235577 -0.0401700 0.3009150 -0.2519580 0.9188872
1740547420.947269 11.5803452 9.3912449 20.5584164 -0.0348561 0.3016913 -0.2541290 0.9182515
1740547421.049680 11.5994844 9.3865547 20.5805473 -0.0292245 0.3046781 -0.2556183 0.9170477
1740547421.144294 11.6516266 9.3836555 20.6425896 -0.0229177 0.3067749 -0.2579574 0.9158723
1740547421.254047 11.7028885 9.3764973 20.7189846 -0.0176847 0.3100300 -0.2594843 0.9144598
1740547421.351730 11.7570610 9.3658810 20.7884884 -0.0121984 0.3121161 -0.2610909 0.9133818
1740547421.453204 11.8126526 9.3563566 20.8602066 -0.0078703 0.3150952 -0.2618456 0.9121896
1740547421.551746 11.8695202 9.3405819 20.9373360 -0.0028779 0.3172816 -0.2634034 0.9110119
1740547421.647522 11.9251347 9.3270283 21.0150661 0.0025367 0.3198462 -0.2643047 0.9098544
1740547421.752363 11.9770870 9.3138666 21.0950336 0.0079177 0.3221006 -0.2656760 0.9086280
1740547421.849195 12.0264587 9.3069944 21.1616592 0.0126784 0.3252546 -0.2668020 0.9071193
1740547421.949614 12.0779037 9.2788162 21.2218227 0.0150483 0.3266771 -0.2684584 0.9060826
1740547422.047173 12.1402197 9.2496834 21.2856140 0.0180578 0.3282697 -0.2688667 0.9053307
1740547422.144206 12.1853933 9.2568626 21.3666954 0.0223480 0.3311133 -0.2711331 0.9035217
1740547422.251403 12.2354193 9.2652531 21.4357986 0.0267670 0.3342805 -0.2714900 0.9021271
1740547422.348187 12.2816887 9.2700806 21.4985580 0.0314172 0.3363360 -0.2720463 0.9010448
1740547422.448211 12.3386831 9.2233658 21.5683231 0.0336660 0.3382857 -0.2722806 0.9001626
1740547422.547240 12.3992462 9.1830788 21.6381397 0.0356793 0.3398377 -0.2727400 0.8993610
1740547422.645619 12.4464235 9.1679668 21.7221756 0.0384770 0.3422903 -0.2728310 0.8982874
1740547422.754093 12.4984493 9.1503830 21.7990208 0.0404488 0.3441088 -0.2735817 0.8972771
1740547422.852252 12.5432701 9.1343307 21.8716755 0.0431144 0.3462852 -0.2741130 0.8961528
1740547422.953602 12.5905266 9.1132622 21.9259300 0.0445897 0.3469270 -0.2735686 0.8959987
1740547423.052516 12.6345444 9.0895195 21.9941559 0.0461046 0.3488393 -0.2741647 0.8949968
1740547423.150839 12.6928434 9.0641842 22.0616875 0.0482978 0.3499072 -0.2735183 0.8946620
1740547423.257224 12.7464104 9.0380564 22.1351566 0.0491976 0.3508032 -0.2738442 0.8941622
1740547423.356516 12.7890797 9.0149879 22.2166824 0.0500259 0.3520436 -0.2739430 0.8935983
1740547423.463060 12.8375187 9.0023861 22.2894192 0.0507761 0.3523346 -0.2754058 0.8929915
1740547423.559476 12.8852816 8.9791641 22.3722401 0.0522479 0.3538535 -0.2744631 0.8925962
1740547423.658762 12.9457331 8.9661770 22.4308681 0.0530093 0.3531336 -0.2750764 0.8926476
1740547423.779476 12.9929924 8.9479618 22.5040016 0.0538026 0.3549919 -0.2757247 0.8916625
1740547423.875915 13.0313702 8.9347897 22.5517578 0.0548663 0.3547128 -0.2764289 0.8914906
1740547423.984198 13.0900345 8.9072657 22.6178188 0.0559226 0.3546847 -0.2772316 0.8911870
1740547424.082265 13.1453514 8.8720760 22.6887894 0.0559847 0.3551404 -0.2771828 0.8910167
1740547424.193256 13.2028885 8.8361835 22.7572441 0.0557545 0.3550377 -0.2766789 0.8912287
1740547424.289505 13.2584114 8.8110237 22.8273239 0.0566877 0.3543561 -0.2775104 0.8911825
1740547424.390241 13.3157587 8.7803650 22.9055805 0.0561533 0.3544669 -0.2769655 0.8913418
1740547424.503172 13.3774891 8.7496052 22.9773617 0.0562467 0.3538578 -0.2776048 0.8913791
1740547424.602078 13.4289169 8.7232981 23.0592537 0.0558891 0.3543829 -0.2773813 0.8912625
1740547424.705506 13.4875793 8.6914616 23.1369362 0.0558681 0.3547068 -0.2772097 0.8911883
1740547424.807524 13.5407829 8.6468239 23.2061672 0.0547512 0.3545121 -0.2766852 0.8914981
1740547424.908771 13.5917244 8.6236515 23.2853279 0.0542311 0.3549659 -0.2767554 0.8913275
1740547425.015158 13.6426849 8.5941944 23.3551102 0.0540602 0.3547872 -0.2767827 0.8914006
1740547425.117512 13.7097511 8.5717630 23.4336205 0.0534456 0.3546036 -0.2761833 0.8916965
1740547425.223266 13.7676516 8.5410156 23.5041180 0.0529180 0.3539916 -0.2766041 0.8918408
1740547425.331702 13.8236895 8.5147648 23.5808277 0.0521515 0.3539342 -0.2763292 0.8919938
1740547425.436709 13.8886452 8.4892263 23.6535625 0.0514511 0.3537998 -0.2755554 0.8923271
1740547425.550308 13.9581470 8.4706535 23.7249527 0.0512289 0.3528883 -0.2755713 0.8926958
1740547425.647528 14.0064554 8.4459190 23.8043251 0.0505057 0.3531035 -0.2748044 0.8928884
1740547425.764214 14.0709591 8.4113541 23.8842506 0.0490196 0.3519552 -0.2750931 0.8933355
1740547425.867722 14.1221561 8.3804884 23.9582272 0.0480375 0.3516405 -0.2750776 0.8935176
1740547425.971918 14.1851463 8.3436422 24.0343361 0.0465055 0.3505212 -0.2746771 0.8941615
1740547426.076230 14.2426834 8.3149796 24.1096535 0.0451593 0.3496435 -0.2740835 0.8947560
1740547426.180208 14.3053837 8.2939129 24.1896248 0.0442640 0.3482710 -0.2742214 0.8952937
1740547426.396330 14.4036703 8.2534542 24.3571129 0.0413631 0.3460752 -0.2747342 0.8961263
1740547426.602056 14.5281849 8.2007961 24.5052071 0.0383818 0.3426448 -0.2735474 0.8979383
1740547426.813322 14.6532850 8.1524353 24.6533699 0.0353183 0.3384556 -0.2729606 0.8998294
1740547426.915925 14.7084618 8.1260376 24.7328415 0.0333526 0.3367463 -0.2723873 0.9007190
1740547427.131085 14.8263712 8.0877390 24.8915882 0.0296536 0.3328615 -0.2717068 0.9024962
1740547427.348078 14.9384670 8.0457735 25.0471649 0.0257938 0.3288926 -0.2708746 0.9043182
1740547427.456555 14.9862461 8.0152836 25.1321430 0.0232214 0.3270707 -0.2701912 0.9052526
1740547427.567292 15.0367756 8.0012703 25.2154293 0.0211596 0.3253441 -0.2698610 0.9060234
1740547427.670137 15.0824718 7.9794416 25.3040581 0.0182674 0.3238341 -0.2699263 0.9066077
1740547427.779268 15.1361217 7.9736052 25.3844147 0.0166426 0.3218300 -0.2694657 0.9074892
1740547427.887388 15.1789904 7.9579301 25.4727859 0.0143352 0.3209147 -0.2687341 0.9080696
1740547428.105683 15.3039169 7.9433260 25.6317806 0.0108774 0.3168218 -0.2677404 0.9098465
1740547428.215861 15.3440819 7.9165592 25.7190037 0.0085446 0.3162765 -0.2673866 0.9101651
1740547428.322494 15.3939095 7.9052472 25.8025455 0.0067265 0.3153512 -0.2667015 0.9107023
1740547428.430979 15.4490042 7.8855205 25.8852654 0.0052992 0.3144385 -0.2662183 0.9111686
1740547428.548353 15.4878273 7.8763037 25.9777260 0.0040516 0.3147309 -0.2660830 0.9111136
1740547428.775233 15.6282291 7.8450084 26.1242638 0.0026676 0.3126832 -0.2658474 0.9118921
1740547428.883122 15.6707067 7.8273625 26.2096901 0.0015841 0.3135686 -0.2658485 0.9115903
1740547428.995435 15.7350407 7.8212280 26.2914772 0.0020450 0.3135166 -0.2658848 0.9115966
1740547429.101209 15.7972202 7.8116517 26.3676739 0.0024940 0.3138559 -0.2658361 0.9114929
1740547429.211780 15.8397312 7.7889538 26.4566669 0.0026792 0.3151850 -0.2661968 0.9109284
1740547429.321337 15.9134026 7.7762084 26.5262280 0.0044442 0.3141687 -0.2667367 0.9111146
1740547429.432804 15.9678898 7.7685337 26.6083832 0.0063952 0.3145673 -0.2673989 0.9107713
1740547429.542788 16.0279980 7.7566967 26.6870041 0.0093990 0.3146210 -0.2680767 0.9105274
1740547429.782371 16.1646290 7.7124710 26.8279686 0.0156798 0.3130993 -0.2704547 0.9102622
1740547429.887886 16.2018051 7.6882439 26.9151840 0.0191081 0.3147085 -0.2714159 0.9093552
1740547429.999362 16.2335320 7.6680908 27.0015602 0.0229114 0.3160505 -0.2738569 0.9080691
1740547430.105485 16.3121624 7.6611147 27.0721169 0.0286387 0.3140092 -0.2752685 0.9081879
1740547430.216598 16.3723335 7.6467338 27.1508141 0.0346872 0.3126675 -0.2771609 0.9078644
1740547430.322891 16.4067364 7.6244969 27.2449341 0.0405948 0.3122761 -0.2791322 0.9071499
1740547430.429710 16.4530449 7.5992112 27.3272972 0.0475225 0.3110375 -0.2817803 0.9064200
1740547430.540950 16.4809532 7.5654793 27.4160423 0.0542100 0.3110613 -0.2842230 0.9052731
1740547430.651624 16.5353432 7.5244050 27.4906273 0.0622096 0.3089915 -0.2865609 0.9047304
1740547430.758981 16.5653934 7.4893131 27.5833740 0.0703826 0.3084802 -0.2890243 0.9035216
1740547430.974216 16.6401329 7.3905354 27.7456284 0.0874208 0.3054937 -0.2943615 0.9013227
1740547431.082594 16.6716213 7.3392000 27.8258801 0.0958616 0.3045385 -0.2968621 0.8999665
1740547431.294209 16.7480354 7.2455311 27.9831409 0.1141334 0.3026955 -0.3021558 0.8966888
1740547431.506629 16.8410854 7.1564331 28.1397285 0.1318844 0.3014390 -0.3068428 0.8930781
1740547431.716864 16.9108391 7.0541153 28.2914410 0.1487588 0.3023605 -0.3119167 0.8883450
1740547432.025920 17.0351906 6.8751984 28.4965820 0.1735912 0.3027271 -0.3173018 0.8817834
1740547432.337282 17.1439571 6.7007713 28.7192402 0.1956263 0.3049134 -0.3218452 0.8747422
1740547432.645835 17.2683277 6.5153866 28.9211731 0.2136881 0.3070044 -0.3254257 0.8684376
1740547432.965630 17.3904266 6.3051643 29.0979385 0.2283099 0.3072889 -0.3286299 0.8633948
1740547433.275983 17.4938736 6.0969944 29.2915001 0.2392695 0.3050450 -0.3315988 0.8600813
1740547433.703354 17.6481342 5.8497410 29.5652027 0.2465171 0.2959633 -0.3365807 0.8592721
1740547434.112029 17.7525921 5.5966673 29.8570747 0.2470462 0.2811480 -0.3424401 0.8617765
1740547434.523781 17.8239517 5.3501911 30.1678429 0.2423821 0.2612325 -0.3484021 0.8669629
1740547434.831882 17.9066925 5.1969690 30.4104347 0.2366739 0.2439572 -0.3536654 0.8714305
1740547435.242975 17.9944611 4.9914188 30.7452469 0.2258092 0.2194088 -0.3603243 0.8780867
1740547435.655741 18.0394325 4.7796669 31.0824776 0.2132634 0.1948449 -0.3660320 0.8846326
1740547435.968784 18.0817680 4.6533232 31.3541317 0.2032588 0.1765376 -0.3702412 0.8890679
1740547436.278157 18.1124306 4.5272312 31.6191616 0.1933243 0.1595308 -0.3737381 0.8930261
1740547436.485740 18.1264763 4.4404860 31.7980080 0.1865614 0.1479778 -0.3756671 0.8956404
1740547436.884971 18.1503735 4.3067217 32.1733551 0.1734021 0.1260555 -0.3800274 0.8997894
1740547437.301698 18.1684780 4.1691685 32.5481110 0.1593794 0.1055239 -0.3838558 0.9033923
1740547437.705749 18.1722736 4.0372152 32.9167862 0.1463098 0.0850754 -0.3869418 0.9064390
1740547438.119813 18.1690235 3.9324961 33.3002319 0.1323010 0.0644673 -0.3906682 0.9086907
1740547438.320645 18.1518955 3.8929243 33.4906082 0.1259189 0.0547272 -0.3915904 0.9098386
1740547438.617048 18.1479702 3.8344469 33.7838898 0.1147872 0.0392983 -0.3935897 0.9112446
1740547438.820249 18.1204090 3.8079958 33.9759636 0.1068236 0.0291925 -0.3952732 0.9118638
1740547439.121932 18.0951538 3.7554388 34.2681427 0.0935105 0.0149902 -0.3966388 0.9130766
1740547439.427403 18.0652657 3.7128687 34.5575905 0.0788811 0.0009016 -0.3988617 0.9136117
1740547439.633073 18.0797806 3.7301421 34.7256737 0.0697272 -0.0100491 -0.3993251 0.9140989
1740547439.837557 18.0027161 3.7024941 34.9470940 0.0577438 -0.0154591 -0.4006661 0.9142720
1740547440.145063 17.9964123 3.7061586 35.2308960 0.0412339 -0.0274303 -0.4025924 0.9140387
1740547440.346887 17.9790688 3.7125030 35.4323959 0.0297542 -0.0318232 -0.4023519 0.9144479
1740547440.652419 17.9906502 3.7545395 35.6781883 0.0144999 -0.0433100 -0.4038300 0.9136932
1740547440.951324 17.9643841 3.7701840 35.9625626 -0.0021400 -0.0509147 -0.4058659 0.9125108
1740547441.152505 17.9193001 3.7962143 36.1621437 -0.0106894 -0.0530228 -0.4048356 0.9127883
1740547441.445429 17.9026165 3.8340535 36.4262314 -0.0243160 -0.0611959 -0.4051634 0.9118697
1740547441.653593 17.8967571 3.8858509 36.6199036 -0.0300527 -0.0629361 -0.4066343 0.9109251
1740547441.853583 17.8744659 3.8863211 36.8082504 -0.0399485 -0.0684359 -0.4056364 0.9105931
1740547442.053712 17.8525562 3.9070928 36.9745026 -0.0474094 -0.0732404 -0.4080430 0.9087844
1740547442.250159 17.8195629 3.9551988 37.1417007 -0.0508087 -0.0780222 -0.4083030 0.9080857
1740547442.343959 17.8189888 3.9846599 37.2119293 -0.0520357 -0.0824849 -0.4100469 0.9068352
1740547442.439621 17.8117847 4.0118237 37.2952576 -0.0549168 -0.0848941 -0.4105512 0.9062145
1740547442.539015 17.8017769 4.0332174 37.3848343 -0.0575288 -0.0872747 -0.4099759 0.9060869
1740547442.640116 17.7946434 4.0681596 37.4670944 -0.0592188 -0.0903574 -0.4103664 0.9054988
1740547442.747616 17.7880325 4.0988646 37.5580750 -0.0618263 -0.0934133 -0.4105456 0.9049330
1740547442.843882 17.7783051 4.1266651 37.6551628 -0.0638885 -0.0962047 -0.4111902 0.9042044
1740547442.940160 17.7625542 4.1459217 37.7512169 -0.0672982 -0.0993725 -0.4112084 0.9036059
1740547443.040120 17.7421894 4.1792822 37.8448334 -0.0700522 -0.1027366 -0.4116938 0.9027991
1740547443.137583 17.7285233 4.1959047 37.9364815 -0.0743540 -0.1074069 -0.4117737 0.9018745
1740547443.235775 17.7124367 4.2339997 38.0251732 -0.0771469 -0.1112371 -0.4122750 0.9009462
1740547443.333396 17.6983109 4.2756972 38.1102257 -0.0799049 -0.1157561 -0.4120865 0.9002225
1740547443.426938 17.6911888 4.2992225 38.1650581 -0.0837148 -0.1207730 -0.4123416 0.8990996
1740547443.528243 17.6809998 4.3300734 38.2177086 -0.0869034 -0.1250260 -0.4113746 0.8986586
1740547443.628428 17.6693668 4.3633318 38.2913246 -0.0901211 -0.1303264 -0.4124456 0.8970963
1740547443.726440 17.6526546 4.3870158 38.3560638 -0.0953562 -0.1344228 -0.4111021 0.8965672
1740547443.833385 17.6308060 4.4131904 38.4206467 -0.0996003 -0.1378845 -0.4106477 0.8957880
1740547443.926958 17.5959969 4.4577060 38.5152359 -0.1035122 -0.1411677 -0.4106205 0.8948451
1740547444.028497 17.5863037 4.5001698 38.5951881 -0.1064602 -0.1460073 -0.4102807 0.8938780
1740547444.125749 17.5596867 4.5496526 38.6851425 -0.1096925 -0.1491122 -0.4098409 0.8931761
1740547444.222337 17.5402641 4.5899572 38.7721024 -0.1137613 -0.1525931 -0.4099128 0.8920455
1740547444.324075 17.5214863 4.6261139 38.8656311 -0.1178766 -0.1557753 -0.4092723 0.8912550
1740547444.420208 17.5014420 4.6660924 38.9569359 -0.1217596 -0.1582579 -0.4095439 0.8901701
1740547444.525378 17.4816818 4.7093658 39.0454521 -0.1243374 -0.1606461 -0.4092064 0.8895410
1740547444.622413 17.4562817 4.7630892 39.1294518 -0.1262448 -0.1625042 -0.4094089 0.8888415
1740547444.718803 17.4283524 4.7934351 39.2155304 -0.1293842 -0.1638913 -0.4088975 0.8883706
1740547444.820958 17.3958359 4.8107204 39.3074608 -0.1336261 -0.1650598 -0.4095005 0.8872478
1740547444.917624 17.3796864 4.8575697 39.4003372 -0.1351700 -0.1659497 -0.4098549 0.8866841
1740547445.021758 17.3666840 4.9000363 39.4900970 -0.1366654 -0.1668067 -0.4098773 0.8862837
1740547445.121284 17.3495445 4.9459915 39.5812607 -0.1382478 -0.1666740 -0.4096093 0.8861871
1740547445.215790 17.3309593 4.9794273 39.6730385 -0.1400684 -0.1668882 -0.4099681 0.8856948
1740547445.317343 17.3199425 5.0224986 39.7565613 -0.1404560 -0.1666384 -0.4100358 0.8856491
1740547445.412365 17.3025761 5.0729351 39.8439598 -0.1406146 -0.1657947 -0.4101039 0.8857508
1740547445.521910 17.2834129 5.1038427 39.9381676 -0.1413976 -0.1650640 -0.4107603 0.8854584
1740547445.616982 17.2626648 5.1337385 40.0335159 -0.1424449 -0.1645606 -0.4111344 0.8852106
1740547445.714508 17.2590389 5.1726656 40.1217995 -0.1423662 -0.1638226 -0.4106095 0.8856037
1740547445.817152 17.2518024 5.2139411 40.2118912 -0.1418986 -0.1631308 -0.4108003 0.8857179
1740547445.925900 17.2324905 5.2510877 40.3052025 -0.1418330 -0.1622626 -0.4115537 0.8855382
1740547446.125048 17.2076569 5.3300381 40.4928970 -0.1415965 -0.1610260 -0.4115404 0.8858079
1740547446.319981 17.1721916 5.4033909 40.6708183 -0.1404522 -0.1592963 -0.4119233 0.8861248
1740547446.416103 17.1479511 5.4474840 40.7595596 -0.1395580 -0.1580743 -0.4125002 0.8862165
1740547446.621915 17.1124992 5.5116076 40.9481392 -0.1384652 -0.1569150 -0.4127275 0.8864881
1740547446.815842 17.0815182 5.5841060 41.1308174 -0.1371707 -0.1564824 -0.4122604 0.8869830
1740547447.114739 17.0268650 5.6963482 41.3989029 -0.1351179 -0.1560455 -0.4124317 0.8872954
1740547447.212847 17.0025558 5.7260609 41.4931412 -0.1346804 -0.1554375 -0.4121774 0.8875868
1740547447.413818 16.9671707 5.7963371 41.6721573 -0.1335770 -0.1553269 -0.4123260 0.8877038
1740547447.820059 16.8939762 5.9414358 42.0422974 -0.1311213 -0.1561909 -0.4121219 0.8880131
1740547448.024483 16.8602867 6.0054903 42.2241783 -0.1301692 -0.1561390 -0.4121265 0.8881601
1740547448.415645 16.8096581 6.1507130 42.5883331 -0.1282101 -0.1579004 -0.4117315 0.8883168
1740547448.818426 16.7270813 6.2861171 42.9553261 -0.1268152 -0.1595888 -0.4111389 0.8884898
1740547449.212949 16.6499748 6.4327717 43.3216782 -0.1242853 -0.1618306 -0.4109048 0.8885501
1740547449.516197 16.5872440 6.5344644 43.5954895 -0.1216025 -0.1650482 -0.4097176 0.8888776
1740547449.920047 16.5003853 6.6778369 43.9584465 -0.1177438 -0.1703101 -0.4081545 0.8891236
1740547450.129572 16.4561138 6.7502899 44.1380310 -0.1157939 -0.1732215 -0.4073128 0.8892033
1740547450.431735 16.3824062 6.8351784 44.4146538 -0.1137214 -0.1790216 -0.4060350 0.8889063
1740547450.736781 16.3102951 6.9343643 44.6873322 -0.1119480 -0.1854838 -0.4047357 0.8883988
1740547451.140290 16.2046242 7.0898395 45.0446320 -0.1090236 -0.1941469 -0.4026976 0.8878376
1740547451.544380 16.0806160 7.2396874 45.3906250 -0.1062207 -0.2024152 -0.4004506 0.8873469
1740547451.957316 15.9709377 7.3802872 45.7472000 -0.1015689 -0.2102134 -0.3985328 0.8869418
1740547452.377845 15.8291912 7.5208292 46.0924911 -0.0951655 -0.2156819 -0.3969453 0.8870509
1740547452.789225 15.7068052 7.6573157 46.4439888 -0.0834809 -0.2187069 -0.3941922 0.8887129
1740547453.213456 15.5458355 7.7868376 46.7898331 -0.0666210 -0.2184423 -0.3907411 0.8917208
1740547453.637708 15.4220486 7.8847442 47.1594238 -0.0426821 -0.2189196 -0.3862380 0.8950266
1740547454.058249 15.2871294 7.9362321 47.5324821 -0.0113407 -0.2209423 -0.3798207 0.8982161
1740547454.465426 15.1585798 7.9744034 47.9134407 0.0295273 -0.2274136 -0.3704618 0.9000940
1740547454.876759 14.9513025 7.9569044 48.2573204 0.0764218 -0.2416447 -0.3587737 0.8983591
1740547455.278251 14.6917019 7.9105582 48.5566101 0.1292380 -0.2593904 -0.3439588 0.8931442
1740547455.682265 14.3914881 7.8121247 48.8152428 0.1830150 -0.2768232 -0.3268420 0.8849004
1740547456.114903 14.0980701 7.7389708 49.0800705 0.2333343 -0.2896634 -0.3104659 0.8747921
1740547456.528107 13.8114147 7.5697460 49.2996635 0.2786811 -0.2917721 -0.2934369 0.8666607
1740547456.942382 13.5409603 7.3463840 49.5101585 0.3193866 -0.2825229 -0.2753111 0.8616129
1740547457.349959 13.2816429 7.1767044 49.7661324 0.3574521 -0.2628945 -0.2547875 0.8591844
1740547457.653721 13.1079712 7.0686283 49.9956245 0.3848645 -0.2411492 -0.2375221 0.8586674
1740547457.956916 12.9636412 6.8712826 50.1557312 0.4138027 -0.2139677 -0.2176572 0.8576774
1740547458.171233 12.8860931 6.6832066 50.2132301 0.4329493 -0.1938038 -0.2033853 0.8565217
1740547458.470544 12.7929249 6.4023285 50.3059311 0.4604226 -0.1613467 -0.1802282 0.8541054
1740547458.673502 12.7396441 6.2330112 50.3996429 0.4761028 -0.1394593 -0.1648770 0.8524628
1740547458.979841 12.6533184 5.9708061 50.5272789 0.4968640 -0.1057681 -0.1423094 0.8495218
1740547459.183624 12.6447821 5.7879982 50.6094894 0.5078980 -0.0844281 -0.1277067 0.8477043
1740547459.502080 12.6690731 5.5048447 50.7152596 0.5184610 -0.0552369 -0.1085994 0.8463765
1740547459.806434 12.6556425 5.2450562 50.8699684 0.5229651 -0.0300963 -0.0922659 0.8468109
1740547460.016412 12.6553974 5.0756092 50.9769402 0.5233389 -0.0160723 -0.0837334 0.8478484
1740547460.328485 12.6314278 4.7931576 51.0866356 0.5205823 0.0001650 -0.0743803 0.8505655
1740547460.542518 12.6568251 4.6253433 51.1996765 0.5171385 0.0074195 -0.0700112 0.8530012
1740547460.858473 12.6676226 4.3574848 51.3437462 0.5096402 0.0146942 -0.0663340 0.8577008
1740547461.167286 12.6406622 4.0832596 51.4757843 0.4997725 0.0168887 -0.0650300 0.8635470
1740547461.374450 12.6479492 3.9171886 51.5924683 0.4928356 0.0160542 -0.0660291 0.8674650
1740547461.680177 12.6387739 3.6697674 51.7644272 0.4804491 0.0122475 -0.0685533 0.8742535
1740547461.886921 12.6090069 3.5015831 51.8748550 0.4710590 0.0086469 -0.0706252 0.8792274
1740547462.093672 12.6047916 3.3448334 52.0058632 0.4613298 0.0042452 -0.0735055 0.8841684
1740547462.395072 12.5617962 3.1143188 52.1974602 0.4455822 -0.0032804 -0.0785982 0.8917781
1740547462.706656 12.5257778 2.8963242 52.3946342 0.4278428 -0.0105860 -0.0832102 0.8999526
1740547462.905523 12.4959345 2.7556715 52.5368042 0.4158084 -0.0149818 -0.0860654 0.9052467
1740547463.200501 12.4753227 2.5571699 52.7663574 0.3967648 -0.0211399 -0.0890712 0.9133439
1740547463.502165 12.4328213 2.3625202 52.9995422 0.3784501 -0.0261973 -0.0925239 0.9206132
1740547463.700706 12.3955154 2.2258415 53.1500969 0.3663409 -0.0290065 -0.0945438 0.9252105
1740547464.012212 12.3469219 2.0603008 53.3941689 0.3474250 -0.0315676 -0.0968897 0.9321544
1740547464.209178 12.3249416 1.9252806 53.5550880 0.3344945 -0.0331146 -0.0980264 0.9367005
1740547464.519636 12.2801971 1.7811241 53.7972488 0.3178084 -0.0343946 -0.0995687 0.9422850
1740547464.712040 12.2530804 1.6646414 53.9584999 0.3052640 -0.0339880 -0.1002114 0.9463701
1740547464.915477 12.2291107 1.5697389 54.1328926 0.2937111 -0.0332826 -0.1013528 0.9499230
1740547465.117585 12.2230368 1.4628687 54.3015213 0.2828345 -0.0321439 -0.1015945 0.9532313
1740547465.320290 12.1967945 1.3749676 54.4781532 0.2715958 -0.0305692 -0.1010840 0.9565999
1740547465.529303 12.1623869 1.3011823 54.6530304 0.2616844 -0.0286727 -0.1012750 0.9593970
1740547465.723518 12.1336832 1.2029300 54.8214111 0.2509207 -0.0257446 -0.1011871 0.9623602
1740547465.922953 12.1158028 1.1195600 55.0003967 0.2399190 -0.0218678 -0.1020615 0.9651654
1740547466.128529 12.1055031 1.0354316 55.1770325 0.2290477 -0.0178765 -0.1013396 0.9679607
1740547466.329522 12.0940237 0.9547949 55.3534126 0.2181510 -0.0138362 -0.1003516 0.9706432
1740547466.534256 12.0809441 0.8886940 55.5351677 0.2089489 -0.0086381 -0.0987633 0.9728882
1740547466.732327 12.0776978 0.8104911 55.7213211 0.1988134 -0.0021413 -0.0981499 0.9751078
1740547466.934062 12.0691423 0.7450840 55.9074821 0.1892637 0.0039634 -0.0963033 0.9771844
1740547467.142879 12.0736885 0.6839503 56.0947266 0.1791997 0.0105775 -0.0953960 0.9791196
1740547467.339293 12.0900555 0.6172389 56.2839775 0.1693716 0.0178355 -0.0943341 0.9808651
1740547467.638339 12.1005068 0.5271724 56.5642090 0.1525855 0.0318169 -0.0913354 0.9835463
1740547467.835430 12.1132517 0.4730881 56.7442856 0.1422942 0.0406205 -0.0889134 0.9849856
1740547468.037887 12.1359758 0.4225192 56.9353333 0.1310767 0.0500876 -0.0869442 0.9862813
1740547468.233395 12.1429224 0.4009329 57.1316757 0.1201214 0.0600442 -0.0847655 0.9873097
1740547468.536567 12.1873417 0.3485954 57.4189835 0.1005249 0.0773587 -0.0811220 0.9885998
1740547468.733155 12.2232761 0.3022506 57.6081161 0.0865346 0.0911193 -0.0783331 0.9889757
1740547468.934562 12.2652283 0.2848597 57.8018417 0.0724030 0.1041484 -0.0755732 0.9890398
1740547469.342500 12.3752422 0.2350838 58.1837997 0.0391890 0.1349717 -0.0697790 0.9876122
1740547469.653445 12.4738073 0.2467629 58.4707947 0.0118545 0.1615581 -0.0642293 0.9846995
1740547469.960207 12.6010170 0.2705350 58.7465210 -0.0184199 0.1919608 -0.0586303 0.9794765
1740547470.275953 12.7515917 0.2975536 59.0052528 -0.0502964 0.2239678 -0.0517577 0.9719207
1740547470.481763 12.8704805 0.3398219 59.1631088 -0.0720044 0.2467344 -0.0476403 0.9652295
1740547470.783145 13.0632534 0.4253311 59.3832016 -0.1052644 0.2813312 -0.0407802 0.9529476
1740547470.982671 13.2015123 0.4952664 59.5124359 -0.1264577 0.3023041 -0.0368840 0.9440658
1740547471.185656 13.3448591 0.5631425 59.6418457 -0.1476845 0.3220598 -0.0319265 0.9345841
1740547471.486429 13.5594444 0.6977339 59.8074532 -0.1770016 0.3492914 -0.0254713 0.9197920
1740547471.686590 13.7152176 0.7772188 59.9139862 -0.1940335 0.3639366 -0.0219255 0.9107252
1740547471.891178 13.8655462 0.8748140 60.0101852 -0.2104162 0.3773297 -0.0173065 0.9016917
1740547472.094312 14.0166378 0.9627767 60.1224594 -0.2238254 0.3884751 -0.0139207 0.8937536
1740547472.396867 14.2317581 1.1139441 60.2815323 -0.2404098 0.3992425 -0.0096369 0.8847123
1740547472.596572 14.3735676 1.2148037 60.3870087 -0.2461130 0.4034783 -0.0075535 0.8812359
1740547472.897741 14.5925961 1.3572540 60.5403137 -0.2521119 0.4062712 -0.0056786 0.8782659
1740547473.200395 14.8123913 1.4933500 60.6890793 -0.2526006 0.4034253 -0.0049388 0.8794411
1740547473.503557 15.0134182 1.6208954 60.8721237 -0.2492960 0.3984709 -0.0050496 0.8826364
1740547473.703799 15.1597700 1.7018890 60.9808388 -0.2450762 0.3901659 -0.0034657 0.8875225
1740547473.911676 15.2838392 1.7728801 61.1211929 -0.2380183 0.3830272 -0.0041937 0.8925356
1740547474.120397 15.4216728 1.8465066 61.2476425 -0.2317470 0.3755007 -0.0028895 0.8973762
1740547474.331060 15.5424633 1.9095149 61.3848076 -0.2234554 0.3663657 -0.0044087 0.9032300
1740547474.524612 15.6596508 2.0055413 61.5187912 -0.2124238 0.3569696 -0.0037459 0.9096344
1740547474.729877 15.7787313 2.0558929 61.6653061 -0.2054180 0.3465237 -0.0054074 0.9152571
1740547474.934791 15.8954353 2.1376412 61.7869415 -0.1951341 0.3368905 -0.0072258 0.9210729
1740547475.035671 15.9392710 2.1910217 61.8561172 -0.1907650 0.3319423 -0.0064667 0.9237863
1740547475.240242 16.0472927 2.2267644 62.0098991 -0.1817815 0.3209902 -0.0083216 0.9294361
1740547475.345600 16.1102085 2.2447801 62.0814171 -0.1761102 0.3158285 -0.0072888 0.9323007
1740547475.547787 16.2231178 2.2946153 62.2262230 -0.1663738 0.3060014 -0.0097384 0.9373303
1740547475.650437 16.2697716 2.3077743 62.2973061 -0.1619342 0.3011414 -0.0110754 0.9396641
1740547475.854522 16.3722496 2.3529704 62.4499054 -0.1524665 0.2914637 -0.0118286 0.9442791
1740547475.951912 16.4294147 2.3687668 62.5202866 -0.1483113 0.2861602 -0.0144070 0.9465244
1740547476.068214 16.4854717 2.3927896 62.5887794 -0.1454250 0.2806973 -0.0142064 0.9486089
1740547476.162799 16.5311203 2.4087408 62.6604385 -0.1400650 0.2762233 -0.0139524 0.9507302
1740547476.469495 16.6649971 2.4845071 62.8940506 -0.1297896 0.2628864 -0.0142095 0.9559516
1740547476.669949 16.7481689 2.5410063 63.0214500 -0.1230635 0.2510671 -0.0147517 0.9600016
1740547476.868367 16.8225250 2.5827119 63.0646782 -0.1156607 0.2402765 -0.0104928 0.9637322
1740547476.965134 16.8453121 2.5977483 63.0822906 -0.1112517 0.2348405 -0.0097351 0.9655973
1740547477.076387 16.8502579 2.6303930 63.1076584 -0.1076575 0.2329563 -0.0129205 0.9664235
1740547477.171320 16.8888149 2.6538529 63.1263199 -0.1040036 0.2240371 -0.0151958 0.9688962
1740547477.269868 16.9173050 2.6864114 63.1430092 -0.0986769 0.2174128 -0.0141649 0.9709758
1740547477.374433 16.9534912 2.7102621 63.1705246 -0.0935694 0.2096701 -0.0120337 0.9732103
1740547477.468811 16.9794235 2.7274811 63.1886597 -0.0901034 0.2033213 -0.0122180 0.9748808
1740547477.581517 17.0142822 2.7509799 63.2125587 -0.0858925 0.1962351 -0.0121436 0.9767123
1740547477.676664 17.0451622 2.7729535 63.2273407 -0.0811076 0.1880907 -0.0152109 0.9786788
1740547477.770428 17.0729370 2.8020182 63.2408943 -0.0727770 0.1813002 -0.0134992 0.9806383
1740547477.872344 17.1090031 2.8165808 63.2585411 -0.0694503 0.1725036 -0.0143378 0.9824529
1740547477.970112 17.1429195 2.8210356 63.2633057 -0.0663235 0.1626910 -0.0120893 0.9843712
1740547478.083815 17.1667824 2.8350520 63.2747078 -0.0618336 0.1550024 -0.0104778 0.9859214
1740547478.177846 17.1915188 2.8481054 63.2887077 -0.0570805 0.1484572 -0.0089735 0.9872293
1740547478.277173 17.2161655 2.8712771 63.2879181 -0.0498316 0.1394741 -0.0087150 0.9889327
1740547478.379658 17.1984673 2.8986185 63.3012924 -0.0433476 0.1404390 -0.0135877 0.9890466
1740547478.474885 17.2164669 2.9268148 63.3102303 -0.0350979 0.1329718 -0.0121922 0.9904231
1740547478.575571 17.2349300 2.9267659 63.3313484 -0.0351399 0.1286099 -0.0116199 0.9910043
1740547478.671682 17.2662449 2.9572372 63.3535538 -0.0276143 0.1227608 -0.0134331 0.9919611
1740547478.769936 17.3025112 2.9904962 63.3793602 -0.0198547 0.1150905 -0.0105525 0.9931005
1740547478.871671 17.3359699 3.0179231 63.3954391 -0.0117329 0.1077169 -0.0136549 0.9940186
1740547478.970191 17.3481979 3.0374923 63.4082146 -0.0048607 0.1029114 -0.0137716 0.9945833
1740547479.072094 17.3826046 3.0574293 63.4350357 0.0013093 0.0963690 -0.0122032 0.9952700
1740547479.171633 17.4343414 3.0827713 63.4433289 0.0084939 0.0829373 -0.0126083 0.9964388
1740547479.269981 17.4421024 3.1020119 63.4494743 0.0159454 0.0778608 -0.0166043 0.9966984
1740547479.398576 17.4398270 3.1186497 63.4582443 0.0212210 0.0748783 -0.0153429 0.9968488
1740547479.495960 17.4676075 3.1357768 63.4631577 0.0291187 0.0648828 -0.0067601 0.9974450
1740547479.596170 17.5010643 3.1465981 63.4656715 0.0332528 0.0538912 -0.0040732 0.9979847
1740547479.697733 17.5399647 3.1391704 63.4612656 0.0326053 0.0416329 0.0016293 0.9985995
1740547479.794034 17.5498714 3.1334300 63.4699097 0.0319641 0.0352580 0.0046311 0.9988562
1740547479.898512 17.5638924 3.1221776 63.4741440 0.0319045 0.0284285 0.0073200 0.9990597
1740547479.995877 17.6062565 3.1630373 63.4926872 0.0434931 0.0148800 0.0117864 0.9988734
1740547480.096623 17.6388187 3.1514065 63.4976540 0.0420732 0.0036995 0.0151325 0.9989931
1740547480.198112 17.6975899 3.1251190 63.5044937 0.0376094 -0.0145534 0.0198653 0.9989890
1740547480.296419 17.7415218 3.1667624 63.5119019 0.0514948 -0.0323401 0.0260299 0.9978101
1740547480.399392 17.7741184 3.1562226 63.5219345 0.0478892 -0.0453690 0.0264014 0.9974725
1740547480.498411 17.7558575 3.2304108 63.5397911 0.0712566 -0.0422169 0.0228687 0.9963018
1740547480.599931 17.8038101 3.3006661 63.5723610 0.0919675 -0.0581811 0.0240459 0.9937700
1740547480.701528 17.8898449 3.2907414 63.6063576 0.0860642 -0.0854167 0.0251731 0.9923020
1740547480.799627 17.8904877 3.2472668 63.6383667 0.0738848 -0.0835077 0.0299320 0.9933134
1740547480.903900 17.9244022 3.2067747 63.6572342 0.0607696 -0.0943393 0.0328494 0.9931405
1740547481.004269 17.9435825 3.1461256 63.6959953 0.0400229 -0.1050138 0.0294540 0.9932284
1740547481.116853 17.9151726 3.1005347 63.7807274 0.0301551 -0.1059460 0.0232610 0.9936423
1740547481.214955 17.9145947 3.0946102 63.8829613 0.0313046 -0.1116203 0.0228634 0.9929946
1740547481.314136 17.8916168 3.0645061 63.9756470 0.0254018 -0.1117763 0.0230141 0.9931421
1740547481.630777 17.8211842 3.0008187 64.2600174 0.0109140 -0.1163995 0.0205363 0.9929302
1740547481.835597 17.7560959 2.9751956 64.4466705 0.0027939 -0.1167148 0.0190746 0.9929784
