1740547378.978799 0.0000000 0.0000000 0.0000000 -0.0000000 -0.0000000 -0.0000000 1.0000000
1740547379.653344 -0.0260999 -0.0260415 0.0869989 -0.0010123 0.0012007 0.0001765 0.9999987
1740547379.819474 -0.0294566 -0.0237593 0.1780594 -0.0008869 0.0008268 0.0002141 0.9999993
1740547380.003138 -0.0348948 -0.0317833 0.2692177 -0.0003530 0.0016429 -0.0002076 0.9999986
1740547380.152941 -0.0226310 -0.0366566 0.3585447 0.0006329 0.0008491 0.0002050 0.9999995
1740547380.252604 -0.0262585 -0.0414900 0.4471319 0.0015406 0.0011261 0.0002610 0.9999982
1740547380.353549 -0.0403791 -0.0591446 0.5396907 0.0024215 0.0017421 0.0000011 0.9999956
1740547380.454416 -0.0362514 -0.0607089 0.6326271 0.0046920 0.0017796 -0.0003209 0.9999874
1740547380.555895 -0.0238677 -0.0673755 0.7194594 0.0056961 0.0007401 -0.0001691 0.9999835
1740547380.664940 -0.0291419 -0.0656997 0.8087966 0.0083171 0.0008616 0.0001542 0.9999651
1740547380.768106 -0.0133890 -0.0680177 0.9043239 0.0105406 -0.0004189 -0.0003501 0.9999443
1740547380.875040 -0.0346431 -0.0697666 0.9877623 0.0126625 0.0001165 -0.0001202 0.9999198
1740547380.978255 -0.0316531 -0.0668611 1.0810304 0.0152276 -0.0005317 -0.0002462 0.9998839
1740547381.087908 -0.0277606 -0.0607165 1.1731094 0.0183791 -0.0010130 -0.0000515 0.9998306
1740547381.192124 -0.0312374 -0.0726329 1.2580848 0.0207636 -0.0014807 -0.0000124 0.9997833
1740547381.298306 -0.0262229 -0.0778229 1.3506312 0.0239961 -0.0022594 -0.0000500 0.9997095
1740547381.403500 -0.0302334 -0.0943174 1.4377449 0.0268102 -0.0025934 -0.0001077 0.9996372
1740547381.505542 -0.0351726 -0.1088703 1.5294714 0.0296259 -0.0032441 -0.0001348 0.9995558
1740547381.616841 -0.0338957 -0.1182254 1.6164877 0.0325584 -0.0044647 -0.0004783 0.9994597
1740547381.722513 -0.0486829 -0.1305331 1.7093112 0.0355809 -0.0047192 -0.0003862 0.9993556
1740547381.835389 -0.0484832 -0.1410442 1.8007537 0.0384212 -0.0064542 -0.0003324 0.9992408
1740547381.936831 -0.0574560 -0.1619803 1.8856010 0.0410717 -0.0068011 -0.0004447 0.9991329
1740547382.036687 -0.0617631 -0.1687288 1.9757706 0.0438849 -0.0080991 -0.0002585 0.9990037
1740547382.145240 -0.0535161 -0.1748854 2.0690534 0.0470508 -0.0098707 -0.0002508 0.9988437
1740547382.243159 -0.0706037 -0.1942935 2.1593494 0.0496162 -0.0098775 -0.0004703 0.9987194
1740547382.347928 -0.0621506 -0.2078954 2.2516298 0.0520207 -0.0116149 -0.0004220 0.9985784
1740547382.455132 -0.0637899 -0.2226851 2.3452156 0.0541286 -0.0125407 -0.0007029 0.9984550
1740547382.556770 -0.0786534 -0.2434833 2.4301000 0.0554198 -0.0122009 -0.0003916 0.9983885
1740547382.660564 -0.0924222 -0.2811610 2.5200961 0.0557737 -0.0125592 -0.0003933 0.9983644
1740547382.762062 -0.1071532 -0.2983881 2.6014316 0.0568813 -0.0124026 -0.0005966 0.9983038
1740547382.870506 -0.1159593 -0.3081867 2.6922874 0.0581015 -0.0128072 -0.0003497 0.9982285
1740547382.973362 -0.1210071 -0.3206561 2.7870381 0.0587506 -0.0135114 -0.0004940 0.9981811
1740547383.086046 -0.1307497 -0.3490815 2.8790600 0.0583300 -0.0136414 -0.0009120 0.9982038
1740547383.188151 -0.1493373 -0.3698491 2.9669554 0.0582232 -0.0127977 -0.0006918 0.9982213
1740547383.288363 -0.1643507 -0.4035147 3.0511529 0.0568740 -0.0122491 -0.0009854 0.9983057
1740547383.399404 -0.1534671 -0.3852278 3.1533890 0.0583632 -0.0126505 -0.0001483 0.9982153
1740547383.502760 -0.1568803 -0.4168501 3.2416875 0.0568272 -0.0122955 -0.0007848 0.9983081
1740547383.613877 -0.1624808 -0.4341414 3.3345110 0.0557777 -0.0120877 -0.0005659 0.9983699
1740547383.716930 -0.1784216 -0.4566230 3.4158278 0.0541468 -0.0106058 -0.0009118 0.9984763
1740547383.815710 -0.2097061 -0.4851286 3.5001764 0.0515209 -0.0085719 -0.0010012 0.9986346
1740547383.921259 -0.2224969 -0.5222913 3.5821044 0.0481838 -0.0073357 -0.0021148 0.9988093
1740547384.019009 -0.2433492 -0.5360368 3.6789954 0.0458859 -0.0056937 -0.0023551 0.9989277
1740547384.120698 -0.2599629 -0.5207046 3.7703433 0.0447688 -0.0046672 -0.0015807 0.9989852
1740547384.220362 -0.2591652 -0.5570387 3.8599837 0.0412418 -0.0039920 -0.0024775 0.9991382
1740547384.321524 -0.2775871 -0.5612478 3.9436588 0.0389550 -0.0016140 -0.0026208 0.9992362
1740547384.422472 -0.2921456 -0.5447485 4.0299697 0.0372104 0.0003026 -0.0017383 0.9993059
1740547384.526324 -0.2941089 -0.5640265 4.1223836 0.0343905 0.0019218 -0.0026226 0.9994032
1740547384.632420 -0.3262000 -0.5574568 4.2040606 0.0327770 0.0054051 -0.0023941 0.9994452
1740547384.732547 -0.3572305 -0.5499654 4.2843671 0.0317801 0.0089075 -0.0026183 0.9994518
1740547384.840899 -0.3661141 -0.5682820 4.3780708 0.0293222 0.0106134 -0.0037644 0.9995066
1740547384.939894 -0.3601021 -0.5770546 4.4466457 0.0278672 0.0103989 -0.0039149 0.9995499
1740547385.036326 -0.3712665 -0.5946657 4.4988365 0.0255707 0.0129857 -0.0050201 0.9995761
1740547385.137754 -0.3811056 -0.6183101 4.5567904 0.0226694 0.0148734 -0.0049238 0.9996203
1740547385.237897 -0.3971391 -0.6584088 4.6396575 0.0189733 0.0176543 -0.0063016 0.9996443
1740547385.342963 -0.4101107 -0.6348951 4.7290902 0.0184204 0.0203307 -0.0049879 0.9996111
1740547385.441604 -0.4043913 -0.6312299 4.8072577 0.0173213 0.0204489 -0.0047407 0.9996296
1740547385.538706 -0.4251132 -0.6557669 4.8710942 0.0151236 0.0251552 -0.0054874 0.9995542
1740547385.640438 -0.4161611 -0.6374114 4.9652171 0.0153112 0.0259160 -0.0055497 0.9995314
1740547385.738038 -0.4314060 -0.6624790 5.0245161 0.0121236 0.0288529 -0.0057630 0.9994935
1740547385.845775 -0.4000621 -0.6483123 5.0550594 0.0128956 0.0261576 -0.0047659 0.9995633
1740547385.942472 -0.3875923 -0.6410922 5.1143713 0.0139080 0.0253334 -0.0053110 0.9995682
1740547386.040737 -0.4087848 -0.6584158 5.1921606 0.0127087 0.0286787 -0.0055549 0.9994925
1740547386.144540 -0.4159543 -0.6684598 5.2737188 0.0120659 0.0306078 -0.0051475 0.9994454
1740547386.242378 -0.4074511 -0.6764130 5.3402681 0.0124409 0.0321100 -0.0046177 0.9993963
1740547386.347404 -0.4245472 -0.6814877 5.4248586 0.0130869 0.0344369 -0.0053500 0.9993069
1740547386.446685 -0.4350018 -0.6693144 5.4986157 0.0144787 0.0359964 -0.0055932 0.9992314
1740547386.546729 -0.4328674 -0.6452395 5.5539770 0.0169565 0.0368265 -0.0060126 0.9991598
1740547386.656613 -0.4317431 -0.6618071 5.6345677 0.0153762 0.0380490 -0.0055966 0.9991419
1740547386.754446 -0.4363738 -0.6607413 5.6931763 0.0159358 0.0385496 -0.0052987 0.9991156
1740547386.858149 -0.4163725 -0.6711215 5.7411046 0.0142976 0.0379643 -0.0055846 0.9991612
1740547386.960338 -0.4223350 -0.6738243 5.7958674 0.0153311 0.0371701 -0.0054356 0.9991766
1740547387.060607 -0.3971321 -0.6756776 5.8562317 0.0152585 0.0357209 -0.0062435 0.9992259
1740547387.164732 -0.3696437 -0.6839725 5.9279914 0.0155642 0.0363022 -0.0074590 0.9991918
1740547387.264117 -0.3439495 -0.6710125 6.0079479 0.0181560 0.0355613 -0.0061413 0.9991837
1740547387.371790 -0.3197381 -0.6771070 6.0723610 0.0170659 0.0354318 -0.0064148 0.9992058
1740547387.470985 -0.2866829 -0.6799228 6.1094661 0.0164859 0.0321583 -0.0086234 0.9993097
1740547387.570285 -0.2549290 -0.7041695 6.1688886 0.0143243 0.0295878 -0.0065540 0.9994381
1740547387.676393 -0.2532474 -0.7046524 6.2456145 0.0158889 0.0319060 -0.0065424 0.9993432
1740547387.777900 -0.2810840 -0.7074925 6.3225002 0.0155747 0.0359369 -0.0068781 0.9992090
1740547387.888898 -0.2996169 -0.6887904 6.3985920 0.0178604 0.0387653 -0.0069646 0.9990644
1740547387.993210 -0.3273686 -0.6896791 6.4597292 0.0183434 0.0434880 -0.0068210 0.9988623
1740547388.107845 -0.3431123 -0.6840931 6.5209513 0.0182154 0.0490424 -0.0063275 0.9986106
1740547388.208822 -0.3440141 -0.7324924 6.5592408 0.0122072 0.0495119 -0.0055394 0.9986836
1740547388.310517 -0.3155500 -0.7397374 6.5709720 0.0094404 0.0448183 -0.0063067 0.9989306
1740547388.420701 -0.2896854 -0.7314518 6.5874591 0.0096794 0.0398323 -0.0060351 0.9991413
1740547388.522552 -0.2512749 -0.7364858 6.6232929 0.0075137 0.0354603 -0.0059876 0.9993249
1740547388.641423 -0.2253513 -0.7575831 6.6468801 0.0027821 0.0300223 -0.0049070 0.9995333
1740547388.741643 -0.1955035 -0.7652651 6.6690855 -0.0017134 0.0251059 -0.0058346 0.9996663
1740547388.858275 -0.1592170 -0.7648991 6.7105489 -0.0031942 0.0193784 -0.0058502 0.9997900
1740547388.958688 -0.1289375 -0.7786981 6.7447543 -0.0083190 0.0144644 -0.0061183 0.9998421
1740547389.060776 -0.1112520 -0.7880876 6.7732382 -0.0131066 0.0097348 -0.0078269 0.9998361
1740547389.173989 -0.0917328 -0.8077614 6.8080301 -0.0184351 0.0058121 -0.0075490 0.9997846
1740547389.275050 -0.0629078 -0.7903455 6.8224297 -0.0173336 -0.0014227 -0.0073652 0.9998216
1740547389.391308 -0.0318333 -0.7893610 6.8315840 -0.0189344 -0.0095333 -0.0056651 0.9997593
1740547389.492245 0.0039191 -0.7712525 6.8328595 -0.0168979 -0.0185106 -0.0070982 0.9996607
1740547389.609754 0.0308920 -0.7895132 6.8462701 -0.0222383 -0.0269798 -0.0058966 0.9993712
1740547389.710595 0.0386836 -0.8013384 6.8785181 -0.0252629 -0.0305777 -0.0044499 0.9992032
1740547389.812811 0.0593355 -0.8041258 6.8863974 -0.0266444 -0.0391627 -0.0046805 0.9988666
1740547389.922342 0.0900137 -0.8028697 6.9072266 -0.0287499 -0.0475380 -0.0049869 0.9984431
1740547390.025837 0.1186257 -0.8099588 6.9271584 -0.0312561 -0.0565613 -0.0051003 0.9978967
1740547390.139947 0.1593209 -0.8271044 6.9594917 -0.0353030 -0.0652930 -0.0060502 0.9972231
1740547390.243846 0.1871840 -0.8380752 6.9754696 -0.0384439 -0.0745160 -0.0071896 0.9964526
1740547390.363661 0.2106279 -0.8211269 6.9658918 -0.0344788 -0.0830414 -0.0069529 0.9959252
1740547390.464499 0.2468747 -0.8474808 6.9874096 -0.0388093 -0.0918157 -0.0071580 0.9949937
1740547390.568513 0.2641473 -0.8513613 7.0399494 -0.0386751 -0.0988345 -0.0077915 0.9943215
1740547390.682861 0.2890282 -0.8473105 7.0498724 -0.0361484 -0.1078684 -0.0078872 0.9934765
1740547390.790294 0.3076707 -0.8382342 7.0675635 -0.0332092 -0.1157209 -0.0070899 0.9927012
1740547390.898393 0.3312563 -0.8277782 7.0727806 -0.0289168 -0.1242904 -0.0072917 0.9917976
1740547391.004346 0.3534652 -0.8143938 7.0909605 -0.0269280 -0.1324415 -0.0076131 0.9907957
1740547391.112812 0.3740904 -0.8227948 7.1083817 -0.0292440 -0.1412374 -0.0093147 0.9894999
1740547391.219760 0.4009007 -0.8128091 7.1432633 -0.0310217 -0.1491955 -0.0111533 0.9882581
1740547391.322225 0.4165387 -0.8123983 7.1713772 -0.0306984 -0.1567519 -0.0115575 0.9870932
1740547391.429819 0.4367311 -0.8218366 7.1973038 -0.0323735 -0.1650827 -0.0119349 0.9856761
1740547391.535160 0.4550524 -0.8219437 7.2232170 -0.0327771 -0.1721449 -0.0120939 0.9844519
1740547391.646950 0.4757611 -0.8235360 7.2329636 -0.0324829 -0.1804288 -0.0123904 0.9829735
1740547391.754282 0.4926459 -0.8217933 7.2584200 -0.0321405 -0.1878004 -0.0124656 0.9816021
1740547391.860476 0.5130368 -0.8266074 7.2749820 -0.0341527 -0.1951561 -0.0134221 0.9800855
1740547391.963462 0.5356385 -0.8284812 7.2880216 -0.0351507 -0.2027600 -0.0142005 0.9784943
1740547392.064774 0.5580657 -0.8299912 7.2884717 -0.0365380 -0.2114179 -0.0155396 0.9765890
1740547392.172192 0.5833852 -0.8372299 7.2941704 -0.0422110 -0.2199634 -0.0195724 0.9743979
1740547392.275322 0.6024861 -0.8464640 7.2884564 -0.0447019 -0.2270896 -0.0204289 0.9726329
1740547392.384525 0.6221261 -0.8428532 7.2836280 -0.0426220 -0.2329191 -0.0198546 0.9713588
1740547392.489654 0.6316887 -0.8364770 7.2918186 -0.0482723 -0.2379969 -0.0236132 0.9697782
1740547392.595661 0.6497281 -0.8456211 7.3118372 -0.0546180 -0.2425482 -0.0267519 0.9682312
1740547392.711943 0.6487106 -0.8434387 7.3171968 -0.0548498 -0.2408893 -0.0272829 0.9686173
1740547392.815136 0.6462289 -0.8314261 7.3191657 -0.0514481 -0.2371002 -0.0251962 0.9697947
1740547392.924969 0.6359686 -0.8302444 7.3269496 -0.0541652 -0.2329415 -0.0252832 0.9706519
1740547393.027717 0.6216594 -0.8231071 7.3406553 -0.0544692 -0.2229944 -0.0267323 0.9729297
1740547393.140782 0.6070674 -0.8200045 7.3584180 -0.0560775 -0.2133097 -0.0289969 0.9749428
1740547393.243951 0.5950477 -0.8231032 7.3907156 -0.0641117 -0.2073245 -0.0298838 0.9757116
1740547393.364990 0.5792372 -0.8350139 7.4359217 -0.0755560 -0.2023587 -0.0327170 0.9758441
1740547393.464903 0.5627762 -0.8304731 7.4864168 -0.0829779 -0.1957265 -0.0330473 0.9765827
1740547393.568835 0.5434226 -0.8268737 7.5446715 -0.0892099 -0.1885547 -0.0343722 0.9773983
1740547393.677376 0.5352258 -0.8300244 7.5892372 -0.0967405 -0.1796023 -0.0364425 0.9782925
1740547393.779922 0.5028418 -0.8543037 7.6101017 -0.1043413 -0.1688538 -0.0401235 0.9792811
1740547393.891907 0.4783213 -0.8598489 7.6547885 -0.1127417 -0.1616077 -0.0404863 0.9795576
1740547393.995646 0.4661550 -0.8581403 7.6884155 -0.1204359 -0.1551252 -0.0440283 0.9795371
1740547394.115988 0.5209390 -0.8347577 7.7227745 -0.1256642 -0.1538034 -0.0469704 0.9789519
1740547394.217541 0.5779004 -0.8590524 7.7492342 -0.1349086 -0.1542825 -0.0482719 0.9775819
1740547394.323164 0.5902302 -0.8706169 7.7813706 -0.1423089 -0.1507602 -0.0504520 0.9769719
1740547394.429152 0.5998374 -0.8949895 7.7933898 -0.1500643 -0.1471396 -0.0496662 0.9764036
1740547394.533722 0.6112933 -0.9063638 7.8091526 -0.1552601 -0.1444115 -0.0502596 0.9759681
1740547394.645229 0.6349093 -0.8976588 7.8239737 -0.1591902 -0.1399457 -0.0506631 0.9759647
1740547394.756168 0.6454519 -0.8818158 7.8399448 -0.1624606 -0.1327037 -0.0497347 0.9764849
1740547394.862907 0.6590744 -0.8686147 7.8675594 -0.1667046 -0.1295954 -0.0514699 0.9760970
1740547394.974701 0.6618938 -0.8593619 7.8748670 -0.1688466 -0.1266451 -0.0526582 0.9760528
1740547395.075824 0.6645768 -0.8543563 7.8787622 -0.1726992 -0.1245835 -0.0534140 0.9756029
1740547395.185039 0.6697734 -0.8557803 7.8859963 -0.1805270 -0.1235940 -0.0549629 0.9742246
1740547395.289853 0.6755425 -0.8280441 7.9224467 -0.1832401 -0.1201275 -0.0553995 0.9741270
1740547395.398948 0.6907560 -0.7707888 8.0012445 -0.1859977 -0.1139596 -0.0562692 0.9742956
1740547395.504502 0.6968284 -0.7190440 8.0920801 -0.1900004 -0.1089987 -0.0574911 0.9740195
1740547395.612015 0.6657408 -0.6777967 8.1715813 -0.1938592 -0.1033045 -0.0591591 0.9737797
1740547395.718321 0.6534561 -0.6299057 8.2562752 -0.1967721 -0.0987238 -0.0607217 0.9735745
1740547395.823120 0.6699530 -0.5691347 8.3424969 -0.2006009 -0.0941679 -0.0605164 0.9732572
1740547395.929246 0.6835926 -0.5074569 8.4224930 -0.2031814 -0.0911398 -0.0612056 0.9729670
1740547396.031544 0.6903499 -0.4522817 8.4948912 -0.2048615 -0.0877682 -0.0628636 0.9728190
1740547396.141758 0.6753427 -0.4073840 8.5768194 -0.2079411 -0.0839732 -0.0644089 0.9723994
1740547396.244805 0.6907474 -0.3454928 8.6552114 -0.2102858 -0.0811740 -0.0652183 0.9720789
1740547396.366749 0.6785112 -0.3005295 8.7356663 -0.2135600 -0.0780177 -0.0662257 0.9715552
1740547396.465094 0.6622103 -0.2419440 8.8039484 -0.2159678 -0.0745590 -0.0670571 0.9712375
1740547396.568165 0.6627268 -0.1759686 8.8712368 -0.2176104 -0.0713271 -0.0680608 0.9710437
1740547396.678080 0.6817286 -0.1111266 8.9510441 -0.2204302 -0.0685825 -0.0686976 0.9705604
1740547396.783631 0.6857271 -0.0465128 9.0187340 -0.2222478 -0.0651280 -0.0691490 0.9703519
1740547396.891747 0.6840817 0.0144241 9.0990820 -0.2246078 -0.0616693 -0.0703615 0.9699472
1740547396.993016 0.6550520 0.0511607 9.1840820 -0.2280343 -0.0579397 -0.0708410 0.9693425
1740547397.098739 0.6361285 0.1096233 9.2576447 -0.2288811 -0.0551111 -0.0723052 0.9691998
1740547397.209694 0.6291388 0.1596214 9.3419352 -0.2317896 -0.0520033 -0.0730292 0.9686258
1740547397.325773 0.6167465 0.2209030 9.4231586 -0.2340502 -0.0482898 -0.0741275 0.9681910
1740547397.429564 0.6107487 0.2781373 9.5043306 -0.2364818 -0.0445658 -0.0751202 0.9677020
1740547397.529891 0.6065477 0.3375800 9.5788918 -0.2389428 -0.0397291 -0.0760365 0.9672365
1740547397.645070 0.6183079 0.3987545 9.6566181 -0.2412294 -0.0354655 -0.0771103 0.9667495
1740547397.743531 0.6344777 0.4489643 9.7319508 -0.2430326 -0.0307808 -0.0782293 0.9663684
1740547397.848115 0.6680219 0.4921960 9.8291073 -0.2457138 -0.0271743 -0.0791764 0.9657212
1740547397.961176 0.6865740 0.5419901 9.9183769 -0.2474304 -0.0229743 -0.0805609 0.9652774
1740547398.057857 0.6834489 0.5914195 9.9973793 -0.2485068 -0.0180759 -0.0820340 0.9649808
1740547398.162543 0.7004029 0.6419657 10.0871000 -0.2501258 -0.0140231 -0.0829009 0.9645559
1740547398.260973 0.7139055 0.6876013 10.1800842 -0.2515183 -0.0097858 -0.0840634 0.9641453
1740547398.365264 0.7155902 0.7435383 10.2592955 -0.2522521 -0.0051183 -0.0846766 0.9639360
1740547398.463918 0.7026694 0.7812880 10.3527575 -0.2532586 -0.0008747 -0.0862676 0.9635441
1740547398.561648 0.6886610 0.8309330 10.4379196 -0.2536454 0.0035490 -0.0876760 0.9633090
1740547398.668946 0.6939218 0.8862006 10.5240536 -0.2539818 0.0074994 -0.0883272 0.9631383
1740547398.877510 0.7096698 0.9957069 10.6970606 -0.2546260 0.0160388 -0.0905393 0.9626583
1740547398.973331 0.7317008 1.0439445 10.7793655 -0.2546571 0.0202449 -0.0917672 0.9624546
1740547399.069247 0.7484682 1.0890543 10.8633814 -0.2549337 0.0246973 -0.0932023 0.9621394
1740547399.182651 0.7732415 1.1329033 10.9518042 -0.2549329 0.0287036 -0.0943061 0.9619209
1740547399.280519 0.7987975 1.1797411 11.0371695 -0.2548966 0.0326384 -0.0950657 0.9617302
1740547399.383562 0.8050704 1.2357039 11.1183434 -0.2538687 0.0369351 -0.0962145 0.9617324
1740547399.482055 0.8279254 1.2739587 11.2120180 -0.2542146 0.0403404 -0.0972497 0.9614001
1740547399.579047 0.8230239 1.3306508 11.2942896 -0.2536742 0.0447344 -0.0984532 0.9612259
1740547399.683139 0.8373015 1.3774202 11.3781700 -0.2534997 0.0489637 -0.0992846 0.9609803
1740547399.779508 0.8630565 1.4239843 11.4638805 -0.2530368 0.0526556 -0.1002746 0.9608042
1740547399.880167 0.8886878 1.4617159 11.5565786 -0.2530218 0.0562549 -0.1014438 0.9604814
1740547399.977009 0.9119053 1.5032638 11.6436005 -0.2533640 0.0598999 -0.1022983 0.9600801
1740547400.074005 0.9311622 1.5565960 11.7263908 -0.2524700 0.0635211 -0.1030160 0.9600061
1740547400.177669 0.9499496 1.6047931 11.8113289 -0.2525453 0.0670907 -0.1038543 0.9596531
1740547400.275368 0.9635112 1.6522698 11.8987875 -0.2526454 0.0703453 -0.1048584 0.9592844
1740547400.386427 0.9839393 1.7009151 11.9859524 -0.2522301 0.0736629 -0.1056925 0.9590532
1740547400.480699 1.0076666 1.7464386 12.0722427 -0.2520431 0.0771093 -0.1066873 0.9587212
1740547400.578358 1.0324786 1.7866234 12.1612558 -0.2520393 0.0802966 -0.1074174 0.9583789
1740547400.692486 1.0618693 1.8213360 12.2505941 -0.2526049 0.0834063 -0.1084209 0.9578513
1740547400.793987 1.0919915 1.8624344 12.3371973 -0.2522394 0.0864827 -0.1090105 0.9576079
1740547400.892650 1.1170075 1.9053907 12.4249468 -0.2521695 0.0896654 -0.1098463 0.9572380
1740547401.192202 1.2156544 2.0445087 12.6791725 -0.2531851 0.0987486 -0.1124048 0.9557778
1740547401.391168 1.2697878 2.1448755 12.8460426 -0.2543681 0.1047246 -0.1130086 0.9547558
1740547401.582150 1.3019933 2.2366576 13.0223198 -0.2564267 0.1111233 -0.1142853 0.9533288
1740547401.876697 1.3882229 2.3654087 13.2821627 -0.2618025 0.1212997 -0.1157487 0.9504463
1740547401.977120 1.4181622 2.4107513 13.3679438 -0.2638143 0.1250885 -0.1165595 0.9492991
1740547402.172442 1.4806888 2.5039539 13.5280685 -0.2686018 0.1330246 -0.1176531 0.9467393
1740547402.359098 1.5586150 2.6039536 13.6872387 -0.2751796 0.1401466 -0.1185613 0.9437046
1740547402.648233 1.6803957 2.7517037 13.9114952 -0.2867852 0.1522911 -0.1195830 0.9382225
1740547403.030162 1.8608061 2.9654312 14.2042904 -0.3062208 0.1672109 -0.1196327 0.9294931
1740547403.226187 1.9471757 3.0765212 14.3430586 -0.3170613 0.1738957 -0.1190568 0.9246934
1740547403.515972 2.0661383 3.2725105 14.5388184 -0.3337056 0.1843765 -0.1184851 0.9168463
1740547403.801705 2.2048357 3.4765725 14.7056961 -0.3473924 0.1934598 -0.1179731 0.9099309
1740547403.999148 2.3024659 3.6080813 14.8184986 -0.3561915 0.1991796 -0.1180931 0.9052674
1740547404.284256 2.4593854 3.8022027 14.9715900 -0.3666284 0.2066410 -0.1169872 0.8995538
1740547404.480717 2.5507212 3.9233646 15.1039276 -0.3726516 0.2131460 -0.1175392 0.8954799
1740547404.677012 2.6493289 4.0586309 15.2223625 -0.3769685 0.2198547 -0.1194535 0.8917901
1740547404.863355 2.7548585 4.1906924 15.3265705 -0.3792885 0.2263272 -0.1202463 0.8890765
1740547405.053473 2.8555973 4.3088303 15.4533424 -0.3815911 0.2330822 -0.1223389 0.8860554
1740547405.249141 2.9484715 4.4379730 15.5776167 -0.3831498 0.2411281 -0.1253564 0.8828019
1740547405.438653 3.0685506 4.5572186 15.6842442 -0.3837585 0.2488262 -0.1284547 0.8799514
1740547405.625415 3.1992633 4.6648536 15.7896557 -0.3841422 0.2561214 -0.1312565 0.8772733
1740547405.815816 3.3417728 4.7708259 15.8984680 -0.3855397 0.2634073 -0.1334847 0.8741611
1740547406.103204 3.5219789 4.9575300 16.0355225 -0.3861599 0.2729129 -0.1369276 0.8704308
1740547406.400624 3.7115331 5.1200953 16.2001133 -0.3882918 0.2815664 -0.1396576 0.8662827
1740547406.588004 3.8139966 5.2474585 16.3101387 -0.3890767 0.2867811 -0.1414246 0.8639300
1740547406.776131 3.9267259 5.3804188 16.4094543 -0.3909164 0.2910198 -0.1423704 0.8615234
1740547406.978948 4.0514531 5.5035434 16.5094147 -0.3931673 0.2952326 -0.1430658 0.8589467
1740547407.272658 4.2555709 5.6769795 16.6530609 -0.3971083 0.3008355 -0.1441463 0.8549998
1740547407.466766 4.3839884 5.7941360 16.7485046 -0.3999487 0.3038225 -0.1439587 0.8526481
1740547407.662235 4.5221181 5.8961725 16.8477497 -0.4026426 0.3063964 -0.1433885 0.8505528
1740547407.850043 4.6758642 6.0063272 16.9202976 -0.4044647 0.3092567 -0.1437423 0.8485911
1740547408.045101 4.7797270 6.1508541 17.0153999 -0.4072732 0.3122422 -0.1435653 0.8461810
1740547408.241803 4.8947029 6.2882791 17.1116390 -0.4097044 0.3154037 -0.1439615 0.8437641
1740547408.434870 5.0237474 6.4096942 17.2057419 -0.4120458 0.3180961 -0.1439375 0.8416146
1740547408.621746 5.1579242 6.5337944 17.2876911 -0.4141558 0.3205944 -0.1441118 0.8395987
1740547408.815610 5.3078403 6.6454525 17.3630638 -0.4159146 0.3227765 -0.1440774 0.8378975
1740547409.012197 5.4395370 6.7660351 17.4578476 -0.4165759 0.3244433 -0.1442447 0.8368958
1740547409.212161 5.5756278 6.8891287 17.5365429 -0.4173281 0.3260768 -0.1449993 0.8357550
1740547409.401044 5.7314768 6.9879560 17.6069679 -0.4179887 0.3274347 -0.1448975 0.8349112
1740547409.598786 5.8691645 7.1030364 17.7008743 -0.4178911 0.3273725 -0.1446260 0.8350315
1740547409.794366 5.9894571 7.2322607 17.7933159 -0.4174789 0.3266908 -0.1447428 0.8354843
1740547409.989005 6.1040535 7.3703651 17.8721046 -0.4168603 0.3269380 -0.1444215 0.8357521
1740547410.285910 6.2837191 7.5777793 18.0012379 -0.4132238 0.3253845 -0.1449928 0.8380621
1740547410.478023 6.4253502 7.6806087 18.0995827 -0.4126300 0.3233881 -0.1445093 0.8392102
1740547410.674364 6.5631113 7.8008509 18.1830959 -0.4096535 0.3217439 -0.1448790 0.8412341
1740547410.865148 6.6856446 7.9241505 18.2708988 -0.4072404 0.3213440 -0.1451013 0.8425194
1740547411.062624 6.8112664 8.0330524 18.3820114 -0.4055266 0.3205439 -0.1461575 0.8434678
1740547411.265045 6.9420400 8.1611843 18.4735680 -0.4018944 0.3195490 -0.1470947 0.8454185
1740547411.462534 7.0652990 8.2809372 18.5795174 -0.3983291 0.3200202 -0.1486677 0.8466516
1740547411.659711 7.1939402 8.3931026 18.6803303 -0.3944665 0.3207183 -0.1506813 0.8478391
1740547411.854399 7.3103566 8.5229607 18.7757549 -0.3887720 0.3222570 -0.1525020 0.8495587
1740547412.056816 7.4504213 8.6218281 18.8783913 -0.3852224 0.3240741 -0.1545626 0.8501117
1740547412.161226 7.5227928 8.6628189 18.9229736 -0.3835307 0.3255582 -0.1564132 0.8499712
1740547412.263380 7.6011705 8.6951408 18.9824524 -0.3832483 0.3259776 -0.1589132 0.8494739
1740547412.362159 7.6759696 8.7425337 19.0268784 -0.3802710 0.3271394 -0.1603329 0.8500983
1740547412.462384 7.7509217 8.7960892 19.0722923 -0.3771082 0.3284277 -0.1612253 0.8508415
1740547412.560794 7.8188210 8.8216820 19.1289845 -0.3768688 0.3299336 -0.1625286 0.8501166
1740547412.662513 7.8916345 8.8691330 19.1655197 -0.3738949 0.3313555 -0.1629605 0.8507938
1740547412.762145 7.9433908 8.8913765 19.2006340 -0.3720067 0.3315225 -0.1630603 0.8515370
1740547412.860562 8.0051794 8.9086189 19.2530022 -0.3703901 0.3339020 -0.1635755 0.8512131
1740547412.962931 8.0667505 8.9362364 19.3109837 -0.3679809 0.3361242 -0.1647708 0.8511528
1740547413.079586 8.1396065 8.9447966 19.3620605 -0.3690255 0.3366749 -0.1663278 0.8501796
1740547413.182369 8.1585617 8.9481325 19.3670311 -0.3660657 0.3365984 -0.1665066 0.8514534
1740547413.282374 8.1606474 8.9507895 19.3707466 -0.3632050 0.3389101 -0.1660759 0.8518456
1740547413.380409 8.1679144 8.9547014 19.3833466 -0.3610023 0.3418302 -0.1691056 0.8510187
1740547413.486234 8.1860552 8.9562130 19.3899498 -0.3577487 0.3420617 -0.1681349 0.8524907
1740547413.588606 8.2368441 8.9876719 19.4490223 -0.3560252 0.3451873 -0.1694705 0.8516875
1740547413.704277 8.2938356 9.0135384 19.5151749 -0.3535221 0.3474427 -0.1677122 0.8521610
1740547413.803486 8.3657293 9.0450621 19.5551796 -0.3513628 0.3481126 -0.1695852 0.8524099
1740547413.903273 8.4010096 9.0602818 19.5843945 -0.3484316 0.3497500 -0.1718508 0.8524891
1740547414.013997 8.4591684 9.0549412 19.6211662 -0.3450181 0.3479978 -0.1699959 0.8549629
1740547414.114082 8.5113192 9.0582714 19.6525803 -0.3429055 0.3471338 -0.1694506 0.8562713
1740547414.215514 8.5492725 9.0562487 19.6888542 -0.3412422 0.3486984 -0.1694743 0.8562953
1740547414.314294 8.5783901 9.0607882 19.7056313 -0.3377779 0.3487185 -0.1707968 0.8573973
1740547414.424329 8.5928974 9.0690765 19.7019806 -0.3341574 0.3470857 -0.1713880 0.8593582
1740547414.526966 8.5922050 9.0697308 19.7054424 -0.3327402 0.3484708 -0.1723742 0.8591503
1740547414.625939 8.5956249 9.0761194 19.7119904 -0.3294716 0.3486541 -0.1710399 0.8606011
1740547414.734191 8.5975399 9.0769596 19.7155304 -0.3290619 0.3507796 -0.1748260 0.8591320
1740547414.833371 8.6000271 9.0723143 19.7178307 -0.3293589 0.3519985 -0.1784885 0.8577656
1740547414.937228 8.6088696 9.0703011 19.7111034 -0.3286498 0.3502178 -0.1837990 0.8576449
1740547415.038537 8.6047325 9.0703144 19.7139797 -0.3261021 0.3502022 -0.1810335 0.8592106
1740547415.145264 8.6173820 9.0679760 19.7232704 -0.3248708 0.3502940 -0.1812776 0.8595880
1740547415.251169 8.6478586 9.0619354 19.7460709 -0.3225638 0.3494678 -0.1801289 0.8610334
1740547415.351321 8.6690645 9.0626392 19.7616577 -0.3200755 0.3495412 -0.1821667 0.8615033
1740547415.458010 8.6741600 9.0601749 19.7643890 -0.3194367 0.3498860 -0.1849754 0.8610018
1740547415.560267 8.6784611 9.0621834 19.7692242 -0.3170972 0.3499005 -0.1840866 0.8620505
1740547415.664918 8.7002087 9.0576258 19.7853870 -0.3154801 0.3497477 -0.1885353 0.8617444
1740547415.766200 8.6897392 9.0512362 19.7803574 -0.3139497 0.3507092 -0.1892766 0.8617500
1740547415.866339 8.6991777 9.0447388 19.7887478 -0.3120758 0.3483783 -0.1881790 0.8636144
1740547415.973841 8.7478476 9.0406151 19.8224602 -0.3095633 0.3451751 -0.1855991 0.8663588
1740547416.076335 8.7921476 9.0331602 19.8508720 -0.3079154 0.3436956 -0.1845627 0.8677546
1740547416.180303 8.8213129 9.0244007 19.8743153 -0.3056029 0.3412365 -0.1837140 0.8697205
1740547416.281870 8.8632793 9.0174456 19.9071655 -0.3012941 0.3396839 -0.1814938 0.8722939
1740547416.380674 8.9002638 9.0154524 19.9329491 -0.2993571 0.3382318 -0.1808853 0.8736504
1740547416.488592 8.9283190 9.0122013 19.9530735 -0.2958941 0.3365304 -0.1816583 0.8753252
1740547416.588044 8.9767179 9.0031776 19.9921150 -0.2930828 0.3329141 -0.1796054 0.8780733
1740547416.699904 9.0266514 9.0181122 20.0097885 -0.2880954 0.3293950 -0.1808516 0.8807909
1740547416.796336 9.0729609 9.0204191 20.0374374 -0.2832289 0.3250638 -0.1805223 0.8840399
1740547416.895366 9.1160927 9.0353880 20.0481606 -0.2770372 0.3217287 -0.1811318 0.8870921
1740547417.000938 9.1354065 9.0283880 20.0651512 -0.2751501 0.3193498 -0.1803043 0.8887061
1740547417.100752 9.1495819 9.0291281 20.0750179 -0.2708706 0.3171965 -0.1813454 0.8905782
1740547417.207667 9.1634731 9.0366917 20.0910816 -0.2636868 0.3172739 -0.1836359 0.8922356
1740547417.309767 9.1839457 9.0461273 20.1154747 -0.2583677 0.3142440 -0.1825961 0.8950729
1740547417.413382 9.2537451 9.0522642 20.1533546 -0.2537321 0.3102589 -0.1827229 0.8977593
1740547417.515040 9.3155384 9.0916672 20.2115650 -0.2486268 0.3087183 -0.1853360 0.8991820
1740547417.613864 9.3603840 9.1037827 20.2476540 -0.2426557 0.3064182 -0.1863626 0.9013851
1740547417.720642 9.3949718 9.1061640 20.2759094 -0.2372829 0.3040392 -0.1885868 0.9031567
1740547417.819345 9.4135704 9.0962296 20.3013248 -0.2336317 0.3035598 -0.1921209 0.9035249
1740547417.927436 9.4698057 9.0993261 20.3479691 -0.2265849 0.3000858 -0.1921517 0.9064687
1740547418.025201 9.5347815 9.1015739 20.4022465 -0.2200733 0.2963655 -0.1922157 0.9092790
1740547418.124908 9.5829554 9.1362963 20.4489803 -0.2125045 0.2915787 -0.1950015 0.9120297
1740547418.231632 9.6277132 9.1362581 20.4824219 -0.2046707 0.2861200 -0.1956016 0.9154153
1740547418.328176 9.6821489 9.1367455 20.5403519 -0.1974253 0.2843545 -0.1974334 0.9171618
1740547418.430763 9.7360363 9.1348801 20.5942783 -0.1905945 0.2804512 -0.1981049 0.9196604
1740547418.529573 9.7962132 9.1419029 20.6462364 -0.1820755 0.2757358 -0.1994272 0.9225221
1740547418.628841 9.8541546 9.1486740 20.7065067 -0.1745872 0.2724079 -0.2012288 0.9245649
1740547418.730232 9.8899136 9.1614466 20.7788563 -0.1662253 0.2720737 -0.2046539 0.9254523
1740547418.831733 9.9249878 9.1539345 20.8727512 -0.1613302 0.2715666 -0.2070197 0.9259412
1740547418.934033 9.9629211 9.1518641 20.9430828 -0.1549506 0.2687861 -0.2075664 0.9277179
1740547419.033190 10.0239239 9.1544132 21.0178680 -0.1479592 0.2666631 -0.2081635 0.9293368
1740547419.131094 10.0746689 9.1761169 21.0947456 -0.1405438 0.2643207 -0.2106794 0.9305892
1740547419.237091 10.1191540 9.1800365 21.1789608 -0.1349384 0.2637185 -0.2125832 0.9311566
1740547419.339606 10.1697750 9.1779747 21.2532387 -0.1278163 0.2618034 -0.2140874 0.9323565
1740547419.447164 10.2208843 9.1795502 21.3386650 -0.1217981 0.2608280 -0.2161559 0.9329581
1740547419.545086 10.2577534 9.1818504 21.4203911 -0.1144658 0.2605519 -0.2191105 0.9332743
1740547419.641638 10.3021584 9.1808443 21.5069313 -0.1083290 0.2601169 -0.2204119 0.9338216
1740547419.748413 10.3394651 9.1789904 21.5956802 -0.1019254 0.2604954 -0.2232320 0.9337671
1740547419.849475 10.3854275 9.1796799 21.6801262 -0.0949712 0.2602931 -0.2254020 0.9340353
1740547419.949813 10.4315090 9.1783381 21.7539635 -0.0883943 0.2611976 -0.2275508 0.9339073
1740547420.048263 10.4766216 9.1734867 21.8112793 -0.0815908 0.2613875 -0.2287370 0.9341836
1740547420.147280 10.5286827 9.1667452 21.8784542 -0.0758772 0.2616369 -0.2312761 0.9339702
1740547420.251592 10.5775471 9.1594687 21.9613400 -0.0704921 0.2617078 -0.2325472 0.9340566
1740547420.347483 10.6195145 9.1490955 22.0373726 -0.0661020 0.2634328 -0.2347818 0.9333334
1740547420.447495 10.6739616 9.1456623 22.1049423 -0.0581739 0.2639774 -0.2364182 0.9332942
1740547420.548676 10.7281847 9.1398659 22.1899605 -0.0525465 0.2651884 -0.2375397 0.9330000
1740547420.643444 10.7693329 9.1344147 22.2716026 -0.0465228 0.2681969 -0.2387203 0.9321581
1740547420.748676 10.8168526 9.1278124 22.3601322 -0.0416784 0.2696711 -0.2405014 0.9315039
1740547420.847854 10.8505211 9.1227684 22.4267559 -0.0353558 0.2729386 -0.2415485 0.9305422
1740547420.947269 10.9106264 9.1186943 22.5015316 -0.0286200 0.2736206 -0.2425848 0.9303039
1740547421.049680 10.9553576 9.1096840 22.5798759 -0.0225396 0.2768091 -0.2448398 0.9289361
1740547421.144294 10.9997463 9.1020412 22.6476784 -0.0180316 0.2797607 -0.2457805 0.9279013
1740547421.254047 11.0494347 9.0957870 22.7148418 -0.0129352 0.2820607 -0.2467804 0.9270242
1740547421.351730 11.1006260 9.0814228 22.7927437 -0.0085033 0.2850105 -0.2481227 0.9258142
1740547421.453204 11.1521235 9.0724545 22.8655624 -0.0037773 0.2878316 -0.2491001 0.9247096
1740547421.551746 11.2048531 9.0677643 22.9461517 0.0015958 0.2900267 -0.2504818 0.9236562
1740547421.647522 11.2528343 9.0465469 23.0250015 0.0061804 0.2923336 -0.2513053 0.9226855
1740547421.752363 11.3021851 9.0330257 23.1129055 0.0110615 0.2949750 -0.2516213 0.9217126
1740547421.849195 11.3539190 9.0078220 23.1895504 0.0148602 0.2975427 -0.2524985 0.9205933
1740547421.949614 11.4039927 8.9860630 23.2570839 0.0182254 0.2996832 -0.2542264 0.9193622
1740547422.047173 11.4485416 8.9629612 23.3236046 0.0203906 0.3027262 -0.2537496 0.9184511
1740547422.144206 11.4915848 8.9485970 23.4022903 0.0238115 0.3050641 -0.2543075 0.9174403
1740547422.251403 11.5441685 8.9303274 23.4830856 0.0272320 0.3077263 -0.2549663 0.9162725
1740547422.348187 11.5931482 8.9171028 23.5576420 0.0304949 0.3101069 -0.2554103 0.9152428
1740547422.448211 11.6419783 8.9102821 23.6424007 0.0343822 0.3132349 -0.2558668 0.9139113
1740547422.547240 11.6856899 8.8869591 23.7223587 0.0369080 0.3154213 -0.2558256 0.9130720
1740547422.645619 11.7369022 8.8716412 23.8060131 0.0402999 0.3174652 -0.2562575 0.9120986
1740547422.754093 11.7861633 8.8467655 23.8771973 0.0416324 0.3184648 -0.2573925 0.9113704
1740547422.852252 11.8276262 8.8314095 23.9515209 0.0435150 0.3203961 -0.2566513 0.9108144
1740547422.953602 11.8513470 8.8151646 23.9798088 0.0435367 0.3207769 -0.2575666 0.9104210
1740547423.052516 11.8921108 8.8038321 24.0400028 0.0447962 0.3214560 -0.2580079 0.9099952
1740547423.150839 11.9396791 8.7865810 24.1038647 0.0462251 0.3206755 -0.2583676 0.9100971
1740547423.257224 11.9937611 8.7655277 24.1835918 0.0474342 0.3216097 -0.2581333 0.9097716
1740547423.356516 12.0477724 8.7354145 24.2589245 0.0487890 0.3216691 -0.2579290 0.9097369
1740547423.463060 12.1022797 8.7108231 24.3355789 0.0491148 0.3230040 -0.2581394 0.9091866
1740547423.559476 12.1514177 8.6911850 24.4225674 0.0499854 0.3241826 -0.2580476 0.9087456
1740547423.658762 12.1918993 8.6947365 24.5021248 0.0516137 0.3254378 -0.2576720 0.9083124
1740547423.779476 12.2073393 8.6894016 24.5445137 0.0530596 0.3260579 -0.2606731 0.9071496
1740547423.875915 12.2339935 8.7034054 24.5926399 0.0547572 0.3280032 -0.2599879 0.9065439
1740547423.984198 12.2570696 8.7238379 24.6424828 0.0576597 0.3312592 -0.2572920 0.9059489
1740547424.082265 12.3022976 8.6898327 24.7204075 0.0579605 0.3309947 -0.2573810 0.9060012
1740547424.193256 12.3684006 8.6788816 24.7829704 0.0587128 0.3291027 -0.2591834 0.9061282
1740547424.289505 12.4151344 8.6475983 24.8648415 0.0584418 0.3290269 -0.2589562 0.9062381
1740547424.390241 12.4650764 8.6155758 24.9456348 0.0578911 0.3294877 -0.2586198 0.9062021
1740547424.503172 12.5241661 8.5765676 25.0196877 0.0574763 0.3289417 -0.2590706 0.9062981
1740547424.602078 12.5756960 8.5478525 25.0985832 0.0573458 0.3286480 -0.2585661 0.9065570
1740547424.705506 12.6293659 8.5247669 25.1809464 0.0574925 0.3290633 -0.2583967 0.9064453
1740547424.807524 12.6725693 8.4803190 25.2515526 0.0556162 0.3298955 -0.2580106 0.9063699
1740547424.908771 12.7254000 8.4549141 25.3318920 0.0554796 0.3297931 -0.2576354 0.9065223
1740547425.015158 12.7833414 8.4318504 25.4011402 0.0558925 0.3282131 -0.2585647 0.9068056
1740547425.117512 12.8453989 8.4164429 25.4804878 0.0556244 0.3281311 -0.2586106 0.9068387
1740547425.223266 12.8937654 8.3856745 25.5536957 0.0548514 0.3279033 -0.2588068 0.9069123
1740547425.331702 12.9455585 8.3552666 25.6340885 0.0539748 0.3283183 -0.2582049 0.9069862
1740547425.436709 13.0033054 8.3419733 25.7081261 0.0537596 0.3276821 -0.2576608 0.9073837
1740547425.550308 13.0548859 8.3251743 25.7897110 0.0529261 0.3276877 -0.2577123 0.9074161
1740547425.647528 13.1126223 8.3017292 25.8657284 0.0526559 0.3269739 -0.2571738 0.9078420
1740547425.764214 13.1682243 8.2739296 25.9487152 0.0515110 0.3261745 -0.2580534 0.9079457
1740547425.867722 13.2176580 8.2287388 26.0289841 0.0495564 0.3260082 -0.2569481 0.9084275
1740547425.971918 13.2745094 8.2084970 26.1053638 0.0488443 0.3246381 -0.2577321 0.9087346
1740547426.180208 13.3779316 8.1531048 26.2702656 0.0460145 0.3226631 -0.2576470 0.9096094
1740547426.291963 13.4295177 8.1347713 26.3535500 0.0449066 0.3212347 -0.2573112 0.9102652
1740547426.396330 13.4796267 8.1144609 26.4400597 0.0434961 0.3200563 -0.2572531 0.9107651
1740547426.602056 13.5966120 8.0690098 26.5978203 0.0407434 0.3165554 -0.2564432 0.9123429
1740547426.813322 13.7074089 8.0211143 26.7614880 0.0371146 0.3125814 -0.2558914 0.9140213
1740547426.915925 13.7569351 7.9901595 26.8439522 0.0347203 0.3105561 -0.2556609 0.9148699
1740547427.023659 13.8069153 7.9847193 26.9301147 0.0333773 0.3089845 -0.2556353 0.9154590
1740547427.131085 13.8545427 7.9658742 27.0144215 0.0313944 0.3074664 -0.2553541 0.9161185
1740547427.348078 13.9685879 7.9288301 27.1716232 0.0277762 0.3026819 -0.2545710 0.9180445
1740547427.456555 14.0129547 7.9043260 27.2606487 0.0256254 0.3007832 -0.2541536 0.9188465
1740547427.567292 14.0526209 7.8902326 27.3486729 0.0233172 0.2996616 -0.2538745 0.9193514
1740547427.779268 14.1560555 7.8657870 27.5191784 0.0190815 0.2955799 -0.2530156 0.9210057
1740547428.001307 14.2515621 7.8529778 27.6930122 0.0154806 0.2926401 -0.2516442 0.9223868
1740547428.105683 14.2991543 7.8370209 27.7779999 0.0129223 0.2911425 -0.2512645 0.9230034
1740547428.215861 14.3355894 7.8225327 27.8700981 0.0110784 0.2904598 -0.2513600 0.9232164
1740547428.322494 14.3881216 7.8180270 27.9545059 0.0098915 0.2893449 -0.2506288 0.9237786
1740547428.430979 14.4293880 7.8070364 28.0496674 0.0081642 0.2891228 -0.2506191 0.9238676
1740547428.548353 14.4697275 7.7908635 28.1393089 0.0068358 0.2888802 -0.2503840 0.9240180
1740547428.653136 14.5208883 7.7742715 28.2202225 0.0060344 0.2884833 -0.2501138 0.9242208
1740547428.775233 14.5845957 7.7643166 28.2980995 0.0056589 0.2882196 -0.2502092 0.9242797
1740547428.995435 14.7111378 7.7456079 28.4589767 0.0053756 0.2873004 -0.2499247 0.9246444
1740547429.101209 14.7547112 7.7421212 28.5505638 0.0056946 0.2884579 -0.2502596 0.9241914
1740547429.211780 14.8001213 7.7208791 28.6349525 0.0058879 0.2890419 -0.2506080 0.9239133
1740547429.432804 14.9216366 7.6890416 28.7942924 0.0092785 0.2883746 -0.2515024 0.9238510
1740547429.542788 14.9866810 7.6780434 28.8714256 0.0122505 0.2879871 -0.2520507 0.9237878
1740547429.669955 15.0221710 7.6580520 28.9614201 0.0143125 0.2892303 -0.2528707 0.9231454
1740547429.887886 15.1678867 7.6192217 29.1027679 0.0223581 0.2875039 -0.2551935 0.9228857
1740547429.999362 15.1948223 7.5940514 29.1956139 0.0259336 0.2888546 -0.2567035 0.9219511
1740547430.105485 15.2568340 7.5901742 29.2784653 0.0316653 0.2875038 -0.2580116 0.9218291
1740547430.322891 15.3543310 7.5620346 29.4499741 0.0442699 0.2851678 -0.2618440 0.9209545
1740547430.540950 15.4294004 7.5038524 29.6251774 0.0582877 0.2834180 -0.2663263 0.9194276
1740547430.758981 15.5093174 7.4213247 29.7852173 0.0738201 0.2808411 -0.2706231 0.9178464
1740547430.974216 15.5749779 7.3279376 29.9566650 0.0910588 0.2785416 -0.2755840 0.9155197
1740547431.294209 15.6709576 7.1810398 30.2017860 0.1175075 0.2763010 -0.2826759 0.9110126
1740547431.399565 15.7130795 7.1366234 30.2818050 0.1265471 0.2758795 -0.2846988 0.9092981
1740547431.609443 15.7974310 7.0506182 30.4413548 0.1447338 0.2759209 -0.2893858 0.9050832
1740547432.025920 15.9404821 6.8210030 30.7391052 0.1778853 0.2783445 -0.2962027 0.8961837
1740547432.543266 16.1227989 6.5318661 31.1156921 0.2127447 0.2825027 -0.3028165 0.8850052
1740547432.965630 16.2850304 6.2532129 31.3686829 0.2329959 0.2836962 -0.3067557 0.8781403
1740547433.275983 16.3878613 6.0432749 31.5578804 0.2437658 0.2815300 -0.3096113 0.8749056
1740547433.703354 16.5342484 5.7950745 31.8423615 0.2511857 0.2722989 -0.3145087 0.8739814
1740547434.112029 16.6299171 5.5428238 32.1471863 0.2520534 0.2571380 -0.3202246 0.8762450
1740547434.523781 16.6982994 5.2951527 32.4562607 0.2480829 0.2366930 -0.3266507 0.8807557
1740547434.831882 16.7683201 5.1475458 32.7099876 0.2428192 0.2190580 -0.3315712 0.8849367
1740547435.242975 16.8399925 4.9411955 33.0480728 0.2323673 0.1942828 -0.3388260 0.8907618
1740547435.555850 16.8662663 4.7787895 33.3016357 0.2233648 0.1751807 -0.3431658 0.8953531
1740547435.866248 16.8848343 4.6385660 33.5669365 0.2132669 0.1569770 -0.3475021 0.8995098
1740547436.171101 16.9179554 4.5188694 33.8428535 0.2044303 0.1383417 -0.3519122 0.9028996
1740547436.485740 16.9186974 4.3887959 34.1083107 0.1944640 0.1215443 -0.3554030 0.9061454
1740547436.884971 16.9200230 4.2570562 34.4858971 0.1815500 0.0993026 -0.3600042 0.9097118
1740547437.195838 16.9286003 4.1547947 34.7728004 0.1716665 0.0829708 -0.3635894 0.9118384
1740547437.601963 16.9124756 4.0032845 35.1428680 0.1586605 0.0618057 -0.3674498 0.9143236
1740547437.907691 16.9102039 3.9365044 35.4342270 0.1493760 0.0463187 -0.3700213 0.9157650
1740547438.320645 16.8616428 3.8425889 35.8161087 0.1362086 0.0259971 -0.3732580 0.9173058
1740547438.518260 16.8469505 3.8120956 36.0143204 0.1294972 0.0161007 -0.3752059 0.9177101
1740547438.820249 16.8070049 3.7543817 36.3048706 0.1180169 0.0000447 -0.3778574 0.9183114
1740547439.228105 16.7499580 3.6866355 36.6958733 0.1003037 -0.0197870 -0.3808440 0.9189698
1740547439.533338 16.6865311 3.6584320 36.9862213 0.0865326 -0.0327761 -0.3822796 0.9194021
1740547439.837557 16.6173382 3.6506071 37.2743340 0.0702915 -0.0449900 -0.3839556 0.9195722
1740547440.145063 16.5761490 3.6529961 37.5663300 0.0537979 -0.0553231 -0.3857652 0.9193641
1740547440.446820 16.5545559 3.6702609 37.8585892 0.0375719 -0.0647992 -0.3874655 0.9188362
1740547440.752801 16.5134659 3.7033978 38.1520233 0.0219792 -0.0726889 -0.3888185 0.9181795
1740547441.055943 16.4483471 3.7243593 38.4388542 0.0067851 -0.0794301 -0.3900908 0.9173189
1740547441.350615 16.3990307 3.7647276 38.7242355 -0.0064808 -0.0858090 -0.3909154 0.9163951
1740547441.653593 16.3647137 3.8137114 39.0143204 -0.0169714 -0.0908782 -0.3911333 0.9156790
1740547441.951703 16.3085747 3.8643050 39.2950096 -0.0258938 -0.0967489 -0.3917033 0.9146243
1740547442.343959 16.2309723 3.9039898 39.6775970 -0.0373266 -0.1056898 -0.3917801 0.9132057
1740547442.640116 16.2118835 3.9471571 39.9659538 -0.0454372 -0.1139298 -0.3918089 0.9118340
1740547442.843882 16.1826935 3.9966636 40.1543274 -0.0506792 -0.1196690 -0.3925695 0.9104945
1740547443.040120 16.1319008 4.0404105 40.3381958 -0.0573045 -0.1261591 -0.3927431 0.9091496
1740547443.235775 16.0824280 4.0731425 40.5262794 -0.0654974 -0.1347214 -0.3925451 0.9074517
1740547443.426938 16.0411263 4.1473279 40.6938934 -0.0717393 -0.1432666 -0.3926812 0.9056101
1740547443.628428 15.9948673 4.2177548 40.8658638 -0.0793832 -0.1521910 -0.3924936 0.9035956
1740547443.833385 15.9224548 4.2774463 41.0395737 -0.0887886 -0.1598445 -0.3921656 0.9015390
1740547443.926958 15.9010544 4.3142724 41.1230774 -0.0925819 -0.1646282 -0.3923142 0.9002309
1740547444.028497 15.8801727 4.3558044 41.2080002 -0.0958320 -0.1690962 -0.3919433 0.8992236
1740547444.222337 15.8257790 4.4347448 41.3806686 -0.1032933 -0.1762458 -0.3915996 0.8971720
1740547444.420208 15.7780333 4.5256929 41.5517044 -0.1100284 -0.1814749 -0.3912823 0.8954657
1740547444.622413 15.7200632 4.5938458 41.7228622 -0.1163029 -0.1861837 -0.3919293 0.8934208
1740547444.820958 15.6641369 4.6799049 41.8892326 -0.1204622 -0.1888247 -0.3916215 0.8924499
1740547445.021758 15.6152687 4.7586002 42.0710831 -0.1246170 -0.1903251 -0.3920637 0.8913658
1740547445.215790 15.5725088 4.8352299 42.2394600 -0.1275888 -0.1902694 -0.3923446 0.8908335
1740547445.412365 15.5329018 4.9049463 42.4177780 -0.1298003 -0.1900322 -0.3924982 0.8904970
1740547445.521910 15.5138960 4.9550114 42.5039368 -0.1295963 -0.1890324 -0.3924667 0.8907533
1740547445.616982 15.4892635 4.9829183 42.5940819 -0.1303538 -0.1884584 -0.3931591 0.8904590
1740547445.714508 15.4727535 5.0222521 42.6802177 -0.1301744 -0.1874184 -0.3928879 0.8908244
1740547445.817152 15.4558477 5.0588121 42.7698326 -0.1302417 -0.1866568 -0.3930269 0.8909131
1740547445.925900 15.4307499 5.0910749 42.8652229 -0.1306419 -0.1858151 -0.3941278 0.8905441
1740547446.125048 15.3888550 5.1742020 43.0399666 -0.1296958 -0.1838415 -0.3941652 0.8910753
1740547446.319981 15.3463507 5.2416716 43.2202873 -0.1289635 -0.1828593 -0.3943700 0.8912930
1740547446.522399 15.2969246 5.3118620 43.3988647 -0.1276855 -0.1808596 -0.3946737 0.8917505
1740547446.715279 15.2593231 5.3780794 43.5800171 -0.1264069 -0.1804725 -0.3942134 0.8922145
1740547446.911907 15.2092495 5.4550390 43.7569237 -0.1250134 -0.1802444 -0.3943571 0.8923935
1740547447.114739 15.1684818 5.5229893 43.9403229 -0.1235588 -0.1801802 -0.3939817 0.8927748
1740547447.315384 15.1169987 5.5887146 44.1157722 -0.1220556 -0.1791969 -0.3945577 0.8929250
1740547447.623104 15.0450401 5.6887398 44.3887901 -0.1210435 -0.1797679 -0.3937953 0.8932846
1740547447.721066 15.0175858 5.7233543 44.4773293 -0.1204759 -0.1798782 -0.3942312 0.8931468
1740547447.917699 14.9773283 5.7949476 44.6539307 -0.1186665 -0.1803277 -0.3937088 0.8935287
1740547448.321725 14.8982935 5.9300528 45.0226974 -0.1172856 -0.1814682 -0.3932700 0.8936734
1740547448.521218 14.8475227 5.9997473 45.1977959 -0.1169766 -0.1816583 -0.3928820 0.8938459
1740547448.913083 14.7507677 6.1278601 45.5630531 -0.1149420 -0.1839391 -0.3925049 0.8938091
1740547449.212949 14.6768970 6.2364373 45.8317032 -0.1130324 -0.1860942 -0.3917396 0.8939423
1740547449.516197 14.5960293 6.3409204 46.0939789 -0.1100796 -0.1888755 -0.3908711 0.8941075
1740547449.820681 14.5240641 6.4354153 46.3661766 -0.1075893 -0.1934313 -0.3891491 0.8941878
1740547450.129572 14.4350510 6.5383086 46.6335602 -0.1049279 -0.1976330 -0.3880462 0.8940646
1740547450.226742 14.4118347 6.5735130 46.7253380 -0.1038124 -0.1999035 -0.3876450 0.8938641
1740547450.539873 14.3067989 6.6584229 46.9957924 -0.1013364 -0.2047985 -0.3868676 0.8933768
1740547450.736781 14.2561550 6.7256603 47.1661797 -0.0997865 -0.2091728 -0.3856903 0.8930467
1740547450.938363 14.1847754 6.8087506 47.3385468 -0.0985110 -0.2133067 -0.3845106 0.8927191
1740547451.242629 14.0951500 6.9017682 47.6045380 -0.0963505 -0.2199452 -0.3830499 0.8919717
1740547451.544380 13.9812565 7.0200090 47.8507881 -0.0939448 -0.2258830 -0.3813099 0.8914898
1740547451.857815 13.8868370 7.1227903 48.1109200 -0.0910813 -0.2321612 -0.3799272 0.8907642
1740547452.377845 13.6779804 7.2936482 48.5270081 -0.0828199 -0.2372636 -0.3774787 0.8912669
1740547452.789225 13.5325079 7.4273109 48.8719368 -0.0713717 -0.2394429 -0.3748412 0.8927863
1740547453.213456 13.3590469 7.5372972 49.2108002 -0.0556252 -0.2404417 -0.3714478 0.8950531
1740547453.637708 13.2143555 7.6325197 49.5707207 -0.0316254 -0.2401617 -0.3661665 0.8984678
1740547454.058249 13.0634842 7.6813083 49.9355125 -0.0004304 -0.2415648 -0.3586873 0.9016594
1740547454.465426 12.9171448 7.7097611 50.3051262 0.0395536 -0.2470982 -0.3483830 0.9033312
1740547454.876759 12.7000036 7.6851044 50.6385422 0.0865862 -0.2601606 -0.3361646 0.9010065
1740547455.278251 12.4317751 7.6293178 50.9279175 0.1393789 -0.2770244 -0.3201613 0.8951691
1740547455.682265 12.1291752 7.5116472 51.1757317 0.1926259 -0.2939355 -0.3026137 0.8859584
1740547456.016565 11.8971596 7.4517279 51.3661461 0.2305723 -0.3028005 -0.2895288 0.8782490
1740547456.325202 11.6771011 7.3510466 51.5361290 0.2660712 -0.3067764 -0.2757287 0.8712451
1740547456.731937 11.4019680 7.1296654 51.7322464 0.3084027 -0.3023867 -0.2575815 0.8643505
1740547457.045605 11.2026062 6.9568272 51.8851395 0.3364005 -0.2913568 -0.2427455 0.8619864
1740547457.349959 11.0066929 6.8291111 52.0722122 0.3635410 -0.2750211 -0.2268917 0.8606518
1740547457.653721 10.8263264 6.7180901 52.2974815 0.3902841 -0.2526322 -0.2090505 0.8603216
1740547457.956916 10.6859379 6.5139408 52.4500122 0.4178370 -0.2249321 -0.1888243 0.8597460
1740547458.275977 10.5812778 6.2261086 52.5269852 0.4447952 -0.1931324 -0.1661032 0.8586425
1740547458.574417 10.5016718 5.9529285 52.6378403 0.4696506 -0.1593882 -0.1424929 0.8565743
1740547458.879378 10.4198236 5.6961021 52.7747078 0.4898635 -0.1251877 -0.1193699 0.8544663
1740547459.183624 10.3847580 5.4273357 52.8971481 0.5058927 -0.0915486 -0.0973309 0.8521844
1740547459.396561 10.4164724 5.2458210 52.9776878 0.5132901 -0.0710105 -0.0845177 0.8510861
1740547459.703817 10.4041090 4.9738483 53.1006012 0.5190674 -0.0438679 -0.0675978 0.8509261
1740547460.016412 10.4100647 4.7256260 53.2750931 0.5199318 -0.0222446 -0.0539022 0.8522152
1740547460.328485 10.3940344 4.4445305 53.3896370 0.5168766 -0.0064771 -0.0445027 0.8548778
1740547460.641326 10.4289103 4.1937008 53.5537987 0.5103902 0.0039144 -0.0386977 0.8590629
1740547460.858473 10.4348297 4.0176296 53.6534691 0.5051640 0.0078596 -0.0365703 0.8622124
1740547461.064546 10.4284582 3.8353634 53.7432709 0.4990108 0.0093189 -0.0357333 0.8658086
1740547461.277540 10.4172831 3.6604939 53.8475876 0.4926794 0.0090032 -0.0363140 0.8694062
1740547461.580062 10.4349346 3.4180908 54.0306625 0.4812982 0.0060212 -0.0388757 0.8756737
1740547461.886921 10.3968840 3.1660404 54.1923752 0.4672428 0.0005751 -0.0419875 0.8831313
1740547462.093672 10.3915501 3.0127029 54.3268929 0.4578137 -0.0041943 -0.0446741 0.8879152
1740547462.395072 10.3506527 2.7816677 54.5178299 0.4423721 -0.0120127 -0.0493758 0.8953907
1740547462.608212 10.3203087 2.6330757 54.6463127 0.4312345 -0.0175810 -0.0517866 0.9005808
1740547462.905523 10.2880583 2.4250050 54.8575974 0.4132649 -0.0250947 -0.0573759 0.9084550
1740547463.106156 10.2770138 2.2952309 55.0051117 0.4004658 -0.0300539 -0.0605660 0.9138138
1740547463.400147 10.2316999 2.1082659 55.2388878 0.3817198 -0.0356040 -0.0634321 0.9214113
1740547463.700706 10.1897621 1.9024801 55.4584465 0.3633090 -0.0409669 -0.0669859 0.9283540
1740547463.901026 10.1490536 1.7851772 55.6213264 0.3498143 -0.0434168 -0.0686947 0.9332877
1740547464.108495 10.1276255 1.6676102 55.7851944 0.3381943 -0.0448920 -0.0710732 0.9373142
1740547464.309842 10.1014633 1.5583973 55.9569473 0.3259794 -0.0466569 -0.0719315 0.9414810
1740547464.519636 10.0690956 1.4512749 56.1176720 0.3144430 -0.0481425 -0.0735306 0.9451990
1740547464.712040 10.0443630 1.3400831 56.2848511 0.3031616 -0.0485551 -0.0740663 0.9488149
1740547464.915477 10.0119400 1.2470036 56.4595413 0.2916674 -0.0477112 -0.0750897 0.9523735
1740547465.117585 10.0068216 1.1423526 56.6237793 0.2800340 -0.0471298 -0.0761505 0.9558038
1740547465.320290 9.9806099 1.0578046 56.8032112 0.2699696 -0.0462887 -0.0766587 0.9586956
1740547465.529303 9.9392414 0.9770374 56.9666328 0.2583150 -0.0445868 -0.0756471 0.9620618
1740547465.723518 9.9035397 0.8833294 57.1347771 0.2479690 -0.0413682 -0.0752553 0.9649543
1740547465.922953 9.8852434 0.8074782 57.3170052 0.2383164 -0.0386003 -0.0753366 0.9674914
1740547466.128529 9.8705158 0.7258339 57.4994888 0.2277327 -0.0345029 -0.0749525 0.9702214
1740547466.329522 9.8542604 0.6499903 57.6687088 0.2169089 -0.0308011 -0.0734266 0.9729390
1740547466.534256 9.8353786 0.5814919 57.8518753 0.2070089 -0.0254300 -0.0726221 0.9753085
1740547466.732327 9.8278275 0.5110216 58.0406227 0.1980434 -0.0194247 -0.0724697 0.9773176
1740547466.934062 9.8155432 0.4445425 58.2222214 0.1879211 -0.0136253 -0.0707135 0.9795405
1740547467.142879 9.8137331 0.3845582 58.4132843 0.1776092 -0.0072375 -0.0696947 0.9816034
1740547467.339293 9.8212376 0.3231552 58.5973206 0.1681127 0.0003278 -0.0684292 0.9833898
1740547467.534756 9.8272438 0.2627259 58.7892914 0.1568916 0.0079539 -0.0668028 0.9853219
1740547467.732802 9.8317442 0.2037359 58.9819794 0.1462722 0.0162346 -0.0651731 0.9869617
1740547468.037887 9.8454704 0.1363969 59.2591858 0.1309198 0.0312134 -0.0613001 0.9890035
1740547468.233395 9.8405275 0.1109290 59.4540443 0.1182704 0.0418234 -0.0594529 0.9903173
1740547468.433112 9.8666449 0.0873184 59.6492386 0.1057900 0.0517354 -0.0575744 0.9913713
1740547468.733155 9.9096804 0.0202013 59.9356346 0.0847500 0.0704282 -0.0539987 0.9924422
1740547468.934562 9.9398918 0.0036483 60.1288452 0.0695578 0.0835444 -0.0521309 0.9927056
1740547469.241379 10.0103340 -0.0322167 60.4184418 0.0452079 0.1063315 -0.0481836 0.9921332
1740547469.551080 10.0933399 -0.0287265 60.7093048 0.0178991 0.1314103 -0.0439395 0.9901921
1740547469.861350 10.1924324 0.0012112 60.9937210 -0.0114250 0.1611391 -0.0384486 0.9861163
1740547470.178889 10.3178635 0.0309964 61.2657890 -0.0430359 0.1926061 -0.0327575 0.9797845
1740547470.481763 10.4728088 0.0909934 61.5209427 -0.0775127 0.2262250 -0.0267967 0.9706163
1740547470.783145 10.6525040 0.1824090 61.7466660 -0.1125454 0.2601449 -0.0209368 0.9587595
1740547470.982671 10.7799797 0.2571620 61.8829803 -0.1348962 0.2812164 -0.0172455 0.9499595
1740547471.185656 10.9131384 0.3307440 62.0151711 -0.1565174 0.3012657 -0.0123384 0.9405259
1740547471.388626 11.0482693 0.4252470 62.1301422 -0.1773375 0.3191788 -0.0083948 0.9309167
1740547471.590962 11.1925440 0.5084414 62.2523232 -0.1968739 0.3355722 -0.0046931 0.9212003
1740547471.791294 11.3341007 0.6108322 62.3565216 -0.2136914 0.3494148 -0.0011923 0.9122740
1740547471.986646 11.4783239 0.7119875 62.4697647 -0.2301119 0.3611378 0.0024167 0.9036715
1740547472.192963 11.6181316 0.8160992 62.5832939 -0.2415794 0.3705491 0.0045805 0.8968343
1740547472.396867 11.7538948 0.9234047 62.6900673 -0.2514743 0.3752453 0.0075910 0.8921289
1740547472.596572 11.8806791 1.0306273 62.8100357 -0.2598095 0.3818989 0.0092566 0.8868859
1740547472.803176 12.0269947 1.1314325 62.9151840 -0.2641324 0.3832009 0.0120363 0.8850121
1740547472.996759 12.1632957 1.2311201 63.0191574 -0.2666576 0.3836954 0.0157552 0.8839815
1740547473.200395 12.3001862 1.3279858 63.1303024 -0.2654556 0.3811573 0.0150246 0.8854528
1740547473.404131 12.4358912 1.4177866 63.2436523 -0.2637111 0.3773111 0.0167187 0.8875884
1740547473.607709 12.5570173 1.5153008 63.3693542 -0.2586786 0.3726813 0.0157432 0.8910366
1740547473.815694 12.6816101 1.5938911 63.4997559 -0.2541773 0.3653693 0.0162661 0.8953405
1740547473.911676 12.7386684 1.6337271 63.5703049 -0.2505293 0.3614882 0.0168783 0.8979290
1740547474.120397 12.8689365 1.7153120 63.6938171 -0.2443794 0.3535141 0.0181775 0.9027603
1740547474.331060 12.9753571 1.7736282 63.8286133 -0.2377065 0.3445624 0.0160468 0.9080280
1740547474.524612 13.0780458 1.8631439 63.9658737 -0.2298547 0.3358252 0.0164282 0.9133008
1740547474.729877 13.1796913 1.9334459 64.1139297 -0.2195794 0.3272538 0.0157966 0.9189343
1740547474.934791 13.2850122 2.0190015 64.2425461 -0.2101170 0.3185798 0.0147323 0.9241974
1740547475.035671 13.3259325 2.0734773 64.3098221 -0.2047298 0.3132448 0.0146920 0.9272258
1740547475.240242 13.4291897 2.1170852 64.4659729 -0.1956820 0.3021229 0.0141655 0.9328610
1740547475.444610 13.5471535 2.1661339 64.6042557 -0.1861055 0.2904520 0.0116334 0.9385452
1740547475.547787 13.6049442 2.1870351 64.6626968 -0.1799871 0.2847116 0.0127755 0.9414780
1740547475.749084 13.6747913 2.2321122 64.7607117 -0.1705236 0.2742752 0.0103292 0.9463552
1740547475.854522 13.7266254 2.2629542 64.8120117 -0.1646244 0.2697998 0.0114172 0.9486710
1740547475.951912 13.7964420 2.2766070 64.8487854 -0.1597034 0.2607559 0.0154471 0.9519783
1740547476.068214 13.8472052 2.3046293 64.8980865 -0.1549187 0.2547338 0.0162675 0.9543827
1740547476.162799 13.8739080 2.3196678 64.9243240 -0.1495575 0.2494690 0.0162646 0.9566259
1740547476.263633 13.8996439 2.3363266 64.9464340 -0.1453623 0.2443839 0.0134161 0.9586273
1740547476.374318 13.9194555 2.3717489 64.9620590 -0.1401481 0.2387250 0.0154586 0.9607965
1740547476.469495 13.9587822 2.3772643 65.0033112 -0.1389863 0.2346376 0.0191456 0.9619052
1740547476.572700 13.9788837 2.4081404 65.0170822 -0.1341728 0.2308237 0.0197427 0.9634979
1740547476.669949 14.0064669 2.4303863 65.0384445 -0.1300934 0.2237501 0.0212651 0.9656911
1740547476.767931 14.0297289 2.4579363 65.0647583 -0.1248562 0.2189772 0.0212185 0.9674760
1740547476.868367 14.0528698 2.4831946 65.0999069 -0.1197977 0.2154322 0.0203546 0.9689289
1740547476.965134 14.0714664 2.5097866 65.1279373 -0.1157182 0.2116572 0.0198482 0.9702663
1740547477.076387 14.0755253 2.5381401 65.1630325 -0.1126397 0.2077214 0.0159615 0.9715500
1740547477.171320 14.1176376 2.5548959 65.2012405 -0.1087649 0.1999950 0.0177370 0.9735798
1740547477.269868 14.1436958 2.5831697 65.2295914 -0.1043540 0.1944212 0.0186862 0.9751725
1740547477.374433 14.1723423 2.6211529 65.2604294 -0.0970656 0.1873940 0.0175072 0.9773204
1740547477.468811 14.2001314 2.6290205 65.2802200 -0.0942588 0.1797907 0.0168831 0.9790330
1740547477.581517 14.2247381 2.6532848 65.2918167 -0.0880463 0.1727405 0.0175566 0.9808671
1740547477.676664 14.2543087 2.6594758 65.3074951 -0.0856514 0.1660334 0.0197328 0.9821952
1740547477.770428 14.2572527 2.6961875 65.3216400 -0.0759145 0.1628279 0.0190072 0.9835460
1740547477.872344 14.2789841 2.6914535 65.3406372 -0.0754199 0.1581867 0.0223319 0.9842713
1740547477.970112 14.3088274 2.7190578 65.3509903 -0.0683098 0.1499322 0.0250306 0.9860160
1740547478.083815 14.3264427 2.7333086 65.3624725 -0.0615986 0.1426221 0.0253516 0.9875332
1740547478.177846 14.3396463 2.7594807 65.3714752 -0.0537287 0.1383209 0.0277211 0.9885404
1740547478.277173 14.3714695 2.7608438 65.3729477 -0.0520118 0.1283465 0.0321989 0.9898410
1740547478.379658 14.3949490 2.7582371 65.3743820 -0.0508674 0.1195608 0.0326008 0.9909868
1740547478.474885 14.4056168 2.7589648 65.3785782 -0.0487335 0.1148014 0.0360184 0.9915384
1740547478.575571 14.4270544 2.7602117 65.3846512 -0.0467239 0.1083954 0.0368001 0.9923271
1740547478.671682 14.4553404 2.7734480 65.3945618 -0.0422533 0.0999596 0.0390596 0.9933263
1740547478.769936 14.4666939 2.8138540 65.4013290 -0.0327080 0.0958796 0.0384696 0.9941114
1740547478.871671 14.4937267 2.8587241 65.4092178 -0.0209275 0.0884259 0.0345905 0.9952620
1740547478.970191 14.4943361 2.8797183 65.4177017 -0.0127025 0.0850864 0.0340356 0.9957111
1740547479.072094 14.5043573 2.9056239 65.4319000 -0.0055527 0.0818730 0.0359108 0.9959801
1740547479.171633 14.5282145 2.9231169 65.4494247 0.0002117 0.0757013 0.0379728 0.9964072
1740547479.269981 14.5335112 2.9467857 65.4503860 0.0095260 0.0696767 0.0364398 0.9968584
1740547479.398576 14.5431738 2.9689631 65.4583817 0.0173029 0.0636826 0.0384753 0.9970782
1740547479.495960 14.5741625 2.9780784 65.4584961 0.0243806 0.0526713 0.0408181 0.9974794
1740547479.596170 14.5952387 2.9957840 65.4657898 0.0313985 0.0444639 0.0434039 0.9975737
1740547479.697733 14.6372795 2.9831707 65.4548645 0.0321707 0.0335074 0.0458136 0.9978694
1740547479.794034 14.6590786 2.9778879 65.4641113 0.0302170 0.0248248 0.0507400 0.9979460
1740547479.898512 14.6814108 2.9528289 65.4719772 0.0253481 0.0162282 0.0531708 0.9981318
1740547479.995877 14.7173729 2.9730642 65.4923325 0.0301213 0.0052005 0.0578281 0.9978585
1740547480.096623 14.7390432 2.9878664 65.5122147 0.0353538 -0.0020365 0.0544855 0.9978864
1740547480.198112 14.8055859 2.9712689 65.5223236 0.0325860 -0.0223504 0.0588625 0.9974838
1740547480.296419 14.8566179 2.9956908 65.5333862 0.0400252 -0.0409442 0.0622142 0.9964191
1740547480.399392 14.9147635 2.9943330 65.5516891 0.0415039 -0.0589176 0.0646463 0.9953025
1740547480.498411 14.9696789 3.0076799 65.5679092 0.0464729 -0.0776485 0.0691886 0.9934908
1740547480.599931 15.0183840 3.0926285 65.5996246 0.0690576 -0.0955623 0.0715048 0.9904474
1740547480.701528 15.0900164 3.0718124 65.6305237 0.0617524 -0.1165925 0.0784732 0.9881472
1740547480.799627 15.1006355 3.1019678 65.6596756 0.0717356 -0.1210207 0.0779047 0.9869847
1740547480.903900 15.1304588 3.0881395 65.6846466 0.0649169 -0.1314694 0.0785534 0.9860684
1740547481.004269 15.1413689 3.0378647 65.7115631 0.0465887 -0.1326442 0.0818221 0.9866814
1740547481.116853 15.2392931 3.0323453 65.7787399 0.0402419 -0.1629415 0.0819742 0.9824006
1740547481.214955 15.2364740 2.9818506 65.8719101 0.0278503 -0.1704340 0.0777889 0.9818989
1740547481.526411 15.1492767 2.9180756 66.1532822 0.0177036 -0.1769071 0.0741536 0.9812705
1740547481.730293 15.0653687 2.8894720 66.3323669 0.0122218 -0.1805593 0.0732153 0.9807591
1740547481.835597 15.0224543 2.8675351 66.4220200 0.0091572 -0.1795450 0.0723516 0.9810429
