1740547378.978799 0.0000000 0.0000000 0.0000000 -0.0000000 -0.0000000 -0.0000000 1.0000000
1740547379.653344 -0.0069158 -0.0135446 0.0864882 -0.0008455 -0.0000055 -0.0000929 0.9999996
1740547379.819474 -0.0092796 -0.0251126 0.1785935 -0.0011546 -0.0000094 -0.0004322 0.9999992
1740547380.003138 -0.0123001 -0.0306100 0.2670848 -0.0005694 -0.0000370 -0.0003923 0.9999998
1740547380.152941 -0.0150173 -0.0337736 0.3574729 0.0004425 0.0001784 -0.0002996 0.9999998
1740547380.252604 -0.0099347 -0.0379655 0.4465032 0.0015624 -0.0001222 -0.0000683 0.9999988
1740547380.353549 -0.0186616 -0.0530767 0.5379647 0.0027355 0.0002978 -0.0001754 0.9999962
1740547380.454416 -0.0075343 -0.0485640 0.6300441 0.0049765 -0.0001269 -0.0004048 0.9999875
1740547380.555895 -0.0045490 -0.0577456 0.7201897 0.0064687 -0.0005422 -0.0005048 0.9999788
1740547380.664940 -0.0096726 -0.0627337 0.8097330 0.0084918 -0.0006309 -0.0003059 0.9999637
1740547380.768106 -0.0004377 -0.0558398 0.8996310 0.0109454 -0.0014230 -0.0003915 0.9999390
1740547380.875040 -0.0147328 -0.0615526 0.9866148 0.0130641 -0.0013456 -0.0002421 0.9999138
1740547380.978255 -0.0171163 -0.0590667 1.0779874 0.0155203 -0.0017448 -0.0000994 0.9998780
1740547381.087908 -0.0093509 -0.0576616 1.1710876 0.0184169 -0.0025282 -0.0004303 0.9998271
1740547381.192124 -0.0065917 -0.0628036 1.2604188 0.0212673 -0.0030728 -0.0003392 0.9997691
1740547381.298306 -0.0075545 -0.0713306 1.3495414 0.0240539 -0.0038869 -0.0001138 0.9997032
1740547381.403500 -0.0112169 -0.0862316 1.4402548 0.0271381 -0.0043971 -0.0004956 0.9996219
1740547381.505542 -0.0121381 -0.0927842 1.5272375 0.0302912 -0.0055047 -0.0002816 0.9995260
1740547381.616841 -0.0137275 -0.1065675 1.6205158 0.0332047 -0.0066591 -0.0003577 0.9994263
1740547381.722513 -0.0248085 -0.1222014 1.7070441 0.0360439 -0.0071680 -0.0002436 0.9993245
1740547381.936831 -0.0440632 -0.1451618 1.8911811 0.0421266 -0.0086912 -0.0004049 0.9990745
1740547382.036687 -0.0587684 -0.1549866 1.9786139 0.0450922 -0.0089873 0.0000249 0.9989424
1740547382.145240 -0.0555164 -0.1761816 2.0699401 0.0473304 -0.0104678 -0.0000946 0.9988245
1740547382.243159 -0.0699507 -0.2070492 2.1639321 0.0490674 -0.0111739 -0.0001641 0.9987330
1740547382.347928 -0.0650963 -0.2192775 2.2595701 0.0514614 -0.0120643 -0.0004225 0.9986020
1740547382.455132 -0.0731052 -0.2429456 2.3530724 0.0532372 -0.0124600 -0.0009552 0.9985037
1740547382.556770 -0.0845618 -0.2659880 2.4365165 0.0543496 -0.0127662 -0.0005613 0.9984402
1740547382.660564 -0.0978554 -0.2885936 2.5202467 0.0562085 -0.0129807 -0.0003359 0.9983346
1740547382.762062 -0.1126105 -0.3095384 2.5975769 0.0565530 -0.0127699 -0.0006217 0.9983178
1740547382.870506 -0.1206215 -0.3131843 2.6873972 0.0578056 -0.0130976 -0.0000154 0.9982420
1740547382.973362 -0.1252586 -0.3186407 2.7833750 0.0590757 -0.0141129 -0.0002639 0.9981537
1740547383.086046 -0.1176488 -0.3383051 2.8742516 0.0594392 -0.0156786 -0.0005010 0.9981087
1740547383.188151 -0.1134117 -0.3447709 2.9603009 0.0599991 -0.0161642 -0.0003231 0.9980675
1740547383.288363 -0.1390103 -0.3777643 3.0458267 0.0589249 -0.0148105 -0.0004236 0.9981525
1740547383.399404 -0.1544423 -0.4007986 3.1312258 0.0585862 -0.0138194 -0.0007870 0.9981864
1740547383.502760 -0.1649365 -0.4403055 3.2049744 0.0558344 -0.0125568 -0.0016424 0.9983597
1740547383.613877 -0.1743536 -0.4544696 3.2989509 0.0555953 -0.0115509 -0.0014998 0.9983855
1740547383.716930 -0.1964781 -0.4768096 3.3804483 0.0540317 -0.0100327 -0.0010620 0.9984882
1740547383.815710 -0.2280291 -0.5006323 3.4658744 0.0518160 -0.0082654 -0.0013142 0.9986216
1740547383.921259 -0.2562999 -0.5272495 3.5364175 0.0491223 -0.0050014 -0.0019125 0.9987784
1740547384.019009 -0.2705303 -0.5539081 3.6294708 0.0469831 -0.0047534 -0.0029103 0.9988801
1740547384.120698 -0.2804230 -0.5485331 3.7175550 0.0444676 -0.0028611 -0.0023393 0.9990040
1740547384.220362 -0.3095432 -0.5778201 3.8046932 0.0422034 -0.0007293 -0.0036892 0.9991019
1740547384.321524 -0.3316990 -0.5974650 3.8873346 0.0389753 0.0018857 -0.0042144 0.9992295
1740547384.422472 -0.3565045 -0.6218547 3.9729409 0.0356303 0.0047485 -0.0044861 0.9993437
1740547384.526324 -0.3734244 -0.6315394 4.0595298 0.0332430 0.0072763 -0.0048563 0.9994090
1740547384.632420 -0.3532837 -0.6353108 4.1529131 0.0310528 0.0076046 -0.0049213 0.9994767
1740547384.732547 -0.3640582 -0.6630818 4.2069001 0.0270286 0.0109700 -0.0061401 0.9995556
1740547384.840899 -0.3850572 -0.6571953 4.3022475 0.0264644 0.0127635 -0.0061386 0.9995494
1740547384.939894 -0.3944865 -0.6467464 4.3939576 0.0262110 0.0145178 -0.0063801 0.9995307
1740547385.036326 -0.3763460 -0.6505229 4.4797196 0.0243313 0.0146457 -0.0058998 0.9995793
1740547385.137754 -0.3803300 -0.6591182 4.5152159 0.0227873 0.0163658 -0.0052976 0.9995923
1740547385.237897 -0.4038801 -0.6499061 4.5891213 0.0220075 0.0190268 -0.0055962 0.9995611
1740547385.342963 -0.4063024 -0.6559200 4.6747551 0.0204643 0.0214167 -0.0057350 0.9995447
1740547385.441604 -0.4182661 -0.6801063 4.7358770 0.0186742 0.0234183 -0.0064993 0.9995302
1740547385.538706 -0.4388203 -0.7074097 4.8034253 0.0151475 0.0271214 -0.0067833 0.9994944
1740547385.640438 -0.4524297 -0.7169986 4.8863096 0.0127288 0.0299629 -0.0074173 0.9994425
1740547385.738038 -0.4579283 -0.7090055 4.9689755 0.0126496 0.0326310 -0.0067568 0.9993646
1740547385.845775 -0.4465363 -0.7108608 5.0524611 0.0124343 0.0339001 -0.0068484 0.9993244
1740547385.942472 -0.4762065 -0.7058578 5.1193252 0.0117855 0.0374293 -0.0076698 0.9992003
1740547386.040737 -0.4792506 -0.6802203 5.1730556 0.0149868 0.0381467 -0.0082960 0.9991253
1740547386.144540 -0.4701621 -0.6856942 5.2623906 0.0141657 0.0385284 -0.0078230 0.9991265
1740547386.242378 -0.4593571 -0.6737868 5.3455567 0.0152974 0.0396092 -0.0079328 0.9990667
1740547386.347404 -0.4449308 -0.6944985 5.4418893 0.0141935 0.0395602 -0.0076307 0.9990873
1740547386.446685 -0.4495814 -0.7026626 5.5291319 0.0140849 0.0414282 -0.0075259 0.9990138
1740547386.546729 -0.4404662 -0.6957967 5.6173687 0.0160511 0.0417559 -0.0075729 0.9989702
1740547386.656613 -0.4484268 -0.6960691 5.6976337 0.0162142 0.0424056 -0.0072063 0.9989429
1740547386.754446 -0.4171113 -0.7148421 5.7599463 0.0156242 0.0403403 -0.0068215 0.9990406
1740547386.858149 -0.4149272 -0.7180158 5.8397470 0.0158273 0.0405245 -0.0070408 0.9990284
1740547386.960338 -0.3884353 -0.7217867 5.9063869 0.0163224 0.0391117 -0.0083432 0.9990667
1740547387.060607 -0.3859812 -0.7243189 5.9854746 0.0153683 0.0388970 -0.0082293 0.9990911
1740547387.164732 -0.3916248 -0.7197024 6.0692577 0.0169669 0.0407351 -0.0082241 0.9989921
1740547387.264117 -0.4184146 -0.7194735 6.1577883 0.0171950 0.0436576 -0.0075635 0.9988700
1740547387.371790 -0.3873047 -0.7250131 6.2177343 0.0162989 0.0424099 -0.0079924 0.9989353
1740547387.470985 -0.3458032 -0.7206569 6.2756891 0.0176819 0.0392735 -0.0076381 0.9990429
1740547387.570285 -0.3444316 -0.7140106 6.3624549 0.0185851 0.0399337 -0.0088072 0.9989907
1740547387.676393 -0.3790857 -0.7206826 6.4374304 0.0187061 0.0448523 -0.0093645 0.9987746
1740547387.777900 -0.3604490 -0.7342815 6.5331926 0.0171150 0.0457090 -0.0093411 0.9987645
1740547387.888898 -0.3211427 -0.7369626 6.5981507 0.0177338 0.0446134 -0.0084608 0.9988111
1740547387.993210 -0.3071768 -0.7636161 6.6637754 0.0149121 0.0450485 -0.0092871 0.9988303
1740547388.107845 -0.2970562 -0.7535932 6.7458696 0.0172035 0.0454339 -0.0087170 0.9987812
1740547388.208822 -0.2822239 -0.7693763 6.8056002 0.0149003 0.0447315 -0.0086015 0.9988509
1740547388.310517 -0.2495353 -0.7788066 6.8224039 0.0125619 0.0399622 -0.0079937 0.9990903
1740547388.420701 -0.2168715 -0.7676463 6.8516054 0.0123596 0.0365425 -0.0087041 0.9992177
1740547388.522552 -0.1706264 -0.7611889 6.8836093 0.0110572 0.0315990 -0.0095923 0.9993935
1740547388.641423 -0.1439639 -0.7821445 6.9171805 0.0056837 0.0268596 -0.0092347 0.9995804
1740547388.741643 -0.1054233 -0.7915128 6.9442472 0.0022100 0.0214926 -0.0105177 0.9997113
1740547388.858275 -0.0596955 -0.8032190 6.9592533 -0.0014853 0.0137682 -0.0104436 0.9998496
1740547388.958688 -0.0304891 -0.8068417 6.9737272 -0.0053757 0.0075426 -0.0098249 0.9999089
1740547389.060776 -0.0010247 -0.8218438 6.9877105 -0.0093593 -0.0001283 -0.0097109 0.9999090
1740547389.173989 0.0224414 -0.8360912 7.0037060 -0.0132772 -0.0063924 -0.0104134 0.9998372
1740547389.275050 0.0404841 -0.8412583 7.0219054 -0.0158290 -0.0135502 -0.0099964 0.9997330
1740547389.391308 0.0594419 -0.8344455 7.0428195 -0.0144237 -0.0192385 -0.0081428 0.9996777
1740547389.492245 0.0904048 -0.8339763 7.0552273 -0.0177530 -0.0278354 -0.0099311 0.9994056
1740547389.609754 0.1175105 -0.8301280 7.0666409 -0.0196965 -0.0365947 -0.0097471 0.9990885
1740547389.710595 0.1441662 -0.8419396 7.0826964 -0.0226743 -0.0448446 -0.0095285 0.9986911
1740547389.812811 0.1683879 -0.8520627 7.1033783 -0.0265039 -0.0530461 -0.0104894 0.9981852
1740547389.922342 0.1896419 -0.8397819 7.1022243 -0.0250131 -0.0589165 -0.0085638 0.9979128
1740547390.025837 0.2299291 -0.8454146 7.1154923 -0.0264635 -0.0685248 -0.0084755 0.9972624
1740547390.243846 0.2970723 -0.8363246 7.1658077 -0.0291239 -0.0863296 -0.0133789 0.9957510
1740547390.464499 0.3535672 -0.8532013 7.2033815 -0.0313819 -0.1038385 -0.0146979 0.9939903
1740547390.568513 0.3943425 -0.8595849 7.2004523 -0.0335813 -0.1158006 -0.0167868 0.9925627
1740547390.682861 0.4209326 -0.8630954 7.2071037 -0.0340132 -0.1254048 -0.0181466 0.9913564
1740547390.790294 0.4325093 -0.8535989 7.2274561 -0.0293291 -0.1321036 -0.0168193 0.9906592
1740547390.898393 0.4623133 -0.8308517 7.2400551 -0.0237537 -0.1398738 -0.0167120 0.9897433
1740547391.004346 0.4938772 -0.8230315 7.2669463 -0.0208683 -0.1479653 -0.0155529 0.9886501
1740547391.112812 0.5166224 -0.8306964 7.2865028 -0.0226900 -0.1568638 -0.0170166 0.9872129
1740547391.219760 0.5387885 -0.8367997 7.3342686 -0.0243943 -0.1642848 -0.0175536 0.9859550
1740547391.322225 0.5608491 -0.8395857 7.3542242 -0.0256989 -0.1731039 -0.0187952 0.9843888
1740547391.429819 0.5776431 -0.8345761 7.3716192 -0.0256940 -0.1810846 -0.0199685 0.9829290
1740547391.535160 0.5949823 -0.8229339 7.3904757 -0.0215857 -0.1880700 -0.0184567 0.9817449
1740547391.646950 0.6107530 -0.8080446 7.4108539 -0.0188529 -0.1946534 -0.0180325 0.9805251
1740547391.754282 0.6314967 -0.7979589 7.4393344 -0.0175420 -0.2019892 -0.0186186 0.9790536
1740547391.860476 0.6546724 -0.8058296 7.4342904 -0.0197923 -0.2104143 -0.0202706 0.9772018
1740547391.963462 0.6714505 -0.8020588 7.4479413 -0.0177268 -0.2164738 -0.0191690 0.9759392
1740547392.064774 0.6910963 -0.8032124 7.4653349 -0.0205820 -0.2232649 -0.0208962 0.9743165
1740547392.172192 0.7031850 -0.8058643 7.4796963 -0.0238289 -0.2268473 -0.0237911 0.9733481
1740547392.275322 0.7130107 -0.8037596 7.4995050 -0.0238383 -0.2314964 -0.0233116 0.9722642
1740547392.384525 0.7239374 -0.7982030 7.5190759 -0.0226768 -0.2362845 -0.0231534 0.9711433
1740547392.489654 0.7348540 -0.8044134 7.5265255 -0.0256524 -0.2392915 -0.0236817 0.9703199
1740547392.595661 0.7338080 -0.7997283 7.5324616 -0.0251219 -0.2382346 -0.0243692 0.9705768
1740547392.711943 0.7359555 -0.7986575 7.5335379 -0.0241307 -0.2368736 -0.0227918 0.9709733
1740547392.815136 0.7404590 -0.7926010 7.5409689 -0.0230638 -0.2350353 -0.0229797 0.9714414
1740547392.924969 0.7372357 -0.7889065 7.5538435 -0.0262597 -0.2329307 -0.0239835 0.9718429
1740547393.027717 0.7362424 -0.7871104 7.5645943 -0.0275475 -0.2304488 -0.0246900 0.9723811
1740547393.140782 0.7294735 -0.7820511 7.5801711 -0.0314205 -0.2218920 -0.0256563 0.9742271
1740547393.243951 0.7199107 -0.7783396 7.5977879 -0.0334509 -0.2117941 -0.0250629 0.9764201
1740547393.364990 0.7064198 -0.7956256 7.6156650 -0.0437340 -0.2044823 -0.0268529 0.9775240
1740547393.464903 0.6990655 -0.8001178 7.6359663 -0.0528536 -0.1964917 -0.0278142 0.9786848
1740547393.568835 0.6838087 -0.7971204 7.6798277 -0.0600746 -0.1890953 -0.0287827 0.9796967
1740547393.677376 0.6798494 -0.8024940 7.7165480 -0.0692715 -0.1818906 -0.0294244 0.9804343
1740547393.779922 0.7317935 -0.7788327 7.7931805 -0.0756161 -0.1772743 -0.0313545 0.9807512
1740547393.891907 0.7752773 -0.7496552 7.8551702 -0.0809984 -0.1742555 -0.0328491 0.9808136
1740547393.995646 0.7742736 -0.7630191 7.8861132 -0.0914544 -0.1695532 -0.0360559 0.9806058
1740547394.115988 0.8001806 -0.7640192 7.9082026 -0.0988797 -0.1678121 -0.0386594 0.9800854
1740547394.217541 0.8287920 -0.7958791 7.9337530 -0.1074698 -0.1664392 -0.0385394 0.9794197
1740547394.323164 0.8521286 -0.8060824 7.9690862 -0.1149395 -0.1628431 -0.0408695 0.9790816
1740547394.429152 0.8487569 -0.7993051 8.0015440 -0.1186378 -0.1573887 -0.0422828 0.9794723
1740547394.533722 0.8833358 -0.7707398 8.0297346 -0.1224695 -0.1537304 -0.0433336 0.9795358
1740547394.645229 0.9102308 -0.7557744 8.0592966 -0.1259029 -0.1496390 -0.0449786 0.9796600
1740547394.756168 0.9335424 -0.7311490 8.0866470 -0.1270247 -0.1451706 -0.0446077 0.9802042
1740547394.862907 0.9399763 -0.7112166 8.1141987 -0.1303085 -0.1401258 -0.0453755 0.9804721
1740547394.974701 0.9421816 -0.6951616 8.1319065 -0.1318444 -0.1359685 -0.0458202 0.9808313
1740547395.075824 0.9661546 -0.6610579 8.1724529 -0.1319300 -0.1308546 -0.0459377 0.9815097
1740547395.185039 0.9777164 -0.6149745 8.2592382 -0.1357947 -0.1246545 -0.0472276 0.9817284
1740547395.289853 0.9873564 -0.5616304 8.3425426 -0.1392054 -0.1190128 -0.0494754 0.9818401
1740547395.398948 0.9455791 -0.5177561 8.4158382 -0.1421423 -0.1115133 -0.0508662 0.9822286
1740547395.504502 0.9366193 -0.4803758 8.5065174 -0.1465961 -0.1059653 -0.0519325 0.9821324
1740547395.612015 0.9146926 -0.4333992 8.5877848 -0.1503466 -0.1005307 -0.0534033 0.9820578
1740547395.718321 0.9102306 -0.3927743 8.6815548 -0.1534767 -0.0959408 -0.0541701 0.9819908
1740547395.823120 0.8898014 -0.3594261 8.7683287 -0.1572531 -0.0912505 -0.0553644 0.9817737
1740547395.929246 0.8848221 -0.3230548 8.8617344 -0.1609567 -0.0873747 -0.0564844 0.9814622
1740547396.031544 0.8623874 -0.2875579 8.9547853 -0.1645582 -0.0829260 -0.0577398 0.9811779
1740547396.141758 0.8613063 -0.2534080 9.0461054 -0.1680714 -0.0793797 -0.0584797 0.9808318
1740547396.244805 0.8405390 -0.2086297 9.1355009 -0.1716157 -0.0753715 -0.0593618 0.9804812
1740547396.366749 0.8299488 -0.1639175 9.2215853 -0.1748975 -0.0715812 -0.0602183 0.9801331
1740547396.465094 0.8197566 -0.1221508 9.3117208 -0.1788906 -0.0681962 -0.0610019 0.9796051
1740547396.568165 0.8210909 -0.0734017 9.3943548 -0.1820281 -0.0647828 -0.0617409 0.9792125
1740547396.678080 0.8253642 -0.0500956 9.4929008 -0.1866692 -0.0617859 -0.0628179 0.9784636
1740547396.783631 0.8221965 0.0081322 9.5760345 -0.1897315 -0.0581588 -0.0630940 0.9780791
1740547396.891747 0.8230262 0.0583068 9.6684084 -0.1928643 -0.0547144 -0.0638431 0.9776164
1740547396.993016 0.7954100 0.1003962 9.7540112 -0.1956662 -0.0509004 -0.0650549 0.9771857
1740547397.098739 0.7795718 0.1379532 9.8433113 -0.1992666 -0.0472399 -0.0653966 0.9766189
1740547397.209694 0.7643061 0.1839065 9.9308157 -0.2020174 -0.0437645 -0.0663004 0.9761546
1740547397.325773 0.7543665 0.2346957 10.0204268 -0.2050878 -0.0400231 -0.0673130 0.9756055
1740547397.429564 0.7460872 0.2778270 10.1050758 -0.2080233 -0.0360661 -0.0680159 0.9750894
1740547397.529891 0.7486253 0.3290406 10.1879034 -0.2109593 -0.0317675 -0.0690674 0.9745342
1740547397.645070 0.7665207 0.3886549 10.2771206 -0.2128178 -0.0278462 -0.0698404 0.9741948
1740547397.743531 0.7797434 0.4348974 10.3577671 -0.2150272 -0.0232154 -0.0709167 0.9737532
1740547397.848115 0.8012183 0.4774457 10.4540682 -0.2174434 -0.0191543 -0.0721474 0.9732144
1740547397.961176 0.8218108 0.5247409 10.5425587 -0.2193850 -0.0149784 -0.0728036 0.9728029
1740547398.057857 0.8275775 0.5605039 10.6356659 -0.2214246 -0.0104135 -0.0742021 0.9722946
1740547398.162543 0.8406843 0.6088935 10.7162600 -0.2225656 -0.0055290 -0.0749009 0.9720205
1740547398.260973 0.8590044 0.6455812 10.8143368 -0.2241792 -0.0016121 -0.0761322 0.9715683
1740547398.365264 0.8610433 0.6886141 10.9034367 -0.2252928 0.0028650 -0.0770288 0.9712371
1740547398.463918 0.8465046 0.7264533 10.9987888 -0.2264896 0.0071577 -0.0781791 0.9708446
1740547398.561648 0.8416553 0.7731180 11.0881271 -0.2268466 0.0113163 -0.0791980 0.9706391
1740547398.668946 0.8401567 0.8248067 11.1751661 -0.2274847 0.0157325 -0.0799565 0.9703660
1740547398.771492 0.8447870 0.8687150 11.2633572 -0.2279909 0.0203007 -0.0809776 0.9700777
1740547398.877510 0.8561243 0.9219218 11.3503609 -0.2282706 0.0244739 -0.0817844 0.9698479
1740547398.973331 0.8825517 0.9673607 11.4403629 -0.2283308 0.0282977 -0.0828509 0.9696391
1740547399.069247 0.9012933 1.0062208 11.5286045 -0.2285608 0.0325767 -0.0838768 0.9693624
1740547399.182651 0.9313842 1.0459762 11.6198730 -0.2285891 0.0364762 -0.0851591 0.9691050
1740547399.280519 0.9480962 1.0883006 11.7081032 -0.2285122 0.0405706 -0.0858592 0.9688985
1740547399.383562 0.9678845 1.1328864 11.7947464 -0.2279733 0.0446539 -0.0868722 0.9687556
1740547399.482055 0.9752937 1.1712019 11.8837843 -0.2281791 0.0485954 -0.0874883 0.9684620
1740547399.579047 0.9779216 1.2166647 11.9641819 -0.2273679 0.0531191 -0.0888795 0.9682885
1740547399.683139 0.9948645 1.2590535 12.0554771 -0.2276337 0.0570670 -0.0898288 0.9679138
1740547399.779508 1.0178773 1.2998357 12.1387157 -0.2270449 0.0609017 -0.0906740 0.9677395
1740547399.880167 1.0489451 1.3343010 12.2350197 -0.2272238 0.0642708 -0.0914850 0.9674033
1740547399.977009 1.0719705 1.3759850 12.3237638 -0.2274659 0.0681037 -0.0919988 0.9670354
1740547400.177669 1.1133685 1.4660357 12.5007753 -0.2266199 0.0750517 -0.0936971 0.9665565
1740547400.275368 1.1288252 1.5154185 12.5836153 -0.2263929 0.0784364 -0.0946800 0.9662452
1740547400.386427 1.1543831 1.5545958 12.6740723 -0.2260810 0.0817380 -0.0950302 0.9660102
1740547400.692486 1.2267079 1.6670461 12.9424372 -0.2252756 0.0915580 -0.0979641 0.9650239
1740547400.892650 1.2828820 1.7373440 13.1262131 -0.2266152 0.0979792 -0.0988151 0.9639923
1740547400.993457 1.3237554 1.7720960 13.2128153 -0.2273158 0.1007158 -0.0994488 0.9634801
1740547401.087166 1.3546789 1.8137107 13.2947855 -0.2272353 0.1037729 -0.1005544 0.9630598
1740547401.391168 1.4396539 1.9451642 13.5545483 -0.2301109 0.1129996 -0.1017367 0.9612126
1740547401.682904 1.4995191 2.0687673 13.8222265 -0.2336708 0.1226830 -0.1033412 0.9589930
1740547401.876697 1.5569346 2.1407454 13.9986439 -0.2372437 0.1298613 -0.1040721 0.9570896
1740547402.172442 1.6751020 2.2677715 14.2519541 -0.2455267 0.1404559 -0.1050557 0.9533898
1740547402.457412 1.7760081 2.4038022 14.4947834 -0.2562716 0.1523581 -0.1057170 0.9486495
1740547402.743256 1.9161516 2.5430584 14.7396975 -0.2687723 0.1628518 -0.1058261 0.9434202
1740547403.122543 2.0969496 2.7425826 15.0377359 -0.2899046 0.1775333 -0.1054756 0.9345117
1740547403.515972 2.2565184 2.9958105 15.3020906 -0.3107175 0.1902034 -0.1042153 0.9254278
1740547403.801705 2.3971128 3.1909056 15.4854298 -0.3258508 0.1991278 -0.1032232 0.9184304
1740547404.093256 2.5322554 3.3892772 15.6595078 -0.3381737 0.2081928 -0.1030698 0.9119599
1740547404.480717 2.7278786 3.6297793 15.9118767 -0.3514990 0.2195213 -0.1027673 0.9042664
1740547404.677012 2.8394623 3.7563920 16.0325241 -0.3559103 0.2261929 -0.1035952 0.9007956
1740547405.053473 3.0211837 4.0091662 16.2899818 -0.3612892 0.2406254 -0.1077368 0.8944062
1740547405.438653 3.2431567 4.2434449 16.5256596 -0.3636724 0.2562968 -0.1124279 0.8884900
1740547405.724538 3.4452870 4.3944936 16.6838665 -0.3649737 0.2667738 -0.1161407 0.8843852
1740547405.914756 3.5726659 4.5066457 16.7895508 -0.3660457 0.2740574 -0.1187735 0.8813603
1740547406.103204 3.7017150 4.6246715 16.8810749 -0.3667400 0.2800538 -0.1203932 0.8789636
1740547406.299462 3.8312545 4.7284632 16.9951782 -0.3686124 0.2858984 -0.1216488 0.8761213
1740547406.495136 3.9535606 4.8460169 17.1073303 -0.3696598 0.2917149 -0.1230919 0.8735573
1740547406.684330 4.0573597 4.9709425 17.2270546 -0.3718374 0.2964365 -0.1242680 0.8708730
1740547406.869951 4.1798668 5.0967884 17.3248692 -0.3741277 0.3008356 -0.1246987 0.8683183
1740547407.071270 4.3099637 5.2091646 17.4301186 -0.3767366 0.3039240 -0.1248909 0.8660843
1740547407.272658 4.4441366 5.3227649 17.5210323 -0.3786297 0.3074153 -0.1252630 0.8639703
1740547407.367727 4.5113006 5.3803387 17.5691071 -0.3801014 0.3091385 -0.1253148 0.8627008
1740547407.561319 4.6333437 5.4979744 17.6719627 -0.3825677 0.3119117 -0.1254689 0.8605874
1740547407.754892 4.7886238 5.5894175 17.7570820 -0.3853683 0.3149252 -0.1254079 0.8582461
1740547407.950656 4.9135494 5.7158670 17.8420792 -0.3878791 0.3174109 -0.1257101 0.8561525
1740547408.140761 5.0132236 5.8543911 17.9482880 -0.3910126 0.3201739 -0.1253713 0.8537447
1740547408.332530 5.1378398 5.9773521 18.0440331 -0.3926151 0.3225764 -0.1245712 0.8522205
1740547408.527892 5.2815504 6.0918918 18.1360092 -0.3961152 0.3238426 -0.1263160 0.8498605
1740547408.720414 5.4100022 6.2137055 18.2120171 -0.3970505 0.3271308 -0.1253748 0.8483028
1740547409.012197 5.6232419 6.3653259 18.3653393 -0.4010939 0.3292327 -0.1250247 0.8456348
1740547409.401044 5.8972936 6.6192474 18.4697189 -0.3986017 0.3321689 -0.1242611 0.8457776
1740547409.598786 6.0520310 6.6858554 18.5545521 -0.4022975 0.3292269 -0.1253855 0.8450118
1740547409.794366 6.1460319 6.8304176 18.6928329 -0.4014413 0.3309949 -0.1261645 0.8446122
1740547409.989005 6.2637973 6.9713240 18.7575874 -0.3992231 0.3298540 -0.1246846 0.8463280
1740547410.192297 6.3695855 7.1024137 18.8391075 -0.3980448 0.3287679 -0.1267995 0.8469911
1740547410.380562 6.5057096 7.2183986 18.9291573 -0.3956508 0.3268048 -0.1235877 0.8493439
1740547410.573015 6.6420193 7.3218689 19.0197983 -0.3942648 0.3252918 -0.1226153 0.8507091
1740547410.769450 6.7826233 7.4331956 19.1023216 -0.3918746 0.3232684 -0.1223378 0.8526226
1740547410.964586 6.9021158 7.5493965 19.1994362 -0.3893026 0.3209899 -0.1238137 0.8544467
1740547411.172333 6.9910135 7.6786757 19.3334961 -0.3874443 0.3216687 -0.1260773 0.8547050
1740547411.462534 7.1832361 7.8459382 19.4699211 -0.3802901 0.3207208 -0.1276398 0.8580359
1740547411.759440 7.0824881 8.2165918 19.4138107 -0.3599479 0.3299522 -0.1436388 0.8607770
1740547411.961569 7.2001247 8.3241816 19.5293999 -0.3548198 0.3323390 -0.1446778 0.8618132
1740547412.161226 7.3784213 8.4105120 19.6370964 -0.3503720 0.3325225 -0.1478237 0.8630275
1740547412.362159 7.4757566 8.4880428 19.6938667 -0.3445070 0.3354523 -0.1473256 0.8643389
1740547412.560794 7.6961737 8.7652960 19.7478313 -0.3305779 0.3376833 -0.1565181 0.8672891
1740547412.662513 7.6752272 8.7626553 19.7449913 -0.3320282 0.3412639 -0.1577296 0.8651113
1740547412.762145 7.7226048 8.7310238 19.7877483 -0.3303446 0.3414475 -0.1571740 0.8657843
1740547412.860562 7.7885995 8.7594604 19.8180504 -0.3252378 0.3424350 -0.1586293 0.8670614
1740547413.079586 7.8184385 8.7537670 19.8243866 -0.3237105 0.3453308 -0.1609046 0.8660645
1740547413.282374 7.9047775 8.7490358 19.9275818 -0.3193814 0.3483450 -0.1601782 0.8665993
1740547414.013997 8.0298529 8.7213964 19.9727097 -0.3098991 0.3551202 -0.1701698 0.8653869
1740547414.424329 8.0313921 8.7546005 20.0756073 -0.3032933 0.3647542 -0.1762288 0.8625027
1740547414.526966 8.1184330 8.7338114 20.0439167 -0.3008798 0.3598301 -0.1742962 0.8658028
1740547414.625939 8.0845995 8.7375288 20.0963898 -0.3001365 0.3641986 -0.1767205 0.8637403
1740547414.734191 8.1058388 8.7327166 20.0859184 -0.2977402 0.3636846 -0.1762662 0.8648784
1740547414.937228 8.1590643 8.7125502 20.1240921 -0.2942621 0.3615488 -0.1752888 0.8671598
1740547415.145264 8.2297468 8.6951380 20.2428169 -0.2909048 0.3625072 -0.1775001 0.8674426
1740547415.251169 8.2420492 8.7155571 20.2850132 -0.2900116 0.3659641 -0.1829625 0.8651522
1740547415.351321 8.2529039 8.7275896 20.2839985 -0.2876874 0.3662902 -0.1856159 0.8652250
1740547415.664918 8.2762012 8.6798735 20.2823792 -0.2866322 0.3664516 -0.1902501 0.8644999
1740547416.180303 8.3615484 8.6894131 20.3114128 -0.2708521 0.3605072 -0.1903214 0.8720387
1740547416.380674 8.4543619 8.6732855 20.3728142 -0.2658002 0.3588885 -0.1897800 0.8743757
1740547416.488592 8.5185862 8.6673517 20.4281616 -0.2621164 0.3579317 -0.1894767 0.8759443
1740547416.588044 8.5970383 8.6663218 20.4581146 -0.2575766 0.3554325 -0.1883110 0.8785562
1740547416.699904 8.6558170 8.6923161 20.4962368 -0.2540044 0.3537362 -0.1912542 0.8796444
1740547416.796336 8.7099943 8.6857929 20.5229473 -0.2507655 0.3525073 -0.1901915 0.8812959
1740547416.895366 8.7744141 8.7232065 20.5606365 -0.2456577 0.3512554 -0.1929996 0.8826228
1740547417.100752 8.8838072 8.7451782 20.6401768 -0.2377794 0.3476748 -0.1927735 0.8862401
1740547417.207667 8.9473047 8.7430182 20.6653957 -0.2332934 0.3439665 -0.1935187 0.8887135
1740547417.413382 9.0697575 8.7948771 20.7534733 -0.2227536 0.3402367 -0.1975646 0.8919574
1740547417.515040 9.1210308 8.7824745 20.7948647 -0.2188139 0.3380665 -0.1963974 0.8940132
1740547417.613864 9.1771965 8.8121786 20.8448410 -0.2135374 0.3367708 -0.1993545 0.8951229
1740547417.819345 9.2703667 8.7862978 20.9311333 -0.2049327 0.3320187 -0.1990812 0.8989621
1740547417.927436 9.3277988 8.8061104 20.9885521 -0.1984871 0.3298177 -0.2003144 0.9009424
1740547418.124908 9.4444857 8.8105125 21.0926895 -0.1874542 0.3242655 -0.2028826 0.9047383
1740547418.231632 9.4853315 8.8198128 21.1423988 -0.1807532 0.3219187 -0.2043433 0.9066094
1740547418.328176 9.5434170 8.8184414 21.1882591 -0.1745678 0.3186043 -0.2059050 0.9086366
1740547418.430763 9.5967445 8.7990723 21.2407207 -0.1691583 0.3152161 -0.2066195 0.9106770
1740547418.529573 9.6570911 8.7940969 21.3031693 -0.1626634 0.3117929 -0.2075126 0.9128332
1740547418.628841 9.7107401 8.8048563 21.3602791 -0.1551159 0.3096884 -0.2096044 0.9143841
1740547418.730232 9.7557507 8.8021507 21.4287796 -0.1484964 0.3073938 -0.2119245 0.9157215
1740547418.831733 9.8205395 8.7916317 21.4926300 -0.1414663 0.3045619 -0.2127533 0.9175867
1740547418.934033 9.8708401 8.7843018 21.5423431 -0.1342701 0.3009836 -0.2145484 0.9194288
1740547419.033190 9.9317589 8.7832394 21.6015644 -0.1273497 0.2974385 -0.2157187 0.9212914
1740547419.131094 9.9679680 8.7858219 21.6747665 -0.1205386 0.2962233 -0.2185517 0.9219313
1740547419.237091 10.0185938 8.7764931 21.7340469 -0.1150926 0.2939852 -0.2205544 0.9228663
1740547419.339606 10.0507946 8.7726545 21.8081646 -0.1087614 0.2936850 -0.2225020 0.9232621
1740547419.447164 10.0926790 8.7687759 21.8813171 -0.1024015 0.2925838 -0.2245402 0.9238454
1740547419.545086 10.1394548 8.7664070 21.9473381 -0.0951116 0.2912315 -0.2265562 0.9245595
1740547419.641638 10.1891003 8.7606220 22.0151787 -0.0889152 0.2903917 -0.2282719 0.9250183
1740547419.849475 10.2935982 8.7269058 22.1642551 -0.0756393 0.2875289 -0.2341646 0.9256202
1740547419.949813 10.3213816 8.7132568 22.2200317 -0.0709364 0.2890889 -0.2357732 0.9250982
1740547420.048263 10.3326292 8.7122278 22.2309303 -0.0648311 0.2891425 -0.2388694 0.9247351
1740547420.147280 10.3848095 8.7032728 22.3067665 -0.0583283 0.2890125 -0.2405741 0.9247668
1740547420.251592 10.4487000 8.6955118 22.3773460 -0.0524122 0.2882593 -0.2424146 0.9248756
1740547420.347483 10.4902582 8.6895914 22.4527531 -0.0467054 0.2899253 -0.2438891 0.9242727
1740547420.447495 10.5414028 8.6790113 22.5221157 -0.0398470 0.2902383 -0.2462856 0.9238600
1740547420.548676 10.5941639 8.6702461 22.6008053 -0.0339855 0.2918155 -0.2475592 0.9232568
1740547420.643444 10.6324883 8.6671991 22.6651630 -0.0270727 0.2946274 -0.2491451 0.9221651
1740547420.748676 10.6814642 8.6534328 22.7378826 -0.0215092 0.2963839 -0.2506869 0.9213306
1740547420.847854 10.7184992 8.6445379 22.8021603 -0.0156856 0.2993485 -0.2523565 0.9200330
1740547420.947269 10.7689657 8.6400537 22.8611336 -0.0090078 0.3005334 -0.2543338 0.9191914
1740547421.049680 10.8172178 8.6259384 22.9232178 -0.0030177 0.3024352 -0.2568574 0.9179043
1740547421.144294 10.8676167 8.6142578 22.9917049 0.0021780 0.3048778 -0.2575034 0.9169170
1740547421.254047 10.9266386 8.6038799 23.0654335 0.0076342 0.3076505 -0.2588893 0.9155704
1740547421.351730 10.9749193 8.5932598 23.1371937 0.0133849 0.3104681 -0.2605799 0.9140725
1740547421.453204 11.0242262 8.5798321 23.2063637 0.0175027 0.3128170 -0.2617419 0.9128693
1740547421.551746 11.0762310 8.5711365 23.2819881 0.0230133 0.3150320 -0.2630671 0.9116036
1740547421.647522 11.1274700 8.5527649 23.3609886 0.0281939 0.3175438 -0.2638056 0.9103723
1740547421.752363 11.1828394 8.5408173 23.4372463 0.0331589 0.3199522 -0.2644676 0.9091688
1740547421.849195 11.2308693 8.5227566 23.5074062 0.0371064 0.3223006 -0.2657633 0.9078080
1740547421.949614 11.2783089 8.4828138 23.5727119 0.0408262 0.3251260 -0.2658286 0.9066210
1740547422.047173 11.3312626 8.4458389 23.6282616 0.0425819 0.3260781 -0.2663886 0.9060337
1740547422.144206 11.3824215 8.4335804 23.7036839 0.0468895 0.3282512 -0.2676968 0.9046496
1740547422.251403 11.4329824 8.4266624 23.7842255 0.0504825 0.3313564 -0.2680812 0.9032093
1740547422.348187 11.4805565 8.3962288 23.8561993 0.0537589 0.3344119 -0.2682877 0.9018317
1740547422.448211 11.5338564 8.3518162 23.9259472 0.0562570 0.3362282 -0.2675887 0.9012114
1740547422.547240 11.5889721 8.3092022 23.9928761 0.0578398 0.3375733 -0.2678627 0.9005268
1740547422.645619 11.6419106 8.2955103 24.0823002 0.0616397 0.3404028 -0.2679410 0.8991852
1740547422.754093 11.6972523 8.2655716 24.1486778 0.0633406 0.3410769 -0.2685772 0.8986216
1740547422.852252 11.7299623 8.2698498 24.2022705 0.0654464 0.3427729 -0.2701547 0.8973516
1740547422.953602 11.7742786 8.2507343 24.2598782 0.0672506 0.3439926 -0.2706158 0.8966123
1740547423.052516 11.8143969 8.2288933 24.3095436 0.0674343 0.3444000 -0.2703310 0.8965279
1740547423.150839 11.8802919 8.2046566 24.3853092 0.0695779 0.3452345 -0.2710266 0.8958330
1740547423.257224 11.9359655 8.1794128 24.4650936 0.0713246 0.3467503 -0.2714411 0.8949842
1740547423.356516 11.9761229 8.1357536 24.5376472 0.0720032 0.3477025 -0.2703024 0.8949051
1740547423.463060 12.0310678 8.1209002 24.6153393 0.0729062 0.3485867 -0.2708136 0.8943332
1740547423.559476 12.0758877 8.1108627 24.7023716 0.0743802 0.3505303 -0.2714151 0.8932692
1740547423.658762 12.1205349 8.1228456 24.7831459 0.0773708 0.3519440 -0.2720827 0.8922557
1740547423.779476 12.1514959 8.1326561 24.8312073 0.0790077 0.3528588 -0.2741747 0.8911098
1740547423.875915 12.1854210 8.0881214 24.9042416 0.0785643 0.3541326 -0.2728795 0.8910413
1740547423.984198 12.2502098 8.0544720 24.9752636 0.0794701 0.3545463 -0.2732236 0.8906909
1740547424.082265 12.3122845 8.0279293 25.0508461 0.0801501 0.3543054 -0.2731072 0.8907616
1740547424.193256 12.3542089 7.9844642 25.1206322 0.0793447 0.3550835 -0.2731558 0.8905089
1740547424.289505 12.4095097 7.9549103 25.1987495 0.0795644 0.3550448 -0.2734955 0.8904004
1740547424.390241 12.4555931 7.9132590 25.2803497 0.0788774 0.3559798 -0.2724858 0.8903978
1740547424.503172 12.5199528 7.8900204 25.3508167 0.0793495 0.3552952 -0.2729816 0.8904774
1740547424.602078 12.5741444 7.8536887 25.4290066 0.0791336 0.3552128 -0.2729082 0.8905520
1740547424.705506 12.6331930 7.8214021 25.5001640 0.0793004 0.3551189 -0.2732394 0.8904730
1740547424.807524 12.6903410 7.7761855 25.5714951 0.0784038 0.3549932 -0.2725311 0.8908195
1740547424.908771 12.7283497 7.7360826 25.6408882 0.0776095 0.3556259 -0.2724639 0.8906573
1740547425.015158 12.7785778 7.7182541 25.6981049 0.0780059 0.3545887 -0.2732125 0.8908069
1740547425.117512 12.8474159 7.6923566 25.7820930 0.0776453 0.3545944 -0.2723724 0.8910933
1740547425.223266 12.9015999 7.6621938 25.8437767 0.0769031 0.3541319 -0.2725972 0.8912728
1740547425.331702 12.9542933 7.6275849 25.9212456 0.0756778 0.3542206 -0.2718351 0.8915752
1740547425.436709 13.0110378 7.5955143 25.9869766 0.0752470 0.3534948 -0.2719892 0.8918527
1740547425.550308 13.0636711 7.5641503 26.0659485 0.0739259 0.3541214 -0.2713715 0.8919027
1740547425.647528 13.1179714 7.5386419 26.1388760 0.0740455 0.3531509 -0.2718735 0.8921247
1740547425.764214 13.1757393 7.4979095 26.2123909 0.0723845 0.3525204 -0.2718492 0.8925177
1740547425.867722 13.2286329 7.4690518 26.2846088 0.0719122 0.3517977 -0.2715908 0.8929197
1740547426.076230 13.3571281 7.4194961 26.4252701 0.0701903 0.3492028 -0.2715338 0.8940918
1740547426.291963 13.4634523 7.3550663 26.5893936 0.0673562 0.3469056 -0.2707586 0.8954382
1740547426.501694 13.5839882 7.3112879 26.7363529 0.0652670 0.3436924 -0.2707041 0.8968473
1740547426.602056 13.6331978 7.2751064 26.8217010 0.0633540 0.3429452 -0.2700506 0.8974673
1740547426.813322 13.7468700 7.2214260 26.9764233 0.0596866 0.3393179 -0.2694211 0.8992848
1740547426.915925 13.7958298 7.1807837 27.0548096 0.0572882 0.3376687 -0.2691196 0.9001515
1740547427.023659 13.8399658 7.1613312 27.1379910 0.0555482 0.3364375 -0.2688566 0.9007998
1740547427.239728 13.9628925 7.1112404 27.2934284 0.0513689 0.3318264 -0.2682091 0.9029487
1740547427.348078 14.0141706 7.0860467 27.3731384 0.0495211 0.3299699 -0.2680071 0.9037919
1740547427.456555 14.0559330 7.0560060 27.4531956 0.0472081 0.3286596 -0.2675301 0.9045341
1740547427.567292 14.1091576 7.0288930 27.5423050 0.0448431 0.3265409 -0.2674036 0.9054587
1740547427.670137 14.1637735 7.0061078 27.6215725 0.0424909 0.3242703 -0.2670938 0.9064790
1740547427.779268 14.2023067 6.9869738 27.7073193 0.0401921 0.3236199 -0.2662912 0.9070523
1740547428.001307 14.3091402 6.9621892 27.8803864 0.0367322 0.3203610 -0.2651346 0.9086931
1740547428.215861 14.4151201 6.9355221 28.0436153 0.0331541 0.3176325 -0.2647009 0.9099142
1740547428.322494 14.4522133 6.9206581 28.1313705 0.0319011 0.3178128 -0.2639211 0.9101225
1740547428.548353 14.5706253 6.8812551 28.2881947 0.0291330 0.3151830 -0.2631215 0.9113606
1740547428.653136 14.6183691 6.8586121 28.3699360 0.0281334 0.3154130 -0.2631427 0.9113063
1740547428.775233 14.6653509 6.8337073 28.4544258 0.0268181 0.3159154 -0.2629824 0.9112182
1740547428.883122 14.7329569 6.8187370 28.5301800 0.0266768 0.3153585 -0.2627876 0.9114714
1740547428.995435 14.7914677 6.8078089 28.6096039 0.0268268 0.3152622 -0.2630902 0.9114130
1740547429.101209 14.8307409 6.7809076 28.6948910 0.0263565 0.3167821 -0.2631902 0.9108707
1740547429.211780 14.8890553 6.7675118 28.7694931 0.0274476 0.3168055 -0.2633404 0.9107869
1740547429.321337 14.9521208 6.7485614 28.8489418 0.0288500 0.3166908 -0.2638231 0.9106437
1740547429.432804 15.0066538 6.7270789 28.9320545 0.0303966 0.3167977 -0.2644517 0.9103739
1740547429.542788 15.0920525 6.7140274 28.9957981 0.0338573 0.3152970 -0.2651232 0.9105775
1740547429.669955 15.1261501 6.6780176 29.0829048 0.0355269 0.3165180 -0.2662657 0.9097564
1740547429.782371 15.1939545 6.6550255 29.1554203 0.0393108 0.3162173 -0.2672514 0.9094163
1740547429.887886 15.2489700 6.6300836 29.2328186 0.0432117 0.3168856 -0.2686578 0.9085919
1740547429.999362 15.2836409 6.6047463 29.3179531 0.0473507 0.3177460 -0.2701550 0.9076407
1740547430.105485 15.3616266 6.5940938 29.3904972 0.0531715 0.3155484 -0.2719627 0.9075452
1740547430.216598 15.3958607 6.5738978 29.4749146 0.0581938 0.3154142 -0.2741469 0.9066262
1740547430.322891 15.4590397 6.5498085 29.5516930 0.0649517 0.3133999 -0.2758847 0.9063385
1740547430.429710 15.4849072 6.5199256 29.6412239 0.0712134 0.3132229 -0.2782157 0.9052161
1740547430.540950 15.5259514 6.4841857 29.7223320 0.0786680 0.3121609 -0.2807790 0.9041737
1740547430.651624 15.5726261 6.4376717 29.8004417 0.0860229 0.3105653 -0.2826714 0.9034634
1740547430.758981 15.5988808 6.4007215 29.8874207 0.0942291 0.3100480 -0.2853346 0.9019841
1740547430.867641 15.6231756 6.3542538 29.9761810 0.1024293 0.3096415 -0.2882083 0.9003146
1740547430.974216 15.6559486 6.3089228 30.0593758 0.1115889 0.3086599 -0.2908024 0.8987274
1740547431.082594 15.6910114 6.2514219 30.1337070 0.1201169 0.3074371 -0.2933077 0.8972318
1740547431.185639 15.7140341 6.2048054 30.2168121 0.1291284 0.3071591 -0.2959040 0.8952206
1740547431.294209 15.7598419 6.1548147 30.2937851 0.1382982 0.3058720 -0.2983504 0.8934780
1740547431.399565 15.8031597 6.1065073 30.3678169 0.1470979 0.3053522 -0.3009262 0.8913841
1740547431.506629 15.8442221 6.0564537 30.4452286 0.1558017 0.3049710 -0.3034850 0.8891655
1740547431.716864 15.9318352 5.9442072 30.5866966 0.1731349 0.3047312 -0.3077508 0.8845636
1740547432.025920 16.0507221 5.7546606 30.7774220 0.1979224 0.3052224 -0.3131970 0.8772534
1740547432.236803 16.1115570 5.6312504 30.9263382 0.2126501 0.3076064 -0.3165289 0.8717613
1740547432.437038 16.1847553 5.5038214 31.0667343 0.2255186 0.3087757 -0.3189680 0.8672130
1740547432.645835 16.2718258 5.3709726 31.1908302 0.2374379 0.3100191 -0.3213115 0.8627111
1740547432.965630 16.3877468 5.1496935 31.3509026 0.2514690 0.3102020 -0.3241815 0.8575806
1740547433.275983 16.4877129 4.9341326 31.5330315 0.2623607 0.3079004 -0.3271340 0.8540184
1740547433.494503 16.5587311 4.7989187 31.6568336 0.2668778 0.3041771 -0.3297497 0.8529465
1740547433.805026 16.6666145 4.6105967 31.8639870 0.2704381 0.2958112 -0.3336712 0.8532423
1740547434.112029 16.7383766 4.4108391 32.0731735 0.2704044 0.2839515 -0.3387454 0.8552805
1740547434.523781 16.8096809 4.1529875 32.3724442 0.2662002 0.2638952 -0.3455333 0.8602927
1740547434.831882 16.8855972 3.9918346 32.6088333 0.2604265 0.2468901 -0.3507611 0.8649797
1740547435.034935 16.9308586 3.8909664 32.7717514 0.2552428 0.2352011 -0.3542297 0.8683622
1740547435.453610 16.9896946 3.6517887 33.0878487 0.2433889 0.2102517 -0.3617169 0.8750525
1740547435.766433 17.0193195 3.4924192 33.3375626 0.2337194 0.1919211 -0.3660134 0.8800998
1740547436.069932 17.0569172 3.3531313 33.5969582 0.2236084 0.1736672 -0.3708356 0.8844885
1740547436.378843 17.0799160 3.2182379 33.8576279 0.2139962 0.1570177 -0.3747523 0.8883196
1740547436.584337 17.0991039 3.1227036 34.0315628 0.2071998 0.1451551 -0.3776508 0.8907177
1740547436.884971 17.1010284 3.0165720 34.3068886 0.1967362 0.1294972 -0.3806582 0.8942173
1740547437.301698 17.1204529 2.8624649 34.6734314 0.1832467 0.1083724 -0.3852915 0.8979012
1740547437.705749 17.1156101 2.7117472 35.0324860 0.1699533 0.0880997 -0.3885900 0.9013059
1740547438.020491 17.1229248 2.6245241 35.3139153 0.1598761 0.0725112 -0.3921527 0.9029939
1740547438.320645 17.0901051 2.5334435 35.5931015 0.1489509 0.0577772 -0.3943772 0.9049542
1740547438.518260 17.0817070 2.5127296 35.7841377 0.1426367 0.0484670 -0.3961585 0.9057395
1740547438.820249 17.0552521 2.4370356 36.0688820 0.1303291 0.0324530 -0.3985285 0.9072685
1740547439.023023 17.0397224 2.3983192 36.2568092 0.1223131 0.0228596 -0.4003148 0.9078904
1740547439.228105 17.0106468 2.3875294 36.4492607 0.1139742 0.0145194 -0.4014762 0.9086341
1740547439.427403 16.9897671 2.3402586 36.6399422 0.1036997 0.0050515 -0.4032533 0.9091796
1740547439.633073 16.9649105 2.3170052 36.8268661 0.0931117 -0.0039640 -0.4044550 0.9097971
1740547439.837557 16.9270458 2.3041067 37.0193787 0.0824075 -0.0117237 -0.4056206 0.9102436
1740547440.040738 16.9091320 2.2911639 37.2104797 0.0710357 -0.0191172 -0.4072805 0.9103357
1740547440.245775 16.9021034 2.2906170 37.4053192 0.0596694 -0.0251049 -0.4076055 0.9108607
1740547440.446820 16.8947983 2.2960653 37.5998192 0.0486213 -0.0303849 -0.4089257 0.9107648
1740547440.652419 16.8839073 2.3094354 37.7924995 0.0384261 -0.0361877 -0.4095051 0.9107796
1740547440.852185 16.8579597 2.3254595 37.9837341 0.0280692 -0.0404564 -0.4100493 0.9107332
1740547441.055943 16.8384476 2.3338852 38.1662178 0.0189037 -0.0462557 -0.4114113 0.9100791
1740547441.255533 16.8132133 2.3529768 38.3610077 0.0099166 -0.0502627 -0.4116660 0.9098937
1740547441.445429 16.7968636 2.3749504 38.5460129 0.0015939 -0.0546536 -0.4113199 0.9098496
1740547441.653593 16.7830963 2.4013226 38.7307930 -0.0069411 -0.0582026 -0.4117975 0.9093883
1740547441.853583 16.7662621 2.4212732 38.9247131 -0.0132275 -0.0629234 -0.4120496 0.9088899
1740547442.053712 16.7411537 2.4649734 39.1069946 -0.0171725 -0.0676896 -0.4141487 0.9075264
1740547442.250159 16.7208996 2.5086887 39.2928505 -0.0212618 -0.0729422 -0.4162647 0.9060636
1740547442.439621 16.7020950 2.5482287 39.4731178 -0.0261102 -0.0780891 -0.4175193 0.9049298
1740547442.640116 16.6832256 2.6079974 39.6519737 -0.0306996 -0.0831103 -0.4180546 0.9040910
1740547442.843882 16.6611671 2.6460085 39.8285713 -0.0372034 -0.0909562 -0.4184744 0.9028965
1740547442.940160 16.6548691 2.6706867 39.9056702 -0.0399608 -0.0966414 -0.4195310 0.9016969
1740547443.040120 16.6383743 2.7079935 39.9980392 -0.0422235 -0.1002770 -0.4214843 0.9002848
1740547443.137583 16.6246452 2.7433062 40.0907707 -0.0449678 -0.1038980 -0.4234858 0.8988008
1740547443.235775 16.6094246 2.7825274 40.1812325 -0.0468790 -0.1079180 -0.4240388 0.8979684
1740547443.333396 16.6010056 2.8141432 40.2514305 -0.0506653 -0.1131801 -0.4238077 0.8972237
1740547443.426938 16.5903168 2.8398695 40.3118362 -0.0541362 -0.1174423 -0.4232010 0.8967595
1740547443.528243 16.5751114 2.8615911 40.3696442 -0.0580047 -0.1226140 -0.4248647 0.8950370
1740547443.628428 16.5581245 2.9022131 40.4523926 -0.0615067 -0.1258792 -0.4244496 0.8945467
1740547443.726440 16.5381584 2.9225268 40.5110474 -0.0661040 -0.1306929 -0.4243708 0.8935654
1740547443.833385 16.5260201 2.9432058 40.5628281 -0.0703093 -0.1351100 -0.4236042 0.8929510
1740547443.926958 16.4978256 2.9746797 40.6449585 -0.0744536 -0.1390726 -0.4240448 0.8917968
1740547444.028497 16.4813061 3.0098858 40.7367554 -0.0780426 -0.1433457 -0.4230419 0.8912895
1740547444.125749 16.4610424 3.0497832 40.8239479 -0.0815585 -0.1467306 -0.4232590 0.8903203
1740547444.222337 16.4488258 3.0768507 40.9155807 -0.0865360 -0.1510302 -0.4236256 0.8889560
1740547444.324075 16.4248199 3.1144304 40.9948616 -0.0899271 -0.1528955 -0.4226896 0.8887461
1740547444.420208 16.4130669 3.1490526 41.0698738 -0.0932400 -0.1563374 -0.4224282 0.8879299
1740547444.525378 16.3810234 3.1859026 41.1717911 -0.0967658 -0.1577965 -0.4228233 0.8871061
1740547444.622413 16.3479099 3.2025030 41.2564926 -0.1012281 -0.1590626 -0.4233123 0.8861482
1740547444.718803 16.3250198 3.2343140 41.3421898 -0.1038259 -0.1607988 -0.4230992 0.8856359
1740547444.820958 16.3085766 3.2644923 41.4410820 -0.1067790 -0.1627622 -0.4233961 0.8847839
1740547444.917624 16.2761173 3.2823000 41.5139160 -0.1093010 -0.1625354 -0.4246398 0.8839212
1740547445.021758 16.2473106 3.3088932 41.6086731 -0.1113341 -0.1626590 -0.4251666 0.8833913
1740547445.121284 16.2256927 3.3414063 41.6952133 -0.1136823 -0.1622049 -0.4239343 0.8837678
1740547445.215790 16.2228813 3.3847525 41.7770691 -0.1145584 -0.1629472 -0.4241410 0.8834189
1740547445.317343 16.2085876 3.4062824 41.8617477 -0.1154101 -0.1627056 -0.4245003 0.8831800
1740547445.412365 16.1914062 3.4517016 41.9433174 -0.1148020 -0.1612908 -0.4247307 0.8834080
1740547445.521910 16.1825733 3.4890754 42.0216064 -0.1146743 -0.1609924 -0.4244743 0.8836022
1740547445.616982 16.1663532 3.5105331 42.1151352 -0.1164884 -0.1602781 -0.4244793 0.8834923
1740547445.714508 16.1504421 3.5460343 42.1933479 -0.1153818 -0.1591105 -0.4255570 0.8833302
1740547445.817152 16.1391811 3.6034992 42.2924118 -0.1142832 -0.1587071 -0.4259312 0.8833652
1740547445.925900 16.1265907 3.6265869 42.3802338 -0.1146879 -0.1576773 -0.4258488 0.8835368
1740547446.028023 16.1123543 3.6773782 42.4543877 -0.1128286 -0.1559316 -0.4258851 0.8840684
1740547446.125048 16.0936108 3.7069218 42.5543289 -0.1119230 -0.1561680 -0.4264565 0.8838663
1740547446.220167 16.0730686 3.7357666 42.6559029 -0.1138019 -0.1550555 -0.4269943 0.8835626
1740547446.319981 16.0619259 3.7612062 42.7283325 -0.1119807 -0.1548460 -0.4259369 0.8843420
1740547446.416103 16.0503273 3.8045177 42.8341179 -0.1112810 -0.1548731 -0.4260730 0.8843600
1740547446.522399 16.0223980 3.8288438 42.9334030 -0.1124685 -0.1536885 -0.4264875 0.8842167
1740547446.621915 16.0147285 3.8543720 43.0174942 -0.1108940 -0.1538388 -0.4257783 0.8847311
1740547446.715279 15.9825153 3.8918624 43.1190491 -0.1108538 -0.1519962 -0.4262875 0.8848093
1740547446.815842 15.9698410 3.9273102 43.2143326 -0.1091262 -0.1528897 -0.4263008 0.8848637
1740547446.911907 15.9442921 3.9662504 43.3066368 -0.1084964 -0.1523378 -0.4261787 0.8850952
1740547447.018794 15.9214363 4.0038509 43.3934784 -0.1073495 -0.1521678 -0.4262674 0.8852215
1740547447.114739 15.9002895 4.0391350 43.4865761 -0.1062447 -0.1517013 -0.4266826 0.8852348
1740547447.212847 15.8839712 4.0617418 43.5790100 -0.1065722 -0.1512306 -0.4259952 0.8856070
1740547447.315384 15.8773947 4.0712023 43.6658554 -0.1073089 -0.1516838 -0.4254233 0.8857155
1740547447.413818 15.8523083 4.1139665 43.7579002 -0.1051972 -0.1516377 -0.4259944 0.8857022
1740547447.524461 15.8300896 4.1520123 43.8502426 -0.1042507 -0.1512790 -0.4255340 0.8860967
1740547447.623104 15.8067789 4.1786900 43.9390907 -0.1038334 -0.1504146 -0.4269003 0.8856355
1740547447.721066 15.7805653 4.2242446 44.0312386 -0.1024999 -0.1512116 -0.4258986 0.8861372
1740547447.820059 15.7611656 4.2535114 44.1196327 -0.1024620 -0.1504514 -0.4260173 0.8862140
1740547447.917699 15.7423573 4.2897315 44.2019997 -0.1004921 -0.1508821 -0.4263942 0.8861851
1740547448.024483 15.7302046 4.2988935 44.3048973 -0.1017395 -0.1516924 -0.4264268 0.8858886
1740547448.121834 15.7033901 4.3272309 44.3929138 -0.1016466 -0.1515014 -0.4264538 0.8859190
1740547448.216312 15.6847382 4.3414097 44.4746246 -0.1033582 -0.1516808 -0.4263474 0.8857415
1740547448.321725 15.6921244 4.3938508 44.5680847 -0.0993488 -0.1534694 -0.4268328 0.8856584
1740547448.415645 15.6680832 4.4280095 44.6731491 -0.0992161 -0.1525883 -0.4262729 0.8860950
1740547448.521218 15.6458511 4.4538980 44.7714615 -0.0995738 -0.1533046 -0.4260761 0.8860259
1740547448.620052 15.6354465 4.4869761 44.8622360 -0.0987723 -0.1543510 -0.4258781 0.8860292
1740547448.715464 15.6056299 4.5140386 44.9560928 -0.0981855 -0.1545022 -0.4262758 0.8858768
1740547448.818426 15.5895653 4.5427356 45.0456543 -0.0971273 -0.1556458 -0.4259349 0.8859572
1740547448.913083 15.5633011 4.5656767 45.1385002 -0.0971157 -0.1554170 -0.4255264 0.8861949
1740547449.016443 15.5495529 4.6015177 45.2350922 -0.0961324 -0.1557413 -0.4254681 0.8862732
1740547449.212949 15.4978619 4.6680689 45.4220390 -0.0949184 -0.1570633 -0.4254942 0.8861582
1740547449.413099 15.4624062 4.7252069 45.6077728 -0.0932474 -0.1599122 -0.4249212 0.8861011
1740547449.614629 15.4126329 4.7763109 45.7937851 -0.0917952 -0.1619884 -0.4241083 0.8862650
1740547449.717143 15.3921232 4.8101492 45.8782959 -0.0908544 -0.1625519 -0.4240083 0.8863066
1740547449.920047 15.3503933 4.8728018 46.0616302 -0.0889242 -0.1660118 -0.4235060 0.8861012
1740547450.030423 15.3245735 4.9090056 46.1512032 -0.0875915 -0.1674698 -0.4233701 0.8860245
1740547450.129572 15.3015537 4.9436970 46.2411690 -0.0865315 -0.1683926 -0.4225749 0.8863333
1740547450.336263 15.2529144 4.9908161 46.4339027 -0.0852711 -0.1723717 -0.4218316 0.8860446
1740547450.431735 15.2277298 5.0044665 46.5303650 -0.0850072 -0.1749465 -0.4217469 0.8856055
1740547450.539873 15.2002335 5.0360765 46.6174660 -0.0837077 -0.1765366 -0.4211895 0.8856790
1740547450.736781 15.1516819 5.1063786 46.7949524 -0.0816954 -0.1805775 -0.4204078 0.8854236
1740547450.938363 15.0910788 5.1739321 46.9781303 -0.0812379 -0.1848673 -0.4192390 0.8851345
1740547451.140290 15.0335560 5.2390566 47.1639175 -0.0797372 -0.1890112 -0.4184962 0.8847473
1740547451.341169 14.9660053 5.2833052 47.3481598 -0.0792071 -0.1931843 -0.4178406 0.8842032
1740547451.544380 14.9033165 5.3631363 47.5190392 -0.0773390 -0.1975060 -0.4170457 0.8837890
1740547451.760340 14.8416786 5.4351821 47.7000389 -0.0756236 -0.2008507 -0.4160402 0.8836575
1740547451.857815 14.8194780 5.4588137 47.7958488 -0.0748119 -0.2035968 -0.4152115 0.8834879
1740547452.165029 14.7286549 5.5367947 48.0705528 -0.0699500 -0.2093435 -0.4132729 0.8834522
1740547452.478236 14.6110144 5.6463141 48.3242836 -0.0645661 -0.2113480 -0.4121787 0.8838960
1740547452.789225 14.5089369 5.7154326 48.5920639 -0.0569239 -0.2131456 -0.4106159 0.8847165
1740547453.111811 14.3928671 5.7954006 48.8634644 -0.0446417 -0.2151189 -0.4086446 0.8858559
1740547453.422901 14.2928133 5.8692946 49.1383553 -0.0287269 -0.2144420 -0.4057681 0.8879987
1740547453.637708 14.2157812 5.9053826 49.3227005 -0.0158462 -0.2144785 -0.4034258 0.8893793
1740547453.946931 14.1065321 5.9331317 49.6053429 0.0067437 -0.2165680 -0.3986083 0.8911589
1740547454.261111 14.0166903 5.9484758 49.8951073 0.0348562 -0.2207072 -0.3921489 0.8923523
1740547454.776584 13.7824078 5.9326372 50.3401413 0.0900507 -0.2348999 -0.3785057 0.8907561
1740547455.173375 13.5299435 5.8916106 50.6510277 0.1406652 -0.2534609 -0.3647763 0.8848215
1740547455.379348 13.3805656 5.8275819 50.7745323 0.1671096 -0.2630761 -0.3568797 0.8806261
1740547455.581916 13.2252827 5.7674828 50.9005470 0.1933932 -0.2726235 -0.3487637 0.8755794
1740547455.894397 12.9992085 5.7132978 51.1009483 0.2322023 -0.2855119 -0.3368927 0.8666420
1740547456.114903 12.8459759 5.6697788 51.2227097 0.2566115 -0.2908313 -0.3282100 0.8613048
1740547456.423194 12.6207275 5.5498438 51.3812065 0.2907296 -0.2940320 -0.3147086 0.8543887
1740547456.731937 12.4042683 5.3825436 51.5210686 0.3218259 -0.2905278 -0.3012772 0.8492666
1740547457.045605 12.1960201 5.2145939 51.6755638 0.3510537 -0.2815263 -0.2860060 0.8459934
1740547457.349959 11.9976578 5.0870991 51.8630829 0.3790341 -0.2669017 -0.2694077 0.8441067
1740547457.653721 11.8179779 4.9719009 52.0844307 0.4066770 -0.2459947 -0.2517347 0.8430481
1740547457.956916 11.6663485 4.7668686 52.2291832 0.4352679 -0.2197427 -0.2308688 0.8419945
1740547458.171233 11.5814457 4.5795918 52.2732849 0.4542299 -0.2002014 -0.2159586 0.8408071
1740547458.470544 11.4813375 4.2997112 52.3502769 0.4820515 -0.1684690 -0.1922347 0.8380277
1740547458.777592 11.3879175 4.0431671 52.4816208 0.5060961 -0.1356981 -0.1682994 0.8349420
1740547459.085822 11.3053217 3.7694969 52.5800629 0.5242566 -0.1033924 -0.1445999 0.8328000
1740547459.296084 11.3218193 3.5786743 52.6538582 0.5336742 -0.0836184 -0.1297363 0.8314856
1740547459.603713 11.3086004 3.2876816 52.7409821 0.5422407 -0.0557713 -0.1106230 0.8310398
1740547459.907982 11.2991056 3.0314445 52.8990631 0.5448793 -0.0330191 -0.0950894 0.8324507
1740547460.221569 11.2765160 2.7535915 53.0105629 0.5434366 -0.0150988 -0.0835639 0.8351441
1740547460.542518 11.2803545 2.4860268 53.1428108 0.5392353 -0.0029964 -0.0765512 0.8386633
1740547460.858473 11.2837009 2.2108135 53.2726135 0.5321904 0.0041571 -0.0732355 0.8434409
1740547461.167286 11.2502737 1.9345264 53.3903160 0.5226657 0.0065467 -0.0720097 0.8494659
1740547461.474867 11.2549725 1.6780434 53.5573425 0.5118502 0.0047740 -0.0734707 0.8559140
1740547461.787363 11.2149639 1.4164715 53.7082100 0.4987317 0.0005820 -0.0765724 0.8633673
1740547462.093672 11.1918259 1.1752243 53.8823891 0.4849068 -0.0060701 -0.0809007 0.8707949
1740547462.298418 11.1598511 1.0183887 54.0069046 0.4742966 -0.0108830 -0.0838752 0.8762929
1740547462.512651 11.1228666 0.8562183 54.1203575 0.4636930 -0.0154035 -0.0870469 0.8815749
1740547462.810522 11.0758686 0.6303463 54.3124161 0.4455283 -0.0220842 -0.0921411 0.8902398
1740547463.007205 11.0477018 0.4929581 54.4546585 0.4330389 -0.0267664 -0.0956793 0.8958830
1740547463.200501 11.0301218 0.3494434 54.6010551 0.4209236 -0.0305831 -0.0978633 0.9012828
1740547463.400147 10.9908886 0.2138758 54.7516479 0.4077969 -0.0337178 -0.1006007 0.9068871
1740547463.603944 10.9628639 0.0673561 54.8885574 0.3953917 -0.0367821 -0.1031790 0.9119576
1740547463.806963 10.9114990 -0.0719042 55.0314026 0.3825223 -0.0389849 -0.1055130 0.9170735
1740547464.012212 10.8837166 -0.1802444 55.1944695 0.3704904 -0.0411575 -0.1070314 0.9217306
1740547464.209178 10.8525696 -0.3229561 55.3552246 0.3581237 -0.0420873 -0.1091585 0.9263156
1740547464.410032 10.8186493 -0.4241714 55.5215759 0.3473246 -0.0425839 -0.1099693 0.9303005
1740547464.614706 10.7867775 -0.5474949 55.6671638 0.3356481 -0.0430078 -0.1105994 0.9344830
1740547464.816962 10.7571564 -0.6526899 55.8423157 0.3243952 -0.0424806 -0.1120620 0.9382991
1740547465.021712 10.7388878 -0.7622542 56.0104866 0.3137113 -0.0419148 -0.1120813 0.9419481
1740547465.216990 10.7228737 -0.8722420 56.1797752 0.3031757 -0.0412840 -0.1125155 0.9453679
1740547465.417915 10.6830626 -0.9591594 56.3564415 0.2926789 -0.0391248 -0.1135342 0.9486402
1740547465.624795 10.6463585 -1.0640397 56.5189552 0.2819855 -0.0360930 -0.1130699 0.9520487
1740547465.824843 10.6163502 -1.1493568 56.6868134 0.2718705 -0.0335624 -0.1124153 0.9551559
1740547466.033927 10.6024647 -1.2509329 56.8537178 0.2611355 -0.0294737 -0.1120041 0.9583291
1740547466.225802 10.5771027 -1.3331671 57.0332565 0.2507049 -0.0245101 -0.1114650 0.9613126
1740547466.426498 10.5644865 -1.4233694 57.2082062 0.2400327 -0.0197247 -0.1098582 0.9643270
1740547466.634085 10.5576143 -1.5059098 57.3841934 0.2312448 -0.0147745 -0.1087287 0.9666880
1740547466.834770 10.5405493 -1.5811863 57.5633278 0.2218544 -0.0092879 -0.1069545 0.9691518
1740547467.044933 10.5371828 -1.6553761 57.7453003 0.2124782 -0.0018231 -0.1055480 0.9714471
1740547467.237967 10.5396633 -1.7284818 57.9338379 0.2030779 0.0051365 -0.1039362 0.9736171
1740547467.534756 10.5468550 -1.8305123 58.2003250 0.1876389 0.0176051 -0.1008976 0.9768835
1740547467.732802 10.5486641 -1.8988504 58.3819046 0.1772364 0.0266256 -0.0991710 0.9787970
1740547467.932493 10.5693121 -1.9703280 58.5652161 0.1663312 0.0361206 -0.0966393 0.9806580
1740547468.135845 10.5796852 -2.0168974 58.7565117 0.1549162 0.0455845 -0.0948339 0.9823083
1740547468.335634 10.5887690 -2.0533524 58.9510536 0.1428496 0.0561563 -0.0928777 0.9837755
1740547468.634446 10.6294079 -2.1423452 59.2367439 0.1229319 0.0749642 -0.0894091 0.9855324
1740547468.934562 10.6852942 -2.1962485 59.5187263 0.1007930 0.0948828 -0.0847316 0.9867414
1740547469.241379 10.7552090 -2.2525494 59.8015289 0.0772775 0.1189135 -0.0805137 0.9866130
1740547469.551080 10.8416767 -2.2730989 60.0870361 0.0510555 0.1446978 -0.0748193 0.9853213
1740547469.861350 10.9505672 -2.2661533 60.3669739 0.0230576 0.1744491 -0.0680668 0.9820401
1740547470.178889 11.0845356 -2.2600706 60.6365395 -0.0072269 0.2069952 -0.0612686 0.9763949
1740547470.481763 11.2515316 -2.2280207 60.8901825 -0.0409105 0.2414211 -0.0541786 0.9680428
1740547470.783145 11.4450331 -2.1606569 61.1160316 -0.0740337 0.2756108 -0.0468749 0.9572672
1740547470.982671 11.5791378 -2.1044540 61.2553024 -0.0954979 0.2981743 -0.0419349 0.9487960
1740547471.185656 11.7230673 -2.0485191 61.3902893 -0.1173459 0.3185018 -0.0367367 0.9399133
1740547471.388626 11.8726997 -1.9614072 61.5037918 -0.1359456 0.3369620 -0.0314607 0.9311206
1740547471.590962 12.0223999 -1.8955305 61.6220818 -0.1550302 0.3531377 -0.0273306 0.9222323
1740547471.791294 12.1658220 -1.8197923 61.7376709 -0.1726828 0.3693483 -0.0221809 0.9128365
1740547471.986646 12.3191004 -1.7291770 61.8467560 -0.1873673 0.3818809 -0.0177314 0.9048459
1740547472.192963 12.4650822 -1.6467004 61.9614220 -0.1992917 0.3916939 -0.0144997 0.8981361
1740547472.396867 12.6079798 -1.5586123 62.0828896 -0.2103938 0.3996501 -0.0113284 0.8921244
1740547472.596572 12.7491026 -1.4693165 62.2000122 -0.2175856 0.4052507 -0.0090174 0.8878891
1740547472.803176 12.9010296 -1.3818779 62.3149719 -0.2217521 0.4095313 -0.0080702 0.8848983
1740547473.101706 13.1177359 -1.2550516 62.4721222 -0.2249351 0.4082983 -0.0049565 0.8846876
1740547473.306464 13.2644672 -1.1816740 62.5838165 -0.2238431 0.4051567 -0.0044232 0.8864101
1740547473.503557 13.4035988 -1.1076269 62.7065239 -0.2201417 0.4003385 -0.0042714 0.8895215
1740547473.703799 13.5366859 -1.0487661 62.8234558 -0.2178609 0.3949866 -0.0050160 0.8924668
1740547473.911676 13.6578321 -0.9894118 62.9655037 -0.2130218 0.3888718 -0.0052118 0.8963109
1740547474.120397 13.7883739 -0.9256911 63.0798683 -0.2072942 0.3809084 -0.0051777 0.9010611
1740547474.331060 13.9035635 -0.8859673 63.2215347 -0.2015996 0.3723647 -0.0049538 0.9059126
1740547474.524612 14.0289621 -0.8124280 63.3593903 -0.1921883 0.3619249 -0.0042866 0.9121708
1740547474.628521 14.0870829 -0.7987795 63.4267693 -0.1895595 0.3558524 -0.0047297 0.9151032
1740547474.934791 14.2401886 -0.7111802 63.5957718 -0.1767696 0.3435053 -0.0042906 0.9223548
1740547475.142686 14.3423119 -0.6389985 63.7571793 -0.1662471 0.3336758 -0.0057870 0.9278949
1740547475.345600 14.4591675 -0.6097825 63.9120445 -0.1572020 0.3246701 -0.0093190 0.9326254
1740547475.547787 14.5768309 -0.5825853 64.0602341 -0.1484190 0.3154053 -0.0096427 0.9372291
1740547475.650437 14.6145058 -0.5641677 64.1094589 -0.1435858 0.3094590 -0.0127807 0.9399229
1740547475.749084 14.6566811 -0.5401657 64.1590576 -0.1378711 0.3047456 -0.0124006 0.9423205
1740547475.951912 14.7510605 -0.5193790 64.2590027 -0.1295585 0.2964067 -0.0135583 0.9461363
1740547476.068214 14.8001499 -0.5014589 64.3085938 -0.1275266 0.2909416 -0.0140384 0.9480996
1740547476.162799 14.8558722 -0.4911401 64.3849411 -0.1226988 0.2847579 -0.0143420 0.9506063
1740547476.263633 14.9070740 -0.4760860 64.4469299 -0.1188799 0.2791958 -0.0140706 0.9527431
1740547476.374318 14.9475784 -0.4485931 64.5177460 -0.1150890 0.2735407 -0.0157775 0.9548199
1740547476.469495 14.9846926 -0.4263123 64.5447311 -0.1095742 0.2682761 -0.0121159 0.9570134
1740547476.572700 15.0014648 -0.4093949 64.5722961 -0.1067440 0.2655028 -0.0109599 0.9581200
1740547476.669949 15.0209818 -0.3763489 64.6056290 -0.1023603 0.2618572 -0.0097515 0.9596136
1740547476.767931 15.0493774 -0.3474271 64.6332703 -0.0983808 0.2574334 -0.0120118 0.9611998
1740547476.868367 15.0944576 -0.3360265 64.6524887 -0.0944274 0.2490787 -0.0113967 0.9638015
1740547476.965134 15.1141338 -0.3045350 64.6685257 -0.0881796 0.2443099 -0.0109419 0.9656176
1740547477.076387 15.1310968 -0.2918238 64.6886597 -0.0859095 0.2390978 -0.0121577 0.9671112
1740547477.171320 15.1635723 -0.2835618 64.7145767 -0.0836740 0.2318643 -0.0129900 0.9690557
1740547477.269868 15.1898546 -0.2536739 64.7336502 -0.0775980 0.2259996 -0.0140168 0.9709306
1740547477.374433 15.2268295 -0.2435228 64.7613068 -0.0753634 0.2178106 -0.0120001 0.9730030
1740547477.468811 15.2531796 -0.2264732 64.7826004 -0.0708914 0.2110892 -0.0137772 0.9747953
1740547477.581517 15.2891264 -0.2015545 64.8035049 -0.0651653 0.2024730 -0.0131281 0.9770291
1740547477.676664 15.3107510 -0.1951825 64.8188477 -0.0621166 0.1966595 -0.0138753 0.9784039
1740547477.770428 15.3343096 -0.1796812 64.8362045 -0.0576199 0.1908678 -0.0130195 0.9798367
1740547477.872344 15.3681946 -0.1760683 64.8472290 -0.0545110 0.1827864 -0.0098081 0.9815913
1740547477.970112 15.4182787 -0.1509255 64.8526459 -0.0473117 0.1709041 -0.0062715 0.9841312
1740547478.083815 15.4256811 -0.1308004 64.8654709 -0.0401565 0.1658271 -0.0075288 0.9853082
1740547478.177846 15.4528561 -0.1082129 64.8673477 -0.0314346 0.1563714 -0.0062205 0.9871784
1740547478.277173 15.4726429 -0.1040054 64.8672791 -0.0285982 0.1496884 -0.0024351 0.9883165
1740547478.379658 15.4879980 -0.0909404 64.8703079 -0.0233483 0.1426419 -0.0020341 0.9894969
1740547478.474885 15.5201359 -0.0895578 64.8758316 -0.0206296 0.1323410 0.0019835 0.9909876
1740547478.575571 15.5354433 -0.0887304 64.8862991 -0.0182460 0.1277021 0.0047025 0.9916336
1740547478.671682 15.5663557 -0.0730397 64.9003601 -0.0143327 0.1199916 0.0074565 0.9926435
1740547478.769936 15.5795355 -0.0410658 64.9122314 -0.0062847 0.1161177 0.0054129 0.9932008
1740547478.871671 15.6132231 -0.0271751 64.9242935 -0.0014430 0.1081271 0.0057386 0.9941195
1740547478.970191 15.6291256 0.0082915 64.9326248 0.0104478 0.1012764 0.0045042 0.9947933
1740547479.072094 15.6617842 0.0231674 64.9594803 0.0159459 0.0945934 0.0072091 0.9953622
1740547479.171633 15.7217684 0.0215026 64.9797897 0.0182341 0.0814395 0.0113892 0.9964464
1740547479.269981 15.7374735 0.0225555 64.9845123 0.0216224 0.0750987 0.0100061 0.9968914
1740547479.398576 15.7347622 0.0614461 64.9977570 0.0335017 0.0721769 0.0075615 0.9968004
1740547479.495960 15.7541103 0.0947711 65.0061874 0.0439234 0.0659536 0.0065051 0.9968343
1740547479.596170 15.7943192 0.1303536 65.0044556 0.0550010 0.0546235 0.0106753 0.9969339
1740547479.697733 15.8355408 0.1094067 65.0044327 0.0523643 0.0415602 0.0146592 0.9976552
1740547479.794034 15.8567114 0.0883612 65.0106125 0.0464589 0.0321863 0.0196292 0.9982085
1740547479.898512 15.8874369 0.0797817 65.0155106 0.0464419 0.0207141 0.0213812 0.9984773
1740547479.995877 15.9236631 0.0866994 65.0267868 0.0491434 0.0085809 0.0258401 0.9984206
1740547480.096623 15.9427977 0.1429218 65.0454941 0.0659174 0.0005353 0.0228017 0.9975644
1740547480.198112 16.0036602 0.1258289 65.0523071 0.0633367 -0.0179450 0.0242508 0.9975361
1740547480.296419 16.0425396 0.1470527 65.0603104 0.0712367 -0.0334367 0.0279576 0.9965068
1740547480.399392 16.0925961 0.1459700 65.0692825 0.0707256 -0.0522792 0.0291850 0.9956973
1740547480.498411 16.1292553 0.2085266 65.0995178 0.0888975 -0.0656370 0.0231372 0.9936064
1740547480.599931 16.1971474 0.2579560 65.1360474 0.1016708 -0.0900176 0.0242020 0.9904414
1740547480.701528 16.2964001 0.2350026 65.1832123 0.0931977 -0.1199661 0.0281052 0.9879942
1740547480.799627 16.3280163 0.2122750 65.2269897 0.0844101 -0.1305227 0.0284990 0.9874343
1740547480.903900 16.3706264 0.1886995 65.2777939 0.0751130 -0.1475807 0.0278247 0.9858011
1740547481.004269 16.3954887 0.1475685 65.3741608 0.0678159 -0.1635410 0.0294086 0.9837635
1740547481.116853 16.3491364 0.1318899 65.4697571 0.0693774 -0.1651123 0.0310053 0.9833430
1740547481.214955 16.3435783 0.0997497 65.5682144 0.0654817 -0.1733952 0.0283884 0.9822629
1740547481.426217 16.3107529 0.0575984 65.7591858 0.0619773 -0.1862220 0.0262902 0.9801985
1740547481.630777 16.2416115 0.0012511 65.9410553 0.0543954 -0.1931568 0.0263630 0.9793041
1740547481.730293 16.1877365 0.0020237 66.0282593 0.0554449 -0.1931001 0.0245271 0.9793042
1740547481.835597 16.1500320 -0.0287440 66.1168213 0.0510755 -0.1950119 0.0232674 0.9791937
