1740546914.562144 0.0000000 0.0000000 0.0000000 -0.0000000 -0.0000000 -0.0000000 1.0000000
1740546915.405040 0.0077794 0.0603159 0.0884410 0.0018810 -0.0002929 -0.0001495 0.9999982
1740546915.564604 -0.0013573 0.0418443 0.1819085 0.0043635 -0.0012885 -0.0001912 0.9999896
1740546915.735749 -0.0202032 0.0125899 0.2726491 0.0077159 -0.0021081 -0.0000446 0.9999680
1740546915.832306 -0.0195326 -0.0238461 0.3682391 0.0110072 -0.0036887 0.0002671 0.9999326
1740546915.927719 -0.0259812 -0.0512691 0.4638697 0.0157191 -0.0054422 0.0005392 0.9998615
1740546916.025765 -0.0203074 -0.0732948 0.5596817 0.0218235 -0.0077106 0.0001485 0.9997321
1740546916.123290 -0.0268072 -0.1029885 0.6547087 0.0274120 -0.0100116 0.0001132 0.9995741
1740546916.227738 -0.0299953 -0.1253227 0.7482619 0.0341944 -0.0126372 0.0001655 0.9993353
1740546916.426285 -0.0369787 -0.1787624 0.9374156 0.0486036 -0.0187264 0.0002278 0.9986426
1740546916.626344 -0.0521011 -0.2528872 1.1232885 0.0619448 -0.0261921 0.0001571 0.9977359
1740546916.821963 -0.0909885 -0.2909878 1.3200417 0.0789141 -0.0344800 0.0005142 0.9962848
1740546917.024351 -0.1523196 -0.4070562 1.4892290 0.0893924 -0.0408394 -0.0004650 0.9951587
1740546917.120717 -0.1329819 -0.3914303 1.5903059 0.0976281 -0.0465227 0.0008267 0.9941347
1740546917.321173 -0.2016939 -0.4615751 1.7666963 0.1066118 -0.0530435 -0.0004851 0.9928848
1740546917.525205 -0.2126328 -0.5006311 1.9527575 0.1150366 -0.0604549 -0.0011970 0.9915192
1740546917.726161 -0.2356700 -0.5610421 2.1445708 0.1212839 -0.0669242 -0.0013457 0.9903583
1740546917.926490 -0.2836550 -0.6153190 2.3240564 0.1254039 -0.0718434 -0.0014976 0.9895000
1740546918.127556 -0.3315729 -0.6766345 2.5049372 0.1277315 -0.0762387 -0.0012473 0.9888735
1740546918.330564 -0.3909245 -0.7271053 2.6880181 0.1286913 -0.0785077 -0.0024843 0.9885691
1740546918.544932 -0.4396330 -0.7809458 2.8588614 0.1288231 -0.0794457 -0.0018101 0.9884785
1740546918.846568 -0.4832867 -0.8290827 3.1431062 0.1290815 -0.0815770 -0.0019166 0.9882710
1740546919.148362 -0.5620158 -0.9163857 3.4103663 0.1279381 -0.0774991 -0.0022991 0.9887469
1740546919.461604 -0.6275609 -0.9799913 3.6843102 0.1279761 -0.0735478 -0.0027024 0.9890428
1740546919.764499 -0.6949030 -1.0447813 3.9585795 0.1271770 -0.0654143 -0.0007333 0.9897204
1740546920.078260 -0.7002270 -1.1111389 4.2383504 0.1283349 -0.0562785 0.0008188 0.9901325
1740546920.395465 -0.7136071 -1.1975446 4.5089350 0.1306499 -0.0458771 0.0017809 0.9903650
1740546920.604250 -0.7538205 -1.2568041 4.6966066 0.1321663 -0.0370769 0.0029299 0.9905295
1740546920.711501 -0.7465373 -1.2564881 4.7853270 0.1344561 -0.0339382 0.0028547 0.9903342
1740546920.812325 -0.7396137 -1.2901986 4.8740592 0.1352784 -0.0313553 0.0037145 0.9903044
1740546920.912215 -0.7606497 -1.3122895 4.9616113 0.1363462 -0.0273496 0.0040507 0.9902754
1740546921.014615 -0.7553185 -1.3444877 5.0459933 0.1369473 -0.0246740 0.0047423 0.9902596
1740546921.112489 -0.7522118 -1.3562671 5.1360044 0.1389069 -0.0219969 0.0040031 0.9900531
1740546921.224210 -0.7459550 -1.3981245 5.2188787 0.1387823 -0.0199592 0.0048819 0.9901097
1740546921.323938 -0.7415629 -1.4201126 5.3107209 0.1400505 -0.0183254 0.0053874 0.9899601
1740546921.427599 -0.7592903 -1.4585894 5.3896165 0.1399762 -0.0157039 0.0056666 0.9900141
1740546921.531655 -0.7767180 -1.4784019 5.4674554 0.1409727 -0.0127241 0.0058821 0.9899142
1740546921.630867 -0.7748905 -1.4989721 5.5595903 0.1421495 -0.0115063 0.0064103 0.9897576
1740546921.738114 -0.7749749 -1.5380491 5.6297035 0.1420078 -0.0106209 0.0066614 0.9897861
1740546921.837864 -0.7606387 -1.5489283 5.7238679 0.1436081 -0.0108776 0.0064809 0.9895536
1740546921.943544 -0.7678366 -1.5770766 5.8116398 0.1446812 -0.0103821 0.0067439 0.9894009
1740546922.044838 -0.7667384 -1.5985135 5.8943930 0.1455908 -0.0105075 0.0067662 0.9892660
1740546922.148696 -0.7650932 -1.6265746 5.9877729 0.1463891 -0.0103365 0.0070311 0.9891481
1740546922.357415 -0.7544339 -1.6931005 6.1327577 0.1465393 -0.0112685 0.0074527 0.9891126
1740546922.464430 -0.7490280 -1.7075922 6.2260985 0.1474006 -0.0115868 0.0072074 0.9889828
1740546922.565387 -0.7451656 -1.7119331 6.3120298 0.1492231 -0.0124265 0.0068204 0.9887019
1740546922.664751 -0.7332026 -1.7221205 6.3926439 0.1505833 -0.0135487 0.0065801 0.9884826
1740546922.767606 -0.7515877 -1.7570869 6.4729981 0.1506792 -0.0129759 0.0065130 0.9884761
1740546922.866695 -0.7647899 -1.7730010 6.5581870 0.1515199 -0.0124492 0.0068948 0.9883518
1740546922.978684 -0.7443117 -1.7854180 6.6388946 0.1530612 -0.0142025 0.0065598 0.9880929
1740546923.079039 -0.7362423 -1.8111340 6.7286663 0.1540842 -0.0147957 0.0067079 0.9879242
1740546923.180653 -0.7512221 -1.8352362 6.8054724 0.1550468 -0.0143360 0.0069383 0.9877787
1740546923.290577 -0.7516816 -1.8535385 6.8823657 0.1562619 -0.0145209 0.0071726 0.9875829
1740546923.390851 -0.7541865 -1.8822184 6.9604006 0.1569254 -0.0143616 0.0070572 0.9874809
1740546923.501383 -0.7520411 -1.9119550 7.0137744 0.1573209 -0.0140696 0.0065483 0.9874256
1740546923.604398 -0.7533517 -1.9346710 7.0303593 0.1555248 -0.0128570 0.0072292 0.9877219
1740546923.712071 -0.7382126 -1.9379026 7.1075535 0.1596160 -0.0137651 0.0058834 0.9870657
1740546923.815603 -0.7332556 -1.9687903 7.1374907 0.1580116 -0.0127119 0.0063738 0.9873348
1740546923.918390 -0.7141823 -1.9884117 7.1943860 0.1600975 -0.0144018 0.0063056 0.9869760
1740546924.028804 -0.6947584 -1.9901167 7.2567863 0.1628856 -0.0150818 0.0055118 0.9865143
1740546924.129142 -0.6708078 -1.9973999 7.3170166 0.1640299 -0.0166414 0.0044171 0.9863051
1740546924.235834 -0.6561311 -1.9988374 7.3593488 0.1651306 -0.0167394 0.0036740 0.9861228
1740546924.338522 -0.6511102 -2.0074973 7.4134164 0.1667946 -0.0165356 0.0047919 0.9858414
1740546924.450259 -0.6471425 -2.0041111 7.4778595 0.1705586 -0.0166857 0.0053210 0.9851919
1740546924.552937 -0.6603298 -2.0462508 7.4900308 0.1627329 -0.0135263 0.0060895 0.9865586
1740546924.970096 -0.6890678 -2.1002514 7.5505738 0.1529992 -0.0039015 0.0076454 0.9881891
1740546925.074808 -0.7031193 -2.1105175 7.5738988 0.1507286 -0.0010194 0.0083561 0.9885393
1740546925.175559 -0.7043245 -2.1159306 7.5871058 0.1494385 -0.0016010 0.0110441 0.9887081
1740546925.284380 -0.7033420 -2.1224837 7.5877166 0.1466004 -0.0012412 0.0109583 0.9891343
1740546925.386081 -0.6994861 -2.1297381 7.5924411 0.1431849 -0.0005879 0.0091893 0.9896531
1740546925.493922 -0.6911331 -2.1446674 7.6052766 0.1401235 -0.0030011 0.0084875 0.9900931
1740546925.593907 -0.6863881 -2.1502762 7.6247959 0.1390930 -0.0047613 0.0107718 0.9902093
1740546925.702548 -0.6770593 -2.1613209 7.6372852 0.1354725 -0.0059697 0.0083869 0.9907277
1740546925.806005 -0.6857721 -2.1753037 7.6429982 0.1301461 -0.0053264 0.0081803 0.9914468
1740546925.911906 -0.6900530 -2.1769979 7.6486878 0.1285419 -0.0054130 0.0065549 0.9916676
1740546926.023218 -0.6963496 -2.1713073 7.6634183 0.1289519 -0.0068987 0.0060556 0.9916084
1740546926.132260 -0.7058262 -2.1728170 7.6733661 0.1276806 -0.0084173 0.0094450 0.9917347
1740546926.355492 -0.7015074 -2.1748185 7.6725698 0.1229622 -0.0097562 0.0098720 0.9923143
1740546926.468853 -0.6997005 -2.1814194 7.6807423 0.1203809 -0.0114568 0.0101009 0.9926103
1740546926.578026 -0.6951247 -2.1824625 7.6850195 0.1194259 -0.0138706 0.0095994 0.9926998
1740546926.690290 -0.6868571 -2.1864860 7.6949143 0.1166687 -0.0172401 0.0094409 0.9929764
1740546926.801779 -0.6989039 -2.1843379 7.7172389 0.1163281 -0.0148700 0.0076461 0.9930701
1740546926.910439 -0.7060655 -2.1854026 7.7235560 0.1145900 -0.0124349 0.0070815 0.9933098
1740546927.025348 -0.7064663 -2.1850660 7.7236567 0.1116484 -0.0141533 0.0058133 0.9936300
1740546927.133314 -0.7069023 -2.1847155 7.7233305 0.1085612 -0.0135839 0.0043670 0.9939874
1740546927.247266 -0.7052222 -2.1850078 7.7270408 0.1071092 -0.0169431 0.0048533 0.9940910
1740546927.355732 -0.6928142 -2.1870158 7.7342029 0.1087350 -0.0225736 0.0049116 0.9938023
1740546927.471259 -0.6769139 -2.1897368 7.7410588 0.1088163 -0.0269402 0.0043574 0.9936872
1740546927.583092 -0.6860344 -2.2114780 7.7451558 0.1025934 -0.0241564 0.0053698 0.9944155
1740546927.702077 -0.6776280 -2.2254770 7.7901230 0.1045434 -0.0224968 0.0049402 0.9942536
1740546927.812560 -0.6676103 -2.2541299 7.8362536 0.1028890 -0.0196474 0.0046112 0.9944881
1740546927.922158 -0.6531324 -2.2682333 7.8862295 0.1058038 -0.0184105 0.0030521 0.9942119
1740546928.036849 -0.6495716 -2.2817395 7.9399366 0.1077296 -0.0157739 0.0033835 0.9940494
1740546928.141962 -0.6666899 -2.2853699 7.9717588 0.1101953 -0.0108933 0.0041733 0.9938415
1740546928.263453 -0.6738535 -2.2799861 8.0074978 0.1153201 -0.0073126 0.0044157 0.9932917
1740546928.373367 -0.6845859 -2.2797534 8.0286989 0.1185671 -0.0013694 0.0046516 0.9929342
1740546928.489241 -0.6950210 -2.2809012 8.0497503 0.1216771 0.0058075 0.0057898 0.9925358
1740546928.600853 -0.7046261 -2.2959530 8.0846634 0.1251362 0.0119994 0.0065966 0.9920450
1740546928.714982 -0.7116890 -2.2978511 8.1039238 0.1309418 0.0189853 0.0072156 0.9911820
1740546928.826787 -0.7119533 -2.3012257 8.1420975 0.1386167 0.0240168 0.0070658 0.9900296
1740546928.946308 -0.7151808 -2.2992980 8.1711912 0.1465691 0.0310282 0.0075215 0.9886851
1740546929.060895 -0.7191949 -2.3063126 8.1946983 0.1535174 0.0393409 0.0083269 0.9873274
1740546929.172939 -0.7177888 -2.3112805 8.2240086 0.1587164 0.0485919 0.0105828 0.9860710
1740546929.295756 -0.7155647 -2.3132646 8.2513618 0.1654463 0.0582957 0.0121621 0.9844193
1740546929.405279 -0.7061906 -2.3430910 8.2898283 0.1700385 0.0674218 0.0134803 0.9830359
1740546929.518326 -0.7097074 -2.3566556 8.3140774 0.1765859 0.0782526 0.0143419 0.9810649
1740546929.625906 -0.6784047 -2.3998027 8.3497343 0.1820929 0.0872296 0.0141683 0.9793020
1740546929.738274 -0.7264327 -2.3872056 8.3937540 0.1888998 0.0997832 0.0172349 0.9767616
1740546929.850302 -0.7356055 -2.3888900 8.4426394 0.1982717 0.1097524 0.0175425 0.9738249
1740546929.964135 -0.7506425 -2.3752563 8.4983273 0.2118552 0.1196315 0.0166598 0.9698083
1740546930.076639 -0.7628775 -2.3961494 8.5287571 0.2181327 0.1311345 0.0186522 0.9668888
1740546930.191473 -0.8188909 -2.4030128 8.5765247 0.2260086 0.1424594 0.0206912 0.9634300
1740546930.309585 -0.8647188 -2.3613460 8.6342754 0.2396756 0.1529334 0.0214361 0.9584923
1740546930.418481 -0.9081465 -2.3738282 8.6886435 0.2489819 0.1622080 0.0184561 0.9546497
1740546930.535706 -0.9106287 -2.3710177 8.7441216 0.2593387 0.1694323 0.0179845 0.9506381
1740546930.645282 -0.9236230 -2.4007819 8.7699594 0.2648378 0.1785520 0.0196482 0.9474144
1740546930.769881 -0.9142620 -2.4226427 8.7850952 0.2670411 0.1867345 0.0233963 0.9451306
1740546930.878567 -0.9348657 -2.4807982 8.8065186 0.2681283 0.1978469 0.0272860 0.9424539
1740546930.990502 -0.8977249 -2.5459099 8.8668089 0.2725143 0.2038706 0.0293179 0.9398474
1740546931.099399 -0.8584171 -2.6139965 8.9330883 0.2769395 0.2101037 0.0295243 0.9371709
1740546931.213950 -0.7977286 -2.6580534 8.9955845 0.2812505 0.2157983 0.0300252 0.9345735
1740546931.320392 -0.7796243 -2.7229357 9.0714903 0.2838539 0.2222818 0.0318196 0.9322045
1740546931.441924 -0.7330707 -2.7656200 9.1499538 0.2880647 0.2279412 0.0322753 0.9295267
1740546931.553608 -0.6752540 -2.8126802 9.2207813 0.2911222 0.2326865 0.0331741 0.9273642
1740546931.662161 -0.6318280 -2.8776555 9.2825584 0.2935586 0.2378142 0.0346243 0.9252399
1740546931.776326 -0.5954310 -2.9377067 9.3607321 0.2962241 0.2429605 0.0354253 0.9230204
1740546931.882694 -0.5379972 -2.9837976 9.4313107 0.2992465 0.2471169 0.0355669 0.9209342
1740546931.995031 -0.4883945 -3.0406439 9.5039062 0.3016495 0.2516829 0.0363234 0.9188818
1740546932.107151 -0.4525878 -3.1085010 9.5710964 0.3031828 0.2565198 0.0377599 0.9169798
1740546932.221145 -0.4032776 -3.1596780 9.6381092 0.3052277 0.2610227 0.0385910 0.9149939
1740546932.332961 -0.3344184 -3.2135725 9.6891861 0.3072265 0.2649060 0.0394371 0.9131711
1740546932.447120 -0.2648872 -3.2639303 9.7548161 0.3094167 0.2688811 0.0398239 0.9112510
1740546932.554362 -0.2063069 -3.3236167 9.8104305 0.3108722 0.2727854 0.0403938 0.9095685
1740546932.661919 -0.1543332 -3.3745346 9.8759270 0.3139255 0.2775732 0.0409859 0.9070414
1740546932.773158 -0.0793555 -3.4197092 9.9331083 0.3165212 0.2808469 0.0413768 0.9051118
1740546932.881375 -0.0414344 -3.4827590 10.0133867 0.3174233 0.2852072 0.0424424 0.9033814
1740546932.991602 0.0178555 -3.5201735 10.0881138 0.3204405 0.2889133 0.0423491 0.9011402
1740546933.099005 0.0730510 -3.5714273 10.1575575 0.3226026 0.2929470 0.0433726 0.8990152
1740546933.210330 0.1422470 -3.6116414 10.2231569 0.3257240 0.2964216 0.0433003 0.8967515
1740546933.315626 0.2085689 -3.6730065 10.2715797 0.3277511 0.3001905 0.0439018 0.8947276
1740546933.420922 0.2755545 -3.7332897 10.3171682 0.3304671 0.3037249 0.0441050 0.8925231
1740546933.532410 0.3431101 -3.7952909 10.3627796 0.3337240 0.3070402 0.0439215 0.8901829
1740546933.639192 0.4104913 -3.8585787 10.4041977 0.3368686 0.3102278 0.0441104 0.8878809
1740546933.752388 0.4852577 -3.9286361 10.4418583 0.3398729 0.3127519 0.0439042 0.8858584
1740546933.859970 0.5336586 -4.0027885 10.4948864 0.3427323 0.3162766 0.0441241 0.8834912
1740546933.970893 0.5930017 -4.0644412 10.5436716 0.3461082 0.3189469 0.0438746 0.8812248
1740546934.081718 0.6666470 -4.1261077 10.5885878 0.3496771 0.3212498 0.0432922 0.8790053
1740546934.184836 0.7220298 -4.1898632 10.6428127 0.3530741 0.3238660 0.0429674 0.8767003
1740546934.297409 0.7775108 -4.2439775 10.7143345 0.3564656 0.3261453 0.0426197 0.8744971
1740546934.525160 0.8924952 -4.3564091 10.8388786 0.3631033 0.3300857 0.0419027 0.8703123
1740546934.630057 0.9597254 -4.4175062 10.8923454 0.3666795 0.3318134 0.0410601 0.8681936
1740546934.744239 1.0323995 -4.4790668 10.9357986 0.3698913 0.3333443 0.0401725 0.8662841
1740546934.848960 1.0895422 -4.5495524 10.9824848 0.3732840 0.3351742 0.0393721 0.8641569
1740546934.966763 1.1560959 -4.6192718 11.0201750 0.3768346 0.3364170 0.0386858 0.8621617
1740546935.069712 1.2159210 -4.6893735 11.0607224 0.3802567 0.3377624 0.0378292 0.8601688
1740546935.177032 1.2760520 -4.7633438 11.1020060 0.3836061 0.3389821 0.0368035 0.8582441
1740546935.288127 1.3437893 -4.8316841 11.1410913 0.3869394 0.3400470 0.0358906 0.8563632
1740546935.503743 1.4643731 -4.9600329 11.2425404 0.3934849 0.3422710 0.0342596 0.8525530
1740546935.610565 1.5280865 -5.0224423 11.2885323 0.3972185 0.3431252 0.0332436 0.8505160
1740546935.718680 1.5924360 -5.1028090 11.3204498 0.3998446 0.3439664 0.0323652 0.8489782
1740546936.790234 2.2035651 -5.8169785 11.7186966 0.4292790 0.3527403 0.0237315 0.8311021
1740546937.006282 2.3242772 -5.9717770 11.7832708 0.4343482 0.3548379 0.0225023 0.8276021
1740546937.331974 2.5122638 -6.1933918 11.8772421 0.4412130 0.3593239 0.0212240 0.8220505
1740546937.542520 2.6412110 -6.3244042 11.9671431 0.4461466 0.3627837 0.0212099 0.8178578
1740546937.849127 2.8177552 -6.5496807 12.0766134 0.4528336 0.3694060 0.0212964 0.8111889
1740546938.063565 2.9301970 -6.7075863 12.1388264 0.4568546 0.3752852 0.0229313 0.8061755
1740546938.273418 3.0533409 -6.8638792 12.1756763 0.4600809 0.3824139 0.0246381 0.8009233
1740546938.484164 3.1890402 -7.0051174 12.2223291 0.4639483 0.3904315 0.0271780 0.7947180
1740546938.683778 3.3253469 -7.1554070 12.2569733 0.4677597 0.3983820 0.0302471 0.7884020
1740546938.997170 3.5309513 -7.3792791 12.3063030 0.4721257 0.4128906 0.0366840 0.7779929
1740546939.402473 3.8270843 -7.6494646 12.3624678 0.4762655 0.4338054 0.0461366 0.7634497
1740546939.719621 4.0710530 -7.8294506 12.3834572 0.4783429 0.4495089 0.0539689 0.7524741
1740546940.533864 4.7493238 -8.2850752 12.3494921 0.4825811 0.4813277 0.0687063 0.7285044
1740546940.732896 4.9123368 -8.4028139 12.3555593 0.4856797 0.4867306 0.0693708 0.7227699
1740546941.035000 5.1555748 -8.5881367 12.3675756 0.4910610 0.4951376 0.0705911 0.7132424
1740546941.249496 5.3049841 -8.7214222 12.3752489 0.4948255 0.4995292 0.0707583 0.7075391
1740546941.452373 5.4664531 -8.8461704 12.3738766 0.4995214 0.5031371 0.0690351 0.7018302
1740546941.901483 5.7609000 -9.1177225 12.3222942 0.5088148 0.5094151 0.0661826 0.6908137
1740546942.238370 5.9826202 -9.3184614 12.2699394 0.5156341 0.5140025 0.0635302 0.6825590
1740546942.441637 6.1432109 -9.4396381 12.2261505 0.5199313 0.5159631 0.0621545 0.6779311
1740546942.551262 6.2230554 -9.4984837 12.2054548 0.5221030 0.5169471 0.0608993 0.6756223
1740546942.762717 6.3742838 -9.6300020 12.1916904 0.5259528 0.5200221 0.0587742 0.6704448
1740546942.983931 6.5279078 -9.7609043 12.1831665 0.5282906 0.5230583 0.0594769 0.6661693
1740546943.184179 6.6898265 -9.8783464 12.1670389 0.5305696 0.5260914 0.0593418 0.6619685
1740546943.400668 6.8499365 -10.0015154 12.1263332 0.5322148 0.5284036 0.0600188 0.6587373
1740546943.613404 7.0017047 -10.1262140 12.0907812 0.5340514 0.5308543 0.0599539 0.6552774
1740546943.826809 7.1503725 -10.2527533 12.0464840 0.5353637 0.5339502 0.0609751 0.6515864
1740546944.049832 7.3069925 -10.3752937 12.0276785 0.5366171 0.5366496 0.0611465 0.6483135
1740546944.263811 7.4364395 -10.5152245 11.9554863 0.5374993 0.5388285 0.0633440 0.6455586
1740546944.471183 7.6007161 -10.6255102 11.9274321 0.5381278 0.5420958 0.0640071 0.6422255
1740546944.686461 7.7788906 -10.7328310 11.9113169 0.5390353 0.5443495 0.0653696 0.6394148
1740546944.905885 7.9392047 -10.8583965 11.8824091 0.5401637 0.5472285 0.0664557 0.6358835
1740546945.124085 8.0943966 -10.9768906 11.8331156 0.5409657 0.5487617 0.0665402 0.6338684
1740546945.338633 8.2524910 -11.0978355 11.7762632 0.5417202 0.5509036 0.0678885 0.6312177
1740546945.567828 8.4025030 -11.2273836 11.7342033 0.5422340 0.5526766 0.0683433 0.6291741
1740546945.987795 8.7099285 -11.4715519 11.6087742 0.5430027 0.5535040 0.0688081 0.6277314
1740546946.310703 8.9321756 -11.6697311 11.5486355 0.5431576 0.5546111 0.0692785 0.6265675
1740546946.726230 9.2739439 -11.8895397 11.4876728 0.5427439 0.5530542 0.0686721 0.6283664
1740546947.037499 9.5148964 -12.0701284 11.4344034 0.5416268 0.5513558 0.0680146 0.6308892
1740546947.256857 9.6621065 -12.2095442 11.3974771 0.5413458 0.5495580 0.0677541 0.6327245
1740546947.572271 9.9012060 -12.3786554 11.3331614 0.5416644 0.5460348 0.0660989 0.6356702
1740546947.789282 10.0490732 -12.5140200 11.3067799 0.5414081 0.5445987 0.0640378 0.6373295
1740546948.216507 10.3715324 -12.7592993 11.2423496 0.5439003 0.5386546 0.0595127 0.6406887
1740546948.428094 10.5182514 -12.9018402 11.2164345 0.5451817 0.5368540 0.0559293 0.6414334
1740546948.647736 10.6790123 -13.0211439 11.1963310 0.5474504 0.5340363 0.0528297 0.6421155
1740546948.864267 10.8219357 -13.1612158 11.1690025 0.5496758 0.5324884 0.0487337 0.6418237
1740546949.074729 10.9677401 -13.2981024 11.1325073 0.5526414 0.5305491 0.0445475 0.6411869
1740546949.179477 11.0281820 -13.3688097 11.1088104 0.5535927 0.5307447 0.0418925 0.6403829
1740546949.289855 11.0722885 -13.4525108 11.0909500 0.5549749 0.5309571 0.0412252 0.6390524
1740546949.508402 11.2276793 -13.5797548 11.0444870 0.5590990 0.5286756 0.0349171 0.6377234
1740546949.730560 11.3724403 -13.7152977 10.9967327 0.5632417 0.5257384 0.0298905 0.6367610
1740546949.951395 11.4967060 -13.8708229 10.9664936 0.5674277 0.5243210 0.0253684 0.6344051
1740546950.067240 11.5556965 -13.9521847 10.9627934 0.5685747 0.5247618 0.0229342 0.6331049
1740546950.169286 11.6050653 -14.0438528 10.9736404 0.5711405 0.5248678 0.0220860 0.6307334
1740546950.483516 11.7880249 -14.2697515 10.9021301 0.5776676 0.5225196 0.0144132 0.6269495
1740546950.592381 11.8634005 -14.3242683 10.8686314 0.5790474 0.5210632 0.0117998 0.6269435
1740546950.808137 11.9967442 -14.4820280 10.8308907 0.5823182 0.5184559 0.0066356 0.6261509
1740546950.911753 12.0365286 -14.5643072 10.8140068 0.5836042 0.5170129 0.0059431 0.6261538
1740546951.019119 12.0769148 -14.6541462 10.8121777 0.5850716 0.5172247 0.0038904 0.6246237
1740546951.122413 12.1151438 -14.7295103 10.8013115 0.5864282 0.5168251 0.0011273 0.6236926
1740546951.224600 12.1462421 -14.8159752 10.7854424 0.5868322 0.5161602 0.0017223 0.6238618
1740546951.335097 12.1751547 -14.8893805 10.7662754 0.5878015 0.5143217 -0.0001195 0.6244698
1740546951.434442 12.1930628 -14.9609394 10.7447586 0.5880169 0.5138072 -0.0007504 0.6246902
1740546951.541909 12.2021046 -15.0265026 10.7265015 0.5884894 0.5125719 -0.0019301 0.6252573
1740546951.644881 12.2090979 -15.1252060 10.7001247 0.5877032 0.5134183 -0.0019375 0.6253023
1740546951.759150 12.2523832 -15.2117472 10.6804523 0.5882901 0.5125074 -0.0026473 0.6254950
1740546951.863354 12.3084536 -15.2911930 10.6765442 0.5897151 0.5111399 -0.0051125 0.6252568
1740546951.966722 12.3358803 -15.3648148 10.6717548 0.5892764 0.5095329 -0.0061969 0.6269699
1740546952.073371 12.3554382 -15.4405136 10.6483917 0.5886680 0.5092024 -0.0063858 0.6278074
1740546952.175366 12.4074116 -15.5084038 10.6221046 0.5900453 0.5061479 -0.0097074 0.6289409
1740546952.287034 12.4264345 -15.5642357 10.6096325 0.5899626 0.5054555 -0.0118327 0.6295386
1740546952.388781 12.4514837 -15.6323929 10.5931759 0.5907291 0.5016450 -0.0128198 0.6318442
1740546952.490340 12.4664974 -15.7213402 10.5729637 0.5897463 0.5025396 -0.0133102 0.6320412
1740546952.603447 12.5085182 -15.8095703 10.5655212 0.5907028 0.5013716 -0.0143711 0.6320524
1740546952.705468 12.5294371 -15.8906384 10.5381184 0.5894582 0.5002275 -0.0148760 0.6341059
1740546952.824532 12.5456533 -15.9271441 10.5276451 0.5908070 0.4964138 -0.0174148 0.6357808
1740546952.929710 12.5576344 -15.9833479 10.5252781 0.5911817 0.4952016 -0.0193328 0.6363221
1740546953.043696 12.5587225 -16.0439167 10.5120697 0.5907679 0.4920751 -0.0186026 0.6391475
1740546953.145914 12.5834217 -16.1154976 10.5101604 0.5918200 0.4905689 -0.0213353 0.6392465
1740546953.261714 12.6099052 -16.2165623 10.5199871 0.5926330 0.4897701 -0.0214893 0.6391006
1740546953.359203 12.6407795 -16.2974091 10.5100498 0.5929098 0.4895674 -0.0235928 0.6389251
1740546953.461550 12.6499310 -16.3767319 10.4894104 0.5928137 0.4871795 -0.0246099 0.6407983
1740546953.572172 12.6658430 -16.4377003 10.4685745 0.5921898 0.4835018 -0.0273376 0.6440418
1740546953.669173 12.6781673 -16.4756794 10.4602261 0.5928968 0.4805873 -0.0302464 0.6454413
1740546953.772288 12.6996107 -16.5518284 10.4552727 0.5933919 0.4790050 -0.0324489 0.6460553
1740546953.870333 12.7171144 -16.6500092 10.4557800 0.5933770 0.4780518 -0.0329770 0.6467478
1740546953.968208 12.7469225 -16.7344265 10.4512024 0.5940523 0.4749798 -0.0340403 0.6483342
1740546954.069535 12.7730188 -16.8001976 10.4456177 0.5940861 0.4717295 -0.0384371 0.6504273
1740546954.170966 12.7803459 -16.8640671 10.4328518 0.5929265 0.4673068 -0.0406891 0.6545281
1740546954.274361 12.7950134 -16.9332237 10.4214020 0.5935995 0.4640377 -0.0421951 0.6561465
1740546954.374692 12.8077164 -17.0013084 10.3990097 0.5936856 0.4586847 -0.0457226 0.6595872
1740546954.472279 12.8245316 -17.0655746 10.3954144 0.5943422 0.4543480 -0.0482601 0.6618128
1740546954.575004 12.8476658 -17.1205406 10.3706532 0.5929571 0.4478985 -0.0517030 0.6671699
1740546954.675043 12.8777027 -17.1819687 10.3433800 0.5924714 0.4409730 -0.0564326 0.6718153
1740546954.779822 12.9166336 -17.2477150 10.3272533 0.5939279 0.4354372 -0.0617330 0.6736714
1740546954.878146 12.9384947 -17.3078842 10.3120136 0.5937904 0.4281449 -0.0674838 0.6779019
1740546954.976416 12.9729471 -17.3803024 10.3002682 0.5934829 0.4219767 -0.0721571 0.6815476
1740546955.078599 13.0048456 -17.4665298 10.3206272 0.5937760 0.4187317 -0.0765868 0.6828091
1740546955.177546 13.0321684 -17.5512733 10.3383369 0.5952357 0.4144627 -0.0812830 0.6835995
1740546955.286581 13.0485954 -17.6269531 10.3250256 0.5945843 0.4072776 -0.0853318 0.6879774
1740546955.383170 13.0750065 -17.6948872 10.3126984 0.5934426 0.3996278 -0.0907922 0.6927339
1740546955.478194 13.0949736 -17.7648315 10.3003330 0.5933118 0.3914239 -0.0959604 0.6968214
1740546955.582424 13.1263580 -17.8613949 10.3074093 0.5937485 0.3865307 -0.1008050 0.6984950
1740546955.678681 13.1458111 -17.9612370 10.3127480 0.5932723 0.3817797 -0.1048258 0.7009164
1740546955.788911 13.1702557 -18.0306263 10.3310719 0.5942807 0.3754685 -0.1119487 0.7023684
1740546955.886874 13.1998177 -18.0757599 10.3174400 0.5942167 0.3650385 -0.1201043 0.7065610
1740546955.980621 13.2272243 -18.1446285 10.3317490 0.5958230 0.3582029 -0.1258191 0.7077113
1740546956.084451 13.2401218 -18.2235947 10.3278408 0.5953777 0.3512686 -0.1307305 0.7106654
1740546956.180939 13.2531519 -18.3046341 10.3221855 0.5953848 0.3439714 -0.1354338 0.7133431
1740546956.297216 13.2724209 -18.3965034 10.3405628 0.5964778 0.3381691 -0.1402089 0.7142810
1740546956.390177 13.2921057 -18.4940758 10.3564568 0.5970492 0.3332281 -0.1451859 0.7151310
1740546956.486343 13.3120003 -18.5916672 10.3641319 0.5973122 0.3279366 -0.1494539 0.7164770
1740546956.584669 13.3271437 -18.6802521 10.3738384 0.5977288 0.3228758 -0.1542859 0.7174032
1740546956.680574 13.3440723 -18.7820683 10.3928852 0.5984604 0.3185501 -0.1589072 0.7177184
1740546956.792434 13.3586702 -18.8675919 10.4110622 0.6005167 0.3144220 -0.1643881 0.7165857
1740546956.886406 13.3715477 -18.9597549 10.4202232 0.6019550 0.3092400 -0.1682212 0.7167444
1740546956.987783 13.3881750 -19.0531006 10.4370785 0.6036891 0.3045982 -0.1730280 0.7161290
1740546957.086464 13.4024029 -19.1546745 10.4535561 0.6049464 0.3007748 -0.1769416 0.7157277
1740546957.182664 13.4196663 -19.2480049 10.4645386 0.6061857 0.2962587 -0.1812285 0.7154900
1740546957.282385 13.4422073 -19.3442421 10.4709835 0.6087537 0.2906506 -0.1856602 0.7144728
1740546957.382389 13.4462185 -19.4223175 10.4795990 0.6115425 0.2862705 -0.1901503 0.7126765
1740546957.476455 13.4539433 -19.5069275 10.4901886 0.6138647 0.2836930 -0.1921563 0.7111712
1740546957.578694 13.4715061 -19.6046944 10.4897633 0.6156051 0.2786865 -0.1976629 0.7101364
1740546957.676502 13.4860821 -19.6930084 10.4921932 0.6167145 0.2748181 -0.2027414 0.7092490
1740546957.772571 13.5043726 -19.7819519 10.5064697 0.6192037 0.2698430 -0.2075697 0.7075921
1740546957.878911 13.5140495 -19.8740921 10.5168877 0.6223904 0.2662343 -0.2117485 0.7049199
1740546957.976663 13.5171680 -19.9222240 10.5185757 0.6254770 0.2627945 -0.2134947 0.7029492
1740546958.079882 13.5265493 -19.9878368 10.5196190 0.6273184 0.2587693 -0.2172699 0.7016437
1740546958.177545 13.5436697 -20.0878487 10.5270939 0.6305721 0.2545811 -0.2212653 0.6990057
1740546958.273928 13.5610514 -20.1786213 10.5337868 0.6344728 0.2493283 -0.2251949 0.6961084
1740546958.379179 13.5718498 -20.2694416 10.5401783 0.6362826 0.2464634 -0.2288269 0.6942899
1740546958.478976 13.5886307 -20.3657532 10.5482025 0.6389429 0.2426475 -0.2316099 0.6922652
1740546958.584788 13.5851259 -20.4646797 10.5609360 0.6420863 0.2396392 -0.2339527 0.6896118
1740546958.680627 13.5919228 -20.5716019 10.5666046 0.6449348 0.2361020 -0.2372766 0.6870334
1740546958.795795 13.5931950 -20.6613865 10.5726662 0.6469615 0.2339539 -0.2394080 0.6851206
1740546958.889246 13.5865564 -20.7623596 10.5683994 0.6490303 0.2316222 -0.2415775 0.6831918
1740546958.988424 13.5998173 -20.8646030 10.5810738 0.6522099 0.2290154 -0.2434276 0.6803802
1740546959.087509 13.6333618 -20.9582272 10.5862865 0.6544946 0.2257137 -0.2460343 0.6783490
1740546959.188066 13.6273909 -21.0577087 10.5914402 0.6571583 0.2228770 -0.2471451 0.6763047
1740546959.295528 13.6118431 -21.1602325 10.5803223 0.6585642 0.2216303 -0.2497863 0.6743739
1740546959.485725 13.5783968 -21.3603287 10.5915661 0.6618717 0.2190664 -0.2520144 0.6711367
1740546959.587548 13.6091757 -21.4585152 10.6016026 0.6635891 0.2173917 -0.2543753 0.6690916
1740546959.687241 13.6406565 -21.5534000 10.6150208 0.6652395 0.2146540 -0.2563735 0.6675722
1740546959.795101 13.6751614 -21.6493015 10.6272526 0.6680322 0.2120570 -0.2576822 0.6651050
1740546959.890411 13.6688690 -21.7402935 10.6172695 0.6690004 0.2105848 -0.2590306 0.6640751
1740546960.092711 13.6392918 -21.9464493 10.6124420 0.6697476 0.2090477 -0.2601628 0.6633645
1740546960.192471 13.6259041 -22.0522270 10.6207371 0.6708566 0.2088136 -0.2606696 0.6621177
1740546960.296202 13.6258364 -22.1510735 10.6291866 0.6716392 0.2082838 -0.2613762 0.6612118
1740546960.396186 13.6091709 -22.2510986 10.6276665 0.6717758 0.2079519 -0.2617130 0.6610444
1740546960.599763 13.5880556 -22.4559097 10.6237755 0.6726282 0.2075525 -0.2620392 0.6601732
1740546960.695450 13.5773220 -22.5610657 10.6251335 0.6732571 0.2074077 -0.2628721 0.6592460
1740546960.902577 13.5421448 -22.7596302 10.6311951 0.6735324 0.2076149 -0.2619860 0.6592522
1740546961.106744 13.5356531 -22.9608269 10.6481304 0.6739182 0.2069211 -0.2626310 0.6588193
1740546961.310804 13.5228319 -23.1630478 10.6588955 0.6735062 0.2072881 -0.2628213 0.6590493
1740546961.508168 13.4997234 -23.3698997 10.6663380 0.6737862 0.2076802 -0.2621439 0.6589095
1740546961.713264 13.4835653 -23.5710392 10.6707020 0.6732622 0.2086732 -0.2619478 0.6592093
1740546961.921953 13.4591808 -23.7726688 10.6759453 0.6730032 0.2099925 -0.2608629 0.6594849
1740546962.125557 13.4449387 -23.9744091 10.6795139 0.6723583 0.2110969 -0.2593052 0.6604038
1740546962.332642 13.4360790 -24.1756611 10.6709557 0.6714122 0.2113318 -0.2586389 0.6615517
1740546962.532906 13.4202633 -24.3779850 10.6729698 0.6700061 0.2125865 -0.2576729 0.6629506
1740546962.736457 13.4133759 -24.5842152 10.6685886 0.6677491 0.2136690 -0.2568261 0.6652045
1740546962.953157 13.4092636 -24.7887039 10.6845188 0.6660019 0.2156713 -0.2552588 0.6669111
1740546963.067598 13.4020615 -24.8919106 10.7010307 0.6651923 0.2167172 -0.2541292 0.6678108
1740546963.270769 13.4024029 -25.0947189 10.7001877 0.6623105 0.2183352 -0.2527414 0.6706686
1740546963.377618 13.3870716 -25.1950111 10.7141037 0.6615182 0.2199110 -0.2515001 0.6714019
1740546963.478618 13.3803825 -25.2968407 10.7207623 0.6601254 0.2209038 -0.2503952 0.6728582
1740546963.587880 13.3817101 -25.4001236 10.7233047 0.6578561 0.2219773 -0.2495857 0.6750247
1740546963.899438 13.3706722 -25.7071114 10.7498341 0.6525558 0.2263012 -0.2460519 0.6800126
1740546964.002557 13.3683434 -25.8087540 10.7754536 0.6511245 0.2283357 -0.2451263 0.6810380
1740546964.213769 13.3711758 -26.0152855 10.7742748 0.6468472 0.2305781 -0.2426258 0.6852409
1740546964.321677 13.3637791 -26.1143646 10.7999382 0.6460275 0.2323698 -0.2405354 0.6861454
1740546964.524925 13.3964729 -26.3146896 10.8210373 0.6424977 0.2345673 -0.2383071 0.6894814
1740546964.730631 13.4238834 -26.5102348 10.8417950 0.6391339 0.2368813 -0.2362845 0.6925061
1740546964.960405 13.4403868 -26.7097435 10.8637695 0.6370302 0.2391619 -0.2335144 0.6945971
1740546965.068234 13.4411163 -26.8126984 10.8886509 0.6364899 0.2407979 -0.2323723 0.6949101
1740546965.270931 13.4473515 -27.0090485 10.9317818 0.6361951 0.2426990 -0.2307919 0.6950455
1740546965.380597 13.4481993 -27.0974407 10.9584408 0.6368579 0.2441874 -0.2302417 0.6940989
1740546965.597814 13.4813557 -27.3027363 10.9450474 0.6362575 0.2439084 -0.2297346 0.6949152
1740546965.702233 13.4874859 -27.4017735 10.9589500 0.6371065 0.2438789 -0.2296362 0.6941798
1740546965.915765 13.5075626 -27.6079826 10.9550896 0.6370281 0.2418068 -0.2312274 0.6944484
1740546966.129746 13.5087700 -27.7952538 11.0145760 0.6389431 0.2400786 -0.2343222 0.6922479
1740546966.233336 13.5041666 -27.8944740 11.0394688 0.6398818 0.2384007 -0.2361507 0.6913387
1740546966.347528 13.5031261 -27.9955368 11.0137596 0.6397210 0.2352817 -0.2384554 0.6917649
1740546966.558075 13.5167694 -28.1988449 11.0008793 0.6396750 0.2283825 -0.2449702 0.6918432
1740546966.760575 13.5388174 -28.3947868 11.0203419 0.6396670 0.2192726 -0.2531025 0.6918705
1740546966.873466 13.5368023 -28.4995689 11.0471439 0.6400133 0.2149750 -0.2574570 0.6912920
1740546967.085728 13.5186405 -28.6999073 11.0866413 0.6399195 0.2036723 -0.2677366 0.6908963
1740546967.185822 13.5001354 -28.7980995 11.1087227 0.6396582 0.1978368 -0.2733480 0.6906366
1740546967.407467 13.4606810 -28.9892235 11.1608810 0.6399966 0.1847230 -0.2849865 0.6892492
1740546967.508553 13.4335899 -29.0826492 11.1994362 0.6408803 0.1775962 -0.2912087 0.6876987
1740546967.717135 13.3694677 -29.2664490 11.2379417 0.6403549 0.1633659 -0.3037975 0.6862683
1740546967.824471 13.3444843 -29.3665314 11.2579670 0.6409331 0.1560220 -0.3095676 0.6848575
1740546967.925025 13.3187151 -29.4653244 11.2768040 0.6411113 0.1497271 -0.3157199 0.6832855
1740546969.147941 12.8152142 -30.5689354 11.4110203 0.6508915 0.0783612 -0.3696197 0.6584687
1740546969.555346 12.6003809 -30.9184322 11.4339581 0.6505374 0.0631422 -0.3819055 0.6534236
1740546969.867126 12.4381533 -31.1764851 11.4698734 0.6474325 0.0560313 -0.3885016 0.6532673
1740546970.073933 12.3566589 -31.3616295 11.5024605 0.6437752 0.0531962 -0.3923775 0.6548004
1740546970.375651 12.2295017 -31.6336880 11.5551853 0.6343058 0.0508343 -0.3976643 0.6610107
1740546970.580710 12.1322155 -31.7988033 11.6160889 0.6272833 0.0513814 -0.3999359 0.6662784
1740546970.779418 12.0345821 -31.9654255 11.6768837 0.6186388 0.0529136 -0.4019013 0.6730243
1740546970.990032 11.9492950 -32.1363449 11.7381821 0.6084866 0.0554228 -0.4041624 0.6806799
1740546971.191704 11.8783703 -32.3164597 11.7977848 0.5986812 0.0581853 -0.4048772 0.6886724
1740546971.288922 11.8480854 -32.4073753 11.8248196 0.5927819 0.0603569 -0.4051568 0.6934080
1740546971.396345 11.8219185 -32.4855423 11.8673668 0.5881764 0.0622082 -0.4043875 0.6976026
1740546971.701182 11.8675289 -32.6345215 12.0433598 0.5777410 0.0639593 -0.4042942 0.7061663
1740546971.799231 11.8633919 -32.6981812 12.1005249 0.5750821 0.0651677 -0.4020255 0.7095134
1740546971.905539 11.8692780 -32.7516785 12.1546631 0.5701295 0.0663651 -0.4031388 0.7127603
1740546972.108517 11.8895721 -32.8423653 12.2488689 0.5634763 0.0692510 -0.3985810 0.7202999
1740546972.206842 11.8986111 -32.8861160 12.2895222 0.5578632 0.0709510 -0.3986473 0.7244549
1740546972.304470 11.9124699 -32.9303665 12.3478241 0.5564575 0.0731409 -0.3944605 0.7276031
1740546972.611657 11.9442329 -33.0719452 12.5144367 0.5496228 0.0821750 -0.3768186 0.7410600
1740546972.712135 11.9656982 -33.1124954 12.5649109 0.5473254 0.0837783 -0.3738666 0.7440698
1740546972.810828 11.9738503 -33.1332245 12.5989380 0.5471237 0.0875802 -0.3683819 0.7465121
1740546972.913390 11.9899874 -33.1712570 12.6432571 0.5454463 0.0910038 -0.3644223 0.7492683
1740546973.014024 12.0152044 -33.2206764 12.6977463 0.5434002 0.0928679 -0.3592081 0.7530347
1740546973.118321 12.0417681 -33.2649117 12.7512836 0.5410088 0.0939874 -0.3578315 0.7552698
1740546973.215883 12.0556698 -33.3215942 12.7896080 0.5342031 0.0957257 -0.3568432 0.7603464
1740546973.314884 12.0819702 -33.3926239 12.8554420 0.5315143 0.0961547 -0.3548521 0.7631034
1740546973.425149 12.1160879 -33.4515533 12.9187469 0.5282216 0.0963252 -0.3540771 0.7657237
1740546973.520858 12.1439543 -33.5125427 12.9756966 0.5242024 0.0967926 -0.3552067 0.7679005
1740546973.622711 12.1638651 -33.5676422 13.0232029 0.5180820 0.0981968 -0.3589352 0.7701389
1740546973.720845 12.1869011 -33.6192207 13.0754280 0.5145329 0.0992586 -0.3573030 0.7731353
1740546973.819851 12.1913166 -33.6916466 13.1297340 0.5115544 0.0998256 -0.3554690 0.7758793
1740546973.925257 12.1684999 -33.7749481 13.1782131 0.5061586 0.1018738 -0.3555872 0.7790911
1740546974.024044 12.1650276 -33.8579559 13.2358837 0.5017593 0.1036679 -0.3550012 0.7819621
1740546974.124801 12.1881199 -33.9373322 13.3045311 0.4988780 0.1033961 -0.3543175 0.7841487
1740546974.225396 12.2097225 -34.0028114 13.3686619 0.4944586 0.1061401 -0.3543693 0.7865541
1740546974.327632 12.2321033 -34.0679245 13.4278584 0.4904799 0.1078462 -0.3532811 0.7892979
1740546974.429516 12.2664919 -34.1526756 13.4927120 0.4860930 0.1064982 -0.3551968 0.7913324
1740546974.528018 12.2899771 -34.2120819 13.5412464 0.4784779 0.1080340 -0.3570663 0.7949158
1740546974.634667 12.2969799 -34.2582169 13.5907822 0.4740748 0.1120031 -0.3547158 0.7980509
1740546974.733602 12.2868786 -34.3442650 13.6435528 0.4688074 0.1143389 -0.3541428 0.8010800
1740546974.843933 12.3017845 -34.4211731 13.7045765 0.4644212 0.1156485 -0.3523174 0.8042455
1740546974.942106 12.3222790 -34.5050621 13.7665672 0.4599201 0.1159335 -0.3521577 0.8068568
1740546975.040211 12.3488007 -34.5781517 13.8308697 0.4555094 0.1175784 -0.3518198 0.8092647
1740546975.148241 12.3590765 -34.6503754 13.8925705 0.4496184 0.1204147 -0.3517855 0.8121519
1740546975.247698 12.3548012 -34.7410622 13.9398232 0.4432009 0.1226782 -0.3525678 0.8149963
1740546975.362530 12.3465977 -34.8267212 13.9964600 0.4377859 0.1250717 -0.3513034 0.8180993
1740546975.458557 12.3490353 -34.8978462 14.0565681 0.4326037 0.1291492 -0.3501674 0.8207054
1740546975.557440 12.3719168 -34.9606781 14.1116791 0.4257206 0.1333273 -0.3510514 0.8232550
1740546975.660870 12.4106321 -35.0299110 14.1782837 0.4216881 0.1343763 -0.3513570 0.8250276
1740546975.758518 12.4053116 -35.1076164 14.2401466 0.4159700 0.1385197 -0.3497942 0.8279042
1740546975.866451 12.4128628 -35.1802864 14.2956352 0.4099842 0.1425678 -0.3495823 0.8302888
1740546975.970159 12.4266090 -35.2579117 14.3595562 0.4047258 0.1454113 -0.3486490 0.8327644
1740546976.066877 12.4413929 -35.3331680 14.4243660 0.3994128 0.1494405 -0.3477629 0.8349838
1740546976.174536 12.4564486 -35.4054070 14.4861050 0.3938131 0.1526154 -0.3472068 0.8372976
1740546976.273510 12.4797230 -35.4749908 14.5440941 0.3882131 0.1564111 -0.3472159 0.8392064
1740546976.374859 12.5007591 -35.5428276 14.6093426 0.3837587 0.1606171 -0.3450087 0.8413682
1740546976.476362 12.5328894 -35.6068077 14.6718464 0.3802745 0.1650458 -0.3441753 0.8424338
1740546976.578457 12.5634346 -35.6786118 14.7382412 0.3764559 0.1694575 -0.3430299 0.8437390
1740546976.679084 12.5935545 -35.7462082 14.8021393 0.3730511 0.1725198 -0.3415834 0.8452163
1740546976.777333 12.6182528 -35.8147812 14.8619328 0.3685731 0.1764026 -0.3400841 0.8469822
1740546976.883427 12.6418047 -35.8869286 14.9323368 0.3649209 0.1807200 -0.3382800 0.8483747
1740546976.983316 12.6768064 -35.9522018 14.9913597 0.3610959 0.1831862 -0.3371626 0.8499259
1740546977.091814 12.6985321 -36.0159607 15.0574026 0.3575791 0.1876198 -0.3356504 0.8510435
1740546977.192007 12.7210007 -36.0791512 15.1164589 0.3531582 0.1920398 -0.3344321 0.8523821
1740546977.289904 12.7287741 -36.1441765 15.1772451 0.3490345 0.1966496 -0.3327129 0.8537014
1740546977.395029 12.7485142 -36.2101440 15.2511978 0.3456715 0.2004327 -0.3317324 0.8545710
1740546977.491856 12.7842026 -36.2820244 15.3192472 0.3426524 0.2024672 -0.3307042 0.8557050
1740546977.597871 12.8239832 -36.3376770 15.3721333 0.3393340 0.2050057 -0.3312452 0.8562136
1740546977.691017 12.8537655 -36.3850403 15.4137135 0.3345767 0.2071877 -0.3305962 0.8578100
1740546977.787704 12.8934631 -36.4483681 15.4835415 0.3328254 0.2104411 -0.3299335 0.8579544
1740546977.892672 12.9165764 -36.5119171 15.5483875 0.3299654 0.2133538 -0.3282070 0.8590013
1740546977.986877 12.9595680 -36.5713654 15.6201096 0.3280784 0.2149957 -0.3277479 0.8594898
1740546978.097492 12.9844494 -36.6371346 15.6845884 0.3245680 0.2175132 -0.3264753 0.8606727
1740546978.285848 13.0700073 -36.7579155 15.8166742 0.3188670 0.2193902 -0.3287894 0.8614460
1740546978.388531 13.1058922 -36.8171616 15.8825169 0.3152796 0.2201054 -0.3300247 0.8621114
1740546978.580799 13.1653376 -36.9349213 16.0094986 0.3080623 0.2247328 -0.3311558 0.8630925
1740546978.680861 13.1995611 -36.9885674 16.0664978 0.3039604 0.2259753 -0.3312399 0.8641894
1740546978.775897 13.2314396 -37.0381584 16.1212578 0.2996835 0.2279704 -0.3310733 0.8652224
1740546978.877872 13.2708721 -37.0873718 16.1936722 0.2983541 0.2295591 -0.3308333 0.8653536
1740546978.975649 13.3053379 -37.1395645 16.2501984 0.2955562 0.2311712 -0.3295868 0.8663597
1740546979.067931 13.3318615 -37.1728745 16.2885895 0.2918909 0.2322963 -0.3302093 0.8670640
1740546979.175836 13.3391867 -37.1938629 16.3060341 0.2866908 0.2343935 -0.3302580 0.8682153
1740546979.267416 13.3536777 -37.2146263 16.3266830 0.2802408 0.2357758 -0.3312047 0.8695851
1740546979.378405 13.3673325 -37.2302971 16.3458195 0.2757292 0.2367402 -0.3318706 0.8705109
1740546979.470220 13.3757000 -37.2398109 16.3558979 0.2713521 0.2387359 -0.3315752 0.8714535
1740546979.564603 13.3929014 -37.2927170 16.4117336 0.2635067 0.2414269 -0.3294695 0.8739148
1740546979.663289 13.4150972 -37.3421173 16.4824772 0.2569722 0.2453700 -0.3273815 0.8755457
1740546979.758009 13.4564247 -37.3979721 16.5605392 0.2528390 0.2472864 -0.3258445 0.8767823
1740546979.857395 13.4867010 -37.4530144 16.6304855 0.2472159 0.2501152 -0.3239648 0.8782787
1740546979.950693 13.5325565 -37.5062256 16.7029839 0.2418994 0.2520892 -0.3225290 0.8797219
1740546980.046955 13.5630798 -37.5487175 16.7899017 0.2378864 0.2550803 -0.3206661 0.8806346
1740546980.146972 13.6043673 -37.5966949 16.8605766 0.2325769 0.2575739 -0.3194738 0.8817597
1740546980.241715 13.6423616 -37.6373978 16.9244556 0.2267935 0.2594911 -0.3183123 0.8831231
1740546980.337941 13.6660118 -37.6659012 16.9994507 0.2227591 0.2629374 -0.3162825 0.8838596
1740546980.439818 13.7089396 -37.7100792 17.0710907 0.2197731 0.2653113 -0.3157621 0.8840837
1740546980.532186 13.7460661 -37.7528191 17.1386986 0.2161288 0.2681125 -0.3141251 0.8847201
1740546980.633314 13.7744207 -37.7975159 17.1979733 0.2116608 0.2702113 -0.3123159 0.8858015
1740546980.727860 13.7974052 -37.8453560 17.2785397 0.2078778 0.2743175 -0.3118353 0.8856046
1740546980.822102 13.8386745 -37.8764725 17.3611908 0.2074739 0.2769101 -0.3105366 0.8853487
1740546980.922432 13.8665924 -37.9240417 17.4479446 0.2043726 0.2796902 -0.3093924 0.8855968
1740546981.017670 13.8853827 -37.9682007 17.5355263 0.2023480 0.2836306 -0.3081964 0.8852254
1740546981.124952 13.9293003 -38.0231056 17.6125546 0.2004835 0.2849737 -0.3079278 0.8853117
1740546981.223357 13.9872704 -38.0753365 17.6798630 0.1997392 0.2851481 -0.3070675 0.8857225
1740546981.417787 14.0774632 -38.1820679 17.8180389 0.1991375 0.2869717 -0.3056400 0.8857628
1740546981.513604 14.1188307 -38.2431374 17.8981781 0.1985525 0.2880892 -0.3047094 0.8858519
1740546981.710298 14.1838160 -38.3428268 18.0573406 0.1982163 0.2915240 -0.3051853 0.8846390
1740546981.903194 14.2412577 -38.4526825 18.2117004 0.1992176 0.2931526 -0.3054530 0.8837830
1740546981.999207 14.2762032 -38.5103874 18.2867584 0.1992858 0.2941544 -0.3055297 0.8834081
1740546982.203710 14.3716536 -38.6300888 18.4215393 0.2007799 0.2926277 -0.3056052 0.8835508
1740546982.401251 14.4500427 -38.7316742 18.5633621 0.2029343 0.2921545 -0.3065645 0.8828827
1740546982.495102 14.4761591 -38.7852364 18.6562195 0.2035219 0.2932501 -0.3067018 0.8823362
1740546982.694750 14.5579348 -38.9035454 18.7967072 0.2053422 0.2913129 -0.3070267 0.8824432
1740546982.891835 14.6262045 -39.0163460 18.9494934 0.2059262 0.2906573 -0.3074287 0.8823833
1740546983.081010 14.7069721 -39.1204109 19.1073685 0.2068572 0.2892172 -0.3079213 0.8824670
1740546983.278849 14.7862272 -39.2174263 19.2618675 0.2084673 0.2884858 -0.3103666 0.8814703
1740546983.478002 14.8455181 -39.3419991 19.4126625 0.2081763 0.2872498 -0.3086260 0.8825532
1740546983.671753 14.9145222 -39.4480705 19.5705872 0.2082126 0.2863605 -0.3096300 0.8824820
1740546983.865896 15.0010281 -39.5564117 19.7222328 0.2080790 0.2847396 -0.3102584 0.8828173
1740546983.962173 15.0327930 -39.6065178 19.8037300 0.2083169 0.2846218 -0.3100119 0.8828857
1740546984.058208 15.0604744 -39.6593475 19.8794441 0.2083728 0.2837790 -0.3094770 0.8833314
1740546984.861220 15.3603077 -40.0959625 20.4688988 0.2052724 0.2798336 -0.3102175 0.8850545
1740546985.355593 15.5575304 -40.3773918 20.8621807 0.2037130 0.2765707 -0.3104788 0.8863479
1740546985.651754 15.6548901 -40.5282555 21.1097679 0.2027592 0.2772158 -0.3094957 0.8867088
1740546985.950788 15.7653608 -40.6849480 21.3545113 0.2003282 0.2792886 -0.3076101 0.8872669
1740546986.250380 15.8855066 -40.8351707 21.5805511 0.1978442 0.2827653 -0.3069254 0.8869601
1740546986.549837 15.9572439 -40.9926949 21.8129196 0.1911013 0.2953108 -0.3017139 0.8861380
1740546986.755092 16.0292625 -41.0931244 21.9639854 0.1883137 0.3051009 -0.2979742 0.8846823
1740546986.955134 16.1411476 -41.1752663 22.1025829 0.1863855 0.3167273 -0.2936922 0.8824337
1740546987.156801 16.2561874 -41.2691841 22.2282982 0.1819036 0.3329560 -0.2880667 0.8792434
1740546987.253349 16.3142891 -41.3256645 22.2838478 0.1795256 0.3419663 -0.2840981 0.8775636
1740546987.457733 16.4520874 -41.4229431 22.4078598 0.1770331 0.3616196 -0.2775877 0.8722590
1740546987.552646 16.5106945 -41.4784431 22.4625244 0.1738586 0.3727038 -0.2735571 0.8695008
1740546987.754469 16.6511497 -41.5843430 22.5701408 0.1691684 0.3933724 -0.2648061 0.8640127
1740546987.960772 16.7927380 -41.6791000 22.6848049 0.1651912 0.4149783 -0.2561339 0.8572633
1740546988.058691 16.8758659 -41.7252235 22.7261581 0.1626925 0.4250246 -0.2521393 0.8539971
1740546988.260698 17.0477180 -41.8086395 22.8008099 0.1585892 0.4451182 -0.2439459 0.8468823
1740546988.979642 17.6425095 -42.1303864 23.0406551 0.1425277 0.4979065 -0.2194753 0.8268045
1740546989.686961 18.2031574 -42.4483147 23.3371124 0.1250263 0.5148265 -0.2049831 0.8229849
1740546990.298866 18.6920242 -42.6546173 23.6462154 0.1054054 0.5108031 -0.1953071 0.8305570
1740546990.913240 19.1909180 -42.8580399 23.9454365 0.0809656 0.5018587 -0.1842409 0.8412121
1740546991.734179 19.8570557 -43.0432472 24.3660278 0.0453040 0.4917200 -0.1673062 0.8533274
1740546992.536942 20.5266590 -43.1615486 24.8159409 0.0195325 0.4831324 -0.1542934 0.8616236
1740546993.031931 20.9379959 -43.1928101 25.1060524 0.0105101 0.4777347 -0.1511629 0.8653375
1740546993.635829 21.4635544 -43.2792168 25.4199791 0.0120989 0.4720813 -0.1536202 0.8679826
1740546994.124946 21.8526611 -43.4195557 25.7133369 0.0215281 0.4654498 -0.1594427 0.8703282
1740546994.518609 22.1738567 -43.4923439 25.9728165 0.0322401 0.4592915 -0.1651309 0.8722063
1740546994.916228 22.4952106 -43.6022110 26.2097282 0.0433120 0.4511822 -0.1709866 0.8748270
1740546995.212191 22.7273712 -43.6923141 26.4067192 0.0507307 0.4447842 -0.1757906 0.8767503
1740546995.715865 23.1005745 -43.8402214 26.7268753 0.0623872 0.4325963 -0.1834139 0.8805270
1740546996.211972 23.4671135 -43.9963684 27.0514050 0.0729413 0.4193980 -0.1891403 0.8848790
1740546996.706090 23.8223629 -44.1521378 27.3907890 0.0816468 0.4048404 -0.1957520 0.8894488
1740546997.210922 24.1380768 -44.3124084 27.7546921 0.0914152 0.3908856 -0.2023887 0.8932472
1740546997.721494 24.4551353 -44.4678230 28.1242428 0.1040021 0.3803996 -0.2093709 0.8947868
1740546998.232321 24.7507286 -44.6854935 28.4882717 0.1194691 0.3750489 -0.2166471 0.8933809
1740546998.734543 25.0329151 -44.9072266 28.8516693 0.1345348 0.3760783 -0.2216903 0.8895611
1740546999.240853 25.3424950 -45.1575699 29.1735764 0.1489808 0.3832618 -0.2251522 0.8833016
1740546999.746986 25.6580830 -45.3687782 29.5125656 0.1608207 0.3991055 -0.2255558 0.8740573
1740547000.247300 25.9854031 -45.6319160 29.8073730 0.1746913 0.4243843 -0.2238799 0.8598016
1740547000.655128 26.2750549 -45.8242950 30.0154037 0.1895923 0.4501168 -0.2216629 0.8439877
1740547001.166418 26.6479816 -46.0841064 30.2435036 0.2175977 0.4855446 -0.2223201 0.8169894
1740547001.681853 26.9926186 -46.4183159 30.3680992 0.2496340 0.5179417 -0.2243853 0.7868103
1740547002.294092 27.3856030 -46.9224777 30.2972412 0.2783535 0.5414243 -0.2276920 0.7599575
1740547002.995296 27.8703728 -47.4109383 30.4873810 0.2800376 0.5357746 -0.2316460 0.7621447
1740547003.698475 28.3654785 -47.8116760 30.8152618 0.2607713 0.5029345 -0.2372526 0.7891555
1740547004.392843 28.8159676 -48.2131882 31.1931458 0.2616253 0.4739516 -0.2515924 0.8022614
1740547005.098384 29.2296524 -48.6495323 31.5481339 0.3116231 0.4631187 -0.2773370 0.7819824
1740547005.823303 29.4342251 -49.3396912 31.6173744 0.3930976 0.4711923 -0.3056617 0.7280268
1740547006.450734 29.5970860 -49.9337845 31.6070938 0.4604479 0.4842954 -0.3192997 0.6719326
1740547006.964663 29.7407360 -50.4286041 31.5767632 0.4995600 0.4978303 -0.3198498 0.6326934
1740547007.465062 29.8588333 -50.9251060 31.5069695 0.5220565 0.5143091 -0.3102391 0.6055534
1740547007.863431 29.9554825 -51.3181572 31.4288139 0.5281516 0.5303087 -0.2968761 0.5930372
1740547008.257364 30.0914707 -51.6948128 31.3296356 0.5252243 0.5491210 -0.2750943 0.5890065
1740547008.555385 30.2154980 -51.9642830 31.2498894 0.5165761 0.5642611 -0.2541999 0.5917271
1740547008.954437 30.4432564 -52.2969742 31.1663704 0.4968970 0.5837143 -0.2213293 0.6028137
1740547009.350958 30.7162647 -52.5793304 31.0916443 0.4696153 0.5996619 -0.1882514 0.6200230
1740547009.755808 31.0310059 -52.8308525 31.0584297 0.4404400 0.6091779 -0.1596894 0.6398548
1740547010.247212 31.4433689 -53.1258507 31.0216103 0.4086859 0.6092602 -0.1365761 0.6656762
1740547010.739541 31.8356304 -53.4473228 31.0212669 0.3891455 0.5947756 -0.1314060 0.6910428
1740547011.122876 32.1099243 -53.7448425 31.0640755 0.3828277 0.5748300 -0.1407691 0.7093642
1740547011.515168 32.3449440 -54.0602570 31.1019096 0.3794774 0.5498232 -0.1531981 0.7281632
1740547011.814213 32.5164375 -54.2916145 31.1750526 0.3781833 0.5321506 -0.1638872 0.7395499
1740547012.106144 32.6798210 -54.5385742 31.2545128 0.3753076 0.5147769 -0.1719570 0.7513852
1740547012.400815 32.8391190 -54.7776337 31.3383331 0.3699417 0.4998486 -0.1784751 0.7625230
1740547012.698894 33.0094109 -55.0051117 31.4278107 0.3601002 0.4893484 -0.1797975 0.7736530
1740547012.990195 33.1942329 -55.2158279 31.5272827 0.3499319 0.4814192 -0.1771789 0.7838309
1740547013.285546 33.3877525 -55.4138412 31.6297188 0.3352957 0.4793229 -0.1721731 0.7925798
1740547013.575357 33.5651665 -55.5943375 31.7578926 0.3231287 0.4831100 -0.1582823 0.7982101
1740547013.879506 33.7674637 -55.7591515 31.8851738 0.3075964 0.4892943 -0.1433055 0.8033923
1740547014.076544 33.9062576 -55.8654823 31.9587250 0.2979426 0.4926842 -0.1347699 0.8064301
1740547014.277213 34.0538712 -55.9667091 32.0374146 0.2877023 0.4962248 -0.1282144 0.8090423
1740547014.480185 34.1900444 -56.0657120 32.1158714 0.2788019 0.5013151 -0.1186882 0.8104726
1740547014.681864 34.3451195 -56.1673813 32.1910629 0.2708611 0.5062096 -0.1102157 0.8113191
1740547014.886029 34.5091972 -56.2566376 32.2650490 0.2645738 0.5108500 -0.1044336 0.8112501
1740547015.085601 34.6737556 -56.3557358 32.3301086 0.2583118 0.5153511 -0.0950499 0.8115749
1740547015.195266 34.7457428 -56.4056358 32.3628654 0.2549643 0.5194175 -0.0919902 0.8103928
1740547015.387592 34.9169350 -56.4979439 32.4460526 0.2511719 0.5263691 -0.0868248 0.8076570
1740547015.489554 35.0030632 -56.5404701 32.4783134 0.2496390 0.5290666 -0.0845388 0.8066116
1740547015.586271 35.0824890 -56.5876961 32.5103798 0.2479563 0.5326177 -0.0821873 0.8050350
1740547015.696705 35.1641693 -56.6262360 32.5487518 0.2483567 0.5367034 -0.0791641 0.8024971
1740547015.793019 35.2511520 -56.6716156 32.5679245 0.2453860 0.5394888 -0.0782101 0.8016363
1740547015.891371 35.3383331 -56.7143593 32.5921478 0.2448588 0.5389649 -0.0788895 0.8020831
1740547015.998086 35.3623848 -56.7159348 32.6175575 0.2483870 0.5432824 -0.0758970 0.7983657
1740547016.093958 35.3655930 -56.7051811 32.6614456 0.2535938 0.5514259 -0.0711138 0.7915569
1740547016.204705 35.3852539 -56.6937828 32.6990852 0.2594048 0.5557839 -0.0686587 0.7868287
1740547016.302428 35.4128761 -56.6628113 32.7648735 0.2690212 0.5626956 -0.0723013 0.7783147
1740547016.399171 35.4106369 -56.6602745 32.8167000 0.2733116 0.5728287 -0.0680233 0.7697667
1740547016.500406 35.4079170 -56.6580353 32.8724556 0.2799015 0.5831872 -0.0629895 0.7599870
1740547016.598739 35.4061432 -56.6725311 32.9387245 0.2837072 0.5958182 -0.0561392 0.7492391
1740547016.707909 35.4001732 -56.6842232 33.0041389 0.2878627 0.6086782 -0.0532177 0.7374373
1740547016.803557 35.4083633 -56.7030411 33.0940437 0.2913122 0.6253248 -0.0513740 0.7221265
1740547016.901656 35.4052963 -56.7333450 33.1402130 0.2888888 0.6353235 -0.0427157 0.7149004
1740547017.006030 35.4146271 -56.7494125 33.1755257 0.2924334 0.6376015 -0.0424361 0.7114395
1740547017.104386 35.4422417 -56.7264786 33.1533394 0.2945559 0.6255512 -0.0518034 0.7205825
1740547017.210374 35.4832535 -56.7423096 33.1264229 0.2921805 0.6131666 -0.0491838 0.7322829
1740547017.311282 35.5104675 -56.8058853 33.0704689 0.2808890 0.5986660 -0.0395849 0.7490885
1740547017.411001 35.5769234 -56.8395233 33.0572891 0.2809581 0.5902005 -0.0428722 0.7555712
1740547017.521250 35.6728134 -56.8786240 33.0599861 0.2823123 0.5874945 -0.0451561 0.7570410
1740547017.845167 35.9252357 -57.0341530 33.1021118 0.2829388 0.5901949 -0.0400811 0.7549895
1740547018.160769 36.1556892 -57.2224770 33.2051544 0.2852060 0.5982408 -0.0368339 0.7479364
