1740546914.562144 0.0000000 0.0000000 0.0000000 -0.0000000 -0.0000000 -0.0000000 1.0000000
1740546915.405040 0.0130961 0.0587307 0.0862654 0.0019831 -0.0007424 -0.0002207 0.9999977
1740546915.564604 -0.0024454 0.0416456 0.1826438 0.0045765 -0.0012693 0.0000381 0.9999887
1740546915.735749 -0.0122445 0.0155019 0.2746784 0.0078290 -0.0023768 0.0000276 0.9999666
1740546915.832306 -0.0143509 -0.0246389 0.3692932 0.0115049 -0.0040063 -0.0000427 0.9999258
1740546915.927719 -0.0170667 -0.0538545 0.4644278 0.0159629 -0.0057106 0.0000123 0.9998563
1740546916.025765 -0.0173949 -0.0757079 0.5599301 0.0217303 -0.0078415 0.0001177 0.9997331
1740546916.123290 -0.0223664 -0.1030097 0.6556802 0.0277581 -0.0101850 -0.0000006 0.9995628
1740546916.227738 -0.0174396 -0.1256574 0.7518330 0.0344462 -0.0130786 0.0004440 0.9993209
1740546916.426285 -0.0259795 -0.1877949 0.9406337 0.0485574 -0.0190299 0.0003741 0.9986390
1740546916.626344 -0.0544763 -0.2331216 1.1297268 0.0637676 -0.0263032 0.0001562 0.9976181
1740546916.821963 -0.0878760 -0.2972059 1.3159053 0.0783378 -0.0340790 0.0004824 0.9963441
1740546916.919137 -0.1053443 -0.3278011 1.4095005 0.0856085 -0.0381485 0.0004350 0.9955982
1740546917.120717 -0.1529979 -0.3926449 1.5914723 0.0978677 -0.0458738 0.0001015 0.9941416
1740546917.321173 -0.2011545 -0.4366926 1.7772920 0.1083462 -0.0534131 0.0000764 0.9926773
1740546917.525205 -0.2308398 -0.4910593 1.9622762 0.1165708 -0.0600501 -0.0003240 0.9913653
1740546917.726161 -0.2499789 -0.5546536 2.1492391 0.1225165 -0.0666845 -0.0009352 0.9902232
1740546917.926490 -0.2879311 -0.6140101 2.3352048 0.1267183 -0.0720875 -0.0013150 0.9893150
1740546918.127556 -0.3462135 -0.6712644 2.5139692 0.1292177 -0.0755738 -0.0015228 0.9887310
1740546918.330564 -0.3824127 -0.7236720 2.6988661 0.1303842 -0.0790351 -0.0019364 0.9883065
1740546918.544932 -0.4250039 -0.7674113 2.8879006 0.1305036 -0.0807487 -0.0022596 0.9881515
1740546918.846568 -0.4842287 -0.8324583 3.1689000 0.1301170 -0.0817218 -0.0023940 0.9881222
1740546919.148362 -0.5382129 -0.9216849 3.4431033 0.1295530 -0.0790786 -0.0021673 0.9884118
1740546919.461604 -0.6189672 -0.9962595 3.7131457 0.1285946 -0.0737338 -0.0017376 0.9889508
1740546919.764499 -0.6908642 -1.0475286 3.9925957 0.1288706 -0.0661441 -0.0007949 0.9894528
1740546920.078260 -0.6981843 -1.1295559 4.2739902 0.1297793 -0.0569606 0.0005006 0.9899054
1740546920.395465 -0.7232067 -1.2155467 4.5471148 0.1313394 -0.0458448 0.0018278 0.9902751
1740546920.604250 -0.7290015 -1.2709026 4.7332330 0.1332540 -0.0384145 0.0028853 0.9903330
1740546920.711501 -0.7398932 -1.2965015 4.8280058 0.1343423 -0.0349883 0.0032403 0.9903118
1740546920.812325 -0.7441236 -1.3199428 4.9231954 0.1356550 -0.0315562 0.0038944 0.9902458
1740546920.912215 -0.7469037 -1.3522040 5.0132184 0.1363426 -0.0280528 0.0040827 0.9902561
1740546921.014615 -0.7538738 -1.3823787 5.1088772 0.1371813 -0.0248496 0.0045432 0.9902238
1740546921.112489 -0.7527607 -1.3822560 5.1934128 0.1399213 -0.0226956 0.0048201 0.9898908
1740546921.224210 -0.7484596 -1.4317554 5.2723322 0.1399443 -0.0202379 0.0054361 0.9899376
1740546921.323938 -0.7392145 -1.4626077 5.3662119 0.1406885 -0.0189233 0.0058387 0.9898558
1740546921.427599 -0.7484982 -1.4991660 5.4492235 0.1410922 -0.0163664 0.0063759 0.9898406
1740546921.531655 -0.7353721 -1.5148866 5.5370598 0.1417919 -0.0159438 0.0058674 0.9897507
1740546921.630867 -0.7196193 -1.5213424 5.6464124 0.1437104 -0.0146305 0.0055063 0.9894964
1740546921.738114 -0.7273686 -1.5328323 5.7370734 0.1456966 -0.0138053 0.0056260 0.9892170
1740546921.837864 -0.7406765 -1.5860920 5.8245325 0.1451895 -0.0126239 0.0060192 0.9893050
1740546921.943544 -0.7369118 -1.6358302 5.9063449 0.1448038 -0.0132170 0.0070872 0.9893467
1740546922.044838 -0.7205626 -1.6370720 5.9964418 0.1473429 -0.0136794 0.0066533 0.9889685
1740546922.148696 -0.7335360 -1.6852103 6.0898342 0.1466634 -0.0130558 0.0063824 0.9890797
1740546922.255311 -0.7435630 -1.6994518 6.1671247 0.1486459 -0.0126355 0.0065473 0.9887881
1740546922.357415 -0.7441061 -1.7357365 6.2367172 0.1481366 -0.0134191 0.0075431 0.9888471
1740546922.464430 -0.7104521 -1.7421845 6.3218813 0.1488807 -0.0155004 0.0066278 0.9887115
1740546922.565387 -0.6971094 -1.7604784 6.4233203 0.1499487 -0.0159529 0.0067905 0.9885417
1740546922.664751 -0.7056602 -1.7782780 6.4967518 0.1511430 -0.0169094 0.0064572 0.9883462
1740546922.767606 -0.7229590 -1.8290993 6.5763893 0.1507183 -0.0164830 0.0079018 0.9884077
1740546922.866695 -0.7036424 -1.8810133 6.6451244 0.1495572 -0.0185892 0.0091875 0.9885356
1740546922.978684 -0.6951202 -1.8906960 6.7061934 0.1505190 -0.0187552 0.0072148 0.9884029
1740546923.079039 -0.6784493 -1.9100630 6.7987223 0.1503863 -0.0198951 0.0064240 0.9884062
1740546923.180653 -0.6542287 -1.9198860 6.8782988 0.1528185 -0.0221843 0.0064210 0.9879844
1740546923.290577 -0.6342131 -1.9236946 6.9485450 0.1544435 -0.0246392 0.0054205 0.9876795
1740546923.390851 -0.6021022 -1.9463665 7.0167570 0.1553245 -0.0278914 0.0066760 0.9874471
1740546923.501383 -0.5802125 -1.9807159 7.0741940 0.1545849 -0.0297158 0.0051729 0.9875190
1740546923.604398 -0.5850398 -1.9800856 7.0794649 0.1555637 -0.0284360 0.0048370 0.9874046
1740546923.712071 -0.6058568 -1.9914987 7.0557652 0.1546752 -0.0251046 0.0042713 0.9876372
1740546923.815603 -0.6175580 -1.9863251 7.0785198 0.1578066 -0.0225978 0.0045357 0.9872010
1740546923.918390 -0.6063784 -1.9852983 7.1190653 0.1597511 -0.0238527 0.0041506 0.9868604
1740546924.028804 -0.5824456 -1.9816308 7.1578732 0.1630587 -0.0271635 0.0033104 0.9862369
1740546924.129142 -0.5607978 -1.9851600 7.2125735 0.1661082 -0.0294043 0.0020370 0.9856669
1740546924.235834 -0.5412321 -1.9860981 7.2342224 0.1686685 -0.0310536 0.0020081 0.9851815
1740546924.450259 -0.5618811 -1.9850625 7.2654991 0.1676799 -0.0264535 0.0078822 0.9854550
1740546924.552937 -0.5881395 -2.0107141 7.3004622 0.1646564 -0.0203568 0.0076254 0.9861115
1740546924.655383 -0.5938155 -2.0254467 7.3185186 0.1628393 -0.0179446 0.0071711 0.9864634
1740546924.763518 -0.6063448 -2.0460405 7.3404131 0.1586190 -0.0152808 0.0086186 0.9871840
1740546924.863393 -0.6137651 -2.0621035 7.3543410 0.1553929 -0.0117401 0.0099741 0.9877326
1740546924.970096 -0.6127351 -2.1190090 7.3576255 0.1469721 -0.0097775 0.0067801 0.9890690
1740546925.074808 -0.6118694 -2.1164596 7.3797612 0.1465291 -0.0102613 0.0077975 0.9891224
1740546925.175559 -0.6006837 -2.1221750 7.3925567 0.1462303 -0.0137827 0.0098264 0.9891058
1740546925.284380 -0.5878661 -2.1128585 7.4214869 0.1483434 -0.0168696 0.0090986 0.9887502
1740546925.386081 -0.5644722 -2.1245580 7.4395800 0.1458393 -0.0242315 0.0092306 0.9889684
1740546925.493922 -0.5424619 -2.1413226 7.4611926 0.1459108 -0.0298375 0.0124478 0.9887694
1740546925.593907 -0.5479747 -2.1552482 7.4700384 0.1388620 -0.0285572 0.0150263 0.9897859
1740546925.702548 -0.5625622 -2.1746647 7.4753613 0.1333152 -0.0227660 0.0137691 0.9907165
1740546925.806005 -0.5880750 -2.1942532 7.5045404 0.1298105 -0.0181595 0.0143387 0.9912688
1740546925.911906 -0.6160227 -2.2043657 7.5355396 0.1269914 -0.0140881 0.0150692 0.9916893
1740546926.355492 -0.6884871 -2.2197804 7.6256781 0.1233615 -0.0073266 0.0168555 0.9921916
1740546926.468853 -0.7096503 -2.2274096 7.6617351 0.1223136 -0.0068403 0.0166104 0.9923289
1740546926.578026 -0.7376288 -2.2216361 7.6784229 0.1223692 -0.0037409 0.0173434 0.9923261
1740546926.690290 -0.7576289 -2.2102418 7.6839399 0.1213959 -0.0012144 0.0160325 0.9924740
1740546926.801779 -0.7680948 -2.2107120 7.6945415 0.1208949 0.0013117 0.0170882 0.9925174
1740546926.910439 -0.7783084 -2.2129931 7.7047238 0.1194728 0.0029755 0.0161297 0.9927020
1740546927.025348 -0.7828445 -2.2148895 7.7120652 0.1159308 0.0024598 0.0175394 0.9930994
1740546927.133314 -0.7873248 -2.2205701 7.7252245 0.1142358 0.0048709 0.0189603 0.9932608
1740546927.247266 -0.7829784 -2.2320623 7.7410579 0.1095955 0.0074003 0.0196351 0.9937548
1740546927.355732 -0.8033664 -2.2436512 7.7443171 0.1052769 0.0135208 0.0187063 0.9941751
1740546927.471259 -0.8059959 -2.2598498 7.7766633 0.1023776 0.0169537 0.0180874 0.9944367
1740546927.583092 -0.8002548 -2.2791657 7.8095579 0.0996390 0.0204167 0.0171645 0.9946661
1740546927.702077 -0.8160369 -2.2851148 7.8376193 0.0988133 0.0239197 0.0167235 0.9946779
1740546927.812560 -0.8269053 -2.3019469 7.8679042 0.0975722 0.0279514 0.0164672 0.9946996
1740546927.922158 -0.8337829 -2.2948751 7.8980808 0.1013696 0.0316185 0.0164103 0.9942108
1740546928.036849 -0.8301065 -2.3021915 7.9365687 0.1032609 0.0354954 0.0169119 0.9938769
1740546928.141962 -0.8258799 -2.3204315 7.9679317 0.1044551 0.0400372 0.0178071 0.9935638
1740546928.263453 -0.8368415 -2.3283510 7.9858251 0.1048387 0.0472673 0.0179395 0.9932033
1740546928.373367 -0.8366187 -2.3278217 8.0130129 0.1096209 0.0523822 0.0185265 0.9924194
1740546928.489241 -0.8400409 -2.3232553 8.0300865 0.1147447 0.0586443 0.0184591 0.9914907
1740546928.600853 -0.8437878 -2.3289542 8.0549335 0.1181536 0.0650980 0.0184707 0.9906871
1740546928.714982 -0.8498903 -2.3308394 8.0846605 0.1252550 0.0711632 0.0180642 0.9894042
1740546928.826787 -0.8551276 -2.3346550 8.1121454 0.1308956 0.0783521 0.0186260 0.9881197
1740546928.946308 -0.8495273 -2.3361244 8.1408644 0.1379926 0.0853776 0.0185090 0.9865729
1740546929.060895 -0.8533915 -2.3403687 8.1587763 0.1447877 0.0944142 0.0199192 0.9847465
1740546929.172939 -0.8454438 -2.3512244 8.1875019 0.1504826 0.1032146 0.0209263 0.9829872
1740546929.295756 -0.8453215 -2.3673911 8.2140436 0.1555263 0.1132463 0.0214494 0.9810845
1740546929.405279 -0.8418652 -2.3878388 8.2564240 0.1607195 0.1225803 0.0229118 0.9790906
1740546929.518326 -0.8305067 -2.4108710 8.3000765 0.1669909 0.1317053 0.0231571 0.9768477
1740546929.625906 -0.8191707 -2.4105482 8.3663645 0.1741880 0.1401071 0.0248915 0.9743762
1740546929.738274 -0.8312034 -2.4228766 8.4246445 0.1802868 0.1505521 0.0263473 0.9716669
1740546929.850302 -0.8303778 -2.4172959 8.4810963 0.1921368 0.1584452 0.0256961 0.9681520
1740546929.964135 -0.8453237 -2.4205832 8.5215731 0.1993575 0.1697816 0.0253699 0.9647732
1740546930.076639 -0.8791393 -2.4236040 8.5557060 0.2067059 0.1824424 0.0279421 0.9608365
1740546930.191473 -0.9252213 -2.4124374 8.6140547 0.2173764 0.1932453 0.0276789 0.9563669
1740546930.309585 -0.9778249 -2.3738182 8.6600981 0.2319101 0.2044736 0.0265616 0.9506328
1740546930.418481 -0.9772662 -2.3673062 8.6915627 0.2430280 0.2123016 0.0241248 0.9461942
1740546930.535706 -0.9558051 -2.3973773 8.6874266 0.2456574 0.2183226 0.0229133 0.9441730
1740546930.645282 -0.9625402 -2.4096804 8.7070732 0.2530933 0.2261442 0.0231156 0.9403554
1740546930.769881 -0.9682416 -2.4143772 8.7082233 0.2544589 0.2357520 0.0274555 0.9375062
1740546930.878567 -0.9615562 -2.4405909 8.7142620 0.2547364 0.2461239 0.0327900 0.9345893
1740546930.990502 -0.9370499 -2.4614468 8.7271433 0.2562710 0.2532444 0.0375223 0.9320862
1740546931.099399 -0.8833935 -2.5213785 8.7461309 0.2581899 0.2581094 0.0401723 0.9301096
1740546931.213950 -0.8594941 -2.5887127 8.8160210 0.2607706 0.2648473 0.0412437 0.9274447
1740546931.320392 -0.8437302 -2.6490393 8.8814964 0.2621829 0.2716463 0.0421688 0.9250352
1740546931.441924 -0.7799370 -2.6826448 8.9530811 0.2665744 0.2769129 0.0426899 0.9221902
1740546931.553608 -0.7230706 -2.7224178 9.0248632 0.2697424 0.2819265 0.0430479 0.9197301
1740546931.662161 -0.6653264 -2.7725811 9.0715084 0.2719802 0.2862530 0.0428315 0.9177426
1740546931.776326 -0.6136228 -2.8294818 9.1361837 0.2740425 0.2910074 0.0444177 0.9155559
1740546931.882694 -0.5401238 -2.8730996 9.1996841 0.2767770 0.2949684 0.0446662 0.9134512
1740546931.995031 -0.4757828 -2.9208491 9.2608509 0.2790134 0.2989075 0.0452369 0.9114600
1740546932.107151 -0.4076402 -2.9565339 9.3150406 0.2817001 0.3022782 0.0448664 0.9095383
1740546932.221145 -0.3639647 -3.0188298 9.3746119 0.2826644 0.3068972 0.0463687 0.9076149
1740546932.332961 -0.2894104 -3.0595374 9.4234266 0.2844797 0.3103285 0.0468760 0.9058533
1740546932.447120 -0.2161055 -3.1066513 9.4682302 0.2861598 0.3136136 0.0475916 0.9041538
1740546932.554362 -0.1387798 -3.1509056 9.5156984 0.2878413 0.3167154 0.0479480 0.9025186
1740546932.661919 -0.0821617 -3.1948681 9.5709591 0.2904424 0.3207601 0.0479237 0.9002553
1740546932.773158 -0.0085261 -3.2336428 9.6142397 0.2920356 0.3236739 0.0486083 0.8986588
1740546932.881375 0.0633943 -3.2690048 9.6798763 0.2945113 0.3264892 0.0487124 0.8968250
1740546932.991602 0.1179562 -3.3054993 9.7438498 0.2969482 0.3300822 0.0487940 0.8946993
1740546933.099005 0.1786413 -3.3571079 9.7996740 0.2978750 0.3337240 0.0497458 0.8929861
1740546933.210330 0.2546637 -3.3853397 9.8552485 0.3013677 0.3363965 0.0495486 0.8908198
1740546933.315626 0.3260298 -3.4393182 9.8963070 0.3029872 0.3396465 0.0501958 0.8889992
1740546933.420922 0.3972321 -3.4961243 9.9370451 0.3055577 0.3431182 0.0496886 0.8868120
1740546933.532410 0.4727068 -3.5605550 9.9649982 0.3078253 0.3458762 0.0496628 0.8849559
1740546933.639192 0.5494672 -3.6161141 9.9989719 0.3103901 0.3483963 0.0498841 0.8830570
1740546933.752388 0.6148999 -3.6804779 10.0410976 0.3131923 0.3515700 0.0494907 0.8808290
1740546933.859970 0.6772362 -3.7450566 10.0888615 0.3158688 0.3544545 0.0493053 0.8787252
1740546933.970893 0.7486341 -3.7959466 10.1315155 0.3196051 0.3567097 0.0479977 0.8765312
1740546934.081718 0.8188034 -3.8510947 10.1772280 0.3235091 0.3594123 0.0474362 0.8740220
1740546934.184836 0.8843089 -3.9110556 10.2274609 0.3266258 0.3617579 0.0468707 0.8719231
1740546934.297409 0.9463087 -3.9585791 10.2955818 0.3303405 0.3640601 0.0461953 0.8695984
1740546934.404677 1.0111421 -4.0057364 10.3587990 0.3336786 0.3659266 0.0454068 0.8675797
1740546934.525160 1.0778035 -4.0604076 10.4195232 0.3366202 0.3681600 0.0446324 0.8655363
1740546934.630057 1.1471359 -4.1120710 10.4685354 0.3401117 0.3699330 0.0434700 0.8634720
1740546934.744239 1.2282971 -4.1648445 10.5096111 0.3437750 0.3711319 0.0428751 0.8615344
1740546934.848960 1.2854371 -4.2304869 10.5561895 0.3467402 0.3733454 0.0420710 0.8594268
1740546934.966763 1.3674179 -4.2997541 10.5870190 0.3499764 0.3744596 0.0411693 0.8576722
1740546935.069712 1.4293662 -4.3590384 10.6331654 0.3539559 0.3757727 0.0397748 0.8555279
1740546935.177032 1.4968053 -4.4278760 10.6720581 0.3573249 0.3769175 0.0386829 0.8536719
1740546935.288127 1.5597982 -4.4984159 10.7115526 0.3600883 0.3782234 0.0383659 0.8519458
1740546935.394566 1.6280850 -4.5460467 10.7651730 0.3642416 0.3791782 0.0367794 0.8498231
1740546935.503743 1.6910981 -4.6095495 10.8113308 0.3669912 0.3806462 0.0359274 0.8480183
1740546935.610565 1.7563429 -4.6671658 10.8556471 0.3703164 0.3816663 0.0349838 0.8461518
1740546935.718680 1.8219552 -4.7472239 10.8842316 0.3729895 0.3827739 0.0339606 0.8445174
1740546935.825849 1.8949448 -4.8042111 10.9220409 0.3766936 0.3835159 0.0323444 0.8425980
1740546935.930014 1.9602119 -4.8720732 10.9608402 0.3797197 0.3843140 0.0315934 0.8409029
1740546936.038497 2.0263867 -4.9408684 11.0009193 0.3825293 0.3852138 0.0305559 0.8392544
1740546936.148766 2.1020825 -4.9987268 11.0348139 0.3852373 0.3857954 0.0294326 0.8377874
1740546936.256915 2.1693273 -5.0638514 11.0803709 0.3880481 0.3866915 0.0288369 0.8360962
1740546936.363786 2.2460337 -5.1210318 11.1200447 0.3916014 0.3871504 0.0273636 0.8342747
1740546936.471828 2.3025322 -5.1950092 11.1602602 0.3937867 0.3882752 0.0268585 0.8327383
1740546936.580277 2.3710504 -5.2582622 11.1952753 0.3968458 0.3892433 0.0251484 0.8308855
1740546936.682019 2.4399550 -5.3201227 11.2341795 0.4000377 0.3898049 0.0247699 0.8291010
1740546936.790234 2.5110786 -5.3977804 11.3076267 0.4047960 0.3902740 0.0231480 0.8266139
1740546936.898648 2.5626683 -5.4735494 11.2949047 0.4044869 0.3920399 0.0229623 0.8259345
1740546937.006282 2.6356368 -5.5448160 11.3182220 0.4069305 0.3928146 0.0220644 0.8243891
1740546937.115304 2.7069497 -5.6139517 11.3599606 0.4095102 0.3937617 0.0219719 0.8226606
1740546937.222205 2.7602513 -5.6832280 11.3890724 0.4113567 0.3959638 0.0213167 0.8206972
1740546937.331974 2.8414853 -5.7343540 11.4237328 0.4146488 0.3970983 0.0210969 0.8184951
1740546937.432872 2.9151163 -5.7952595 11.4570332 0.4167249 0.3985431 0.0208056 0.8167440
1740546937.542520 2.9858828 -5.8608313 11.4960337 0.4189779 0.4003232 0.0204792 0.8147266
1740546937.749039 3.1004317 -5.9929757 11.5818596 0.4234509 0.4053917 0.0204906 0.8098932
1740546937.966059 3.2361450 -6.1455708 11.6343117 0.4278489 0.4100405 0.0200354 0.8052395
1740546938.063565 3.2997489 -6.2057729 11.6723862 0.4304448 0.4131599 0.0208706 0.8022347
1740546938.273418 3.4293563 -6.3634768 11.7070751 0.4330489 0.4203379 0.0226193 0.7970403
1740546938.584260 3.6436496 -6.5624919 11.7920895 0.4396540 0.4319727 0.0261733 0.7870317
1740546938.787327 3.8022280 -6.7025957 11.8009892 0.4432017 0.4392608 0.0284994 0.7809033
1740546939.099495 4.0277910 -6.9000878 11.8379993 0.4473437 0.4541686 0.0341399 0.7697071
1740546939.304081 4.1696548 -7.0404892 11.8605890 0.4485885 0.4647992 0.0392607 0.7623573
1740546939.506375 4.3384676 -7.1490889 11.8840961 0.4503917 0.4752992 0.0435195 0.7545489
1740546939.815530 4.5952430 -7.3164868 11.8917894 0.4521484 0.4905696 0.0510572 0.7431665
1740546939.914878 4.6861029 -7.3717566 11.8843651 0.4525238 0.4950173 0.0531677 0.7398332
1740546940.232177 4.9354811 -7.5488300 11.8957710 0.4551808 0.5088133 0.0591105 0.7283031
1740546940.433803 5.1048574 -7.6595078 11.8904905 0.4566511 0.5165036 0.0628465 0.7216260
1740546940.633633 5.2774315 -7.7729974 11.8961916 0.4592476 0.5230654 0.0635962 0.7151572
1740546940.732896 5.3601460 -7.8291702 11.8934088 0.4606865 0.5256175 0.0644685 0.7122766
1740546941.035000 5.6161451 -7.9979458 11.8835411 0.4659137 0.5334060 0.0650333 0.7029746
1740546941.135695 5.6887093 -8.0668421 11.8851299 0.4675979 0.5357172 0.0658743 0.7000142
1740546941.349976 5.8577118 -8.1852751 11.8854656 0.4723485 0.5396994 0.0638993 0.6939225
1740546941.564308 6.0206113 -8.3104019 11.8739901 0.4771270 0.5435640 0.0623323 0.6877519
1740546941.901483 6.2604938 -8.4966803 11.8278627 0.4844365 0.5481929 0.0577648 0.6793153
1740546942.115896 6.4055209 -8.6364918 11.7756252 0.4891679 0.5509122 0.0566315 0.6737977
1740546942.339204 6.5637445 -8.7605734 11.7493114 0.4935158 0.5545158 0.0549424 0.6677841
1740546942.551262 6.7240410 -8.8836336 11.7073126 0.4977122 0.5576758 0.0533129 0.6621464
1740546942.651820 6.8032498 -8.9408283 11.6850271 0.4996765 0.5583043 0.0523754 0.6602095
1740546942.867354 6.9630013 -9.0642338 11.6548080 0.5030705 0.5606778 0.0512451 0.6556939
1740546943.083173 7.1276879 -9.1780853 11.6431618 0.5052856 0.5638399 0.0511808 0.6512693
1740546943.293975 7.2952180 -9.2891293 11.6083851 0.5075889 0.5668897 0.0511153 0.6468205
1740546943.507083 7.4523787 -9.4151850 11.5727444 0.5095397 0.5699112 0.0519340 0.6425523
1740546943.714983 7.6050110 -9.5376968 11.5180435 0.5108352 0.5726779 0.0523401 0.6390212
1740546943.933601 7.7646141 -9.6554079 11.4775009 0.5120208 0.5755378 0.0533558 0.6354086
1740546944.152781 7.9133983 -9.7802944 11.4297915 0.5130420 0.5781469 0.0540866 0.6321461
1740546944.366465 8.0556068 -9.9017000 11.3570013 0.5138971 0.5807271 0.0552885 0.6289746
1740546944.584179 8.2366333 -9.9948215 11.3339739 0.5149463 0.5832968 0.0563659 0.6256341
1740546944.905885 8.4842186 -10.1569347 11.2778282 0.5162025 0.5870973 0.0577678 0.6208982
1740546945.124085 8.6390648 -10.2690220 11.2265701 0.5169637 0.5892889 0.0583039 0.6181325
1740546945.338633 8.7944584 -10.3748178 11.1642437 0.5178777 0.5910211 0.0590615 0.6156366
1740546945.567828 8.9458351 -10.4933434 11.1112309 0.5187804 0.5924272 0.0593386 0.6134948
1740546945.785419 9.1055832 -10.6025848 11.0645342 0.5194250 0.5935514 0.0593664 0.6118580
1740546946.093956 9.3114643 -10.7777519 10.9483089 0.5198146 0.5943240 0.0599622 0.6107179
1740546946.413861 9.5434237 -10.9493027 10.8895893 0.5193305 0.5944646 0.0603803 0.6109517
1740546946.625834 9.7126446 -11.0435467 10.8505144 0.5189943 0.5937867 0.0603218 0.6119016
1740546946.933943 9.9604816 -11.1852598 10.7876854 0.5186483 0.5916060 0.0602575 0.6143090
1740546947.256857 10.1812696 -11.3603821 10.7217083 0.5178243 0.5890762 0.0594998 0.6175006
1740546947.461646 10.3263054 -11.4701157 10.6697588 0.5176971 0.5873419 0.0585896 0.6193436
1740546947.789282 10.5563049 -11.6388693 10.6194429 0.5176557 0.5842313 0.0566168 0.6224957
1740546948.115347 10.7843628 -11.7989531 10.5573616 0.5180195 0.5808793 0.0532693 0.6256176
1740546948.323746 10.9260654 -11.9140530 10.5258522 0.5192368 0.5785017 0.0499066 0.6270871
1740546948.539624 11.0801868 -12.0204849 10.4929371 0.5208988 0.5757853 0.0466070 0.6284612
1740546948.757998 11.2199993 -12.1372175 10.4610920 0.5228681 0.5734177 0.0433663 0.6292222
1740546948.966298 11.3572264 -12.2502842 10.4184799 0.5256681 0.5709276 0.0382989 0.6294823
1740546949.179477 11.5065393 -12.3756924 10.3759232 0.5292898 0.5685948 0.0336478 0.6288244
1740546949.289855 11.5653324 -12.4269600 10.3499279 0.5308805 0.5671265 0.0312677 0.6289322
1740546949.395033 11.6088543 -12.5040846 10.3287811 0.5318754 0.5669687 0.0295438 0.6283170
1740546949.508402 11.6757593 -12.5724754 10.3144894 0.5340957 0.5658332 0.0274563 0.6275514
1740546949.615710 11.7385473 -12.6300383 10.2794266 0.5354142 0.5651417 0.0243152 0.6271804
1740546949.730560 11.8016386 -12.6969471 10.2617207 0.5371382 0.5649695 0.0218113 0.6259523
1740546949.951395 11.9531479 -12.8385229 10.2017975 0.5414658 0.5612586 0.0162565 0.6257311
1740546950.067240 12.0283680 -12.8985214 10.1965618 0.5433718 0.5605733 0.0136263 0.6247553
1740546950.169286 12.0836830 -12.9749269 10.1864243 0.5454271 0.5599461 0.0120502 0.6235579
1740546950.275501 12.1403446 -13.0477829 10.1680527 0.5475941 0.5596945 0.0095719 0.6219255
1740546950.382521 12.1997528 -13.1148262 10.1444092 0.5491955 0.5589740 0.0063556 0.6212022
1740546950.483516 12.2412834 -13.1782312 10.1326008 0.5510396 0.5579919 0.0050493 0.6204635
1740546950.592381 12.2798681 -13.2513361 10.1175747 0.5529120 0.5569572 0.0051019 0.6197265
1740546950.700071 12.3572769 -13.3079395 10.0962944 0.5553815 0.5553813 0.0025045 0.6189481
1740546950.808137 12.4154024 -13.3797665 10.0669403 0.5558058 0.5544419 0.0003977 0.6194142
1740546950.911753 12.5021114 -13.4370766 10.0431385 0.5581887 0.5523297 -0.0044349 0.6191427
1740546951.019119 12.5272713 -13.5133028 10.0156898 0.5577591 0.5517761 -0.0056606 0.6200128
1740546951.122413 12.5723581 -13.5887375 10.0022659 0.5597215 0.5509427 -0.0083380 0.6189544
1740546951.224600 12.5994349 -13.6594067 9.9785690 0.5598624 0.5496600 -0.0082478 0.6199677
1740546951.335097 12.6100750 -13.6695995 9.9747353 0.5614929 0.5481928 -0.0113861 0.6197425
1740546951.434442 12.6543283 -13.7451582 9.9839783 0.5634910 0.5478443 -0.0117742 0.6182280
1740546951.541909 12.7223577 -13.8163080 9.9544334 0.5642842 0.5461676 -0.0142164 0.6189363
1740546951.644881 12.7438488 -13.9111967 9.9281616 0.5639375 0.5457690 -0.0140966 0.6196064
1740546951.759150 12.7852554 -13.9934759 9.9061642 0.5636964 0.5451955 -0.0148106 0.6203135
1740546951.863354 12.8521729 -14.0585032 9.9071846 0.5663125 0.5439213 -0.0185358 0.6189477
1740546951.966722 12.8898897 -14.1392670 9.8950443 0.5662861 0.5420847 -0.0189639 0.6205679
1740546952.073371 12.9112844 -14.2083187 9.8729115 0.5652233 0.5414716 -0.0212586 0.6219962
1740546952.175366 12.9259863 -14.2180004 9.8769703 0.5675110 0.5392817 -0.0243039 0.6217040
1740546952.287034 12.9271326 -14.2300997 9.8719807 0.5681056 0.5372237 -0.0258274 0.6228802
1740546952.388781 12.9333363 -14.2421741 9.8688221 0.5695733 0.5342331 -0.0249764 0.6241454
1740546952.490340 12.9444818 -14.3351116 9.8517189 0.5685585 0.5351075 -0.0250930 0.6243169
1740546952.603447 12.9967756 -14.3849630 9.8309269 0.5691134 0.5315208 -0.0285958 0.6267200
1740546952.705468 13.0129585 -14.4204283 9.8184757 0.5701923 0.5283546 -0.0310253 0.6282989
1740546952.824532 13.0255737 -14.4728746 9.8059845 0.5699902 0.5255432 -0.0317539 0.6307989
1740546952.929710 13.0275068 -14.5241642 9.7938290 0.5702699 0.5229690 -0.0321794 0.6326612
1740546953.043696 13.0376654 -14.5509510 9.7822647 0.5699061 0.5203644 -0.0333909 0.6350693
1740546953.145914 13.0546112 -14.6135683 9.7883129 0.5701364 0.5215747 -0.0340427 0.6338339
1740546953.261714 13.0871067 -14.7078590 9.7957516 0.5705004 0.5197346 -0.0344202 0.6349964
1740546953.359203 13.1365061 -14.7795963 9.7847652 0.5707409 0.5187646 -0.0363078 0.6354682
1740546953.461550 13.1562672 -14.8444176 9.7806854 0.5708116 0.5170521 -0.0382132 0.6366875
1740546953.572172 13.1764441 -14.8954792 9.7681961 0.5710710 0.5144992 -0.0419542 0.6382855
1740546953.669173 13.1836958 -14.9731989 9.7541485 0.5702913 0.5119970 -0.0422235 0.6409712
1740546953.772288 13.2097921 -15.0443821 9.7394581 0.5709630 0.5101845 -0.0451072 0.6416216
1740546953.870333 13.2414265 -15.1352472 9.7504635 0.5710467 0.5089611 -0.0454955 0.6424907
1740546953.968208 13.2720013 -15.2077036 9.7511425 0.5718795 0.5054260 -0.0478435 0.6443674
1740546954.069535 13.2900085 -15.2558479 9.7374496 0.5717117 0.5020296 -0.0499400 0.6470070
1740546954.170966 13.2940235 -15.3270054 9.7261734 0.5709051 0.4980382 -0.0508846 0.6507196
1740546954.274361 13.3094368 -15.3662491 9.7077637 0.5705314 0.4927297 -0.0526382 0.6549357
1740546954.374692 13.3235817 -15.4392691 9.7078056 0.5706038 0.4896675 -0.0572362 0.6567808
1740546954.472279 13.3436222 -15.4964256 9.6758003 0.5688851 0.4833677 -0.0587867 0.6627740
1740546954.575004 13.3594904 -15.5512333 9.6648235 0.5689359 0.4773504 -0.0616186 0.6668221
1740546954.675043 13.3769398 -15.6071777 9.6515331 0.5679081 0.4728222 -0.0653252 0.6705611
1740546954.779822 13.3957024 -15.6706104 9.6365986 0.5676634 0.4662167 -0.0694282 0.6749667
1740546954.878146 13.4446507 -15.7366810 9.6076355 0.5682768 0.4590389 -0.0740384 0.6788690
1740546954.976416 13.4955807 -15.8031139 9.6126385 0.5684135 0.4533235 -0.0799360 0.6819195
1740546955.078599 13.5174751 -15.8797846 9.6322441 0.5690041 0.4498453 -0.0841208 0.6832256
1740546955.177546 13.5432034 -15.9617176 9.6529179 0.5698856 0.4455277 -0.0880331 0.6848252
1740546955.286581 13.5734406 -16.0291519 9.6465626 0.5693301 0.4396266 -0.0928006 0.6884619
1740546955.383170 13.5995045 -16.1181087 9.6320705 0.5691666 0.4329377 -0.0962370 0.6923531
1740546955.478194 13.6359158 -16.1993847 9.6445904 0.5690191 0.4278925 -0.1012800 0.6948869
1740546955.582424 13.6633673 -16.2986183 9.6675377 0.5694242 0.4238412 -0.1059354 0.6963421
1740546955.678681 13.6947975 -16.3950005 9.6849976 0.5695224 0.4191583 -0.1107788 0.6983399
1740546955.788911 13.7159128 -16.4483662 9.6871567 0.5704878 0.4114965 -0.1171748 0.7010595
1740546955.886874 13.7411947 -16.5192566 9.7061024 0.5717601 0.4054081 -0.1234909 0.7024846
1740546955.980621 13.7593975 -16.5767212 9.6937618 0.5703559 0.3968996 -0.1285129 0.7075657
1740546956.084451 13.7671881 -16.6287823 9.6879425 0.5675573 0.3905516 -0.1333830 0.7124304
1740546956.180939 13.7864971 -16.6795673 9.6744652 0.5656534 0.3815779 -0.1388292 0.7177472
1740546956.297216 13.8162928 -16.7701340 9.6939812 0.5661951 0.3758753 -0.1437483 0.7193589
1740546956.390177 13.8462162 -16.8557701 9.7114487 0.5678062 0.3705998 -0.1487622 0.7198067
1740546956.486343 13.8696947 -16.9518147 9.7401867 0.5684234 0.3660853 -0.1534339 0.7206486
1740546956.584669 13.8897829 -17.0410805 9.7546558 0.5688798 0.3613242 -0.1578927 0.7217274
1740546956.680574 13.9137917 -17.1311131 9.7680187 0.5699574 0.3559624 -0.1631930 0.7223623
1740546956.792434 13.9408817 -17.2172680 9.7937469 0.5712735 0.3518911 -0.1690861 0.7219620
1740546956.886406 13.9623270 -17.3036880 9.8026447 0.5729912 0.3462881 -0.1727541 0.7224414
1740546956.987783 13.9812479 -17.4013615 9.8206367 0.5740744 0.3418066 -0.1770515 0.7226753
1740546957.086464 14.0033197 -17.4963951 9.8446217 0.5758045 0.3382423 -0.1809396 0.7220126
1740546957.182664 14.0303259 -17.5910797 9.8604946 0.5771468 0.3339652 -0.1850629 0.7218868
1740546957.282385 14.0569334 -17.6867409 9.8687992 0.5793648 0.3287652 -0.1898303 0.7212589
1740546957.382389 14.0623264 -17.7794304 9.8717537 0.5803980 0.3253697 -0.1928297 0.7211722
1740546957.476455 14.0738525 -17.8324585 9.8843498 0.5836737 0.3227487 -0.1960235 0.7188415
1740546957.578694 14.0959063 -17.8977261 9.8929710 0.5866969 0.3173838 -0.2003466 0.7175761
1740546957.676502 14.1060200 -17.9540691 9.8920784 0.5864701 0.3142044 -0.2044797 0.7179947
1740546957.772571 14.1309118 -18.0426693 9.8994904 0.5893675 0.3088616 -0.2092218 0.7165729
1740546957.878911 14.1494789 -18.1323662 9.9095116 0.5928180 0.3047625 -0.2134421 0.7142332
1740546957.976663 14.1574326 -18.1870136 9.9151897 0.5953867 0.3022084 -0.2171352 0.7120653
1740546958.079882 14.1732969 -18.2611237 9.9166031 0.5985416 0.2972437 -0.2220680 0.7099859
1740546958.177545 14.1970654 -18.3562279 9.9290848 0.6018695 0.2927968 -0.2258220 0.7078331
1740546958.273928 14.2168770 -18.4430561 9.9495811 0.6058328 0.2894163 -0.2296004 0.7046195
1740546958.379179 14.2302790 -18.5249271 9.9653053 0.6088694 0.2864784 -0.2329039 0.7021139
1740546958.478976 14.2520485 -18.6287880 9.9738789 0.6111468 0.2821113 -0.2361634 0.7008137
1740546958.584788 14.2540569 -18.7258148 9.9895821 0.6138901 0.2793066 -0.2387153 0.6986715
1740546958.680627 14.2668409 -18.8223000 9.9960003 0.6168514 0.2757743 -0.2412449 0.6965944
1740546958.795795 14.2872696 -18.9179134 10.0002670 0.6196157 0.2727927 -0.2445688 0.6941518
1740546958.889246 14.2943954 -19.0172501 10.0083466 0.6218869 0.2704422 -0.2469387 0.6921986
1740546958.988424 14.2917051 -19.1116238 10.0049171 0.6229162 0.2682077 -0.2491308 0.6913566
1740546959.087509 14.3127308 -19.2049828 10.0114880 0.6255169 0.2655080 -0.2517578 0.6890953
1740546959.188066 14.3285666 -19.2963486 10.0159855 0.6272764 0.2628029 -0.2532974 0.6879675
1740546959.295528 14.3280811 -19.3981342 10.0138664 0.6291219 0.2609114 -0.2560927 0.6859646
1740546959.389694 14.3245401 -19.4958210 10.0210915 0.6314647 0.2593375 -0.2575918 0.6838442
1740546959.485725 14.3292437 -19.5960712 10.0253563 0.6321912 0.2579766 -0.2595305 0.6829541
1740546959.587548 14.3604431 -19.6924343 10.0333710 0.6338558 0.2562011 -0.2610939 0.6814821
1740546959.687241 14.4142981 -19.7794666 10.0465260 0.6363452 0.2525808 -0.2633009 0.6796619
1740546959.795101 14.4608850 -19.8452682 10.0561790 0.6386603 0.2492583 -0.2669305 0.6772972
1740546959.890411 14.5087748 -19.9106636 10.0655899 0.6409520 0.2466743 -0.2682199 0.6755667
1740546959.988003 14.5184898 -20.0070915 10.0703545 0.6427306 0.2452663 -0.2687787 0.6741661
1740546960.092711 14.5248251 -20.1057510 10.0776138 0.6435891 0.2439188 -0.2701617 0.6732826
1740546960.192471 14.5295467 -20.2022324 10.0906200 0.6445676 0.2426344 -0.2713781 0.6723207
1740546960.296202 14.5271177 -20.3003674 10.0973835 0.6453038 0.2424125 -0.2716575 0.6715812
1740546960.396186 14.5167341 -20.4013596 10.1053219 0.6454695 0.2423598 -0.2716424 0.6714471
1740546960.494831 14.5188026 -20.4997253 10.1129608 0.6462067 0.2419531 -0.2719959 0.6707413
1740546960.599763 14.5078859 -20.6003685 10.1198425 0.6468010 0.2416878 -0.2718225 0.6703342
1740546960.695450 14.5040646 -20.7040501 10.1264572 0.6474696 0.2413325 -0.2724096 0.6695781
1740546960.806324 14.4947681 -20.8083172 10.1293793 0.6475225 0.2410797 -0.2723701 0.6696340
1740546960.902577 14.4859123 -20.9107780 10.1368351 0.6474860 0.2411969 -0.2727107 0.6694885
1740546961.002333 14.4872036 -21.0138836 10.1535473 0.6476565 0.2414629 -0.2727590 0.6692079
1740546961.106744 14.4891024 -21.1182442 10.1596737 0.6473162 0.2414044 -0.2732303 0.6693661
1740546961.205535 14.4872322 -21.2081451 10.1724033 0.6480407 0.2409807 -0.2730591 0.6688874
1740546961.310804 14.4804163 -21.3143997 10.1725311 0.6468930 0.2411553 -0.2736528 0.6696922
1740546961.410553 14.4747906 -21.4160576 10.1819515 0.6473706 0.2416545 -0.2726198 0.6694721
1740546961.508168 14.4581261 -21.5159874 10.1985226 0.6471881 0.2424134 -0.2721168 0.6695789
1740546961.713264 14.4514236 -21.7201500 10.2055473 0.6467658 0.2430924 -0.2715544 0.6699690
1740546961.822621 14.4622746 -21.8202705 10.2047272 0.6463191 0.2427983 -0.2718696 0.6703787
1740546962.019387 14.4446192 -22.0252876 10.2178249 0.6461088 0.2445246 -0.2700825 0.6706762
1740546962.225619 14.4439621 -22.2287445 10.2218037 0.6450871 0.2456083 -0.2688605 0.6717539
1740546962.332642 14.4528065 -22.3191528 10.2448101 0.6456338 0.2454130 -0.2678881 0.6716886
1740546962.433936 14.4331474 -22.4196548 10.2573223 0.6453109 0.2467305 -0.2667115 0.6719843
1740546962.637604 14.4324665 -22.6194363 10.2612782 0.6428549 0.2482752 -0.2667885 0.6737365
1740546962.736457 14.4288082 -22.7222252 10.2698936 0.6418047 0.2492713 -0.2660145 0.6746754
1740546962.852841 14.4171181 -22.8227692 10.2883453 0.6415022 0.2505021 -0.2644212 0.6751333
1740546963.067598 14.4440517 -23.0254364 10.3022499 0.6385609 0.2517267 -0.2636989 0.6777437
1740546963.270769 14.4489136 -23.2295914 10.3201180 0.6360437 0.2537792 -0.2619882 0.6800050
1740546963.377618 14.4409008 -23.3268948 10.3381367 0.6352873 0.2550152 -0.2600535 0.6809916
1740546963.478618 14.4385910 -23.4280357 10.3656235 0.6343091 0.2569080 -0.2586066 0.6817425
1740546963.689610 14.4594364 -23.6305122 10.3584270 0.6296368 0.2584169 -0.2572354 0.6860089
1740546963.899438 14.4736376 -23.8300743 10.3754807 0.6254104 0.2615379 -0.2552015 0.6894433
1740546964.002557 14.4784489 -23.9302788 10.4051132 0.6238955 0.2633022 -0.2541787 0.6905212
1740546964.109858 14.4653473 -24.0256920 10.4275856 0.6224625 0.2650313 -0.2520998 0.6919137
1740546964.321677 14.5021715 -24.2237072 10.4490471 0.6189061 0.2672190 -0.2504869 0.6948422
1740546964.424452 14.5025787 -24.3255291 10.4747963 0.6174299 0.2692722 -0.2482775 0.6961545
1740546964.524925 14.5110588 -24.4202137 10.5018768 0.6162461 0.2705278 -0.2469311 0.6971947
1740546964.730631 14.5594854 -24.6218948 10.5135975 0.6127075 0.2728657 -0.2446014 0.7002171
1740546964.847231 14.5710545 -24.7195339 10.5339603 0.6115171 0.2741105 -0.2434105 0.7011859
1740546964.960405 14.5808010 -24.8202381 10.5609894 0.6107827 0.2757443 -0.2418685 0.7017187
1740546965.068234 14.5885677 -24.9176502 10.5854206 0.6102319 0.2772571 -0.2404722 0.7020816
1740546965.172278 14.6168575 -25.0139236 10.5918121 0.6094003 0.2774920 -0.2402118 0.7028000
1740546965.270931 14.6182690 -25.1098785 10.6247559 0.6098141 0.2787457 -0.2391114 0.7023200
1740546965.485038 14.6450920 -25.2995434 10.6366119 0.6096243 0.2787994 -0.2385926 0.7026399
1740546965.597814 14.6591606 -25.4007282 10.6395950 0.6090780 0.2791976 -0.2384658 0.7029984
1740546965.702233 14.6822014 -25.5002289 10.6446743 0.6097392 0.2787539 -0.2389594 0.7024335
1740546965.915765 14.7045727 -25.7024860 10.6586418 0.6098168 0.2773525 -0.2401628 0.7025104
1740546966.129746 14.7327433 -25.8963165 10.6733284 0.6104397 0.2737072 -0.2435817 0.7022220
1740546966.233336 14.7404146 -25.9936943 10.6971169 0.6111081 0.2722439 -0.2457241 0.7014626
1740546966.347528 14.7407932 -26.0880966 10.7098122 0.6118293 0.2698874 -0.2481478 0.7008911
1740546966.452866 14.7620459 -26.1846294 10.6902103 0.6120002 0.2658357 -0.2516153 0.7010541
1740546966.659652 14.7801132 -26.3854179 10.7096272 0.6118552 0.2584074 -0.2584643 0.7014663
1740546966.873466 14.7970047 -26.5881882 10.7455444 0.6117503 0.2485720 -0.2665378 0.7020906
1740546966.976970 14.7952595 -26.6825809 10.7814846 0.6122048 0.2434260 -0.2715135 0.7015907
1740546967.085728 14.7841253 -26.7779121 10.8213615 0.6123503 0.2380956 -0.2767919 0.7012302
1740546967.285405 14.7483149 -26.9751854 10.8516579 0.6114570 0.2248489 -0.2868328 0.7023462
1740546967.407467 14.7309313 -27.0657921 10.8948421 0.6117331 0.2184833 -0.2928275 0.7016408
1740546967.508553 14.7081060 -27.1652985 10.9138069 0.6113096 0.2112484 -0.2987409 0.7017326
1740546967.616325 14.6839151 -27.2592449 10.9419937 0.6112010 0.2039243 -0.3047152 0.7014249
1740546967.717135 14.6668749 -27.3497314 10.9840755 0.6120682 0.1965929 -0.3108723 0.7000586
1740546967.824471 14.6459093 -27.4341164 11.0179081 0.6133789 0.1898007 -0.3171595 0.6979627
1740546968.022825 14.6048489 -27.6354485 11.0339451 0.6130000 0.1743073 -0.3289175 0.6968939
1740546968.228295 14.5410919 -27.8318596 11.0845718 0.6146766 0.1612954 -0.3398425 0.6932991
1740546968.433454 14.4693604 -28.0105705 11.1294022 0.6169629 0.1471930 -0.3507397 0.6889650
1740546968.736391 14.3592243 -28.2906513 11.1946888 0.6198195 0.1284509 -0.3649349 0.6827494
1740546969.147941 14.2031145 -28.6591110 11.2612343 0.6232014 0.1078291 -0.3794600 0.6752800
1740546969.555346 14.0088453 -29.0176659 11.3108578 0.6226960 0.0923274 -0.3918558 0.6709505
1740546969.758873 13.9182901 -29.1949978 11.3485374 0.6215338 0.0867721 -0.3964001 0.6700994
1740546969.972179 13.8372488 -29.3747501 11.3904362 0.6180443 0.0823242 -0.4007464 0.6713019
1740546970.173903 13.7589674 -29.5453682 11.4376507 0.6136850 0.0811013 -0.4024725 0.6744103
1740546970.272704 13.7541628 -29.6325283 11.4699078 0.6116570 0.0791782 -0.4045038 0.6752653
1740546970.375651 13.7417698 -29.7081909 11.5170689 0.6087474 0.0783307 -0.4065146 0.6767841
1740546970.473330 13.7334480 -29.7608681 11.5625896 0.6067191 0.0777326 -0.4067940 0.6785045
1740546970.580710 13.7223825 -29.8135796 11.5919533 0.6034456 0.0774075 -0.4080479 0.6807043
1740546970.680734 13.7361174 -29.8491478 11.6355133 0.6020301 0.0768910 -0.4065894 0.6828855
1740546970.779418 13.7463865 -29.8807011 11.6720276 0.5983678 0.0762005 -0.4078482 0.6854264
1740546970.888789 13.7627325 -29.9530487 11.7516460 0.5951543 0.0757961 -0.4098587 0.6870677
1740546970.990032 13.7689877 -29.9926796 11.7942276 0.5909434 0.0769322 -0.4103501 0.6902754
1740546971.092416 13.7863636 -30.0242405 11.8447475 0.5899502 0.0775238 -0.4072855 0.6928689
1740546971.191704 13.7992125 -30.0683174 11.8992348 0.5872892 0.0792642 -0.4045179 0.6965442
1740546971.288922 13.8168030 -30.1187859 11.9623013 0.5851328 0.0803455 -0.4020899 0.6996341
1740546971.396345 13.8272457 -30.1439896 11.9961777 0.5812979 0.0807080 -0.4029854 0.7022690
1740546971.494782 13.8385458 -30.1797867 12.0396004 0.5771051 0.0827590 -0.4017172 0.7062039
1740546971.601622 13.8535643 -30.2176552 12.0823479 0.5735891 0.0841055 -0.4006670 0.7094982
1740546971.701182 13.8679914 -30.2434006 12.1169930 0.5695816 0.0846298 -0.3999024 0.7130868
1740546971.799231 13.8877449 -30.2930889 12.1767311 0.5671975 0.0862544 -0.3971550 0.7163205
1740546971.905539 13.8999958 -30.3469276 12.2303162 0.5625575 0.0877943 -0.3968661 0.7199435
1740546972.001516 13.9070110 -30.3898392 12.2780132 0.5584927 0.0903249 -0.3943314 0.7241755
1740546972.108517 13.9262152 -30.4288082 12.3134079 0.5543397 0.0906067 -0.3942653 0.7273601
1740546972.206842 13.9368296 -30.4682140 12.3582153 0.5492740 0.0924717 -0.3942732 0.7309553
1740546972.304470 13.9541130 -30.5083313 12.4187775 0.5483394 0.0951551 -0.3896462 0.7337884
1740546972.408756 13.9701662 -30.5406570 12.4620361 0.5476483 0.0978948 -0.3839878 0.7369202
1740546972.505696 13.9912243 -30.5882874 12.5207710 0.5463717 0.0993050 -0.3797630 0.7398626
1740546972.611657 14.0021133 -30.6297131 12.5572701 0.5403742 0.1014403 -0.3782959 0.7447132
1740546972.712135 14.0176392 -30.6611233 12.5946140 0.5369264 0.1030002 -0.3750183 0.7486403
1740546972.810828 14.0291433 -30.6808128 12.6258278 0.5366196 0.1057353 -0.3696306 0.7511542
1740546972.913390 14.0538292 -30.7265720 12.6735687 0.5345749 0.1080739 -0.3644849 0.7547850
1740546973.014024 14.0764112 -30.7740479 12.7195168 0.5294396 0.1095161 -0.3611699 0.7597737
1740546973.118321 14.1049538 -30.8237152 12.7662449 0.5220668 0.1098971 -0.3633701 0.7637611
1740546973.215883 14.1327314 -30.8731117 12.8172646 0.5188944 0.1107517 -0.3615563 0.7666549
1740546973.314884 14.1658421 -30.9377174 12.8774338 0.5168834 0.1112092 -0.3575607 0.7698144
1740546973.425149 14.2014303 -30.9933643 12.9373264 0.5150273 0.1117430 -0.3534031 0.7728950
1740546973.520858 14.2384748 -31.0571136 12.9986706 0.5110422 0.1116750 -0.3521993 0.7760929
1740546973.622711 14.2733898 -31.1169415 13.0466671 0.5055609 0.1112345 -0.3512762 0.7801539
1740546973.720845 14.2910223 -31.1463432 13.0788364 0.5017073 0.1116676 -0.3523598 0.7820887
1740546973.819851 14.3050776 -31.2224083 13.1373901 0.4973558 0.1124713 -0.3533923 0.7842840
1740546973.925257 14.2789335 -31.3073502 13.1821613 0.4914561 0.1154247 -0.3529989 0.7877436
1740546974.024044 14.2760715 -31.3894291 13.2414265 0.4871464 0.1174250 -0.3523733 0.7904005
1740546974.124801 14.3023777 -31.4616585 13.3056355 0.4838707 0.1180350 -0.3517248 0.7926074
1740546974.225396 14.3362961 -31.5314865 13.3721752 0.4793884 0.1188528 -0.3514672 0.7953185
1740546974.327632 14.3781672 -31.5979290 13.4393921 0.4751621 0.1195594 -0.3508648 0.7980102
1740546974.429516 14.4170341 -31.6621609 13.5030289 0.4715799 0.1175754 -0.3491695 0.8011673
1740546974.528018 14.4462700 -31.7223969 13.5587406 0.4657145 0.1184347 -0.3516427 0.8033870
1740546974.634667 14.4789085 -31.7713547 13.6258774 0.4627134 0.1217315 -0.3508644 0.8049670
1740546974.733602 14.4941559 -31.8544960 13.6852150 0.4576412 0.1226673 -0.3505011 0.8078775
1740546974.843933 14.4859724 -31.9255142 13.7465553 0.4520739 0.1258880 -0.3486629 0.8113049
1740546974.942106 14.4895544 -32.0043297 13.8059521 0.4471993 0.1275767 -0.3486786 0.8137323
1740546975.040211 14.5223093 -32.0770607 13.8744545 0.4439186 0.1276775 -0.3468815 0.8162769
1740546975.148241 14.5376778 -32.1372681 13.9284306 0.4369552 0.1304541 -0.3468526 0.8196006
1740546975.247698 14.5543556 -32.2108536 13.9839478 0.4309577 0.1318596 -0.3473117 0.8223522
1740546975.362530 14.5849199 -32.2908173 14.0543537 0.4268589 0.1327413 -0.3477981 0.8241406
1740546975.458557 14.6065407 -32.3634071 14.1207237 0.4224050 0.1357576 -0.3471944 0.8261961
1740546975.557440 14.6312218 -32.4249763 14.1748562 0.4160017 0.1389732 -0.3477665 0.8286661
1740546975.660870 14.6624918 -32.4949036 14.2385349 0.4123203 0.1401827 -0.3471288 0.8305675
1740546975.758518 14.6694031 -32.5706253 14.2939720 0.4057411 0.1433928 -0.3475777 0.8330681
1740546975.866451 14.6894474 -32.6395760 14.3464375 0.3990080 0.1469092 -0.3479460 0.8355501
1740546975.970159 14.7137365 -32.7120399 14.4111862 0.3939735 0.1491867 -0.3470969 0.8378854
1740546976.066877 14.7137489 -32.7819061 14.4867401 0.3892687 0.1536539 -0.3451782 0.8400669
1740546976.174536 14.7214470 -32.8479500 14.5515385 0.3841004 0.1579722 -0.3440751 0.8420950
1740546976.273510 14.7459221 -32.9113121 14.6130180 0.3798480 0.1613406 -0.3432719 0.8437116
1740546976.374859 14.7674551 -32.9736366 14.6750908 0.3753546 0.1661393 -0.3419155 0.8453404
1740546976.476362 14.8029585 -33.0433617 14.7399330 0.3722098 0.1695346 -0.3401981 0.8467486
1740546976.578457 14.8051453 -33.1273651 14.7955475 0.3668736 0.1745932 -0.3379984 0.8489276
1740546976.679084 14.8217831 -33.1975212 14.8633938 0.3635618 0.1783244 -0.3354799 0.8505742
1740546976.777333 14.8447876 -33.2643471 14.9199820 0.3586845 0.1830048 -0.3344308 0.8520626
1740546976.883427 14.8663101 -33.3341560 14.9811087 0.3539134 0.1867284 -0.3324636 0.8540174
1740546976.983316 14.9081936 -33.3945541 15.0359879 0.3495709 0.1904558 -0.3322323 0.8550722
1740546977.091814 14.9274073 -33.4399872 15.0902185 0.3451279 0.1955115 -0.3301728 0.8565325
1740546977.192007 14.9547167 -33.5014381 15.1579351 0.3413231 0.1989738 -0.3283779 0.8579487
1740546977.289904 14.9855614 -33.5621834 15.2182541 0.3371825 0.2023280 -0.3284026 0.8587916
1740546977.395029 14.9990110 -33.6231232 15.2791100 0.3327718 0.2065814 -0.3272393 0.8599427
1740546977.491856 15.0335999 -33.6866531 15.3444290 0.3292462 0.2093417 -0.3264837 0.8609189
1740546977.597871 15.0756512 -33.7513580 15.4054537 0.3261374 0.2115525 -0.3258711 0.8617935
1740546977.691017 15.1094408 -33.7970238 15.4525394 0.3229417 0.2140139 -0.3248934 0.8627578
1740546977.787704 15.1249294 -33.8580780 15.5099182 0.3187031 0.2175244 -0.3234223 0.8640078
1740546977.892672 15.1566992 -33.9116859 15.5763597 0.3161809 0.2204971 -0.3219487 0.8647310
1740546977.986877 15.1907568 -33.9590454 15.6242666 0.3129570 0.2220509 -0.3211325 0.8658090
1740546978.097492 15.2292480 -34.0223503 15.6972466 0.3108184 0.2240571 -0.3208968 0.8661499
1740546978.192872 15.2622576 -34.0796623 15.7572365 0.3069042 0.2253308 -0.3211629 0.8671160
1740546978.285848 15.2986059 -34.1281471 15.8059435 0.3013768 0.2259402 -0.3221506 0.8685287
1740546978.388531 15.3407001 -34.1781425 15.8667316 0.2975142 0.2266991 -0.3238973 0.8690129
1740546978.482200 15.3650990 -34.2345619 15.9287586 0.2931560 0.2289268 -0.3239082 0.8699055
1740546978.580799 15.4004812 -34.2922974 16.0014572 0.2902426 0.2312832 -0.3243930 0.8700784
1740546978.680861 15.4348812 -34.3365860 16.0458641 0.2854000 0.2314345 -0.3240187 0.8717780
1740546978.775897 15.4683361 -34.3824844 16.1095009 0.2840886 0.2339378 -0.3229690 0.8719276
1740546978.877872 15.5039635 -34.4294548 16.1716175 0.2813698 0.2355643 -0.3223804 0.8725890
1740546978.975649 15.5364418 -34.4651184 16.2160683 0.2782100 0.2373902 -0.3218987 0.8732848
1740546979.067931 15.5637407 -34.4980774 16.2571869 0.2745669 0.2388073 -0.3213266 0.8742616
1740546979.175836 15.5706758 -34.5072784 16.2645607 0.2697329 0.2395912 -0.3227657 0.8750214
1740546979.267416 15.5773373 -34.5193291 16.2643890 0.2634310 0.2400626 -0.3221089 0.8770518
1740546979.378405 15.5867796 -34.5283966 16.2837982 0.2593539 0.2431025 -0.3246500 0.8764925
1740546979.470220 15.6054983 -34.5533524 16.3117657 0.2531440 0.2439401 -0.3245820 0.8780990
1740546979.564603 15.6412516 -34.5991631 16.3712082 0.2458965 0.2457817 -0.3243772 0.8797191
1740546979.663289 15.6796494 -34.6496506 16.4365540 0.2396182 0.2480632 -0.3225526 0.8814803
1740546979.758009 15.7252922 -34.6953735 16.5094032 0.2348429 0.2512103 -0.3218605 0.8821270
1740546979.857395 15.7546940 -34.7489395 16.5758438 0.2286971 0.2540562 -0.3196188 0.8837404
1740546979.950693 15.8039351 -34.7911530 16.6546440 0.2248916 0.2561846 -0.3180912 0.8846532
1740546980.046955 15.8368006 -34.8307953 16.7407570 0.2203602 0.2590907 -0.3161263 0.8856510
1740546980.146972 15.8726263 -34.8744659 16.8187065 0.2161808 0.2623821 -0.3147010 0.8862194
1740546980.241715 15.9104691 -34.9111061 16.8799477 0.2105445 0.2642176 -0.3136992 0.8873855
1740546980.337941 15.9306068 -34.9589500 16.9681587 0.2051454 0.2680145 -0.3103910 0.8886737
1740546980.439818 15.9674702 -34.9910202 17.0507145 0.2023682 0.2707957 -0.3091577 0.8888972
1740546980.532186 16.0036869 -35.0312080 17.1139507 0.1983099 0.2734257 -0.3080563 0.8893892
1740546980.633314 16.0395031 -35.0735207 17.1823502 0.1943234 0.2762547 -0.3062295 0.8900254
1740546980.727860 16.0676556 -35.1192856 17.2756691 0.1918520 0.2799964 -0.3050982 0.8897808
1740546980.822102 16.1090508 -35.1486206 17.3538094 0.1907129 0.2821476 -0.3040405 0.8897082
1740546980.922432 16.1418819 -35.1839638 17.4218330 0.1877176 0.2848046 -0.3035651 0.8896610
1740546981.017670 16.1645622 -35.2312851 17.4995384 0.1839266 0.2878674 -0.3025190 0.8898234
1740546981.124952 16.1862984 -35.2797089 17.5863762 0.1817503 0.2910539 -0.3026341 0.8891946
1740546981.223357 16.2111092 -35.3119392 17.6691189 0.1817562 0.2949205 -0.3016684 0.8882470
1740546981.317736 16.2690201 -35.3648376 17.7368889 0.1811509 0.2949827 -0.3008025 0.8886436
1740546981.417787 16.3341827 -35.4183960 17.7878628 0.1803821 0.2931439 -0.3002994 0.8895781
1740546981.614277 16.4083443 -35.5177879 17.9440041 0.1803433 0.2957492 -0.2999200 0.8888513
1740546981.710298 16.4480343 -35.5600891 18.0125084 0.1811016 0.2969960 -0.3000835 0.8882260
1740546981.804493 16.4833508 -35.6128540 18.0890408 0.1818683 0.2971378 -0.2995242 0.8882107
1740546981.903194 16.5208492 -35.6615410 18.1638527 0.1818676 0.2981070 -0.2998640 0.8877714
1740546981.999207 16.5699158 -35.7103424 18.2329330 0.1825937 0.2976141 -0.3004233 0.8875986
1740546982.099935 16.6018486 -35.7627716 18.3167076 0.1831951 0.2990910 -0.3003533 0.8870018
1740546982.203710 16.6507015 -35.8109398 18.3790646 0.1841762 0.2984077 -0.3006298 0.8869350
1740546982.298443 16.6954155 -35.8606758 18.4394722 0.1852411 0.2969309 -0.3010988 0.8870498
1740546982.401251 16.7396584 -35.8997803 18.5214844 0.1870911 0.2971101 -0.3027922 0.8860245
1740546982.495102 16.7724686 -35.9529190 18.6038399 0.1876892 0.2975890 -0.3019654 0.8860195
1740546982.588668 16.8145790 -36.0100136 18.6841164 0.1875933 0.2973998 -0.3020247 0.8860831
1740546982.694750 16.8580780 -36.0493584 18.7611599 0.1891194 0.2971277 -0.3027153 0.8856142
1740546982.790071 16.8897228 -36.0921021 18.8402119 0.1906305 0.2969012 -0.3034635 0.8851099
1740546982.891835 16.9401321 -36.1497917 18.9067078 0.1915016 0.2953978 -0.3042641 0.8851501
1740546982.985031 16.9808826 -36.2021065 18.9857445 0.1914659 0.2948472 -0.3040155 0.8854268
1740546983.081010 17.0191383 -36.2459602 19.0633545 0.1921162 0.2943438 -0.3035980 0.8855966
1740546983.181920 17.0553741 -36.3018761 19.1395950 0.1914675 0.2941028 -0.3042986 0.8855767
1740546983.379359 17.1252499 -36.4194183 19.2904129 0.1918306 0.2928891 -0.3039538 0.8860187
1740546983.478002 17.1703987 -36.4736786 19.3646088 0.1922431 0.2917392 -0.3048860 0.8859884
1740546983.671753 17.2474022 -36.5748367 19.5189457 0.1926446 0.2906052 -0.3050237 0.8862264
1740546983.765751 17.2770042 -36.6230850 19.6042671 0.1925619 0.2910846 -0.3045512 0.8862496
1740546983.865896 17.3249550 -36.6753578 19.6820984 0.1926570 0.2899668 -0.3051220 0.8863990
1740546984.058208 17.3901672 -36.7776489 19.8417702 0.1927591 0.2897674 -0.3054422 0.8863317
1740546984.157638 17.4291115 -36.8360748 19.9159737 0.1924596 0.2890351 -0.3052366 0.8867067
1740546984.347806 17.5101242 -36.9440765 20.0625095 0.1920484 0.2880358 -0.3051754 0.8871419
1740546984.544384 17.5996819 -37.0544662 20.2065353 0.1914824 0.2868363 -0.3055926 0.8875092
1740546984.757751 17.6824532 -37.1520729 20.3654594 0.1911423 0.2860382 -0.3059162 0.8877286
1740546984.955578 17.7514229 -37.2585106 20.5248566 0.1906287 0.2852525 -0.3057286 0.8881564
1740546985.151978 17.8272095 -37.3675003 20.6816673 0.1899803 0.2839579 -0.3062078 0.8885450
1740546985.452681 17.9565315 -37.5106201 20.9227142 0.1883488 0.2830707 -0.3058029 0.8893145
1740546985.651754 18.0280018 -37.6162758 21.0842628 0.1870943 0.2833016 -0.3054502 0.8896269
1740546985.843660 18.1016560 -37.7160149 21.2439537 0.1854383 0.2844585 -0.3046765 0.8898698
1740546986.152354 18.2247620 -37.8634644 21.4802589 0.1816599 0.2886763 -0.3032807 0.8897677
1740546986.349779 18.2909660 -37.9635010 21.6412926 0.1792303 0.2943867 -0.3009397 0.8891841
1740546986.658482 18.3918190 -38.1025734 21.8995094 0.1751867 0.3079458 -0.2964042 0.8869180
1740546986.857812 18.4756889 -38.2030945 22.0501060 0.1720248 0.3198441 -0.2915105 0.8849457
1740546987.052346 18.5828533 -38.2968903 22.1944046 0.1679822 0.3347907 -0.2857242 0.8820765
1740546987.156801 18.6470757 -38.3362503 22.2629356 0.1668637 0.3438073 -0.2833449 0.8795844
1740546987.457733 18.8568268 -38.4890251 22.4320869 0.1613366 0.3715816 -0.2726482 0.8726744
1740546987.658815 18.9894066 -38.5959053 22.5465317 0.1561065 0.3931141 -0.2645056 0.8666769
1740546987.858984 19.1340179 -38.6894760 22.6559048 0.1512054 0.4146169 -0.2563780 0.8599419
1740546988.058691 19.2896938 -38.7711105 22.7531776 0.1468199 0.4357877 -0.2482178 0.8525966
1740546988.260698 19.4625053 -38.8566055 22.8231239 0.1422659 0.4556528 -0.2404174 0.8451867
1740546988.369968 19.5513153 -38.8984146 22.8535576 0.1399423 0.4648706 -0.2365793 0.8416303
1740546988.677073 19.8211403 -39.0238724 22.9397240 0.1332434 0.4892628 -0.2260475 0.8317275
1740546989.075545 20.1565628 -39.1910934 23.0972824 0.1245881 0.5118104 -0.2147708 0.8224363
1740546989.483417 20.4780865 -39.3717537 23.2701054 0.1140296 0.5228762 -0.2062306 0.8191866
1740546989.896515 20.8269997 -39.5268250 23.4304047 0.1029593 0.5245583 -0.1995778 0.8212227
1740546990.403532 21.2390079 -39.6739044 23.6910896 0.0854213 0.5192373 -0.1906827 0.8286954
1740546990.913240 21.6667385 -39.8319359 23.9376736 0.0645775 0.5118832 -0.1805787 0.8373749
1740546991.634990 22.2671280 -39.9700203 24.2946110 0.0327515 0.5021313 -0.1653622 0.8482021
1740546992.137766 22.7040176 -40.0520325 24.5464668 0.0132649 0.4959759 -0.1549470 0.8542970
1740546992.439983 22.9604206 -40.0779266 24.7175140 0.0041162 0.4925434 -0.1501805 0.8572222
1740546992.736048 23.2194347 -40.1088028 24.8761978 -0.0028384 0.4889654 -0.1469873 0.8598253
1740546992.935306 23.3884773 -40.1072617 24.9955292 -0.0060140 0.4869785 -0.1461577 0.8610771
1740546993.130516 23.5568485 -40.1194916 25.1095505 -0.0076576 0.4850816 -0.1454488 0.8622540
1740546993.324106 23.7335453 -40.1493721 25.2094860 -0.0080191 0.4830252 -0.1448467 0.8635055
1740546993.523226 23.9128361 -40.1730309 25.3030643 -0.0069429 0.4807751 -0.1458601 0.8645993
1740546993.727853 24.0916138 -40.1939468 25.4096947 -0.0042068 0.4784928 -0.1476801 0.8655735
1740546993.926545 24.2496357 -40.2382660 25.5295906 -0.0005578 0.4761541 -0.1503791 0.8664082
1740546994.220808 24.4882393 -40.3264732 25.7113132 0.0067750 0.4717766 -0.1539450 0.8681485
1740546994.421252 24.6498966 -40.3502541 25.8299847 0.0119774 0.4682708 -0.1577831 0.8693006
1740546994.717492 24.8991470 -40.3942413 26.0068588 0.0203815 0.4629126 -0.1617540 0.8712819
1740546995.012533 25.1351452 -40.4769974 26.1870346 0.0283047 0.4571576 -0.1673207 0.8730462
1740546995.308782 25.3681488 -40.5428391 26.3784523 0.0361074 0.4504739 -0.1721855 0.8752838
1740546995.610724 25.5876732 -40.6298790 26.5707340 0.0429341 0.4434469 -0.1766242 0.8776761
1740546995.915851 25.8250675 -40.7137947 26.7490673 0.0497794 0.4358296 -0.1807228 0.8802919
1740546996.211972 26.0396996 -40.8015404 26.9511242 0.0547566 0.4283609 -0.1843175 0.8829132
1740546996.509655 26.2519875 -40.8828812 27.1583595 0.0600147 0.4206544 -0.1882100 0.8854520
1740546996.804707 26.4596691 -40.9682083 27.3565102 0.0652479 0.4121952 -0.1915314 0.8883432
1740546997.106504 26.6546822 -41.0577927 27.5769501 0.0710466 0.4036823 -0.1956559 0.8909051
1740546997.417145 26.8589725 -41.1311722 27.7930126 0.0785526 0.3965064 -0.1994969 0.8926439
1740546997.721494 27.0536652 -41.2197800 28.0112495 0.0857297 0.3908740 -0.2033881 0.8935890
1740546998.030608 27.2258339 -41.3466682 28.2266216 0.0945351 0.3863498 -0.2083617 0.8935225
1740546998.331784 27.4247093 -41.4564896 28.4319725 0.1040935 0.3851549 -0.2124733 0.8920064
1740546998.640914 27.6016273 -41.5744514 28.6458206 0.1133536 0.3855685 -0.2157318 0.8899145
1740546998.948633 27.7669792 -41.7224274 28.8567162 0.1227748 0.3887750 -0.2184826 0.8865922
1740546999.240853 27.9678440 -41.8515358 29.0481224 0.1310552 0.3948244 -0.2205695 0.8822060
1740546999.543328 28.1586952 -41.9689751 29.2586842 0.1373001 0.4041245 -0.2214922 0.8767972
1740546999.841196 28.3655663 -42.0933762 29.4513245 0.1448337 0.4164445 -0.2213086 0.8698389
1740547000.153227 28.5739708 -42.2420387 29.6217175 0.1533105 0.4315244 -0.2206343 0.8611638
1740547000.448303 28.7905655 -42.3820915 29.7901478 0.1631091 0.4503356 -0.2197217 0.8498916
1740547000.750045 29.0238819 -42.5318260 29.9142971 0.1764181 0.4697562 -0.2199781 0.8365498
1740547001.065727 29.2571411 -42.6735878 30.0494175 0.1928293 0.4915122 -0.2205027 0.8201287
1740547001.469062 29.5519676 -42.8858948 30.2185669 0.2179123 0.5187306 -0.2228338 0.7961017
1740547001.789960 29.7480526 -43.1229172 30.2100220 0.2367312 0.5359042 -0.2255193 0.7783996
1740547002.198107 30.0149250 -43.4520836 30.1511078 0.2563123 0.5512971 -0.2291024 0.7601892
1740547002.592693 30.2842960 -43.7470512 30.2041092 0.2649415 0.5552541 -0.2315786 0.7535716
1740547002.995296 30.5816536 -43.9970398 30.3317299 0.2615394 0.5476372 -0.2338067 0.7596217
1740547003.387497 30.8729801 -44.2206306 30.5098610 0.2505577 0.5310451 -0.2364481 0.7741475
1740547003.796612 31.1489143 -44.4370728 30.7129784 0.2391409 0.5116096 -0.2401264 0.7895610
1740547004.195266 31.4276314 -44.6549416 30.9175529 0.2370940 0.4930631 -0.2470850 0.7997651
1740547004.591692 31.6867237 -44.8894348 31.1279869 0.2503176 0.4813150 -0.2587822 0.7991925
1740547004.900559 31.8884029 -45.0531387 31.2931862 0.2718977 0.4776624 -0.2712221 0.7901575
1740547005.303781 32.0818367 -45.3751984 31.4256859 0.3130833 0.4769287 -0.2893998 0.7686128
1740547005.721601 32.1922188 -45.7777748 31.4547958 0.3620411 0.4823103 -0.3064661 0.7364656
1740547006.034299 32.2894707 -46.0681114 31.4815941 0.3990305 0.4876839 -0.3170551 0.7088125
1740547006.346120 32.3720093 -46.3658218 31.4685287 0.4319788 0.4945004 -0.3237056 0.6812330
1740547006.664113 32.4722328 -46.6558037 31.4677162 0.4601512 0.5020795 -0.3272108 0.6550651
1740547006.964663 32.5589523 -46.9511223 31.4487267 0.4821922 0.5103649 -0.3267211 0.6326702
1740547007.176025 32.6061363 -47.1503258 31.4260788 0.4927438 0.5172318 -0.3239757 0.6202536
1740547007.366349 32.6553688 -47.3482780 31.4053421 0.5012150 0.5240340 -0.3196888 0.6098942
1740547007.560457 32.7099838 -47.5437660 31.3786659 0.5075384 0.5313992 -0.3139644 0.6012039
1740547007.767864 32.7610397 -47.7404785 31.3421936 0.5108884 0.5399340 -0.3061484 0.5947584
1740547007.962816 32.8164330 -47.9322891 31.2926559 0.5124301 0.5485305 -0.2977910 0.5897883
1740547008.154619 32.8880615 -48.1214371 31.2538872 0.5114780 0.5583010 -0.2862258 0.5871670
1740547008.355629 32.9616432 -48.3034706 31.1946793 0.5066196 0.5684654 -0.2739846 0.5874659
1740547008.555385 33.0526085 -48.4787788 31.1461296 0.5005937 0.5787604 -0.2590562 0.5893490
1740547008.752874 33.1583138 -48.6461906 31.0969620 0.4915027 0.5894101 -0.2427980 0.5933549
1740547008.954437 33.2828255 -48.8041382 31.0612297 0.4806888 0.5995833 -0.2252388 0.5989204
1740547009.254450 33.4851913 -49.0194664 30.9899483 0.4606666 0.6122133 -0.1993468 0.6109355
1740547009.455799 33.6384621 -49.1524925 30.9676094 0.4466473 0.6187407 -0.1830507 0.6198053
1740547009.755808 33.8855629 -49.3298340 30.9387321 0.4249939 0.6254767 -0.1606428 0.6343130
1740547009.955501 34.0510101 -49.4450302 30.9158096 0.4113347 0.6270181 -0.1493276 0.6444792
1740547010.247212 34.3112564 -49.6121140 30.8907967 0.3939560 0.6253893 -0.1376322 0.6593514
1740547010.540866 34.5605011 -49.7932739 30.8848381 0.3809592 0.6197494 -0.1324876 0.6732219
1740547010.834635 34.7858963 -49.9976196 30.8934021 0.3726776 0.6079155 -0.1329270 0.6883898
1740547011.122876 35.0005989 -50.2194138 30.9190254 0.3698720 0.5924549 -0.1397201 0.7019047
1740547011.418438 35.2062263 -50.4468384 30.9443893 0.3680103 0.5746291 -0.1505155 0.7153425
1740547011.608284 35.3225327 -50.6077881 30.9716301 0.3675173 0.5619813 -0.1572686 0.7241372
1740547011.814213 35.4463272 -50.7647057 31.0253754 0.3680274 0.5506821 -0.1643605 0.7309518
1740547012.012261 35.5591850 -50.9295731 31.0765495 0.3669501 0.5381079 -0.1700900 0.7394977
1740547012.210420 35.6817131 -51.0871468 31.1262703 0.3646695 0.5277765 -0.1758372 0.7466924
1740547012.400815 35.7964363 -51.2491493 31.1841583 0.3618838 0.5185137 -0.1798000 0.7535619
1740547012.595934 35.9126205 -51.4017906 31.2386055 0.3559824 0.5106429 -0.1796148 0.7617473
1740547012.792236 36.0396843 -51.5485954 31.3009491 0.3505642 0.5049313 -0.1791776 0.7681435
1740547012.990195 36.1674156 -51.6956787 31.3605995 0.3401327 0.5012818 -0.1774232 0.7755947
1740547013.187971 36.2938423 -51.8255386 31.4220161 0.3322488 0.4995098 -0.1731773 0.7810956
1740547013.380959 36.4234314 -51.9527359 31.4861107 0.3212544 0.4991696 -0.1667480 0.7872868
1740547013.575357 36.5576172 -52.0688744 31.5528641 0.3108290 0.4999723 -0.1598387 0.7923791
1740547013.783630 36.7120361 -52.1787682 31.6286507 0.3009828 0.5011193 -0.1540290 0.7965952
1740547013.879506 36.7652283 -52.2295380 31.6622887 0.2947585 0.5027310 -0.1482112 0.7990071
1740547014.076544 36.9260101 -52.3340492 31.7346039 0.2843035 0.5054109 -0.1414595 0.8023220
1740547014.277213 37.0714378 -52.4366798 31.8100548 0.2747418 0.5091758 -0.1331378 0.8046933
1740547014.480185 37.2168999 -52.5422630 31.8825493 0.2647247 0.5127562 -0.1214896 0.8076151
1740547014.681864 37.3871765 -52.6423111 31.9581451 0.2566807 0.5178332 -0.1141292 0.8080460
1740547014.886029 37.5488739 -52.7340698 32.0348396 0.2496565 0.5242998 -0.1067844 0.8070801
1740547014.985816 37.6031265 -52.7723885 32.0597763 0.2460385 0.5262657 -0.1011636 0.8076357
1740547015.085601 37.6813583 -52.8060837 32.0919876 0.2441416 0.5287663 -0.0998863 0.8067365
1740547015.195266 37.7044334 -52.8512840 32.1222458 0.2390901 0.5334647 -0.0919631 0.8060981
1740547015.289678 37.7340240 -52.8622360 32.1634369 0.2381600 0.5393463 -0.0892731 0.8027551
1740547015.387592 37.7517242 -52.9034119 32.1957207 0.2322869 0.5468637 -0.0864031 0.7996983
1740547015.489554 37.7628326 -52.9060783 32.2331123 0.2328770 0.5540701 -0.0816587 0.7950512
1740547015.586271 37.7700500 -52.9520187 32.2650414 0.2265233 0.5622895 -0.0748938 0.7917756
1740547015.696705 37.7803040 -52.9456100 32.3047523 0.2308531 0.5706032 -0.0711636 0.7848914
1740547015.793019 37.7970619 -52.9439240 32.3355942 0.2315144 0.5770937 -0.0702038 0.7800227
1740547015.891371 37.8311272 -52.9277992 32.3808098 0.2389562 0.5810301 -0.0696958 0.7748848
1740547015.998086 37.8652534 -52.9160995 32.4096794 0.2439800 0.5820898 -0.0683758 0.7726384
1740547016.093958 37.8658676 -52.9223251 32.4510307 0.2453193 0.5913410 -0.0612213 0.7657586
1740547016.204705 37.8817902 -52.9197311 32.4854050 0.2484248 0.5960771 -0.0592947 0.7612236
1740547016.302428 37.8840714 -52.9193115 32.5386047 0.2515019 0.6069548 -0.0551084 0.7518749
1740547016.399171 37.8854218 -52.9217949 32.5933800 0.2566330 0.6174961 -0.0508545 0.7417897
1740547016.500406 37.8806381 -52.9431572 32.6344604 0.2557647 0.6273314 -0.0426302 0.7343177
1740547016.598739 37.8825645 -52.9607468 32.6921501 0.2562864 0.6392267 -0.0397046 0.7239683
1740547016.707909 37.8941841 -52.9461365 32.7285843 0.2644489 0.6433917 -0.0429520 0.7171257
1740547016.803557 37.8945274 -52.9499741 32.7784767 0.2700465 0.6527024 -0.0394175 0.7067537
1740547016.901656 37.8953857 -52.9768066 32.7883644 0.2680225 0.6526175 -0.0353303 0.7078179
1740547017.006030 37.9079590 -52.9750366 32.8066750 0.2714722 0.6507314 -0.0362466 0.7081932
1740547017.104386 37.9242096 -52.9847603 32.7722969 0.2640476 0.6382166 -0.0400614 0.7220481
1740547017.210374 37.9267731 -53.0141602 32.7216339 0.2577865 0.6210940 -0.0365056 0.7392265
1740547017.311282 37.9679565 -53.0809479 32.7161484 0.2483988 0.6190499 -0.0254462 0.7445990
1740547017.411001 38.0495529 -53.1356277 32.7176666 0.2474010 0.6161811 -0.0223866 0.7474038
1740547017.521250 38.1441650 -53.1627197 32.7038498 0.2490924 0.6100356 -0.0248383 0.7517930
1740547017.620207 38.2447510 -53.1852150 32.6867599 0.2502433 0.6029549 -0.0306030 0.7568931
1740547017.845167 38.4273109 -53.2621307 32.7080231 0.2517217 0.6012227 -0.0324804 0.7577021
1740547017.960941 38.5175934 -53.3117828 32.7248840 0.2513269 0.6031944 -0.0316755 0.7562989
1740547018.160769 38.6747246 -53.4244919 32.7813835 0.2537623 0.5988494 -0.0318466 0.7589267
1740547018.272180 38.7206421 -53.4720917 32.8713341 0.2534772 0.5980409 -0.0334655 0.7595897
