1740546914.562144 0.0000000 0.0000000 0.0000000 -0.0000000 -0.0000000 -0.0000000 1.0000000
1740546915.405040 0.0115474 0.0561141 0.0843489 0.0021720 -0.0006586 -0.0001609 0.9999974
1740546915.564604 0.0007167 0.0458804 0.1790177 0.0051200 -0.0014844 -0.0000552 0.9999858
1740546915.735749 -0.0033136 0.0214903 0.2685318 0.0084693 -0.0028784 0.0000947 0.9999600
1740546916.025765 -0.0018436 -0.0625666 0.5475292 0.0233578 -0.0087590 0.0002417 0.9996888
1740546916.227738 -0.0317871 -0.1100592 0.7295697 0.0362683 -0.0127212 0.0002346 0.9992611
1740546916.426285 -0.0240162 -0.1464004 0.9186791 0.0515178 -0.0192767 0.0003992 0.9984860
1740546916.626344 -0.0572746 -0.1945260 1.1041100 0.0670972 -0.0261049 0.0007041 0.9974046
1740546916.725621 -0.0735657 -0.2124388 1.2008860 0.0755436 -0.0301219 0.0009169 0.9966871
1740546916.919137 -0.1129793 -0.2846889 1.3855791 0.0895585 -0.0377925 0.0008218 0.9952640
1740546917.024351 -0.1351684 -0.3159610 1.4816698 0.0967095 -0.0419245 0.0007394 0.9944290
1740546917.120717 -0.1713314 -0.3403952 1.5616610 0.1023806 -0.0447140 0.0010361 0.9937393
1740546917.321173 -0.2227162 -0.3837990 1.7535934 0.1133568 -0.0523636 0.0011307 0.9921729
1740546917.525205 -0.2354994 -0.4414638 1.9512370 0.1216418 -0.0598965 0.0005408 0.9907650
1740546917.726161 -0.2596771 -0.5031413 2.1418331 0.1284471 -0.0663266 -0.0002032 0.9894959
1740546917.826739 -0.2880508 -0.5323604 2.2343800 0.1304818 -0.0689047 -0.0002545 0.9890534
1740546918.029023 -0.3170440 -0.5959836 2.4239807 0.1334890 -0.0743937 -0.0005056 0.9882540
1740546918.232581 -0.3539500 -0.6598767 2.6183305 0.1353265 -0.0787495 -0.0009536 0.9876661
1740546918.544932 -0.4360885 -0.7361428 2.8952606 0.1355218 -0.0809679 -0.0018950 0.9874586
1740546918.846568 -0.4895087 -0.8043090 3.1819065 0.1355955 -0.0819425 -0.0020920 0.9873677
1740546919.049781 -0.5310922 -0.8616163 3.3638420 0.1356392 -0.0799530 -0.0021345 0.9875247
1740546919.148362 -0.5350378 -0.8924975 3.4632146 0.1355049 -0.0793641 -0.0015557 0.9875917
1740546919.461604 -0.6166912 -0.9741197 3.7290549 0.1345624 -0.0730878 -0.0011325 0.9882054
1740546919.561713 -0.6488444 -0.9912186 3.8250337 0.1342797 -0.0707448 -0.0008938 0.9884146
1740546919.863258 -0.6877064 -1.0469247 4.1204071 0.1358102 -0.0629454 0.0005715 0.9887331
1740546919.971894 -0.6847218 -1.0752032 4.2142177 0.1360418 -0.0597127 0.0013302 0.9889010
1740546920.191171 -0.7079173 -1.1365163 4.3967867 0.1372116 -0.0517288 0.0016959 0.9891887
1740546920.502920 -0.7243680 -1.2238173 4.6841435 0.1402497 -0.0412602 0.0033412 0.9892504
1740546920.604250 -0.7271689 -1.2346433 4.7678156 0.1418449 -0.0364769 0.0049152 0.9892044
1740546920.711501 -0.7148331 -1.2393408 4.8713665 0.1438554 -0.0337739 0.0073309 0.9889951
1740546920.812325 -0.7339681 -1.2771797 4.9642296 0.1453659 -0.0300891 0.0056441 0.9889042
1740546920.912215 -0.7662742 -1.2945116 5.0560026 0.1461435 -0.0254342 0.0066869 0.9889138
1740546921.014615 -0.7760344 -1.3545769 5.1331606 0.1457311 -0.0215111 0.0070450 0.9890653
1740546921.112489 -0.7588402 -1.4108700 5.1875854 0.1437088 -0.0208765 0.0070883 0.9893744
1740546921.224210 -0.7491781 -1.4065229 5.2656341 0.1472370 -0.0195698 0.0074206 0.9888798
1740546921.323938 -0.7626179 -1.4506016 5.3661513 0.1475478 -0.0169084 0.0078177 0.9888795
1740546921.427599 -0.7669197 -1.4516722 5.3944044 0.1491933 -0.0152881 0.0086512 0.9886520
1740546921.531655 -0.7762704 -1.4559249 5.4336667 0.1499131 -0.0120367 0.0092937 0.9885823
1740546921.630867 -0.7757877 -1.4583336 5.4568410 0.1508980 -0.0104594 0.0064247 0.9884732
1740546921.738114 -0.7695662 -1.4944844 5.4873071 0.1494650 -0.0100650 0.0090771 0.9886741
1740546921.837864 -0.7610276 -1.5220246 5.5105681 0.1488248 -0.0116351 0.0107320 0.9887369
1740546921.943544 -0.7580894 -1.5926869 5.5918636 0.1473289 -0.0116808 0.0119563 0.9889463
1740546922.044838 -0.7577751 -1.5931709 5.6818156 0.1500928 -0.0122315 0.0104041 0.9885415
1740546922.148696 -0.7607463 -1.6049361 5.7675362 0.1526950 -0.0118953 0.0102943 0.9881482
1740546922.255311 -0.7529061 -1.5774419 5.8494172 0.1571436 -0.0123576 0.0102299 0.9874455
1740546922.357415 -0.7298802 -1.6103170 5.9057159 0.1562144 -0.0144668 0.0094133 0.9875724
1740546922.464430 -0.6853711 -1.6261395 5.9691381 0.1565581 -0.0182620 0.0081145 0.9874666
1740546922.565387 -0.6559708 -1.6405839 6.0418634 0.1571924 -0.0194426 0.0069305 0.9873523
1740546922.664751 -0.6658862 -1.6155430 6.1063304 0.1621239 -0.0197932 0.0069762 0.9865472
1740546922.767606 -0.6488420 -1.6247874 6.1642799 0.1643525 -0.0209928 0.0066337 0.9861560
1740546922.866695 -0.6201230 -1.6822916 6.2230902 0.1612173 -0.0250600 0.0069813 0.9865760
1740546922.978684 -0.6079727 -1.6815065 6.2732763 0.1657236 -0.0258610 0.0058873 0.9858155
1740546923.079039 -0.5990658 -1.7016160 6.3392596 0.1643346 -0.0265340 0.0059146 0.9860300
1740546923.180653 -0.5904140 -1.6818715 6.4104824 0.1696287 -0.0282487 0.0048231 0.9850913
1740546923.290577 -0.5972002 -1.6641961 6.4599633 0.1751319 -0.0282338 0.0058425 0.9841228
1740546923.390851 -0.6041143 -1.6763375 6.4574022 0.1726785 -0.0260606 0.0074453 0.9846053
1740546923.501383 -0.6057988 -1.6897671 6.4638739 0.1718840 -0.0240367 0.0055374 0.9848084
1740546923.604398 -0.6087342 -1.6895798 6.4808679 0.1738967 -0.0240438 0.0069623 0.9844457
1740546923.712071 -0.5897238 -1.6973211 6.5154829 0.1763978 -0.0278685 0.0060619 0.9839057
1740546923.815603 -0.5756047 -1.7102338 6.5286436 0.1758624 -0.0287802 0.0058182 0.9839768
1740546923.918390 -0.5373145 -1.7021199 6.5569205 0.1792341 -0.0337946 0.0041094 0.9832173
1740546924.028804 -0.5048801 -1.7194858 6.6036892 0.1804464 -0.0374545 0.0033730 0.9828656
1740546924.129142 -0.4837601 -1.7017533 6.6383047 0.1867976 -0.0399194 0.0048874 0.9815748
1740546924.235834 -0.4676088 -1.7076792 6.6450400 0.1849677 -0.0406988 0.0032950 0.9818960
1740546924.338522 -0.4484287 -1.7323792 6.6917281 0.1840654 -0.0440905 0.0040390 0.9819164
1740546924.450259 -0.4407717 -1.7173641 6.7392721 0.1891172 -0.0435355 0.0051481 0.9809755
1740546924.552937 -0.4478494 -1.7522185 6.7331209 0.1803592 -0.0411392 0.0049118 0.9827279
1740546924.655383 -0.4810683 -1.7520188 6.7338319 0.1805105 -0.0342813 0.0059462 0.9829575
1740546924.763518 -0.4842232 -1.7461708 6.7450399 0.1809160 -0.0325613 0.0060784 0.9829406
1740546924.863393 -0.4713720 -1.7594094 6.7533937 0.1781478 -0.0334220 0.0051102 0.9834227
1740546924.970096 -0.4722827 -1.7660828 6.7674956 0.1761301 -0.0331179 0.0065514 0.9837878
1740546925.074808 -0.4583232 -1.7745482 6.7819147 0.1723208 -0.0376539 0.0071840 0.9842948
1740546925.175559 -0.4444049 -1.7825303 6.8132129 0.1714966 -0.0409933 0.0087773 0.9842924
1740546925.284380 -0.4463753 -1.8031814 6.8575554 0.1711031 -0.0449473 0.0081896 0.9841933
1740546925.386081 -0.3981449 -1.8112777 6.8814754 0.1696954 -0.0531857 0.0081729 0.9840264
1740546925.593907 -0.3307772 -1.8166577 6.9217224 0.1692517 -0.0692805 0.0083725 0.9830992
1740546925.702548 -0.3320316 -1.8069088 6.9439135 0.1692476 -0.0710957 0.0083490 0.9829705
1740546925.806005 -0.3646630 -1.8209811 6.9575281 0.1647279 -0.0660185 0.0093087 0.9840832
1740546925.911906 -0.3899848 -1.8258075 6.9749331 0.1617647 -0.0615287 0.0105547 0.9848528
1740546926.023218 -0.3785100 -1.8328018 6.9781179 0.1584437 -0.0654989 0.0079821 0.9851608
1740546926.132260 -0.3547623 -1.8300070 6.9990954 0.1606308 -0.0735558 0.0083162 0.9842348
1740546926.247516 -0.3432761 -1.8418083 7.0122929 0.1555657 -0.0767532 0.0062288 0.9848195
1740546926.355492 -0.3496339 -1.8556110 7.0184755 0.1515380 -0.0764321 0.0061802 0.9854726
1740546926.468853 -0.3538296 -1.8577381 7.0275102 0.1503741 -0.0777658 0.0056436 0.9855497
1740546926.578026 -0.3591759 -1.8665936 7.0404816 0.1484767 -0.0783175 0.0056203 0.9857938
1740546926.690290 -0.3507812 -1.8637955 7.0595217 0.1477926 -0.0821557 0.0033830 0.9855944
1740546926.801779 -0.3547721 -1.8720151 7.0575786 0.1422093 -0.0808998 0.0010012 0.9865246
1740546926.910439 -0.3655736 -1.8739538 7.0650377 0.1399728 -0.0785208 0.0004847 0.9870369
1740546927.025348 -0.3749041 -1.8810997 7.0712671 0.1365931 -0.0761705 -0.0014383 0.9876934
1740546927.133314 -0.3982072 -1.8985476 7.0972624 0.1326640 -0.0722862 -0.0011161 0.9885210
1740546927.247266 -0.4160351 -1.9128151 7.1110864 0.1284496 -0.0677066 -0.0011412 0.9894015
1740546927.355732 -0.4368700 -1.9193298 7.1313829 0.1273594 -0.0631263 0.0001932 0.9898458
1740546927.471259 -0.4569905 -1.9373834 7.1570559 0.1249839 -0.0588561 0.0005296 0.9904114
1740546927.583092 -0.4643930 -1.9461141 7.1924806 0.1230322 -0.0553866 -0.0002046 0.9908559
1740546927.702077 -0.4811812 -1.9535980 7.2181401 0.1210127 -0.0513278 0.0008410 0.9913227
1740546927.812560 -0.4875635 -1.9798934 7.2518964 0.1196116 -0.0468901 0.0016713 0.9917114
1740546927.922158 -0.4939062 -1.9895140 7.2935677 0.1220031 -0.0444967 0.0013658 0.9915309
1740546928.036849 -0.4854293 -2.0076034 7.3386688 0.1243535 -0.0417843 0.0012484 0.9913570
1740546928.141962 -0.4867031 -2.0249903 7.3669271 0.1256873 -0.0371296 0.0018455 0.9913731
1740546928.263453 -0.5008503 -2.0260279 7.3900886 0.1281312 -0.0311555 0.0027299 0.9912640
1740546928.373367 -0.5115795 -2.0272522 7.4131918 0.1322167 -0.0258045 0.0028193 0.9908809
1740546928.489241 -0.5339016 -2.0310519 7.4416471 0.1351281 -0.0190182 0.0046065 0.9906349
1740546928.600853 -0.5369110 -2.0429909 7.4788303 0.1405175 -0.0139575 0.0048327 0.9899681
1740546928.714982 -0.5442043 -2.0502977 7.5112586 0.1454319 -0.0075452 0.0055501 0.9893240
1740546928.826787 -0.5508172 -2.0558894 7.5421314 0.1527348 -0.0017770 0.0060841 0.9882469
1740546928.946308 -0.5506422 -2.0570395 7.5692062 0.1619617 0.0041252 0.0065533 0.9867666
1740546929.060895 -0.5575007 -2.0661464 7.5967560 0.1690862 0.0118912 0.0074500 0.9855014
1740546929.172939 -0.5590576 -2.0798674 7.6328168 0.1744642 0.0205180 0.0091868 0.9844069
1740546929.295756 -0.5617632 -2.0952926 7.6861463 0.1798695 0.0285494 0.0113565 0.9832106
1740546929.405279 -0.5639185 -2.1065769 7.7201471 0.1855841 0.0383789 0.0139086 0.9817801
1740546929.518326 -0.5685761 -2.1140501 7.7477283 0.1916776 0.0490729 0.0164385 0.9800925
1740546929.625906 -0.5651652 -2.1352222 7.7903652 0.1982060 0.0586959 0.0177868 0.9782397
1740546929.738274 -0.5783719 -2.1495457 7.8312335 0.2041592 0.0695701 0.0195875 0.9762660
1740546929.850302 -0.5896525 -2.1619775 7.8733101 0.2131980 0.0797489 0.0204651 0.9735337
1740546929.964135 -0.5969003 -2.1647725 7.9357209 0.2262533 0.0884050 0.0206370 0.9698290
1740546930.076639 -0.6268107 -2.1732652 7.9846754 0.2323747 0.0999255 0.0245504 0.9671682
1740546930.191473 -0.6937997 -2.1513722 8.0118504 0.2407000 0.1141222 0.0291995 0.9634247
1740546930.309585 -0.7430255 -2.1371937 8.0364761 0.2477456 0.1276672 0.0338876 0.9597785
1740546930.418481 -0.7908136 -2.1299915 8.0447111 0.2530501 0.1409121 0.0378619 0.9563869
1740546930.535706 -0.8186319 -2.1241395 8.0357466 0.2551049 0.1551211 0.0442552 0.9533628
1740546930.645282 -0.8261259 -2.1420002 8.0364208 0.2545163 0.1657558 0.0479237 0.9515513
1740546930.769881 -0.8153735 -2.1543102 8.0265799 0.2482834 0.1729648 0.0537763 0.9516022
1740546930.878567 -0.8161209 -2.1582851 8.0264330 0.2452461 0.1815946 0.0593592 0.9504495
1740546930.990502 -0.7505646 -2.2328050 8.0377121 0.2424699 0.1827514 0.0622319 0.9507563
1740546931.099399 -0.6437047 -2.3009307 8.0753727 0.2421439 0.1840681 0.0624483 0.9505711
1740546931.213950 -0.5890330 -2.3365707 8.1404276 0.2462213 0.1901676 0.0615933 0.9483764
1740546931.320392 -0.5597828 -2.3674948 8.1661625 0.2467026 0.1999629 0.0621769 0.9461959
1740546931.441924 -0.5094617 -2.4270709 8.2255287 0.2496715 0.2042443 0.0640969 0.9443728
1740546931.553608 -0.4530941 -2.4723458 8.2705784 0.2515094 0.2060763 0.0654336 0.9433950
1740546931.662161 -0.3996714 -2.5023603 8.3126659 0.2538598 0.2080076 0.0658963 0.9423088
1740546931.776326 -0.3643126 -2.5578694 8.3858948 0.2545164 0.2122000 0.0677924 0.9410615
1740546931.882694 -0.3126615 -2.6106453 8.4529209 0.2552219 0.2155623 0.0690421 0.9400148
1740546931.995031 -0.2485489 -2.6620216 8.5014715 0.2560232 0.2180323 0.0696895 0.9391791
1740546932.107151 -0.1877941 -2.7056899 8.5438576 0.2572365 0.2192142 0.0706342 0.9385017
1740546932.221145 -0.1207406 -2.7535522 8.5948744 0.2593823 0.2217200 0.0714973 0.9372563
1740546932.332961 -0.0558158 -2.7968836 8.6376772 0.2597703 0.2235485 0.0725229 0.9366354
1740546932.447120 0.0179832 -2.8499551 8.6821251 0.2610089 0.2258105 0.0746384 0.9355817
1740546932.554362 0.0768072 -2.8868408 8.7368679 0.2619523 0.2284557 0.0744697 0.9346889
1740546932.661919 0.1329873 -2.9290133 8.7956285 0.2637532 0.2319215 0.0749627 0.9332884
1740546932.773158 0.1957464 -2.9473066 8.8433104 0.2667147 0.2327886 0.0748371 0.9322404
1740546932.881375 0.2603612 -2.9748342 8.8941803 0.2693534 0.2337261 0.0742049 0.9312972
1740546932.991602 0.2961965 -3.0125525 8.9732285 0.2700666 0.2369723 0.0745652 0.9302410
1740546933.099005 0.3600338 -3.0390894 9.0364065 0.2727583 0.2392183 0.0750245 0.9288427
1740546933.210330 0.4262321 -3.0806925 9.0818357 0.2734959 0.2414454 0.0759233 0.9279761
1740546933.315626 0.4767727 -3.1506457 9.1274929 0.2725515 0.2448796 0.0772951 0.9272406
1740546933.420922 0.5469249 -3.1815820 9.1951141 0.2767382 0.2480873 0.0766447 0.9251996
1740546933.532410 0.6133419 -3.2382171 9.2503185 0.2793672 0.2516322 0.0765121 0.9234615
1740546933.639192 0.6867978 -3.2894707 9.2964134 0.2821929 0.2538863 0.0764498 0.9219893
1740546933.752388 0.7376788 -3.3592770 9.3491936 0.2844566 0.2571257 0.0771134 0.9203392
1740546933.859970 0.7865353 -3.4174404 9.4208546 0.2881267 0.2608907 0.0769217 0.9181515
1740546933.970893 0.8495328 -3.4653690 9.4845543 0.2919121 0.2633579 0.0762153 0.9163085
1740546934.081718 0.9065390 -3.5315225 9.5469170 0.2949165 0.2663288 0.0761886 0.9144881
1740546934.184836 0.9654601 -3.5842497 9.6103754 0.2983491 0.2688455 0.0759418 0.9126570
1740546934.297409 1.0036738 -3.6328058 9.6905594 0.3017180 0.2715076 0.0753877 0.9108055
1740546934.525160 1.1190183 -3.7179041 9.8411493 0.3090629 0.2755221 0.0745317 0.9072005
1740546934.630057 1.1677498 -3.7708163 9.9134579 0.3125258 0.2779938 0.0738141 0.9053169
1740546934.744239 1.2277858 -3.8278327 9.9716921 0.3157161 0.2797178 0.0733432 0.9037157
1740546934.848960 1.3019582 -3.8838015 10.0300455 0.3195637 0.2811050 0.0725123 0.9019983
1740546934.966763 1.3603835 -3.9452119 10.0845051 0.3230575 0.2826308 0.0722078 0.9002998
1740546935.069712 1.4183064 -4.0085921 10.1426268 0.3267195 0.2841489 0.0712823 0.8985726
1740546935.177032 1.4688590 -4.0764446 10.1921644 0.3276346 0.2837145 0.0706381 0.8984275
1740546935.394566 1.5825546 -4.1902890 10.3198719 0.3372485 0.2882186 0.0688452 0.8935624
1740546935.503743 1.6443670 -4.2446308 10.3815689 0.3405042 0.2894174 0.0680479 0.8920000
1740546935.610565 1.7047535 -4.3039660 10.4376087 0.3438931 0.2902102 0.0672934 0.8904983
1740546935.718680 1.7621812 -4.3754826 10.4922991 0.3467300 0.2916842 0.0668410 0.8889494
1740546935.825849 1.8196672 -4.4431996 10.5444393 0.3502385 0.2926870 0.0658981 0.8873132
1740546935.930014 1.8796060 -4.5072050 10.5967560 0.3534793 0.2935840 0.0652574 0.8857778
1740546936.148766 1.9978789 -4.6237006 10.7114010 0.3596485 0.2952629 0.0636110 0.8828513
1740546936.256915 2.0594230 -4.6863914 10.7658024 0.3614425 0.2954575 0.0630233 0.8820955
1740546936.471828 2.1791327 -4.8079982 10.8787270 0.3683347 0.2979689 0.0616212 0.8784913
1740546936.682019 2.2853451 -4.9439850 10.9839430 0.3740159 0.3003136 0.0605803 0.8753594
1740546936.790234 2.3506021 -5.0166063 11.0301476 0.3769036 0.3013005 0.0597294 0.8738388
1740546937.115304 2.5120199 -5.2230940 11.1798248 0.3840773 0.3056420 0.0589751 0.8692465
1740546937.331974 2.6322405 -5.3576784 11.2722464 0.3882804 0.3093391 0.0583091 0.8661107
1740546937.542520 2.7529321 -5.4692297 11.3910351 0.3925877 0.3126841 0.0586168 0.8629413
1740546937.749039 2.8610759 -5.6088171 11.4942131 0.3968743 0.3179813 0.0585771 0.8590387
1740546937.966059 2.9751925 -5.7417383 11.5803642 0.4004585 0.3228470 0.0596791 0.8554772
1740546938.166778 3.1021805 -5.8879938 11.6759014 0.4057923 0.3295953 0.0607453 0.8502997
1740546938.375386 3.2329934 -6.0205927 11.7579880 0.4101385 0.3373448 0.0620997 0.8450612
1740546938.584260 3.3722053 -6.1599073 11.8213043 0.4127190 0.3458069 0.0649302 0.8401575
1740546938.787327 3.5022418 -6.3030834 11.8846283 0.4158020 0.3555636 0.0677534 0.8343217
1740546938.997170 3.6493573 -6.4333849 11.9459877 0.4181963 0.3658172 0.0718278 0.8283299
1740546939.304081 3.8554180 -6.6283436 12.0429096 0.4214309 0.3825722 0.0780813 0.8184974
1740546939.604132 4.0934048 -6.7884426 12.1350136 0.4222587 0.3997674 0.0848026 0.8091305
1740546939.815530 4.2658434 -6.8908601 12.1792564 0.4237544 0.4105278 0.0895694 0.8024191
1740546940.028442 4.4438400 -7.0016761 12.2179985 0.4246826 0.4199868 0.0928592 0.7966385
1740546941.035000 5.2739162 -7.5651236 12.3895826 0.4354063 0.4547224 0.1040147 0.7699544
1740546941.349976 5.5212173 -7.7417297 12.4500799 0.4418437 0.4613945 0.1025089 0.7624836
1740546941.564308 5.6862535 -7.8588347 12.4826536 0.4473381 0.4653782 0.1009230 0.7570511
1740546941.792314 5.8485165 -7.9845958 12.4930973 0.4524410 0.4693702 0.0989605 0.7517949
1740546942.115896 6.0771961 -8.1853933 12.4925652 0.4600608 0.4748152 0.0960995 0.7440830
1740546942.339204 6.2458458 -8.3037462 12.4933186 0.4650404 0.4773864 0.0942102 0.7395702
1740546942.551262 6.4140415 -8.4172153 12.4893847 0.4693938 0.4799637 0.0927591 0.7353231
1740546942.762717 6.5676060 -8.5521622 12.5031910 0.4728495 0.4838931 0.0917275 0.7306483
1740546943.083173 6.8082900 -8.7244387 12.5458717 0.4771964 0.4889338 0.0917032 0.7244431
1740546943.293975 6.9796209 -8.8361483 12.5535936 0.4794976 0.4923728 0.0918501 0.7205656
1740546943.507083 7.1429605 -8.9609966 12.5647097 0.4811766 0.4958701 0.0924399 0.7169636
1740546943.714983 7.3024249 -9.0823002 12.5535574 0.4829244 0.4990983 0.0925801 0.7135222
1740546943.933601 7.4677477 -9.2019615 12.5548172 0.4840099 0.5024690 0.0938637 0.7102457
1740546944.152781 7.6178455 -9.3281364 12.5524607 0.4849763 0.5055088 0.0944624 0.7073442
1740546944.366465 7.7743902 -9.4536972 12.5247383 0.4857389 0.5090486 0.0958825 0.7040837
1740546944.584179 7.9543486 -9.5398436 12.5462818 0.4873653 0.5114650 0.0969255 0.7010593
1740546944.803766 8.1257114 -9.6439133 12.5598173 0.4879234 0.5146521 0.0973832 0.6982696
1740546945.021001 8.2871647 -9.7609692 12.5521383 0.4887429 0.5171570 0.0986836 0.6956584
1740546945.233559 8.4539299 -9.8665466 12.5416203 0.4897925 0.5193725 0.0988089 0.6932477
1740546945.567828 8.6907978 -10.0441742 12.5114231 0.4905739 0.5218274 0.0996810 0.6907221
1740546945.886208 8.9324932 -10.2093639 12.4898081 0.4916621 0.5238094 0.1002002 0.6883691
1740546946.093956 9.0806131 -10.3314915 12.4504070 0.4916735 0.5242097 0.1005430 0.6880061
1740546946.310703 9.2384787 -10.4500923 12.4510927 0.4916361 0.5243168 0.1007256 0.6879246
1740546946.521322 9.4060802 -10.5551510 12.4553413 0.4915319 0.5235620 0.1009559 0.6885399
1740546946.833879 9.6673517 -10.6940794 12.4589090 0.4908436 0.5217733 0.1005153 0.6904505
1740546947.140331 9.9039173 -10.8702888 12.4627914 0.4896979 0.5198785 0.0998281 0.6927891
1740546947.356563 10.0574322 -10.9885101 12.4518023 0.4892123 0.5178192 0.0990743 0.6947798
1740546947.677890 10.2968445 -11.1451893 12.4518290 0.4893115 0.5144129 0.0972670 0.6974904
1740546947.894706 10.4430790 -11.2691154 12.4609728 0.4894345 0.5124208 0.0955887 0.6991006
1740546948.216507 10.6759710 -11.4260406 12.4668951 0.4911778 0.5081926 0.0919517 0.7014483
1740546948.539624 10.8986006 -11.5920410 12.4803209 0.4940665 0.5045002 0.0876330 0.7026367
1740546948.757998 11.0390520 -11.7077541 12.4875908 0.4963963 0.5017374 0.0846842 0.7033342
1740546949.074729 11.2470169 -11.8805962 12.4849968 0.5015908 0.4985607 0.0787245 0.7025997
1740546949.289855 11.3787289 -11.9993076 12.4752197 0.5051458 0.4963982 0.0744585 0.7020488
1740546949.508402 11.5106106 -12.1212654 12.4695301 0.5091631 0.4945183 0.0700411 0.7009271
1740546949.615710 11.5797558 -12.1710749 12.4525471 0.5110762 0.4931836 0.0675240 0.7007222
1740546949.730560 11.6372023 -12.2411098 12.4537849 0.5130614 0.4926538 0.0658437 0.6998034
1740546949.842694 11.6936913 -12.3107977 12.4593830 0.5155465 0.4921100 0.0632447 0.6985984
1740546950.067240 11.8497543 -12.4142981 12.4469414 0.5201742 0.4882693 0.0581760 0.6983032
1740546950.169286 11.8927860 -12.4889278 12.4547558 0.5224320 0.4884569 0.0564647 0.6966249
1740546950.382521 11.9772530 -12.6328144 12.4491997 0.5264133 0.4878948 0.0531196 0.6942810
1740546950.483516 12.0354548 -12.6950006 12.4313908 0.5279756 0.4861838 0.0505788 0.6944847
1740546950.700071 12.2096224 -12.8272476 12.4202480 0.5321221 0.4834209 0.0459506 0.6935696
1740546950.808137 12.2405806 -12.8844223 12.4244537 0.5339381 0.4821857 0.0445107 0.6931276
1740546950.911753 12.2921820 -12.9643145 12.4356823 0.5358428 0.4809581 0.0427605 0.6926207
1740546951.019119 12.3353567 -13.0300770 12.4237232 0.5369673 0.4799775 0.0407656 0.6925503
1740546951.122413 12.3779020 -13.1033068 12.4268417 0.5385785 0.4796572 0.0381188 0.6916713
1740546951.224600 12.4488029 -13.1614742 12.4331951 0.5407540 0.4784480 0.0358066 0.6909345
1740546951.335097 12.4894295 -13.2183685 12.4293098 0.5415475 0.4771898 0.0335625 0.6912958
1740546951.434442 12.5616283 -13.2848368 12.4380493 0.5442286 0.4749781 0.0318268 0.6907953
1740546951.541909 12.6331396 -13.3586693 12.4208755 0.5450028 0.4732695 0.0291326 0.6914762
1740546951.644881 12.6811638 -13.4282856 12.4047050 0.5455157 0.4712506 0.0271257 0.6925314
1740546951.759150 12.7146082 -13.5285673 12.3942795 0.5463510 0.4703128 0.0278365 0.6924822
1740546951.863354 12.7698917 -13.6013670 12.4051495 0.5476918 0.4693142 0.0263141 0.6921600
1740546951.966722 12.7938471 -13.6618032 12.3978958 0.5472810 0.4675208 0.0251101 0.6937414
1740546952.073371 12.8191929 -13.7371197 12.3856068 0.5481839 0.4646253 0.0252261 0.6949687
1740546952.175366 12.8367262 -13.7971020 12.3807087 0.5483925 0.4628351 0.0241549 0.6960359
1740546952.287034 12.8523817 -13.8501949 12.3823757 0.5503715 0.4610079 0.0217378 0.6957662
1740546952.388781 12.8604851 -13.8936901 12.3751793 0.5501040 0.4592482 0.0213138 0.6971530
1740546952.490340 12.8787403 -13.9774075 12.3600559 0.5497736 0.4576455 0.0199285 0.6985073
1740546952.603447 12.8990068 -14.0427017 12.3559685 0.5499687 0.4566007 0.0178399 0.6990936
1740546952.705468 12.9143190 -14.0963907 12.3468189 0.5498345 0.4542541 0.0162026 0.7007659
1740546952.824532 12.9285116 -14.1410675 12.3493080 0.5500541 0.4524192 0.0156822 0.7017916
1740546952.929710 12.9428501 -14.1908236 12.3426819 0.5502971 0.4490488 0.0155778 0.7037653
1740546953.043696 12.9527283 -14.2313538 12.3361855 0.5501879 0.4466553 0.0147977 0.7053888
1740546953.145914 12.9740686 -14.3013172 12.3613415 0.5516447 0.4472924 0.0118576 0.7039013
1740546953.261714 13.0043030 -14.3922234 12.3857002 0.5520630 0.4459305 0.0118341 0.7044376
1740546953.359203 13.0375595 -14.4771881 12.3797665 0.5513895 0.4455289 0.0099288 0.7052482
1740546953.461550 13.0579357 -14.5263557 12.3718643 0.5521947 0.4415970 0.0087087 0.7071049
1740546953.572172 13.0723858 -14.5682793 12.3678532 0.5533714 0.4376931 0.0059788 0.7086388
1740546953.669173 13.0875053 -14.6128578 12.3618927 0.5531901 0.4340821 0.0033044 0.7110152
1740546953.772288 13.1029320 -14.7008057 12.3740730 0.5533589 0.4331973 0.0037798 0.7114210
1740546953.870333 13.1160250 -14.7935009 12.3795738 0.5530090 0.4323635 0.0031646 0.7122029
1740546953.968208 13.1598644 -14.8578072 12.3884106 0.5546687 0.4282645 0.0000341 0.7133948
1740546954.069535 13.1805496 -14.9326668 12.3936596 0.5542750 0.4255879 -0.0015371 0.7152984
1740546954.170966 13.1870222 -15.0161419 12.3891354 0.5532132 0.4222306 -0.0026334 0.7181014
1740546954.274361 13.2318087 -15.0896511 12.3926392 0.5540137 0.4177031 -0.0055129 0.7201128
1740546954.374692 13.2798948 -15.1757069 12.3921986 0.5545807 0.4141581 -0.0073301 0.7217060
1740546954.472279 13.3167439 -15.2338772 12.4010696 0.5558373 0.4095260 -0.0114123 0.7233278
1740546954.575004 13.3415413 -15.2936306 12.3942833 0.5557080 0.4032861 -0.0159695 0.7268384
1740546954.675043 13.3605375 -15.3465338 12.3882713 0.5562542 0.3967848 -0.0193084 0.7299111
1740546954.779822 13.3908825 -15.4075699 12.3944664 0.5559095 0.3931960 -0.0237896 0.7319806
1740546954.878146 13.4284458 -15.4732428 12.3934021 0.5563631 0.3863779 -0.0289636 0.7350737
1740546954.976416 13.4546967 -15.5497322 12.4232540 0.5575101 0.3819340 -0.0333737 0.7363390
1740546955.078599 13.4838257 -15.6245642 12.4226952 0.5569794 0.3754429 -0.0371677 0.7398886
1740546955.177546 13.5120411 -15.6816444 12.4217796 0.5577251 0.3678997 -0.0422367 0.7428382
1740546955.286581 13.5333929 -15.7507448 12.4234905 0.5568421 0.3609515 -0.0465508 0.7466417
1740546955.383170 13.5565758 -15.8403301 12.4198589 0.5563110 0.3532901 -0.0494069 0.7505085
1740546955.478194 13.5762100 -15.9363365 12.4473743 0.5573546 0.3484340 -0.0526044 0.7517861
1740546955.582424 13.6023197 -16.0297947 12.4750557 0.5582570 0.3443744 -0.0577879 0.7526062
1740546955.678681 13.6219273 -16.1279583 12.4974842 0.5581832 0.3394333 -0.0616246 0.7545986
1740546955.788911 13.6521444 -16.2149124 12.5085526 0.5584158 0.3332774 -0.0677235 0.7566448
1740546955.886874 13.6685238 -16.3038921 12.5421696 0.5588937 0.3292167 -0.0711423 0.7577552
1740546955.980621 13.6852856 -16.3862839 12.5767746 0.5592810 0.3247400 -0.0761335 0.7589154
1740546956.084451 13.7014694 -16.4695511 12.6075153 0.5601668 0.3209265 -0.0810848 0.7593712
1740546956.180939 13.7203398 -16.5592194 12.6196175 0.5604103 0.3152491 -0.0850812 0.7611304
1740546956.297216 13.7359715 -16.6473427 12.6425591 0.5609404 0.3096805 -0.0893053 0.7625408
1740546956.390177 13.7589703 -16.7385960 12.6687450 0.5620786 0.3050839 -0.0942016 0.7629663
1740546956.486343 13.7822952 -16.8378448 12.7041607 0.5630983 0.3005317 -0.0981296 0.7635257
1740546956.584669 13.8036127 -16.9234390 12.7380791 0.5652896 0.2953072 -0.1027854 0.7633325
1740546956.680574 13.8198833 -17.0200500 12.7707596 0.5666333 0.2915327 -0.1073023 0.7631655
1740546956.792434 13.8458166 -17.1006680 12.7803993 0.5678299 0.2867017 -0.1123364 0.7633819
1740546956.886406 13.8706560 -17.1790657 12.7935429 0.5701664 0.2801666 -0.1169711 0.7633707
1740546956.987783 13.8925276 -17.2745476 12.8004856 0.5710385 0.2750978 -0.1212349 0.7638968
1740546957.086464 13.9170570 -17.3710365 12.8252659 0.5730808 0.2706129 -0.1250339 0.7633567
1740546957.182664 13.9353085 -17.4584045 12.8415623 0.5739456 0.2659963 -0.1294326 0.7635965
1740546957.282385 13.9565315 -17.5531158 12.8593121 0.5764506 0.2608214 -0.1333683 0.7628170
1740546957.382389 13.9628944 -17.6154442 12.8744507 0.5794091 0.2578990 -0.1368532 0.7609497
1740546957.476455 13.9797525 -17.6904068 12.8797359 0.5819744 0.2540212 -0.1393612 0.7598404
1740546957.578694 13.9930401 -17.7678642 12.9001007 0.5848411 0.2502294 -0.1431655 0.7581885
1740546957.676502 14.0062513 -17.8278828 12.9039707 0.5872135 0.2450472 -0.1477372 0.7571697
1740546957.772571 14.0278330 -17.8883820 12.9266243 0.5911279 0.2408102 -0.1534270 0.7543464
1740546957.878911 14.0359297 -17.9642143 12.9404087 0.5942158 0.2385042 -0.1555398 0.7522172
1740546957.976663 14.0522852 -18.0553474 12.9617233 0.5985090 0.2344976 -0.1583887 0.7494738
1740546958.079882 14.0731258 -18.1384163 12.9751339 0.6016020 0.2307562 -0.1628547 0.7471981
1740546958.177545 14.0920334 -18.2339840 12.9916630 0.6048837 0.2267427 -0.1664902 0.7449728
1740546958.273928 14.1080074 -18.3296490 13.0075054 0.6081109 0.2233470 -0.1693707 0.7427185
1740546958.379179 14.1233959 -18.4137802 13.0209332 0.6108271 0.2201300 -0.1731777 0.7405691
1740546958.478976 14.1380663 -18.5072346 13.0357170 0.6132681 0.2173680 -0.1755536 0.7388061
1740546958.584788 14.1464911 -18.6000214 13.0628395 0.6175239 0.2132649 -0.1776336 0.7359542
1740546958.680627 14.1606483 -18.7028828 13.0754223 0.6203865 0.2103074 -0.1803661 0.7337298
1740546958.795795 14.1615658 -18.8002892 13.0920944 0.6227868 0.2089606 -0.1830796 0.7314054
1740546958.889246 14.1495638 -18.8984489 13.0972767 0.6250036 0.2072396 -0.1843048 0.7296944
1740546958.988424 14.1665535 -18.9933395 13.1078033 0.6272867 0.2045088 -0.1860667 0.7280568
1740546959.087509 14.2010136 -19.0895557 13.1322765 0.6310792 0.2017838 -0.1884889 0.7249098
1740546959.188066 14.2034397 -19.1873741 13.1355553 0.6330881 0.1995664 -0.1902228 0.7233173
1740546959.295528 14.2011156 -19.2887402 13.1361160 0.6349214 0.1976859 -0.1927837 0.7215466
1740546959.389694 14.1956081 -19.3871861 13.1402664 0.6364712 0.1961389 -0.1939486 0.7202902
1740546959.485725 14.2022152 -19.4861832 13.1472073 0.6376161 0.1947845 -0.1961258 0.7190545
1740546959.587548 14.2295265 -19.5762177 13.1719475 0.6396801 0.1933363 -0.1970248 0.7173643
1740546959.687241 14.2710161 -19.6549797 13.2007198 0.6423571 0.1917790 -0.1994688 0.7147101
1740546959.795101 14.3265686 -19.7257195 13.2213669 0.6444805 0.1888750 -0.2028430 0.7126189
1740546959.890411 14.3630657 -19.8054180 13.2306175 0.6459700 0.1868179 -0.2045062 0.7113361
1740546959.988003 14.3800125 -19.9020939 13.2470970 0.6482058 0.1852523 -0.2049755 0.7095745
1740546960.092711 14.3874016 -20.0045128 13.2606449 0.6490082 0.1841251 -0.2057224 0.7089180
1740546960.192471 14.3921766 -20.0946598 13.2773762 0.6497744 0.1836046 -0.2079246 0.7077075
1740546960.296202 14.3880911 -20.1889191 13.2892342 0.6502165 0.1835335 -0.2080291 0.7072890
1740546960.396186 14.3875847 -20.2876816 13.3029156 0.6508908 0.1830647 -0.2082177 0.7067347
1740546960.494831 14.3874254 -20.3868217 13.3093281 0.6511461 0.1827736 -0.2087187 0.7064269
1740546960.599763 14.3769684 -20.4893837 13.3152428 0.6516719 0.1826499 -0.2088381 0.7059387
1740546960.695450 14.3737984 -20.5936546 13.3236885 0.6525483 0.1822956 -0.2093495 0.7050686
1740546960.806324 14.3649454 -20.6972618 13.3315144 0.6526952 0.1821218 -0.2093056 0.7049906
1740546960.902577 14.3554306 -20.7988968 13.3378563 0.6526289 0.1822075 -0.2094702 0.7049811
1740546961.002333 14.3608370 -20.8987293 13.3594818 0.6528612 0.1821881 -0.2097476 0.7046884
1740546961.106744 14.3685589 -20.9935207 13.3671589 0.6526420 0.1814831 -0.2102641 0.7049194
1740546961.205535 14.3656158 -21.0953503 13.3800716 0.6530843 0.1814708 -0.2101760 0.7045391
1740546961.410553 14.3518438 -21.3034725 13.3987637 0.6522895 0.1822354 -0.2092927 0.7053406
1740546961.613572 14.3416872 -21.5084534 13.4241486 0.6519495 0.1828509 -0.2088600 0.7056237
1740546961.713264 14.3413162 -21.6084785 13.4409962 0.6521690 0.1835040 -0.2086694 0.7053077
1740546961.921953 14.3443880 -21.8077755 13.4515896 0.6514829 0.1837638 -0.2079633 0.7060823
1740546962.019387 14.3252306 -21.9082222 13.4664059 0.6513923 0.1854489 -0.2067658 0.7060769
1740546962.125557 14.3296261 -22.0110970 13.4721336 0.6508203 0.1857064 -0.2064479 0.7066295
1740546962.225619 14.3216305 -22.1128197 13.4792347 0.6503294 0.1865257 -0.2058156 0.7070501
1740546962.433936 14.3283978 -22.3173981 13.4910812 0.6487275 0.1872103 -0.2052818 0.7084944
1740546962.532906 14.3094692 -22.4160461 13.5064983 0.6480602 0.1884968 -0.2040286 0.7091257
1740546962.637604 14.3044624 -22.5173798 13.5180225 0.6471796 0.1893330 -0.2037027 0.7098005
1740546962.736457 14.3023844 -22.6168098 13.5332985 0.6465335 0.1899933 -0.2027065 0.7104977
1740546962.852841 14.2983694 -22.7206612 13.5445213 0.6453413 0.1910115 -0.2023111 0.7114207
1740546962.953157 14.3006496 -22.8179283 13.5731964 0.6448321 0.1921330 -0.2014278 0.7118311
1740546963.171938 14.3220606 -23.0238724 13.5949497 0.6413629 0.1932483 -0.2004286 0.7149385
1740546963.270769 14.3137932 -23.1254578 13.6085644 0.6401920 0.1944515 -0.1992797 0.7159821
1740546963.377618 14.3107281 -23.2221432 13.6294994 0.6390244 0.1958419 -0.1976590 0.7170946
1740546963.478618 14.3206959 -23.3236141 13.6340122 0.6371887 0.1962754 -0.1971495 0.7187479
1740546963.689610 14.3392162 -23.5248108 13.6534081 0.6327034 0.1979651 -0.1957769 0.7226117
1740546963.791396 14.3367262 -23.6201248 13.6817188 0.6313862 0.1997798 -0.1948544 0.7235132
1740546963.899438 14.3070230 -23.7182999 13.7223663 0.6303188 0.2021523 -0.1921586 0.7245051
1740546964.002557 14.3075113 -23.8189201 13.7511921 0.6285619 0.2039036 -0.1911060 0.7258181
1740546964.109858 14.3126812 -23.9200077 13.7566566 0.6261421 0.2048631 -0.1903624 0.7278319
1740546964.213769 14.3149767 -24.0189991 13.7830257 0.6244298 0.2063912 -0.1891456 0.7291872
1740546964.321677 14.3365765 -24.1136551 13.8075676 0.6224065 0.2075437 -0.1886021 0.7307290
1740546964.424452 14.3364391 -24.2138596 13.8332577 0.6207848 0.2091349 -0.1864563 0.7322041
1740546964.524925 14.3640127 -24.3055534 13.8332825 0.6177686 0.2091601 -0.1860394 0.7348492
1740546964.629595 14.3767824 -24.4071770 13.8681736 0.6169336 0.2108065 -0.1843221 0.7355128
1740546964.730631 14.3966284 -24.5019188 13.8800564 0.6145553 0.2120473 -0.1840927 0.7372026
1740546964.847231 14.4073706 -24.5963364 13.9158554 0.6141145 0.2130509 -0.1826008 0.7376514
1740546964.960405 14.4127235 -24.6923218 13.9428902 0.6132001 0.2146097 -0.1813345 0.7382724
1740546965.068234 14.4353676 -24.7813301 13.9605179 0.6125464 0.2154977 -0.1799885 0.7388855
1740546965.172278 14.4394560 -24.8795853 13.9957027 0.6125802 0.2162969 -0.1787355 0.7389281
1740546965.270931 14.4383030 -24.9730301 14.0370026 0.6128924 0.2181516 -0.1780769 0.7382827
1740546965.380597 14.4462643 -25.0625648 14.0645046 0.6138454 0.2192086 -0.1767628 0.7374933
1740546965.485038 14.4544983 -25.1553154 14.0940495 0.6143068 0.2196778 -0.1760599 0.7371375
1740546965.597814 14.4653692 -25.2502403 14.1192093 0.6148095 0.2205180 -0.1755852 0.7365806
1740546965.702233 14.4811802 -25.3488350 14.1287537 0.6148841 0.2203428 -0.1759917 0.7364737
1740546965.816989 14.4897127 -25.4496346 14.1434116 0.6150419 0.2198444 -0.1761118 0.7364622
1740546965.915765 14.5071640 -25.5507698 14.1585464 0.6152418 0.2192001 -0.1773314 0.7361945
1740546966.019790 14.5190048 -25.6441460 14.1791878 0.6157753 0.2178952 -0.1784185 0.7358732
1740546966.129746 14.5235748 -25.7335815 14.2005692 0.6163297 0.2161516 -0.1804709 0.7354226
1740546966.233336 14.5257750 -25.8331909 14.2256031 0.6174339 0.2143931 -0.1819487 0.7346466
1740546966.347528 14.5179138 -25.9216785 14.2575912 0.6190113 0.2125864 -0.1838590 0.7333674
1740546966.452866 14.5317001 -26.0208073 14.2580833 0.6201781 0.2092102 -0.1874905 0.7324327
1740546966.558075 14.5486078 -26.1202354 14.2495537 0.6197343 0.2048208 -0.1906914 0.7332220
1740546966.659652 14.5664501 -26.2211227 14.2682610 0.6203031 0.2007844 -0.1942634 0.7329198
1740546966.760575 14.5717773 -26.3137798 14.3099022 0.6210734 0.1965970 -0.1985395 0.7322565
1740546966.873466 14.5762901 -26.4146805 14.3316040 0.6213752 0.1915932 -0.2027441 0.7321746
1740546966.976970 14.5756063 -26.5085793 14.3583393 0.6219450 0.1860949 -0.2074024 0.7318042
1740546967.085728 14.5731316 -26.6071873 14.3756256 0.6222613 0.1795517 -0.2123327 0.7317560
1740546967.185822 14.5573521 -26.7057343 14.4087009 0.6230334 0.1735406 -0.2175541 0.7310152
1740546967.285405 14.5398407 -26.7967300 14.4514694 0.6238655 0.1676643 -0.2234388 0.7299011
1740546967.407467 14.5200462 -26.8887405 14.4741383 0.6237496 0.1605210 -0.2294159 0.7297519
1740546967.508553 14.4902029 -26.9885788 14.4998760 0.6246930 0.1534907 -0.2349322 0.7287017
1740546967.616325 14.4597416 -27.0831718 14.5225544 0.6255450 0.1462403 -0.2403080 0.7277082
1740546967.717135 14.4431915 -27.1726456 14.5581112 0.6269872 0.1386942 -0.2464088 0.7259020
1740546967.824471 14.4228230 -27.2679100 14.5797138 0.6279608 0.1315746 -0.2525657 0.7242678
1740546967.925025 14.4018288 -27.3669243 14.5913639 0.6282840 0.1237750 -0.2586443 0.7232165
1740546968.022825 14.3803072 -27.4677010 14.6128654 0.6295707 0.1170437 -0.2639737 0.7212901
1740546968.228295 14.3225641 -27.6632843 14.6411610 0.6321691 0.1030687 -0.2747355 0.7171189
1740546968.433454 14.2529335 -27.8509693 14.6737442 0.6352422 0.0892790 -0.2851619 0.7121652
1740546968.736391 14.1358500 -28.1347389 14.7257423 0.6395519 0.0712544 -0.2988894 0.7046711
1740546969.043553 14.0370846 -28.4180622 14.7747307 0.6440870 0.0557693 -0.3106458 0.6968077
1740546969.356837 13.8978329 -28.6917763 14.7884865 0.6463444 0.0428021 -0.3200348 0.6913644
1740546969.555346 13.7903814 -28.8652115 14.8054256 0.6465570 0.0366549 -0.3253642 0.6890273
1740546969.758873 13.6964207 -29.0441742 14.8260937 0.6453392 0.0307717 -0.3301316 0.6881886
1740546969.972179 13.6022778 -29.2138176 14.8635120 0.6425539 0.0279609 -0.3330514 0.6895067
1740546970.173903 13.5290384 -29.3959541 14.8972759 0.6380523 0.0255559 -0.3363924 0.6921534
1740546970.272704 13.4932175 -29.4872589 14.9152546 0.6349955 0.0242679 -0.3381371 0.6941578
1740546970.375651 13.4544382 -29.5735512 14.9392204 0.6316267 0.0236819 -0.3400102 0.6963332
1740546970.580710 13.3582325 -29.7347984 15.0062981 0.6249442 0.0238055 -0.3417479 0.7014887
1740546970.680734 13.3193464 -29.8124504 15.0421429 0.6212862 0.0241000 -0.3429413 0.7041406
1740546970.779418 13.2961864 -29.8859863 15.0882835 0.6174572 0.0237229 -0.3446124 0.7067009
1740546970.888789 13.2527819 -29.9715233 15.1166344 0.6127228 0.0243939 -0.3452145 0.7104946
1740546970.990032 13.2103071 -30.0586243 15.1455688 0.6077046 0.0252423 -0.3459956 0.7143843
1740546971.191704 13.1466579 -30.2384243 15.2218933 0.5978401 0.0276355 -0.3470017 0.7220896
1740546971.288922 13.1255951 -30.3331509 15.2537479 0.5920539 0.0286942 -0.3481432 0.7262542
1740546971.396345 13.1156569 -30.4038544 15.2997799 0.5877199 0.0294253 -0.3487727 0.7294362
1740546971.494782 13.1207800 -30.4491882 15.3577290 0.5842813 0.0306231 -0.3472477 0.7328687
1740546971.601622 13.1227350 -30.5192642 15.4233913 0.5794509 0.0314920 -0.3482004 0.7362075
1740546971.701182 13.1068296 -30.5976505 15.4643993 0.5736024 0.0324878 -0.3494284 0.7401517
1740546971.799231 13.0624962 -30.6757927 15.5072556 0.5682626 0.0344649 -0.3489493 0.7443952
1740546971.905539 13.0253210 -30.7467098 15.5702820 0.5636098 0.0366967 -0.3485281 0.7480144
1740546972.001516 12.9946775 -30.8367157 15.6046276 0.5575823 0.0380359 -0.3494444 0.7520265
1740546972.108517 13.0029783 -30.9034729 15.6721992 0.5528027 0.0386666 -0.3496997 0.7553967
1740546972.206842 13.0055485 -30.9643211 15.7442856 0.5491469 0.0395631 -0.3480558 0.7587686
1740546972.304470 13.0173082 -31.0192490 15.8093071 0.5445777 0.0407153 -0.3486402 0.7617266
1740546972.408756 13.0273046 -31.0432911 15.8442039 0.5410613 0.0425133 -0.3459086 0.7653708
1740546972.505696 13.0404491 -31.0703888 15.8812943 0.5369180 0.0436088 -0.3439490 0.7691010
1740546972.611657 13.0522652 -31.1148911 15.9403000 0.5335827 0.0461176 -0.3415058 0.7723578
1740546972.712135 13.0703611 -31.1537762 15.9974098 0.5308619 0.0475914 -0.3367838 0.7762071
1740546972.810828 13.0883121 -31.1908607 16.0503178 0.5287340 0.0494336 -0.3305398 0.7802181
1740546972.913390 13.1032152 -31.2263260 16.1024475 0.5267658 0.0522576 -0.3262718 0.7831562
1740546973.014024 13.1128178 -31.2593575 16.1414070 0.5234370 0.0552429 -0.3195082 0.7879571
1740546973.118321 13.1420393 -31.3019638 16.2039127 0.5177725 0.0545906 -0.3209165 0.7911663
1740546973.215883 13.1572275 -31.3408966 16.2512016 0.5132447 0.0558609 -0.3201832 0.7943187
1740546973.314884 13.1674786 -31.4196186 16.3192348 0.5091748 0.0559482 -0.3190171 0.7973951
1740546973.425149 13.1718388 -31.4787140 16.3662186 0.5028992 0.0578212 -0.3198765 0.8008922
1740546973.520858 13.2060509 -31.5305538 16.4407940 0.5009252 0.0573652 -0.3201887 0.8020363
1740546973.622711 13.2225790 -31.5865078 16.5017700 0.4963907 0.0588529 -0.3207723 0.8045109
1740546973.720845 13.2364511 -31.6141663 16.5338249 0.4912911 0.0593997 -0.3202015 0.8078216
1740546973.819851 13.2359667 -31.6669197 16.6089783 0.4884138 0.0610470 -0.3180822 0.8102771
1740546973.925257 13.2139969 -31.7397995 16.6715145 0.4838116 0.0629480 -0.3178892 0.8129640
1740546974.024044 13.2058325 -31.8148212 16.7325306 0.4794496 0.0648207 -0.3176531 0.8154894
1740546974.124801 13.2278385 -31.8894653 16.8082161 0.4762071 0.0643230 -0.3165673 0.8178475
1740546974.225396 13.2526073 -31.9554749 16.8845711 0.4722438 0.0645933 -0.3167265 0.8200597
1740546974.327632 13.2811785 -32.0204391 16.9577751 0.4677324 0.0650132 -0.3194256 0.8215637
1740546974.429516 13.2731237 -32.0992393 17.0064526 0.4616196 0.0657773 -0.3206108 0.8244935
1740546974.528018 13.2973013 -32.1556091 17.0681438 0.4555718 0.0661373 -0.3218009 0.8273599
1740546974.634667 13.3171988 -32.2039642 17.1319885 0.4520003 0.0676480 -0.3201095 0.8298491
1740546974.733602 13.3335581 -32.2747231 17.2045975 0.4477722 0.0683280 -0.3199648 0.8321381
1740546974.843933 13.3535442 -32.3402405 17.2782249 0.4432728 0.0691136 -0.3176608 0.8353587
1740546974.942106 13.3639927 -32.4105721 17.3410397 0.4377597 0.0704164 -0.3192541 0.8375469
1740546975.040211 13.3845282 -32.4737968 17.4118195 0.4335639 0.0712388 -0.3187720 0.8398404
1740546975.148241 13.3992872 -32.5477142 17.4889851 0.4286789 0.0720741 -0.3198470 0.8418656
1740546975.247698 13.4114523 -32.6106873 17.5508327 0.4228424 0.0738149 -0.3211446 0.8441693
1740546975.362530 13.4360094 -32.6823463 17.6276417 0.4182435 0.0741454 -0.3220502 0.8460842
1740546975.458557 13.4385271 -32.7538567 17.6906719 0.4125964 0.0774884 -0.3210965 0.8489151
1740546975.557440 13.4479408 -32.8111458 17.7440262 0.4054073 0.0816093 -0.3213107 0.8519063
1740546975.660870 13.4735413 -32.8757133 17.8139286 0.4011532 0.0832009 -0.3221123 0.8534621
1740546975.758518 13.4845533 -32.9458008 17.8797169 0.3950967 0.0861048 -0.3227419 0.8557583
1740546975.866451 13.4811707 -33.0125275 17.9395161 0.3883986 0.0912948 -0.3228305 0.8582495
1740546975.970159 13.4955120 -33.0849609 18.0111732 0.3834762 0.0931279 -0.3225387 0.8603731
1740546976.066877 13.4872799 -33.1511002 18.0848846 0.3778261 0.0978354 -0.3208724 0.8629696
1740546976.174536 13.4904366 -33.2135811 18.1636410 0.3730953 0.1013079 -0.3203565 0.8648170
1740546976.273510 13.5129948 -33.2772675 18.2319736 0.3673001 0.1042807 -0.3203542 0.8669425
1740546976.374859 13.5350456 -33.3410606 18.3028221 0.3623960 0.1081139 -0.3193365 0.8689101
1740546976.476362 13.5625496 -33.3988113 18.3738213 0.3595740 0.1115479 -0.3182985 0.8700286
1740546976.578457 13.5731487 -33.4733353 18.4471474 0.3552460 0.1154187 -0.3166457 0.8719027
1740546976.679084 13.5892143 -33.5407448 18.5220852 0.3516746 0.1194589 -0.3152547 0.8733093
1740546976.777333 13.5974388 -33.6154900 18.5812740 0.3461835 0.1237105 -0.3141423 0.8753098
1740546976.883427 13.6087408 -33.6790123 18.6643333 0.3429214 0.1278204 -0.3116656 0.8768873
1740546976.983316 13.6433277 -33.7434120 18.7376156 0.3393348 0.1305358 -0.3116456 0.8778892
1740546977.091814 13.6592493 -33.7828522 18.7787418 0.3329757 0.1346136 -0.3107373 0.8800277
1740546977.192007 13.6781044 -33.8389549 18.8550892 0.3291618 0.1386902 -0.3095664 0.8812413
1740546977.289904 13.6889439 -33.9024696 18.9298782 0.3253692 0.1426906 -0.3086735 0.8823237
1740546977.395029 13.7078381 -33.9570999 18.9934540 0.3209262 0.1458304 -0.3084552 0.8835130
1740546977.491856 13.7381725 -34.0099182 19.0561562 0.3161283 0.1481630 -0.3079685 0.8850232
1740546977.597871 13.7767487 -34.0643845 19.1219559 0.3126366 0.1500472 -0.3075453 0.8860926
1740546977.691017 13.8097086 -34.1191978 19.1948280 0.3097493 0.1525796 -0.3071800 0.8868006
1740546977.787704 13.8280888 -34.1693077 19.2686729 0.3077369 0.1557156 -0.3061087 0.8873264
1740546977.892672 13.8444128 -34.2258072 19.3440552 0.3042439 0.1588466 -0.3046709 0.8884701
1740546977.986877 13.8655081 -34.2752686 19.4083614 0.3008319 0.1617751 -0.3034658 0.8895153
1740546978.097492 13.8971071 -34.3239555 19.4851437 0.2983601 0.1635417 -0.3026310 0.8903089
1740546978.192872 13.9231606 -34.3822289 19.5578842 0.2947447 0.1649536 -0.3031154 0.8910875
1740546978.285848 13.9573221 -34.4283180 19.6188755 0.2900279 0.1654278 -0.3051375 0.8918568
1740546978.388531 13.9945965 -34.4768333 19.6954956 0.2869541 0.1660253 -0.3072404 0.8920181
1740546978.482200 14.0130033 -34.5230637 19.7592926 0.2820392 0.1686472 -0.3075495 0.8929868
1740546978.580799 14.0461292 -34.5713043 19.8202972 0.2771986 0.1692743 -0.3091444 0.8938327
1740546978.680861 14.0762272 -34.6164360 19.8847694 0.2730316 0.1705612 -0.3096273 0.8947030
1740546978.775897 14.1055851 -34.6618729 19.9524841 0.2698953 0.1724173 -0.3099477 0.8951878
1740546978.877872 14.1248331 -34.7045288 20.0162315 0.2667120 0.1745099 -0.3096215 0.8958490
1740546978.975649 14.1460733 -34.7328262 20.0585480 0.2632338 0.1762823 -0.3091277 0.8967009
1740546979.067931 14.1554737 -34.7461433 20.0756912 0.2596045 0.1767991 -0.3092354 0.8976197
1740546979.175836 14.1631069 -34.7598267 20.0893631 0.2544560 0.1784270 -0.3098479 0.8985602
1740546979.267416 14.1736174 -34.7781525 20.1101608 0.2465670 0.1801395 -0.3136453 0.8991002
1740546979.378405 14.1835299 -34.7899933 20.1274033 0.2422888 0.1814771 -0.3110714 0.9008867
1740546979.470220 14.1928530 -34.8027916 20.1440926 0.2366582 0.1824526 -0.3121783 0.9018030
1740546979.564603 14.2226601 -34.8395729 20.2036057 0.2307634 0.1830449 -0.3127473 0.9030127
1740546979.663289 14.2533102 -34.8814316 20.2831841 0.2256020 0.1861576 -0.3125071 0.9037635
1740546979.758009 14.2888737 -34.9162369 20.3598194 0.2216167 0.1890122 -0.3111279 0.9046324
1740546979.857395 14.3128452 -34.9622688 20.4321556 0.2153959 0.1920163 -0.3100462 0.9058729
1740546979.950693 14.3455448 -35.0061150 20.5085106 0.2095130 0.1939301 -0.3084393 0.9073923
1740546980.046955 14.3715582 -35.0452690 20.5963268 0.2047737 0.1966754 -0.3072076 0.9083006
1740546980.146972 14.4084778 -35.0852432 20.6793976 0.1994005 0.1988626 -0.3058469 0.9094783
1740546980.241715 14.4368362 -35.1181602 20.7568645 0.1942475 0.2013443 -0.3050657 0.9103094
1740546980.337941 14.4296417 -35.1467857 20.8231316 0.1881736 0.2064690 -0.3029390 0.9111472
1740546980.439818 14.4550686 -35.1815605 20.8973465 0.1840607 0.2098033 -0.3018588 0.9115841
1740546980.532186 14.4892168 -35.2155914 20.9800835 0.1811632 0.2128124 -0.3009459 0.9117688
1740546980.633314 14.5106010 -35.2478790 21.0597572 0.1780144 0.2153912 -0.2993359 0.9123133
1740546980.727860 14.5248852 -35.2842178 21.1427994 0.1738599 0.2197875 -0.2982918 0.9124079
1740546980.822102 14.5527744 -35.3104782 21.2258892 0.1716911 0.2225150 -0.2972709 0.9124907
1740546980.922432 14.5812235 -35.3492279 21.3153915 0.1690697 0.2249269 -0.2958770 0.9128418
1740546981.017670 14.5912275 -35.3861656 21.4019871 0.1670353 0.2280064 -0.2961173 0.9123743
1740546981.124952 14.6036291 -35.4170609 21.4786377 0.1649895 0.2322207 -0.2942768 0.9122791
1740546981.223357 14.6257915 -35.4536972 21.5662613 0.1635032 0.2350151 -0.2940993 0.9118883
1740546981.317736 14.6460772 -35.4920654 21.6486855 0.1627630 0.2372931 -0.2944441 0.9113194
1740546981.417787 14.7001200 -35.5302505 21.7129288 0.1621005 0.2367787 -0.2936227 0.9118360
1740546981.513604 14.7503271 -35.5699577 21.7718067 0.1629080 0.2354885 -0.2942615 0.9118204
1740546981.614277 14.7912617 -35.6079559 21.8586502 0.1634060 0.2362344 -0.2939475 0.9116396
1740546981.710298 14.8250790 -35.6571617 21.9417572 0.1635045 0.2365296 -0.2945256 0.9113587
1740546981.804493 14.8482866 -35.6895981 22.0212669 0.1649835 0.2375601 -0.2944137 0.9108602
1740546981.903194 14.8839931 -35.7373924 22.0985947 0.1650883 0.2373369 -0.2952091 0.9106418
1740546981.999207 14.9179401 -35.7810707 22.1809807 0.1655918 0.2379400 -0.2950118 0.9104570
1740546982.099935 14.9546080 -35.8180466 22.2641468 0.1670915 0.2381582 -0.2955628 0.9099471
1740546982.203710 14.9898911 -35.8631058 22.3469391 0.1684332 0.2383990 -0.2953905 0.9096926
1740546982.298443 15.0251484 -35.9073982 22.4228172 0.1686274 0.2380707 -0.2955267 0.9096984
1740546982.401251 15.0679998 -35.9614906 22.4981537 0.1696151 0.2366786 -0.2952125 0.9099799
1740546982.495102 15.1099129 -35.9933128 22.5813618 0.1714797 0.2362680 -0.2962078 0.9094136
1740546982.588668 15.1364803 -36.0491714 22.6651726 0.1718245 0.2357787 -0.2962565 0.9094597
1740546982.694750 15.1841526 -36.0851898 22.7513924 0.1737495 0.2344500 -0.2974674 0.9090421
1740546982.790071 15.1951609 -36.1317520 22.8285027 0.1740308 0.2345894 -0.2975618 0.9089214
1740546982.891835 15.2309818 -36.1774559 22.9209900 0.1753542 0.2343737 -0.2983029 0.9084796
1740546982.985031 15.2607918 -36.2229729 23.0086517 0.1757111 0.2338682 -0.2981021 0.9086068
1740546983.081010 15.2893629 -36.2599373 23.0971851 0.1760534 0.2339515 -0.2984558 0.9084030
1740546983.181920 15.3298950 -36.3040962 23.1767292 0.1766110 0.2333733 -0.2986767 0.9083709
1740546983.278849 15.3547850 -36.3502235 23.2617054 0.1773615 0.2330643 -0.2989298 0.9082208
1740546983.379359 15.3761683 -36.3875923 23.3516464 0.1788051 0.2329824 -0.2990147 0.9079307
1740546983.478002 15.4153929 -36.4309120 23.4249554 0.1785934 0.2310700 -0.2997796 0.9082088
1740546983.569108 15.4442835 -36.4714508 23.5151367 0.1792666 0.2312764 -0.3000536 0.9079331
1740546983.671753 15.4661636 -36.5288315 23.6075249 0.1782568 0.2310775 -0.2991056 0.9084952
1740546983.765751 15.4946184 -36.5742989 23.6902275 0.1783194 0.2303577 -0.2989672 0.9087113
1740546983.865896 15.5369396 -36.6172066 23.7735386 0.1780591 0.2288849 -0.2997496 0.9088767
1740546983.962173 15.5616856 -36.6634979 23.8530655 0.1775944 0.2289870 -0.3003210 0.9087533
1740546984.058208 15.5911303 -36.7093124 23.9328575 0.1780528 0.2285308 -0.3005433 0.9087049
1740546984.157638 15.6141338 -36.7526512 24.0230751 0.1782763 0.2284469 -0.3004827 0.9087023
1740546984.250098 15.6463585 -36.8027954 24.1039047 0.1778933 0.2282665 -0.3001955 0.9089175
1740546984.347806 15.6865206 -36.8473091 24.1863461 0.1785051 0.2273243 -0.3006585 0.9088807
1740546984.446884 15.7222939 -36.9031105 24.2637787 0.1781093 0.2264709 -0.3005065 0.9092216
1740546984.544384 15.7510700 -36.9492416 24.3488197 0.1774273 0.2268200 -0.3005008 0.9092698
1740546984.661609 15.7921295 -36.9949799 24.4313297 0.1775486 0.2255259 -0.3013003 0.9093034
1740546984.757751 15.8221569 -37.0368080 24.5179996 0.1772471 0.2247279 -0.3010537 0.9096415
1740546984.861220 15.8422537 -37.0819740 24.6070442 0.1772432 0.2249609 -0.3002678 0.9098443
1740546984.955578 15.8716602 -37.1355934 24.6868343 0.1764724 0.2237822 -0.3009748 0.9100512
1740546985.050256 15.8971405 -37.1797447 24.7764530 0.1759864 0.2234510 -0.3009980 0.9102190
1740546985.252508 15.9551497 -37.2626419 24.9481087 0.1765523 0.2228424 -0.3010023 0.9102572
1740546985.355593 15.9964619 -37.3128624 25.0307312 0.1755247 0.2218022 -0.3008227 0.9107692
1740546985.452681 16.0243397 -37.3564873 25.1198616 0.1744822 0.2221423 -0.3005088 0.9109902
1740546985.549787 16.0538483 -37.3920250 25.2014236 0.1748329 0.2213799 -0.3012553 0.9108620
1740546985.651754 16.0749893 -37.4380379 25.2877827 0.1735459 0.2217198 -0.3010523 0.9110926
1740546985.746880 16.1105919 -37.4828262 25.3767738 0.1732091 0.2218814 -0.3010477 0.9111189
1740546985.843660 16.1347389 -37.5310173 25.4599686 0.1715953 0.2227442 -0.3002571 0.9114745
1740546985.950788 16.1714211 -37.5731010 25.5455303 0.1708758 0.2233689 -0.3003531 0.9114252
1740546986.152354 16.2341347 -37.6441116 25.7226009 0.1700833 0.2270853 -0.2993239 0.9109935
1740546986.250380 16.2583389 -37.6957703 25.8066406 0.1679592 0.2296353 -0.2982583 0.9110979
1740546986.349779 16.2855873 -37.7369347 25.8949471 0.1668666 0.2328196 -0.2972935 0.9108058
1740546986.450837 16.3060760 -37.7820892 25.9843826 0.1654636 0.2363295 -0.2963150 0.9104766
1740546986.549837 16.3252792 -37.8232307 26.0757942 0.1635779 0.2411625 -0.2952508 0.9098956
1740546986.857812 16.4262505 -37.9432220 26.3297367 0.1589823 0.2583053 -0.2898779 0.9077300
1740546987.052346 16.5246887 -38.0128975 26.4889469 0.1558821 0.2736059 -0.2857487 0.9050902
1740546987.253349 16.6324997 -38.1093826 26.6284161 0.1507403 0.2919097 -0.2802866 0.9019454
1740546987.358644 16.6971684 -38.1477928 26.6980667 0.1495463 0.3015168 -0.2776183 0.8998064
1740546987.552646 16.8222084 -38.2395058 26.8305016 0.1452593 0.3226593 -0.2711824 0.8951262
1740546987.754469 16.9506207 -38.3326149 26.9621124 0.1398166 0.3444518 -0.2636625 0.8901047
1740546987.960772 17.0832348 -38.4055672 27.0966702 0.1357228 0.3669354 -0.2563524 0.8838672
1740546988.162937 17.2382927 -38.4837341 27.2014236 0.1310465 0.3881054 -0.2493248 0.8775182
1740546988.260698 17.3218880 -38.5253487 27.2439575 0.1283218 0.3979074 -0.2456933 0.8745502
1740546988.471626 17.4923611 -38.6020737 27.3321724 0.1238738 0.4168819 -0.2389744 0.8681912
1740546988.877856 17.8255005 -38.7601013 27.5082874 0.1142502 0.4465717 -0.2272121 0.8578434
1740546989.382531 18.1923580 -38.9574661 27.7951126 0.1024978 0.4667366 -0.2167127 0.8512853
1740546989.786363 18.5105743 -39.1118851 27.9925842 0.0904142 0.4712798 -0.2101694 0.8517919
1740546990.298866 18.8929939 -39.2416954 28.3073311 0.0731827 0.4668918 -0.2026576 0.8576633
1740546990.808723 19.2954369 -39.3847466 28.5944214 0.0527321 0.4586236 -0.1940046 0.8655899
1740546991.432765 19.7524815 -39.4785156 28.9939022 0.0250994 0.4497824 -0.1823861 0.8739572
1740546991.831458 20.0963116 -39.5518913 29.2084866 0.0080603 0.4445461 -0.1747678 0.8785044
1740546992.137766 20.3295536 -39.5787582 29.4042320 -0.0032194 0.4413370 -0.1692440 0.8812308
1740546992.439983 20.5598068 -39.5913200 29.6076469 -0.0127085 0.4386187 -0.1645448 0.8833896
1740546992.736048 20.7993126 -39.6119957 29.7994080 -0.0202415 0.4352953 -0.1618284 0.8853925
1740546992.935306 20.9506741 -39.6044617 29.9356613 -0.0232848 0.4328687 -0.1607082 0.8867105
1740546993.130516 21.1120281 -39.6107788 30.0659027 -0.0252228 0.4304757 -0.1600465 0.8879412
1740546993.324106 21.2716007 -39.6323929 30.1905975 -0.0255813 0.4290379 -0.1596635 0.8886955
1740546993.635829 21.5215836 -39.6472015 30.3694649 -0.0226259 0.4261162 -0.1618409 0.8897868
1740546993.926545 21.7534199 -39.7047386 30.5732040 -0.0180993 0.4219127 -0.1644210 0.8914190
1740546994.220808 21.9669018 -39.7769241 30.7839661 -0.0106255 0.4176971 -0.1683566 0.8927891
1740546994.518609 22.1885185 -39.8008308 30.9960976 -0.0026209 0.4123013 -0.1727207 0.8945214
1740546994.813519 22.4194393 -39.8574295 31.1993427 0.0057050 0.4063614 -0.1759422 0.8965948
1740546995.108557 22.6263847 -39.9265785 31.4152546 0.0140986 0.4001120 -0.1806309 0.8983786
1740546995.416112 22.8389950 -39.9736710 31.6337395 0.0220838 0.3929923 -0.1849172 0.9004860
1740546995.715865 23.0430336 -40.0565262 31.8521538 0.0286029 0.3855304 -0.1885832 0.9027650
1740546996.012257 23.2434635 -40.1332550 32.0710602 0.0348536 0.3776425 -0.1921395 0.9051265
1740546996.308858 23.4465847 -40.2040024 32.2916870 0.0406997 0.3686458 -0.1945491 0.9080719
1740546996.604203 23.6319237 -40.2759933 32.5283279 0.0450191 0.3611047 -0.1976093 0.9102348
1740546996.915739 23.8140621 -40.3474846 32.7689857 0.0509941 0.3520640 -0.2011623 0.9126797
1740546997.210922 23.9829521 -40.4162445 33.0145493 0.0578545 0.3443562 -0.2044567 0.9144775
1740546997.519391 24.1607666 -40.4815254 33.2595596 0.0650982 0.3368598 -0.2079668 0.9159899
1740546997.821536 24.3255768 -40.5696411 33.5040131 0.0732259 0.3316407 -0.2117686 0.9164096
1740546998.138080 24.4792595 -40.6909485 33.7475624 0.0822639 0.3281740 -0.2153630 0.9160531
1740546998.432578 24.6543198 -40.7879295 33.9809952 0.0923899 0.3273764 -0.2183194 0.9146723
1740546998.734543 24.7975636 -40.9017639 34.2274361 0.1019076 0.3280394 -0.2210350 0.9127697
1740546999.043464 24.9598656 -41.0331802 34.4496613 0.1112329 0.3316920 -0.2236991 0.9097068
1740546999.443393 25.1856079 -41.1881485 34.7624512 0.1210263 0.3421275 -0.2246764 0.9043351
1740546999.746986 25.3695030 -41.2964249 34.9854088 0.1280749 0.3526916 -0.2245013 0.8993357
1740547000.153227 25.6195526 -41.4746056 35.2596512 0.1388386 0.3725112 -0.2242474 0.8897598
1740547000.548160 25.8898773 -41.6422424 35.5221863 0.1540366 0.3976701 -0.2231026 0.8765594
1740547000.849849 26.1046047 -41.7972794 35.6805534 0.1681814 0.4187565 -0.2229295 0.8640952
1740547001.166418 26.3255119 -41.9265823 35.8561440 0.1863743 0.4407622 -0.2235757 0.8491215
1740547001.572585 26.5941772 -42.1572266 36.0265350 0.2123486 0.4688663 -0.2253604 0.8272153
1740547001.892684 26.7892437 -42.4078865 36.0358505 0.2311671 0.4857138 -0.2273775 0.8117533
1740547002.198107 26.9957161 -42.6567154 36.0313301 0.2455347 0.4968857 -0.2294947 0.8000935
1740547002.592693 27.2573547 -42.9451294 36.1375923 0.2546039 0.5014995 -0.2312728 0.7938437
1740547002.995296 27.5349617 -43.1822891 36.3196373 0.2514724 0.4940419 -0.2333692 0.7988886
1740547003.387497 27.8029022 -43.3932953 36.5439262 0.2404933 0.4764940 -0.2358698 0.8120850
1740547003.796612 28.0580006 -43.5935669 36.7917557 0.2296661 0.4549212 -0.2402147 0.8261943
1740547004.090725 28.2515602 -43.7450867 36.9749641 0.2268514 0.4400719 -0.2455036 0.8334286
1740547004.496028 28.4850616 -43.9668045 37.2324600 0.2363425 0.4258446 -0.2551793 0.8352737
1740547004.900559 28.7181988 -44.1798019 37.4907837 0.2632861 0.4191972 -0.2687416 0.8262761
1740547005.303781 28.8929901 -44.4943924 37.6666641 0.3061417 0.4195206 -0.2839844 0.8059980
1740547005.614666 28.9652309 -44.8004837 37.7104378 0.3435803 0.4242305 -0.2947209 0.7842963
1740547005.932909 29.0657291 -45.0843201 37.7853088 0.3827938 0.4313352 -0.3032137 0.7586042
1740547006.242212 29.1392956 -45.3802643 37.8049812 0.4195240 0.4396013 -0.3097321 0.7313114
1740547006.551345 29.2409554 -45.6695099 37.8299408 0.4505390 0.4473150 -0.3129575 0.7063863
1740547006.861294 29.3355637 -45.9601173 37.8483658 0.4752567 0.4566446 -0.3128818 0.6838946
1740547007.062431 29.3885651 -46.1590500 37.8477020 0.4878596 0.4634815 -0.3105542 0.6713673
1740547007.268459 29.4373589 -46.3570404 37.8423653 0.4983398 0.4707859 -0.3068750 0.6601862
1740547007.465062 29.4923306 -46.5531158 37.8350029 0.5058905 0.4785356 -0.3015904 0.6512464
1740547007.675951 29.5469437 -46.7503853 37.8260765 0.5107688 0.4864790 -0.2950504 0.6445143
1740547007.962816 29.6303253 -47.0415001 37.7828827 0.5125163 0.5001212 -0.2830675 0.6380271
1740547008.154619 29.7046547 -47.2331276 37.7626381 0.5104680 0.5101879 -0.2723375 0.6363670
1740547008.355629 29.7847366 -47.4194603 37.7248077 0.5058112 0.5207491 -0.2602723 0.6365798
1740547008.555385 29.8787766 -47.5983887 37.6987648 0.4988854 0.5314433 -0.2458340 0.6389421
1740547008.752874 29.9877834 -47.7689514 37.6745071 0.4888716 0.5424758 -0.2303332 0.6431728
1740547009.050349 30.1800060 -48.0066032 37.6585274 0.4692787 0.5573941 -0.2062916 0.6530951
1740547009.254450 30.3257332 -48.1492844 37.6286011 0.4541405 0.5651006 -0.1905903 0.6618860
1740547009.551282 30.5593147 -48.3482628 37.6441078 0.4316113 0.5752237 -0.1684666 0.6741279
1740547009.755808 30.7317257 -48.4628601 37.6519432 0.4161058 0.5785079 -0.1556759 0.6840684
1740547009.955501 30.8968773 -48.5807686 37.6538200 0.4015666 0.5795076 -0.1449509 0.6941933
1740547010.247212 31.1535301 -48.7511520 37.6702118 0.3829062 0.5773559 -0.1337754 0.7086234
1740547010.540866 31.4009209 -48.9303970 37.7042618 0.3689030 0.5703960 -0.1288472 0.7224662
1740547010.739541 31.5536938 -49.0624428 37.7339058 0.3633271 0.5629804 -0.1288913 0.7310496
1740547011.029108 31.7634029 -49.2757454 37.7997055 0.3579464 0.5476301 -0.1348975 0.7441629
1740547011.318115 31.9628487 -49.5005150 37.8654938 0.3562608 0.5298269 -0.1443544 0.7559917
1740547011.608284 32.1403351 -49.7416458 37.9452438 0.3560460 0.5104827 -0.1548330 0.7672454
1740547011.906842 32.3097801 -49.9717331 38.0588799 0.3556777 0.4918059 -0.1653430 0.7773558
1740547012.210420 32.4738426 -50.2081146 38.1656303 0.3530984 0.4732485 -0.1743044 0.7880200
1740547012.499814 32.6323624 -50.4399796 38.2810516 0.3463642 0.4590578 -0.1794888 0.7981739
1740547012.792236 32.8100853 -50.6595268 38.4150352 0.3376352 0.4493327 -0.1800177 0.8072771
1740547013.085869 32.9869232 -50.8721161 38.5433273 0.3238605 0.4437119 -0.1764205 0.8167680
1740547013.380959 33.1720695 -51.0577850 38.6826477 0.3104950 0.4424050 -0.1673013 0.8245490
1740547013.678759 33.3703041 -51.2295151 38.8226700 0.2931114 0.4425197 -0.1584638 0.8325571
1740547013.981997 33.5821075 -51.3923531 38.9694901 0.2739983 0.4470079 -0.1479777 0.8385770
1740547014.277213 33.7904282 -51.5423431 39.1226311 0.2580669 0.4523197 -0.1366833 0.8426898
1740547014.480185 33.9374275 -51.6401367 39.2262573 0.2489585 0.4564188 -0.1277755 0.8446153
1740547014.785998 34.1625595 -51.7856979 39.3750725 0.2342727 0.4642152 -0.1182036 0.8459601
1740547014.985816 34.3255348 -51.8766937 39.4638824 0.2267119 0.4685946 -0.1110116 0.8465798
1740547015.195266 34.4803085 -51.9634438 39.5577660 0.2210702 0.4744864 -0.1042831 0.8456451
1740547015.289678 34.5378952 -51.9867020 39.5992889 0.2196786 0.4773065 -0.1034175 0.8445263
1740547015.387592 34.5548134 -52.0205650 39.6541367 0.2169970 0.4848570 -0.0964102 0.8417429
1740547015.489554 34.5738602 -52.0316391 39.6964989 0.2173758 0.4900505 -0.0919043 0.8391376
1740547015.586271 34.5850182 -52.0615959 39.7319221 0.2147007 0.4962254 -0.0879985 0.8366124
1740547015.696705 34.5908279 -52.0590973 39.8007812 0.2216241 0.5087207 -0.0828710 0.8277793
1740547015.793019 34.6165848 -52.0356750 39.8581200 0.2287139 0.5173272 -0.0837443 0.8203959
1740547015.998086 34.6776428 -52.0029984 40.0277214 0.2509564 0.5376756 -0.0777161 0.8011779
1740547016.093958 34.7003403 -51.9960480 40.0338631 0.2543277 0.5364960 -0.0732558 0.8013258
1740547016.204705 34.7170143 -51.9976616 40.0714989 0.2569757 0.5416479 -0.0707792 0.7972273
1740547016.302428 34.7328644 -51.9960403 40.1095695 0.2605770 0.5465042 -0.0671552 0.7930467
1740547016.399171 34.7226830 -52.0036774 40.1680412 0.2634470 0.5603129 -0.0616574 0.7828432
1740547016.500406 34.7121429 -52.0177689 40.2107697 0.2638988 0.5711282 -0.0561030 0.7752565
1740547016.598739 34.7173309 -52.0078697 40.2715797 0.2720558 0.5816482 -0.0567737 0.7644918
1740547016.707909 34.7154083 -52.0055962 40.3120613 0.2772146 0.5887501 -0.0560731 0.7572194
1740547016.803557 34.7100906 -52.0120583 40.3705673 0.2818995 0.6004277 -0.0519847 0.7465366
1740547016.901656 34.7157364 -52.0085449 40.4044724 0.2890952 0.6037791 -0.0513222 0.7411078
1740547017.006030 34.7207680 -52.0018005 40.4421120 0.2935970 0.6079748 -0.0530253 0.7357689
1740547017.104386 34.7309570 -52.0267944 40.4229393 0.2874689 0.5980156 -0.0517028 0.7463684
1740547017.210374 34.7334518 -52.0549469 40.3852386 0.2808754 0.5831121 -0.0487261 0.7607332
1740547017.311282 34.7988129 -52.0516815 40.3942833 0.2853515 0.5752437 -0.0580853 0.7643921
1740547017.411001 34.8878441 -52.1171570 40.3980408 0.2846664 0.5736095 -0.0570734 0.7659503
1740547017.521250 34.9837265 -52.1564140 40.4062233 0.2864715 0.5709790 -0.0613976 0.7669077
1740547017.723478 35.1477051 -52.2802048 40.4305115 0.2824180 0.5701901 -0.0583533 0.7692322
1740547017.845167 35.2294388 -52.3405609 40.4653206 0.2843925 0.5743711 -0.0548912 0.7656407
1740547018.058641 35.4064636 -52.4418411 40.5118713 0.2919799 0.5744057 -0.0561812 0.7626595
1740547018.160769 35.4673882 -52.5172768 40.5629768 0.2926064 0.5743128 -0.0552193 0.7625596
1740547018.272180 35.5055313 -52.5770912 40.6624222 0.2943097 0.5749006 -0.0542435 0.7615305
