1740546914.562144 0.0000000 0.0000000 0.0000000 -0.0000000 -0.0000000 -0.0000000 1.0000000
1740546915.405040 0.0096133 0.0537755 0.0828250 0.0017351 -0.0004750 -0.0006379 0.9999982
1740546915.564604 0.0041809 0.0412573 0.1849721 0.0042668 -0.0014597 -0.0002016 0.9999898
1740546915.735749 -0.0147850 0.0079689 0.2763970 0.0073192 -0.0022421 -0.0002107 0.9999707
1740546915.832306 -0.0090955 -0.0281648 0.3749920 0.0110894 -0.0043594 -0.0000125 0.9999290
1740546915.927719 -0.0231050 -0.0635255 0.4644114 0.0153471 -0.0055756 -0.0004811 0.9998666
1740546916.025765 -0.0190375 -0.0797367 0.5631424 0.0216165 -0.0080420 0.0000885 0.9997340
1740546916.123290 -0.0291777 -0.1047502 0.6596000 0.0270135 -0.0101728 -0.0003781 0.9995832
1740546916.227738 -0.0335955 -0.1235183 0.7522840 0.0338344 -0.0126895 0.0003274 0.9993469
1740546916.426285 -0.0281339 -0.1848080 0.9452504 0.0483768 -0.0191618 0.0004798 0.9986452
1740546916.626344 -0.0545715 -0.2381828 1.1393635 0.0637873 -0.0265869 0.0000268 0.9976093
1740546916.821963 -0.0927423 -0.3053375 1.3170760 0.0776793 -0.0340553 -0.0000775 0.9963966
1740546917.024351 -0.1337781 -0.3556194 1.5094010 0.0914557 -0.0422958 0.0006920 0.9949103
1740546917.120717 -0.1652047 -0.3993924 1.5942140 0.0965643 -0.0454330 0.0004499 0.9942892
1740546917.321173 -0.2184845 -0.4409234 1.7736357 0.1068813 -0.0528268 0.0011487 0.9928668
1740546917.525205 -0.2269008 -0.5012789 1.9725415 0.1146775 -0.0609041 -0.0015997 0.9915327
1740546917.726161 -0.2537467 -0.5512872 2.1550009 0.1225362 -0.0667935 -0.0012059 0.9902132
1740546917.926490 -0.3087963 -0.6100002 2.3458583 0.1257439 -0.0719095 -0.0013900 0.9894522
1740546918.127556 -0.3408534 -0.6638265 2.5270624 0.1290354 -0.0764287 -0.0002993 0.9886903
1740546918.330564 -0.4010945 -0.7286770 2.6978605 0.1300135 -0.0784727 -0.0024841 0.9883989
1740546918.544932 -0.4285369 -0.7679945 2.8899283 0.1296601 -0.0816437 -0.0017103 0.9881901
1740546918.846568 -0.4982435 -0.8338890 3.1688950 0.1299447 -0.0814105 -0.0015210 0.9881722
1740546919.148362 -0.5444987 -0.9260666 3.4465196 0.1291941 -0.0791872 -0.0012468 0.9884517
1740546919.461604 -0.6169379 -0.9937583 3.7315063 0.1283466 -0.0734749 -0.0024496 0.9890008
1740546919.764499 -0.6790811 -1.0507661 3.9955635 0.1266838 -0.0660053 -0.0020370 0.9897426
1740546920.078260 -0.7025174 -1.1236787 4.2771235 0.1303199 -0.0575234 0.0009198 0.9898015
1740546920.395465 -0.7759283 -1.2501490 4.5396357 0.1302171 -0.0450263 0.0019964 0.9904606
1740546920.604250 -0.7869690 -1.3080714 4.7503223 0.1324700 -0.0383209 0.0028688 0.9904418
1740546920.711501 -0.7703573 -1.2792510 4.8382378 0.1349895 -0.0369135 0.0061066 0.9901404
1740546920.812325 -0.7734099 -1.3229973 4.9103551 0.1345258 -0.0308593 0.0037010 0.9904225
1740546920.912215 -0.7251239 -1.4102268 4.9766259 0.1327474 -0.0293253 0.0024924 0.9907129
1740546921.014615 -0.7420562 -1.4030907 5.0843220 0.1368597 -0.0275409 0.0057702 0.9901907
1740546921.112489 -0.7462237 -1.4434345 5.1684046 0.1360455 -0.0249754 0.0065079 0.9903663
1740546921.224210 -0.7126297 -1.4250629 5.2888112 0.1408790 -0.0247512 0.0080690 0.9896845
1740546921.323938 -0.7233437 -1.4908391 5.3744283 0.1380667 -0.0225554 0.0066745 0.9901436
1740546921.427599 -0.7436746 -1.5033731 5.4648356 0.1407682 -0.0186534 0.0066327 0.9898446
1740546921.531655 -0.7388993 -1.5395962 5.5027342 0.1400866 -0.0176735 0.0069234 0.9899573
1740546921.630867 -0.7121017 -1.5344692 5.6520414 0.1427722 -0.0178156 0.0067954 0.9895719
1740546921.837864 -0.6740966 -1.5927666 5.8154974 0.1443715 -0.0172392 0.0066144 0.9893513
1740546922.044838 -0.7549441 -1.6557710 5.9579582 0.1438099 -0.0138987 0.0092991 0.9894640
1740546922.565387 -0.7378887 -1.7802324 6.3936362 0.1458933 -0.0145847 0.0077842 0.9891622
1740546922.767606 -0.7384672 -1.8316994 6.5753574 0.1463542 -0.0153774 0.0073676 0.9890853
1740546922.866695 -0.7540847 -1.8706009 6.6462145 0.1458067 -0.0158695 0.0085979 0.9891484
1740546922.978684 -0.7419348 -1.8863479 6.7418737 0.1475195 -0.0159605 0.0073066 0.9889033
1740546923.079039 -0.7421534 -1.9233294 6.8231506 0.1477848 -0.0158961 0.0074713 0.9888636
1740546923.180653 -0.7430103 -1.9093804 6.8962722 0.1491333 -0.0155835 0.0085078 0.9886577
1740546923.290577 -0.7552518 -1.9636664 6.9814100 0.1498786 -0.0156672 0.0068859 0.9885563
1740546923.390851 -0.7435477 -2.0019212 7.0510669 0.1483242 -0.0165009 0.0087205 0.9887627
1740546923.501383 -0.7661653 -2.0187809 7.1242418 0.1508398 -0.0138803 0.0069661 0.9884363
1740546923.604398 -0.7722059 -2.0665553 7.1854429 0.1494383 -0.0134263 0.0076851 0.9886500
1740546923.712071 -0.7631880 -2.0828569 7.3010259 0.1490753 -0.0129685 0.0081564 0.9887071
1740546923.815603 -0.7870797 -2.1033123 7.3575249 0.1511367 -0.0114034 0.0099050 0.9883975
1740546923.918390 -0.7774916 -2.1463213 7.4172411 0.1518737 -0.0109152 0.0087199 0.9883012
1740546924.028804 -0.7768260 -2.1515367 7.5022001 0.1532364 -0.0093069 0.0095180 0.9880999
1740546924.129142 -0.7752979 -2.1827433 7.5838122 0.1526897 -0.0090395 0.0100760 0.9881815
1740546924.235834 -0.7988168 -2.2119994 7.6343551 0.1520352 -0.0058886 0.0105094 0.9883017
1740546924.338522 -0.7766550 -2.2368333 7.7014303 0.1521027 -0.0060915 0.0099922 0.9882954
1740546924.450259 -0.7725140 -2.2466934 7.7602363 0.1503814 -0.0057389 0.0101939 0.9885588
1740546924.552937 -0.7768776 -2.2683494 7.8232732 0.1491996 -0.0046724 0.0107027 0.9887381
1740546924.655383 -0.7943818 -2.2981253 7.8742790 0.1469668 -0.0021284 0.0108305 0.9890798
1740546924.763518 -0.7815477 -2.3065989 7.9247060 0.1462402 -0.0012622 0.0114010 0.9891826
1740546924.970096 -0.7771232 -2.3583381 8.0300674 0.1410657 0.0010192 0.0119790 0.9899273
1740546925.074808 -0.7556769 -2.3668098 8.0982656 0.1402955 -0.0005209 0.0113209 0.9900448
1740546925.175559 -0.7480425 -2.3733854 8.1329184 0.1381501 -0.0015815 0.0136779 0.9903156
1740546925.284380 -0.7563160 -2.4059367 8.1763916 0.1346997 0.0005754 0.0108747 0.9908266
1740546925.386081 -0.7548399 -2.4064572 8.2280226 0.1345360 -0.0001085 0.0117987 0.9908385
1740546925.493922 -0.7398640 -2.4161010 8.2974701 0.1330896 -0.0018932 0.0114423 0.9910362
1740546925.593907 -0.7425530 -2.4142945 8.3178377 0.1324176 -0.0005215 0.0116942 0.9911249
1740546925.806005 -0.7459376 -2.4410210 8.3695278 0.1280637 -0.0018408 0.0114586 0.9916980
1740546925.911906 -0.7708750 -2.4303370 8.3973093 0.1282810 0.0004615 0.0128427 0.9916546
1740546926.023218 -0.7203783 -2.4450324 8.4310255 0.1251485 -0.0084989 0.0131832 0.9920141
1740546926.132260 -0.7170650 -2.4645791 8.4860840 0.1238338 -0.0116127 0.0137153 0.9921402
1740546926.247516 -0.6823456 -2.4710629 8.5115128 0.1226923 -0.0187751 0.0114095 0.9922016
1740546926.355492 -0.6760896 -2.4671037 8.5369587 0.1236942 -0.0203154 0.0103504 0.9920585
1740546926.468853 -0.6672587 -2.4808862 8.5463333 0.1206581 -0.0240621 0.0112766 0.9923384
1740546926.578026 -0.6718453 -2.4776473 8.5733500 0.1189694 -0.0247432 0.0106132 0.9925328
1740546926.690290 -0.6671274 -2.4852519 8.5793476 0.1180121 -0.0273693 0.0106921 0.9925774
1740546926.801779 -0.6828320 -2.4986057 8.6021166 0.1152578 -0.0258537 0.0088143 0.9929600
1740546926.910439 -0.6961452 -2.5167351 8.6089993 0.1109970 -0.0241732 0.0063787 0.9935063
1740546927.025348 -0.6969801 -2.5184629 8.6192389 0.1083613 -0.0244426 0.0073918 0.9937836
1740546927.133314 -0.7210771 -2.5237865 8.6389914 0.1072778 -0.0212841 0.0074737 0.9939732
1740546927.247266 -0.7343888 -2.5441244 8.6514769 0.1014214 -0.0165960 0.0074908 0.9946769
1740546927.355732 -0.7557773 -2.5336161 8.6673584 0.1034821 -0.0120523 0.0081133 0.9945252
1740546927.471259 -0.7630687 -2.5626788 8.6849365 0.0987090 -0.0072527 0.0078654 0.9950588
1740546927.583092 -0.7935734 -2.5833511 8.7140799 0.0965602 -0.0019823 0.0081252 0.9952920
1740546927.702077 -0.8171022 -2.5763113 8.7433310 0.0964041 0.0028911 0.0095311 0.9952925
1740546927.812560 -0.8382875 -2.5694919 8.7666101 0.0979094 0.0070387 0.0095884 0.9951243
1740546927.922158 -0.8547593 -2.5760963 8.7913122 0.0981050 0.0128967 0.0103183 0.9950390
1740546928.036849 -0.8617046 -2.5810840 8.8296175 0.1003486 0.0160937 0.0103354 0.9947685
1740546928.141962 -0.8642163 -2.5900595 8.8620510 0.1024741 0.0208465 0.0104316 0.9944625
1740546928.263453 -0.8727196 -2.5935960 8.8949871 0.1048942 0.0260090 0.0109600 0.9940829
1740546928.373367 -0.8823529 -2.5939331 8.9256907 0.1080514 0.0318322 0.0116459 0.9935673
1740546928.489241 -0.8925470 -2.5922775 8.9504662 0.1123916 0.0378783 0.0126341 0.9928614
1740546928.600853 -0.8953792 -2.5964055 8.9838552 0.1178080 0.0432486 0.0119671 0.9920220
1740546928.714982 -0.8990068 -2.5963943 9.0274439 0.1234973 0.0485294 0.0122983 0.9910813
1740546928.826787 -0.9034299 -2.5999227 9.0552216 0.1291108 0.0554779 0.0126678 0.9899960
1740546928.946308 -0.9036971 -2.6075420 9.0864573 0.1359806 0.0626646 0.0124472 0.9886493
1740546929.060895 -0.9182891 -2.6149695 9.1252556 0.1420970 0.0706317 0.0133409 0.9872394
1740546929.172939 -0.9157714 -2.6249306 9.1541862 0.1498973 0.0786335 0.0134565 0.9854778
1740546929.295756 -0.9107095 -2.6323547 9.1942739 0.1568264 0.0874259 0.0150959 0.9836332
1740546929.405279 -0.9130212 -2.6439316 9.2296200 0.1627162 0.0976129 0.0158532 0.9817045
1740546929.518326 -0.9297446 -2.6649342 9.2583637 0.1662981 0.1089882 0.0177103 0.9798739
1740546929.625906 -0.9596308 -2.6640460 9.3007336 0.1748732 0.1207930 0.0175402 0.9769958
1740546929.738274 -0.9501409 -2.6834419 9.3534546 0.1800027 0.1287155 0.0195354 0.9750127
1740546929.850302 -0.9662713 -2.6923354 9.3907328 0.1878246 0.1381166 0.0185533 0.9722662
1740546929.964135 -0.9532413 -2.7243941 9.4359589 0.1949618 0.1465055 0.0205212 0.9695901
1740546930.076639 -0.9520164 -2.7295747 9.4675474 0.2020824 0.1544723 0.0193734 0.9669156
1740546930.191473 -0.9677269 -2.7273526 9.4888220 0.2093087 0.1629972 0.0204189 0.9639527
1740546930.309585 -0.9800949 -2.7344198 9.5240946 0.2177854 0.1723350 0.0217236 0.9604157
1740546930.418481 -1.0088440 -2.7221329 9.5541124 0.2285635 0.1814822 0.0207353 0.9562390
1740546930.645282 -1.0643954 -2.7591698 9.5926285 0.2377557 0.2016471 0.0275328 0.9497645
1740546930.769881 -1.0727692 -2.7573256 9.6025763 0.2443672 0.2104363 0.0271077 0.9461852
1740546930.878567 -1.0302725 -2.7667892 9.6185503 0.2498862 0.2139100 0.0253395 0.9440113
1740546930.990502 -0.9718190 -2.7891047 9.6344566 0.2544975 0.2170218 0.0260349 0.9420482
1740546931.099399 -0.9172880 -2.8918855 9.6566534 0.2514344 0.2196418 0.0295288 0.9421604
1740546931.213950 -0.8955132 -2.9351425 9.7063093 0.2565719 0.2257716 0.0285896 0.9393513
1740546931.320392 -0.8228288 -2.9541726 9.7580872 0.2612984 0.2290232 0.0281572 0.9372720
1740546931.553608 -0.7660034 -3.0433543 9.8316135 0.2655017 0.2395914 0.0295491 0.9333979
1740546931.662161 -0.7211311 -3.0767477 9.8873482 0.2679528 0.2437266 0.0305526 0.9315928
1740546931.776326 -0.6815381 -3.0978928 9.9393911 0.2728968 0.2476507 0.0309363 0.9291068
1740546931.882694 -0.6522026 -3.1459296 9.9834509 0.2738777 0.2521329 0.0318577 0.9275803
1740546932.107151 -0.5595821 -3.2125554 10.0901365 0.2789128 0.2584754 0.0324259 0.9243088
1740546932.221145 -0.4982148 -3.2365623 10.1208439 0.2807757 0.2605775 0.0332799 0.9231235
1740546932.332961 -0.4559834 -3.2764292 10.1730413 0.2826397 0.2642250 0.0322443 0.9215532
1740546932.447120 -0.4099350 -3.3131664 10.2156944 0.2849442 0.2676961 0.0334928 0.9197956
1740546932.554362 -0.3457062 -3.3439517 10.2619085 0.2879755 0.2703907 0.0340418 0.9180415
1740546932.661919 -0.2989341 -3.4114275 10.2859583 0.2867958 0.2732987 0.0341444 0.9175457
1740546932.881375 -0.1980445 -3.4685938 10.3968000 0.2928783 0.2785261 0.0351124 0.9140092
1740546932.991602 -0.1662699 -3.5000644 10.4536695 0.2944648 0.2820829 0.0346633 0.9124243
1740546933.099005 -0.0913304 -3.4978609 10.5054455 0.2993214 0.2828957 0.0346729 0.9105903
1740546933.210330 -0.0570798 -3.5649161 10.5650339 0.3001263 0.2867694 0.0358757 0.9090657
1740546933.315626 0.1051222 -3.6158361 10.5193920 0.2996402 0.2837395 0.0354218 0.9101939
1740546933.420922 0.0833367 -3.6271353 10.6224871 0.3058298 0.2895664 0.0349465 0.9063102
1740546933.532410 0.2117614 -3.7143607 10.6418896 0.3055865 0.2896837 0.0355388 0.9063318
1740546933.752388 0.3910779 -3.7817590 10.7453327 0.3155456 0.2930608 0.0334024 0.9019039
1740546934.184836 0.6550523 -4.0684171 10.9230118 0.3270003 0.3009683 0.0301195 0.8953109
1740546934.297409 0.7117921 -4.1242146 10.9865999 0.3295269 0.3020881 0.0313484 0.8939642
1740546934.525160 0.7953306 -4.2184968 11.1395407 0.3367581 0.3072391 0.0298418 0.8895547
1740546934.744239 0.9482650 -4.3622918 11.2382326 0.3420927 0.3085866 0.0283312 0.8870988
1740546934.848960 0.9938458 -4.4194393 11.2922268 0.3457376 0.3108523 0.0279455 0.8849041
1740546934.966763 1.0712399 -4.4803843 11.3376884 0.3497517 0.3111050 0.0270330 0.8832648
1740546935.069712 1.1323937 -4.5577269 11.3758640 0.3528785 0.3122039 0.0251886 0.8816864
1740546935.177032 1.1896144 -4.6237154 11.4243279 0.3563360 0.3132899 0.0244771 0.8799289
1740546935.288127 1.2431761 -4.6864042 11.4808769 0.3602805 0.3140530 0.0235599 0.8780738
1740546935.394566 1.2988029 -4.7442665 11.5369587 0.3638392 0.3151736 0.0230101 0.8762175
1740546935.503743 1.3583802 -4.8046918 11.5931091 0.3668813 0.3160825 0.0222211 0.8746406
1740546935.610565 1.4242375 -4.8733511 11.6349316 0.3701931 0.3164248 0.0208560 0.8731537
1740546935.718680 1.4869485 -4.9335108 11.6865292 0.3740277 0.3169240 0.0198079 0.8713611
1740546935.825849 1.5369756 -5.0017233 11.7338085 0.3773546 0.3179767 0.0190738 0.8695577
1740546935.930014 1.5961273 -5.0735197 11.7715569 0.3805801 0.3185692 0.0180393 0.8679557
1740546936.038497 1.6492629 -5.1423478 11.8234730 0.3836535 0.3195172 0.0172820 0.8662679
1740546936.148766 1.7162514 -5.2009583 11.8657217 0.3868756 0.3198314 0.0162499 0.8647376
1740546936.256915 1.7711538 -5.2672882 11.9216614 0.3899402 0.3210279 0.0153240 0.8629327
1740546936.363786 1.8321087 -5.3254185 11.9714565 0.3931885 0.3215808 0.0144800 0.8612659
1740546936.471828 1.8862528 -5.3966522 12.0182199 0.3959683 0.3222742 0.0138209 0.8597426
1740546936.580277 1.9421213 -5.4629993 12.0648499 0.3993045 0.3229923 0.0128992 0.8579426
1740546936.682019 1.9960551 -5.5366154 12.1049099 0.4019376 0.3237648 0.0123073 0.8564293
1740546936.790234 2.0464118 -5.6182570 12.1440639 0.4040900 0.3249162 0.0119802 0.8549837
1740546936.898648 2.0925448 -5.6940393 12.1873875 0.4067212 0.3264297 0.0116727 0.8531619
1740546937.006282 2.1491308 -5.7722359 12.2246189 0.4090891 0.3275989 0.0111055 0.8515878
1740546937.115304 2.2012410 -5.8431582 12.2737503 0.4118958 0.3292679 0.0110341 0.8495898
1740546937.222205 2.2598982 -5.9183235 12.3131838 0.4144082 0.3309511 0.0106492 0.8477168
1740546937.331974 2.3247948 -5.9869995 12.3589401 0.4173594 0.3326624 0.0104207 0.8455994
1740546937.542520 2.3221185 -5.9654298 12.1964798 0.4084588 0.3236299 0.0108342 0.8534095
1740546937.642266 2.3656945 -6.0294027 12.2534523 0.4108433 0.3262092 0.0112723 0.8512745
1740546937.749039 2.4199679 -6.1001291 12.3045502 0.4132946 0.3284419 0.0114200 0.8492250
1740546938.063565 2.5828929 -6.3225355 12.4373856 0.4207834 0.3369729 0.0130740 0.8421518
1740546938.273418 2.6948657 -6.4694538 12.5133305 0.4256660 0.3444648 0.0144582 0.8366262
1740546938.584260 2.8828487 -6.6800652 12.6148043 0.4320555 0.3567729 0.0183248 0.8280733
1740546938.885583 3.0644903 -6.9089794 12.6961899 0.4373354 0.3719879 0.0234063 0.8184222
1740546939.201339 3.2552857 -7.1220198 12.7739506 0.4416498 0.3885839 0.0302816 0.8081034
1740546939.506375 3.4683700 -7.3065720 12.8616724 0.4448428 0.4056610 0.0376290 0.7975826
1740546939.815530 3.7003596 -7.4827986 12.9162769 0.4475998 0.4223352 0.0450523 0.7869294
1740546940.128773 3.9287136 -7.6679735 12.9557123 0.4497446 0.4367030 0.0516212 0.7774031
1740546940.433803 4.1630573 -7.8387651 13.0008831 0.4530035 0.4494151 0.0565244 0.7678665
1740546940.633633 4.3141313 -7.9630604 13.0283403 0.4557857 0.4561126 0.0586833 0.7620872
1740546940.929607 4.5407219 -8.1464977 13.0607939 0.4610500 0.4649773 0.0603498 0.7533836
1740546941.249496 4.7556715 -8.3325996 13.1168451 0.4679692 0.4724779 0.0601850 0.7444107
1740546941.564308 4.9814978 -8.5180464 13.1360559 0.4757003 0.4777782 0.0576563 0.7362832
1740546941.901483 5.1941957 -8.7151966 13.1260281 0.4833699 0.4827474 0.0543463 0.7282548
1740546942.115896 5.3315010 -8.8513327 13.1115875 0.4883906 0.4858446 0.0524660 0.7229640
1740546942.339204 5.4785633 -8.9802971 13.0976772 0.4927415 0.4887941 0.0511132 0.7181042
1740546942.551262 5.6262398 -9.1086454 13.0868149 0.4971038 0.4919892 0.0497449 0.7129937
1740546942.762717 5.7696419 -9.2422523 13.0828533 0.5013497 0.4944756 0.0487063 0.7083573
1740546942.983931 5.9199462 -9.3702507 13.0915270 0.5041750 0.4973917 0.0485265 0.7043112
1740546943.184179 6.0723362 -9.4864883 13.0977049 0.5066602 0.5008064 0.0485079 0.7000967
1740546943.400668 6.2288933 -9.6087561 13.0807161 0.5087058 0.5030761 0.0487719 0.6969606
1740546943.613404 6.3712358 -9.7427311 13.0642939 0.5101730 0.5061232 0.0495943 0.6936160
1740546943.826809 6.5192165 -9.8694038 13.0365295 0.5119231 0.5087778 0.0501635 0.6903358
1740546944.049832 6.6696482 -9.9963865 13.0382147 0.5131621 0.5121501 0.0509218 0.6868580
1740546944.263811 6.7992702 -10.1415529 12.9895315 0.5140166 0.5149534 0.0523009 0.6840135
1740546944.471183 6.9581733 -10.2544727 12.9775476 0.5151256 0.5177925 0.0535734 0.6809305
1740546944.686461 7.1247463 -10.3670673 12.9858961 0.5161747 0.5209640 0.0549010 0.6776032
1740546944.905885 7.2789235 -10.4908047 12.9737196 0.5170991 0.5235777 0.0559727 0.6747903
1740546945.124085 7.4316034 -10.6182537 12.9501925 0.5181550 0.5258736 0.0566486 0.6721334
1740546945.338633 7.5864711 -10.7362242 12.9135160 0.5191069 0.5274787 0.0571450 0.6700960
1740546945.567828 7.7319636 -10.8692799 12.8906822 0.5201627 0.5294222 0.0576446 0.6676975
1740546945.785419 7.8881664 -10.9934549 12.8715744 0.5206484 0.5305029 0.0580556 0.6664245
1740546945.987795 8.0273447 -11.1257210 12.8147802 0.5207215 0.5314148 0.0587468 0.6655797
1740546946.197313 8.1706429 -11.2606115 12.7844734 0.5209369 0.5317516 0.0586424 0.6651511
1740546946.413861 8.3251610 -11.3862257 12.7766199 0.5209592 0.5316242 0.0586451 0.6652354
1740546946.625834 8.4907398 -11.4977121 12.7657938 0.5204020 0.5309715 0.0585251 0.6662025
1740546946.933943 8.7340679 -11.6718483 12.7469950 0.5192537 0.5295367 0.0582070 0.6682652
1740546947.140331 8.8855066 -11.8015499 12.7376184 0.5190145 0.5278771 0.0578221 0.6697958
1740546947.356563 9.0313606 -11.9382601 12.7105904 0.5185494 0.5256794 0.0569471 0.6719558
1740546947.572271 9.1851273 -12.0619392 12.6904888 0.5182573 0.5239243 0.0559445 0.6736341
1740546947.789282 9.3318920 -12.1953392 12.6840553 0.5178946 0.5219315 0.0542277 0.6755976
1740546948.008543 9.4872932 -12.3206882 12.6763477 0.5186093 0.5195880 0.0521789 0.6770155
1740546948.216507 9.6365299 -12.4508762 12.6667004 0.5196085 0.5170819 0.0491186 0.6783958
1740546948.428094 9.7836227 -12.5885277 12.6554337 0.5213460 0.5141071 0.0460907 0.6795351
1740546948.647736 9.9359264 -12.7160082 12.6630154 0.5230755 0.5121130 0.0428615 0.6799229
1740546948.864267 10.0747967 -12.8563519 12.6549492 0.5255660 0.5098294 0.0391260 0.6799437
1740546949.074729 10.2173462 -12.9901981 12.6324425 0.5289528 0.5075064 0.0350883 0.6792753
1740546949.289855 10.3564816 -13.1339607 12.6070251 0.5323699 0.5044430 0.0304808 0.6791101
1740546949.508402 10.4943657 -13.2779398 12.5916023 0.5364608 0.5022998 0.0260809 0.6776611
1740546949.730560 10.6306601 -13.4169369 12.5633602 0.5405678 0.5001078 0.0207792 0.6762003
1740546949.951395 10.7542877 -13.5719624 12.5399837 0.5444515 0.4979917 0.0164024 0.6747649
1740546950.169286 10.9031115 -13.7038517 12.5195980 0.5487181 0.4950883 0.0109718 0.6735545
1740546950.382521 11.0144520 -13.8678370 12.4860821 0.5529829 0.4928812 0.0064355 0.6717415
1740546950.483516 11.0603409 -13.9485006 12.4832573 0.5548490 0.4926533 0.0048646 0.6703817
1740546950.700071 11.2094841 -14.1141281 12.4667416 0.5587059 0.4897567 0.0008675 0.6693171
1740546950.808137 11.2495689 -14.1888609 12.4729404 0.5601097 0.4895946 -0.0007891 0.6682616
1740546950.911753 11.2888756 -14.2722702 12.4747486 0.5613203 0.4887770 -0.0014499 0.6678432
1740546951.019119 11.3455200 -14.3519964 12.4749184 0.5633955 0.4880602 -0.0041968 0.6666072
1740546951.122413 11.3892040 -14.4300041 12.4650364 0.5644541 0.4878768 -0.0066344 0.6658256
1740546951.224600 11.4194832 -14.5191145 12.4659004 0.5652292 0.4883227 -0.0072996 0.6648335
1740546951.335097 11.4580517 -14.5960169 12.4596462 0.5661184 0.4870504 -0.0088641 0.6649912
1740546951.434442 11.4784908 -14.6753788 12.4480953 0.5661295 0.4859238 -0.0093467 0.6657988
1740546951.541909 11.5199442 -14.7622080 12.4636192 0.5680222 0.4858922 -0.0099248 0.6641996
1740546951.644881 11.5448084 -14.8644733 12.4431763 0.5676836 0.4850983 -0.0116350 0.6650411
1740546951.759150 11.6091518 -14.9274569 12.4242802 0.5687073 0.4836008 -0.0144338 0.6652021
1740546951.863354 11.6690369 -14.9975224 12.4255733 0.5698867 0.4823576 -0.0170952 0.6650324
1740546951.966722 11.6887445 -15.0658960 12.4165039 0.5698184 0.4807996 -0.0178371 0.6661986
1740546952.073371 11.7213001 -15.1383438 12.3905430 0.5699739 0.4771645 -0.0198865 0.6686168
1740546952.175366 11.7636814 -15.2123108 12.3813114 0.5705611 0.4747481 -0.0213893 0.6697887
1740546952.287034 11.7772388 -15.2766647 12.3778439 0.5719825 0.4740190 -0.0224175 0.6690586
1740546952.388781 11.7945471 -15.3337975 12.3810406 0.5722406 0.4722762 -0.0237082 0.6700253
1740546952.490340 11.8213558 -15.4238806 12.3853397 0.5732078 0.4715190 -0.0242173 0.6697135
1740546952.603447 11.8826361 -15.4994640 12.3624706 0.5737922 0.4698036 -0.0271120 0.6703073
1740546952.705468 11.8912373 -15.5570059 12.3557281 0.5733552 0.4683079 -0.0281029 0.6716858
1740546952.824532 11.9033136 -15.5904560 12.3506470 0.5742188 0.4647551 -0.0297724 0.6733417
1740546952.929710 11.9203434 -15.6253633 12.3430309 0.5743194 0.4608842 -0.0319949 0.6758102
1740546953.043696 11.9265652 -15.6784840 12.3313808 0.5736084 0.4579142 -0.0322786 0.6784144
1740546953.145914 11.9413023 -15.7490244 12.3176670 0.5734162 0.4574144 -0.0338658 0.6788365
1740546953.261714 11.9582005 -15.8190784 12.3117828 0.5738584 0.4533460 -0.0341388 0.6811744
1740546953.359203 11.9673710 -15.8760872 12.2981682 0.5726184 0.4515028 -0.0360367 0.6833409
1740546953.461550 11.9851618 -15.8991108 12.3001766 0.5752869 0.4471674 -0.0379914 0.6838442
1740546953.572172 11.9938135 -15.9673252 12.2892189 0.5744545 0.4433765 -0.0395675 0.6869161
1740546953.669173 12.0046329 -16.0262527 12.2770329 0.5735735 0.4388884 -0.0428004 0.6903322
1740546953.772288 12.0097427 -16.0614243 12.2845860 0.5744919 0.4393995 -0.0461587 0.6890258
1740546953.870333 12.0244131 -16.1373577 12.3118267 0.5751003 0.4389434 -0.0460484 0.6888163
1740546953.968208 12.0476198 -16.2174187 12.3080711 0.5749295 0.4357144 -0.0473898 0.6909148
1740546954.069535 12.0658178 -16.2794189 12.3169250 0.5752478 0.4317276 -0.0496739 0.6929891
1740546954.170966 12.0705509 -16.3493958 12.3104973 0.5751262 0.4277208 -0.0505049 0.6955100
1740546954.274361 12.0758963 -16.4145718 12.2999649 0.5734140 0.4246808 -0.0524443 0.6986360
1740546954.374692 12.0784416 -16.4688606 12.2927666 0.5739060 0.4201487 -0.0539346 0.7008552
1740546954.472279 12.0930500 -16.5210171 12.2875462 0.5731576 0.4153643 -0.0563563 0.7041214
1740546954.575004 12.1198416 -16.5696545 12.2700214 0.5716813 0.4093049 -0.0610119 0.7084684
1740546954.675043 12.1468945 -16.6271935 12.2589264 0.5713290 0.4027526 -0.0656781 0.7120814
1740546954.779822 12.1816349 -16.6821575 12.2567978 0.5724201 0.3965749 -0.0719626 0.7140623
1740546954.878146 12.2177315 -16.7804832 12.2629223 0.5727522 0.3922311 -0.0755327 0.7158244
1740546954.976416 12.2406712 -16.8476715 12.2659988 0.5731444 0.3854919 -0.0803722 0.7186388
1740546955.078599 12.2540607 -16.9171867 12.2588272 0.5717205 0.3784138 -0.0836538 0.7231465
1740546955.177546 12.2807693 -17.0093346 12.2529984 0.5712101 0.3726842 -0.0874941 0.7260649
1740546955.286581 12.2996483 -17.1070461 12.2543774 0.5707303 0.3669525 -0.0901185 0.7290346
1740546955.383170 12.3079329 -17.1954556 12.2646618 0.5699139 0.3618366 -0.0929356 0.7318711
1740546955.478194 12.3231316 -17.2870636 12.2941990 0.5700547 0.3570781 -0.0974641 0.7335078
1740546955.582424 12.3416872 -17.3833504 12.3278732 0.5703460 0.3535300 -0.1025069 0.7343121
1740546955.678681 12.3577576 -17.4831676 12.3446236 0.5702167 0.3481637 -0.1062458 0.7364420
1740546955.788911 12.3771133 -17.5531578 12.3508148 0.5705785 0.3403624 -0.1128699 0.7388194
1740546955.886874 12.3953018 -17.6187820 12.3476124 0.5707206 0.3311622 -0.1183429 0.7420273
1740546955.980621 12.4257507 -17.6842003 12.3629227 0.5716744 0.3241586 -0.1239807 0.7434638
1740546956.084451 12.4349642 -17.7726631 12.3660641 0.5711365 0.3176635 -0.1274244 0.7460940
1740546956.180939 12.4544106 -17.8417225 12.3750305 0.5714654 0.3119993 -0.1338499 0.7471064
1740546956.297216 12.4705887 -17.9267273 12.3948250 0.5718957 0.3058476 -0.1393941 0.7483060
1740546956.390177 12.4766273 -18.0243454 12.4201336 0.5716220 0.3016496 -0.1429749 0.7495425
1740546956.486343 12.4909191 -18.1225166 12.4412518 0.5722501 0.2960280 -0.1467459 0.7505749
1740546956.584669 12.5068426 -18.2032299 12.4732876 0.5745777 0.2904909 -0.1511172 0.7500927
1740546956.680574 12.5141563 -18.3010139 12.5062275 0.5754893 0.2868512 -0.1557503 0.7498469
1740546956.792434 12.5213671 -18.3871460 12.5249271 0.5765355 0.2829450 -0.1603477 0.7495583
1740546956.886406 12.5414495 -18.4708977 12.5441780 0.5785846 0.2771489 -0.1656312 0.7489957
1740546956.987783 12.5533895 -18.5593910 12.5697861 0.5803077 0.2722100 -0.1699496 0.7485064
1740546957.086464 12.5664835 -18.6602402 12.5978718 0.5819250 0.2681799 -0.1736892 0.7478468
1740546957.182664 12.5827818 -18.7572174 12.6159782 0.5831914 0.2637168 -0.1774381 0.7475675
1740546957.282385 12.5966806 -18.8521862 12.6301479 0.5854587 0.2585654 -0.1813007 0.7466673
1740546957.382389 12.5976572 -18.9333382 12.6406784 0.5878489 0.2550022 -0.1848702 0.7451380
1740546957.476455 12.6084862 -19.0125008 12.6610622 0.5909004 0.2514637 -0.1882359 0.7430815
1740546957.578694 12.6253157 -19.0832310 12.6742859 0.5940399 0.2463939 -0.1923756 0.7412140
1740546957.676502 12.6327629 -19.1627769 12.6743011 0.5952348 0.2424767 -0.1970613 0.7403157
1740546957.772571 12.6502686 -19.2480869 12.6917191 0.5977593 0.2370857 -0.2013996 0.7388588
1740546957.878911 12.6609068 -19.3357296 12.7021046 0.6014856 0.2330950 -0.2057136 0.7359102
1740546957.976663 12.6658878 -19.3880596 12.7148342 0.6046633 0.2298752 -0.2084434 0.7335469
1740546958.079882 12.6762772 -19.4629402 12.7250423 0.6080512 0.2253901 -0.2131144 0.7307909
1740546958.177545 12.6859646 -19.5439987 12.7385998 0.6109123 0.2229281 -0.2151480 0.7285606
1740546958.273928 12.6959028 -19.6292419 12.7541237 0.6144004 0.2194179 -0.2187730 0.7256076
1740546958.379179 12.7025280 -19.7124443 12.7648220 0.6168385 0.2163274 -0.2213651 0.7236782
1740546958.478976 12.7141438 -19.8165989 12.7789116 0.6192880 0.2120507 -0.2248768 0.7217669
1740546958.584788 12.7127018 -19.9144535 12.7969742 0.6222125 0.2089009 -0.2274129 0.7193716
1740546958.680627 12.7205296 -20.0159416 12.8101063 0.6254436 0.2047710 -0.2299294 0.7169530
1740546958.795795 12.7269039 -20.1065464 12.8277397 0.6282962 0.2022903 -0.2326496 0.7142805
1740546958.889246 12.7175035 -20.2031536 12.8305492 0.6298886 0.2001673 -0.2344794 0.7128764
1740546958.988424 12.7099581 -20.2967834 12.8418751 0.6321428 0.1981619 -0.2361858 0.7108753
1740546959.087509 12.7155886 -20.4008770 12.8487244 0.6343285 0.1956231 -0.2384733 0.7088649
1740546959.188066 12.7120104 -20.4898109 12.8517532 0.6356487 0.1933842 -0.2393690 0.7079942
1740546959.295528 12.7086582 -20.5893002 12.8529701 0.6367989 0.1912035 -0.2422018 0.7065880
1740546959.389694 12.6906414 -20.6897621 12.8610725 0.6389742 0.1897770 -0.2432619 0.7046419
1740546959.485725 12.6724834 -20.7771683 12.8635101 0.6394840 0.1899558 -0.2441366 0.7038283
1740546959.587548 12.6976976 -20.8731003 12.8894730 0.6420284 0.1877527 -0.2457098 0.7015520
1740546959.687241 12.7228909 -20.9354115 12.9048195 0.6434710 0.1855704 -0.2475014 0.7001798
1740546959.795101 12.7807961 -21.0283184 12.9278564 0.6465043 0.1808718 -0.2495317 0.6978908
1740546959.890411 12.8286629 -21.1171207 12.9539299 0.6496669 0.1777720 -0.2511189 0.6951758
1740546959.988003 12.8822002 -21.1966763 12.9780197 0.6521480 0.1745453 -0.2543603 0.6924866
1740546960.092711 12.8990364 -21.2852955 12.9964390 0.6540966 0.1721746 -0.2553871 0.6908625
1740546960.192471 12.8995857 -21.3822479 13.0204830 0.6550514 0.1717822 -0.2561037 0.6897894
1740546960.296202 12.8979282 -21.4818993 13.0338573 0.6561232 0.1710774 -0.2566678 0.6887355
1740546960.396186 12.8772259 -21.5702095 13.0440121 0.6564033 0.1710207 -0.2561802 0.6886642
1740546960.494831 12.8684711 -21.6699619 13.0552750 0.6572910 0.1701917 -0.2563564 0.6879570
1740546960.599763 12.8523388 -21.7729378 13.0610905 0.6578765 0.1701387 -0.2564322 0.6873819
1740546960.695450 12.8391199 -21.8773060 13.0650806 0.6582481 0.1699166 -0.2568792 0.6869140
1740546960.806324 12.8207998 -21.9782276 13.0699005 0.6582338 0.1701406 -0.2572327 0.6867400
1740546960.902577 12.8029499 -22.0809231 13.0801868 0.6578696 0.1703838 -0.2574320 0.6869539
1740546961.002333 12.7996807 -22.1788044 13.1011963 0.6585981 0.1697234 -0.2571027 0.6865426
1740546961.106744 12.7981539 -22.2713318 13.1179371 0.6592990 0.1691497 -0.2571262 0.6860024
1740546961.205535 12.7892885 -22.3720264 13.1265831 0.6589131 0.1692437 -0.2572841 0.6862907
1740546961.310804 12.7746468 -22.4774971 13.1314144 0.6579344 0.1692235 -0.2578591 0.6870186
1740546961.410553 12.7629519 -22.5761433 13.1391754 0.6579740 0.1695324 -0.2574393 0.6870618
1740546961.508168 12.7294254 -22.6741257 13.1546841 0.6581168 0.1707308 -0.2566746 0.6869144
1740546961.613572 12.7291822 -22.7801514 13.1589813 0.6576628 0.1702868 -0.2566058 0.6874849
1740546961.713264 12.7230301 -22.8773346 13.1753101 0.6580347 0.1708969 -0.2566756 0.6869513
1740546961.822621 12.7014332 -22.9750004 13.1799736 0.6573568 0.1714679 -0.2557289 0.6878107
1740546962.019387 12.6889801 -23.1802292 13.1897564 0.6567150 0.1722872 -0.2552744 0.6883876
1740546962.125557 12.6770382 -23.2816963 13.1985931 0.6560397 0.1729376 -0.2546477 0.6891001
1740546962.225619 12.6671524 -23.3827000 13.2064247 0.6556016 0.1737352 -0.2542379 0.6894678
1740546962.433936 12.6394920 -23.5872746 13.2161636 0.6540326 0.1748068 -0.2535055 0.6909550
1740546962.637604 12.6253271 -23.7828979 13.2426605 0.6529469 0.1763307 -0.2524216 0.6919907
1740546962.736457 12.6117153 -23.8789330 13.2558613 0.6517838 0.1771002 -0.2520965 0.6930085
1740546962.852841 12.6025610 -23.9779129 13.2782440 0.6510109 0.1784788 -0.2514722 0.6936079
1740546962.953157 12.5907345 -24.0787964 13.2940998 0.6501583 0.1794540 -0.2501883 0.6946195
1740546963.171938 12.5946159 -24.2800980 13.3299999 0.6478213 0.1812438 -0.2492442 0.6966746
1740546963.270769 12.5856237 -24.3828506 13.3366089 0.6461987 0.1822194 -0.2484619 0.6982048
1740546963.377618 12.5766048 -24.4805260 13.3585205 0.6453409 0.1834597 -0.2472593 0.6990998
1740546963.587880 12.5711441 -24.6879101 13.3662529 0.6409022 0.1851772 -0.2458580 0.7032124
1740546963.791396 12.5765648 -24.8877068 13.3821850 0.6366968 0.1871890 -0.2447113 0.7068903
1740546963.899438 12.5650158 -24.9921837 13.3998318 0.6352355 0.1886858 -0.2431673 0.7083383
1740546964.002557 12.5562897 -25.0907936 13.4319286 0.6335882 0.1908076 -0.2424550 0.7094886
1740546964.109858 12.5397873 -25.1887894 13.4569988 0.6319677 0.1923761 -0.2406403 0.7111262
1740546964.213769 12.5419731 -25.2843189 13.4851933 0.6303864 0.1940970 -0.2397036 0.7123774
1740546964.321677 12.5517883 -25.3872070 13.5010223 0.6286964 0.1950054 -0.2387029 0.7139570
1740546964.424452 12.5429869 -25.4875374 13.5250187 0.6269868 0.1969464 -0.2370332 0.7154823
1740546964.524925 12.5397587 -25.5815144 13.5567131 0.6255139 0.1982989 -0.2354559 0.7169173
1740546964.629595 12.5517683 -25.6755142 13.5855522 0.6242046 0.1999022 -0.2345985 0.7178937
1740546964.730631 12.5620298 -25.7714119 13.6149673 0.6231470 0.2014304 -0.2339921 0.7185829
1740546964.847231 12.5654259 -25.8720303 13.6338406 0.6216435 0.2028716 -0.2329101 0.7198301
1740546964.960405 12.5747480 -25.9723511 13.6565723 0.6208616 0.2036311 -0.2316296 0.7207031
1740546965.068234 12.5754433 -26.0711517 13.6809540 0.6201687 0.2050980 -0.2307655 0.7211608
1740546965.172278 12.5707569 -26.1725502 13.6960812 0.6190090 0.2059524 -0.2296628 0.7222648
1740546965.270931 12.5683823 -26.2730980 13.7071304 0.6181992 0.2066118 -0.2288426 0.7230300
1740546965.380597 12.5750408 -26.3600445 13.7437267 0.6197093 0.2075052 -0.2280766 0.7217223
1740546965.485038 12.5707664 -26.4608803 13.7716999 0.6199588 0.2082505 -0.2274443 0.7214929
1740546965.597814 12.5910120 -26.5644417 13.7676163 0.6190656 0.2080565 -0.2278990 0.7221720
1740546965.702233 12.6092653 -26.6687202 13.7684822 0.6189203 0.2073746 -0.2284329 0.7223240
1740546965.816989 12.6165028 -26.7666683 13.7851887 0.6195285 0.2065487 -0.2289458 0.7218766
1740546965.915765 12.6128235 -26.8693981 13.8018456 0.6197068 0.2060422 -0.2294409 0.7217112
1740546966.019790 12.6071949 -26.9626083 13.8278122 0.6201388 0.2050637 -0.2307554 0.7211995
1740546966.129746 12.6126699 -27.0629234 13.8458366 0.6208677 0.2031350 -0.2325463 0.7205426
1740546966.233336 12.6203022 -27.1654778 13.8449230 0.6206711 0.2007974 -0.2347220 0.7206618
1740546966.347528 12.6103859 -27.2497826 13.8777714 0.6225969 0.1982933 -0.2367153 0.7190402
1740546966.452866 12.5879917 -27.3387909 13.9154148 0.6243028 0.1964779 -0.2390526 0.7172840
1740546966.558075 12.5888090 -27.4386406 13.9003944 0.6233408 0.1922077 -0.2422714 0.7181971
1740546966.659652 12.6029720 -27.5360451 13.9169636 0.6236714 0.1880479 -0.2460644 0.7177216
1740546966.760575 12.6005793 -27.6313477 13.9577293 0.6242437 0.1841993 -0.2499449 0.7168807
1740546966.873466 12.5968943 -27.7367325 13.9691792 0.6241068 0.1788802 -0.2536422 0.7170483
1740546966.976970 12.5837402 -27.8335457 13.9869919 0.6236460 0.1735581 -0.2581272 0.7171566
1740546967.085728 12.5633974 -27.9190254 14.0281792 0.6243883 0.1675581 -0.2633740 0.7160290
1740546967.185822 12.5480204 -28.0237446 14.0545559 0.6247199 0.1611148 -0.2685374 0.7153004
1740546967.285405 12.5322752 -28.1224518 14.0836945 0.6243723 0.1546004 -0.2747217 0.7146929
1740546967.407467 12.4945583 -28.2125244 14.1075764 0.6238151 0.1477669 -0.2802137 0.7144928
1740546967.508553 12.4640245 -28.3074036 14.1378307 0.6241208 0.1406569 -0.2859914 0.7133707
1740546967.616325 12.4308786 -28.3931503 14.1605263 0.6244555 0.1328204 -0.2917727 0.7122380
1740546967.717135 12.4004555 -28.4808960 14.1889553 0.6250215 0.1251774 -0.2974418 0.7107792
1740546967.824471 12.3681974 -28.5699883 14.2221699 0.6262214 0.1183976 -0.3032104 0.7084435
1740546967.925025 12.3380899 -28.6634331 14.2485638 0.6269379 0.1111380 -0.3087495 0.7065911
1740546968.022825 12.3152523 -28.7563324 14.2628899 0.6271992 0.1035591 -0.3148388 0.7048215
1740546968.129715 12.2900124 -28.8517418 14.2923985 0.6283413 0.0967754 -0.3211187 0.7019292
1740546968.333737 12.1990461 -29.0423107 14.3051472 0.6294566 0.0821372 -0.3308028 0.6982889
1740546968.736391 12.0062304 -29.4006729 14.3872223 0.6337261 0.0572224 -0.3487343 0.6881142
1740546969.043553 11.8829002 -29.6743412 14.4388599 0.6368912 0.0406994 -0.3599886 0.6805302
1740546969.454237 11.6569357 -30.0197849 14.4734478 0.6382552 0.0245292 -0.3716811 0.6737075
1740546969.658806 11.5490465 -30.1884918 14.4998417 0.6376017 0.0181641 -0.3772712 0.6714168
1740546969.867126 11.4311752 -30.3490753 14.5321617 0.6352278 0.0139900 -0.3809364 0.6716974
1740546970.073933 11.3374500 -30.5251408 14.5669365 0.6310916 0.0113460 -0.3840902 0.6738467
1740546970.272704 11.2525997 -30.6943703 14.6282463 0.6268134 0.0094474 -0.3871090 0.6761379
1740546970.375651 11.2062225 -30.7765312 14.6526928 0.6235214 0.0090465 -0.3886772 0.6782840
1740546970.580710 11.1025715 -30.9436703 14.7115345 0.6157510 0.0091284 -0.3918651 0.6835269
1740546970.779418 10.9928856 -31.0936699 14.7866230 0.6078593 0.0105732 -0.3935847 0.6895552
1740546970.990032 10.9021740 -31.2616215 14.8537369 0.5979270 0.0125669 -0.3961482 0.6967007
1740546971.092416 10.8678627 -31.3389244 14.9037037 0.5938293 0.0140311 -0.3962905 0.7000884
1740546971.288922 10.8004436 -31.5156212 14.9641094 0.5829895 0.0171763 -0.3977323 0.7082635
1740546971.396345 10.7672539 -31.6000538 15.0113316 0.5780784 0.0188319 -0.3979805 0.7120970
1740546971.494782 10.7339115 -31.6727810 15.0485382 0.5729365 0.0209033 -0.3981843 0.7160699
1740546971.601622 10.7130642 -31.7491703 15.0908890 0.5674852 0.0219265 -0.3995729 0.7195981
1740546971.701182 10.7074795 -31.8128471 15.1476288 0.5623906 0.0232385 -0.4001750 0.7232128
1740546971.799231 10.7045288 -31.8644714 15.1996746 0.5575452 0.0247083 -0.3998087 0.7271079
1740546971.905539 10.7054691 -31.9076653 15.2447701 0.5529671 0.0261564 -0.3999153 0.7304869
1740546972.001516 10.6890736 -31.9717960 15.3016148 0.5493928 0.0275229 -0.3987243 0.7337773
1740546972.108517 10.6819000 -32.0323715 15.3501797 0.5426015 0.0296901 -0.3998889 0.7380997
1740546972.206842 10.6610756 -32.1071434 15.3846130 0.5365989 0.0311904 -0.3998103 0.7424557
1740546972.304470 10.6754360 -32.1742058 15.4650269 0.5339351 0.0320330 -0.4002610 0.7440956
1740546972.408756 10.6928101 -32.2246208 15.5248108 0.5311995 0.0322079 -0.3987688 0.7468421
1740546972.505696 10.7155495 -32.2782555 15.5961266 0.5278589 0.0329096 -0.3990553 0.7490239
1740546972.611657 10.7431965 -32.3403091 15.6720428 0.5260412 0.0319547 -0.3971889 0.7513325
1740546972.712135 10.7612915 -32.3893776 15.7325001 0.5211948 0.0329021 -0.3958755 0.7553516
1740546972.810828 10.7855244 -32.4303436 15.7947292 0.5191539 0.0328647 -0.3963041 0.7565330
1740546972.913390 10.7974453 -32.4746666 15.8403702 0.5139093 0.0345276 -0.3928777 0.7618085
1740546973.014024 10.8130245 -32.5173111 15.8937626 0.5103258 0.0368468 -0.3898087 0.7656755
1740546973.118321 10.8389931 -32.5622635 15.9634705 0.5094311 0.0378180 -0.3865770 0.7678593
1740546973.215883 10.8480644 -32.5975189 16.0027828 0.5062706 0.0403580 -0.3814401 0.7723761
1740546973.314884 10.8737221 -32.6461716 16.0680084 0.5037069 0.0422937 -0.3787852 0.7752499
1740546973.425149 10.9009037 -32.7047539 16.1338234 0.5001202 0.0420488 -0.3780466 0.7779412
1740546973.520858 10.9246807 -32.7577667 16.1963654 0.4958777 0.0424062 -0.3791962 0.7800752
1740546973.622711 10.9392567 -32.8055801 16.2479630 0.4915553 0.0427048 -0.3810226 0.7819024
1740546973.720845 10.9595222 -32.8548584 16.3007717 0.4865344 0.0432621 -0.3807478 0.7851394
1740546973.819851 10.9853992 -32.8883858 16.3615704 0.4862647 0.0442967 -0.3776842 0.7867268
1740546973.925257 11.0015945 -32.9497070 16.4358692 0.4820525 0.0453325 -0.3777263 0.7892358
1740546974.024044 11.0380325 -33.0086098 16.5140324 0.4802604 0.0447333 -0.3753416 0.7914971
1740546974.124801 11.0487232 -33.0679016 16.5823631 0.4769936 0.0457587 -0.3744359 0.7938394
1740546974.225396 11.0555782 -33.1126137 16.6361103 0.4707687 0.0492250 -0.3765496 0.7963443
1740546974.327632 11.0868626 -33.1717758 16.7059002 0.4670732 0.0482481 -0.3760385 0.7988178
1740546974.429516 11.1296101 -33.2360191 16.7850399 0.4653983 0.0453334 -0.3744127 0.8007274
1740546974.528018 11.1451511 -33.2954979 16.8446655 0.4591466 0.0472083 -0.3774424 0.8028032
1740546974.634667 11.1491375 -33.3562851 16.9102974 0.4553728 0.0479927 -0.3771487 0.8050411
1740546974.733602 11.1540565 -33.4310341 16.9780884 0.4506954 0.0490437 -0.3788075 0.8068292
1740546974.843933 11.1630268 -33.5003395 17.0479031 0.4460837 0.0507282 -0.3771626 0.8100520
1740546974.942106 11.1681576 -33.5576820 17.1104698 0.4420698 0.0537163 -0.3756836 0.8127427
1740546975.040211 11.1873207 -33.6277046 17.1872940 0.4380098 0.0544839 -0.3770918 0.8142363
1740546975.148241 11.1929817 -33.7016983 17.2580719 0.4324448 0.0559459 -0.3778775 0.8167436
1740546975.247698 11.1961422 -33.7687416 17.3276253 0.4279905 0.0582337 -0.3781177 0.8188162
1740546975.362530 11.2089462 -33.8298569 17.3849926 0.4215173 0.0606475 -0.3781092 0.8219966
1740546975.458557 11.2088451 -33.8964043 17.4598827 0.4170937 0.0639736 -0.3775630 0.8242490
1740546975.557440 11.2252388 -33.9579849 17.5352077 0.4122177 0.0677967 -0.3788972 0.8257827
1740546975.660870 11.2424660 -34.0316315 17.6087093 0.4075320 0.0698654 -0.3800114 0.8274224
1740546975.758518 11.2475071 -34.1009750 17.6770306 0.4020584 0.0729538 -0.3804842 0.8296135
1740546975.866451 11.2604866 -34.1669197 17.7359619 0.3967346 0.0752122 -0.3808521 0.8318031
1740546975.970159 11.2746735 -34.2319183 17.8069057 0.3918294 0.0780329 -0.3805473 0.8340050
1740546976.066877 11.2675190 -34.3044624 17.8800602 0.3863449 0.0821838 -0.3798759 0.8364674
1740546976.174536 11.2651367 -34.3725433 17.9493484 0.3812658 0.0861185 -0.3792503 0.8386831
1740546976.273510 11.2804842 -34.4358101 18.0194683 0.3767449 0.0888812 -0.3788550 0.8406142
1740546976.374859 11.2970896 -34.4957047 18.0836182 0.3721514 0.0939962 -0.3785407 0.8422440
1740546976.476362 11.3141546 -34.5647011 18.1522675 0.3683687 0.0980745 -0.3774811 0.8439158
1740546976.578457 11.3318281 -34.6318130 18.2227020 0.3641548 0.1013411 -0.3763286 0.8458713
1740546976.679084 11.3261843 -34.7032776 18.2931404 0.3605283 0.1056306 -0.3745567 0.8476844
1740546976.777333 11.3310337 -34.7675629 18.3599358 0.3562462 0.1108530 -0.3728807 0.8495648
1740546976.883427 11.3365612 -34.8336754 18.4327145 0.3523744 0.1147276 -0.3712576 0.8513740
1740546976.983316 11.3645630 -34.8929634 18.4918442 0.3480633 0.1178161 -0.3708946 0.8528824
1740546977.091814 11.3794250 -34.9380379 18.5425587 0.3440470 0.1219186 -0.3698897 0.8543706
1740546977.192007 11.3895597 -34.9956398 18.6210365 0.3407107 0.1268101 -0.3686392 0.8555353
1740546977.289904 11.3886404 -35.0644226 18.6959915 0.3370499 0.1308959 -0.3673907 0.8569059
1740546977.395029 11.3977480 -35.1189423 18.7749100 0.3341133 0.1349337 -0.3662325 0.8579248
1740546977.491856 11.4218712 -35.1751938 18.8351078 0.3296537 0.1382820 -0.3665370 0.8589861
1740546977.597871 11.4520988 -35.2337608 18.8973732 0.3265455 0.1408529 -0.3672658 0.8594442
1740546977.691017 11.4697313 -35.2827873 18.9579697 0.3229245 0.1437815 -0.3659321 0.8608952
1740546977.787704 11.4870148 -35.3340530 19.0186234 0.3210438 0.1464128 -0.3654085 0.8613772
1740546977.892672 11.5087423 -35.3930664 19.0871925 0.3180547 0.1488813 -0.3642879 0.8625369
1740546977.986877 11.5305929 -35.4418449 19.1512718 0.3144695 0.1508334 -0.3635781 0.8638108
1740546978.097492 11.5444183 -35.5026741 19.2246151 0.3122363 0.1535196 -0.3627920 0.8644780
1740546978.192872 11.5598698 -35.5607033 19.2954044 0.3082682 0.1554627 -0.3628964 0.8655104
1740546978.285848 11.5894375 -35.6204643 19.3651714 0.3053158 0.1560905 -0.3644953 0.8657720
1740546978.388531 11.6198559 -35.6761780 19.4464226 0.3025414 0.1576104 -0.3660728 0.8658050
1740546978.482200 11.6356001 -35.7307587 19.5096397 0.2983247 0.1599704 -0.3667128 0.8665643
1740546978.580799 11.6640987 -35.7826004 19.5676727 0.2939120 0.1606152 -0.3682095 0.8673179
1740546978.680861 11.6797428 -35.8317261 19.6331367 0.2905345 0.1629595 -0.3668373 0.8685991
1740546978.775897 11.7061129 -35.8785667 19.6956997 0.2874007 0.1646650 -0.3674522 0.8690599
1740546978.877872 11.7345209 -35.9222565 19.7534523 0.2867279 0.1659651 -0.3663230 0.8695115
1740546978.975649 11.7508249 -35.9562225 19.8026085 0.2832760 0.1683843 -0.3662092 0.8702254
1740546979.067931 11.7747288 -35.9929466 19.8494339 0.2797577 0.1689831 -0.3658788 0.8713857
1740546979.175836 11.7746582 -36.0009804 19.8497276 0.2747220 0.1699029 -0.3659535 0.8727765
1740546979.267416 11.7742195 -36.0081406 19.8590355 0.2681612 0.1733392 -0.3681493 0.8732177
1740546979.378405 11.7804794 -36.0156555 19.8659859 0.2645303 0.1741748 -0.3668854 0.8746897
1740546979.470220 11.7927876 -36.0406876 19.8959885 0.2580409 0.1752854 -0.3681542 0.8758724
1740546979.564603 11.8172617 -36.0871658 19.9630508 0.2520764 0.1775063 -0.3686249 0.8769634
1740546979.663289 11.8385878 -36.1263313 20.0174408 0.2457190 0.1814032 -0.3677710 0.8783277
1740546979.758009 11.8707132 -36.1779366 20.0899391 0.2410781 0.1823633 -0.3674799 0.8795360
1740546979.857395 11.8881664 -36.2136307 20.1625862 0.2354567 0.1859489 -0.3658183 0.8809996
1740546979.950693 11.9127998 -36.2527771 20.2389069 0.2305713 0.1887548 -0.3644684 0.8822536
1740546980.046955 11.9341946 -36.2959824 20.3189201 0.2247017 0.1916616 -0.3631068 0.8837016
1740546980.146972 11.9671125 -36.3401985 20.4024429 0.2215208 0.1943963 -0.3632258 0.8838584
1740546980.241715 12.0006542 -36.3796387 20.4837513 0.2172656 0.1963814 -0.3619166 0.8850121
1740546980.337941 12.0119705 -36.4219780 20.5669918 0.2120180 0.1999036 -0.3604600 0.8860900
1740546980.439818 12.0446510 -36.4642029 20.6429119 0.2084318 0.2021943 -0.3600355 0.8865935
1740546980.532186 12.0736217 -36.5045547 20.7258110 0.2051224 0.2050562 -0.3584479 0.8873510
1740546980.633314 12.0919962 -36.5404778 20.7933235 0.2013439 0.2064787 -0.3558950 0.8889128
1740546980.727860 12.1112509 -36.5833893 20.8690701 0.1982944 0.2099677 -0.3550488 0.8891193
1740546980.822102 12.1308756 -36.6183891 20.9618301 0.1965174 0.2134077 -0.3539977 0.8891140
1740546980.922432 12.1418762 -36.6621323 21.0584450 0.1932323 0.2171858 -0.3528778 0.8893644
1740546981.017670 12.1504774 -36.7048492 21.1490803 0.1903679 0.2209996 -0.3527992 0.8890737
1740546981.124952 12.1824923 -36.7466087 21.2175503 0.1891797 0.2214494 -0.3529897 0.8891398
1740546981.223357 12.2091579 -36.7863312 21.3039284 0.1886717 0.2234889 -0.3529116 0.8887683
1740546981.317736 12.2436705 -36.8382912 21.3844547 0.1876322 0.2245057 -0.3519888 0.8890980
1740546981.417787 12.2891636 -36.8865967 21.4538136 0.1882280 0.2245190 -0.3509098 0.8893952
1740546981.513604 12.3160439 -36.9395027 21.5259628 0.1879117 0.2255049 -0.3507752 0.8892657
1740546981.614277 12.3411741 -36.9787331 21.6199017 0.1879780 0.2269759 -0.3510980 0.8887499
1740546981.710298 12.3660793 -37.0264282 21.6923828 0.1891486 0.2270849 -0.3513230 0.8883847
1740546981.804493 12.3817511 -37.0776596 21.7762451 0.1896764 0.2284305 -0.3509658 0.8880684
1740546981.903194 12.3977528 -37.1278038 21.8608189 0.1895581 0.2297343 -0.3514608 0.8875614
1740546981.999207 12.4250422 -37.1886101 21.9394875 0.1894923 0.2301060 -0.3507940 0.8877429
1740546982.099935 12.4495687 -37.2466774 22.0222740 0.1901996 0.2306539 -0.3498026 0.8878407
1740546982.203710 12.4907198 -37.2973862 22.0911446 0.1912591 0.2292085 -0.3508883 0.8875589
1740546982.298443 12.5172043 -37.3399773 22.1732864 0.1925409 0.2295269 -0.3516255 0.8869075
1740546982.401251 12.5499001 -37.3895187 22.2552452 0.1943311 0.2288619 -0.3512980 0.8868187
1740546982.495102 12.5754871 -37.4454346 22.3367634 0.1945691 0.2283527 -0.3513930 0.8868601
1740546982.588668 12.6060266 -37.4817734 22.4240532 0.1958433 0.2288123 -0.3520364 0.8862059
1740546982.694750 12.6335077 -37.5280914 22.4979630 0.1972004 0.2277447 -0.3524657 0.8860092
1740546982.790071 12.6532602 -37.5732422 22.5661049 0.1972513 0.2261021 -0.3534305 0.8860343
1740546982.891835 12.6705723 -37.6334267 22.6529713 0.1969397 0.2271259 -0.3534656 0.8858277
1740546982.985031 12.7012205 -37.6814575 22.7342052 0.1978525 0.2258013 -0.3533542 0.8860073
1740546983.081010 12.7325916 -37.7239571 22.8181362 0.1984975 0.2248172 -0.3540733 0.8858262
1740546983.181920 12.7535009 -37.7736855 22.9013748 0.1984406 0.2250163 -0.3542683 0.8857105
1740546983.278849 12.7759933 -37.8225708 22.9870682 0.1996240 0.2247461 -0.3542989 0.8855009
1740546983.379359 12.7980928 -37.8725319 23.0687218 0.1997375 0.2236647 -0.3545002 0.8856685
1740546983.478002 12.8165293 -37.9264145 23.1474686 0.1994609 0.2227709 -0.3542610 0.8860517
1740546983.569108 12.8445930 -37.9835358 23.2298717 0.1983275 0.2222672 -0.3547667 0.8862303
1740546983.671753 12.8614359 -38.0253716 23.3148613 0.1994702 0.2223217 -0.3537916 0.8863500
1740546983.765751 12.8817139 -38.0716972 23.4044380 0.1998000 0.2224362 -0.3539134 0.8861983
1740546983.865896 12.9096060 -38.1225281 23.4927177 0.1992952 0.2217416 -0.3541772 0.8863806
1740546983.962173 12.9356451 -38.1593781 23.5693512 0.2003353 0.2215344 -0.3541690 0.8862012
1740546984.058208 12.9540319 -38.2034798 23.6558113 0.2000131 0.2214506 -0.3543140 0.8862370
1740546984.157638 12.9726524 -38.2677536 23.7357597 0.1992367 0.2205473 -0.3545599 0.8865387
1740546984.250098 13.0000381 -38.3253403 23.8150177 0.1978476 0.2199157 -0.3550316 0.8868179
1740546984.347806 13.0316305 -38.3730392 23.8979416 0.1985481 0.2195999 -0.3547645 0.8868465
1740546984.446884 13.0576057 -38.4302254 23.9784298 0.1988028 0.2187401 -0.3549149 0.8869417
1740546984.661609 13.0990343 -38.5328522 24.1485405 0.1979631 0.2189586 -0.3543811 0.8872890
1740546984.757751 13.1294603 -38.5772591 24.2318611 0.1977869 0.2181257 -0.3547001 0.8874059
1740546984.861220 13.1497240 -38.6312866 24.3188877 0.1973390 0.2174292 -0.3548289 0.8876251
1740546985.050256 13.1958160 -38.7359276 24.4890823 0.1968814 0.2159860 -0.3552876 0.8878956
1740546985.252508 13.2434950 -38.8384399 24.6595173 0.1954805 0.2146187 -0.3555332 0.8884382
1740546985.355593 13.2768450 -38.8873711 24.7428036 0.1953666 0.2148402 -0.3559217 0.8882541
1740546985.549787 13.3206167 -38.9900398 24.9126816 0.1935690 0.2144489 -0.3555822 0.8888780
1740546985.651754 13.3408165 -39.0368462 24.9998932 0.1927670 0.2144522 -0.3556253 0.8890342
1740546985.843660 13.3865147 -39.1327591 25.1749992 0.1910326 0.2158348 -0.3548384 0.8893883
1740546985.950788 13.4154654 -39.1790390 25.2568398 0.1907909 0.2163311 -0.3546720 0.8893861
1740546986.152354 13.4653187 -39.2768478 25.4266891 0.1877575 0.2205196 -0.3533320 0.8895363
1740546986.250380 13.4925346 -39.3288994 25.5102730 0.1869706 0.2226470 -0.3524010 0.8895413
1740546986.450837 13.5204277 -39.4217834 25.6862564 0.1838521 0.2300583 -0.3502625 0.8891500
1740546986.658482 13.5626316 -39.5104599 25.8643932 0.1819989 0.2397710 -0.3471698 0.8881776
1740546986.755092 13.5860443 -39.5565529 25.9480762 0.1807911 0.2454834 -0.3452963 0.8875939
1740546986.955134 13.6561270 -39.6592560 26.1069756 0.1763847 0.2592867 -0.3406677 0.8863432
1740546987.052346 13.7099352 -39.6952553 26.1874065 0.1758892 0.2675585 -0.3385381 0.8847979
1740546987.156801 13.7587366 -39.7443619 26.2607841 0.1747315 0.2763668 -0.3356784 0.8834084
1740546987.358644 13.8705082 -39.8487091 26.3975639 0.1722346 0.2957041 -0.3294834 0.8799631
1740546987.457733 13.9259310 -39.9046707 26.4623756 0.1705543 0.3061205 -0.3259652 0.8780365
1740546987.552646 13.9881277 -39.9562912 26.5310478 0.1692192 0.3168489 -0.3230809 0.8755515
1740546987.754469 14.0996380 -40.0671844 26.6611824 0.1648505 0.3388158 -0.3151107 0.8710530
1740546987.960772 14.2274446 -40.1583672 26.7927628 0.1623510 0.3613630 -0.3075599 0.8651392
1740546988.058691 14.2977514 -40.2055779 26.8437920 0.1602840 0.3716998 -0.3035893 0.8625439
1740546988.260698 14.4513693 -40.3024521 26.9392052 0.1565700 0.3923264 -0.2961554 0.8566550
1740546988.471626 14.6084099 -40.4034500 27.0205612 0.1528892 0.4113846 -0.2891045 0.8507680
1740546988.677073 14.7689447 -40.5026283 27.1006317 0.1490803 0.4276391 -0.2828005 0.8455316
1740546988.877856 14.9247656 -40.6010399 27.1912918 0.1453013 0.4409693 -0.2770780 0.8412261
1740546989.178342 15.1273994 -40.7467346 27.3642197 0.1393185 0.4551095 -0.2700129 0.8369939
1740546989.582237 15.4180994 -40.9478912 27.5613174 0.1288316 0.4645711 -0.2628326 0.8357602
1740546989.993387 15.7155247 -41.1211548 27.7778511 0.1160953 0.4657343 -0.2565982 0.8389105
1740546990.403532 15.9988108 -41.2589912 28.0351219 0.1010239 0.4621037 -0.2508694 0.8445821
1740546990.808723 16.3002338 -41.4175339 28.2618923 0.0833589 0.4570378 -0.2444129 0.8511347
1740546991.432765 16.7361965 -41.5681152 28.6516171 0.0544326 0.4501377 -0.2328680 0.8603404
1740546991.935673 17.1471844 -41.7039566 28.9248142 0.0335881 0.4452726 -0.2243512 0.8661817
1740546992.536942 17.6004391 -41.8028526 29.3201389 0.0134497 0.4405516 -0.2154710 0.8713815
1740546992.736048 17.7563934 -41.8302536 29.4472351 0.0089380 0.4387141 -0.2135986 0.8728263
1740546992.935306 17.9075985 -41.8427086 29.5838776 0.0055124 0.4368657 -0.2121949 0.8741232
1740546993.324106 18.2250462 -41.9075012 29.8331509 0.0035825 0.4327110 -0.2123075 0.8761700
1740546993.523226 18.3872852 -41.9426270 29.9500504 0.0046863 0.4307948 -0.2135840 0.8767986
1740546994.020583 18.7485828 -42.0673561 30.2816811 0.0133526 0.4242058 -0.2182234 0.8787774
1740546994.518609 19.1076889 -42.1878891 30.6308861 0.0257459 0.4148390 -0.2250908 0.8812377
1740546994.813519 19.3325691 -42.2728310 30.8325348 0.0338696 0.4080875 -0.2293779 0.8830081
1740546995.308782 19.6656818 -42.4230957 31.1859150 0.0462330 0.3962101 -0.2363646 0.8860089
1740546995.715865 19.9291992 -42.5559235 31.4697971 0.0546499 0.3853804 -0.2416664 0.8888716
1740546996.012257 20.1224213 -42.6591072 31.6939430 0.0605424 0.3774741 -0.2455030 0.8908290
1740546996.415625 20.3738556 -42.7856064 32.0014458 0.0677563 0.3662044 -0.2496814 0.8938471
1740546996.706090 20.5607224 -42.8831902 32.2320709 0.0723292 0.3573752 -0.2530105 0.8961234
1740546997.011428 20.7223434 -42.9755173 32.4788361 0.0778406 0.3481882 -0.2563798 0.8983181
1740546997.308779 20.8917770 -43.0651817 32.7160683 0.0843084 0.3399934 -0.2602063 0.8997718
1740546997.721494 21.1074600 -43.1908722 33.0442696 0.0943777 0.3309418 -0.2651716 0.9006967
1740546998.138080 21.2907524 -43.3704567 33.3631821 0.1058215 0.3254965 -0.2710947 0.8996452
1740546998.432578 21.4555702 -43.4960442 33.5960274 0.1156085 0.3237096 -0.2732261 0.8984399
1740546998.734543 21.5869522 -43.6261940 33.8414612 0.1253157 0.3237895 -0.2762863 0.8961709
1740546999.043464 21.7327824 -43.7833138 34.0619087 0.1338991 0.3273720 -0.2783387 0.8929873
1740546999.338760 21.8875961 -43.9234276 34.2917061 0.1417869 0.3344735 -0.2794057 0.8887950
1740546999.650512 22.0457668 -44.0486755 34.5252609 0.1498716 0.3437983 -0.2790184 0.8840192
1740546999.946697 22.2181358 -44.1991348 34.7331810 0.1586006 0.3562993 -0.2782833 0.8777558
1740547000.247300 22.3873825 -44.3596230 34.9353752 0.1691281 0.3721236 -0.2769257 0.8696159
1740547000.548160 22.5758972 -44.5087814 35.1314354 0.1813136 0.3912652 -0.2755017 0.8591483
1740547000.849849 22.7726879 -44.6839180 35.2866325 0.1973919 0.4115506 -0.2752071 0.8461227
1740547001.166418 22.9693451 -44.8419189 35.4610748 0.2159190 0.4334044 -0.2741663 0.8308865
1740547001.469062 23.1538200 -45.0240097 35.6086197 0.2368251 0.4532882 -0.2743409 0.8143591
1740547001.789960 23.3164310 -45.2835083 35.6404266 0.2574271 0.4708304 -0.2749326 0.7977858
1740547002.198107 23.5443802 -45.6494598 35.6299667 0.2782831 0.4861155 -0.2762276 0.7809920
1740547002.592693 23.7691727 -45.9674644 35.7288437 0.2879594 0.4898658 -0.2781977 0.7744141
1740547002.892458 23.9641228 -46.1766281 35.8471947 0.2858943 0.4846496 -0.2804572 0.7776393
1740547003.288690 24.2044563 -46.4351501 36.0606613 0.2750962 0.4691493 -0.2839485 0.7896798
1740547003.698475 24.4416103 -46.6611862 36.2993126 0.2616759 0.4495149 -0.2879463 0.8040828
1740547004.090725 24.6708660 -46.8951683 36.5432816 0.2559671 0.4294297 -0.2942630 0.8145430
1740547004.392843 24.8272057 -47.0759010 36.7356110 0.2608547 0.4176931 -0.3011844 0.8165631
1740547004.796834 25.0340500 -47.3224106 36.9885483 0.2827515 0.4075246 -0.3131967 0.8098662
1740547005.203909 25.1982574 -47.6283760 37.2034492 0.3213665 0.4050517 -0.3262812 0.7913263
1740547005.614666 25.2558861 -48.0434875 37.2647095 0.3706744 0.4069260 -0.3399136 0.7625421
1740547005.932909 25.3208294 -48.3409424 37.3349533 0.4090182 0.4119649 -0.3470746 0.7365652
1740547006.242212 25.3595772 -48.6437950 37.3513107 0.4461554 0.4176305 -0.3521713 0.7088763
1740547006.551345 25.4265862 -48.9449348 37.3764343 0.4777631 0.4238380 -0.3542516 0.6830884
1740547006.861294 25.4878330 -49.2472954 37.3932076 0.5033080 0.4316798 -0.3523654 0.6604334
1740547007.176025 25.5261116 -49.5515404 37.3866768 0.5218102 0.4411343 -0.3471821 0.6423234
1740547007.366349 25.5516644 -49.7534752 37.3815231 0.5307665 0.4479737 -0.3419797 0.6329742
1740547007.675951 25.6013145 -50.0548515 37.3635902 0.5404847 0.4591956 -0.3322386 0.6217983
1740547007.863431 25.6295204 -50.2552986 37.3377037 0.5429102 0.4682414 -0.3235283 0.6175176
1740547008.056583 25.6731224 -50.4526062 37.3125420 0.5430299 0.4784134 -0.3130875 0.6149923
1740547008.257364 25.7283916 -50.6477737 37.2788811 0.5399455 0.4886826 -0.3016116 0.6153687
1740547008.555385 25.8303986 -50.9339523 37.2272339 0.5307851 0.5046634 -0.2820901 0.6196833
1740547008.752874 25.9195518 -51.1164169 37.2022514 0.5221729 0.5160840 -0.2665570 0.6244519
1740547009.050349 26.0858517 -51.3776512 37.1804008 0.5040029 0.5311314 -0.2425611 0.6364313
1740547009.254450 26.2137070 -51.5359573 37.1517296 0.4899256 0.5401844 -0.2268600 0.6455295
1740547009.551282 26.4238815 -51.7598076 37.1599617 0.4681817 0.5503832 -0.2050919 0.6601678
1740547009.755808 26.5794830 -51.8953362 37.1663017 0.4526442 0.5551378 -0.1928512 0.6706293
1740547010.050482 26.8064079 -52.0995560 37.1717415 0.4320127 0.5575907 -0.1778472 0.6861691
1740547010.247212 26.9641476 -52.2307205 37.1842384 0.4198037 0.5561801 -0.1715170 0.6964269
1740547010.540866 27.1882629 -52.4401016 37.2141647 0.4056060 0.5499489 -0.1673287 0.7106624
1740547010.834635 27.3868771 -52.6637459 37.2615013 0.3959799 0.5383520 -0.1699521 0.7242191
1740547011.122876 27.5675507 -52.9085732 37.3249054 0.3914979 0.5222108 -0.1777250 0.7365046
1740547011.318115 27.6830025 -53.0719833 37.3677101 0.3902054 0.5102540 -0.1840101 0.7439898
1740547011.515168 27.7789078 -53.2466545 37.4105721 0.3888338 0.4972883 -0.1919380 0.7514469
1740547011.716856 27.8850040 -53.4110565 37.4785767 0.3887604 0.4837199 -0.1994284 0.7583593
1740547011.906842 27.9718952 -53.5790024 37.5484238 0.3877998 0.4710847 -0.2070048 0.7647480
1740547012.106144 28.0608311 -53.7521553 37.6166573 0.3853830 0.4593550 -0.2142707 0.7710778
1740547012.305715 28.1483517 -53.9189758 37.6970596 0.3819641 0.4495570 -0.2179828 0.7774866
1740547012.499814 28.2339191 -54.0831909 37.7700386 0.3774369 0.4404209 -0.2207420 0.7841198
1740547012.698894 28.3250523 -54.2421265 37.8533897 0.3694668 0.4346810 -0.2213010 0.7909315
1740547012.889166 28.4288044 -54.3943176 37.9311638 0.3614738 0.4292709 -0.2219444 0.7973731
1740547013.085869 28.5289841 -54.5429306 38.0206795 0.3533567 0.4267315 -0.2193129 0.8030823
1740547013.285546 28.6450672 -54.6769485 38.1101799 0.3437889 0.4255759 -0.2162911 0.8086485
1740547013.481455 28.7586918 -54.8108101 38.1977959 0.3331966 0.4259675 -0.2112252 0.8141963
1740547013.678759 28.8803501 -54.9431763 38.2935562 0.3212506 0.4277690 -0.2056102 0.8194731
1740547013.879506 29.0074043 -55.0611420 38.3906441 0.3107578 0.4303199 -0.1983062 0.8239716
1740547014.076544 29.1341362 -55.1767578 38.4875641 0.3004689 0.4341846 -0.1907731 0.8275312
1740547014.277213 29.2673283 -55.2965851 38.5835495 0.2890401 0.4380972 -0.1842557 0.8310093
1740547014.480185 29.3954277 -55.4108162 38.6880951 0.2802605 0.4439598 -0.1757879 0.8327379
1740547014.681864 29.5290184 -55.5157890 38.7817078 0.2717239 0.4502039 -0.1687452 0.8336712
1740547014.886029 29.6694870 -55.6156616 38.8724365 0.2650758 0.4549695 -0.1639015 0.8341905
1740547015.085601 29.8183346 -55.7171402 38.9566803 0.2598953 0.4595085 -0.1565367 0.8347471
1740547015.195266 29.8843880 -55.7726898 39.0008049 0.2566753 0.4631985 -0.1540655 0.8341636
1740547015.387592 30.0330200 -55.8717995 39.0912399 0.2528219 0.4684092 -0.1487584 0.8333936
1740547015.489554 30.1062260 -55.9267502 39.1306686 0.2497219 0.4699790 -0.1457943 0.8339680
1740547015.586271 30.1771965 -55.9777718 39.1714592 0.2484191 0.4731831 -0.1441048 0.8328382
1740547015.696705 30.2459602 -56.0243034 39.2171555 0.2483617 0.4771240 -0.1416710 0.8310226
1740547015.793019 30.3140202 -56.0711479 39.2609749 0.2457813 0.4815402 -0.1394865 0.8296108
1740547015.891371 30.3775578 -56.1293259 39.3062859 0.2444394 0.4851272 -0.1391696 0.8279691
1740547015.998086 30.4321251 -56.1623840 39.3521461 0.2446556 0.4902836 -0.1386550 0.8249487
1740547016.093958 30.4421768 -56.1673965 39.3893280 0.2473319 0.4958811 -0.1331317 0.8217085
1740547016.204705 30.4518814 -56.1616516 39.4404793 0.2545711 0.5038033 -0.1299451 0.8151626
1740547016.302428 30.4716244 -56.1490173 39.4922752 0.2613708 0.5099362 -0.1291200 0.8093074
1740547016.399171 30.4668102 -56.1527596 39.5418396 0.2643507 0.5199507 -0.1248524 0.8026094
1740547016.500406 30.4601097 -56.1505737 39.5940475 0.2710476 0.5304235 -0.1192392 0.7943338
1740547016.598739 30.4502487 -56.1494980 39.6566238 0.2762382 0.5434437 -0.1154897 0.7842343
1740547016.707909 30.4393654 -56.1463394 39.7125244 0.2827142 0.5547354 -0.1135768 0.7742361
1740547016.803557 30.4602356 -56.1402359 39.7355804 0.2890214 0.5521834 -0.1144416 0.7736041
1740547016.901656 30.4497681 -56.1474342 39.7727203 0.2926407 0.5589547 -0.1106327 0.7679137
1740547017.006030 30.4687233 -56.1490517 39.7787285 0.2941000 0.5517651 -0.1142994 0.7720078
1740547017.104386 30.5133629 -56.1328125 39.7494354 0.2950394 0.5350652 -0.1281484 0.7811754
1740547017.210374 30.5672092 -56.1025314 39.7432480 0.3029490 0.5188890 -0.1392694 0.7871342
1740547017.311282 30.6363220 -56.0839462 39.7024498 0.3031413 0.4966362 -0.1555070 0.7982954
1740547017.411001 30.7115097 -56.1565819 39.6857986 0.2976174 0.4869578 -0.1581934 0.8057734
1740547017.620207 30.8633900 -56.2841797 39.7342339 0.2993495 0.4804731 -0.1602523 0.8086128
1740547017.845167 31.0280209 -56.3871078 39.7905121 0.3084854 0.4727162 -0.1663774 0.8085139
1740547018.058641 31.1533546 -56.5319786 39.8702507 0.3104284 0.4745007 -0.1664281 0.8067125
1740547018.160769 31.1863327 -56.6108170 39.9397774 0.3106083 0.4751909 -0.1658410 0.8063579
1740547018.272180 31.1952839 -56.6621475 40.0478516 0.3122927 0.4754531 -0.1648820 0.8057491
