1740546914.562144 0.0000000 0.0000000 0.0000000 -0.0000000 -0.0000000 -0.0000000 1.0000000
1740546915.405040 -0.0032713 0.0604287 0.0852836 0.0016244 -0.0000741 -0.0000549 0.9999987
1740546915.564604 0.0003412 0.0376531 0.1834796 0.0040497 -0.0011635 0.0000422 0.9999911
1740546915.735749 -0.0237999 0.0110942 0.2703755 0.0073060 -0.0018437 0.0001917 0.9999716
1740546915.832306 -0.0119483 -0.0281591 0.3709564 0.0111851 -0.0040799 0.0000030 0.9999291
1740546915.927719 -0.0260562 -0.0602162 0.4654844 0.0155641 -0.0053193 -0.0002053 0.9998647
1740546916.025765 -0.0259813 -0.0886270 0.5582812 0.0208813 -0.0076225 0.0000088 0.9997529
1740546916.123290 -0.0300189 -0.1076503 0.6560644 0.0274335 -0.0097845 -0.0002677 0.9995757
1740546916.324586 -0.0286875 -0.1568358 0.8507599 0.0410606 -0.0159148 0.0007478 0.9990296
1740546916.426285 -0.0204555 -0.1879511 0.9432881 0.0479746 -0.0192858 0.0003638 0.9986623
1740546916.626344 -0.0644123 -0.2466012 1.1294471 0.0629313 -0.0260055 0.0002239 0.9976790
1740546916.821963 -0.0908711 -0.2996352 1.3153210 0.0787479 -0.0338633 0.0008527 0.9963189
1740546917.024351 -0.1218453 -0.3767627 1.5021020 0.0908004 -0.0419812 -0.0002832 0.9949838
1740546917.226554 -0.1667575 -0.4125894 1.6817415 0.1030779 -0.0499482 0.0001979 0.9934184
1740546917.419796 -0.1867933 -0.4607851 1.8813971 0.1126662 -0.0584566 -0.0005706 0.9919117
1740546917.624828 -0.2349779 -0.5120974 2.0683823 0.1206355 -0.0638964 0.0007113 0.9906381
1740546917.826739 -0.2381715 -0.5936618 2.2497742 0.1244451 -0.0704426 0.0000002 0.9897228
1740546918.029023 -0.3216872 -0.6482717 2.4219005 0.1281227 -0.0736786 -0.0013861 0.9890167
1740546918.232581 -0.3845577 -0.6996559 2.6091206 0.1304437 -0.0768595 -0.0022741 0.9884695
1740546918.444496 -0.4064470 -0.7507982 2.7956409 0.1305269 -0.0796564 -0.0020958 0.9882374
1740546918.748975 -0.4652157 -0.7995495 3.0745959 0.1307422 -0.0810749 -0.0018561 0.9880941
1740546918.949790 -0.5041832 -0.8736333 3.2539868 0.1296375 -0.0806732 -0.0031174 0.9882693
1740546919.251674 -0.5723798 -0.9591062 3.5257983 0.1291014 -0.0764118 -0.0033246 0.9886774
1740546919.561713 -0.6710770 -1.0071021 3.7960701 0.1291092 -0.0700244 -0.0011882 0.9891542
1740546919.863258 -0.7085714 -1.0564256 4.0853534 0.1288946 -0.0617041 -0.0002463 0.9897367
1740546920.191171 -0.7034758 -1.1434264 4.3497205 0.1310318 -0.0526366 0.0005474 0.9899797
1740546920.502920 -0.7589843 -1.2418967 4.6284328 0.1325408 -0.0396872 0.0023800 0.9903799
1740546920.604250 -0.7228349 -1.2707258 4.7104988 0.1338779 -0.0382087 0.0037380 0.9902539
1740546920.711501 -0.7319129 -1.2919062 4.8045335 0.1345697 -0.0349189 0.0031254 0.9902837
1740546920.812325 -0.7710999 -1.3510977 4.8804684 0.1331494 -0.0289574 0.0064465 0.9906519
1740546920.912215 -0.7416712 -1.3349576 4.9941554 0.1378663 -0.0272739 0.0053269 0.9900610
1740546921.014615 -0.7420828 -1.3680418 5.0685077 0.1388737 -0.0248225 0.0044486 0.9899890
1740546921.112489 -0.7462018 -1.4169483 5.1296797 0.1367775 -0.0235299 0.0054154 0.9903075
1740546921.224210 -0.7206476 -1.4430969 5.2349806 0.1379429 -0.0208668 0.0054055 0.9902056
1740546921.323938 -0.7539588 -1.4840050 5.3209043 0.1385277 -0.0176538 0.0066102 0.9901792
1740546921.427599 -0.7447802 -1.4892697 5.4150453 0.1394904 -0.0160415 0.0074053 0.9900658
1740546921.531655 -0.7438148 -1.5339671 5.4833035 0.1402299 -0.0152423 0.0068588 0.9899779
1740546921.630867 -0.7384976 -1.5596448 5.5622706 0.1396827 -0.0142182 0.0069565 0.9900698
1740546921.738114 -0.7438881 -1.5726222 5.6424899 0.1416256 -0.0130711 0.0082514 0.9897996
1740546921.837864 -0.7426912 -1.5973505 5.7393465 0.1422535 -0.0128159 0.0067089 0.9897246
1740546921.943544 -0.7471744 -1.6261058 5.8109193 0.1424346 -0.0112056 0.0069428 0.9897165
1740546922.044838 -0.7544264 -1.6671596 5.8944335 0.1421912 -0.0113818 0.0075407 0.9897451
1740546922.148696 -0.7340157 -1.6833255 5.9821310 0.1430668 -0.0124998 0.0083784 0.9895986
1740546922.255311 -0.7378744 -1.7213682 6.0521817 0.1427420 -0.0117182 0.0069292 0.9896663
1740546922.357415 -0.7541101 -1.7410586 6.1410737 0.1436442 -0.0111785 0.0071238 0.9895406
1740546922.464430 -0.7537842 -1.7759067 6.2208161 0.1431128 -0.0111365 0.0079547 0.9896117
1740546922.565387 -0.7502227 -1.7812411 6.3193102 0.1447856 -0.0121019 0.0074755 0.9893608
1740546922.664751 -0.7451990 -1.8180825 6.3803525 0.1439480 -0.0126580 0.0077642 0.9894738
1740546922.767606 -0.7491427 -1.8143812 6.4676313 0.1456248 -0.0133517 0.0087232 0.9892113
1740546922.866695 -0.7498735 -1.8692467 6.5388346 0.1444672 -0.0133346 0.0088183 0.9893805
1740546922.978684 -0.7256091 -1.8642670 6.6224661 0.1469591 -0.0151854 0.0074111 0.9889982
1740546923.079039 -0.7375516 -1.8948578 6.7143502 0.1481309 -0.0147465 0.0075934 0.9888287
1740546923.180653 -0.7287937 -1.9093832 6.7897720 0.1492244 -0.0156094 0.0064396 0.9886591
1740546923.290577 -0.7035176 -1.9716661 6.8684349 0.1464842 -0.0166428 0.0069890 0.9890483
1740546923.390851 -0.7174315 -1.9631661 6.9352140 0.1509784 -0.0156224 0.0064996 0.9883922
1740546923.501383 -0.7393789 -2.0138669 6.9940619 0.1479466 -0.0134738 0.0072054 0.9888773
1740546923.604398 -0.7494274 -2.0322709 7.0629501 0.1496412 -0.0131657 0.0075751 0.9886237
1740546923.712071 -0.7353306 -2.0322816 7.1177354 0.1518504 -0.0134494 0.0071085 0.9882864
1740546923.815603 -0.7457739 -2.1106167 7.1721859 0.1497430 -0.0117403 0.0074412 0.9886273
1740546923.918390 -0.7360578 -2.1182661 7.2328458 0.1511050 -0.0121884 0.0076999 0.9884126
1740546924.028804 -0.7359723 -2.1342165 7.2906566 0.1505412 -0.0107698 0.0074647 0.9885169
1740546924.129142 -0.7387594 -2.1795428 7.3538103 0.1486642 -0.0088647 0.0079466 0.9888161
1740546924.235834 -0.7125085 -2.1911426 7.4165797 0.1494280 -0.0097644 0.0073953 0.9886968
1740546924.338522 -0.6818933 -2.2004175 7.4795790 0.1493507 -0.0110741 0.0066919 0.9886996
1740546924.552937 -0.6881762 -2.2180698 7.5524578 0.1486485 -0.0081626 0.0083596 0.9888211
1740546924.655383 -0.6937536 -2.2499502 7.6114116 0.1456355 -0.0071996 0.0103456 0.9892580
1740546924.763518 -0.7182822 -2.2785616 7.6311588 0.1426417 -0.0030237 0.0078566 0.9897386
1740546924.970096 -0.6798141 -2.3010633 7.7170448 0.1393789 -0.0044439 0.0119164 0.9901575
1740546925.074808 -0.6777692 -2.2858636 7.7799869 0.1406069 -0.0050402 0.0101223 0.9900010
1740546925.175559 -0.6866006 -2.3129692 7.8063641 0.1374158 -0.0015105 0.0093265 0.9904684
1740546925.284380 -0.7070310 -2.3103683 7.8508248 0.1380328 0.0012639 0.0112603 0.9903628
1740546925.386081 -0.6926738 -2.3487809 7.8965745 0.1327199 -0.0017143 0.0105572 0.9910959
1740546925.493922 -0.6951596 -2.3245463 7.9481583 0.1368192 -0.0025061 0.0082527 0.9905585
1740546925.593907 -0.7056699 -2.3451869 7.9719634 0.1322329 -0.0015802 0.0102180 0.9911647
1740546925.702548 -0.6936656 -2.3533859 7.9876876 0.1300866 -0.0016534 0.0088560 0.9914617
1740546925.806005 -0.7001216 -2.3304355 8.0052471 0.1325325 -0.0022750 0.0067908 0.9911528
1740546926.132260 -0.7208242 -2.3415270 8.0696392 0.1260339 -0.0044539 0.0108473 0.9919567
1740546926.247516 -0.7358921 -2.3433645 8.0688963 0.1256358 -0.0031097 0.0087205 0.9920332
1740546926.355492 -0.7204124 -2.3462396 8.0993290 0.1249615 -0.0068259 0.0081582 0.9921046
1740546926.468853 -0.7246106 -2.3486199 8.1028843 0.1228575 -0.0087124 0.0091797 0.9923437
1740546926.578026 -0.7263443 -2.3544858 8.1078863 0.1196517 -0.0102735 0.0095315 0.9927170
1740546926.690290 -0.7237869 -2.3642874 8.1292133 0.1172593 -0.0124249 0.0106500 0.9929665
1740546926.801779 -0.7295901 -2.3647938 8.1432457 0.1156980 -0.0115255 0.0077641 0.9931872
1740546926.910439 -0.7419174 -2.3811662 8.1709061 0.1147034 -0.0115181 0.0106272 0.9932762
1740546927.025348 -0.7640594 -2.3834431 8.1875811 0.1125612 -0.0096940 0.0082065 0.9935637
1740546927.133314 -0.7698247 -2.4018648 8.2181282 0.1088421 -0.0068815 0.0074979 0.9940070
1740546927.247266 -0.7975623 -2.4035733 8.2344971 0.1064539 -0.0017447 0.0090744 0.9942747
1740546927.355732 -0.7930833 -2.4086385 8.2535095 0.1062234 -0.0009446 0.0076055 0.9943128
1740546927.471259 -0.7990386 -2.4087687 8.2721577 0.1068181 -0.0005516 0.0081291 0.9942452
1740546927.583092 -0.8021992 -2.4348342 8.2858467 0.1025879 -0.0003635 0.0084998 0.9946876
1740546927.702077 -0.7876968 -2.4242251 8.3103371 0.1052214 -0.0024782 0.0060517 0.9944273
1740546927.812560 -0.7875414 -2.4388247 8.3493538 0.1069273 -0.0015111 0.0074695 0.9942377
1740546927.922158 -0.8083134 -2.4287241 8.3750219 0.1099205 0.0031969 0.0070522 0.9939103
1740546928.036849 -0.7727133 -2.4553883 8.4256830 0.1137976 0.0026412 0.0062918 0.9934805
1740546928.141962 -0.7695444 -2.4648523 8.4650822 0.1162209 0.0052324 0.0055509 0.9931941
1740546928.263453 -0.7779790 -2.4578776 8.5082350 0.1216827 0.0080033 0.0043888 0.9925271
1740546928.373367 -0.7931179 -2.4702256 8.5395565 0.1234348 0.0143463 0.0055718 0.9922333
1740546928.489241 -0.7945406 -2.4723685 8.5902834 0.1283089 0.0182659 0.0070764 0.9915408
1740546928.600853 -0.8041621 -2.4661829 8.6285057 0.1359697 0.0235724 0.0054708 0.9904174
1740546928.714982 -0.8128207 -2.4725983 8.6558046 0.1407051 0.0295588 0.0063414 0.9895899
1740546928.826787 -0.8242385 -2.4696825 8.6770267 0.1468597 0.0359108 0.0081276 0.9884719
1740546928.946308 -0.8332186 -2.4634430 8.7298346 0.1550787 0.0424798 0.0088669 0.9869485
1740546929.060895 -0.8275799 -2.4990871 8.7662477 0.1595948 0.0494611 0.0086566 0.9859048
1740546929.172939 -0.8314380 -2.4869359 8.8179674 0.1678693 0.0565341 0.0087110 0.9841483
1740546929.295756 -0.8353610 -2.5122597 8.8525782 0.1738894 0.0657131 0.0105255 0.9825138
1740546929.405279 -0.8471277 -2.5116820 8.8731604 0.1787986 0.0763542 0.0120151 0.9808449
1740546929.518326 -0.8600982 -2.5288587 8.9131374 0.1857959 0.0866586 0.0147889 0.9786478
1740546929.625906 -0.8769600 -2.5385165 8.9450331 0.1912263 0.0982596 0.0144232 0.9765089
1740546929.738274 -0.8971287 -2.5692918 9.0017433 0.1970976 0.1077886 0.0169177 0.9742936
1740546929.850302 -0.8877131 -2.5697532 9.0366201 0.2064357 0.1158804 0.0161874 0.9714391
1740546929.964135 -0.9123645 -2.5919318 9.0395651 0.2108498 0.1251175 0.0195185 0.9692817
1740546930.076639 -0.9232508 -2.5849490 9.0884933 0.2197344 0.1336493 0.0199201 0.9661562
1740546930.191473 -0.9205941 -2.5708370 9.1426020 0.2306691 0.1426184 0.0189605 0.9623369
1740546930.309585 -0.9624634 -2.5976553 9.1498737 0.2360484 0.1523512 0.0205002 0.9595051
1740546930.418481 -0.9444333 -2.5888252 9.1987076 0.2474954 0.1594371 0.0193621 0.9554847
1740546930.535706 -0.9643415 -2.5790379 9.2135897 0.2563976 0.1704489 0.0210750 0.9511905
1740546930.645282 -0.9717387 -2.5924141 9.2141600 0.2595836 0.1797655 0.0250566 0.9485109
1740546930.769881 -1.0442221 -2.5122488 9.1922941 0.2622757 0.1926302 0.0346220 0.9449372
1740546930.878567 -1.0783210 -2.6092713 9.1572380 0.2584390 0.2038085 0.0391890 0.9434700
1740546930.990502 -1.0649676 -2.6925478 9.1739492 0.2601870 0.2107348 0.0430833 0.9412956
1740546931.099399 -1.0366702 -2.7567174 9.2496061 0.2642502 0.2174278 0.0433508 0.9386255
1740546931.213950 -0.9743720 -2.8095138 9.3226070 0.2690534 0.2231403 0.0440738 0.9358826
1740546931.320392 -0.9228139 -2.8475959 9.3887787 0.2730621 0.2290319 0.0444098 0.9332788
1740546931.441924 -0.8346714 -2.8432503 9.4695492 0.2782738 0.2331276 0.0441739 0.9307330
1740546931.553608 -0.8096215 -2.9430830 9.5384579 0.2795982 0.2395334 0.0450028 0.9286675
1740546931.662161 -0.7844367 -2.9891458 9.6178713 0.2828348 0.2456355 0.0465416 0.9260138
1740546931.776326 -0.7224452 -3.0291510 9.6988773 0.2858266 0.2500081 0.0464308 0.9239282
1740546931.882694 -0.6871279 -3.0920510 9.7729149 0.2881539 0.2551065 0.0480938 0.9217240
1740546931.995031 -0.6013237 -3.1547048 9.8272085 0.2907051 0.2579504 0.0480863 0.9201303
1740546932.107151 -0.5815455 -3.1876631 9.9142838 0.2939011 0.2641438 0.0484006 0.9173372
1740546932.221145 -0.5121830 -3.2640982 9.9660826 0.2942555 0.2682831 0.0498624 0.9159430
1740546932.447120 -0.3928584 -3.3583162 10.1018982 0.2988175 0.2770126 0.0509842 0.9117965
1740546932.554362 -0.3219931 -3.4123356 10.1571770 0.3007457 0.2810358 0.0517708 0.9098850
1740546932.661919 -0.2626295 -3.4709873 10.2136517 0.3023556 0.2852558 0.0522579 0.9080085
1740546932.773158 -0.2070203 -3.5266366 10.2759914 0.3036814 0.2893987 0.0530050 0.9062099
1740546932.881375 -0.1622850 -3.5765486 10.3620892 0.3063915 0.2939986 0.0532290 0.9038007
1740546932.991602 -0.0970085 -3.6156118 10.4316015 0.3086337 0.2973095 0.0536532 0.9019278
1740546933.099005 -0.0438380 -3.6638951 10.5078106 0.3109778 0.3016431 0.0549300 0.8996038
1740546933.210330 0.0371988 -3.7009087 10.5660143 0.3137211 0.3046108 0.0544598 0.8976778
1740546933.315626 0.1016562 -3.7510471 10.6229210 0.3165942 0.3086837 0.0548336 0.8952518
1740546933.420922 0.1671386 -3.8070607 10.6712589 0.3192711 0.3121727 0.0546027 0.8931029
1740546933.532410 0.2468851 -3.8720658 10.7079954 0.3222849 0.3151905 0.0548186 0.8909447
1740546933.639192 0.3157611 -3.9378829 10.7509651 0.3252552 0.3186150 0.0549456 0.8886363
1740546933.752388 0.3809750 -4.0075841 10.7959471 0.3280168 0.3219300 0.0551525 0.8864109
1740546933.859970 0.4404948 -4.0699029 10.8480444 0.3311982 0.3250269 0.0547416 0.8841203
1740546933.970893 0.4998918 -4.1347265 10.8986568 0.3344547 0.3279629 0.0544885 0.8818228
1740546934.081718 0.5621083 -4.1967611 10.9504795 0.3377686 0.3305362 0.0539680 0.8796281
1740546934.297409 0.6929657 -4.2938905 11.0715866 0.3450845 0.3347332 0.0530061 0.8752490
1740546934.404677 0.7554514 -4.3332586 11.1426506 0.3491740 0.3367018 0.0520557 0.8729259
1740546934.525160 0.8141985 -4.3908501 11.2046280 0.3524647 0.3388455 0.0515887 0.8707991
1740546934.630057 0.8776083 -4.4512701 11.2557793 0.3554564 0.3409506 0.0511456 0.8687851
1740546934.744239 0.9510581 -4.5052290 11.3087082 0.3593825 0.3424537 0.0502390 0.8666289
1740546934.848960 1.0165734 -4.5720816 11.3491049 0.3627635 0.3440282 0.0492692 0.8646501
1740546934.966763 1.0863583 -4.6363230 11.3901062 0.3664427 0.3453068 0.0485722 0.8626261
1740546935.069712 1.1509376 -4.7023153 11.4309750 0.3699763 0.3466123 0.0474831 0.8606526
1740546935.177032 1.2127047 -4.7788048 11.4699116 0.3730130 0.3479608 0.0464568 0.8588519
1740546935.288127 1.2705507 -4.8477669 11.5147409 0.3763080 0.3493409 0.0457070 0.8568921
1740546935.394566 1.3421965 -4.9067326 11.5606213 0.3798357 0.3501849 0.0443959 0.8550582
1740546935.503743 1.4065199 -4.9664869 11.6123619 0.3831699 0.3513092 0.0434923 0.8531536
1740546935.610565 1.4710720 -5.0306139 11.6575699 0.3865262 0.3523744 0.0426178 0.8512424
1740546935.718680 1.5388720 -5.0959339 11.6964855 0.3901015 0.3530981 0.0412799 0.8493754
1740546935.825849 1.5986687 -5.1769705 11.7310352 0.3927615 0.3541705 0.0404007 0.8477437
1740546935.930014 1.6652083 -5.2433047 11.7699041 0.3961582 0.3549013 0.0394036 0.8459025
1740546936.038497 1.7301054 -5.3108335 11.8116074 0.3993119 0.3557749 0.0383977 0.8440971
1740546936.256915 1.8645321 -5.4337869 11.8977842 0.4052310 0.3573855 0.0365329 0.8406717
1740546936.363786 1.9284232 -5.5002055 11.9416637 0.4082130 0.3584282 0.0358516 0.8388123
1740546936.471828 1.9909077 -5.5709176 11.9774208 0.4108792 0.3592280 0.0350080 0.8372025
1740546936.682019 2.1100805 -5.7182622 12.0540504 0.4161906 0.3611555 0.0335221 0.8338035
1740546936.898648 2.2317803 -5.8689513 12.1220436 0.4213005 0.3631185 0.0320933 0.8304342
1740546937.222205 2.4258027 -6.0876780 12.2191048 0.4285296 0.3668092 0.0306133 0.8251523
1740546937.542520 2.6215067 -6.2843790 12.3370457 0.4352348 0.3722555 0.0303662 0.8191913
1740546937.849127 2.8077075 -6.4985876 12.4523544 0.4423425 0.3787546 0.0303674 0.8123766
1740546938.166778 2.9982395 -6.7256031 12.5340748 0.4485986 0.3874502 0.0318654 0.8047522
1740546938.484164 3.2004361 -6.9413152 12.6033592 0.4536020 0.3989714 0.0354279 0.7961230
1740546938.787327 3.4015353 -7.1632757 12.6656027 0.4591233 0.4124582 0.0404089 0.7857806
1740546939.099495 3.6202595 -7.3648872 12.7026339 0.4628335 0.4270211 0.0465038 0.7754196
1740546939.402473 3.8434219 -7.5613184 12.7521896 0.4657533 0.4426946 0.0539275 0.7643214
1740546939.719621 4.0896239 -7.7352500 12.7731009 0.4675315 0.4587308 0.0618018 0.7531009
1740546940.128773 4.4179025 -7.9601164 12.7819672 0.4699686 0.4770854 0.0705414 0.7392855
1740546940.433803 4.6661243 -8.1212816 12.7901688 0.4722198 0.4891910 0.0759267 0.7293393
1740546940.732896 4.9008341 -8.3073854 12.7994051 0.4756290 0.4988308 0.0791383 0.7201958
1740546941.035000 5.1511850 -8.4696960 12.7965040 0.4808037 0.5064301 0.0795184 0.7113601
1740546941.349976 5.3752952 -8.6598778 12.8192158 0.4870646 0.5137477 0.0792749 0.7018168
1740546941.564308 5.5320816 -8.7832012 12.8027153 0.4916149 0.5171607 0.0775698 0.6963064
1740546941.901483 5.7549200 -8.9713039 12.7559471 0.4983297 0.5219165 0.0745447 0.6882687
1740546942.238370 5.9753504 -9.1589575 12.7053661 0.5055234 0.5262296 0.0715582 0.6800058
1740546942.441637 6.1352358 -9.2755604 12.6677189 0.5097553 0.5292469 0.0701015 0.6746355
1740546942.651820 6.2846141 -9.4006653 12.6401186 0.5133222 0.5324785 0.0687796 0.6695045
1740546942.867354 6.4405489 -9.5232048 12.6173458 0.5168256 0.5351975 0.0672984 0.6647750
1740546943.083173 6.6019773 -9.6382732 12.6164665 0.5193276 0.5386049 0.0675246 0.6600333
1740546943.293975 6.7636347 -9.7498608 12.5821896 0.5213689 0.5412354 0.0677062 0.6562427
1740546943.507083 6.9227991 -9.8667326 12.5519705 0.5232425 0.5438933 0.0677269 0.6525415
1740546943.714983 7.0687914 -9.9889145 12.5026760 0.5245089 0.5467299 0.0688330 0.6490292
1740546943.933601 7.2277718 -10.1094666 12.4691448 0.5256451 0.5498809 0.0696881 0.6453462
1740546944.152781 7.3703961 -10.2360535 12.4275446 0.5265940 0.5524220 0.0711080 0.6422402
1740546944.366465 7.5128074 -10.3574991 12.3616514 0.5276121 0.5552596 0.0726224 0.6387787
1740546944.584179 7.6913509 -10.4479780 12.3480883 0.5287746 0.5576912 0.0729485 0.6356544
1740546944.803766 7.8533335 -10.5627012 12.3292189 0.5294598 0.5611457 0.0742438 0.6318827
1740546945.021001 8.0077343 -10.6793823 12.2884979 0.5301784 0.5635006 0.0750649 0.6290812
1740546945.233559 8.1660519 -10.7856531 12.2337456 0.5309763 0.5650225 0.0758942 0.6269400
1740546945.444528 8.3151493 -10.9035902 12.1763544 0.5315043 0.5670974 0.0765118 0.6245396
1740546945.667576 8.4675331 -11.0245113 12.1437511 0.5323864 0.5686811 0.0767969 0.6223093
1740546945.987795 8.6895809 -11.2007599 12.0405569 0.5322945 0.5701700 0.0776701 0.6209155
1740546946.197313 8.8372097 -11.3227196 11.9943266 0.5330392 0.5703468 0.0768063 0.6202213
1740546946.413861 8.9916134 -11.4419680 11.9760542 0.5330644 0.5710244 0.0773026 0.6195142
1740546946.625834 9.1575251 -11.5411072 11.9334450 0.5317454 0.5701860 0.0775562 0.6213853
1740546946.833879 9.3247089 -11.6394024 11.9054804 0.5317319 0.5694723 0.0775184 0.6220559
1740546947.037499 9.4808569 -11.7506037 11.8753824 0.5314845 0.5682107 0.0771280 0.6234678
1740546947.256857 9.6202545 -11.8742409 11.8305330 0.5307093 0.5662468 0.0764267 0.6259962
1740546947.461646 9.7726269 -11.9903288 11.7874804 0.5310653 0.5641958 0.0758086 0.6276192
1740546947.677890 9.9273319 -12.1034241 11.7592497 0.5305476 0.5624290 0.0742972 0.6298197
1740546947.894706 10.0714340 -12.2272968 11.7362537 0.5307618 0.5606193 0.0730117 0.6314009
1740546948.115347 10.2204742 -12.3375731 11.6942968 0.5309055 0.5587349 0.0706812 0.6332130
1740546948.323746 10.3639774 -12.4599161 11.6714993 0.5322107 0.5566614 0.0677140 0.6342671
1740546948.539624 10.5096197 -12.5654097 11.6450996 0.5339458 0.5545743 0.0643327 0.6349886
1740546948.757998 10.6570959 -12.6802998 11.6175861 0.5364261 0.5510634 0.0608511 0.6362967
1740546948.966298 10.7969389 -12.8044672 11.5798302 0.5385950 0.5498443 0.0562070 0.6359461
1740546949.179477 10.9322891 -12.9335365 11.5426922 0.5419075 0.5481558 0.0521476 0.6349347
1740546949.395033 11.0637417 -13.0518742 11.5040798 0.5457830 0.5452456 0.0479240 0.6344536
1740546949.508402 11.1177082 -13.1333809 11.4874744 0.5469940 0.5454690 0.0458080 0.6333742
1740546949.615710 11.1862383 -13.1824961 11.4574337 0.5487813 0.5440295 0.0435903 0.6332226
1740546949.730560 11.2454672 -13.2626915 11.4469357 0.5509293 0.5435271 0.0422848 0.6318759
1740546949.842694 11.3030949 -13.3451490 11.4303513 0.5527771 0.5429295 0.0399284 0.6309285
1740546949.951395 11.3673391 -13.4158754 11.4198780 0.5550734 0.5420954 0.0376549 0.6297684
1740546950.067240 11.4497538 -13.4757013 11.4121494 0.5575743 0.5409288 0.0343938 0.6287479
1740546950.169286 11.5156841 -13.5428696 11.3862057 0.5590245 0.5399983 0.0319903 0.6283870
1740546950.275501 11.5775547 -13.6081696 11.3573875 0.5613834 0.5388588 0.0293800 0.6273889
1740546950.382521 11.6373844 -13.6796913 11.3190689 0.5629168 0.5374308 0.0272809 0.6273346
1740546950.483516 11.6813917 -13.7532473 11.3019371 0.5644776 0.5370441 0.0254430 0.6263397
1740546950.592381 11.7438545 -13.8120089 11.2818432 0.5659702 0.5355678 0.0233705 0.6263376
1740546950.700071 11.8016691 -13.8848791 11.2761364 0.5682697 0.5350986 0.0213547 0.6247264
1740546950.808137 11.8583765 -13.9701862 11.2656860 0.5698749 0.5340970 0.0201408 0.6241614
1740546950.911753 11.8977222 -14.0426264 11.2638855 0.5710527 0.5338476 0.0178966 0.6233661
1740546951.019119 11.9664316 -14.1143627 11.2391243 0.5727898 0.5323342 0.0147560 0.6231488
1740546951.122413 12.0126972 -14.1945505 11.2240295 0.5743147 0.5317922 0.0132351 0.6222416
1740546951.224600 12.0705566 -14.2638693 11.2038498 0.5753785 0.5305734 0.0113758 0.6223359
1740546951.335097 12.0844650 -14.3237028 11.1879654 0.5754928 0.5296665 0.0104280 0.6230190
1740546951.434442 12.1221991 -14.3924904 11.1814747 0.5766703 0.5290409 0.0093654 0.6224784
1740546951.541909 12.2032127 -14.4665308 11.1672459 0.5791019 0.5269960 0.0059601 0.6219974
1740546951.644881 12.2771044 -14.5304842 11.1092758 0.5795549 0.5239776 0.0028042 0.6241440
1740546951.759150 12.3090620 -14.6131716 11.0943298 0.5803081 0.5233761 0.0020165 0.6239519
1740546951.863354 12.3579350 -14.6860676 11.0950279 0.5814441 0.5222754 0.0005732 0.6238196
1740546951.966722 12.4038868 -14.7635736 11.1008530 0.5825156 0.5208062 -0.0007457 0.6240480
1740546952.073371 12.4242945 -14.8375311 11.0770531 0.5824661 0.5189188 -0.0011501 0.6256638
1740546952.175366 12.4654007 -14.9036045 11.0858173 0.5844188 0.5178187 -0.0044391 0.6247391
1740546952.287034 12.4787169 -15.0147667 11.0671959 0.5830955 0.5190581 -0.0049227 0.6249433
1740546952.388781 12.4875984 -15.1024456 11.0464478 0.5825535 0.5173041 -0.0045689 0.6269028
1740546952.490340 12.5137949 -15.1944733 11.0308971 0.5823001 0.5173017 -0.0055817 0.6271319
1740546952.603447 12.5490828 -15.2666035 11.0261574 0.5838916 0.5159022 -0.0070488 0.6267901
1740546952.705468 12.5621586 -15.2971582 11.0098076 0.5842987 0.5128539 -0.0092944 0.6288796
1740546952.824532 12.5799408 -15.3695650 10.9885578 0.5837849 0.5098533 -0.0095697 0.6317857
1740546952.929710 12.6052523 -15.4595175 10.9748440 0.5839137 0.5100593 -0.0110608 0.6314762
1740546953.043696 12.6635876 -15.5235443 10.9679222 0.5850249 0.5078251 -0.0145713 0.6321766
1740546953.145914 12.7007170 -15.5988293 10.9685116 0.5860873 0.5063919 -0.0165940 0.6322923
1740546953.261714 12.7370911 -15.6916895 10.9846859 0.5864084 0.5056847 -0.0179294 0.6325241
1740546953.359203 12.7587032 -15.7824688 10.9846096 0.5868933 0.5055437 -0.0186902 0.6321650
1740546953.461550 12.7800102 -15.8592634 10.9697018 0.5870231 0.5045200 -0.0202529 0.6328138
1740546953.572172 12.7924976 -15.9049425 10.9542198 0.5871227 0.5003147 -0.0236434 0.6359349
1740546953.669173 12.8038778 -15.9473314 10.9410801 0.5863190 0.4975631 -0.0253323 0.6387639
1740546953.772288 12.8253546 -15.9851665 10.9309139 0.5874136 0.4936384 -0.0289079 0.6406487
1740546953.870333 12.8491211 -16.0695953 10.9249077 0.5866260 0.4930349 -0.0293237 0.6418151
1740546953.968208 12.8670387 -16.1520920 10.9011421 0.5866956 0.4886017 -0.0293467 0.6451321
1740546954.069535 12.8886290 -16.2187309 10.8801727 0.5860032 0.4849389 -0.0308079 0.6484484
1740546954.170966 12.9063501 -16.2818851 10.8671436 0.5863747 0.4805146 -0.0332826 0.6512777
1740546954.274361 12.9504910 -16.3718510 10.8669834 0.5867625 0.4779687 -0.0352677 0.6526958
1740546954.374692 12.9910212 -16.4616833 10.8546333 0.5873256 0.4749930 -0.0379320 0.6542106
1740546954.472279 13.0099945 -16.5383301 10.8333588 0.5872086 0.4693427 -0.0398159 0.6582691
1740546954.575004 13.0273666 -16.5771408 10.8183441 0.5868298 0.4649678 -0.0449425 0.6613743
1740546954.675043 13.0464067 -16.6528473 10.7989731 0.5869464 0.4595318 -0.0481275 0.6648370
1740546954.779822 13.0908318 -16.7265015 10.7930412 0.5871894 0.4550905 -0.0535927 0.6672550
1740546954.878146 13.1204672 -16.8230743 10.7868748 0.5877090 0.4514391 -0.0572703 0.6689701
1740546954.976416 13.1502056 -16.8960457 10.7905941 0.5877735 0.4460359 -0.0622830 0.6720827
1740546955.078599 13.1763439 -16.9762878 10.8038445 0.5886950 0.4417598 -0.0661615 0.6737278
1740546955.177546 13.2104359 -17.0374527 10.8187447 0.5891937 0.4378718 -0.0719415 0.6752359
1740546955.286581 13.2406178 -17.1173363 10.8186455 0.5896765 0.4318837 -0.0770051 0.6781064
1740546955.383170 13.2682285 -17.2132416 10.8147087 0.5888032 0.4271934 -0.0803156 0.6814441
1740546955.478194 13.2936153 -17.3075180 10.8325882 0.5892368 0.4232505 -0.0841373 0.6830667
1740546955.582424 13.3236790 -17.4055996 10.8359852 0.5893111 0.4184659 -0.0887165 0.6853672
1740546955.678681 13.3546886 -17.4904575 10.8503056 0.5900735 0.4131677 -0.0942973 0.6871781
1740546955.788911 13.3815994 -17.5797997 10.8590755 0.5906293 0.4080647 -0.0995548 0.6890059
1740546955.886874 13.4091034 -17.6687431 10.8707809 0.5905843 0.4026594 -0.1046972 0.6914579
1740546955.980621 13.4315033 -17.7662888 10.8839378 0.5913300 0.3977147 -0.1080415 0.6931658
1740546956.084451 13.4396009 -17.8413429 10.8812046 0.5906323 0.3924948 -0.1125722 0.6960092
1740546956.180939 13.4567833 -17.9198723 10.8808308 0.5910366 0.3867874 -0.1177770 0.6979970
1740546956.297216 13.4868822 -18.0093575 10.8975163 0.5918021 0.3818556 -0.1233886 0.6990936
1740546956.390177 13.5107574 -18.1060810 10.9093647 0.5917843 0.3776687 -0.1275399 0.7006363
1740546956.486343 13.5396614 -18.1998482 10.9201202 0.5931587 0.3726603 -0.1324323 0.7012480
1740546956.584669 13.5664701 -18.2821178 10.9303226 0.5938423 0.3678110 -0.1377997 0.7021948
1740546956.680574 13.5932760 -18.3801308 10.9337769 0.5949252 0.3632964 -0.1424433 0.7027016
1740546956.792434 13.6100760 -18.4599037 10.9430599 0.5957408 0.3593441 -0.1484807 0.7027932
1740546956.886406 13.6354389 -18.5493336 10.9617786 0.5979551 0.3546586 -0.1531439 0.7022919
1740546956.987783 13.6557198 -18.6477890 10.9725990 0.5995694 0.3499473 -0.1566855 0.7024977
1740546957.086464 13.6782494 -18.7441425 10.9889240 0.6007727 0.3466519 -0.1610143 0.7021246
1740546957.182664 13.6995430 -18.8431568 10.9881115 0.6018819 0.3423601 -0.1644896 0.7024749
1740546957.282385 13.7280998 -18.9372292 10.9864082 0.6036631 0.3378253 -0.1690095 0.7020689
1740546957.382389 13.7368574 -19.0142689 10.9860668 0.6051304 0.3346051 -0.1730589 0.7013609
1740546957.476455 13.7532301 -19.1065178 10.9947815 0.6081973 0.3310208 -0.1762720 0.6996066
1740546957.578694 13.7775965 -19.1920013 10.9903240 0.6099916 0.3261348 -0.1806990 0.6992097
1740546957.676502 13.7931814 -19.2647400 10.9827423 0.6120449 0.3218273 -0.1856740 0.6981071
1740546957.772571 13.8257456 -19.3374424 10.9904346 0.6144887 0.3165810 -0.1914913 0.6967863
1740546957.878911 13.8401470 -19.4038162 10.9906960 0.6174249 0.3142915 -0.1957663 0.6940338
1740546957.976663 13.8580847 -19.4714317 10.9986267 0.6214446 0.3102722 -0.1990829 0.6913058
1740546958.079882 13.8726006 -19.5581551 10.9931488 0.6229876 0.3070246 -0.2034004 0.6901092
1740546958.177545 13.8962011 -19.6534462 10.9941044 0.6260589 0.3026949 -0.2079512 0.6878825
1740546958.273928 13.9119797 -19.7318192 10.9933567 0.6291049 0.2985919 -0.2121609 0.6856076
1740546958.379179 13.9249907 -19.8083229 10.9960766 0.6315133 0.2957878 -0.2146435 0.6838338
1740546958.478976 13.9441080 -19.9021988 11.0014591 0.6341361 0.2923859 -0.2183113 0.6817052
1740546958.584788 13.9561996 -20.0006313 11.0111179 0.6376498 0.2887427 -0.2206097 0.6792361
1740546958.680627 13.9713259 -20.0993938 11.0124645 0.6408714 0.2854173 -0.2242184 0.6764221
1740546958.795795 13.9892273 -20.1761875 11.0118065 0.6434252 0.2823874 -0.2277556 0.6740837
1740546958.889246 14.0012226 -20.2710285 11.0062275 0.6449569 0.2800890 -0.2309496 0.6724902
1740546958.988424 14.0115356 -20.3674488 11.0123329 0.6475803 0.2778095 -0.2329533 0.6702198
1740546959.087509 14.0254908 -20.4653702 11.0026836 0.6495737 0.2753471 -0.2359298 0.6682627
1740546959.188066 14.0361547 -20.5672531 10.9934368 0.6511530 0.2725413 -0.2377179 0.6672416
1740546959.295528 14.0316486 -20.6693611 10.9865322 0.6528671 0.2710656 -0.2402301 0.6652650
1740546959.389694 14.0269232 -20.7675991 10.9887447 0.6549478 0.2694925 -0.2416929 0.6633263
1740546959.485725 14.0048046 -20.8644638 10.9891682 0.6553930 0.2696534 -0.2417919 0.6627849
1740546959.587548 14.0312386 -20.9526424 10.9937878 0.6568826 0.2683176 -0.2431040 0.6613709
1740546959.687241 14.0281725 -21.0508175 10.9838200 0.6577309 0.2670485 -0.2446751 0.6604614
1740546959.795101 14.0396137 -21.1384315 10.9849758 0.6597222 0.2658136 -0.2458781 0.6585239
1740546959.890411 14.0535250 -21.2293034 10.9881363 0.6614614 0.2636594 -0.2469851 0.6572297
1740546959.988003 14.1076317 -21.3015862 10.9920235 0.6634586 0.2610889 -0.2484519 0.6556882
1740546960.092711 14.1577148 -21.3780403 11.0058270 0.6647636 0.2590029 -0.2517344 0.6539394
1740546960.192471 14.2115602 -21.4456081 11.0146942 0.6662531 0.2567318 -0.2541130 0.6523972
1740546960.296202 14.2656422 -21.5264320 11.0200920 0.6674303 0.2547699 -0.2548989 0.6516560
1740546960.396186 14.3204937 -21.6023273 11.0435238 0.6714534 0.2515220 -0.2540425 0.6491144
1740546960.494831 14.3516493 -21.6907635 11.0542812 0.6743371 0.2496013 -0.2545144 0.6466770
1740546960.599763 14.3429527 -21.7907104 11.0513153 0.6749593 0.2495787 -0.2543219 0.6461120
1740546960.695450 14.3396044 -21.8913956 11.0499153 0.6755814 0.2492373 -0.2548285 0.6453937
1740546960.806324 14.3236980 -21.9980984 11.0420780 0.6750441 0.2494759 -0.2544860 0.6459985
1740546961.002333 14.3195629 -22.1997566 11.0395908 0.6749910 0.2494250 -0.2549331 0.6458976
1740546961.106744 14.3223782 -22.2986774 11.0438862 0.6749898 0.2493572 -0.2548812 0.6459454
1740546961.205535 14.3287687 -22.3989964 11.0495892 0.6757694 0.2489475 -0.2549348 0.6452667
1740546961.410553 14.3085499 -22.6041622 11.0429897 0.6751361 0.2497578 -0.2539385 0.6460088
1740546961.508168 14.2915068 -22.7027569 11.0455914 0.6746225 0.2504654 -0.2532839 0.6465282
1740546961.613572 14.2933178 -22.8057823 11.0457096 0.6748034 0.2506613 -0.2532142 0.6462908
1740546961.822621 14.2957411 -23.0057297 11.0384483 0.6742234 0.2513450 -0.2526416 0.6468545
1740546961.921953 14.2882957 -23.1071835 11.0346012 0.6739966 0.2520275 -0.2519843 0.6470817
1740546962.019387 14.2766056 -23.2085953 11.0388966 0.6739862 0.2529282 -0.2509068 0.6471597
1740546962.225619 14.2942390 -23.4139709 11.0191917 0.6726885 0.2532906 -0.2508649 0.6483833
1740546962.332642 14.2755375 -23.5130901 11.0218182 0.6722165 0.2538438 -0.2495260 0.6491727
1740546962.433936 14.2720423 -23.6086311 11.0241909 0.6720021 0.2544332 -0.2492994 0.6492509
1740546962.637604 14.2857904 -23.8138409 11.0173607 0.6701961 0.2556368 -0.2484053 0.6509853
1740546962.736457 14.2767553 -23.9150085 11.0214157 0.6694919 0.2567050 -0.2473708 0.6516831
1740546962.852841 14.2701855 -24.0180836 11.0299988 0.6688243 0.2580377 -0.2458741 0.6524083
1740546963.067598 14.2876806 -24.2209396 11.0282116 0.6660817 0.2594594 -0.2448695 0.6550228
1740546963.171938 14.2828140 -24.3222427 11.0418301 0.6655839 0.2607843 -0.2434363 0.6555367
1740546963.270769 14.2753286 -24.4227066 11.0451126 0.6642473 0.2621487 -0.2421871 0.6568097
1740546963.377618 14.2738304 -24.5246773 11.0539303 0.6632300 0.2635716 -0.2411330 0.6576556
1740546963.478618 14.2686090 -24.6263409 11.0633278 0.6617705 0.2649848 -0.2398767 0.6590160
1740546963.587880 14.2816944 -24.7299271 11.0548210 0.6595986 0.2657887 -0.2389440 0.6612049
1740546963.689610 14.2880087 -24.8282585 11.0696888 0.6583451 0.2672143 -0.2380112 0.6622152
1740546963.791396 14.2917776 -24.9291401 11.0785770 0.6568699 0.2686196 -0.2365746 0.6636248
1740546963.899438 14.2771225 -25.0320587 11.0971699 0.6548399 0.2709948 -0.2348776 0.6652661
1740546964.002557 14.2839012 -25.1324806 11.1123848 0.6534984 0.2722412 -0.2331266 0.6666908
1740546964.109858 14.2855949 -25.2291088 11.1134148 0.6514111 0.2731777 -0.2324651 0.6685788
1740546964.213769 14.3011141 -25.3285141 11.1096783 0.6495143 0.2740406 -0.2314385 0.6704246
1740546964.321677 14.3267641 -25.4265518 11.1179085 0.6478289 0.2754417 -0.2302414 0.6718917
1740546964.424452 14.3356581 -25.5225372 11.1344452 0.6470118 0.2767580 -0.2282133 0.6728294
1740546964.524925 14.3419552 -25.6166992 11.1467648 0.6455593 0.2778550 -0.2265647 0.6743280
1740546964.629595 14.3669529 -25.7177582 11.1430016 0.6436660 0.2787190 -0.2253262 0.6761938
1740546964.730631 14.3858681 -25.8154793 11.1589355 0.6426582 0.2803587 -0.2245318 0.6767384
1740546964.847231 14.3908863 -25.9158134 11.1760998 0.6416470 0.2821565 -0.2230443 0.6774423
1740546964.960405 14.4095650 -26.0196800 11.1720161 0.6399418 0.2829586 -0.2215986 0.6791929
1740546965.068234 14.4191647 -26.1186790 11.1901741 0.6394915 0.2842242 -0.2201478 0.6795603
1740546965.172278 14.4261332 -26.2179413 11.2092743 0.6393495 0.2855216 -0.2183951 0.6797156
1740546965.270931 14.4345016 -26.3181343 11.2302876 0.6393823 0.2865910 -0.2180347 0.6793503
1740546965.380597 14.4410191 -26.4071159 11.2478943 0.6398354 0.2875061 -0.2170505 0.6788520
1740546965.485038 14.4634390 -26.5097313 11.2379513 0.6394948 0.2876537 -0.2169200 0.6791520
1740546965.597814 14.4839468 -26.6085167 11.2431698 0.6397259 0.2877648 -0.2165865 0.6789938
1740546965.702233 14.4903450 -26.7074890 11.2508774 0.6402420 0.2878983 -0.2161313 0.6785957
1740546965.816989 14.5140724 -26.8028297 11.2363434 0.6403874 0.2871580 -0.2174085 0.6783641
1740546965.915765 14.5270853 -26.9055634 11.2366848 0.6404452 0.2866126 -0.2184526 0.6782047
1740546966.019790 14.5371180 -27.0052166 11.2662239 0.6412053 0.2860820 -0.2200311 0.6771996
1740546966.129746 14.5388288 -27.1056061 11.2894268 0.6424484 0.2851277 -0.2216841 0.6758834
1740546966.233336 14.5585403 -27.2019634 11.2612801 0.6416535 0.2824984 -0.2238620 0.6770238
1740546966.347528 14.5642405 -27.2961349 11.2549343 0.6425713 0.2796063 -0.2263660 0.6765211
1740546966.452866 14.5548267 -27.3888702 11.2892151 0.6450303 0.2772612 -0.2287213 0.6743506
1740546966.558075 14.5695992 -27.4910698 11.2728519 0.6448255 0.2738537 -0.2322015 0.6747493
1740546966.659652 14.5993519 -27.5818272 11.2675247 0.6447691 0.2693302 -0.2368315 0.6750149
1740546966.760575 14.6083126 -27.6815834 11.2978630 0.6452153 0.2659185 -0.2409095 0.6744977
1740546966.873466 14.6116924 -27.7839756 11.3055229 0.6449990 0.2612620 -0.2453779 0.6749135
1740546966.976970 14.6145687 -27.8810539 11.3300381 0.6454201 0.2562934 -0.2503752 0.6745805
1740546967.085728 14.6140738 -27.9748917 11.3334522 0.6453098 0.2499906 -0.2558883 0.6749823
1740546967.185822 14.6043491 -28.0758133 11.3560925 0.6457013 0.2441253 -0.2617149 0.6745205
1740546967.285405 14.5963554 -28.1718731 11.3692131 0.6460907 0.2371040 -0.2678350 0.6742499
1740546967.407467 14.5649776 -28.2718983 11.3877125 0.6458966 0.2310949 -0.2735103 0.6742439
1740546967.508553 14.5435514 -28.3712826 11.4126072 0.6462758 0.2241606 -0.2798366 0.6736253
1740546967.616325 14.5186129 -28.4659195 11.4364986 0.6467073 0.2173948 -0.2861777 0.6727641
1740546967.717135 14.5055618 -28.5599861 11.4591618 0.6473420 0.2099383 -0.2928660 0.6716425
1740546967.824471 14.4869051 -28.6563129 11.4717293 0.6475006 0.2028690 -0.2992942 0.6708280
1740546968.022825 14.4428768 -28.8599396 11.4770565 0.6473667 0.1887991 -0.3117322 0.6693984
1740546968.333737 14.3566389 -29.1501656 11.5158844 0.6503611 0.1688658 -0.3296869 0.6631902
1740546968.639546 14.2521658 -29.4362583 11.5387135 0.6525834 0.1492343 -0.3457161 0.6575290
1740546969.043553 14.1167974 -29.8153553 11.5881596 0.6571057 0.1278617 -0.3632155 0.6480262
1740546969.356837 13.9717131 -30.0885506 11.5978050 0.6583157 0.1157946 -0.3733643 0.6432816
1740546969.555346 13.8682251 -30.2639198 11.6069584 0.6575376 0.1092817 -0.3789174 0.6419684
1740546969.867126 13.7174473 -30.5231342 11.6423817 0.6549665 0.1029460 -0.3843585 0.6424091
1740546970.073933 13.6451902 -30.7096958 11.6634750 0.6509894 0.1000993 -0.3882877 0.6445354
1740546970.272704 13.5751514 -30.8880653 11.7017918 0.6462412 0.0986760 -0.3901790 0.6483793
1740546970.375651 13.5400677 -30.9778805 11.7215977 0.6431844 0.0984826 -0.3916858 0.6505361
1740546970.580710 13.4472179 -31.1520233 11.7721634 0.6358399 0.0991444 -0.3932384 0.6566899
1740546970.779418 13.3649359 -31.3220711 11.8301563 0.6279588 0.1004388 -0.3949403 0.6630250
1740546970.990032 13.2994518 -31.5066528 11.8862858 0.6185763 0.1024598 -0.3962238 0.6707250
1740546971.092416 13.2762747 -31.5961323 11.9259281 0.6144536 0.1037484 -0.3963203 0.6742501
1740546971.288922 13.2275057 -31.7940502 11.9611282 0.6032871 0.1066437 -0.3974490 0.6831589
1740546971.396345 13.2069149 -31.8889885 11.9936180 0.5981223 0.1083148 -0.3978887 0.6871697
1740546971.601622 13.1656828 -32.0653267 12.0570774 0.5872838 0.1119196 -0.3978586 0.6959025
1740546971.701182 13.1632690 -32.1404991 12.1023712 0.5824250 0.1129719 -0.3982039 0.6996086
1740546971.799231 13.1701279 -32.1944237 12.1445332 0.5774285 0.1147719 -0.3981276 0.7034900
1740546971.905539 13.1884747 -32.2400665 12.1968117 0.5736716 0.1158784 -0.3981566 0.7063600
1740546972.001516 13.2014503 -32.3013000 12.2532139 0.5701327 0.1175820 -0.3955330 0.7104061
1740546972.108517 13.2169666 -32.3452911 12.2896633 0.5655370 0.1185632 -0.3957688 0.7137771
1740546972.206842 13.2248058 -32.4117279 12.3335285 0.5619867 0.1198504 -0.3937477 0.7174745
1740546972.304470 13.2521896 -32.4703979 12.3933735 0.5581812 0.1212919 -0.3919724 0.7211655
1740546972.408756 13.2696896 -32.5031471 12.4255562 0.5546728 0.1227011 -0.3892417 0.7251023
1740546972.505696 13.2975435 -32.5486832 12.4769039 0.5521972 0.1240548 -0.3856634 0.7286648
1740546972.611657 13.3036060 -32.5808105 12.5088367 0.5482832 0.1278473 -0.3825502 0.7325953
1740546972.712135 13.3337212 -32.6248093 12.5594883 0.5454036 0.1286629 -0.3800993 0.7358705
1740546972.810828 13.3701067 -32.6880379 12.6204987 0.5441785 0.1277121 -0.3744542 0.7398266
1740546972.913390 13.3976660 -32.7363052 12.6728764 0.5428880 0.1293879 -0.3694963 0.7429697
1740546973.014024 13.4273548 -32.7807121 12.7152576 0.5393826 0.1298764 -0.3672377 0.7465487
1740546973.118321 13.4700747 -32.8424759 12.7747478 0.5348207 0.1294909 -0.3684164 0.7493119
1740546973.215883 13.4927578 -32.8795547 12.8202095 0.5330098 0.1322354 -0.3646519 0.7519596
1740546973.314884 13.5246601 -32.9254341 12.8766842 0.5318109 0.1345302 -0.3588857 0.7551688
1740546973.425149 13.5583820 -32.9904594 12.9308376 0.5279482 0.1351996 -0.3553691 0.7594108
1740546973.520858 13.5980177 -33.0485497 12.9830151 0.5232749 0.1341824 -0.3571159 0.7620018
1740546973.622711 13.6388197 -33.1029282 13.0440655 0.5184420 0.1348214 -0.3615663 0.7630929
1740546973.720845 13.6713505 -33.1566315 13.0914497 0.5145758 0.1354556 -0.3617919 0.7654868
1740546973.819851 13.6475077 -33.2395210 13.1389008 0.5099297 0.1378321 -0.3605703 0.7687414
1740546973.925257 13.6325216 -33.3260803 13.1889400 0.5047657 0.1400674 -0.3604368 0.7718018
1740546974.024044 13.6630793 -33.4005394 13.2534008 0.5020026 0.1406499 -0.3589080 0.7742068
1740546974.124801 13.6937151 -33.4778481 13.3124180 0.4988223 0.1411745 -0.3588741 0.7761800
1740546974.225396 13.7296810 -33.5484238 13.3752289 0.4954081 0.1419402 -0.3586667 0.7783200
1740546974.327632 13.7390747 -33.6316147 13.4246635 0.4902988 0.1436169 -0.3589150 0.7811282
1740546974.429516 13.7697182 -33.7111778 13.4794235 0.4854686 0.1434780 -0.3590726 0.7840925
1740546974.528018 13.7986879 -33.7727547 13.5265598 0.4793506 0.1440365 -0.3590595 0.7877517
1740546974.634667 13.8283024 -33.8343468 13.5833206 0.4763896 0.1447870 -0.3576159 0.7900636
1740546974.733602 13.8670759 -33.9116707 13.6452026 0.4716440 0.1450567 -0.3592727 0.7921070
1740546974.843933 13.8957224 -33.9794312 13.7004948 0.4676906 0.1471589 -0.3564517 0.7953314
1740546974.942106 13.9143286 -34.0624619 13.7570686 0.4631481 0.1483247 -0.3556847 0.7981116
1740546975.040211 13.9401350 -34.1327820 13.8195305 0.4594058 0.1499276 -0.3551374 0.8002159
1740546975.148241 13.9686375 -34.2000122 13.8740253 0.4530507 0.1520195 -0.3552048 0.8034081
1740546975.247698 13.9918938 -34.2768669 13.9312954 0.4476596 0.1540354 -0.3559489 0.8057136
1740546975.362530 14.0248051 -34.3580093 13.9943199 0.4432772 0.1560049 -0.3565487 0.8074905
1740546975.458557 14.0235691 -34.4431000 14.0496693 0.4377378 0.1593958 -0.3555390 0.8102905
1740546975.557440 14.0585203 -34.5117722 14.1108360 0.4324053 0.1621227 -0.3558268 0.8124833
1740546975.660870 14.0964994 -34.5811043 14.1746445 0.4287493 0.1634762 -0.3554057 0.8143319
1740546975.758518 14.1228218 -34.6571388 14.2245941 0.4228300 0.1655409 -0.3558016 0.8168330
1740546975.866451 14.1379271 -34.7309265 14.2727757 0.4169691 0.1688363 -0.3552787 0.8193950
1740546975.970159 14.1642113 -34.8045769 14.3306675 0.4120481 0.1722269 -0.3548402 0.8213664
1740546976.066877 14.1753330 -34.8756866 14.3974628 0.4066040 0.1766965 -0.3523860 0.8241818
1740546976.174536 14.1777420 -34.9501038 14.4678192 0.4022257 0.1803270 -0.3506484 0.8262823
1740546976.273510 14.1934347 -35.0295181 14.5286503 0.3977900 0.1835985 -0.3490834 0.8283691
1740546976.374859 14.2119474 -35.0949326 14.5873394 0.3931912 0.1894651 -0.3470502 0.8300962
1740546976.476362 14.2314005 -35.1688347 14.6430302 0.3894482 0.1947044 -0.3447588 0.8316019
1740546976.578457 14.2598982 -35.2307091 14.6945438 0.3854833 0.1990578 -0.3435863 0.8329028
1740546976.679084 14.2993183 -35.3032875 14.7537079 0.3825381 0.2012447 -0.3429075 0.8340142
1740546976.777333 14.3188210 -35.3750038 14.8054886 0.3777829 0.2058879 -0.3409672 0.8358418
1740546976.883427 14.3445406 -35.4516563 14.8779755 0.3745651 0.2098972 -0.3380315 0.8374836
1740546976.983316 14.3864393 -35.5199318 14.9350872 0.3707716 0.2131706 -0.3373693 0.8386112
1740546977.091814 14.4180117 -35.5764122 14.9824181 0.3659347 0.2176216 -0.3370413 0.8397236
1740546977.192007 14.4201527 -35.6264954 15.0250435 0.3608032 0.2237822 -0.3340250 0.8415284
1740546977.289904 14.4406500 -35.7027740 15.0902271 0.3575280 0.2268319 -0.3325325 0.8426999
1740546977.395029 14.4689264 -35.7684669 15.1450253 0.3526140 0.2310237 -0.3320512 0.8438207
1740546977.491856 14.4865694 -35.8251839 15.1932163 0.3478544 0.2348326 -0.3296782 0.8456733
1740546977.597871 14.5200882 -35.9016838 15.2407093 0.3439512 0.2371877 -0.3293565 0.8467373
1740546977.691017 14.5523520 -35.9604836 15.2984829 0.3407677 0.2396537 -0.3275000 0.8480491
1740546977.787704 14.6000891 -36.0202141 15.3478394 0.3382269 0.2408602 -0.3280470 0.8485129
1740546977.892672 14.6258459 -36.0755997 15.4061909 0.3351965 0.2444756 -0.3264559 0.8492948
1740546977.986877 14.6600227 -36.1277657 15.4524002 0.3316344 0.2466854 -0.3255680 0.8503942
1740546978.097492 14.6904364 -36.1951828 15.5276575 0.3300145 0.2490890 -0.3242151 0.8508406
1740546978.192872 14.7216711 -36.2550812 15.5840483 0.3262728 0.2508088 -0.3238909 0.8519012
1740546978.285848 14.7640553 -36.3080711 15.6308889 0.3215963 0.2511325 -0.3253641 0.8530220
1740546978.388531 14.8005724 -36.3653183 15.6811056 0.3158331 0.2525773 -0.3262227 0.8544196
1740546978.482200 14.8449793 -36.4202576 15.7348318 0.3119572 0.2543094 -0.3276065 0.8548002
1740546978.580799 14.8854198 -36.4761658 15.7840633 0.3071867 0.2542427 -0.3283562 0.8562589
1740546978.680861 14.9107752 -36.5294456 15.8336792 0.3023542 0.2569215 -0.3275255 0.8574965
1740546978.775897 14.9394646 -36.5886040 15.8942471 0.2989241 0.2598532 -0.3260274 0.8583862
1740546978.877872 14.9811287 -36.6346130 15.9520988 0.2963870 0.2619331 -0.3266045 0.8584144
1740546978.975649 15.0233812 -36.6916351 16.0073547 0.2925533 0.2621959 -0.3246613 0.8603842
1740546979.067931 15.0586405 -36.7306671 16.0584259 0.2912711 0.2642066 -0.3252144 0.8599951
1740546979.175836 15.0809822 -36.7577400 16.0853157 0.2868124 0.2654578 -0.3252028 0.8611121
1740546979.267416 15.1080589 -36.7928200 16.1177711 0.2824425 0.2649717 -0.3236676 0.8632819
1740546979.378405 15.1161013 -36.8043709 16.1338234 0.2783293 0.2669868 -0.3227596 0.8643362
1740546979.470220 15.1246290 -36.8141785 16.1402512 0.2733529 0.2681850 -0.3223514 0.8657047
1740546979.564603 15.1525784 -36.8542099 16.1820793 0.2660557 0.2686996 -0.3218156 0.8680148
1740546979.663289 15.1737328 -36.9038811 16.2348022 0.2600469 0.2739350 -0.3200328 0.8688580
1740546979.758009 15.2279510 -36.9615288 16.3055191 0.2563520 0.2753905 -0.3198644 0.8695576
1740546979.857395 15.2464876 -37.0058746 16.3753471 0.2506820 0.2798943 -0.3158566 0.8712361
1740546979.950693 15.2849970 -37.0429153 16.4415970 0.2463911 0.2819001 -0.3136121 0.8726232
1740546980.046955 15.3329611 -37.0880280 16.5072517 0.2409048 0.2839207 -0.3122571 0.8739849
1740546980.146972 15.3780785 -37.1401787 16.5779934 0.2357402 0.2860189 -0.3102885 0.8754089
1740546980.241715 15.4125586 -37.1785355 16.6304665 0.2297783 0.2887522 -0.3097633 0.8762824
1740546980.337941 15.4448004 -37.2195740 16.7053223 0.2242251 0.2915578 -0.3058874 0.8781515
1740546980.439818 15.4872179 -37.2554855 16.7780418 0.2211507 0.2950005 -0.3048704 0.8781350
1740546980.532186 15.5233173 -37.3007927 16.8433723 0.2180820 0.2984916 -0.3029013 0.8784042
1740546980.633314 15.5544624 -37.3451309 16.9136047 0.2149036 0.3017736 -0.3002832 0.8789648
1740546980.727860 15.5913563 -37.3960304 16.9860649 0.2112163 0.3044103 -0.2997334 0.8791371
1740546980.822102 15.6277037 -37.4275780 17.0522671 0.2091649 0.3068528 -0.2984157 0.8792266
1740546980.922432 15.6700764 -37.4747849 17.1282845 0.2069631 0.3085222 -0.2974208 0.8795006
1740546981.017670 15.6941156 -37.5243530 17.2061672 0.2044643 0.3126163 -0.2963882 0.8789877
1740546981.124952 15.7289696 -37.5632973 17.2729416 0.2032668 0.3145200 -0.2949313 0.8790764
1740546981.223357 15.7539845 -37.6067963 17.3453903 0.2018234 0.3179130 -0.2933108 0.8787306
1740546981.317736 15.7970142 -37.6575775 17.4198151 0.2007149 0.3193747 -0.2933159 0.8784527
1740546981.417787 15.8524685 -37.7128296 17.4730568 0.2006559 0.3191130 -0.2928354 0.8787215
1740546981.513604 15.9017563 -37.7570839 17.5282249 0.2009952 0.3190354 -0.2932676 0.8785281
1740546981.614277 15.9349413 -37.8110619 17.6054821 0.2010468 0.3205785 -0.2936741 0.8778184
1740546981.710298 15.9858389 -37.8636360 17.6726990 0.2017316 0.3208611 -0.2933011 0.8776827
1740546981.804493 16.0139885 -37.9168167 17.7405815 0.2014826 0.3224515 -0.2927249 0.8773494
1740546981.903194 16.0656338 -37.9708977 17.8103409 0.2029289 0.3221122 -0.2926473 0.8771665
1740546981.999207 16.1112289 -38.0292320 17.8714943 0.2030188 0.3218571 -0.2928039 0.8771871
1740546982.099935 16.1488533 -38.0858154 17.9488792 0.2037480 0.3233097 -0.2930129 0.8764138
1740546982.203710 16.2043056 -38.1365395 18.0132885 0.2056231 0.3223082 -0.2931654 0.8762937
1740546982.298443 16.2456970 -38.1755257 18.0669041 0.2067452 0.3216959 -0.2937097 0.8760723
1740546982.401251 16.2894173 -38.2279320 18.1438618 0.2072322 0.3220141 -0.2946136 0.8755367
1740546982.495102 16.3392258 -38.2780228 18.2115459 0.2087477 0.3208346 -0.2953925 0.8753473
1740546982.588668 16.3836479 -38.3355026 18.2875957 0.2094258 0.3210057 -0.2948011 0.8753219
1740546982.694750 16.4206657 -38.3780670 18.3604126 0.2107626 0.3211902 -0.2961651 0.8744726
1740546982.790071 16.4523678 -38.4376564 18.4235992 0.2108991 0.3202184 -0.2954328 0.8750435
1740546982.891835 16.4937401 -38.4865303 18.5036507 0.2123648 0.3206739 -0.2966427 0.8741125
1740546982.985031 16.5359917 -38.5488129 18.5777206 0.2118420 0.3199851 -0.2965176 0.8745341
1740546983.081010 16.5836372 -38.5977859 18.6523514 0.2122988 0.3193839 -0.2970282 0.8744698
1740546983.181920 16.6204414 -38.6562691 18.7247124 0.2122242 0.3189366 -0.2967020 0.8747618
1740546983.278849 16.6651306 -38.7084351 18.7931576 0.2128148 0.3183802 -0.2976232 0.8745081
1740546983.379359 16.6959343 -38.7674026 18.8724442 0.2135627 0.3186667 -0.2980810 0.8740653
1740546983.478002 16.7521610 -38.8270569 18.9378872 0.2140914 0.3166377 -0.2987229 0.8744542
1740546983.569108 16.7844715 -38.8840561 19.0078506 0.2126846 0.3164156 -0.2980250 0.8751157
1740546983.671753 16.8350906 -38.9274826 19.0851593 0.2146783 0.3160624 -0.2996306 0.8742078
1740546983.765751 16.8743057 -38.9882469 19.1619568 0.2140777 0.3156443 -0.2993441 0.8746042
1740546983.865896 16.9115810 -39.0447235 19.2363663 0.2134308 0.3153970 -0.2986620 0.8750846
1740546983.962173 16.9426308 -39.0980186 19.3086910 0.2134281 0.3156020 -0.2983435 0.8751200
1740546984.058208 16.9739380 -39.1489906 19.3827057 0.2135303 0.3169063 -0.2981379 0.8746936
1740546984.157638 17.0177250 -39.2062340 19.4509659 0.2142022 0.3151201 -0.2986270 0.8750079
1740546984.250098 17.0646057 -39.2671738 19.5279160 0.2135363 0.3151952 -0.2987796 0.8750914
1740546984.347806 17.1089973 -39.3182983 19.6022415 0.2144867 0.3150782 -0.2987408 0.8749144
1740546984.446884 17.1620846 -39.3877220 19.6621933 0.2139031 0.3133601 -0.2984322 0.8757792
1740546984.544384 17.2061691 -39.4502144 19.7327442 0.2130825 0.3132795 -0.2987909 0.8758857
1740546984.661609 17.2568626 -39.5019493 19.7977943 0.2132350 0.3119785 -0.2998662 0.8759455
1740546984.861220 17.3289890 -39.6136818 19.9560070 0.2130204 0.3115120 -0.2994462 0.8763074
1740546984.955578 17.3751030 -39.6648865 20.0288086 0.2134906 0.3103470 -0.2992558 0.8766713
1740546985.151978 17.4568863 -39.7855186 20.1716385 0.2124386 0.3090706 -0.2994252 0.8773197
1740546985.355593 17.5471191 -39.8960838 20.3236885 0.2116494 0.3089646 -0.2990708 0.8776686
1740546985.549787 17.6286926 -40.0087204 20.4741135 0.2098877 0.3086832 -0.2991032 0.8781794
1740546985.651754 17.6691494 -40.0571518 20.5516205 0.2097861 0.3089032 -0.2991583 0.8781076
1740546985.950788 17.7988834 -40.2239761 20.7714958 0.2076691 0.3098446 -0.2974205 0.8788691
1740546986.048184 17.8344536 -40.2702904 20.8540611 0.2066244 0.3121905 -0.2968148 0.8784899
1740546986.152354 17.8841553 -40.3284912 20.9242058 0.2054267 0.3136170 -0.2961298 0.8784938
1740546986.250380 17.9236622 -40.3861198 20.9982147 0.2038915 0.3158429 -0.2948333 0.8784901
1740546986.450837 17.9871140 -40.5013618 21.1621933 0.2005602 0.3233832 -0.2918178 0.8775200
1740546986.549837 18.0228443 -40.5557251 21.2446671 0.1995132 0.3276220 -0.2903053 0.8766876
1740546986.658482 18.0573444 -40.6123009 21.3170776 0.1971575 0.3326910 -0.2874130 0.8762644
1740546986.857812 18.1480236 -40.7183876 21.4637146 0.1937233 0.3446710 -0.2826358 0.8739509
1740546987.052346 18.2671890 -40.8130493 21.5968208 0.1903858 0.3596062 -0.2768864 0.8705001
1740546987.253349 18.3996696 -40.9266777 21.7004223 0.1860070 0.3762507 -0.2700711 0.8665440
1740546987.358644 18.4755230 -40.9687004 21.7587070 0.1852170 0.3859510 -0.2667060 0.8634839
1740546987.457733 18.5543633 -41.0147362 21.8091488 0.1839457 0.3955080 -0.2631806 0.8605077
1740546987.658815 18.6937637 -41.1242828 21.9147415 0.1790232 0.4167030 -0.2546722 0.8540792
1740546987.960772 18.9223766 -41.2687263 22.0600891 0.1722358 0.4482984 -0.2412177 0.8433133
1740546988.162937 19.0835114 -41.3588562 22.1339951 0.1673474 0.4687177 -0.2319801 0.8357534
1740546988.471626 19.3510742 -41.4874725 22.2105446 0.1609332 0.4959642 -0.2197491 0.8245183
1740546988.877856 19.7092781 -41.6624260 22.3074818 0.1521724 0.5234298 -0.2058782 0.8126985
1740546989.278137 20.0265541 -41.8454552 22.4803352 0.1429279 0.5398188 -0.1951684 0.8062733
1740546989.786363 20.4625130 -42.0717697 22.6313133 0.1287566 0.5459819 -0.1852978 0.8068396
1740546990.298866 20.8871460 -42.2451859 22.8650475 0.1114295 0.5415171 -0.1768162 0.8142965
1740546990.808723 21.3220005 -42.4231644 23.0725079 0.0920494 0.5340790 -0.1674076 0.8235662
1740546991.432765 21.8359241 -42.5550041 23.3820667 0.0665262 0.5251371 -0.1540056 0.8343186
1740546991.831458 22.2060757 -42.6491013 23.5351963 0.0508477 0.5202361 -0.1454996 0.8399993
1740546992.137766 22.4680233 -42.7003517 23.6848526 0.0397398 0.5162953 -0.1397216 0.8440012
1740546992.439983 22.7289543 -42.7357445 23.8456421 0.0310684 0.5129958 -0.1346819 0.8471899
1740546992.736048 22.9905567 -42.7809792 23.9948635 0.0237429 0.5097504 -0.1310551 0.8499503
1740546992.935306 23.1599007 -42.7866516 24.1068916 0.0209947 0.5076218 -0.1299559 0.8514639
1740546993.130516 23.3330307 -42.8091431 24.2144203 0.0192296 0.5059715 -0.1291160 0.8526149
1740546993.324106 23.5165081 -42.8429985 24.3067551 0.0193768 0.5037378 -0.1290270 0.8539466
1740546993.523226 23.6988888 -42.8729591 24.3915749 0.0205085 0.5015963 -0.1305549 0.8549480
1740546993.727853 23.8798466 -42.8998337 24.4867630 0.0230744 0.4993648 -0.1324249 0.8559008
1740546994.020583 24.1193333 -42.9960442 24.6508350 0.0285243 0.4956051 -0.1357861 0.8573938
1740546994.220808 24.2811890 -43.0536308 24.7556782 0.0335064 0.4927324 -0.1388317 0.8583810
1740546994.518609 24.5339222 -43.1001778 24.9310074 0.0415751 0.4879501 -0.1445071 0.8598220
1740546994.813519 24.7884750 -43.1785202 25.0842972 0.0496587 0.4823947 -0.1487379 0.8618041
1740546995.108557 25.0212059 -43.2748337 25.2593880 0.0574251 0.4766219 -0.1541918 0.8635733
1740546995.416112 25.2669106 -43.3467178 25.4333057 0.0651191 0.4696499 -0.1594926 0.8658814
1740546995.715865 25.5006218 -43.4533386 25.6000690 0.0717811 0.4620267 -0.1637120 0.8686640
1740546996.012257 25.7319260 -43.5529823 25.7795486 0.0781123 0.4548361 -0.1677692 0.8711349
1740546996.308858 25.9627228 -43.6522942 25.9624176 0.0834186 0.4466453 -0.1717536 0.8740996
1740546996.604203 26.1841183 -43.7429886 26.1563110 0.0887865 0.4391064 -0.1764362 0.8764547
1740546996.915739 26.3996964 -43.8410454 26.3557587 0.0948367 0.4302513 -0.1808608 0.8793061
1740546997.210922 26.6024494 -43.9435692 26.5652981 0.1012967 0.4230728 -0.1847069 0.8812672
1740546997.519391 26.8081760 -44.0410080 26.7732334 0.1078462 0.4168524 -0.1899259 0.8823442
1740546997.821536 27.0042171 -44.1539154 26.9773178 0.1163248 0.4115160 -0.1944007 0.8827975
1740546998.138080 27.1811409 -44.3030548 27.1769123 0.1243144 0.4093029 -0.1989210 0.8817298
1740546998.432578 27.3956718 -44.4305077 27.3617935 0.1344158 0.4072641 -0.2023229 0.8804168
1740546998.734543 27.5712738 -44.5693016 27.5692768 0.1438710 0.4083661 -0.2059806 0.8775592
1740546999.043464 27.7648048 -44.7278290 27.7495689 0.1526574 0.4123493 -0.2087860 0.8735400
1740546999.338760 27.9636803 -44.8697853 27.9325924 0.1598307 0.4195422 -0.2097565 0.8685855
1740546999.650512 28.1669388 -44.9999161 28.1214714 0.1665432 0.4287348 -0.2094323 0.8628951
1740547000.044787 28.4506321 -45.2037315 28.3345776 0.1764121 0.4466275 -0.2092468 0.8518324
1740547000.345824 28.6669922 -45.3596230 28.4844666 0.1855358 0.4641288 -0.2079073 0.8407946
1740547000.750045 28.9764271 -45.5614166 28.6467419 0.2020759 0.4898826 -0.2073988 0.8222932
1740547001.065727 29.2145805 -45.7120514 28.7638874 0.2177118 0.5114629 -0.2073813 0.8049846
1740547001.469062 29.5142670 -45.9353561 28.9068909 0.2418883 0.5384633 -0.2093920 0.7795527
1740547001.789960 29.7091446 -46.1722450 28.8789597 0.2600630 0.5558636 -0.2112384 0.7607635
1740547002.198107 29.9734879 -46.4983597 28.7889061 0.2790447 0.5708164 -0.2149529 0.7416859
1740547002.592693 30.2436104 -46.7966309 28.8140640 0.2874528 0.5747942 -0.2175074 0.7346244
1740547002.995296 30.5469780 -47.0562515 28.9151077 0.2842756 0.5673366 -0.2200414 0.7408767
1740547003.387497 30.8409119 -47.2910690 29.0651283 0.2737688 0.5509402 -0.2231424 0.7561237
1740547003.698475 31.0620079 -47.4596939 29.1899300 0.2653693 0.5355595 -0.2266856 0.7690051
1740547004.090725 31.3473320 -47.6887131 29.3705101 0.2613558 0.5166083 -0.2336153 0.7811741
1740547004.496028 31.6164455 -47.9373131 29.5609589 0.2703970 0.5029781 -0.2448631 0.7835436
1740547004.900559 31.8835316 -48.1833801 29.7493896 0.2946996 0.4964030 -0.2601512 0.7739881
1740547005.303781 32.0792961 -48.5120392 29.8591919 0.3357429 0.4964829 -0.2785102 0.7504755
1740547005.614666 32.1532516 -48.8203087 29.8511047 0.3707677 0.5002791 -0.2915959 0.7261019
1740547005.932909 32.2593040 -49.1088867 29.8735085 0.4074543 0.5060627 -0.3025826 0.6973702
1740547006.242212 32.3314400 -49.4054337 29.8420563 0.4412822 0.5125909 -0.3113830 0.6675038
1740547006.551345 32.4342690 -49.6944008 29.8139801 0.4704378 0.5182639 -0.3167156 0.6401422
1740547006.861294 32.5280304 -49.9854355 29.7810249 0.4935116 0.5263767 -0.3176967 0.6151769
1740547007.062431 32.5775719 -50.1827126 29.7461739 0.5051894 0.5319752 -0.3159096 0.6016536
1740547007.268459 32.6224327 -50.3768158 29.7076073 0.5149951 0.5381641 -0.3126481 0.5894155
1740547007.465062 32.6751900 -50.5705643 29.6665573 0.5225050 0.5448058 -0.3078509 0.5791399
1740547007.675951 32.7257957 -50.7652168 29.6260567 0.5274999 0.5520737 -0.3009555 0.5713006
1740547007.863431 32.7726021 -50.9563332 29.5702248 0.5300246 0.5602608 -0.2928100 0.5651940
1740547008.056583 32.8347816 -51.1418037 29.5132446 0.5306286 0.5694385 -0.2821123 0.5608795
1740547008.257364 32.9066086 -51.3214188 29.4472313 0.5281592 0.5786734 -0.2700108 0.5597135
1740547008.461538 32.9796753 -51.4997826 29.3760681 0.5233887 0.5883128 -0.2553831 0.5610096
1740547008.752874 33.1319962 -51.7473145 29.2833672 0.5116789 0.6034117 -0.2319181 0.5659444
1740547008.954437 33.2532158 -51.9035110 29.2329674 0.5008962 0.6129119 -0.2141006 0.5723661
1740547009.147672 33.3839569 -52.0502853 29.1710815 0.4886739 0.6210710 -0.1963973 0.5804281
1740547009.350958 33.5282021 -52.1799164 29.1248207 0.4752923 0.6281793 -0.1790386 0.5894346
1740547009.649930 33.7594795 -52.3685913 29.0712051 0.4542904 0.6353804 -0.1558515 0.6046671
1740547009.851636 33.9241219 -52.4860725 29.0439186 0.4410067 0.6389384 -0.1414707 0.6142125
1740547010.145274 34.1754494 -52.6558151 28.9908333 0.4224386 0.6389369 -0.1271236 0.6301943
1740547010.443928 34.4246712 -52.8261871 28.9579735 0.4082791 0.6340654 -0.1194321 0.6457594
1740547010.739541 34.6611023 -53.0245895 28.9360733 0.3988977 0.6244265 -0.1174578 0.6611928
1740547011.029108 34.8780441 -53.2445450 28.9434128 0.3945910 0.6108320 -0.1232969 0.6752629
1740547011.223240 35.0180054 -53.3943176 28.9432373 0.3928936 0.6002080 -0.1302617 0.6844099
1740547011.515168 35.2082672 -53.6377831 28.9557915 0.3931917 0.5826794 -0.1429389 0.6967449
1740547011.814213 35.3961334 -53.8768082 29.0028152 0.3929302 0.5650644 -0.1547509 0.7087737
1740547012.106144 35.5721550 -54.1266823 29.0533981 0.3905102 0.5481863 -0.1648874 0.7209755
1740547012.400815 35.7432480 -54.3737106 29.1123238 0.3855271 0.5338641 -0.1724367 0.7325460
1740547012.595934 35.8626137 -54.5351181 29.1548691 0.3799993 0.5260754 -0.1729166 0.7409083
1740547012.792236 35.9910507 -54.6890869 29.2005005 0.3741682 0.5199064 -0.1718263 0.7484459
1740547012.990195 36.1178856 -54.8358612 29.2502289 0.3657229 0.5164136 -0.1707052 0.7552639
1740547013.187971 36.2523003 -54.9734535 29.2943001 0.3564321 0.5140277 -0.1664911 0.7622417
1740547013.380959 36.3914375 -55.1037025 29.3496284 0.3469015 0.5130795 -0.1611435 0.7684020
1740547013.575357 36.5274124 -55.2278481 29.4081230 0.3370823 0.5142346 -0.1545922 0.7733301
1740547013.783630 36.6741791 -55.3501587 29.4693298 0.3258165 0.5162545 -0.1460957 0.7784477
1740547013.879506 36.7355728 -55.3975029 29.4986496 0.3210818 0.5170840 -0.1415924 0.7806934
1740547014.076544 36.8828125 -55.5153389 29.5607948 0.3100572 0.5209558 -0.1315440 0.7843251
1740547014.374551 37.1167603 -55.6765823 29.6494446 0.2955097 0.5242249 -0.1195020 0.7896718
1740547014.575527 37.2867661 -55.7830429 29.7139740 0.2863456 0.5285071 -0.1123907 0.7912362
1740547014.785998 37.4499855 -55.8867989 29.7778625 0.2781107 0.5340956 -0.1053652 0.7913877
1740547015.085601 37.6921692 -56.0187721 29.8579712 0.2699998 0.5411930 -0.0957291 0.7905987
1740547015.195266 37.7109528 -56.0513077 29.8947830 0.2692267 0.5459037 -0.0877426 0.7885476
1740547015.289678 37.7230301 -56.0669060 29.9391861 0.2698736 0.5525203 -0.0795904 0.7845732
1740547015.387592 37.7326469 -56.0928116 29.9782944 0.2674717 0.5605494 -0.0721236 0.7804111
1740547015.489554 37.7417450 -56.1096039 30.0293274 0.2692480 0.5695220 -0.0646118 0.7739350
1740547015.696705 37.7563820 -56.1837540 30.1397743 0.2707424 0.5901993 -0.0429807 0.7592866
1740547015.793019 37.7813568 -56.1652756 30.1685524 0.2766044 0.5949881 -0.0455301 0.7532637
1740547015.891371 37.8144608 -56.1804123 30.2072067 0.2785416 0.5997561 -0.0450053 0.7487869
1740547015.998086 37.8408737 -56.1745644 30.2303047 0.2830364 0.6017045 -0.0453266 0.7455116
1740547016.093958 37.8538589 -56.1771889 30.2741890 0.2864066 0.6094655 -0.0392038 0.7382317
1740547016.204705 37.8813667 -56.1745987 30.3071747 0.2905708 0.6126676 -0.0391291 0.7339455
1740547016.302428 37.9108429 -56.1602478 30.3630104 0.2977149 0.6199344 -0.0393203 0.7249145
1740547016.399171 37.9231033 -56.1589394 30.4206848 0.3047500 0.6300020 -0.0368827 0.7133474
1740547016.500406 37.9170723 -56.1871834 30.4745712 0.3039720 0.6431329 -0.0290184 0.7022386
1740547016.598739 37.9247208 -56.1968155 30.5373268 0.3086417 0.6551275 -0.0272221 0.6890625
1740547016.707909 37.9302826 -56.2013550 30.5775833 0.3129226 0.6622587 -0.0268632 0.6802729
1740547016.803557 37.9328995 -56.2176590 30.6331177 0.3163835 0.6731520 -0.0228732 0.6680155
1740547016.901656 37.9351997 -56.2321091 30.6670876 0.3193319 0.6786020 -0.0193191 0.6611756
1740547017.006030 37.9416122 -56.2329483 30.7074776 0.3242006 0.6838500 -0.0197851 0.6533388
1740547017.104386 37.9605331 -56.2369080 30.6988792 0.3243203 0.6761609 -0.0234610 0.6611145
1740547017.210374 37.9619598 -56.2601013 30.6570168 0.3187965 0.6628029 -0.0219987 0.6771833
1740547017.311282 38.0355186 -56.3127518 30.6423607 0.3162005 0.6619541 -0.0207193 0.6792678
1740547017.411001 38.1244888 -56.3529167 30.6441269 0.3188212 0.6627378 -0.0232961 0.6771920
1740547017.521250 38.2176361 -56.3948250 30.6153145 0.3189687 0.6597812 -0.0243441 0.6799669
1740547017.723478 38.3948402 -56.5021896 30.6044922 0.3180120 0.6626406 -0.0223960 0.6776978
1740547017.960941 38.5769806 -56.6155548 30.6099815 0.3218793 0.6699699 -0.0169805 0.6687643
1740547018.058641 38.6636238 -56.6720734 30.6013756 0.3208847 0.6704918 -0.0188772 0.6686684
1740547018.272180 38.8030319 -56.8204269 30.7062416 0.3251343 0.6715117 -0.0162373 0.6656546
