1740549104.216239 0.0000000 0.0000000 0.0000000 -0.0000000 -0.0000000 -0.0000000 1.0000000
1740549104.444128 0.0170998 0.0590071 0.0602120 0.0025085 -0.0005701 -0.0002723 0.9999967
1740549104.545500 0.0071200 0.0463739 0.1381841 0.0041871 -0.0031750 -0.0005103 0.9999861
1740549104.683800 -0.0122754 0.0388284 0.2070214 0.0070156 -0.0061713 -0.0005272 0.9999563
1740549104.876186 -0.0328222 0.0265485 0.2788273 0.0106790 -0.0100472 -0.0004961 0.9998924
1740549105.058786 -0.0532947 0.0073833 0.3488058 0.0140895 -0.0144489 -0.0003067 0.9997963
1740549105.241447 -0.0760333 -0.0051102 0.4211825 0.0181368 -0.0195995 -0.0001124 0.9996434
1740549105.414235 -0.0852284 -0.0268204 0.4946739 0.0227297 -0.0258021 0.0002519 0.9994086
1740549105.510938 -0.1040379 -0.0464507 0.5690170 0.0271306 -0.0321737 -0.0001584 0.9991140
1740549105.606248 -0.1111611 -0.0636280 0.6428083 0.0323958 -0.0395975 0.0005101 0.9986903
1740549105.707467 -0.1266310 -0.0768665 0.7129768 0.0378362 -0.0469001 0.0001629 0.9981828
1740549105.805425 -0.1379467 -0.0916693 0.7835290 0.0431289 -0.0548890 0.0003964 0.9975605
1740549105.907555 -0.1562367 -0.1047924 0.8547015 0.0486174 -0.0627987 0.0006942 0.9968411
1740549106.007312 -0.1622235 -0.1222510 0.9279805 0.0534783 -0.0712162 0.0013357 0.9960254
1740549106.122838 -0.1854908 -0.1261418 0.9999622 0.0584235 -0.0792893 0.0012498 0.9951373
1740549106.226367 -0.2169845 -0.1412306 1.0663285 0.0624870 -0.0866047 0.0011568 0.9942805
1740549106.326302 -0.2322636 -0.1620276 1.1396544 0.0661453 -0.0951524 0.0009766 0.9932622
1740549106.432527 -0.2830180 -0.1656494 1.1979462 0.0702170 -0.1009909 0.0013318 0.9924055
1740549106.532264 -0.3105592 -0.1644129 1.2660929 0.0740668 -0.1081089 0.0017269 0.9913746
1740549106.641479 -0.3301470 -0.1857665 1.3365372 0.0757801 -0.1149858 0.0017125 0.9904710
1740549106.740357 -0.3562587 -0.1850846 1.4057139 0.0788750 -0.1212379 0.0017365 0.9894832
1740549106.841676 -0.3895718 -0.2022811 1.4694756 0.0801003 -0.1262992 0.0009974 0.9887525
1740549106.946550 -0.4189284 -0.2069029 1.5353464 0.0813951 -0.1313291 0.0007843 0.9879914
1740549107.044957 -0.4426729 -0.2210589 1.6122628 0.0826353 -0.1369461 -0.0002933 0.9871257
1740549107.153378 -0.4762461 -0.2051839 1.6770215 0.0844904 -0.1400712 0.0003884 0.9865299
1740549107.253120 -0.5163296 -0.2083782 1.7325032 0.0847481 -0.1425720 0.0006378 0.9861494
1740549107.355951 -0.5344849 -0.2089085 1.7869200 0.0861850 -0.1448354 0.0004395 0.9856950
1740549107.460021 -0.5503264 -0.2270568 1.8611405 0.0856663 -0.1483155 0.0000688 0.9852228
1740549107.558304 -0.5693076 -0.2446287 1.9352957 0.0849244 -0.1511231 0.0002373 0.9848602
1740549107.662631 -0.5966457 -0.2603728 2.0037231 0.0844449 -0.1531920 -0.0000527 0.9845818
1740549107.760579 -0.6265467 -0.2798899 2.0698311 0.0836791 -0.1550041 -0.0006224 0.9843633
1740549107.873144 -0.6516796 -0.2717285 2.1377132 0.0839315 -0.1565578 -0.0003029 0.9840961
1740549107.974217 -0.6846730 -0.2822971 2.2058175 0.0835277 -0.1578403 -0.0001038 0.9839256
1740549108.071589 -0.7316591 -0.3024493 2.2669685 0.0824407 -0.1579462 -0.0012875 0.9839994
1740549108.176476 -0.7584108 -0.3051814 2.3336141 0.0821535 -0.1587351 -0.0013297 0.9838964
1740549108.277397 -0.7795323 -0.3112139 2.4041862 0.0818432 -0.1598451 -0.0015436 0.9837423
1740549108.381374 -0.8028411 -0.3123316 2.4719429 0.0814499 -0.1601847 -0.0012546 0.9837201
1740549108.481298 -0.8336229 -0.3197002 2.5388553 0.0811442 -0.1601556 -0.0013241 0.9837500
1740549108.579237 -0.8591500 -0.3188266 2.6053338 0.0812658 -0.1599758 -0.0016129 0.9837688
1740549108.692223 -0.8822682 -0.3296862 2.6769407 0.0805222 -0.1598399 -0.0016337 0.9838520
1740549108.798751 -0.9106800 -0.3214335 2.7379954 0.0812845 -0.1586727 -0.0013530 0.9839786
1740549108.911972 -0.9346926 -0.3230860 2.8108370 0.0810391 -0.1586787 -0.0011423 0.9839982
1740549109.009091 -0.9601126 -0.3368311 2.8787978 0.0808421 -0.1582163 -0.0014078 0.9840885
1740549109.211591 -1.0186404 -0.3580631 3.0164301 0.0811710 -0.1566369 -0.0012259 0.9843143
1740549109.308661 -1.0459905 -0.3767536 3.0772195 0.0815637 -0.1550467 -0.0011436 0.9845337
1740549109.513961 -1.0942571 -0.3990389 3.2226562 0.0829741 -0.1526263 -0.0010327 0.9847941
1740549109.713784 -1.1468909 -0.4104910 3.3526125 0.0854166 -0.1498769 -0.0001416 0.9850081
1740549109.917435 -1.1988118 -0.4094928 3.5019972 0.0879434 -0.1465583 0.0003473 0.9852850
1740549110.017292 -1.2231469 -0.4058791 3.5648277 0.0903284 -0.1438888 0.0007232 0.9854625
1740549110.119690 -1.2484668 -0.4205765 3.6328948 0.0920171 -0.1415009 0.0011895 0.9856516
1740549110.227724 -1.2690482 -0.4300450 3.7072434 0.0946204 -0.1392527 0.0015869 0.9857247
1740549110.326282 -1.2804847 -0.4349057 3.7731199 0.0980189 -0.1361285 0.0024318 0.9858273
1740549110.427709 -1.2999043 -0.4412351 3.8435700 0.1014432 -0.1334894 0.0028958 0.9858405
1740549110.525783 -1.3315390 -0.4598126 3.9150035 0.1044693 -0.1304557 0.0034275 0.9859289
1740549110.638731 -1.3408656 -0.4705037 3.9874253 0.1077664 -0.1283095 0.0041732 0.9858528
1740549110.737497 -1.3587204 -0.4853869 4.0592275 0.1111793 -0.1255277 0.0045501 0.9858302
1740549110.838829 -1.3774325 -0.4960698 4.1279163 0.1148961 -0.1230658 0.0053737 0.9857103
1740549110.954288 -1.4072254 -0.5239070 4.1983094 0.1169081 -0.1201476 0.0058613 0.9858310
1740549111.055843 -1.4284211 -0.5250285 4.2558436 0.1208562 -0.1184219 0.0065332 0.9855594
1740549111.160690 -1.4378085 -0.5423154 4.2951355 0.1235408 -0.1165672 0.0077951 0.9854385
1740549111.262402 -1.4273994 -0.5476580 4.3202062 0.1252763 -0.1164476 0.0086592 0.9852263
1740549111.362892 -1.4257407 -0.5530859 4.3538823 0.1282168 -0.1156793 0.0095857 0.9849299
1740549111.466623 -1.4164993 -0.5592768 4.4103322 0.1318788 -0.1164448 0.0079278 0.9843708
1740549111.566526 -1.4175351 -0.5738525 4.4637051 0.1343039 -0.1170257 0.0082584 0.9839712
1740549111.677480 -1.4094614 -0.5780275 4.4895349 0.1363670 -0.1176650 0.0084507 0.9836095
1740549111.776701 -1.4004688 -0.5910520 4.5355716 0.1381498 -0.1185714 0.0082792 0.9832532
1740549111.876756 -1.4005613 -0.5886664 4.5730734 0.1408984 -0.1184151 0.0092234 0.9828736
1740549111.987926 -1.4187287 -0.6067858 4.6127248 0.1417338 -0.1191241 0.0099905 0.9826603
1740549112.089880 -1.4060394 -0.6164373 4.6621695 0.1437129 -0.1215756 0.0096214 0.9820760
1740549112.200880 -1.4030143 -0.6249522 4.7026649 0.1456999 -0.1224164 0.0098204 0.9816768
1740549112.300094 -1.4015228 -0.6418411 4.7393136 0.1457133 -0.1241291 0.0104697 0.9814530
1740549112.404407 -1.4174428 -0.6808213 4.7681799 0.1442589 -0.1233698 0.0102445 0.9817659
1740549112.507474 -1.4164168 -0.6875016 4.8156443 0.1452530 -0.1251658 0.0097786 0.9813967
1740549112.607378 -1.4200085 -0.7006409 4.8453255 0.1455231 -0.1265075 0.0094680 0.9811876
1740549112.711894 -1.4416506 -0.7268836 4.9091277 0.1460107 -0.1267527 0.0093143 0.9810851
1740549112.812459 -1.4307375 -0.7302361 4.9464202 0.1459513 -0.1293721 0.0093210 0.9807519
1740549112.918662 -1.4592874 -0.7570105 5.0029612 0.1462352 -0.1289232 0.0092718 0.9807692
1740549113.022850 -1.4744636 -0.7728285 5.0280952 0.1453261 -0.1304665 0.0089922 0.9807028
1740549113.124182 -1.4800789 -0.7802113 5.0940948 0.1464217 -0.1314151 0.0089035 0.9804140
1740549113.233859 -1.4717380 -0.7877781 5.1414251 0.1464681 -0.1348433 0.0076539 0.9799520
1740549113.334777 -1.4645172 -0.8004360 5.1868525 0.1458120 -0.1380249 0.0071785 0.9796104
1740549113.441907 -1.4845821 -0.8199688 5.2083120 0.1448808 -0.1373413 0.0075216 0.9798420
1740549113.544421 -1.5037097 -0.8376454 5.2331281 0.1435032 -0.1351751 0.0075256 0.9803458
1740549113.651333 -1.5036780 -0.8537377 5.2770410 0.1435759 -0.1374462 0.0073674 0.9800205
1740549113.754562 -1.4992508 -0.8624952 5.3339005 0.1443021 -0.1407447 0.0073202 0.9794459
1740549113.858556 -1.4882439 -0.8629619 5.3755522 0.1447983 -0.1447998 0.0064178 0.9787877
1740549113.965220 -1.5153431 -0.8612770 5.3948665 0.1460375 -0.1429052 0.0078411 0.9788717
1740549114.067725 -1.5383897 -0.8812084 5.4076042 0.1444362 -0.1411985 0.0081392 0.9793543
1740549114.177837 -1.5311099 -0.9111665 5.4734731 0.1432405 -0.1428892 0.0067491 0.9792953
1740549114.278648 -1.5135872 -0.9216511 5.5219173 0.1444278 -0.1475071 0.0063003 0.9784389
1740549114.379518 -1.5158271 -0.9284356 5.5753493 0.1460311 -0.1505681 0.0056325 0.9777384
1740549114.490538 -1.5121835 -0.9302605 5.6218629 0.1482979 -0.1535563 0.0061715 0.9769289
1740549114.591633 -1.5180721 -0.9655616 5.6462827 0.1462012 -0.1558346 0.0047915 0.9768919
1740549114.703452 -1.5163281 -0.9901491 5.6685700 0.1443977 -0.1579171 0.0034944 0.9768313
1740549114.809456 -1.5197961 -0.9895697 5.6829858 0.1470414 -0.1565413 0.0032818 0.9766591
1740549114.912166 -1.5326930 -0.9793532 5.7019629 0.1503585 -0.1562267 0.0048562 0.9761977
1740549115.014397 -1.5270447 -0.9932937 5.7281256 0.1522345 -0.1585608 0.0049333 0.9755300
1740549115.115839 -1.5273701 -1.0097086 5.7419581 0.1518800 -0.1587268 0.0037551 0.9755635
1740549115.222386 -1.5607336 -1.0100584 5.7293043 0.1511481 -0.1531183 0.0056409 0.9765640
1740549115.325134 -1.5807482 -1.0388503 5.7516408 0.1506138 -0.1494855 0.0050037 0.9772127
1740549115.433500 -1.6186000 -1.0720806 5.8070393 0.1507084 -0.1488594 0.0056132 0.9772903
1740549115.535505 -1.6441004 -1.0877753 5.8301287 0.1497653 -0.1461100 0.0073641 0.9778385
1740549115.650865 -1.6391300 -1.1147082 5.8455052 0.1476410 -0.1450346 0.0084069 0.9783131
1740549115.749449 -1.6564822 -1.1338285 5.8734446 0.1464657 -0.1434133 0.0089408 0.9787239
1740549115.851348 -1.6698662 -1.1349841 5.9258099 0.1487499 -0.1434330 0.0099277 0.9783670
1740549115.971365 -1.6710051 -1.1566644 5.9559808 0.1476841 -0.1439098 0.0084528 0.9784722
1740549116.076447 -1.7036685 -1.1648949 5.9619422 0.1465115 -0.1372094 0.0103785 0.9795918
1740549116.188102 -1.7392224 -1.1707239 5.9874434 0.1466884 -0.1308496 0.0102262 0.9804368
1740549116.293210 -1.7585714 -1.1934340 6.0188789 0.1456063 -0.1263616 0.0107243 0.9811812
1740549116.408011 -1.7940691 -1.2067976 6.0569038 0.1453324 -0.1211952 0.0110938 0.9818692
1740549116.511089 -1.8280284 -1.2088199 6.0863013 0.1442390 -0.1149813 0.0126714 0.9827583
1740549116.611836 -1.8510376 -1.2285174 6.1127052 0.1423962 -0.1090001 0.0129664 0.9837043
1740549116.730031 -1.8685417 -1.2428576 6.1402321 0.1409753 -0.1071793 0.0139319 0.9840958
1740549116.835542 -1.8609549 -1.2393115 6.1548100 0.1414261 -0.1075651 0.0148112 0.9839762
1740549116.947813 -1.8754358 -1.2541485 6.1742868 0.1361105 -0.1042066 0.0151107 0.9850820
1740549117.050491 -1.9087198 -1.2753966 6.2211876 0.1320121 -0.1022851 0.0159919 0.9858270
1740549117.161438 -1.9235092 -1.2943337 6.2505198 0.1273097 -0.1024626 0.0147266 0.9864466
1740549117.265381 -1.9392183 -1.3137507 6.2608767 0.1226316 -0.0976381 0.0158592 0.9875104
1740549117.367697 -1.9620711 -1.3371621 6.2926044 0.1198210 -0.0934218 0.0151876 0.9882736
1740549117.489228 -1.9907753 -1.3423976 6.3248849 0.1182218 -0.0889052 0.0154614 0.9888784
1740549117.593709 -2.0165884 -1.3340172 6.3515410 0.1190720 -0.0852676 0.0164967 0.9890800
1740549117.708585 -2.0268245 -1.3266027 6.3647904 0.1193035 -0.0833835 0.0156079 0.9892271
1740549117.811404 -2.0345771 -1.3534398 6.3838282 0.1131325 -0.0821555 0.0145366 0.9900708
1740549117.930291 -2.0460055 -1.3609002 6.3957891 0.1113791 -0.0803737 0.0142686 0.9904197
1740549118.031789 -2.0561864 -1.3410591 6.4128189 0.1138460 -0.0792540 0.0156442 0.9902087
1740549118.134028 -2.0798874 -1.3390808 6.4373484 0.1124635 -0.0761077 0.0160843 0.9906064
1740549118.266161 -2.1084783 -1.3357749 6.4680519 0.1110035 -0.0729518 0.0171564 0.9909903
1740549118.368745 -2.1290493 -1.3389140 6.4882836 0.1102013 -0.0692482 0.0174463 0.9913405
1740549118.489415 -2.1403019 -1.3322678 6.5073895 0.1112681 -0.0684044 0.0182137 0.9912661
1740549118.594570 -2.1610551 -1.3238569 6.5304213 0.1105155 -0.0660140 0.0199680 0.9914786
1740549118.713873 -2.1651185 -1.3213397 6.5430770 0.1106881 -0.0663286 0.0199782 0.9914382
1740549118.816131 -2.1616759 -1.3209333 6.5520391 0.1083489 -0.0683769 0.0201176 0.9915546
1740549118.927195 -2.1605828 -1.3247800 6.5579357 0.1059211 -0.0690494 0.0192478 0.9917875
1740549119.032366 -2.1644812 -1.3230492 6.5572410 0.1057661 -0.0666501 0.0177258 0.9919965
1740549119.135354 -2.1690485 -1.3215817 6.5645642 0.1048658 -0.0658806 0.0182062 0.9921348
1740549119.244745 -2.1646280 -1.3221505 6.5744762 0.1034614 -0.0677301 0.0168088 0.9921824
1740549119.348689 -2.1685436 -1.3217764 6.5856533 0.1019475 -0.0669281 0.0173739 0.9923838
1740549119.465381 -2.1737523 -1.3177537 6.5931859 0.1003219 -0.0662989 0.0175564 0.9925884
1740549119.566855 -2.1739285 -1.3174311 6.5929737 0.0973414 -0.0662951 0.0176278 0.9928842
1740549119.682244 -2.1745512 -1.3216374 6.5949345 0.0948399 -0.0642548 0.0161829 0.9932849
1740549119.784478 -2.1900110 -1.3248141 6.6142268 0.0944049 -0.0608172 0.0166229 0.9935355
1740549119.889431 -2.1915891 -1.3246920 6.6199675 0.0950305 -0.0593326 0.0167202 0.9935640
1740549120.000882 -2.1843534 -1.3252805 6.6229906 0.0937384 -0.0624390 0.0172813 0.9934867
1740549120.106469 -2.1774561 -1.3264834 6.6149707 0.0899034 -0.0627817 0.0154483 0.9938497
1740549120.220968 -2.1769485 -1.3285873 6.6095390 0.0873760 -0.0618636 0.0163257 0.9941186
1740549120.329859 -2.1784153 -1.3309336 6.6101208 0.0845844 -0.0611308 0.0151409 0.9944241
1740549120.434823 -2.1737652 -1.3401691 6.6110921 0.0803220 -0.0632972 0.0156860 0.9946336
1740549120.542793 -2.1674385 -1.3494793 6.6149015 0.0770659 -0.0645724 0.0132508 0.9948446
1740549120.645560 -2.1613121 -1.3507427 6.6125426 0.0746293 -0.0663958 0.0134746 0.9949073
1740549120.751925 -2.1612844 -1.3509936 6.6141109 0.0727510 -0.0661323 0.0118885 0.9950842
1740549120.861776 -2.1593738 -1.3410970 6.6322412 0.0758424 -0.0660720 0.0061599 0.9949093
1740549120.970799 -2.1646121 -1.3475182 6.6519108 0.0735624 -0.0633941 0.0050213 0.9952611
1740549121.076184 -2.1697738 -1.3583872 6.6836452 0.0711850 -0.0637106 0.0032527 0.9954211
1740549121.185215 -2.1658549 -1.3534077 6.6755595 0.0707558 -0.0646947 0.0068993 0.9953696
1740549121.294479 -2.1638830 -1.3579543 6.7031498 0.0687306 -0.0655923 0.0069907 0.9954521
1740549121.397916 -2.1581576 -1.3641372 6.7170949 0.0657286 -0.0684547 0.0071266 0.9954612
1740549121.507217 -2.1485379 -1.3667916 6.7322412 0.0642562 -0.0742052 0.0074515 0.9951428
1740549121.613373 -2.1463985 -1.3702130 6.7746434 0.0638269 -0.0769976 0.0069711 0.9949617
1740549121.724696 -2.1421649 -1.3699148 6.7990661 0.0642286 -0.0814290 0.0090521 0.9945663
1740549121.829477 -2.1303153 -1.3665007 6.8166690 0.0655757 -0.0862760 0.0102636 0.9940578
1740549121.938794 -2.1284873 -1.3698078 6.8476772 0.0654534 -0.0892334 0.0107086 0.9938001
1740549122.046909 -2.1363904 -1.3768706 6.8887844 0.0616913 -0.0900992 0.0100814 0.9939692
1740549122.150893 -2.1415913 -1.3821535 6.9504366 0.0628462 -0.0900243 0.0096298 0.9939080
1740549122.263816 -2.1518869 -1.3905692 7.0263734 0.0614916 -0.0902229 0.0099354 0.9939718
1740549122.365927 -2.1722136 -1.4026201 7.1086230 0.0587714 -0.0899372 0.0097678 0.9941639
1740549122.479465 -2.1912475 -1.4008739 7.1784902 0.0585259 -0.0897996 0.0099015 0.9941895
1740549122.581478 -2.2440243 -1.4054703 7.2442303 0.0566478 -0.0882873 0.0090730 0.9944416
1740549122.690606 -2.2567530 -1.4032949 7.3206182 0.0551821 -0.0879825 0.0091200 0.9945506
1740549122.797869 -2.2682204 -1.4016416 7.3983026 0.0537643 -0.0882556 0.0089989 0.9946051
1740549122.906460 -2.2776515 -1.3899330 7.4761596 0.0529482 -0.0885856 0.0094266 0.9946156
1740549123.021544 -2.2918282 -1.3804152 7.5579400 0.0515777 -0.0882514 0.0093275 0.9947183
1740549123.131451 -2.3064091 -1.3707616 7.6317153 0.0507939 -0.0877042 0.0100608 0.9947999
1740549123.249844 -2.3426619 -1.3706759 7.7132764 0.0495427 -0.0867232 0.0090940 0.9949583
1740549123.353846 -2.3669693 -1.3711900 7.7917829 0.0486524 -0.0851582 0.0090651 0.9951376
1740549123.470748 -2.3820186 -1.3795635 7.8725171 0.0476091 -0.0840049 0.0088424 0.9952881
1740549123.578079 -2.3836937 -1.3923689 7.9573131 0.0466694 -0.0829176 0.0089412 0.9954229
1740549123.688859 -2.3889291 -1.4061086 8.0352297 0.0464409 -0.0815339 0.0090185 0.9955472
1740549123.797318 -2.3844752 -1.4331406 8.1140223 0.0451588 -0.0794940 0.0089152 0.9957720
1740549123.902580 -2.3831313 -1.4416523 8.1971283 0.0455116 -0.0783313 0.0089658 0.9958477
1740549124.015482 -2.3927834 -1.4553176 8.2782011 0.0451478 -0.0766390 0.0089170 0.9959963
1740549124.120857 -2.4109707 -1.4651524 8.3568602 0.0451091 -0.0746119 0.0090744 0.9961506
1740549124.231776 -2.4270794 -1.4639281 8.4369497 0.0454232 -0.0730181 0.0092390 0.9962528
1740549124.336610 -2.4229138 -1.4701203 8.5194349 0.0456505 -0.0727329 0.0091985 0.9962637
1740549124.447761 -2.4422574 -1.4667563 8.5982189 0.0457739 -0.0713499 0.0090620 0.9963593
1740549124.553979 -2.4564221 -1.4631258 8.6735125 0.0456944 -0.0706067 0.0090294 0.9964162
1740549124.660469 -2.4717674 -1.4991746 8.7571487 0.0446928 -0.0693002 0.0090444 0.9965532
1740549124.772708 -2.4702582 -1.5067164 8.8392982 0.0444895 -0.0695475 0.0092072 0.9965436
1740549124.880969 -2.4855146 -1.5221850 8.9167452 0.0436861 -0.0690164 0.0089544 0.9966183
1740549125.006757 -2.4802799 -1.5308727 8.9992275 0.0430712 -0.0697347 0.0092341 0.9965926
1740549125.114806 -2.5042198 -1.5297463 9.0772800 0.0424169 -0.0699148 0.0089042 0.9966110
1740549125.224799 -2.5294714 -1.5336149 9.1552467 0.0414538 -0.0697322 0.0091880 0.9966617
1740549125.331323 -2.5417371 -1.5330366 9.2346439 0.0406132 -0.0710350 0.0089338 0.9966066
1740549125.441253 -2.5561006 -1.5586023 9.3186159 0.0378516 -0.0719270 0.0090901 0.9966500
1740549125.548423 -2.5703547 -1.5476067 9.3976660 0.0372314 -0.0733510 0.0084284 0.9965754
1740549125.653440 -2.5815749 -1.5637861 9.4768181 0.0343454 -0.0747446 0.0082789 0.9965767
1740549125.763168 -2.5778444 -1.5703763 9.5594883 0.0324145 -0.0771236 0.0082159 0.9964606
1740549125.867812 -2.5915141 -1.5707200 9.6397400 0.0304978 -0.0791262 0.0078414 0.9963672
1740549125.978870 -2.6207957 -1.5785303 9.7176065 0.0272545 -0.0809553 0.0078452 0.9963142
1740549126.192103 -2.6285553 -1.5888841 9.8812475 0.0223934 -0.0869443 0.0070662 0.9959364
1740549126.298537 -2.6665180 -1.5768312 9.9596901 0.0202318 -0.0886283 0.0063791 0.9958389
1740549126.403663 -2.6769028 -1.5773911 10.0382471 0.0173263 -0.0919216 0.0065443 0.9955940
1740549126.512592 -2.6952336 -1.5661895 10.1172152 0.0148817 -0.0946641 0.0061079 0.9953793
1740549126.618112 -2.7144816 -1.5579563 10.1929903 0.0126828 -0.0973626 0.0059124 0.9951506
1740549126.731055 -2.7399523 -1.5594426 10.2691393 0.0099737 -0.0998474 0.0054998 0.9949376
1740549126.835018 -2.7495489 -1.5620767 10.3549147 0.0074848 -0.1032488 0.0052120 0.9946138
1740549126.946184 -2.7731626 -1.5699718 10.4335670 0.0052855 -0.1061033 0.0053272 0.9943268
1740549127.053117 -2.7938335 -1.5736037 10.5127592 0.0026582 -0.1088438 0.0051631 0.9940419
1740549127.160395 -2.8254721 -1.5762522 10.5858831 0.0006301 -0.1113694 0.0045196 0.9937686
1740549127.270632 -2.8321888 -1.5676379 10.6686859 -0.0006053 -0.1148018 0.0042202 0.9933793
1740549127.377905 -2.8513203 -1.5625793 10.7515497 -0.0024897 -0.1184281 0.0041626 0.9929508
1740549127.488869 -2.8721159 -1.5571058 10.8300190 -0.0038091 -0.1215562 0.0039751 0.9925693
1740549127.594634 -2.8851221 -1.5488720 10.9094038 -0.0050170 -0.1250542 0.0035130 0.9921311
1740549127.703115 -2.9150975 -1.5499896 10.9866409 -0.0064846 -0.1280539 0.0034313 0.9917400
1740549127.810576 -2.9435165 -1.5522965 11.0649729 -0.0076919 -0.1311007 0.0037757 0.9913321
1740549127.914515 -2.9672065 -1.5536751 11.1437807 -0.0089614 -0.1345256 0.0034905 0.9908634
1740549128.025362 -2.9932437 -1.5471466 11.2193785 -0.0100594 -0.1378450 0.0032563 0.9903974
1740549128.132008 -3.0225084 -1.5528499 11.2961435 -0.0115435 -0.1411095 0.0032023 0.9899215
1740549128.252637 -3.0513451 -1.5548481 11.3743229 -0.0128663 -0.1445265 0.0029313 0.9894130
1740549128.356936 -3.0821033 -1.5565999 11.4487982 -0.0139979 -0.1476137 0.0026955 0.9889424
1740549128.471619 -3.1196504 -1.5526386 11.5229750 -0.0158877 -0.1507150 0.0025303 0.9884464
1740549128.577779 -3.1460805 -1.5551567 11.6003180 -0.0173252 -0.1540772 0.0022685 0.9879043
1740549128.691706 -3.1870024 -1.5559142 11.6658278 -0.0198630 -0.1566339 0.0023891 0.9874541
1740549128.798782 -3.2063799 -1.5503720 11.7496033 -0.0213050 -0.1604373 0.0019305 0.9868142
1740549128.903120 -3.2430947 -1.5573063 11.8237295 -0.0237670 -0.1632410 0.0013864 0.9862990
1740549129.018340 -3.2597561 -1.5521011 11.9079962 -0.0258687 -0.1669396 0.0012488 0.9856269
1740549129.120208 -3.2905653 -1.5461035 11.9805107 -0.0286516 -0.1697839 0.0008958 0.9850643
1740549129.229944 -3.3168139 -1.5444018 12.0576506 -0.0315584 -0.1728060 -0.0001392 0.9844502
1740549129.332674 -3.3473222 -1.5263209 12.1327419 -0.0341697 -0.1758415 -0.0002345 0.9838253
1740549129.443444 -3.3722439 -1.5219604 12.2070532 -0.0377701 -0.1785168 -0.0005396 0.9832115
1740549129.548162 -3.4053907 -1.5210055 12.2785206 -0.0416866 -0.1809712 -0.0013927 0.9826036
1740549129.650316 -3.4401395 -1.5135890 12.3503151 -0.0454324 -0.1835008 -0.0018876 0.9819673
1740549129.756473 -3.4714460 -1.4976511 12.4290161 -0.0489595 -0.1864382 -0.0026010 0.9812426
1740549129.859612 -3.5138900 -1.4776771 12.4983702 -0.0529976 -0.1887186 -0.0029585 0.9805956
1740549129.972323 -3.5472302 -1.4666742 12.5725565 -0.0564617 -0.1911061 -0.0037313 0.9799371
1740549130.075400 -3.5932336 -1.4585451 12.6400652 -0.0612039 -0.1928616 -0.0043846 0.9793055
1740549130.191906 -3.6191895 -1.4390701 12.7148304 -0.0646545 -0.1951579 -0.0049585 0.9786259
1740549130.290762 -3.6650360 -1.4275725 12.7820015 -0.0687108 -0.1965200 -0.0054992 0.9780738
1740549130.394722 -3.7011247 -1.4110526 12.8532438 -0.0724194 -0.1981924 -0.0059141 0.9774662
1740549130.502132 -3.7332275 -1.3963201 12.9277363 -0.0757719 -0.1996701 -0.0068177 0.9769053
1740549130.602089 -3.7656648 -1.3761370 13.0008268 -0.0788957 -0.2009266 -0.0073008 0.9763968
1740549130.707452 -3.8051012 -1.3580351 13.0685959 -0.0820281 -0.2015846 -0.0077203 0.9759997
1740549130.809945 -3.8386221 -1.3359995 13.1407471 -0.0848600 -0.2022985 -0.0084817 0.9756035
1740549130.912471 -3.8884358 -1.3192656 13.2045279 -0.0879969 -0.2020283 -0.0087819 0.9753789
1740549131.018953 -3.9139073 -1.2947288 13.2802563 -0.0899255 -0.2023053 -0.0091940 0.9751418
1740549131.122432 -3.9434590 -1.2684621 13.3524942 -0.0918668 -0.2020929 -0.0096752 0.9750002
1740549131.231783 -3.9772530 -1.2512773 13.4251814 -0.0939861 -0.2012849 -0.0104292 0.9749576
1740549131.330675 -4.0164509 -1.2290323 13.4944315 -0.0958362 -0.1999648 -0.0108719 0.9750443
1740549131.853915 -4.1571307 -1.1621711 13.8767910 -0.1034825 -0.1897907 -0.0137206 0.9762595
1740549131.967162 -4.1935964 -1.1535693 13.9492359 -0.1058521 -0.1866988 -0.0142642 0.9765938
1740549132.066083 -4.2180209 -1.1383871 14.0260887 -0.1079981 -0.1838785 -0.0147730 0.9768863
1740549132.167249 -4.2524772 -1.1369412 14.0988579 -0.1110159 -0.1804850 -0.0158623 0.9771638
1740549132.274241 -4.2830892 -1.1292081 14.1740360 -0.1140699 -0.1772300 -0.0165790 0.9773959
1740549132.375024 -4.3037558 -1.1212766 14.2535906 -0.1181958 -0.1743468 -0.0176860 0.9774048
1740549132.481707 -4.3258839 -1.1047691 14.3318291 -0.1219021 -0.1712597 -0.0188284 0.9774740
1740549132.584822 -4.3436708 -1.0823423 14.4114590 -0.1265672 -0.1686133 -0.0199634 0.9773186
1740549132.693672 -4.3577871 -1.0655284 14.4916964 -0.1321867 -0.1662697 -0.0211695 0.9769509
1740549132.796387 -4.3765879 -1.0509204 14.5674038 -0.1385857 -0.1638834 -0.0227090 0.9764326
1740549132.894961 -4.3867292 -1.0249175 14.6463900 -0.1455899 -0.1623351 -0.0239550 0.9756419
1740549133.009428 -4.4055319 -1.0065745 14.7225008 -0.1538112 -0.1609277 -0.0256509 0.9745699
1740549133.114923 -4.4248800 -0.9752461 14.7980843 -0.1618515 -0.1599312 -0.0270418 0.9733935
1740549133.221782 -4.4397745 -0.9383758 14.8742819 -0.1701594 -0.1598024 -0.0284936 0.9719553
1740549133.423965 -4.4731822 -0.8703222 15.0194492 -0.1903489 -0.1610196 -0.0316318 0.9679047
1740549133.627528 -4.5040960 -0.7700582 15.1454134 -0.2113478 -0.1646264 -0.0341274 0.9628425
1740549133.733329 -4.5301576 -0.7158587 15.2020311 -0.2219649 -0.1669022 -0.0353227 0.9600143
1740549134.048911 -4.6119299 -0.5454077 15.3580933 -0.2534380 -0.1766145 -0.0389262 0.9502954
1740549134.146941 -4.6420383 -0.4892482 15.4128323 -0.2639000 -0.1805159 -0.0397214 0.9466748
1740549134.256219 -4.6779275 -0.4357469 15.4593115 -0.2734878 -0.1841023 -0.0404263 0.9432266
1740549134.355000 -4.7129660 -0.3829098 15.5115337 -0.2826262 -0.1883192 -0.0408790 0.9396740
1740549134.458769 -4.7524161 -0.3306189 15.5608931 -0.2913807 -0.1921271 -0.0412755 0.9362055
1740549134.560603 -4.7893515 -0.2772224 15.6101894 -0.2993282 -0.1963052 -0.0417298 0.9328052
1740549134.661811 -4.8335543 -0.2274048 15.6584024 -0.3067115 -0.1999252 -0.0420384 0.9296186
1740549134.766396 -4.8757324 -0.1767933 15.7061224 -0.3135616 -0.2033699 -0.0421526 0.9265760
1740549134.865465 -4.9194112 -0.1302283 15.7559624 -0.3198687 -0.2065096 -0.0427302 0.9236947
1740549134.968805 -4.9573050 -0.0696516 15.8032742 -0.3248994 -0.2094431 -0.0423288 0.9212938
1740549135.069358 -4.9937305 -0.0148900 15.8519058 -0.3294657 -0.2120118 -0.0423092 0.9190829
1740549135.172873 -5.0318851 0.0301449 15.9010048 -0.3341188 -0.2136044 -0.0426046 0.9170184
1740549135.283329 -5.0523672 0.0945325 15.9583549 -0.3367336 -0.2160033 -0.0423950 0.9155084
1740549135.384316 -5.0755663 0.1495354 16.0111027 -0.3395633 -0.2174207 -0.0424807 0.9141228
1740549135.486875 -5.0921550 0.2072692 16.0648842 -0.3417139 -0.2185437 -0.0426363 0.9130457
1740549135.586676 -5.1115055 0.2650263 16.1233959 -0.3431373 -0.2196490 -0.0425837 0.9122488
1740549135.685736 -5.1235218 0.3220954 16.1790314 -0.3440012 -0.2204178 -0.0423857 0.9117470
1740549135.794904 -5.1422415 0.3816810 16.2321663 -0.3443891 -0.2209937 -0.0419701 0.9114804
1740549135.897135 -5.1629772 0.4397907 16.2873211 -0.3444309 -0.2216286 -0.0419309 0.9113122
1740549136.002451 -5.1877270 0.4938781 16.3459549 -0.3440598 -0.2222670 -0.0415195 0.9113157
1740549136.101882 -5.2221260 0.5432041 16.4023933 -0.3433359 -0.2226848 -0.0413055 0.9114965
1740549136.219441 -5.2644033 0.5870790 16.4520092 -0.3427747 -0.2225635 -0.0410348 0.9117495
1740549136.321259 -5.3034492 0.6340156 16.5103874 -0.3414941 -0.2230741 -0.0409475 0.9121091
1740549136.420930 -5.3407545 0.6834676 16.5630798 -0.3402683 -0.2233722 -0.0404217 0.9125177
1740549136.623936 -5.4169559 0.7866499 16.6702175 -0.3367409 -0.2242436 -0.0389907 0.9136739
1740549136.833711 -5.4982595 0.8739398 16.7849770 -0.3333355 -0.2249629 -0.0382489 0.9147766
1740549137.038627 -5.5696011 0.9726207 16.8973064 -0.3299061 -0.2255085 -0.0371859 0.9159285
1740549137.251470 -5.6308188 1.0695357 17.0140247 -0.3273529 -0.2253955 -0.0367039 0.9168914
1740549137.555219 -5.7220054 1.2145752 17.1933079 -0.3238073 -0.2245618 -0.0364544 0.9183637
1740549137.771830 -5.7908940 1.3143219 17.3075466 -0.3223223 -0.2235133 -0.0363497 0.9191458
1740549137.974969 -5.8590651 1.4132720 17.4199944 -0.3211080 -0.2217295 -0.0367500 0.9199865
1740549138.384781 -5.9587450 1.6199502 17.6549740 -0.3210744 -0.2172103 -0.0380058 0.9210247
1740549138.697433 -6.0465603 1.7711918 17.8279457 -0.3216833 -0.2141627 -0.0396516 0.9214565
1740549139.001099 -6.1351657 1.9176337 18.0062618 -0.3229661 -0.2123071 -0.0404011 0.9214045
1740549139.309858 -6.2234831 2.0696003 18.1778049 -0.3239127 -0.2114342 -0.0409920 0.9212469
1740549139.619838 -6.3063903 2.2296679 18.3459625 -0.3240073 -0.2122372 -0.0401679 0.9210653
1740549139.816271 -6.3758135 2.3278260 18.4545689 -0.3240427 -0.2131833 -0.0405702 0.9208167
1740549140.020009 -6.4248061 2.4460869 18.5642700 -0.3228125 -0.2158847 -0.0386127 0.9207035
1740549140.219418 -6.5176277 2.5471480 18.6516380 -0.3210176 -0.2178187 -0.0377840 0.9209099
1740549140.414356 -6.5730200 2.6524255 18.7658329 -0.3191034 -0.2226663 -0.0350403 0.9205242
1740549140.613862 -6.6535234 2.7492826 18.8480721 -0.3153832 -0.2267677 -0.0322668 0.9209065
1740549140.817641 -6.7295194 2.8467543 18.9665413 -0.3121320 -0.2345333 -0.0288069 0.9201837
1740549140.911887 -6.7663951 2.8959618 19.0221786 -0.3096090 -0.2388904 -0.0265674 0.9199826
1740549141.017334 -6.8141084 2.9365156 19.0608082 -0.3073192 -0.2417818 -0.0247373 0.9200460
1740549141.114789 -6.8594317 2.9795027 19.1067791 -0.3047279 -0.2459570 -0.0222330 0.9198651
1740549141.224944 -6.9055643 3.0268331 19.1582489 -0.3021396 -0.2511454 -0.0194562 0.9193797
1740549141.320734 -6.9617233 3.0657778 19.2031937 -0.3003761 -0.2555694 -0.0175321 0.9187770
1740549141.418599 -7.0120521 3.1106262 19.2472210 -0.2981486 -0.2600536 -0.0130933 0.9183182
1740549141.533528 -7.0678101 3.1417317 19.2938042 -0.2966185 -0.2649326 -0.0109710 0.9174464
1740549141.629427 -7.1286383 3.1831207 19.3337173 -0.2935951 -0.2703161 -0.0087369 0.9168723
1740549141.732939 -7.1752691 3.2214367 19.3654900 -0.2905892 -0.2751208 -0.0050105 0.9164286
1740549141.828885 -7.2070580 3.2410750 19.3829460 -0.2909346 -0.2814925 -0.0019786 0.9143933
1740549141.927206 -7.2566271 3.2541995 19.4214897 -0.2914214 -0.2878478 0.0011799 0.9122587
1740549142.033964 -7.3018823 3.2719717 19.4493046 -0.2920175 -0.2920695 0.0049638 0.9107122
1740549142.129116 -7.3402719 3.2792523 19.4755993 -0.2933514 -0.2983399 0.0072564 0.9082322
1740549142.232927 -7.4029827 3.3037860 19.4987221 -0.2926842 -0.3032753 0.0109594 0.9067745
1740549142.328842 -7.4649653 3.3306570 19.5441170 -0.2909422 -0.3086325 0.0128726 0.9055015
1740549142.427457 -7.5054512 3.3546946 19.5710373 -0.2901513 -0.3148299 0.0149477 0.9035878
1740549142.535507 -7.5497632 3.3776994 19.5939941 -0.2900085 -0.3206196 0.0185553 0.9015287
1740549142.629292 -7.5749607 3.3911190 19.6088371 -0.2907696 -0.3271697 0.0197368 0.8989013
1740549142.732876 -7.5882692 3.3960066 19.6140976 -0.2922597 -0.3321237 0.0248249 0.8964720
1740549142.828740 -7.5772929 3.3817644 19.6096382 -0.2935755 -0.3376024 0.0269346 0.8939310
1740549142.926872 -7.5820580 3.3763921 19.6180344 -0.2954004 -0.3435435 0.0276131 0.8910410
1740549143.029738 -7.6181998 3.4066157 19.6343536 -0.2951689 -0.3478404 0.0316083 0.8893162
1740549143.127556 -7.6430755 3.4216177 19.6490288 -0.2973365 -0.3531089 0.0369149 0.8863083
1740549143.237819 -7.6747665 3.4338491 19.6680336 -0.2997506 -0.3607111 0.0384075 0.8823615
1740549143.336166 -7.6993685 3.4314308 19.6883335 -0.3047224 -0.3665534 0.0392849 0.8782025
1740549143.433857 -7.7059360 3.4438109 19.6974983 -0.3054096 -0.3735048 0.0419387 0.8749059
1740549143.534025 -7.7097435 3.4422238 19.6982460 -0.3075266 -0.3775038 0.0452262 0.8722803
1740549143.633146 -7.7268705 3.4413676 19.7282906 -0.3118151 -0.3854567 0.0456645 0.8672423
1740549143.742240 -7.7657547 3.4639695 19.7514362 -0.3126739 -0.3924549 0.0482875 0.8636449
1740549143.835125 -7.7897563 3.4713912 19.7752800 -0.3165611 -0.3995691 0.0488267 0.8589235
1740549143.930180 -7.8322983 3.5021510 19.7950459 -0.3166143 -0.4055308 0.0514571 0.8559511
1740549144.034577 -7.8676796 3.5315764 19.8190918 -0.3169193 -0.4129934 0.0542669 0.8520879
1740549144.128412 -7.9000778 3.5510721 19.8453636 -0.3191244 -0.4187852 0.0566904 0.8482716
1740549144.231366 -7.9436245 3.5705571 19.8731728 -0.3202711 -0.4249998 0.0584650 0.8446203
1740549144.329624 -7.9917369 3.5912375 19.8952446 -0.3216006 -0.4309162 0.0612772 0.8409099
1740549144.425783 -8.0254278 3.6096396 19.9165421 -0.3231846 -0.4370345 0.0623123 0.8370602
1740549144.527759 -8.0577402 3.6205568 19.9383430 -0.3251694 -0.4433794 0.0638831 0.8328256
1740549144.624390 -8.0999832 3.6344850 19.9632645 -0.3267662 -0.4493978 0.0661321 0.8287895
1740549144.719829 -8.1507320 3.6523623 19.9901791 -0.3286793 -0.4544497 0.0658419 0.8252940
1740549144.824888 -8.1814957 3.6726069 20.0035210 -0.3300758 -0.4588113 0.0668485 0.8222370
1740549144.920190 -8.2169018 3.6789775 20.0229416 -0.3334098 -0.4643876 0.0665417 0.8177740
1740549145.023302 -8.2541151 3.6887002 20.0389671 -0.3359999 -0.4698996 0.0670033 0.8135164
1740549145.119442 -8.3007860 3.6980879 20.0685863 -0.3385205 -0.4751593 0.0691983 0.8092213
1740549145.216272 -8.3212490 3.7087460 20.0857258 -0.3413990 -0.4813598 0.0697624 0.8042840
1740549145.321730 -8.3590984 3.7260871 20.1148071 -0.3436531 -0.4870920 0.0714599 0.7997108
1740549145.421410 -8.4063244 3.7517011 20.1326447 -0.3453808 -0.4906823 0.0738003 0.7965528
1740549145.524386 -8.4612703 3.7683041 20.1406555 -0.3479119 -0.4928415 0.0735091 0.7941417
1740549145.620014 -8.5061932 3.7794452 20.1449776 -0.3488989 -0.4956818 0.0743606 0.7918583
1740549145.715732 -8.5409431 3.8117268 20.1612473 -0.3485137 -0.5018990 0.0773054 0.7878194
1740549145.818958 -8.5660877 3.8183737 20.1740150 -0.3511191 -0.5055964 0.0772991 0.7842910
1740549146.019634 -8.5240822 3.8080664 20.1447392 -0.3494150 -0.5042797 0.0824813 0.7853712
1740549146.117658 -8.5691099 3.8161170 20.1438427 -0.3515427 -0.5054122 0.0814772 0.7837969
1740549146.211721 -8.5962486 3.8242726 20.1465111 -0.3532130 -0.5067568 0.0821089 0.7821101
1740549146.313223 -8.6312056 3.8526101 20.1611614 -0.3536362 -0.5117828 0.0833804 0.7785034
1740549146.410652 -8.6514702 3.8611140 20.1697369 -0.3549890 -0.5151269 0.0825473 0.7757661
1740549146.516978 -8.6895256 3.8759513 20.1837158 -0.3554681 -0.5175995 0.0830421 0.7738457
1740549146.611803 -8.7028265 3.8888202 20.1854248 -0.3552052 -0.5211921 0.0839129 0.7714576
1740549146.709203 -8.7583666 3.9030318 20.1780586 -0.3567909 -0.5207809 0.0838578 0.7710093
1740549146.808975 -8.8105907 3.9138877 20.1739120 -0.3584911 -0.5197597 0.0829715 0.7710056
1740549146.905275 -8.8709145 3.9457417 20.1657753 -0.3584129 -0.5199370 0.0827751 0.7709436
1740549147.005484 -8.9034405 3.9420862 20.1658325 -0.3598382 -0.5196517 0.0822569 0.7705274
1740549147.118003 -8.9621792 3.9535983 20.1759224 -0.3618031 -0.5198764 0.0806923 0.7696205
1740549147.216041 -8.9843407 3.9646182 20.1704712 -0.3639033 -0.5184464 0.0802479 0.7696415
1740549147.320997 -9.0148506 3.9741764 20.1849022 -0.3677322 -0.5181521 0.0792356 0.7681231
1740549147.419025 -9.0603638 3.9865637 20.1909828 -0.3682386 -0.5190100 0.0783888 0.7673879
1740549147.524596 -9.1042862 4.0112991 20.1887398 -0.3680860 -0.5189572 0.0788669 0.7674478
1740549147.619519 -9.1453390 4.0271749 20.1838684 -0.3700961 -0.5170556 0.0772891 0.7679250
1740549147.713788 -9.1758442 4.0395174 20.1810188 -0.3715887 -0.5175394 0.0771274 0.7668939
1740549147.812451 -9.2121372 4.0631461 20.2128983 -0.3732689 -0.5201054 0.0780491 0.7642442
1740549147.908174 -9.2527876 4.1009121 20.2302094 -0.3738754 -0.5220749 0.0775837 0.7626505
1740549148.010894 -9.3122959 4.1371694 20.2609024 -0.3748227 -0.5219380 0.0771299 0.7623252
1740549148.107091 -9.3618183 4.1573105 20.2674217 -0.3770094 -0.5219755 0.0761506 0.7613190
1740549148.201573 -9.4085350 4.1918364 20.2553062 -0.3767156 -0.5206664 0.0763155 0.7623436
1740549148.304168 -9.4463034 4.2042117 20.2540970 -0.3785579 -0.5183170 0.0757375 0.7630893
1740549148.399598 -9.4954348 4.2371407 20.2479057 -0.3780687 -0.5185391 0.0754092 0.7632135
1740549148.497836 -9.5245743 4.2648325 20.2627487 -0.3793794 -0.5197316 0.0754608 0.7617454
1740549148.594221 -9.5560141 4.2807751 20.2723770 -0.3814266 -0.5193852 0.0731347 0.7611859
1740549148.688622 -9.5975714 4.3007116 20.2521019 -0.3813120 -0.5165083 0.0731277 0.7631990
1740549148.785482 -9.6600571 4.3223357 20.2635670 -0.3842952 -0.5163431 0.0714950 0.7619681
1740549148.879812 -9.7116470 4.3554955 20.2749901 -0.3850507 -0.5163261 0.0707682 0.7616660
1740549148.979693 -9.7799568 4.3899994 20.2842579 -0.3864937 -0.5154502 0.0700144 0.7615981
1740549149.078056 -9.8267441 4.4296541 20.3122711 -0.3886940 -0.5152636 0.0691756 0.7606807
1740549149.179826 -9.8821096 4.4449320 20.3302460 -0.3926104 -0.5137730 0.0664715 0.7599185
1740549149.283592 -9.9462337 4.4828939 20.3476677 -0.3948636 -0.5122643 0.0653339 0.7598681
1740549149.380538 -9.9836102 4.5128603 20.3395119 -0.3949509 -0.5099399 0.0656688 0.7613558
1740549149.484184 -10.0224619 4.5536327 20.3298779 -0.3932811 -0.5097190 0.0646256 0.7624567
1740549149.581177 -10.0650587 4.5623693 20.3432522 -0.3962239 -0.5074170 0.0616627 0.7627138
1740549149.676448 -10.1094131 4.5833693 20.3522358 -0.3977635 -0.5052025 0.0589164 0.7635990
1740549149.777166 -10.1532984 4.6000700 20.3531609 -0.4002462 -0.5017701 0.0567657 0.7647270
1740549149.871306 -10.2000370 4.6398721 20.3445587 -0.4001028 -0.5006248 0.0562300 0.7655917
1740549149.967124 -10.2237034 4.6506400 20.3490753 -0.4043333 -0.4979975 0.0556519 0.7651248
1740549150.071241 -10.2273264 4.6529717 20.3514557 -0.4052464 -0.4954100 0.0521884 0.7665642
1740549150.169584 -10.2369442 4.6667957 20.3531570 -0.4050205 -0.4951358 0.0508320 0.7669518
1740549150.273779 -10.2927971 4.6965580 20.3621445 -0.4082138 -0.4929181 0.0487270 0.7668239
1740549150.369635 -10.3069668 4.7041750 20.3703098 -0.4097150 -0.4929087 0.0472120 0.7661238
1740549150.462711 -10.3083897 4.7070017 20.3749542 -0.4117791 -0.4915919 0.0450444 0.7659938
1740549150.561388 -10.3192730 4.7086420 20.3741608 -0.4133947 -0.4899461 0.0413418 0.7663866
1740549150.655398 -10.3188925 4.7085137 20.3741035 -0.4144562 -0.4887651 0.0408654 0.7665930
1740549150.757512 -10.3160200 4.7064233 20.3678970 -0.4132470 -0.4887212 0.0373476 0.7674527
1740549150.850542 -10.2953997 4.7015181 20.3664970 -0.4124618 -0.4898034 0.0362917 0.7672358
1740549150.943638 -10.2963009 4.6986666 20.3690491 -0.4149113 -0.4890256 0.0323542 0.7665871
1740549151.044207 -10.2903061 4.6950245 20.3695087 -0.4157703 -0.4897786 0.0292953 0.7657635
1740549151.139069 -10.3042183 4.7077341 20.3681107 -0.4155691 -0.4898971 0.0285065 0.7658267
1740549151.237400 -10.3154812 4.7174759 20.3587875 -0.4198812 -0.4873889 0.0303983 0.7650019
1740549151.337283 -10.3321762 4.7360234 20.3556156 -0.4191645 -0.4886302 0.0309779 0.7645797
1740549151.432378 -10.3631020 4.7667003 20.3534393 -0.4198974 -0.4894621 0.0333100 0.7635466
1740549151.534129 -10.3997688 4.7881317 20.3624954 -0.4219667 -0.4927077 0.0320277 0.7603666
1740549151.626552 -10.4046917 4.7822204 20.3616962 -0.4260296 -0.4920311 0.0297703 0.7586290
1740549151.720597 -10.4256086 4.7899418 20.3640518 -0.4286765 -0.4928839 0.0265751 0.7567005
1740549151.827903 -10.4191856 4.7879186 20.3575859 -0.4282317 -0.4942468 0.0231269 0.7561765
1740549151.922681 -10.4253836 4.7947178 20.3662834 -0.4313883 -0.4956143 0.0249704 0.7534236
1740549152.027762 -10.4291945 4.8053317 20.3607903 -0.4300076 -0.4983554 0.0214539 0.7525125
1740549152.121591 -10.4142971 4.7851048 20.3550568 -0.4335260 -0.4979997 0.0193464 0.7507845
1740549152.215343 -10.4092846 4.7676897 20.3455849 -0.4352915 -0.4979827 0.0160705 0.7498509
1740549152.315523 -10.3828440 4.7206850 20.3523865 -0.4434422 -0.4955462 0.0165271 0.7466726
1740549152.412139 -10.3957911 4.7196379 20.3532219 -0.4496385 -0.4948367 0.0176534 0.7434045
1740549152.513373 -10.3871746 4.7161446 20.3528404 -0.4539098 -0.4941077 0.0198451 0.7412352
1740549152.610608 -10.3752060 4.7171931 20.3590088 -0.4566392 -0.4958088 0.0210871 0.7383831
1740549152.705400 -10.3728504 4.7167530 20.3564262 -0.4562770 -0.4974368 0.0179692 0.7375941
1740549152.809672 -10.3759661 4.7188754 20.3577423 -0.4594847 -0.4976261 0.0180095 0.7354711
1740549152.904751 -10.3828487 4.7188206 20.3551540 -0.4633111 -0.4959917 0.0131065 0.7342774
1740549153.007737 -10.4264297 4.7373171 20.3569050 -0.4672853 -0.4951479 0.0116484 0.7323506
1740549153.101718 -10.4299822 4.7299767 20.3603725 -0.4718732 -0.4932248 0.0088890 0.7307434
1740549153.195200 -10.4254532 4.7293534 20.3606834 -0.4726521 -0.4939427 0.0063426 0.7297810
1740549153.296091 -10.4638596 4.7426362 20.3603783 -0.4722696 -0.4930663 0.0042407 0.7306362
1740549153.390643 -10.5122747 4.7636566 20.3523102 -0.4742954 -0.4912234 0.0015279 0.7305759
1740549153.501761 -10.5713644 4.7838192 20.3472900 -0.4761592 -0.4897114 -0.0014865 0.7303786
1740549153.597249 -10.6251907 4.8178163 20.3412971 -0.4746691 -0.4905542 -0.0035129 0.7307761
1740549153.693711 -10.6788778 4.8453207 20.3349419 -0.4761310 -0.4897227 -0.0054664 0.7303705
1740549153.797148 -10.7136230 4.8730483 20.3215714 -0.4752081 -0.4890640 -0.0068602 0.7314005
1740549153.893286 -10.7645874 4.9050059 20.3103867 -0.4747330 -0.4881752 -0.0091304 0.7322774
1740549154.002474 -10.8237438 4.9361858 20.3137627 -0.4749589 -0.4879661 -0.0114985 0.7322370
1740549154.097127 -10.8828936 4.9688635 20.3074188 -0.4743559 -0.4882099 -0.0127478 0.7324446
1740549154.193021 -10.9317646 4.9946203 20.2987862 -0.4752412 -0.4866836 -0.0148059 0.7328476
1740549154.293711 -10.9798956 5.0235000 20.2942333 -0.4762771 -0.4856128 -0.0164530 0.7328504
1740549154.388651 -11.0291519 5.0578885 20.2946911 -0.4750362 -0.4860109 -0.0186772 0.7333384
1740549154.485388 -11.0754776 5.0886540 20.2904358 -0.4750768 -0.4845949 -0.0201418 0.7342099
1740549154.586693 -11.1208134 5.1261835 20.2828255 -0.4732597 -0.4851898 -0.0197528 0.7350007
1740549154.679709 -11.1689558 5.1547699 20.2831116 -0.4742071 -0.4849232 -0.0211642 0.7345265
1740549154.782305 -11.2098303 5.1828260 20.2773438 -0.4726222 -0.4846933 -0.0224555 0.7356605
1740549154.878308 -11.2719316 5.2212996 20.2759094 -0.4726206 -0.4853658 -0.0236462 0.7351807
1740549154.972628 -11.3396292 5.2670207 20.2751503 -0.4725406 -0.4863856 -0.0234965 0.7345628
1740549155.073535 -11.4038153 5.3072834 20.2767067 -0.4739501 -0.4876050 -0.0235427 0.7328427
1740549155.166376 -11.4668694 5.3428373 20.2814560 -0.4750124 -0.4883006 -0.0229751 0.7317089
1740549155.269526 -11.5312452 5.3799496 20.2822113 -0.4749208 -0.4897811 -0.0228869 0.7307810
1740549155.363893 -11.5746088 5.4082937 20.2916412 -0.4762455 -0.4923351 -0.0224993 0.7282102
1740549155.461140 -11.6295261 5.4392204 20.2933464 -0.4760075 -0.4937489 -0.0223677 0.7274122
1740549155.564562 -11.6943951 5.4760413 20.2939377 -0.4760867 -0.4942708 -0.0219729 0.7270179
1740549155.661304 -11.7624855 5.5219736 20.2944756 -0.4754955 -0.4961414 -0.0210919 0.7261563
1740549155.762348 -11.8078651 5.5533848 20.2945862 -0.4747740 -0.4975790 -0.0190864 0.7257000
1740549155.858957 -11.8555641 5.5871224 20.2930908 -0.4739527 -0.4986303 -0.0178568 0.7255465
1740549155.954877 -11.8968954 5.6141019 20.2968636 -0.4741162 -0.5005328 -0.0167734 0.7241542
1740549156.055189 -11.9271879 5.6646829 20.3081284 -0.4725273 -0.5027222 -0.0127192 0.7237586
1740549156.151120 -11.9771709 5.7233353 20.3115425 -0.4704277 -0.5043910 -0.0108806 0.7239953
1740549156.254935 -11.9964247 5.7567649 20.3202858 -0.4693477 -0.5066181 -0.0078637 0.7231798
1740549156.349517 -12.0252771 5.7652225 20.3215370 -0.4691382 -0.5053437 -0.0098647 0.7241822
1740549156.446611 -12.0625849 5.7882724 20.3226891 -0.4685339 -0.5055672 -0.0100172 0.7244152
1740549156.549882 -12.1059933 5.8191047 20.3202152 -0.4656547 -0.5046209 -0.0100825 0.7269264
1740549156.646035 -12.1171951 5.8361754 20.3142090 -0.4630026 -0.5035504 -0.0087024 0.7293764
1740549156.744613 -12.1250334 5.8404489 20.3238144 -0.4642764 -0.5049364 -0.0084047 0.7276098
1740549156.847230 -12.1268778 5.8449755 20.3315239 -0.4632024 -0.5062513 -0.0092285 0.7273706
1740549156.944763 -12.1374044 5.8506303 20.3320465 -0.4618220 -0.5059978 -0.0100056 0.7284138
1740549157.046968 -12.1422253 5.8540096 20.3378639 -0.4617144 -0.5066086 -0.0109735 0.7280434
1740549157.142457 -12.1598158 5.8717837 20.3384781 -0.4599118 -0.5050774 -0.0076794 0.7302870
1740549157.238728 -12.1684713 5.8771281 20.3358002 -0.4582138 -0.5040100 -0.0094870 0.7320684
1740549157.346623 -12.1802702 5.8878579 20.3362656 -0.4555624 -0.5029801 -0.0099273 0.7344218
1740549157.442645 -12.1851625 5.8912435 20.3355217 -0.4534202 -0.5013345 -0.0107860 0.7368565
1740549157.546614 -12.1847029 5.8961830 20.3403244 -0.4526796 -0.5014534 -0.0103174 0.7372376
1740549157.641732 -12.1973076 5.8958473 20.3399944 -0.4527694 -0.4995292 -0.0103401 0.7384873
1740549157.737886 -12.2046413 5.9007792 20.3367805 -0.4510159 -0.4976457 -0.0101009 0.7408316
1740549157.847641 -12.2145309 5.9120603 20.3378792 -0.4473210 -0.4972669 -0.0107058 0.7433134
1740549157.945290 -12.2253513 5.9164891 20.3393288 -0.4480301 -0.4951075 -0.0099738 0.7443374
1740549158.048167 -12.2317305 5.9170566 20.3392639 -0.4475729 -0.4928099 -0.0095523 0.7461405
1740549158.145490 -12.2410202 5.9254055 20.3312244 -0.4441348 -0.4907275 -0.0098830 0.7495553
1740549158.241773 -12.2420912 5.9496841 20.3305511 -0.4374470 -0.4913686 -0.0070948 0.7530915
1740549158.345735 -12.2531967 5.9567938 20.3226509 -0.4369014 -0.4882785 -0.0051508 0.7554301
1740549158.441410 -12.2616138 5.9622555 20.3247490 -0.4369220 -0.4875780 -0.0042341 0.7558764
1740549158.542881 -12.2689199 5.9604778 20.3254089 -0.4392463 -0.4849294 -0.0022844 0.7562413
1740549158.736259 -12.2699213 5.9658637 20.3311558 -0.4384094 -0.4849544 0.0005837 0.7567140
1740549158.840818 -12.2780704 5.9650874 20.3304272 -0.4385832 -0.4822581 0.0000691 0.7583349
1740549158.940563 -12.2844734 5.9663935 20.3298187 -0.4364932 -0.4810744 -0.0015615 0.7602885
1740549159.042939 -12.2819719 5.9738278 20.3369789 -0.4359046 -0.4833021 0.0014425 0.7592129
1740549159.139765 -12.2834778 5.9804955 20.3503284 -0.4368518 -0.4865360 0.0031891 0.7565930
1740549159.235657 -12.2870502 5.9842243 20.3591118 -0.4346372 -0.4891281 -0.0008343 0.7562034
1740549159.339975 -12.2928476 5.9905977 20.3628635 -0.4346775 -0.4889942 -0.0007963 0.7562668
1740549159.436825 -12.2934914 5.9979811 20.3653755 -0.4313379 -0.4883353 0.0040111 0.7585909
1740549159.539426 -12.3033609 6.0038300 20.3671799 -0.4304945 -0.4873873 0.0045385 0.7596759
1740549159.638810 -12.3116341 6.0056825 20.3696136 -0.4327720 -0.4849326 0.0046642 0.7599519
1740549159.736955 -12.3209705 6.0072989 20.3692932 -0.4343154 -0.4817937 0.0006387 0.7610812
1740549159.841470 -12.3348560 6.0107083 20.3670387 -0.4311260 -0.4795581 0.0017706 0.7642980
1740549159.940899 -12.3354931 6.0115223 20.3649940 -0.4292121 -0.4775400 -0.0011219 0.7666364
1740549160.043730 -12.3728228 6.0141973 20.3608322 -0.4284063 -0.4729487 -0.0039242 0.7699170
1740549160.140900 -12.4163055 6.0181627 20.3567810 -0.4297274 -0.4691402 -0.0067806 0.7714894
1740549160.239685 -12.4721718 6.0212064 20.3511467 -0.4305467 -0.4640886 -0.0089736 0.7740612
1740549160.344797 -12.5283642 6.0694475 20.3660660 -0.4285179 -0.4634583 -0.0095995 0.7755557
1740549160.442555 -12.5983362 6.0769434 20.3650379 -0.4306979 -0.4598442 -0.0116383 0.7764710
1740549160.545527 -12.6596050 6.0884008 20.3648872 -0.4312470 -0.4559374 -0.0137267 0.7784336
1740549160.643450 -12.7115078 6.1210904 20.3780861 -0.4304392 -0.4540060 -0.0146300 0.7799915
1740549160.739986 -12.7770767 6.1660433 20.3960266 -0.4298792 -0.4528177 -0.0141008 0.7810001
1740549160.848830 -12.8222923 6.2007775 20.4206772 -0.4281923 -0.4510170 -0.0155438 0.7829390
1740549160.946728 -12.8742247 6.2491455 20.4486961 -0.4264744 -0.4503875 -0.0161100 0.7842265
1740549161.049689 -12.9366732 6.2991657 20.4683552 -0.4250487 -0.4492977 -0.0158462 0.7856297
1740549161.149570 -12.9929752 6.3580503 20.4912682 -0.4233855 -0.4489349 -0.0151054 0.7867491
1740549161.257564 -13.0457430 6.4167871 20.5073872 -0.4210564 -0.4479858 -0.0141096 0.7885564
1740549161.358096 -13.1004181 6.4688759 20.5349083 -0.4198941 -0.4473945 -0.0139821 0.7895135
1740549161.457144 -13.1565981 6.5166006 20.5564499 -0.4188738 -0.4460483 -0.0142879 0.7908107
1740549161.560953 -13.2170401 6.5742455 20.5768890 -0.4165062 -0.4455572 -0.0132469 0.7923546
1740549161.664632 -13.2734833 6.6287618 20.5991974 -0.4149945 -0.4447010 -0.0126614 0.7936374
1740549161.868349 -13.3823385 6.7364078 20.6491432 -0.4112858 -0.4432061 -0.0114941 0.7964172
1740549162.075809 -13.5012493 6.8430047 20.6982269 -0.4074894 -0.4421850 -0.0097922 0.7989549
1740549162.173817 -13.5524540 6.8977513 20.7340050 -0.4058776 -0.4419139 -0.0088701 0.7999355
1740549162.376641 -13.6709557 6.9960356 20.7903748 -0.4020560 -0.4415435 -0.0069513 0.8020860
1740549162.579718 -13.7828007 7.1086907 20.8260040 -0.3969254 -0.4411269 -0.0050665 0.8048799
1740549162.784577 -13.9059849 7.2051897 20.8831062 -0.3935458 -0.4414763 -0.0029148 0.8063571
1740549162.985258 -14.0174828 7.3136244 20.9295540 -0.3895336 -0.4417723 -0.0004303 0.8081464
1740549163.188719 -14.1422291 7.4110398 20.9717827 -0.3858640 -0.4415593 0.0013024 0.8100202
1740549163.391893 -14.2640591 7.5042419 21.0225983 -0.3821979 -0.4424548 0.0035848 0.8112618
1740549163.596434 -14.3866310 7.5907650 21.0845661 -0.3801894 -0.4429656 0.0050091 0.8119190
1740549163.701729 -14.4507675 7.6353235 21.1078072 -0.3788377 -0.4429468 0.0056175 0.8125568
1740549163.807844 -14.5160198 7.6773505 21.1304054 -0.3779790 -0.4429919 0.0058998 0.8129300
1740549164.015076 -14.6367712 7.7676439 21.1818218 -0.3773148 -0.4425416 0.0072404 0.8134728
1740549164.114975 -14.6914234 7.8091879 21.2048340 -0.3763472 -0.4420187 0.0071638 0.8142057
1740549164.328689 -14.8043032 7.9225178 21.2518387 -0.3764365 -0.4412684 0.0069279 0.8145733
1740549164.427706 -14.8545742 7.9787498 21.2803211 -0.3769662 -0.4412062 0.0065569 0.8143651
1740549164.631567 -14.9776258 8.0776701 21.3296566 -0.3765560 -0.4413185 0.0064128 0.8144953
1740549164.730246 -15.0224209 8.1398287 21.3525124 -0.3768003 -0.4409417 0.0064452 0.8145860
1740549164.834119 -15.0591927 8.2067480 21.3844147 -0.3773433 -0.4415703 0.0056209 0.8140001
1740549164.935653 -15.1065969 8.2567577 21.4043884 -0.3767575 -0.4408008 0.0050572 0.8146919
1740549165.044164 -15.1689568 8.3076591 21.4326897 -0.3772602 -0.4412084 0.0053911 0.8142363
1740549165.243463 -15.3035717 8.3768873 21.4843616 -0.3773606 -0.4407849 0.0051175 0.8144210
1740549165.348312 -15.3505363 8.4418459 21.5084743 -0.3769993 -0.4410186 0.0057241 0.8144577
1740549165.448211 -15.4163733 8.4820042 21.5368347 -0.3768164 -0.4412840 0.0059431 0.8143970
1740549165.655652 -15.5345726 8.5888567 21.5836430 -0.3746212 -0.4418998 0.0072373 0.8150651
1740549165.761869 -15.5963850 8.6338081 21.6119232 -0.3738348 -0.4422694 0.0080912 0.8152177
1740549165.871648 -15.6519413 8.6893339 21.6403046 -0.3729206 -0.4429266 0.0089637 0.8152704
1740549166.090395 -15.7836590 8.7747335 21.6918926 -0.3710045 -0.4425684 0.0104459 0.8163209
1740549166.192256 -15.8453503 8.8148241 21.7246056 -0.3697992 -0.4427127 0.0106884 0.8167862
1740549166.398386 -15.9647732 8.9162712 21.7790623 -0.3669580 -0.4424750 0.0121524 0.8181748
1740549166.499887 -16.0305271 8.9562092 21.8093033 -0.3658657 -0.4423693 0.0125926 0.8187143
1740549166.607823 -16.0924263 9.0005569 21.8371906 -0.3643231 -0.4418912 0.0131416 0.8196513
1740549166.709823 -16.1580009 9.0383577 21.8664398 -0.3635318 -0.4410848 0.0130603 0.8204378
1740549166.915012 -16.2884941 9.1250429 21.9164162 -0.3613520 -0.4383737 0.0130409 0.8228506
1740549167.024889 -16.3483696 9.1725368 21.9513016 -0.3609720 -0.4369693 0.0127207 0.8237690
1740549167.124330 -16.4040356 9.2214193 21.9845352 -0.3602591 -0.4352652 0.0125912 0.8249843
1740549167.224505 -16.4679432 9.2662067 22.0072231 -0.3596219 -0.4327879 0.0121065 0.8265713
1740549167.341180 -16.5263996 9.3149157 22.0369949 -0.3590702 -0.4308259 0.0114294 0.8278449
1740549167.441819 -16.5825214 9.3682709 22.0656204 -0.3589216 -0.4280753 0.0104781 0.8293474
1740549167.653291 -16.6715069 9.4782867 22.1456451 -0.3585882 -0.4242998 0.0092925 0.8314433
1740549167.877491 -16.7804680 9.5848894 22.2078667 -0.3588671 -0.4181825 0.0067598 0.8344412
1740549168.095162 -16.8841591 9.6902885 22.2882595 -0.3593394 -0.4131905 0.0042675 0.8367380
1740549168.300932 -16.9947338 9.7831154 22.3577461 -0.3594682 -0.4073598 0.0018493 0.8395459
1740549168.513672 -17.1068954 9.8836441 22.4283447 -0.3597278 -0.4020246 -0.0009743 0.8420043
1740549168.734360 -17.1967773 9.9971914 22.5055351 -0.3598736 -0.3973256 -0.0031243 0.8441645
1740549168.955288 -17.3068447 10.0933857 22.5789604 -0.3599306 -0.3931426 -0.0047269 0.8460889
1740549169.167912 -17.4285202 10.1731997 22.6497765 -0.3594349 -0.3893788 -0.0062736 0.8480280
1740549169.383755 -17.5230827 10.2823668 22.7263527 -0.3583756 -0.3865666 -0.0069153 0.8497561
1740549170.022767 -17.8206253 10.6061773 22.9531479 -0.3524876 -0.3822185 -0.0063842 0.8541785
1740549170.454929 -18.0283566 10.8053217 23.1103439 -0.3455833 -0.3826056 -0.0026216 0.8568420
1740549170.864509 -18.2502022 10.9910994 23.2647552 -0.3358390 -0.3844296 0.0030053 0.8598937
1740549171.078059 -18.3686638 11.0749130 23.3425140 -0.3305231 -0.3856555 0.0058604 0.8613884
1740549171.275447 -18.4808044 11.1597767 23.4307671 -0.3249880 -0.3875244 0.0085221 0.8626326
1740549171.488793 -18.5966682 11.2441177 23.5104065 -0.3187944 -0.3885323 0.0120585 0.8644463
1740549171.693776 -18.7174416 11.3112688 23.5943069 -0.3138349 -0.3896718 0.0144462 0.8657106
1740549171.802422 -18.7729187 11.3522682 23.6358032 -0.3108003 -0.3899652 0.0161332 0.8666430
1740549171.906413 -18.8245087 11.3967180 23.6813202 -0.3080665 -0.3907641 0.0176109 0.8672302
1740549172.005557 -18.8826866 11.4316349 23.7284203 -0.3054779 -0.3911830 0.0187856 0.8679321
1740549172.109108 -18.9378567 11.4742708 23.7730598 -0.3026617 -0.3916692 0.0204123 0.8686625
1740549172.211613 -18.9976330 11.5163479 23.8116341 -0.2996699 -0.3918070 0.0218372 0.8696024
1740549172.315037 -19.0566444 11.5566235 23.8485069 -0.2970340 -0.3922355 0.0230141 0.8702830
1740549172.417300 -19.1147175 11.5921240 23.8970928 -0.2950247 -0.3928922 0.0243184 0.8706347
1740549172.516876 -19.1689606 11.6347961 23.9411964 -0.2926446 -0.3933460 0.0258949 0.8711874
1740549172.619877 -19.2303162 11.6780834 23.9792061 -0.2896400 -0.3934694 0.0264959 0.8721173
1740549172.721771 -19.2855453 11.7093163 24.0261574 -0.2878224 -0.3940143 0.0279892 0.8724263
1740549172.830932 -19.3465977 11.7381277 24.0685959 -0.2859872 -0.3940784 0.0290844 0.8729649
1740549173.038378 -19.4612751 11.8147411 24.1557102 -0.2817235 -0.3951637 0.0310457 0.8737927
1740549173.239852 -19.5832424 11.8833103 24.2466259 -0.2778049 -0.3952050 0.0331755 0.8749496
1740549173.352967 -19.6389675 11.9210930 24.2916527 -0.2752740 -0.3957000 0.0344841 0.8754751
1740549173.457603 -19.6895847 11.9554510 24.3387241 -0.2740569 -0.3965265 0.0348647 0.8754679
1740549173.561118 -19.7522430 11.9915314 24.3811169 -0.2722625 -0.3963926 0.0356780 0.8760555
1740549173.662642 -19.8098679 12.0225658 24.4254227 -0.2707269 -0.3966973 0.0369256 0.8763416
1740549173.761559 -19.8684692 12.0571012 24.4629898 -0.2685496 -0.3970444 0.0378017 0.8768169
1740549173.869921 -19.9251308 12.0823412 24.5122643 -0.2675702 -0.3975869 0.0392044 0.8768089
1740549173.971825 -19.9848785 12.1102343 24.5589790 -0.2667034 -0.3974050 0.0398700 0.8771254
1740549174.081385 -20.0362492 12.1516705 24.6013794 -0.2640060 -0.3982040 0.0406244 0.8775443
1740549174.182139 -20.0945053 12.1821165 24.6538010 -0.2628031 -0.3978483 0.0419021 0.8780066
1740549174.289624 -20.1403542 12.2230968 24.7036304 -0.2605599 -0.3990985 0.0426291 0.8780727
1740549174.391757 -20.2001629 12.2458820 24.7452927 -0.2591744 -0.3989898 0.0437697 0.8784760
1740549174.490930 -20.2572422 12.2742281 24.7841225 -0.2572613 -0.3992728 0.0445760 0.8788691
1740549174.596495 -20.3181190 12.3041410 24.8267326 -0.2552543 -0.3990723 0.0456406 0.8794905
1740549174.695953 -20.3828545 12.3319216 24.8627396 -0.2536291 -0.3989035 0.0460851 0.8800139
1740549174.801366 -20.4452152 12.3566341 24.9045448 -0.2524568 -0.3987216 0.0467118 0.8804003
1740549174.903376 -20.5004234 12.3820753 24.9525509 -0.2509283 -0.3990271 0.0481305 0.8806224
1740549175.005487 -20.5523605 12.4122171 24.9915123 -0.2484659 -0.3997679 0.0493978 0.8809144
1740549175.111192 -20.6014023 12.4406900 25.0377350 -0.2464439 -0.4006130 0.0508667 0.8810149
1740549175.212609 -20.6551800 12.4818001 25.0719910 -0.2426204 -0.4015492 0.0505860 0.8816658
1740549175.412729 -20.7808132 12.5028696 25.1888828 -0.2436730 -0.3994603 0.0561954 0.8819848
1740549175.811897 -21.0438786 12.5916691 25.3988075 -0.2404583 -0.3954719 0.0617550 0.8842896
1740549176.015663 -21.1600609 12.6408920 25.4992867 -0.2368048 -0.3949989 0.0640281 0.8853247
1740549176.317327 -21.3378143 12.7244167 25.6580448 -0.2322581 -0.3933708 0.0673710 0.8870044
1740549176.513169 -21.3952522 12.7687855 25.7527733 -0.2255260 -0.3992265 0.0751094 0.8855026
1740549176.812062 -21.4863091 12.8437519 25.9199963 -0.2205743 -0.4081339 0.0817329 0.8820961
1740549177.111322 -21.5402279 12.9119473 26.0466805 -0.2119066 -0.4236899 0.0894714 0.8761149
1740549177.211850 -21.5673790 12.9268255 26.0921135 -0.2113271 -0.4280437 0.0909423 0.8739845
1740549177.610659 -21.5673466 12.9190006 26.0763321 -0.2075344 -0.4191715 0.0835903 0.8799076
1740549177.808434 -21.5735168 12.9226770 26.0793037 -0.2059171 -0.4167993 0.0830961 0.8814599
1740549177.912045 -21.5705662 12.9226036 26.0743484 -0.2063690 -0.4141347 0.0848134 0.8824461
1740549178.006271 -21.5813618 12.9223089 26.0813942 -0.2061826 -0.4130900 0.0830607 0.8831457
1740549178.111310 -21.5862732 12.9238358 26.0840836 -0.2067193 -0.4106949 0.0849964 0.8839527
1740549178.310115 -21.5905514 12.9247980 26.0831146 -0.2067472 -0.4062749 0.0870189 0.8857901
1740549178.404510 -21.6040039 12.9262047 26.0937958 -0.2086693 -0.4039466 0.0869795 0.8864079
1740549178.502657 -21.6097126 12.9273996 26.0967140 -0.2076629 -0.4023701 0.0872438 0.8873348
1740549178.605654 -21.6106682 12.9266644 26.0983772 -0.2081199 -0.4007457 0.0862948 0.8880553
1740549178.814891 -21.6249428 12.9257174 26.1084099 -0.2084503 -0.3982617 0.0783081 0.8898336
1740549178.910666 -21.6221657 12.9271746 26.1061764 -0.2079616 -0.3973070 0.0787712 0.8903338
1740549179.009169 -21.6309376 12.9275551 26.1136017 -0.2093088 -0.3943545 0.0757991 0.8915879
1740549179.126274 -21.6335201 12.9288893 26.1167564 -0.2087710 -0.3925976 0.0771101 0.8923765
1740549179.221089 -21.6346512 12.9294882 26.1179848 -0.2090448 -0.3922334 0.0784944 0.8923519
1740549179.325730 -21.6387901 12.9309435 26.1212234 -0.2088072 -0.3901210 0.0777809 0.8933954
1740549179.421027 -21.6370831 12.9285173 26.1190548 -0.2078695 -0.3879600 0.0780781 0.8945284
1740549179.519505 -21.6415272 12.9293346 26.1241913 -0.2054161 -0.3878360 0.0742140 0.8954774
1740549179.628930 -21.6466732 12.9297409 26.1278419 -0.2070528 -0.3861464 0.0778883 0.8955186
1740549179.723110 -21.6545830 12.9321918 26.1366158 -0.2080123 -0.3842162 0.0766155 0.8962359
1740549179.827581 -21.6605110 12.9360256 26.1419830 -0.2061683 -0.3840187 0.0745784 0.8969182
1740549180.025684 -21.6693802 12.9369812 26.1481972 -0.2066944 -0.3834929 0.0735698 0.8971054
1740549180.131899 -21.6635303 12.9365778 26.1508274 -0.2072614 -0.3863288 0.0738293 0.8957354
1740549180.228218 -21.6735630 12.9413252 26.1622276 -0.2075617 -0.3865725 0.0722632 0.8956885
1740549180.328742 -21.6849537 12.9479742 26.1752396 -0.2060824 -0.3857200 0.0705001 0.8965377
1740549180.429969 -21.6969891 12.9528170 26.1875916 -0.2063490 -0.3864332 0.0710067 0.8961293
1740549180.524588 -21.7029533 12.9556665 26.1940079 -0.2049862 -0.3863836 0.0697804 0.8965596
1740549180.628313 -21.7074623 12.9581242 26.1982040 -0.2049328 -0.3844990 0.0714204 0.8972526
1740549180.726061 -21.7248535 12.9633989 26.2298374 -0.2073496 -0.3877607 0.0705081 0.8953639
1740549180.827017 -21.7419853 12.9735508 26.2580738 -0.2085699 -0.3906422 0.0712683 0.8937663
1740549180.923781 -21.7634544 12.9888239 26.2968788 -0.2086094 -0.3942289 0.0731885 0.8920253
1740549181.020723 -21.7693863 12.9952612 26.3040810 -0.2067660 -0.3941305 0.0757516 0.8922840
1740549181.130305 -21.7708321 12.9948359 26.3060989 -0.2072024 -0.3923545 0.0751160 0.8930188
1740549181.226513 -21.7732010 12.9969273 26.3087502 -0.2055373 -0.3905767 0.0742695 0.8942530
1740549181.330814 -21.7771149 12.9963140 26.3115997 -0.2050790 -0.3908203 0.0744836 0.8942339
1740549181.427679 -21.7813625 13.0027437 26.3191414 -0.2043580 -0.3918528 0.0736892 0.8940129
1740549181.524446 -21.7807655 13.0100222 26.2962074 -0.2025008 -0.3881830 0.0753557 0.8958957
1740549181.630135 -21.7842121 13.0085497 26.3007698 -0.2029556 -0.3879592 0.0748192 0.8959346
1740549181.727332 -21.7879181 13.0002308 26.3046131 -0.2027656 -0.3881018 0.0720509 0.8961427
1740549181.827937 -21.7832680 13.0051193 26.3087692 -0.2024577 -0.3871235 0.0741960 0.8964604
1740549181.923398 -21.7938805 13.0092630 26.3219948 -0.2025680 -0.3866080 0.0732547 0.8967353
1740549182.027248 -21.7986717 13.0172920 26.3261185 -0.2007383 -0.3859634 0.0744419 0.8973265
1740549182.129515 -21.7971630 13.0027637 26.3415031 -0.2014661 -0.3881501 0.0716252 0.8964490
1740549182.225888 -21.8097687 12.9885683 26.3463116 -0.2028588 -0.3842102 0.0729138 0.8977274
1740549182.327135 -21.8247261 12.9880533 26.3630791 -0.2053962 -0.3834949 0.0711096 0.8976009
1740549182.422106 -21.8364792 12.9890594 26.3860168 -0.2079042 -0.3833759 0.0686187 0.8972682
1740549182.520537 -21.8545895 12.9953032 26.3973808 -0.2093157 -0.3840335 0.0665872 0.8968118
1740549182.624154 -21.8405933 12.9975071 26.3913651 -0.2082115 -0.3850689 0.0667013 0.8966164
1740549182.721113 -21.8442230 12.9842873 26.3848648 -0.2094404 -0.3841978 0.0668478 0.8966929
1740549182.832651 -21.8355007 12.9901676 26.3724422 -0.2079375 -0.3827795 0.0667481 0.8976561
1740549182.930232 -21.8615952 12.9851561 26.4014359 -0.2114052 -0.3820124 0.0644488 0.8973409
1740549183.025317 -21.8888340 12.9844551 26.4426765 -0.2164559 -0.3825944 0.0634660 0.8959578
1740549183.129501 -21.8977089 12.9892921 26.4503441 -0.2156153 -0.3820904 0.0622810 0.8964586
1740549183.224547 -21.8951950 12.9864264 26.4484558 -0.2171897 -0.3816886 0.0656729 0.8960076
1740549183.340580 -21.8873348 12.9679623 26.4354706 -0.2183550 -0.3803495 0.0627781 0.8965011
1740549183.434466 -21.9174881 12.9697161 26.4680099 -0.2195212 -0.3787057 0.0643707 0.8967993
1740549183.533147 -21.9506245 12.9764652 26.5083809 -0.2223522 -0.3804748 0.0636596 0.8954026
1740549183.634775 -21.9688759 12.9835157 26.5409546 -0.2237849 -0.3833579 0.0625750 0.8938912
1740549183.732097 -21.9973125 12.9856930 26.5773449 -0.2246107 -0.3845972 0.0650423 0.8929751
1740549183.840860 -22.0248642 12.9956369 26.6174431 -0.2268003 -0.3874039 0.0650827 0.8912037
1740549183.939481 -22.0481205 12.9891634 26.6524391 -0.2310452 -0.3890611 0.0640205 0.8894667
1740549184.042390 -22.0914669 12.9912281 26.6985817 -0.2321962 -0.3890978 0.0640287 0.8891503
1740549184.147705 -22.1335735 13.0077152 26.7418461 -0.2309020 -0.3882712 0.0623252 0.8899692
1740549184.246625 -22.1695251 13.0246973 26.7905006 -0.2306305 -0.3898238 0.0640723 0.8892366
1740549184.348932 -22.1903534 13.0297489 26.7953568 -0.2319944 -0.3901432 0.0658717 0.8886101
1740549184.444885 -22.1974487 13.0304813 26.8032780 -0.2330905 -0.3911552 0.0680205 0.8877160
1740549184.542367 -22.1945553 13.0271492 26.8000126 -0.2338420 -0.3928339 0.0697836 0.8866397
1740549184.653593 -22.2227707 13.0276089 26.8137970 -0.2356566 -0.3924961 0.0691466 0.8863586
1740549184.756587 -22.2757301 13.0597878 26.8560619 -0.2331733 -0.3939619 0.0686176 0.8864061
1740549184.864718 -22.3185310 13.0818176 26.9249573 -0.2325071 -0.3972830 0.0668584 0.8852325
1740549184.965230 -22.3473282 13.0874147 26.9657326 -0.2341882 -0.3994112 0.0643750 0.8840150
1740549185.060590 -22.3768177 13.0932474 26.9918404 -0.2359810 -0.3985360 0.0638358 0.8839723
1740549185.163600 -22.4105186 13.1088743 27.0269470 -0.2360017 -0.4006655 0.0662033 0.8828292
1740549185.264406 -22.4381657 13.1163120 27.0664902 -0.2371567 -0.4025114 0.0682230 0.8815254
1740549185.370111 -22.4742508 13.1250715 27.0853691 -0.2378951 -0.3998412 0.0669088 0.8826416
1740549185.467841 -22.5239830 13.1261883 27.1087685 -0.2421435 -0.3973737 0.0643850 0.8827884
1740549185.566139 -22.5291367 13.1335526 27.0942345 -0.2413898 -0.3965281 0.0642412 0.8833853
1740549185.669559 -22.5233498 13.1260777 27.1006641 -0.2433374 -0.3978650 0.0664122 0.8820884
1740549185.766977 -22.5675926 13.1464806 27.1683121 -0.2437353 -0.3989541 0.0674536 0.8814073
1740549185.870638 -22.6076508 13.1593151 27.2239017 -0.2469440 -0.4009759 0.0652201 0.8797632
1740549185.969141 -22.6457043 13.1689644 27.2842655 -0.2476464 -0.4020275 0.0648502 0.8791130
1740549186.074119 -22.6698761 13.1980276 27.3349476 -0.2488441 -0.4062238 0.0639248 0.8769107
1740549186.193703 -22.7225037 13.2167978 27.3778114 -0.2519240 -0.4051760 0.0641154 0.8765021
1740549186.289394 -22.7648582 13.2338524 27.4285545 -0.2528890 -0.4040327 0.0629076 0.8768394
1740549186.402216 -22.7865486 13.2365847 27.4926376 -0.2583235 -0.4075557 0.0631411 0.8736021
1740549186.501472 -22.8220825 13.2418766 27.5636406 -0.2618612 -0.4083793 0.0649563 0.8720297
1740549186.605861 -22.8315010 13.2314329 27.5930099 -0.2665533 -0.4089550 0.0623018 0.8705306
1740549186.708311 -22.8824844 13.2505312 27.6601830 -0.2691808 -0.4090931 0.0616206 0.8697054
1740549186.808212 -22.9141521 13.2718105 27.6978283 -0.2718847 -0.4083816 0.0610029 0.8692422
1740549186.913501 -22.9903679 13.3185406 27.7548027 -0.2708295 -0.4066107 0.0614479 0.8703696
1740549187.014709 -23.0257072 13.3284559 27.7966976 -0.2747445 -0.4058678 0.0604395 0.8695596
1740549187.118287 -23.0620308 13.3438931 27.8538780 -0.2774919 -0.4077458 0.0596611 0.8678607
1740549187.220392 -23.0792809 13.3397942 27.9153023 -0.2839508 -0.4101454 0.0594542 0.8646490
1740549187.320407 -23.1247711 13.3536062 27.9897633 -0.2861424 -0.4098149 0.0600861 0.8640393
1740549187.423384 -23.1709175 13.3670864 28.0754662 -0.2905273 -0.4102638 0.0602667 0.8623489
1740549187.526156 -23.2186604 13.3942795 28.1136951 -0.2916227 -0.4103983 0.0592743 0.8619837
1740549187.630742 -23.2687511 13.4115257 28.1823330 -0.2942787 -0.4105368 0.0615572 0.8608544
1740549187.731887 -23.2907906 13.4101286 28.2384911 -0.2991760 -0.4131611 0.0610953 0.8579388
1740549187.834292 -23.3332329 13.4316072 28.3065472 -0.3023359 -0.4127643 0.0623001 0.8569348
1740549187.942159 -23.3602695 13.4601126 28.3587914 -0.3059163 -0.4129973 0.0623015 0.8555507
1740549188.047152 -23.4093552 13.5049305 28.4117031 -0.3073492 -0.4121072 0.0610097 0.8555595
1740549188.165024 -23.4463234 13.5090733 28.4715557 -0.3109461 -0.4126575 0.0612269 0.8539775
1740549188.265500 -23.4930820 13.5492439 28.5103664 -0.3122066 -0.4114448 0.0612906 0.8540981
1740549188.370327 -23.5642872 13.6073666 28.5439377 -0.3118345 -0.4084733 0.0599262 0.8557557
1740549188.474029 -23.6180382 13.6437721 28.5904827 -0.3131736 -0.4071721 0.0584273 0.8559903
1740549188.578360 -23.6731205 13.6853838 28.6258583 -0.3141992 -0.4048042 0.0579919 0.8567668
1740549188.689574 -23.7339458 13.7331438 28.6616917 -0.3146489 -0.4031895 0.0564721 0.8574644
1740549188.792085 -23.7859669 13.7664375 28.6972828 -0.3171527 -0.4008991 0.0552145 0.8576977
1740549188.901445 -23.8481789 13.8166018 28.7464962 -0.3180071 -0.3987224 0.0537592 0.8584881
1740549189.004250 -23.9022675 13.8524704 28.7865505 -0.3196256 -0.3972433 0.0526126 0.8586438
1740549189.113925 -23.9631615 13.8842525 28.8299084 -0.3222858 -0.3947696 0.0510770 0.8588830
1740549189.215626 -24.0054893 13.9163599 28.8646240 -0.3248426 -0.3951525 0.0504936 0.8577775
1740549189.424645 -24.1413727 14.0164366 28.9464493 -0.3294243 -0.3880795 0.0454488 0.8595396
1740549189.532426 -24.2005215 14.0531139 28.9919243 -0.3324542 -0.3859192 0.0428689 0.8594782
1740549189.746368 -24.3189449 14.1266298 29.0814991 -0.3393325 -0.3811927 0.0379759 0.8591295
1740549189.965978 -24.4249725 14.2317057 29.1517601 -0.3472717 -0.3765669 0.0326701 0.8582146
1740549190.184788 -24.5235329 14.3413277 29.2298813 -0.3568141 -0.3703361 0.0265944 0.8572209
1740549190.417769 -24.6270466 14.4538021 29.2953682 -0.3675155 -0.3637422 0.0190062 0.8557235
1740549190.858675 -24.8174839 14.6861858 29.4341698 -0.3901735 -0.3484319 0.0026987 0.8522632
1740549191.185761 -24.9467201 14.8703079 29.5414314 -0.4088184 -0.3353110 -0.0113385 0.8487082
1740549191.516039 -25.0598907 15.0612831 29.6546535 -0.4285622 -0.3215822 -0.0253805 0.8439640
1740549191.847243 -25.1596050 15.2684202 29.7487125 -0.4472413 -0.3069417 -0.0397400 0.8391560
1740549192.174960 -25.2452812 15.4838543 29.8396454 -0.4658524 -0.2926463 -0.0535959 0.8333470
1740549192.500064 -25.3329239 15.7033157 29.9243336 -0.4825003 -0.2791101 -0.0673594 0.8274985
1740549192.922937 -25.4438992 15.9993143 30.0337105 -0.5054485 -0.2619276 -0.0841707 0.8178209
1740549193.457504 -25.5518379 16.3729897 30.1624851 -0.5343776 -0.2446671 -0.1021849 0.8025814
1740549194.066210 -25.6496792 16.8546715 30.3068924 -0.5722297 -0.2320039 -0.1198513 0.7774080
1740549194.574530 -25.7179222 17.2494106 30.3583698 -0.6071491 -0.2247743 -0.1308217 0.7508210
1740549195.175478 -25.7742653 17.7580376 30.3405628 -0.6432698 -0.2189226 -0.1423398 0.7197335
1740549195.674849 -25.7788086 18.1754093 30.3217602 -0.6640007 -0.2164284 -0.1466865 0.7005319
1740549196.075603 -25.7948933 18.5064507 30.3201694 -0.6759074 -0.2174771 -0.1477277 0.6884980
1740549196.277467 -25.8021812 18.6707268 30.3164196 -0.6795558 -0.2177792 -0.1469432 0.6849700
1740549196.483913 -25.8269386 18.8281784 30.3076992 -0.6812167 -0.2193978 -0.1458558 0.6830333
1740549196.683547 -25.8555737 18.9887962 30.3128242 -0.6833100 -0.2224464 -0.1420392 0.6807569
1740549196.885457 -25.8800507 19.1489487 30.3015022 -0.6834153 -0.2261726 -0.1391063 0.6800286
1740549197.079534 -25.9066887 19.3105412 30.2931538 -0.6834934 -0.2286951 -0.1366765 0.6795990
1740549197.384821 -25.9525204 19.5534859 30.2827606 -0.6836931 -0.2326157 -0.1317892 0.6790327
1740549197.684385 -25.9987850 19.7940979 30.2678185 -0.6821874 -0.2369577 -0.1276456 0.6798369
1740549197.886455 -26.0166435 19.9564972 30.2549000 -0.6814679 -0.2396967 -0.1258345 0.6799358
1740549198.079920 -26.0549278 20.1182919 30.2514191 -0.6811087 -0.2403543 -0.1247171 0.6802694
1740549198.284944 -26.0874729 20.2781181 30.2510071 -0.6809710 -0.2408830 -0.1230315 0.6805271
1740549198.589793 -26.1366329 20.5168324 30.2391815 -0.6803460 -0.2402990 -0.1232659 0.6813158
1740549198.792046 -26.1555710 20.6790237 30.2276516 -0.6797502 -0.2395604 -0.1239011 0.6820550
1740549199.089184 -26.2024937 20.9134331 30.2381992 -0.6790373 -0.2381381 -0.1266143 0.6827646
1740549199.292869 -26.2304420 21.0689697 30.2338314 -0.6792361 -0.2348216 -0.1288459 0.6832979
1740549199.494938 -26.2436600 21.2273521 30.2248192 -0.6785498 -0.2333774 -0.1303533 0.6841880
1740549199.699211 -26.2600384 21.3870468 30.2284698 -0.6781230 -0.2311655 -0.1330093 0.6848505
1740549199.900965 -26.2775307 21.5456848 30.2148895 -0.6770363 -0.2284588 -0.1352957 0.6863843
1740549200.198375 -26.2993050 21.7890091 30.2154999 -0.6768684 -0.2240672 -0.1393907 0.6871778
1740549200.499075 -26.3189735 22.0260429 30.2124844 -0.6753262 -0.2210249 -0.1425491 0.6890299
1740549200.701120 -26.3380356 22.1917171 30.2068539 -0.6733450 -0.2181652 -0.1444352 0.6914832
1740549200.796658 -26.3381767 22.2599068 30.2151413 -0.6759832 -0.2177449 -0.1461417 0.6886773
1740549200.901063 -26.3560677 22.3148460 30.2108784 -0.6789896 -0.2120669 -0.1496198 0.6867420
1740549200.997847 -26.3642235 22.3692436 30.2267380 -0.6823818 -0.2102007 -0.1532989 0.6831326
1740549201.096705 -26.3858223 22.4173374 30.2221413 -0.6854538 -0.2015683 -0.1593160 0.6812794
1740549201.201095 -26.4005394 22.4669151 30.2043076 -0.6864536 -0.1922983 -0.1635425 0.6819507
1740549201.297158 -26.3804417 22.5078564 30.1889439 -0.6864427 -0.1881904 -0.1624929 0.6833571
1740549201.399765 -26.3029823 22.4987221 30.1581535 -0.6801797 -0.1935159 -0.1530951 0.6902673
1740549201.497613 -26.2588005 22.5002556 30.1551800 -0.6776522 -0.1961517 -0.1499656 0.6926922
1740549201.601039 -26.2240009 22.5127277 30.1503773 -0.6756907 -0.1990851 -0.1479747 0.6941979
1740549201.701609 -26.2102146 22.5256577 30.1383495 -0.6736799 -0.1986926 -0.1466908 0.6965332
1740549201.799772 -26.1693974 22.5342255 30.1051140 -0.6682163 -0.2019316 -0.1441831 0.7013714
1740549201.902988 -26.0995121 22.5514374 30.0729351 -0.6617970 -0.2035400 -0.1355913 0.7086686
1740549202.099480 -26.0253372 22.5854645 30.0672894 -0.6577799 -0.2075270 -0.1256116 0.7130777
1740549202.202809 -25.9980011 22.6051369 30.0524559 -0.6542936 -0.2096972 -0.1220715 0.7162581
1740549202.301381 -25.9668198 22.6203499 30.0194149 -0.6488463 -0.2100050 -0.1177363 0.7218272
1740549202.405389 -25.9327717 22.6321640 30.0166721 -0.6458986 -0.2125532 -0.1115484 0.7247022
1740549202.505760 -25.8793812 22.6607285 30.0032787 -0.6424565 -0.2168826 -0.1051179 0.7274351
1740549202.615403 -25.8504162 22.6820354 29.9805584 -0.6378260 -0.2204224 -0.1018439 0.7309034
1740549202.711797 -25.8230057 22.7092686 29.9468765 -0.6317084 -0.2235758 -0.0986536 0.7356805
1740549202.810716 -25.7806129 22.7282181 29.9467545 -0.6284372 -0.2270175 -0.0915019 0.7383476
1740549202.915494 -25.7309761 22.7485714 29.9546738 -0.6263485 -0.2301066 -0.0812630 0.7403613
1740549203.012353 -25.7201500 22.7677441 29.9030647 -0.6174959 -0.2323327 -0.0813058 0.7470675
1740549203.124528 -25.7067089 22.7878666 29.8956776 -0.6149040 -0.2320669 -0.0766121 0.7497790
1740549203.223997 -25.7110023 22.7957115 29.8382130 -0.6044891 -0.2354945 -0.0801419 0.7567777
1740549203.323668 -25.7035255 22.8134003 29.7842770 -0.5949691 -0.2395282 -0.0816073 0.7628750
1740549203.432214 -25.7059422 22.8200283 29.7827148 -0.5923181 -0.2417140 -0.0802153 0.7643946
1740549203.529676 -25.6731968 22.8395958 29.8092709 -0.5922832 -0.2479055 -0.0720225 0.7632537
1740549203.638299 -25.6563244 22.8615532 29.7801552 -0.5867861 -0.2476529 -0.0651584 0.7681826
1740549203.734980 -25.6133556 22.8936958 29.6744900 -0.5735928 -0.2487755 -0.0593131 0.7781928
1740549203.834274 -25.6013432 22.9590721 29.6658955 -0.5664845 -0.2515388 -0.0544591 0.7828524
1740549203.939026 -25.5978222 22.9614067 29.6726570 -0.5641263 -0.2526542 -0.0525687 0.7843239
1740549204.038949 -25.5788689 22.9836216 29.6719608 -0.5593174 -0.2575000 -0.0480322 0.7864801
1740549204.154037 -25.6073895 23.0006142 29.6770554 -0.5577088 -0.2560143 -0.0460388 0.7882245
1740549204.254111 -25.6882057 22.9853725 29.6760883 -0.5581733 -0.2471329 -0.0488067 0.7905605
1740549204.359402 -25.7393017 22.9773521 29.6475906 -0.5571703 -0.2412440 -0.0513542 0.7929221
1740549204.469902 -25.8170395 22.9457588 29.6581841 -0.5607337 -0.2343774 -0.0591833 0.7919232
1740549204.567764 -25.8639946 22.9191418 29.6860161 -0.5658424 -0.2304043 -0.0611982 0.7892978
1740549204.673465 -25.9871159 22.8733253 29.7073956 -0.5737492 -0.2179839 -0.0700511 0.7863763
1740549204.773508 -26.0358353 22.8528576 29.6828079 -0.5742372 -0.2116548 -0.0740460 0.7873824
1740549204.878073 -26.1260433 22.8092918 29.6925011 -0.5807227 -0.2002116 -0.0795634 0.7850771
1740549204.982179 -26.2059212 22.7825813 29.6843929 -0.5844622 -0.1876889 -0.0838892 0.7849454
1740549205.081125 -26.2150517 22.7461662 29.7797985 -0.5981200 -0.1882017 -0.0869441 0.7741274
1740549205.189409 -26.1969070 22.7373810 29.8817215 -0.6068568 -0.1954708 -0.0876591 0.7653966
1740549205.290084 -26.1980648 22.7340412 29.9845905 -0.6161907 -0.2000564 -0.0875040 0.7567229
1740549205.400297 -26.1736984 22.7573605 30.0705986 -0.6206656 -0.2119344 -0.0871355 0.7498437
1740549205.499986 -26.1785011 22.7813091 30.1570053 -0.6272095 -0.2189665 -0.0876913 0.7422749
1740549205.707343 -26.1911507 22.9323311 30.3912563 -0.6505588 -0.2269862 -0.0828223 0.7199938
1740549205.808216 -26.1825485 23.0011826 30.3842430 -0.6492540 -0.2281824 -0.0815494 0.7209381
1740549205.915606 -26.1125603 23.1012135 30.3835697 -0.6477975 -0.2346894 -0.0726606 0.7211100
1740549206.016373 -26.1693974 23.1603584 30.4030895 -0.6513860 -0.2318612 -0.0798765 0.7180225
1740549206.124330 -26.1560020 23.2441788 30.3971004 -0.6521116 -0.2325705 -0.0767758 0.7174726
1740549206.221738 -26.1192741 23.3321228 30.3807907 -0.6497878 -0.2353360 -0.0732495 0.7190461
1740549206.321467 -26.1389351 23.4085464 30.3871670 -0.6525170 -0.2342833 -0.0759788 0.7166312
1740549206.432211 -26.1040611 23.4966106 30.3964195 -0.6536944 -0.2374774 -0.0714206 0.7149736
1740549206.532491 -26.1219101 23.5695686 30.3963871 -0.6564579 -0.2347692 -0.0731497 0.7131588
1740549206.635777 -26.1272354 23.6554108 30.3915024 -0.6576000 -0.2338991 -0.0746710 0.7122343
1740549206.736910 -26.1155128 23.7377739 30.3956585 -0.6600931 -0.2337822 -0.0730665 0.7101297
1740549206.944972 -26.1024361 23.9019623 30.4052887 -0.6653176 -0.2333345 -0.0714161 0.7055545
1740549207.047265 -26.0825882 23.9857922 30.4174767 -0.6680241 -0.2360746 -0.0706174 0.7021580
1740549207.259263 -26.0647926 24.1558189 30.4118061 -0.6719798 -0.2340905 -0.0685556 0.6992459
1740549207.361799 -26.0682621 24.2431412 30.4214954 -0.6735292 -0.2345582 -0.0679226 0.6976585
1740549207.469232 -26.0465927 24.3280258 30.4253006 -0.6753243 -0.2366037 -0.0673430 0.6952846
1740549207.564259 -25.9988976 24.4049625 30.3966370 -0.6763144 -0.2354209 -0.0663525 0.6948188
