1740549104.216239 0.0000000 0.0000000 0.0000000 -0.0000000 -0.0000000 -0.0000000 1.0000000
1740549104.444128 -0.0029177 0.0535113 0.0615831 0.0023703 0.0006160 0.0004302 0.9999970
1740549104.545500 -0.0086429 0.0538092 0.1439150 0.0047651 -0.0025808 -0.0004441 0.9999852
1740549104.683800 -0.0292314 0.0636217 0.2127164 0.0085972 -0.0053848 0.0008753 0.9999482
1740549104.876186 -0.0548702 0.0413848 0.2828094 0.0118438 -0.0091168 0.0000461 0.9998884
1740549105.058786 -0.0830995 0.0228747 0.3479054 0.0160577 -0.0133815 0.0006256 0.9997813
1740549105.241447 -0.0891738 0.0106461 0.4190562 0.0203079 -0.0192110 0.0003799 0.9996091
1740549105.414235 -0.1060569 -0.0040683 0.4967777 0.0241248 -0.0251162 0.0007086 0.9993932
1740549105.510938 -0.1257697 -0.0465090 0.5620689 0.0272580 -0.0309636 0.0003273 0.9991487
1740549105.606248 -0.1320474 -0.0449316 0.6403934 0.0337779 -0.0389890 0.0009770 0.9986681
1740549105.707467 -0.1610038 -0.0691904 0.7038656 0.0382838 -0.0452606 0.0000504 0.9982414
1740549105.805425 -0.1686291 -0.0863017 0.7778051 0.0435058 -0.0533598 0.0006937 0.9976270
1740549105.907555 -0.1784939 -0.1014897 0.8477854 0.0484749 -0.0613365 0.0011510 0.9969386
1740549106.007312 -0.1962431 -0.1199864 0.9209343 0.0539216 -0.0698232 0.0012300 0.9961002
1740549106.122838 -0.2210726 -0.1384528 0.9857856 0.0579862 -0.0774922 0.0007086 0.9953050
1740549106.226367 -0.2409779 -0.1292457 1.0650678 0.0637673 -0.0862958 0.0008060 0.9942265
1740549106.326302 -0.2764358 -0.1628995 1.1252819 0.0659093 -0.0929502 -0.0002247 0.9934869
1740549106.432527 -0.3043700 -0.1712846 1.1953443 0.0696932 -0.1005888 0.0008282 0.9924838
1740549106.532264 -0.3253268 -0.1717813 1.2685032 0.0737524 -0.1081580 0.0010355 0.9913937
1740549106.641479 -0.3459784 -0.1732640 1.3401954 0.0765928 -0.1154010 0.0013199 0.9903607
1740549106.740357 -0.3617632 -0.2109863 1.4013501 0.0774696 -0.1215618 -0.0002222 0.9895561
1740549106.946550 -0.4182301 -0.1925638 1.5373881 0.0828584 -0.1324310 0.0009242 0.9877225
1740549107.044957 -0.4567484 -0.2148426 1.6200813 0.0823308 -0.1368353 0.0000550 0.9871665
1740549107.153378 -0.4977630 -0.2256739 1.6610246 0.0824563 -0.1394677 -0.0005161 0.9867874
1740549107.253120 -0.5080250 -0.2323947 1.7370167 0.0829892 -0.1442344 -0.0003082 0.9860574
1740549107.355951 -0.5342599 -0.2341971 1.8142942 0.0836349 -0.1476648 -0.0005622 0.9854949
1740549107.460021 -0.5645723 -0.2635119 1.8712535 0.0827382 -0.1497855 -0.0016659 0.9852492
1740549107.558304 -0.5942448 -0.2728737 1.9424247 0.0825822 -0.1523493 -0.0014654 0.9848694
1740549107.662631 -0.6053936 -0.2849171 2.0150721 0.0822398 -0.1554159 -0.0018272 0.9844182
1740549107.760579 -0.6350104 -0.2990211 2.0810804 0.0814510 -0.1571167 -0.0017559 0.9842139
1740549107.873144 -0.6705203 -0.3044992 2.1448951 0.0812785 -0.1583353 -0.0023299 0.9840317
1740549107.974217 -0.6964239 -0.3113266 2.2113240 0.0807884 -0.1597524 -0.0023444 0.9838429
1740549108.071589 -0.7327257 -0.3258277 2.2766919 0.0796269 -0.1605173 -0.0028658 0.9838117
1740549108.176476 -0.7734570 -0.3238584 2.3374772 0.0796962 -0.1606808 -0.0033706 0.9837778
1740549108.277397 -0.7870485 -0.3426082 2.4142399 0.0779825 -0.1623759 -0.0029207 0.9836383
1740549108.381374 -0.8167219 -0.3444526 2.4791613 0.0776892 -0.1625679 -0.0033432 0.9836285
1740549108.481298 -0.8419989 -0.3585527 2.5479746 0.0768818 -0.1627714 -0.0037240 0.9836568
1740549108.579237 -0.8622313 -0.3684301 2.6193359 0.0759614 -0.1630582 -0.0039186 0.9836801
1740549108.692223 -0.8869159 -0.3584116 2.6890600 0.0761721 -0.1629439 -0.0033689 0.9836848
1740549108.798751 -0.9142967 -0.3707158 2.7539306 0.0756675 -0.1623373 -0.0039251 0.9838219
1740549108.911972 -0.9473898 -0.3705635 2.8222892 0.0754723 -0.1617116 -0.0036495 0.9839410
1740549109.009091 -0.9728390 -0.3746314 2.8904583 0.0751271 -0.1614017 -0.0038447 0.9840176
1740549109.107753 -0.9973235 -0.3888854 2.9599326 0.0750580 -0.1612002 -0.0037301 0.9840564
1740549109.211591 -1.0270892 -0.4030415 3.0249429 0.0749926 -0.1600588 -0.0038832 0.9842471
1740549109.308661 -1.0497407 -0.4142853 3.0940688 0.0755092 -0.1590913 -0.0033931 0.9843662
1740549109.415753 -1.0762917 -0.4322670 3.1632020 0.0755099 -0.1579774 -0.0036909 0.9845445
1740549109.611125 -1.1302804 -0.4517523 3.2972784 0.0769169 -0.1551771 -0.0030683 0.9848830
1740549109.810913 -1.1867344 -0.4555626 3.4312091 0.0789326 -0.1518922 -0.0027237 0.9852365
1740549110.017292 -1.2335362 -0.4550271 3.5714993 0.0822220 -0.1485153 -0.0020603 0.9854839
1740549110.227724 -1.2728435 -0.4749640 3.7099435 0.0859865 -0.1439740 -0.0009827 0.9858381
1740549110.427709 -1.3032362 -0.5120082 3.8513970 0.0902071 -0.1391880 -0.0001124 0.9861488
1740549110.525783 -1.3169860 -0.5370242 3.9192445 0.0926942 -0.1369820 0.0005949 0.9862268
1740549110.638731 -1.3363758 -0.5441637 3.9881825 0.0962906 -0.1342311 0.0009250 0.9862602
1740549110.737497 -1.3557279 -0.5612539 4.0568023 0.0989799 -0.1316801 0.0015230 0.9863372
1740549110.838829 -1.3840163 -0.5655327 4.1323833 0.1022368 -0.1288896 0.0022617 0.9863722
1740549110.954288 -1.4092730 -0.5966469 4.1960611 0.1043427 -0.1259801 0.0027149 0.9865264
1740549111.055843 -1.4265547 -0.5926237 4.2589254 0.1086361 -0.1238089 0.0033653 0.9863358
1740549111.160690 -1.4410214 -0.6130658 4.3239703 0.1112405 -0.1217434 0.0039697 0.9863003
1740549111.262402 -1.4374702 -0.6201255 4.3833141 0.1142885 -0.1208464 0.0045859 0.9860595
1740549111.362892 -1.4626238 -0.6317114 4.4540572 0.1178317 -0.1184222 0.0051482 0.9859338
1740549111.466623 -1.4516295 -0.6569842 4.5190215 0.1198493 -0.1185872 0.0053551 0.9856696
1740549111.566526 -1.4813997 -0.6786915 4.5838680 0.1225503 -0.1164064 0.0060130 0.9855937
1740549111.677480 -1.4700795 -0.6893651 4.6537967 0.1249583 -0.1165013 0.0061183 0.9852794
1740549111.776701 -1.4649106 -0.6912232 4.7141442 0.1282745 -0.1168651 0.0059265 0.9848112
1740549111.876756 -1.4722230 -0.7283930 4.7730823 0.1285821 -0.1167040 0.0068501 0.9847842
1740549111.987926 -1.5086322 -0.7500982 4.8354397 0.1303154 -0.1140955 0.0069752 0.9848611
1740549112.089880 -1.5094448 -0.7491754 4.9067078 0.1333865 -0.1145200 0.0073247 0.9843981
1740549112.200880 -1.5032251 -0.7580754 4.9734635 0.1351638 -0.1153532 0.0066471 0.9840631
1740549112.300094 -1.5185310 -0.8031610 5.0157542 0.1337392 -0.1160083 0.0073425 0.9841758
1740549112.404407 -1.5331676 -0.8363487 5.0647459 0.1336041 -0.1164165 0.0077501 0.9841428
1740549112.507474 -1.5317854 -0.8588567 5.1285796 0.1338085 -0.1172927 0.0071922 0.9840152
1740549112.607378 -1.5632553 -0.8744592 5.1902761 0.1350301 -0.1161898 0.0078654 0.9839740
1740549112.711894 -1.5866951 -0.8921540 5.2546592 0.1360004 -0.1163372 0.0082259 0.9838200
1740549112.812459 -1.6040832 -0.9202606 5.3025498 0.1349492 -0.1169585 0.0083546 0.9838901
1740549112.918662 -1.6006080 -0.9211178 5.3706765 0.1360700 -0.1185491 0.0073819 0.9835531
1740549113.022850 -1.6289133 -0.9623662 5.4347687 0.1352915 -0.1186103 0.0085580 0.9836435
1740549113.124182 -1.6303941 -0.9761126 5.5000982 0.1353054 -0.1198229 0.0079612 0.9834996
1740549113.233859 -1.6255747 -0.9784727 5.5598612 0.1358866 -0.1221482 0.0069406 0.9831412
1740549113.334777 -1.6366293 -0.9988144 5.6313367 0.1356119 -0.1231741 0.0064914 0.9830541
1740549113.441907 -1.6524304 -1.0359366 5.6691794 0.1330996 -0.1240446 0.0070442 0.9832842
1740549113.544421 -1.6822616 -1.0607852 5.7143216 0.1327697 -0.1229429 0.0070378 0.9834672
1740549113.651333 -1.6935457 -1.0750420 5.7736907 0.1326803 -0.1230292 0.0067554 0.9834704
1740549113.754562 -1.6945857 -1.0760248 5.8505669 0.1334325 -0.1248302 0.0062715 0.9831449
1740549113.858556 -1.7046416 -1.0908666 5.9139943 0.1336549 -0.1268600 0.0057835 0.9828578
1740549113.965220 -1.7222996 -1.1009738 5.9520726 0.1341724 -0.1267865 0.0076106 0.9827843
1740549114.067725 -1.7230192 -1.1174724 6.0062490 0.1340727 -0.1286604 0.0070314 0.9825587
1740549114.177837 -1.7440399 -1.1434505 6.0731006 0.1335199 -0.1296064 0.0070574 0.9825094
1740549114.278648 -1.7312508 -1.1562300 6.1372757 0.1343736 -0.1323773 0.0055935 0.9820330
1740549114.379518 -1.7395192 -1.1785210 6.1989856 0.1342739 -0.1339688 0.0051963 0.9818329
1740549114.490538 -1.7652112 -1.1764892 6.2379904 0.1364363 -0.1336538 0.0065690 0.9815695
1740549114.591633 -1.7837563 -1.1878338 6.2968674 0.1372749 -0.1346604 0.0065881 0.9813148
1740549114.703452 -1.7892118 -1.2037151 6.3284106 0.1374987 -0.1344289 0.0060670 0.9813186
1740549114.809456 -1.7870817 -1.2357966 6.3571310 0.1366539 -0.1355528 0.0048696 0.9812887
1740549114.912166 -1.7807989 -1.2495226 6.3991618 0.1385697 -0.1391764 0.0049027 0.9805123
1740549115.014397 -1.7675829 -1.2665565 6.4503021 0.1394437 -0.1425799 0.0047869 0.9798998
1740549115.115839 -1.7764579 -1.2827182 6.4956532 0.1417508 -0.1439183 0.0042361 0.9793755
1740549115.222386 -1.7948192 -1.3120965 6.4981346 0.1399381 -0.1404987 0.0037377 0.9801344
1740549115.325134 -1.7973378 -1.3043586 6.5009642 0.1414033 -0.1387810 0.0043692 0.9801663
1740549115.433500 -1.8386928 -1.3273808 6.5530348 0.1424376 -0.1362632 0.0056471 0.9803632
1740549115.535505 -1.8708344 -1.3695395 6.6039205 0.1401379 -0.1353791 0.0058814 0.9808156
1740549115.650865 -1.8602750 -1.3986884 6.6589413 0.1393223 -0.1358060 0.0052107 0.9808766
1740549115.749449 -1.8525530 -1.4277242 6.6946678 0.1380326 -0.1375904 0.0054441 0.9808090
1740549115.851348 -1.8464237 -1.4313033 6.7275705 0.1392795 -0.1395281 0.0060277 0.9803555
1740549115.971365 -1.8819247 -1.4589263 6.7565336 0.1371962 -0.1342684 0.0063090 0.9813814
1740549116.076447 -1.9249393 -1.4543003 6.7625923 0.1376686 -0.1258683 0.0082187 0.9824139
1740549116.188102 -1.9464576 -1.4503057 6.7785769 0.1391374 -0.1207549 0.0085456 0.9828459
1740549116.293210 -1.9606812 -1.4541210 6.7986827 0.1401177 -0.1177911 0.0086285 0.9830656
1740549116.408011 -1.9934144 -1.4724067 6.8413739 0.1396862 -0.1128591 0.0089320 0.9837027
1740549116.511089 -2.0273073 -1.4856273 6.8805594 0.1380280 -0.1073018 0.0098733 0.9845492
1740549116.611836 -2.0659051 -1.5046047 6.9354444 0.1370584 -0.1034632 0.0105873 0.9850880
1740549116.730031 -2.0874383 -1.5145663 6.9748225 0.1357978 -0.0998933 0.0116570 0.9856188
1740549116.835542 -2.1161983 -1.5110925 6.9956617 0.1351374 -0.0933184 0.0129717 0.9863374
1740549116.947813 -2.1331613 -1.5004689 7.0166507 0.1363391 -0.0892703 0.0133061 0.9865422
1740549117.050491 -2.1501865 -1.5080247 7.0330348 0.1335025 -0.0856228 0.0138335 0.9872459
1740549117.161438 -2.1546376 -1.5089774 7.0383773 0.1322506 -0.0840859 0.0126912 0.9875618
1740549117.265381 -2.1651361 -1.5137205 7.0528765 0.1305210 -0.0837030 0.0152390 0.9877884
1740549117.367697 -2.1740019 -1.5308310 7.0735674 0.1247879 -0.0827575 0.0163271 0.9885912
1740549117.489228 -2.1629307 -1.5543753 7.1212120 0.1208983 -0.0838943 0.0155696 0.9889909
1740549117.593709 -2.1859035 -1.5577284 7.1478767 0.1189952 -0.0794919 0.0161114 0.9895765
1740549117.708585 -2.1920266 -1.5549141 7.1545010 0.1192363 -0.0786007 0.0132813 0.9896607
1740549117.811404 -2.2031095 -1.5675786 7.1748600 0.1127287 -0.0783782 0.0146151 0.9904219
1740549117.930291 -2.1977315 -1.5916756 7.1969013 0.1077131 -0.0808453 0.0154377 0.9907692
1740549118.031789 -2.1943383 -1.6060593 7.2041173 0.1038236 -0.0819636 0.0139640 0.9911143
1740549118.134028 -2.1890566 -1.6053854 7.2146592 0.1015184 -0.0831363 0.0117455 0.9912843
1740549118.266161 -2.1962311 -1.6019154 7.2244229 0.1012355 -0.0811208 0.0130271 0.9914641
1740549118.368745 -2.2109771 -1.5865934 7.2456908 0.1031587 -0.0792599 0.0133427 0.9914122
1740549118.489415 -2.2254562 -1.5831723 7.2558465 0.1031523 -0.0760060 0.0127734 0.9916751
1740549118.594570 -2.2209089 -1.5029104 7.2256575 0.1114753 -0.0769640 0.0135895 0.9906893
1740549118.713873 -2.2164707 -1.4749298 7.2171254 0.1139199 -0.0801475 0.0130162 0.9901662
1740549118.816131 -2.2198923 -1.4636267 7.2277589 0.1152456 -0.0797542 0.0136926 0.9900355
1740549118.927195 -2.2256751 -1.4773831 7.2663407 0.1160205 -0.0790984 0.0131225 0.9900053
1740549119.032366 -2.2354004 -1.4737673 7.2839408 0.1166707 -0.0776880 0.0144718 0.9900218
1740549119.135354 -2.2454567 -1.4672904 7.3029523 0.1178959 -0.0755027 0.0151689 0.9900353
1740549119.244745 -2.2523153 -1.4846420 7.3328447 0.1157837 -0.0745242 0.0162599 0.9903413
1740549119.348689 -2.2674835 -1.4831859 7.3494034 0.1148101 -0.0712866 0.0169198 0.9906819
1740549119.465381 -2.2846889 -1.4789327 7.3749886 0.1160678 -0.0706833 0.0165603 0.9905847
1740549119.566855 -2.2983143 -1.4778718 7.3946767 0.1153077 -0.0659749 0.0171047 0.9909889
1740549119.682244 -2.3074768 -1.4810479 7.4120641 0.1137418 -0.0635517 0.0172580 0.9913255
1740549119.784478 -2.3129110 -1.4951563 7.4290771 0.1115753 -0.0619010 0.0184321 0.9916549
1740549119.889431 -2.3197551 -1.4918145 7.4402037 0.1123159 -0.0593628 0.0190209 0.9917154
1740549120.000882 -2.3089087 -1.4918888 7.4567003 0.1114292 -0.0642744 0.0179909 0.9915285
1740549120.106469 -2.3085628 -1.5048424 7.4641204 0.1049742 -0.0635392 0.0196592 0.9922484
1740549120.220968 -2.3073936 -1.5112801 7.4708366 0.1035174 -0.0626150 0.0192675 0.9924678
1740549120.329859 -2.3063757 -1.5138023 7.4745131 0.1033575 -0.0612475 0.0197920 0.9925594
1740549120.434823 -2.3026726 -1.5180805 7.4763961 0.1008827 -0.0627968 0.0193862 0.9927253
1740549120.542793 -2.3013551 -1.5229038 7.4772954 0.0984108 -0.0614593 0.0196286 0.9930522
1740549120.645560 -2.2983449 -1.5246946 7.4887738 0.0966805 -0.0619429 0.0171876 0.9932374
1740549120.751925 -2.2874908 -1.5309415 7.5060830 0.0964016 -0.0673347 0.0157614 0.9929373
1740549120.861776 -2.2918851 -1.5199181 7.5329304 0.1011362 -0.0672927 0.0159179 0.9924666
1740549120.970799 -2.2925763 -1.5345618 7.5648155 0.0993007 -0.0661690 0.0159444 0.9927270
1740549121.076184 -2.2900052 -1.5301956 7.5711107 0.1013058 -0.0666438 0.0145329 0.9925143
1740549121.185215 -2.2886972 -1.5357145 7.5809307 0.1005927 -0.0675648 0.0141713 0.9925297
1740549121.294479 -2.2942498 -1.5462056 7.6182280 0.0973537 -0.0695463 0.0112929 0.9927528
1740549121.397916 -2.2873931 -1.5504305 7.6387272 0.0955176 -0.0746248 0.0105449 0.9925706
1740549121.507217 -2.2810624 -1.5624475 7.6642222 0.0907416 -0.0799707 0.0100387 0.9926077
1740549121.613373 -2.2773950 -1.5657573 7.6995058 0.0909311 -0.0834125 0.0103946 0.9923033
1740549121.724696 -2.2786481 -1.5721456 7.7293510 0.0897052 -0.0863113 0.0117141 0.9921523
1740549121.829477 -2.2764175 -1.5769118 7.7539539 0.0881140 -0.0883861 0.0120134 0.9921086
1740549121.938794 -2.2738552 -1.5801883 7.7821579 0.0876371 -0.0917286 0.0106299 0.9918632
1740549122.046909 -2.2782154 -1.5863287 7.8157754 0.0867561 -0.0937000 0.0105337 0.9917574
1740549122.150893 -2.2709682 -1.5864689 7.8401203 0.0856511 -0.0964643 0.0092373 0.9916013
1740549122.263816 -2.2755861 -1.5923443 7.8763900 0.0846565 -0.0963105 0.0095509 0.9916987
1740549122.365927 -2.2855363 -1.6058066 7.9290600 0.0830598 -0.0950527 0.0090420 0.9919599
1740549122.479465 -2.3083982 -1.6069309 7.9897318 0.0816684 -0.0942998 0.0092652 0.9921451
1740549122.581478 -2.3336856 -1.6065568 8.0582705 0.0808271 -0.0935649 0.0096514 0.9922799
1740549122.690606 -2.3732409 -1.6046367 8.1077089 0.0800165 -0.0912844 0.0089122 0.9925649
1740549122.797869 -2.3882599 -1.5941265 8.1592798 0.0795923 -0.0909653 0.0083846 0.9926329
1740549122.906460 -2.4136753 -1.5836805 8.2208891 0.0794172 -0.0897954 0.0084124 0.9927532
1740549123.021544 -2.4234836 -1.5715592 8.2933893 0.0794662 -0.0897647 0.0076419 0.9927583
1740549123.131451 -2.4678028 -1.5525186 8.3463202 0.0797783 -0.0868104 0.0084214 0.9929897
1740549123.249844 -2.4915612 -1.5583143 8.4144201 0.0794844 -0.0852949 0.0079982 0.9931480
1740549123.353846 -2.5159984 -1.5543307 8.4818602 0.0793848 -0.0831766 0.0082506 0.9933336
1740549123.470748 -2.5426061 -1.5507673 8.5392036 0.0803581 -0.0804850 0.0079178 0.9934798
1740549123.578079 -2.5640438 -1.5551802 8.6046286 0.0814572 -0.0779634 0.0073507 0.9935957
1740549123.688859 -2.5802965 -1.5565509 8.6645508 0.0821449 -0.0751980 0.0078789 0.9937482
1740549123.797318 -2.5850644 -1.5731037 8.7296486 0.0821364 -0.0724196 0.0081039 0.9939534
1740549123.902580 -2.6081276 -1.5821558 8.7899113 0.0829698 -0.0689971 0.0079660 0.9941288
1740549124.015482 -2.5965419 -1.5898762 8.8602982 0.0847736 -0.0676526 0.0085051 0.9940645
1740549124.120857 -2.6314492 -1.5977291 8.9231739 0.0856710 -0.0643663 0.0079073 0.9942107
1740549124.231776 -2.6415958 -1.5909524 8.9912491 0.0875141 -0.0627712 0.0077516 0.9941534
1740549124.336610 -2.6341448 -1.5789850 9.0528870 0.0881785 -0.0626920 0.0075689 0.9941011
1740549124.447761 -2.6478984 -1.5790088 9.1241264 0.0903781 -0.0612401 0.0078486 0.9939919
1740549124.553979 -2.6532445 -1.5736207 9.1815147 0.0914347 -0.0604454 0.0072022 0.9939488
1740549124.660469 -2.6598763 -1.6091067 9.2472782 0.0904668 -0.0605280 0.0081728 0.9940248
1740549124.772708 -2.6782207 -1.6204977 9.3078880 0.0898989 -0.0594579 0.0078158 0.9941438
1740549124.880969 -2.6799629 -1.6287007 9.3784847 0.0905115 -0.0597630 0.0073184 0.9940737
1740549125.006757 -2.6741562 -1.6433483 9.4473391 0.0898401 -0.0614413 0.0071902 0.9940332
1740549125.114806 -2.6728027 -1.6539968 9.5034876 0.0893066 -0.0639959 0.0073928 0.9939187
1740549125.224799 -2.6856666 -1.6593437 9.5732403 0.0886699 -0.0653178 0.0072680 0.9938905
1740549125.331323 -2.6900487 -1.6704184 9.6532249 0.0867473 -0.0665195 0.0071052 0.9939817
1740549125.441253 -2.7036083 -1.6995455 9.7228127 0.0841752 -0.0681259 0.0072295 0.9940932
1740549125.548423 -2.7192395 -1.6881080 9.8043261 0.0839082 -0.0695344 0.0061676 0.9940253
1740549125.653440 -2.7241840 -1.7046058 9.8846550 0.0817580 -0.0713490 0.0061025 0.9940763
1740549125.763168 -2.7322996 -1.7189213 9.9635458 0.0796215 -0.0732228 0.0058287 0.9941151
1740549125.867812 -2.7619202 -1.7250162 10.0403242 0.0773692 -0.0744878 0.0052437 0.9942023
1740549125.978870 -2.7816153 -1.7387555 10.1194296 0.0749130 -0.0766013 0.0049890 0.9942311
1740549126.082519 -2.7929022 -1.7551361 10.1998634 0.0723941 -0.0791177 0.0049370 0.9942209
1740549126.192103 -2.8075166 -1.7616825 10.2775354 0.0699230 -0.0818064 0.0041476 0.9941837
1740549126.298537 -2.8240290 -1.7628614 10.3602648 0.0674263 -0.0842381 0.0035499 0.9941555
1740549126.403663 -2.8398881 -1.7680107 10.4357767 0.0642580 -0.0871338 0.0032949 0.9941166
1740549126.512592 -2.8718171 -1.7632238 10.5104475 0.0620696 -0.0893093 0.0026337 0.9940646
1740549126.618112 -2.9010446 -1.7597753 10.5815601 0.0596797 -0.0914381 0.0023490 0.9940181
1740549126.731055 -2.9038172 -1.7734016 10.6650944 0.0573302 -0.0947740 0.0018729 0.9938449
1740549126.835018 -2.9244697 -1.7804489 10.7467737 0.0550997 -0.0978413 0.0012755 0.9936748
1740549126.946184 -2.9481447 -1.7959700 10.8274517 0.0526085 -0.1005291 0.0009612 0.9935418
1740549127.053117 -2.9683979 -1.8069881 10.9047432 0.0501346 -0.1034040 0.0009024 0.9933748
1740549127.160395 -2.9785304 -1.8141202 10.9853935 0.0480848 -0.1066788 0.0005102 0.9931300
1740549127.270632 -2.9914007 -1.8113431 11.0674305 0.0468336 -0.1099505 0.0001871 0.9928331
1740549127.377905 -3.0175521 -1.8079392 11.1424208 0.0453437 -0.1128828 -0.0005267 0.9925730
1740549127.488869 -3.0351183 -1.8143734 11.2229462 0.0439597 -0.1163566 -0.0003463 0.9922342
1740549127.594634 -3.0502410 -1.8202854 11.3035784 0.0424534 -0.1195450 -0.0007968 0.9919204
1740549127.703115 -3.0787210 -1.8373240 11.3781013 0.0406014 -0.1223296 -0.0012078 0.9916580
1740549127.810576 -3.1125393 -1.8385203 11.4543905 0.0396126 -0.1252125 -0.0013201 0.9913380
1740549127.914515 -3.1462467 -1.8519756 11.5311260 0.0381558 -0.1282609 -0.0012610 0.9910054
1740549128.025362 -3.1782193 -1.8531952 11.6035795 0.0366716 -0.1312800 -0.0017610 0.9906653
1740549128.132008 -3.1906829 -1.8470856 11.6872873 0.0363963 -0.1352969 -0.0022010 0.9901339
1740549128.252637 -3.2198203 -1.8602798 11.7626801 0.0346183 -0.1384741 -0.0027155 0.9897571
1740549128.356936 -3.2529256 -1.8738999 11.8353968 0.0331795 -0.1413137 -0.0030428 0.9894040
1740549128.471619 -3.2924531 -1.8821026 11.9086533 0.0311861 -0.1442396 -0.0032090 0.9890460
1740549128.577779 -3.3237023 -1.8891029 11.9846363 0.0296483 -0.1474856 -0.0036996 0.9886128
1740549128.691706 -3.3610475 -1.9002559 12.0516243 0.0269793 -0.1500352 -0.0036835 0.9883056
1740549128.798782 -3.3807383 -1.9015566 12.1353903 0.0256812 -0.1536569 -0.0044405 0.9877805
1740549128.903120 -3.4010024 -1.9216886 12.2120495 0.0229666 -0.1568522 -0.0052608 0.9873410
1740549129.018340 -3.4286809 -1.9283420 12.2892923 0.0204157 -0.1600045 -0.0055245 0.9868897
1740549129.120208 -3.4660842 -1.9291661 12.3599319 0.0176292 -0.1626430 -0.0059932 0.9865093
1740549129.229944 -3.4942470 -1.9324917 12.4366846 0.0146699 -0.1656227 -0.0067289 0.9860571
1740549129.332674 -3.5200102 -1.9220955 12.5141926 0.0119412 -0.1686378 -0.0070556 0.9855805
1740549129.443444 -3.5557356 -1.9367510 12.5766821 0.0076323 -0.1705736 -0.0079844 0.9852830
1740549129.548162 -3.5894661 -1.9349607 12.6482506 0.0036430 -0.1731309 -0.0084417 0.9848559
1740549129.650316 -3.6191146 -1.9233356 12.7220993 0.0000881 -0.1757782 -0.0091352 0.9843874
1740549129.756473 -3.6517265 -1.9220443 12.8011856 -0.0035346 -0.1785143 -0.0099410 0.9838808
1740549129.859612 -3.6859441 -1.9169360 12.8721228 -0.0078009 -0.1807358 -0.0107818 0.9834417
1740549129.972323 -3.7140496 -1.9041667 12.9509468 -0.0108381 -0.1835079 -0.0113084 0.9828935
1740549130.075400 -3.7573130 -1.9031389 13.0194864 -0.0156098 -0.1852791 -0.0120369 0.9824882
1740549130.191906 -3.7910154 -1.8853983 13.0856438 -0.0192724 -0.1870236 -0.0126630 0.9820847
1740549130.290762 -3.8222022 -1.8901589 13.1667328 -0.0229899 -0.1890060 -0.0132236 0.9816177
1740549130.394722 -3.8483939 -1.8699843 13.2454453 -0.0262393 -0.1909825 -0.0138319 0.9811452
1740549130.502132 -3.8889067 -1.8658147 13.3140965 -0.0300618 -0.1918925 -0.0146009 0.9808468
1740549130.602089 -3.9330666 -1.8580422 13.3769217 -0.0341887 -0.1924463 -0.0149991 0.9805971
1740549130.707452 -3.9663253 -1.8474243 13.4525490 -0.0368702 -0.1934217 -0.0158473 0.9802946
1740549130.809945 -4.0020747 -1.8314880 13.5269785 -0.0396733 -0.1941104 -0.0163062 0.9800415
1740549130.912471 -4.0338922 -1.8127838 13.6012888 -0.0422594 -0.1944412 -0.0168042 0.9798594
1740549131.018953 -4.0656796 -1.7978356 13.6781864 -0.0443701 -0.1945347 -0.0171498 0.9797415
1740549131.122432 -4.1025305 -1.7814299 13.7501335 -0.0466331 -0.1939829 -0.0175329 0.9797391
1740549131.231783 -4.1397634 -1.7757726 13.8171721 -0.0492278 -0.1927548 -0.0180810 0.9798445
1740549131.330675 -4.1809387 -1.7598194 13.8887148 -0.0510807 -0.1913716 -0.0183673 0.9800155
1740549131.443131 -4.2044368 -1.7440746 13.9672842 -0.0523648 -0.1901420 -0.0188705 0.9801775
1740549131.547291 -4.2351980 -1.7379972 14.0440235 -0.0539601 -0.1882534 -0.0193552 0.9804460
1740549131.647459 -4.2685552 -1.7321274 14.1147070 -0.0559349 -0.1856739 -0.0197722 0.9808188
1740549131.753313 -4.2954683 -1.7219691 14.1898146 -0.0572314 -0.1831846 -0.0197896 0.9812117
1740549131.853915 -4.3165650 -1.7242125 14.2699995 -0.0590155 -0.1807360 -0.0206968 0.9815413
1740549132.274241 -4.4338956 -1.7187507 14.5787134 -0.0691369 -0.1685483 -0.0229231 0.9829985
1740549132.375024 -4.4563947 -1.7132435 14.6569376 -0.0729565 -0.1654910 -0.0237332 0.9832227
1740549132.481707 -4.4658694 -1.7050015 14.7415285 -0.0767062 -0.1627577 -0.0249706 0.9833629
1740549132.584822 -4.4892201 -1.6973418 14.8166695 -0.0819453 -0.1596672 -0.0258117 0.9834252
1740549132.693672 -4.5037866 -1.6881077 14.8973751 -0.0875327 -0.1571906 -0.0270923 0.9833083
1740549132.796387 -4.5186095 -1.6777200 14.9781961 -0.0936954 -0.1549131 -0.0284159 0.9830644
1740549132.894961 -4.5290561 -1.6625316 15.0576820 -0.1012361 -0.1533291 -0.0297345 0.9825260
1740549133.009428 -4.5446606 -1.6505370 15.1378222 -0.1093879 -0.1519376 -0.0310855 0.9818264
1740549133.114923 -4.5642257 -1.6284719 15.2167139 -0.1175393 -0.1509418 -0.0324017 0.9809950
1740549133.221782 -4.5796509 -1.6028178 15.2962418 -0.1262961 -0.1507249 -0.0337257 0.9798948
1740549133.324224 -4.5947509 -1.5750141 15.3695917 -0.1360963 -0.1508146 -0.0355522 0.9785033
1740549133.423965 -4.6128554 -1.5457010 15.4418392 -0.1462072 -0.1515910 -0.0370348 0.9768685
1740549133.529462 -4.6328764 -1.5042977 15.5106983 -0.1567988 -0.1529651 -0.0383264 0.9749600
1740549133.627528 -4.6512485 -1.4593532 15.5765572 -0.1673649 -0.1548978 -0.0396648 0.9728425
1740549133.733329 -4.6729932 -1.4097524 15.6401739 -0.1780112 -0.1573651 -0.0409164 0.9705020
1740549133.833122 -4.6870785 -1.3556156 15.7036972 -0.1889143 -0.1606162 -0.0422164 0.9678490
1740549133.933395 -4.7199264 -1.3044587 15.7574863 -0.1998072 -0.1636033 -0.0432867 0.9651100
1740549134.048911 -4.7535892 -1.2538508 15.8138332 -0.2103451 -0.1669618 -0.0444840 0.9622369
1740549134.146941 -4.7802863 -1.2012261 15.8719206 -0.2207261 -0.1708618 -0.0452126 0.9591882
1740549134.256219 -4.8157468 -1.1559230 15.9277678 -0.2308002 -0.1747115 -0.0460305 0.9560797
1740549134.355000 -4.8466377 -1.1037481 15.9873714 -0.2402398 -0.1789973 -0.0469000 0.9529141
1740549134.458769 -4.8813362 -1.0565028 16.0417252 -0.2488092 -0.1830413 -0.0473336 0.9499207
1740549134.560603 -4.9300513 -1.0106870 16.0956535 -0.2573976 -0.1869450 -0.0479678 0.9468353
1740549134.661811 -4.9665613 -0.9647417 16.1481304 -0.2646834 -0.1905078 -0.0480471 0.9441085
1740549134.766396 -5.0065289 -0.9182537 16.2015896 -0.2717463 -0.1940161 -0.0485034 0.9413603
1740549134.865465 -5.0484285 -0.8746464 16.2532806 -0.2779516 -0.1971283 -0.0489864 0.9388736
1740549134.968805 -5.0870118 -0.8241446 16.3100510 -0.2832812 -0.2001433 -0.0487905 0.9366503
1740549135.069358 -5.1242542 -0.7747588 16.3638725 -0.2880807 -0.2025642 -0.0489534 0.9346555
1740549135.172873 -5.1501265 -0.7253661 16.4221859 -0.2920074 -0.2048897 -0.0491180 0.9329198
1740549135.283329 -5.1785727 -0.6734741 16.4776039 -0.2956109 -0.2066443 -0.0491329 0.9313959
1740549135.384316 -5.1982102 -0.6173673 16.5376740 -0.2978210 -0.2083840 -0.0490458 0.9303082
1740549135.486875 -5.2186279 -0.5712280 16.5948009 -0.3005872 -0.2091606 -0.0494132 0.9292242
1740549135.586676 -5.2315130 -0.5174544 16.6581059 -0.3019737 -0.2102215 -0.0492383 0.9285442
1740549135.685736 -5.2430124 -0.4665444 16.7194672 -0.3029133 -0.2110788 -0.0491955 0.9280459
1740549135.794904 -5.2629814 -0.4116940 16.7751865 -0.3034166 -0.2115709 -0.0490162 0.9277788
1740549135.897135 -5.2800684 -0.3536561 16.8373432 -0.3028823 -0.2126383 -0.0487798 0.9277219
1740549136.002451 -5.3028364 -0.3044133 16.8997631 -0.3027128 -0.2129362 -0.0481810 0.9277402
1740549136.101882 -5.3398237 -0.2663736 16.9635677 -0.3022521 -0.2134604 -0.0484335 0.9277567
1740549136.219441 -5.3766022 -0.2239320 17.0193024 -0.3013819 -0.2135392 -0.0480289 0.9280427
1740549136.321259 -5.4185743 -0.1842351 17.0783710 -0.3005067 -0.2137065 -0.0478965 0.9282948
1740549136.420930 -5.4537768 -0.1385834 17.1355820 -0.2990396 -0.2141795 -0.0471912 0.9286956
1740549136.524685 -5.4929385 -0.0984173 17.1947060 -0.2978091 -0.2142823 -0.0469723 0.9290783
1740549136.623936 -5.5300817 -0.0468092 17.2531872 -0.2956102 -0.2150618 -0.0461646 0.9296408
1740549136.736805 -5.5720711 -0.0121708 17.3156757 -0.2942795 -0.2152576 -0.0459598 0.9300276
1740549136.833711 -5.6098595 0.0275025 17.3764534 -0.2924695 -0.2156206 -0.0454698 0.9305385
1740549136.932960 -5.6466279 0.0688975 17.4360428 -0.2907698 -0.2159674 -0.0448315 0.9310216
1740549137.139119 -5.7048912 0.1595008 17.5602493 -0.2872069 -0.2163834 -0.0441239 0.9320641
1740549137.349298 -5.7630100 0.2492727 17.6853352 -0.2843773 -0.2161022 -0.0434134 0.9330298
1740549137.654855 -5.8558044 0.3781124 17.8748188 -0.2813195 -0.2146924 -0.0433525 0.9342843
1740549137.870307 -5.9218736 0.4653993 18.0000210 -0.2798897 -0.2134735 -0.0436110 0.9349807
1740549138.283114 -6.0195355 0.6482774 18.2558479 -0.2791724 -0.2094924 -0.0448343 0.9360372
1740549138.492682 -6.0777302 0.7387916 18.3810787 -0.2794977 -0.2071751 -0.0456422 0.9364167
1740549138.898842 -6.1884203 0.9185297 18.6341629 -0.2805601 -0.2039522 -0.0466630 0.9367562
1740549139.213181 -6.2783813 1.0482980 18.8224487 -0.2819195 -0.2026729 -0.0474030 0.9365885
1740549139.519928 -6.3635144 1.1878608 19.0065575 -0.2822520 -0.2029630 -0.0473980 0.9364258
1740549139.719133 -6.4451513 1.2807338 19.1148491 -0.2826539 -0.2028023 -0.0472725 0.9363457
1740549139.912302 -6.4788599 1.3776600 19.2491302 -0.2819326 -0.2057590 -0.0464429 0.9359596
1740549140.115028 -6.5379071 1.4709295 19.3686752 -0.2805709 -0.2087309 -0.0450921 0.9357767
1740549140.316645 -6.6173859 1.5510216 19.4757214 -0.2788646 -0.2114122 -0.0444482 0.9357156
1740549140.518856 -6.6817532 1.6496180 19.5800743 -0.2759551 -0.2163417 -0.0411926 0.9356005
1740549140.613862 -6.7195649 1.6864679 19.6351204 -0.2748325 -0.2186248 -0.0405557 0.9354280
1740549140.817641 -6.8015447 1.7501035 19.7487659 -0.2708209 -0.2252348 -0.0389924 0.9350962
1740549140.911887 -6.8478570 1.8010945 19.7897911 -0.2677159 -0.2286186 -0.0366872 0.9352624
1740549141.017334 -6.8853369 1.8355280 19.8442726 -0.2660068 -0.2323274 -0.0345472 0.9349176
1740549141.114789 -6.9321694 1.8817244 19.8961811 -0.2631512 -0.2368992 -0.0318484 0.9346743
1740549141.224944 -6.9823766 1.9226279 19.9437790 -0.2604746 -0.2416335 -0.0292968 0.9342954
1740549141.320734 -7.0401192 1.9449043 19.9937286 -0.2588022 -0.2462042 -0.0279101 0.9336091
1740549141.418599 -7.0831718 1.9757442 20.0502396 -0.2568514 -0.2518444 -0.0237696 0.9327576
1740549141.533528 -7.1375165 2.0151081 20.0997143 -0.2549573 -0.2569566 -0.0209764 0.9319496
1740549141.629427 -7.1889095 2.0483174 20.1391430 -0.2528991 -0.2621814 -0.0183505 0.9311103
1740549141.732939 -7.2412419 2.0851943 20.1838017 -0.2499576 -0.2679430 -0.0164710 0.9302992
1740549141.828885 -7.2918024 2.1275613 20.2359200 -0.2477507 -0.2739519 -0.0130920 0.9291924
1740549141.927206 -7.3496299 2.1592340 20.2832565 -0.2458046 -0.2796952 -0.0105924 0.9280294
1740549142.033964 -7.3949370 2.1893840 20.3260117 -0.2442605 -0.2851892 -0.0080995 0.9267893
1740549142.129116 -7.4594812 2.2275023 20.3620586 -0.2423400 -0.2905913 -0.0059014 0.9256312
1740549142.232927 -7.5150938 2.2487481 20.3944359 -0.2422007 -0.2957941 -0.0028336 0.9240328
1740549142.328842 -7.5793877 2.2652969 20.4357262 -0.2422626 -0.3013369 -0.0013923 0.9222272
1740549142.427457 -7.5836515 2.2652636 20.4407043 -0.2425044 -0.3085334 -0.0006036 0.9197817
1740549142.535507 -7.6098995 2.2748311 20.4640808 -0.2434493 -0.3156327 0.0024429 0.9171164
1740549142.629292 -7.6216011 2.2806556 20.4727249 -0.2459109 -0.3229612 0.0071005 0.9138783
1740549142.732876 -7.6294909 2.2808723 20.4791641 -0.2465975 -0.3287926 0.0085827 0.9115983
1740549142.828740 -7.6198654 2.2761581 20.4749794 -0.2467403 -0.3343173 0.0112437 0.9095190
1740549142.926872 -7.6128778 2.2726173 20.4710464 -0.2491238 -0.3374385 0.0163988 0.9076363
1740549143.029738 -7.6145892 2.2657928 20.4701633 -0.2545067 -0.3419263 0.0197681 0.9043904
1740549143.127556 -7.6258211 2.2592542 20.4873238 -0.2611737 -0.3483407 0.0196498 0.9000338
1740549143.237819 -7.6645060 2.2762525 20.5128498 -0.2620605 -0.3562419 0.0221672 0.8966185
1740549143.336166 -7.6941166 2.2982051 20.5377274 -0.2624762 -0.3641129 0.0259975 0.8932257
1740549143.433857 -7.7300973 2.3197374 20.5551472 -0.2615741 -0.3697615 0.0277746 0.8911139
1740549143.534025 -7.7668905 2.3306630 20.5798378 -0.2631586 -0.3762961 0.0292382 0.8878592
1740549143.633146 -7.8245945 2.3532209 20.6141319 -0.2643471 -0.3820203 0.0306957 0.8850079
1740549143.742240 -7.8771944 2.3873858 20.6524448 -0.2644988 -0.3877324 0.0329202 0.8823946
1740549143.835125 -7.9072895 2.4010139 20.6786613 -0.2663732 -0.3953490 0.0347076 0.8783734
1740549143.930180 -7.9542747 2.4311309 20.7042313 -0.2670113 -0.4009279 0.0362991 0.8755822
1740549144.034577 -7.9827256 2.4368975 20.7334747 -0.2701062 -0.4083413 0.0377979 0.8711323
1740549144.128412 -8.0262165 2.4408045 20.7695847 -0.2728268 -0.4142419 0.0407934 0.8673552
1740549144.231366 -8.0635033 2.4572387 20.7945595 -0.2743453 -0.4205909 0.0415079 0.8637795
1740549144.329624 -8.1202612 2.4936304 20.8241673 -0.2741463 -0.4260393 0.0435086 0.8610699
1740549144.425783 -8.1516838 2.5106111 20.8453140 -0.2753931 -0.4320113 0.0437533 0.8576774
1740549144.527759 -8.1863098 2.5183616 20.8745918 -0.2785948 -0.4379487 0.0445648 0.8535806
1740549144.624390 -8.2376671 2.5476086 20.9039459 -0.2786931 -0.4436189 0.0469499 0.8504871
1740549144.719829 -8.2684574 2.5490494 20.9416618 -0.2822583 -0.4505700 0.0480195 0.8455833
1740549144.920190 -8.3318052 2.5567565 20.9847775 -0.2886082 -0.4617249 0.0476037 0.8374063
1740549145.023302 -8.3686228 2.5643582 21.0017014 -0.2919519 -0.4671440 0.0468857 0.8332720
1740549145.119442 -8.4216557 2.5696058 21.0353928 -0.2946388 -0.4715735 0.0467983 0.8298291
1740549145.216272 -8.4381170 2.5684369 21.0545387 -0.2982338 -0.4787182 0.0494330 0.8242826
1740549145.321730 -8.4967623 2.5794387 21.0796318 -0.3010407 -0.4826651 0.0485316 0.8210077
1740549145.421410 -8.5193024 2.5644782 21.1007175 -0.3073606 -0.4854973 0.0492269 0.8169447
1740549145.524386 -8.5789042 2.5799234 21.1122551 -0.3100319 -0.4880554 0.0492995 0.8144026
1740549145.715732 -8.6513214 2.5918987 21.1757965 -0.3171304 -0.4990381 0.0496974 0.8049346
1740549145.818958 -8.6848145 2.6192863 21.2070999 -0.3176551 -0.5047513 0.0504057 0.8011121
1740549145.915593 -8.7163620 2.6169484 21.2189102 -0.3217606 -0.5075670 0.0503607 0.7976902
1740549146.019634 -8.7617636 2.6212564 21.2286682 -0.3244763 -0.5104482 0.0503937 0.7947442
1740549146.117658 -8.7772961 2.6316762 21.2397270 -0.3260983 -0.5158869 0.0512828 0.7905002
1740549146.211721 -8.7919378 2.6421680 21.2492695 -0.3262859 -0.5187582 0.0525521 0.7884578
1740549146.410652 -8.8639326 2.6546321 21.2355461 -0.3325069 -0.5178026 0.0501308 0.7866427
1740549146.516978 -8.8992310 2.6723833 21.2369499 -0.3325965 -0.5196061 0.0511772 0.7853471
1740549146.611803 -8.9058323 2.6835594 21.2365150 -0.3317275 -0.5214398 0.0529605 0.7843804
1740549146.709203 -8.9127016 2.6863937 21.2396545 -0.3343506 -0.5206529 0.0536443 0.7837427
1740549146.808975 -8.9153767 2.6880045 21.2414455 -0.3372941 -0.5204466 0.0566645 0.7824047
1740549146.905275 -8.9412184 2.6979003 21.2378883 -0.3373860 -0.5205096 0.0541193 0.7825034
1740549147.005484 -8.9710655 2.7208104 21.2591324 -0.3396595 -0.5239499 0.0522436 0.7793449
1740549147.118003 -9.0208635 2.7461605 21.2640648 -0.3397034 -0.5260146 0.0544839 0.7777800
1740549147.216041 -9.0567875 2.7622080 21.2659683 -0.3420126 -0.5265363 0.0556075 0.7763342
1740549147.320997 -9.0902205 2.7822652 21.2735519 -0.3445399 -0.5265619 0.0559161 0.7751763
1740549147.419025 -9.1586075 2.8194876 21.2900944 -0.3444478 -0.5263328 0.0558014 0.7753810
1740549147.524596 -9.2006521 2.8395634 21.2880325 -0.3458522 -0.5263360 0.0552440 0.7747934
1740549147.619519 -9.2508917 2.8665938 21.2799778 -0.3436419 -0.5257089 0.0544314 0.7762587
1740549147.713788 -9.2670603 2.8801136 21.2830257 -0.3448727 -0.5270453 0.0555845 0.7747235
1740549147.812451 -9.3002396 2.8818884 21.2945747 -0.3475465 -0.5276279 0.0530835 0.7733062
1740549147.908174 -9.3415327 2.9163108 21.3097038 -0.3479626 -0.5282552 0.0532696 0.7726778
1740549148.010894 -9.4128456 2.9542770 21.3221130 -0.3479170 -0.5281679 0.0525391 0.7728080
1740549148.107091 -9.4648170 2.9791379 21.3216209 -0.3485803 -0.5278042 0.0515376 0.7728249
1740549148.201573 -9.5226402 2.9995689 21.3246651 -0.3498470 -0.5261813 0.0499168 0.7734653
1740549148.304168 -9.5674763 3.0111337 21.3322067 -0.3526438 -0.5251787 0.0482728 0.7729809
1740549148.399598 -9.5796061 3.0234437 21.3299828 -0.3511301 -0.5248512 0.0481021 0.7739025
1740549148.497836 -9.5946074 3.0530090 21.3365746 -0.3512105 -0.5265471 0.0490924 0.7726508
1740549148.594221 -9.6247053 3.0604391 21.3386917 -0.3542246 -0.5251628 0.0482658 0.7722690
1740549148.688622 -9.6907339 3.0915208 21.3522987 -0.3560872 -0.5241403 0.0472708 0.7721686
1740549148.785482 -9.7476330 3.1398635 21.3691578 -0.3578203 -0.5243729 0.0456541 0.7713064
1740549148.879812 -9.8211021 3.1855664 21.3674545 -0.3573765 -0.5233420 0.0449922 0.7722506
1740549148.979693 -9.8870478 3.2157102 21.3836441 -0.3597243 -0.5228060 0.0436878 0.7715982
1740549149.078056 -9.9476862 3.2520185 21.4034500 -0.3613158 -0.5220031 0.0423939 0.7714703
1740549149.179826 -10.0226450 3.2817345 21.4073143 -0.3638680 -0.5193670 0.0410099 0.7721244
1740549149.283592 -10.0892677 3.3192577 21.4270668 -0.3653302 -0.5172380 0.0404895 0.7728903
1740549149.380538 -10.1482134 3.3615541 21.4252586 -0.3651515 -0.5151191 0.0393816 0.7744455
1740549149.484184 -10.2072086 3.4014835 21.4176960 -0.3643238 -0.5138141 0.0372873 0.7758047
1740549149.581177 -10.2636681 3.4340563 21.4265709 -0.3670211 -0.5118917 0.0362105 0.7758552
1740549149.676448 -10.3106327 3.4508386 21.4360046 -0.3715472 -0.5088632 0.0346570 0.7757640
1740549149.777166 -10.3724022 3.4564834 21.4483013 -0.3740355 -0.5056985 0.0308174 0.7767990
1740549149.871306 -10.4214802 3.4960546 21.4634933 -0.3748583 -0.5048849 0.0301692 0.7769571
1740549149.967124 -10.4920673 3.5366797 21.4654846 -0.3764634 -0.5021026 0.0289580 0.7780294
1740549150.071241 -10.5441093 3.5684304 21.4812088 -0.3785221 -0.5013344 0.0269610 0.7775977
1740549150.169584 -10.5422564 3.5775137 21.4817581 -0.3794002 -0.4994588 0.0268269 0.7783808
1740549150.273779 -10.5589485 3.5799322 21.4873238 -0.3816833 -0.4965464 0.0221980 0.7792733
1740549150.369635 -10.5559378 3.5852351 21.4767761 -0.3812613 -0.4944094 0.0201763 0.7808919
1740549150.462711 -10.5614491 3.5674953 21.4804840 -0.3848190 -0.4929540 0.0168162 0.7801461
1740549150.561388 -10.5634346 3.5803976 21.4864140 -0.3853058 -0.4934815 0.0138784 0.7796300
1740549150.655398 -10.5654240 3.6057062 21.4942818 -0.3845080 -0.4950671 0.0176645 0.7789417
1740549150.757512 -10.5850449 3.6126471 21.4998703 -0.3868768 -0.4944073 0.0157387 0.7782288
1740549150.850542 -10.5818806 3.6134801 21.5040989 -0.3883098 -0.4949140 0.0135845 0.7772329
1740549150.943638 -10.5824833 3.6120162 21.5054970 -0.3889380 -0.4955280 0.0090833 0.7765930
1740549151.044207 -10.5845308 3.6174293 21.5070381 -0.3891657 -0.4965714 0.0083416 0.7758204
1740549151.139069 -10.5969601 3.6315231 21.5073204 -0.3933915 -0.4950075 0.0105395 0.7746610
1740549151.237400 -10.5958405 3.6238971 21.5035934 -0.3922539 -0.4947227 0.0033741 0.7754837
1740549151.337283 -10.6026955 3.6324778 21.5033684 -0.3967395 -0.4935842 0.0045239 0.7739199
1740549151.432378 -10.6338053 3.6612558 21.5142136 -0.3979339 -0.4955333 0.0074665 0.7720360
1740549151.534129 -10.6539526 3.7043037 21.5196114 -0.3967651 -0.4990892 0.0092977 0.7703252
1740549151.626552 -10.6725073 3.7191563 21.5224133 -0.3997333 -0.5002708 0.0087476 0.7680273
1740549151.720597 -10.6844206 3.7159290 21.5196018 -0.4018919 -0.4993010 0.0046841 0.7675673
1740549151.827903 -10.6827116 3.7145104 21.5182915 -0.4068997 -0.4991323 0.0075056 0.7650119
1740549151.922681 -10.6879902 3.7167335 21.5195866 -0.4111080 -0.4987163 0.0090736 0.7630137
1740549152.027762 -10.6695862 3.7075114 21.5101700 -0.4118541 -0.4992509 0.0083421 0.7622697
1740549152.121591 -10.6752949 3.7086773 21.5145721 -0.4139572 -0.5012839 0.0048958 0.7598223
1740549152.215343 -10.6846867 3.7123518 21.5212517 -0.4161917 -0.5035366 0.0032093 0.7571163
1740549152.315523 -10.6767397 3.7000880 21.5223274 -0.4181252 -0.5053700 0.0008354 0.7548324
1740549152.412139 -10.6847191 3.6991425 21.5157776 -0.4192606 -0.5045581 -0.0037117 0.7547370
1740549152.513373 -10.6944761 3.7022629 21.5222244 -0.4241901 -0.5050007 -0.0025578 0.7516851
1740549152.610608 -10.6812620 3.7046885 21.5261002 -0.4246208 -0.5092158 -0.0027043 0.7485914
1740549152.705400 -10.6814833 3.7114501 21.5247040 -0.4273375 -0.5092837 0.0000649 0.7470026
1740549152.809672 -10.6839209 3.7078271 21.5245323 -0.4290961 -0.5096604 -0.0045838 0.7457223
1740549152.904751 -10.6963520 3.7132120 21.5211792 -0.4329379 -0.5088506 -0.0041983 0.7440553
1740549153.007737 -10.7270222 3.7330132 21.5154037 -0.4345623 -0.5069205 -0.0052261 0.7444192
1740549153.101718 -10.7467318 3.7383966 21.5094032 -0.4383769 -0.5049322 -0.0055246 0.7435312
1740549153.195200 -10.7362614 3.7373972 21.5078869 -0.4392880 -0.5057439 -0.0062063 0.7424357
1740549153.296091 -10.7491274 3.7493458 21.5083523 -0.4380431 -0.5076173 -0.0095801 0.7418565
1740549153.390643 -10.7991343 3.7686977 21.5035839 -0.4402901 -0.5057696 -0.0127665 0.7417403
1740549153.501761 -10.8461342 3.7922964 21.4900322 -0.4398161 -0.5044941 -0.0149115 0.7428494
1740549153.597249 -10.8902817 3.8177166 21.4878883 -0.4384855 -0.5051920 -0.0159768 0.7431394
1740549153.693711 -10.9389868 3.8447599 21.4820175 -0.4395627 -0.5041294 -0.0180288 0.7431778
1740549153.797148 -10.9657087 3.8721285 21.4692841 -0.4377210 -0.5028959 -0.0191585 0.7450697
1740549153.893286 -11.0093279 3.8975868 21.4620743 -0.4375012 -0.5016472 -0.0213413 0.7459808
1740549154.002474 -11.0607138 3.9226913 21.4572334 -0.4374852 -0.5000743 -0.0233822 0.7469844
1740549154.097127 -11.1063223 3.9502783 21.4460640 -0.4379455 -0.4990789 -0.0244473 0.7473462
1740549154.193021 -11.1322708 3.9740067 21.4356651 -0.4358090 -0.4981843 -0.0235048 0.7492199
1740549154.293711 -11.1780024 4.0030766 21.4309349 -0.4362608 -0.4976686 -0.0249507 0.7492529
1740549154.388651 -11.2372503 4.0388689 21.4348068 -0.4360004 -0.4972715 -0.0268514 0.7496023
1740549154.485388 -11.2703714 4.0577230 21.4263496 -0.4342334 -0.4957654 -0.0279535 0.7515827
1740549154.586693 -11.2976580 4.0823927 21.4193420 -0.4330957 -0.4962504 -0.0270650 0.7519516
1740549154.679709 -11.3457880 4.1095142 21.4217262 -0.4343212 -0.4968628 -0.0272593 0.7508325
1740549154.782305 -11.3927155 4.1353192 21.4198341 -0.4326623 -0.4973456 -0.0297868 0.7513744
1740549154.878308 -11.4627419 4.1715226 21.4182396 -0.4329825 -0.4978789 -0.0311537 0.7507811
1740549154.972628 -11.5341072 4.2085266 21.4243240 -0.4328499 -0.4992718 -0.0320156 0.7498958
1740549155.073535 -11.5883465 4.2363482 21.4294510 -0.4340164 -0.5010347 -0.0330641 0.7479978
1740549155.166376 -11.6596651 4.2714462 21.4349422 -0.4357773 -0.5015821 -0.0326042 0.7466261
1740549155.269526 -11.7240219 4.3062820 21.4373951 -0.4355446 -0.5031001 -0.0321140 0.7457613
1740549155.363893 -11.7678986 4.3281913 21.4454575 -0.4372997 -0.5050920 -0.0316538 0.7434037
1740549155.461140 -11.8226528 4.3553553 21.4492035 -0.4378327 -0.5058510 -0.0316458 0.7425738
1740549155.564562 -11.8813496 4.3903613 21.4495430 -0.4362059 -0.5070547 -0.0312843 0.7427256
1740549155.661304 -11.9396935 4.4240837 21.4547043 -0.4372323 -0.5088517 -0.0292291 0.7409747
1740549155.762348 -11.9953289 4.4559021 21.4585533 -0.4367121 -0.5111654 -0.0278283 0.7397419
1740549155.858957 -12.0455570 4.4863772 21.4622574 -0.4368847 -0.5121825 -0.0246935 0.7390474
1740549155.954877 -12.0990467 4.5173850 21.4678898 -0.4371528 -0.5137877 -0.0224810 0.7378443
1740549156.055189 -12.1517763 4.5676446 21.4683952 -0.4350211 -0.5151500 -0.0207302 0.7382056
1740549156.151120 -12.2086182 4.6178870 21.4667091 -0.4332382 -0.5164921 -0.0192234 0.7383570
1740549156.254935 -12.2428694 4.6385632 21.4730949 -0.4336137 -0.5166519 -0.0161451 0.7380984
1740549156.349517 -12.2653961 4.6497865 21.4733696 -0.4331895 -0.5167346 -0.0170425 0.7382694
1740549156.446611 -12.2935534 4.6630354 21.4740105 -0.4326510 -0.5159301 -0.0182420 0.7391188
1740549156.549882 -12.3234015 4.6890731 21.4719849 -0.4304869 -0.5157202 -0.0174327 0.7405469
1740549156.646035 -12.3391552 4.7090917 21.4581375 -0.4250871 -0.5141153 -0.0177010 0.7447639
1740549156.744613 -12.3459768 4.7129688 21.4620247 -0.4244226 -0.5152830 -0.0195720 0.7442888
1740549156.847230 -12.3498268 4.7146115 21.4774284 -0.4259823 -0.5168292 -0.0184151 0.7423527
1740549156.944763 -12.3589325 4.7180748 21.4775925 -0.4247177 -0.5168843 -0.0201838 0.7429927
1740549157.046968 -12.3674440 4.7205429 21.4753761 -0.4227883 -0.5157567 -0.0223713 0.7448118
1740549157.142457 -12.3887796 4.7358422 21.4635086 -0.4187428 -0.5138836 -0.0208577 0.7484271
1740549157.238728 -12.3950567 4.7430711 21.4710541 -0.4189758 -0.5134212 -0.0201694 0.7486328
1740549157.346623 -12.3983440 4.7521501 21.4788704 -0.4180150 -0.5138173 -0.0186462 0.7489377
1740549157.442645 -12.4122248 4.7609215 21.4834099 -0.4188526 -0.5133258 -0.0173859 0.7488370
1740549157.546614 -12.4102840 4.7614450 21.4885120 -0.4179669 -0.5132355 -0.0161703 0.7494208
1740549157.641732 -12.4254713 4.7631493 21.4791775 -0.4172476 -0.5095133 -0.0158600 0.7523624
1740549157.737886 -12.4345369 4.7688975 21.4654427 -0.4140751 -0.5062546 -0.0152807 0.7563165
1740549157.847641 -12.4441118 4.7625856 21.4675579 -0.4145870 -0.5044434 -0.0160516 0.7572297
1740549157.945290 -12.4439173 4.7613673 21.4680805 -0.4155595 -0.5026590 -0.0154169 0.7578961
1740549158.048167 -12.4509735 4.7635550 21.4611759 -0.4146892 -0.4993995 -0.0148726 0.7605339
1740549158.145490 -12.4659367 4.7822976 21.4467926 -0.4080311 -0.4964387 -0.0144315 0.7660621
1740549158.241773 -12.4704685 4.7903714 21.4502716 -0.4062643 -0.4963997 -0.0142249 0.7670296
1740549158.345735 -12.4794559 4.7845421 21.4516792 -0.4090322 -0.4935707 -0.0142126 0.7673842
1740549158.441410 -12.4818220 4.7892461 21.4538002 -0.4066694 -0.4939367 -0.0142566 0.7684031
1740549158.542881 -12.4915628 4.7959423 21.4530468 -0.4062181 -0.4925328 -0.0132519 0.7695600
1740549158.638783 -12.4905682 4.8054004 21.4580956 -0.4036284 -0.4944641 -0.0113173 0.7697151
1740549158.736259 -12.4970655 4.8078299 21.4609203 -0.4026885 -0.4941434 -0.0113436 0.7704126
1740549158.840818 -12.5029764 4.8107491 21.4668427 -0.4043336 -0.4931436 -0.0084978 0.7702282
1740549158.940563 -12.5056763 4.8122892 21.4663582 -0.4016150 -0.4913704 -0.0093592 0.7727696
1740549159.042939 -12.5033083 4.8125815 21.4671249 -0.4025826 -0.4919414 -0.0083276 0.7719142
1740549159.139765 -12.5048628 4.8141212 21.4729538 -0.4025606 -0.4926274 -0.0095367 0.7714741
1740549159.235657 -12.5085402 4.8166866 21.4743462 -0.4008606 -0.4927871 -0.0097307 0.7722545
1740549159.339975 -12.5145912 4.8217220 21.4793968 -0.3989258 -0.4930751 -0.0106591 0.7730599
1740549159.436825 -12.5141144 4.8296809 21.4805832 -0.3949971 -0.4910766 -0.0075732 0.7763786
1740549159.539426 -12.5161953 4.8310771 21.4825668 -0.3946753 -0.4894795 -0.0061343 0.7775626
1740549159.638810 -12.5271015 4.8386831 21.4896126 -0.3918003 -0.4893146 -0.0089928 0.7790911
1740549159.736955 -12.5379429 4.8410482 21.4878960 -0.3936456 -0.4850585 -0.0103082 0.7808042
1740549159.841470 -12.5513716 4.8409457 21.4855957 -0.3919088 -0.4810957 -0.0134647 0.7840747
1740549159.940899 -12.5535145 4.8437076 21.4855118 -0.3891158 -0.4765154 -0.0153925 0.7882164
1740549160.043730 -12.5657444 4.8438721 21.4849548 -0.3934114 -0.4722415 -0.0176391 0.7886092
1740549160.140900 -12.5980844 4.8515778 21.4808197 -0.3923658 -0.4676447 -0.0200156 0.7918061
1740549160.239685 -12.6607904 4.8561621 21.4762917 -0.3915738 -0.4629617 -0.0219433 0.7948930
1740549160.344797 -12.7340355 4.8620119 21.4729614 -0.3923609 -0.4594422 -0.0253422 0.7964443
1740549160.442555 -12.8006229 4.8704143 21.4718704 -0.3933703 -0.4552433 -0.0264754 0.7983186
1740549160.545527 -12.8641281 4.8782601 21.4723492 -0.3949461 -0.4515868 -0.0286174 0.7995424
1740549160.643450 -12.9184208 4.9099417 21.5019684 -0.3935990 -0.4502407 -0.0297204 0.8009244
1740549160.739986 -12.9851704 4.9565907 21.5207138 -0.3927182 -0.4490592 -0.0291717 0.8020395
1740549160.848830 -13.0347843 4.9803534 21.5319633 -0.3914420 -0.4456358 -0.0307057 0.8045117
1740549160.946728 -13.0919819 5.0354490 21.5716476 -0.3903465 -0.4463930 -0.0303144 0.8046390
1740549161.049689 -13.1467371 5.0857053 21.5896034 -0.3880781 -0.4446992 -0.0296968 0.8066946
1740549161.149570 -13.2024918 5.1422272 21.6162796 -0.3861299 -0.4440790 -0.0286390 0.8080083
1740549161.257564 -13.2576656 5.1955462 21.6443539 -0.3841808 -0.4433693 -0.0280965 0.8093450
1740549161.457144 -13.3713579 5.2942038 21.6963539 -0.3806871 -0.4413560 -0.0276517 0.8121069
1740549161.560953 -13.4306793 5.3428445 21.7239113 -0.3789701 -0.4405737 -0.0271472 0.8133509
1740549161.769200 -13.5430918 5.4448690 21.7818203 -0.3752725 -0.4388677 -0.0260132 0.8160203
1740549161.967374 -13.6509695 5.5569696 21.8440208 -0.3711688 -0.4380969 -0.0237390 0.8183773
1740549162.173817 -13.7688866 5.6544704 21.9152870 -0.3675785 -0.4377176 -0.0225875 0.8202311
1740549162.274289 -13.8233824 5.7064042 21.9427528 -0.3648734 -0.4370302 -0.0211522 0.8218423
1740549162.476851 -13.9291821 5.7888160 21.9964905 -0.3597539 -0.4356962 -0.0195544 0.8248416
1740549162.678443 -14.0571432 5.9017959 22.0661430 -0.3561246 -0.4369383 -0.0170706 0.8258141
1740549162.784577 -14.1161594 5.9380422 22.0901146 -0.3536480 -0.4365427 -0.0159246 0.8271094
1740549162.985258 -14.2340803 6.0466051 22.1669388 -0.3511340 -0.4377236 -0.0141332 0.8275889
1740549163.188719 -14.3468266 6.1231446 22.1976852 -0.3446762 -0.4368770 -0.0120370 0.8307779
1740549163.391893 -14.4771233 6.2067790 22.2593479 -0.3428301 -0.4365498 -0.0109722 0.8317280
1740549163.596434 -14.6175919 6.2924762 22.3259258 -0.3409459 -0.4376024 -0.0096556 0.8319656
1740549163.701729 -14.6758595 6.3373909 22.3617020 -0.3402596 -0.4381576 -0.0088717 0.8319632
1740549163.807844 -14.7355919 6.3764572 22.3927612 -0.3390557 -0.4383714 -0.0084339 0.8323465
1740549163.908289 -14.7946625 6.4107985 22.4177532 -0.3375713 -0.4374584 -0.0086110 0.8334276
1740549164.015076 -14.8547144 6.4465604 22.4454536 -0.3373504 -0.4371991 -0.0079150 0.8336601
1740549164.114975 -14.9232101 6.4926634 22.4809608 -0.3375889 -0.4373911 -0.0080591 0.8334613
1740549164.214428 -14.9784374 6.5402966 22.5104332 -0.3375962 -0.4369926 -0.0081546 0.8336665
1740549164.328689 -15.0262794 6.5992141 22.5429306 -0.3376977 -0.4370166 -0.0078577 0.8336156
1740549164.427706 -15.0792913 6.6484809 22.5764217 -0.3379923 -0.4368569 -0.0084488 0.8335742
1740549164.530957 -15.1445274 6.6998482 22.6140289 -0.3383812 -0.4372342 -0.0083522 0.8332195
1740549164.631567 -15.2069483 6.7456398 22.6435146 -0.3383293 -0.4371668 -0.0083149 0.8332763
1740549164.730246 -15.2491465 6.7953234 22.6730194 -0.3391604 -0.4366866 -0.0092447 0.8331804
1740549164.834119 -15.2832508 6.8549633 22.7046089 -0.3384469 -0.4364714 -0.0100066 0.8335744
1740549164.935653 -15.3347569 6.9064980 22.7304993 -0.3387415 -0.4359724 -0.0105723 0.8337089
1740549165.044164 -15.3927956 6.9462657 22.7716541 -0.3396821 -0.4362560 -0.0110166 0.8331720
1740549165.143656 -15.4528599 6.9825439 22.7932224 -0.3392516 -0.4355588 -0.0102435 0.8337218
1740549165.243463 -15.5170479 7.0214615 22.8227844 -0.3388303 -0.4361323 -0.0101091 0.8335949
1740549165.348312 -15.5580511 7.0735288 22.8502197 -0.3383971 -0.4361086 -0.0096635 0.8337885
1740549165.448211 -15.6448526 7.1153889 22.8850861 -0.3383811 -0.4353541 -0.0108808 0.8341743
1740549165.555829 -15.6918240 7.1617560 22.9134579 -0.3377032 -0.4359283 -0.0096674 0.8341640
1740549165.655652 -15.7518387 7.1914315 22.9440727 -0.3367598 -0.4358673 -0.0103732 0.8345687
1740549165.761869 -15.8076077 7.2352138 22.9793510 -0.3366396 -0.4370209 -0.0094872 0.8340243
1740549165.871648 -15.8628139 7.2928839 23.0069447 -0.3350234 -0.4366814 -0.0081349 0.8348668
1740549165.972558 -15.9252377 7.3327308 23.0429344 -0.3332021 -0.4375912 -0.0074365 0.8351257
1740549166.090395 -15.9945164 7.3759127 23.0748043 -0.3324734 -0.4376407 -0.0066405 0.8353969
1740549166.192256 -16.0466709 7.4152775 23.1048832 -0.3306730 -0.4371431 -0.0054066 0.8363803
1740549166.398386 -16.1720028 7.5152826 23.1714554 -0.3278369 -0.4374346 -0.0044203 0.8373497
1740549166.499887 -16.2382984 7.5519795 23.2067490 -0.3269245 -0.4373934 -0.0039463 0.8377301
1740549166.607823 -16.3016720 7.5908184 23.2358246 -0.3254645 -0.4364889 -0.0034656 0.8387719
1740549166.709823 -16.3630962 7.6241980 23.2690372 -0.3249223 -0.4356048 -0.0035746 0.8394410
1740549166.812874 -16.4226685 7.6674404 23.2995720 -0.3231011 -0.4344020 -0.0030717 0.8407682
1740549166.915012 -16.4965363 7.7076693 23.3356419 -0.3225826 -0.4333185 -0.0035182 0.8415244
1740549167.124330 -16.6034908 7.7893348 23.4055519 -0.3214424 -0.4293784 -0.0040816 0.8439741
1740549167.224505 -16.6697826 7.8399315 23.4384766 -0.3199305 -0.4275182 -0.0036812 0.8454934
1740549167.441819 -16.7816944 7.9322901 23.5058537 -0.3193433 -0.4223561 -0.0054446 0.8482957
1740549167.546705 -16.8273296 7.9821301 23.5561867 -0.3195160 -0.4205367 -0.0062386 0.8491287
1740549167.771944 -16.9295807 8.0784750 23.6368046 -0.3193528 -0.4149975 -0.0084116 0.8518921
1740549167.978791 -17.0318527 8.1783514 23.7159977 -0.3196477 -0.4094899 -0.0101895 0.8544235
1740549168.195249 -17.1468964 8.2621918 23.8031425 -0.3207229 -0.4031163 -0.0136472 0.8569993
1740549168.406772 -17.2593822 8.3614893 23.8823814 -0.3204266 -0.3975603 -0.0152677 0.8596741
1740549168.632490 -17.3647747 8.4592724 23.9666901 -0.3208273 -0.3923575 -0.0176906 0.8618657
1740549168.955288 -17.5144501 8.6072540 24.0960388 -0.3206349 -0.3858533 -0.0197593 0.8648238
1740549169.383755 -17.7282333 8.7814198 24.2637405 -0.3188888 -0.3792711 -0.0214349 0.8683340
1740549169.704244 -17.8706379 8.9416809 24.3913956 -0.3164644 -0.3760803 -0.0214558 0.8706053
1740549170.022767 -18.0234432 9.0825558 24.5244179 -0.3130750 -0.3745396 -0.0203061 0.8725204
1740549170.454929 -18.2339649 9.2638359 24.7010345 -0.3060660 -0.3750224 -0.0172137 0.8748631
1740549170.760320 -18.3972759 9.3889141 24.8375320 -0.2995554 -0.3767064 -0.0140379 0.8764484
1740549171.078059 -18.5726032 9.5056725 24.9651604 -0.2910429 -0.3782768 -0.0097453 0.8786955
1740549171.275447 -18.6818676 9.5828438 25.0631485 -0.2858200 -0.3802371 -0.0069103 0.8795902
1740549171.488793 -18.7978973 9.6572933 25.1506901 -0.2797489 -0.3812584 -0.0039898 0.8811167
1740549171.693776 -18.9157772 9.7241440 25.2454815 -0.2737982 -0.3826959 -0.0013127 0.8823699
1740549171.906413 -19.0241184 9.8027325 25.3402653 -0.2680053 -0.3838211 0.0012985 0.8836588
1740549172.109108 -19.1355915 9.8752689 25.4391880 -0.2624081 -0.3846018 0.0042057 0.8849891
1740549172.315037 -19.2492828 9.9461098 25.5310249 -0.2572341 -0.3858423 0.0065830 0.8859532
1740549172.516876 -19.3662434 10.0167980 25.6266136 -0.2525305 -0.3865617 0.0088898 0.8869720
1740549172.721771 -19.4802837 10.0831957 25.7258129 -0.2480089 -0.3871632 0.0111091 0.8879600
1740549172.931865 -19.5953732 10.1447878 25.8226433 -0.2436904 -0.3880348 0.0134918 0.8887418
1740549173.140415 -19.7167454 10.2048225 25.9159851 -0.2399628 -0.3882888 0.0154717 0.8896125
1740549173.457603 -19.8935661 10.3052855 26.0573139 -0.2335278 -0.3889780 0.0177373 0.8909806
1740549173.662642 -19.9974785 10.3614960 26.1688976 -0.2308999 -0.3905510 0.0204128 0.8909200
1740549173.971825 -20.1688156 10.4660759 26.3161640 -0.2240962 -0.3912092 0.0227950 0.8923098
1740549174.182139 -20.2893600 10.5122795 26.4134407 -0.2226015 -0.3907182 0.0236934 0.8928754
1740549174.490930 -20.4640617 10.6100149 26.5555687 -0.2155600 -0.3903951 0.0247740 0.8947133
1740549174.903376 -20.7011948 10.7068167 26.7499313 -0.2096300 -0.3896320 0.0278606 0.8963627
1740549175.212609 -20.8928909 10.8266630 26.8977089 -0.2010065 -0.3866057 0.0264517 0.8996848
1740549175.614218 -21.1046925 10.8997030 27.1023407 -0.1957518 -0.3876525 0.0332449 0.9001675
1740549176.015663 -21.3229542 10.9997959 27.3101921 -0.1856200 -0.3875557 0.0371465 0.9022006
1740549176.415936 -21.5616245 11.0993223 27.5251770 -0.1780792 -0.3850123 0.0396017 0.9047017
1740549176.711049 -21.6938667 11.1729898 27.7094345 -0.1717760 -0.3872077 0.0434423 0.9048072
1740549177.007849 -21.8255615 11.2463474 27.9147034 -0.1682747 -0.3883905 0.0461612 0.9048235
1740549177.211850 -21.9032230 11.2885103 28.0327682 -0.1648753 -0.3899432 0.0493016 0.9046158
1740549177.411701 -21.9083023 11.2962627 28.0498066 -0.1636242 -0.3901159 0.0517517 0.9046317
1740549177.707898 -21.9445763 11.3026085 28.0949898 -0.1620216 -0.3878047 0.0454542 0.9062507
1740549178.006271 -21.9664154 11.3071899 28.1247444 -0.1620560 -0.3846160 0.0453406 0.9076082
1740549178.208377 -21.9830265 11.3237352 28.1595078 -0.1594475 -0.3835044 0.0455480 0.9085297
1740549178.605654 -22.0239029 11.3400669 28.2298527 -0.1585199 -0.3810207 0.0421769 0.9098988
1740549178.814891 -22.0588341 11.3516569 28.2845840 -0.1612761 -0.3789168 0.0429810 0.9102553
1740549178.910666 -22.0670414 11.3541164 28.2912827 -0.1613809 -0.3772849 0.0410992 0.9110011
1740549179.009169 -22.0675125 11.3543959 28.2963905 -0.1632144 -0.3762675 0.0446524 0.9109281
1740549179.221089 -22.0627480 11.3415089 28.2913094 -0.1651819 -0.3741255 0.0433881 0.9115166
1740549179.325730 -22.0590210 11.3440428 28.2948112 -0.1650232 -0.3737343 0.0453592 0.9116099
1740549179.519505 -22.0760765 11.3393087 28.3082809 -0.1648492 -0.3734437 0.0417156 0.9119344
1740549179.628930 -22.1032352 11.3433981 28.3140068 -0.1648550 -0.3715454 0.0418030 0.9127044
1740549179.723110 -22.1243553 11.3560228 28.3463211 -0.1644438 -0.3719616 0.0415569 0.9126203
1740549179.827581 -22.1455841 11.3682423 28.3723106 -0.1634346 -0.3716980 0.0402328 0.9129683
1740549180.025684 -22.1795521 11.3825722 28.4226646 -0.1626165 -0.3707315 0.0410411 0.9134712
1740549180.131899 -22.1945553 11.3867226 28.4395828 -0.1626468 -0.3701936 0.0424938 0.9136176
1740549180.228218 -22.2199039 11.4012413 28.4691200 -0.1616470 -0.3699324 0.0424503 0.9139028
1740549180.328742 -22.2213974 11.3997297 28.4743881 -0.1611568 -0.3694271 0.0406367 0.9142761
1740549180.429969 -22.2354908 11.4055481 28.4955482 -0.1613655 -0.3691419 0.0420209 0.9142920
1740549180.524588 -22.2464046 11.4117632 28.5097656 -0.1602362 -0.3689460 0.0431859 0.9145153
1740549180.628313 -22.2510834 11.4149933 28.5187054 -0.1594289 -0.3678133 0.0440548 0.9150710
1740549180.726061 -22.2701073 11.4196272 28.5342064 -0.1600043 -0.3662511 0.0442749 0.9155864
1740549180.923781 -22.2813492 11.4276485 28.5451164 -0.1579749 -0.3663462 0.0499489 0.9156088
1740549181.020723 -22.2868786 11.4301548 28.5495529 -0.1568484 -0.3651733 0.0509332 0.9162166
1740549181.130305 -22.2939453 11.4362144 28.5510044 -0.1553247 -0.3640054 0.0507139 0.9169528
1740549181.226513 -22.3006630 11.4402523 28.5628777 -0.1550378 -0.3631599 0.0511827 0.9173105
1740549181.330814 -22.3050976 11.4415779 28.5691128 -0.1526647 -0.3632422 0.0497897 0.9177524
1740549181.427679 -22.3040218 11.4434471 28.5719070 -0.1519351 -0.3633402 0.0492270 0.9178652
1740549181.524446 -22.3082790 11.4457140 28.5736809 -0.1517555 -0.3625118 0.0484009 0.9182662
1740549181.630135 -22.3184776 11.4535847 28.5877838 -0.1505345 -0.3634087 0.0481895 0.9181238
1740549181.727332 -22.3190212 11.4561586 28.5895081 -0.1495154 -0.3629235 0.0473580 0.9185254
1740549181.827937 -22.3155689 11.4624691 28.5963860 -0.1467528 -0.3627843 0.0491079 0.9189339
1740549181.923398 -22.3200760 11.4615955 28.6012878 -0.1468307 -0.3618185 0.0495913 0.9192762
1740549182.027248 -22.3252640 11.4671278 28.6069698 -0.1463312 -0.3615131 0.0496425 0.9194733
1740549182.129515 -22.3345623 11.4733601 28.6134872 -0.1451293 -0.3614957 0.0504471 0.9196268
1740549182.225888 -22.3320675 11.4822159 28.6131077 -0.1436806 -0.3600435 0.0513758 0.9203723
1740549182.327135 -22.3500328 11.4799824 28.6290703 -0.1452697 -0.3590474 0.0512038 0.9205215
1740549182.422106 -22.3647652 11.4807138 28.6427441 -0.1463324 -0.3584942 0.0500106 0.9206344
1740549182.520537 -22.3989506 11.4744520 28.6752701 -0.1505695 -0.3571588 0.0480203 0.9205762
1740549182.624154 -22.4064178 11.4746428 28.6820145 -0.1502436 -0.3557286 0.0467747 0.9212471
1740549182.721113 -22.4032516 11.4784155 28.6778259 -0.1488094 -0.3557901 0.0475837 0.9214147
1740549182.832651 -22.4131660 11.4743729 28.6783791 -0.1481218 -0.3551888 0.0460056 0.9218375
1740549182.930232 -22.4446316 11.4638767 28.7147903 -0.1519866 -0.3547623 0.0442639 0.9214578
1740549183.025317 -22.4716854 11.4608698 28.7530823 -0.1558038 -0.3548845 0.0437232 0.9207988
1740549183.129501 -22.4950409 11.4481888 28.7859821 -0.1571547 -0.3533083 0.0403770 0.9213281
1740549183.224547 -22.5063915 11.4556704 28.7932358 -0.1563996 -0.3532625 0.0406194 0.9214634
1740549183.340580 -22.5032558 11.4590626 28.7923698 -0.1561330 -0.3532964 0.0430772 0.9213840
1740549183.434466 -22.5417519 11.4618359 28.8326035 -0.1576853 -0.3515513 0.0408196 0.9218898
1740549183.533147 -22.5667324 11.4538012 28.8714485 -0.1604699 -0.3517945 0.0394274 0.9213770
1740549183.634775 -22.5909519 11.4730148 28.8881912 -0.1599905 -0.3540137 0.0403584 0.9205697
1740549183.732097 -22.6105919 11.4745407 28.9175873 -0.1608755 -0.3552071 0.0416440 0.9198983
1740549183.840860 -22.6436539 11.4799938 28.9675064 -0.1615629 -0.3579797 0.0421373 0.9186797
1740549183.939481 -22.6547031 11.4846878 28.9865780 -0.1634025 -0.3590079 0.0431815 0.9179043
1740549184.042390 -22.6750717 11.4871502 29.0074158 -0.1624414 -0.3583987 0.0429275 0.9183248
1740549184.147705 -22.6682777 11.5006962 29.0013962 -0.1589318 -0.3590025 0.0419102 0.9187500
1740549184.246625 -22.6879349 11.5005493 29.0237331 -0.1597374 -0.3572980 0.0426694 0.9192396
1740549184.348932 -22.6950874 11.5010004 29.0461998 -0.1624760 -0.3603196 0.0414159 0.9176362
1740549184.444885 -22.7277851 11.4987946 29.1009636 -0.1653368 -0.3624764 0.0385025 0.9164018
1740549184.542367 -22.7751637 11.5078669 29.1435127 -0.1659940 -0.3626928 0.0392758 0.9161645
1740549184.653593 -22.8202324 11.5223961 29.1957493 -0.1665878 -0.3655462 0.0412539 0.9148347
1740549184.756587 -22.8652649 11.5385551 29.2461510 -0.1665512 -0.3657495 0.0404135 0.9147977
1740549184.864718 -22.8985996 11.5521259 29.3044109 -0.1673581 -0.3676533 0.0393437 0.9139335
1740549184.965230 -22.9372005 11.5637283 29.3626194 -0.1681991 -0.3687928 0.0383685 0.9133613
1740549185.060590 -22.9297695 11.5573320 29.3607445 -0.1689416 -0.3703503 0.0386705 0.9125810
1740549185.163600 -22.9544716 11.5580263 29.3968849 -0.1714495 -0.3719775 0.0388788 0.9114419
1740549185.264406 -22.9947243 11.5585623 29.4532471 -0.1738342 -0.3735691 0.0381268 0.9103704
1740549185.370111 -23.0397186 11.5765934 29.4770641 -0.1734642 -0.3695974 0.0401025 0.9119757
1740549185.467841 -23.1108036 11.6190557 29.4883041 -0.1706300 -0.3654252 0.0410839 0.9141455
1740549185.566139 -23.1179123 11.6362514 29.4924622 -0.1705123 -0.3672581 0.0437428 0.9133092
1740549185.669559 -23.1199360 11.6388922 29.5160084 -0.1704674 -0.3696260 0.0451170 0.9122949
1740549185.766977 -23.1631012 11.6471329 29.5880661 -0.1724151 -0.3708940 0.0438864 0.9114739
1740549185.870638 -23.1780605 11.6389141 29.6515961 -0.1757695 -0.3747129 0.0455763 0.9091854
1740549185.969141 -23.1939144 11.6437740 29.6660290 -0.1765799 -0.3743105 0.0444560 0.9092496
1740549186.074119 -23.2076321 11.6406193 29.6558266 -0.1803327 -0.3725280 0.0444206 0.9092468
1740549186.193703 -23.2304287 11.6688128 29.7207813 -0.1812148 -0.3752721 0.0403692 0.9081312
1740549186.289394 -23.2691898 11.6626177 29.7693596 -0.1851551 -0.3751721 0.0422644 0.9072912
1740549186.402216 -23.3087406 11.6697254 29.8123131 -0.1882539 -0.3738117 0.0427599 0.9071918
1740549186.501472 -23.3290234 11.6656866 29.8697186 -0.1926203 -0.3758915 0.0445765 0.9053264
1740549186.605861 -23.3640480 11.6669598 29.9250145 -0.1964826 -0.3753721 0.0437040 0.9047543
1740549186.708311 -23.3943901 11.6655054 29.9804840 -0.2006902 -0.3760753 0.0428567 0.9035785
1740549186.808212 -23.4180565 11.6936140 30.0251789 -0.2004799 -0.3768313 0.0422022 0.9033411
1740549186.913501 -23.4525642 11.7255449 30.0691490 -0.2011710 -0.3770299 0.0420819 0.9031101
1740549187.014709 -23.5049191 11.7378130 30.1320686 -0.2040638 -0.3760752 0.0406954 0.9029227
1740549187.118287 -23.5293674 11.7292767 30.1856480 -0.2089075 -0.3765091 0.0377857 0.9017599
1740549187.220392 -23.5744610 11.7332077 30.2460098 -0.2117924 -0.3754353 0.0388250 0.9014904
1740549187.320407 -23.6152153 11.7782946 30.2969894 -0.2110219 -0.3748541 0.0371889 0.9019818
1740549187.423384 -23.6525078 11.7758121 30.3607635 -0.2146260 -0.3746795 0.0381535 0.9011633
1740549187.526156 -23.7009945 11.7868004 30.4266548 -0.2172689 -0.3741517 0.0377403 0.9007666
1740549187.630742 -23.7564430 11.8131685 30.4671936 -0.2168214 -0.3731810 0.0379358 0.9012687
1740549187.731887 -23.7998772 11.8374243 30.5205669 -0.2173530 -0.3722990 0.0371119 0.9015397
1740549187.834292 -23.8254604 11.8436651 30.5860710 -0.2211166 -0.3725861 0.0384834 0.9004477
1740549187.942159 -23.8599205 11.8701754 30.6483650 -0.2236537 -0.3717486 0.0398794 0.9001065
1740549188.047152 -23.8860836 11.8845387 30.7034950 -0.2262404 -0.3716666 0.0384416 0.8995562
1740549188.165024 -23.9124851 11.8817539 30.7598896 -0.2294937 -0.3716954 0.0382566 0.8987278
1740549188.265500 -23.9450531 11.9003210 30.8102570 -0.2326873 -0.3728575 0.0385769 0.8974106
1740549188.370327 -24.0113945 11.9366646 30.8604317 -0.2329924 -0.3694429 0.0379047 0.8987712
1740549188.474029 -24.0539684 11.9552927 30.9284096 -0.2358701 -0.3681201 0.0388372 0.8985236
1740549188.578360 -24.1029091 11.9952602 30.9833221 -0.2364633 -0.3671549 0.0373007 0.8988276
1740549188.689574 -24.1663589 12.0337543 31.0192413 -0.2367566 -0.3637093 0.0360771 0.9002002
1740549188.792085 -24.2162991 12.0715046 31.0782242 -0.2382030 -0.3623105 0.0351121 0.9004208
1740549188.901445 -24.2704334 12.1045866 31.1293182 -0.2394356 -0.3595948 0.0334058 0.9012470
1740549189.004250 -24.3246346 12.1288757 31.1866951 -0.2418902 -0.3578196 0.0323153 0.9013379
1740549189.113925 -24.3789120 12.1589117 31.2389832 -0.2437464 -0.3557170 0.0307939 0.9017233
1740549189.215626 -24.4321842 12.1950912 31.2914124 -0.2462050 -0.3537464 0.0293482 0.9018788
1740549189.318412 -24.4888153 12.2303524 31.3422260 -0.2490644 -0.3513396 0.0281197 0.9020736
1740549189.424645 -24.5421505 12.2684851 31.3934155 -0.2510040 -0.3486275 0.0261565 0.9026470
1740549189.532426 -24.5948544 12.2919350 31.4546661 -0.2545934 -0.3464943 0.0246802 0.9025047
1740549189.638489 -24.6483860 12.3209677 31.5090809 -0.2578224 -0.3440816 0.0224938 0.9025683
1740549189.746368 -24.7045975 12.3501062 31.5654182 -0.2616617 -0.3412126 0.0203392 0.9026037
1740549189.856987 -24.7552967 12.3922529 31.6151657 -0.2657327 -0.3386809 0.0181542 0.9024145
1740549189.965978 -24.8056583 12.4368210 31.6623878 -0.2702523 -0.3355923 0.0157156 0.9022719
1740549190.071166 -24.8553467 12.4811325 31.7104683 -0.2750562 -0.3322613 0.0130546 0.9020954
1740549190.296072 -24.9405327 12.5851364 31.8067932 -0.2849790 -0.3252843 0.0074927 0.9016213
1740549190.523205 -25.0366325 12.6793604 31.9016228 -0.2962380 -0.3182957 0.0012162 0.9005162
1740549190.749646 -25.1226196 12.7803650 32.0001068 -0.3083770 -0.3096519 -0.0058305 0.8994361
1740549191.074813 -25.2428265 12.9447708 32.1440659 -0.3277223 -0.2957766 -0.0175031 0.8971109
1740549191.406955 -25.3481369 13.1044331 32.3008575 -0.3481297 -0.2811229 -0.0293031 0.8938215
1740549191.628448 -25.4152260 13.2226620 32.3964195 -0.3617262 -0.2707916 -0.0372791 0.8913116
1740549191.954960 -25.4900684 13.4139423 32.5353928 -0.3816198 -0.2555436 -0.0493236 0.8869222
1740549192.281681 -25.5709152 13.6084003 32.6667480 -0.4008689 -0.2405609 -0.0610810 0.8818751
1740549192.608769 -25.6411972 13.8108444 32.7967491 -0.4194919 -0.2266770 -0.0719442 0.8760526
1740549193.027262 -25.7148495 14.0850773 32.9643555 -0.4441844 -0.2112477 -0.0848640 0.8665292
1740549193.560120 -25.8049660 14.4332247 33.1726646 -0.4753292 -0.1956401 -0.0994529 0.8519954
1740549193.968204 -25.8552036 14.7228336 33.3194427 -0.5027519 -0.1863319 -0.1089062 0.8370546
1740549194.272255 -25.8861027 14.9505405 33.4107170 -0.5236382 -0.1819189 -0.1147980 0.8243361
1740549194.574530 -25.9232388 15.1840286 33.4724388 -0.5461708 -0.1787487 -0.1193334 0.8096332
1740549194.877326 -25.9566650 15.4274025 33.5077782 -0.5672411 -0.1749461 -0.1241463 0.7951221
1740549195.175478 -25.9808636 15.6684799 33.5396843 -0.5861207 -0.1728543 -0.1276805 0.7812052
1740549195.474647 -26.0052376 15.9081230 33.5653152 -0.6014442 -0.1700325 -0.1311020 0.7695233
1740549195.674849 -25.9965935 16.0725250 33.5947342 -0.6102359 -0.1703588 -0.1315941 0.7624127
1740549195.979922 -26.0153580 16.3151016 33.6282425 -0.6188530 -0.1699379 -0.1324625 0.7553779
1740549196.178012 -26.0119228 16.4800148 33.6532822 -0.6235555 -0.1713228 -0.1320651 0.7512562
1740549196.383494 -26.0215950 16.6392250 33.6762276 -0.6263922 -0.1726950 -0.1308366 0.7487930
1740549196.579083 -26.0519543 16.7978859 33.6992264 -0.6276368 -0.1759142 -0.1287336 0.7473646
1740549196.778933 -26.0834446 16.9556847 33.7314415 -0.6289477 -0.1784586 -0.1258859 0.7461435
1740549197.079534 -26.1238461 17.1978951 33.7539139 -0.6280313 -0.1834162 -0.1227047 0.7462431
1740549197.384821 -26.1658325 17.4381084 33.7928238 -0.6283041 -0.1882043 -0.1178795 0.7455988
1740549197.579580 -26.2002068 17.5962181 33.8148804 -0.6272991 -0.1914784 -0.1149551 0.7460679
1740549197.779818 -26.2209053 17.7560806 33.8327484 -0.6267431 -0.1945466 -0.1127946 0.7460710
1740549197.983432 -26.2412052 17.9218025 33.8526382 -0.6259418 -0.1963446 -0.1114248 0.7464786
1740549198.182862 -26.2800407 18.0771484 33.8793259 -0.6247308 -0.1977772 -0.1100047 0.7473250
1740549198.392906 -26.3058968 18.2359467 33.9043350 -0.6243898 -0.1973927 -0.1099579 0.7477183
1740549198.589793 -26.3353920 18.3922634 33.9243393 -0.6229436 -0.1975982 -0.1092362 0.7489752
1740549198.897119 -26.3670883 18.6324120 33.9596100 -0.6222925 -0.1962484 -0.1111114 0.7495951
1740549199.089184 -26.3998070 18.7723942 34.0010567 -0.6235337 -0.1945662 -0.1121021 0.7488543
1740549199.292869 -26.4221001 18.9379387 34.0234070 -0.6225698 -0.1923103 -0.1132204 0.7500698
1740549199.596409 -26.4515476 19.1771049 34.0625839 -0.6211050 -0.1886979 -0.1166255 0.7516783
1740549199.795182 -26.4634743 19.3217163 34.0887756 -0.6213744 -0.1869501 -0.1188838 0.7515385
1740549200.097851 -26.4839478 19.5643101 34.1270905 -0.6202304 -0.1831966 -0.1221645 0.7528806
1740549200.296626 -26.5005779 19.7159824 34.1441498 -0.6208793 -0.1781727 -0.1237414 0.7532938
1740549200.499075 -26.5187588 19.8744774 34.1824036 -0.6203970 -0.1766601 -0.1275654 0.7534095
1740549200.701120 -26.5263958 20.0404854 34.2062988 -0.6174139 -0.1762255 -0.1264022 0.7561528
1740549200.796658 -26.5414867 20.1012974 34.2304039 -0.6212138 -0.1726042 -0.1301610 0.7532326
1740549200.901063 -26.5540504 20.1583881 34.2370529 -0.6234656 -0.1668142 -0.1338173 0.7520350
1740549201.096705 -26.5673275 20.3113613 34.2749634 -0.6251640 -0.1645334 -0.1351113 0.7508953
1740549201.201095 -26.5816593 20.3759480 34.2839279 -0.6268186 -0.1599034 -0.1384160 0.7499136
1740549201.297158 -26.5805016 20.4307156 34.2781906 -0.6268182 -0.1551330 -0.1389356 0.7508193
1740549201.399765 -26.5204086 20.4335022 34.2431030 -0.6200330 -0.1586476 -0.1322421 0.7569029
1740549201.497613 -26.4720669 20.4394073 34.2518616 -0.6197009 -0.1623558 -0.1278043 0.7571509
1740549201.601039 -26.4427109 20.4515152 34.2594528 -0.6195471 -0.1635735 -0.1255209 0.7573966
1740549201.701609 -26.4262390 20.4735737 34.2215805 -0.6142184 -0.1636131 -0.1251032 0.7617846
1740549201.799772 -26.4118710 20.4852295 34.1978378 -0.6104218 -0.1637066 -0.1247154 0.7648735
1740549201.902988 -26.3713493 20.4966011 34.1849365 -0.6065879 -0.1659630 -0.1198398 0.7682095
1740549201.999585 -26.2949104 20.5171108 34.1957474 -0.6048024 -0.1707526 -0.1083496 0.7702714
1740549202.202809 -26.2746544 20.4981117 34.1093369 -0.5908661 -0.1749069 -0.1133144 0.7793874
1740549202.301381 -26.2591438 20.5227909 34.0656204 -0.5833367 -0.1759565 -0.1129499 0.7848567
1740549202.405389 -26.2228451 20.5430698 34.0619659 -0.5795183 -0.1782469 -0.1067269 0.7880329
1740549202.505760 -26.1663647 20.5633259 34.0640221 -0.5763612 -0.1845378 -0.0991045 0.7898936
1740549202.615403 -26.1421413 20.5761967 34.0689316 -0.5733062 -0.1881870 -0.0959342 0.7916453
1740549202.711797 -26.1359005 20.6055145 34.0294113 -0.5655661 -0.1902080 -0.0966556 0.7966263
1740549202.810716 -26.0661507 20.6251163 34.0687561 -0.5662541 -0.1969072 -0.0842758 0.7959155
1740549202.915494 -26.0636692 20.6435909 34.0458374 -0.5612577 -0.1980877 -0.0834767 0.7992389
1740549203.012353 -26.0607738 20.6597919 34.0271912 -0.5561683 -0.1993453 -0.0827995 0.8025476
1740549203.124528 -26.0517025 20.6843643 34.0184212 -0.5519472 -0.1995348 -0.0784196 0.8058478
1740549203.223997 -26.0271397 20.7079964 33.9983063 -0.5453004 -0.2017783 -0.0738845 0.8102309
1740549203.323668 -26.0441647 20.7252388 33.9521103 -0.5350940 -0.2040116 -0.0790860 0.8159651
1740549203.432214 -26.0404472 20.7370014 33.9371033 -0.5293949 -0.2068767 -0.0789185 0.8189720
1740549203.529676 -26.0170536 20.7533493 33.9429474 -0.5258061 -0.2110131 -0.0728618 0.8207878
1740549203.638299 -26.0113831 20.7601547 33.9325218 -0.5212616 -0.2125148 -0.0705837 0.8234937
1740549203.734980 -25.9930630 20.7853813 33.9009972 -0.5133643 -0.2143897 -0.0627892 0.8285841
1740549203.834274 -26.0272827 20.7942066 33.8929329 -0.5063882 -0.2142142 -0.0682608 0.8324805
1740549203.939026 -26.0557861 20.8075180 33.8438187 -0.4974566 -0.2133157 -0.0738942 0.8375996
1740549204.038949 -25.9953728 20.8679619 33.7938614 -0.4847507 -0.2209615 -0.0667225 0.8436474
1740549204.154037 -25.9695015 20.9038029 33.7617149 -0.4772418 -0.2262924 -0.0632244 0.8467790
1740549204.254111 -25.8836021 20.9544067 33.7562256 -0.4674551 -0.2410022 -0.0580075 0.8485510
1740549204.359402 -25.7965622 20.9993172 33.7596054 -0.4602228 -0.2559757 -0.0507640 0.8485838
1740549204.469902 -25.7957096 20.9983139 33.7565498 -0.4589122 -0.2590662 -0.0506663 0.8483615
1740549204.567764 -25.7647858 21.0004921 33.8184967 -0.4601715 -0.2702134 -0.0482442 0.8443338
1740549204.673465 -25.6830292 21.0607529 33.8260841 -0.4503306 -0.2844433 -0.0429778 0.8452498
1740549204.773508 -25.6223755 21.1122398 33.8352737 -0.4415277 -0.2958846 -0.0384369 0.8461846
1740549204.878073 -25.5582161 21.1457787 33.9025536 -0.4392637 -0.3096630 -0.0334891 0.8426356
1740549204.982179 -25.5556755 21.1779861 33.9004173 -0.4349267 -0.3130338 -0.0288729 0.8438098
1740549205.081125 -25.5451927 21.1821594 33.9552269 -0.4367000 -0.3193431 -0.0270005 0.8405856
1740549205.189409 -25.5178795 21.1842842 34.0607834 -0.4414890 -0.3324345 -0.0284454 0.8329260
1740549205.290084 -25.5139027 21.1809044 34.1592026 -0.4475514 -0.3416586 -0.0295782 0.8258888
1740549205.400297 -25.5220184 21.1745834 34.2546234 -0.4539231 -0.3476104 -0.0298375 0.8198967
1740549205.499986 -25.6167870 21.1530457 34.3453407 -0.4664204 -0.3453818 -0.0342559 0.8136277
1740549205.599219 -25.6615410 21.1581516 34.4705505 -0.4792414 -0.3481508 -0.0340483 0.8049593
1740549205.707343 -25.6480904 21.2236443 34.5707893 -0.4853169 -0.3560201 -0.0283714 0.7980678
1740549205.808216 -25.6990852 21.2647762 34.5812416 -0.4877318 -0.3526157 -0.0282191 0.7981125
1740549205.915606 -25.6646309 21.3756332 34.6392288 -0.4862035 -0.3630743 -0.0226880 0.7945241
1740549206.016373 -25.6930542 21.4335060 34.6801720 -0.4891974 -0.3649212 -0.0234966 0.7918121
1740549206.221738 -25.7358704 21.5897999 34.7360992 -0.4909889 -0.3679382 -0.0221084 0.7893432
1740549206.321467 -25.7712822 21.6523838 34.7654724 -0.4936814 -0.3682292 -0.0237111 0.7874793
1740549206.532491 -25.7828255 21.8181992 34.8298988 -0.4971245 -0.3733089 -0.0190358 0.7830360
1740549206.736910 -25.8131008 21.9867897 34.8731232 -0.4978268 -0.3782118 -0.0193928 0.7802232
1740549206.836701 -25.8263931 22.0736847 34.9063644 -0.5012187 -0.3789290 -0.0160666 0.7777753
1740549206.944972 -25.8716564 22.1354504 34.9327927 -0.5057558 -0.3766489 -0.0174933 0.7759129
1740549207.156969 -25.8997383 22.3101768 34.9766312 -0.5076149 -0.3808241 -0.0155980 0.7726946
1740549207.361799 -25.9498940 22.4797516 35.0294685 -0.5093200 -0.3834777 -0.0141339 0.7702845
1740549207.469232 -25.9578629 22.5631561 35.0536919 -0.5109529 -0.3844786 -0.0129338 0.7687237
1740549207.564259 -25.9205036 22.6713276 35.0705070 -0.5114940 -0.3883540 -0.0103146 0.7664520
