1740549104.216239 0.0000000 0.0000000 0.0000000 -0.0000000 -0.0000000 -0.0000000 1.0000000
1740549104.444128 -0.0176259 0.1217771 0.0307545 0.0049451 0.0021058 0.0018489 0.9999838
1740549104.545500 -0.0708518 0.1097540 0.1073253 0.0071225 0.0010011 0.0007791 0.9999738
1740549104.683800 -0.0399554 0.1332513 0.2030817 0.0116880 -0.0052927 0.0027351 0.9999140
1740549104.876186 -0.0744418 0.0865121 0.2627759 0.0127160 -0.0076230 0.0023250 0.9998874
1740549105.058786 -0.1018078 0.0542224 0.3261684 0.0150911 -0.0113369 0.0013342 0.9998209
1740549105.241447 -0.1384151 0.0629125 0.3938054 0.0215535 -0.0159034 0.0009334 0.9996408
1740549105.414235 -0.1076613 0.0163451 0.4768592 0.0239760 -0.0240868 0.0025399 0.9994191
1740549105.510938 -0.1602731 0.0036929 0.5437379 0.0285028 -0.0288173 0.0022153 0.9991758
1740549105.707467 -0.1814846 -0.0130193 0.6936092 0.0404921 -0.0438936 0.0018637 0.9982135
1740549105.805425 -0.2062158 -0.0284235 0.7514696 0.0457098 -0.0507415 0.0018981 0.9976634
1740549105.907555 -0.2261078 -0.0500513 0.8308867 0.0502799 -0.0589357 0.0023207 0.9969921
1740549106.007312 -0.2135214 -0.0605750 0.8993827 0.0558180 -0.0679210 0.0031554 0.9961231
1740549106.122838 -0.2356580 -0.0880501 0.9709214 0.0599257 -0.0763024 0.0021452 0.9952800
1740549106.226367 -0.2584170 -0.0990326 1.0486605 0.0644425 -0.0844785 0.0021854 0.9943369
1740549106.326302 -0.3150253 -0.1081090 1.1029227 0.0684258 -0.0900360 0.0013828 0.9935842
1740549106.432527 -0.3149037 -0.1224940 1.1822805 0.0717134 -0.0991155 0.0022049 0.9924860
1740549106.532264 -0.3409149 -0.1314434 1.2445723 0.0752439 -0.1059782 0.0017316 0.9915160
1740549106.641479 -0.3746023 -0.1360179 1.3163710 0.0785330 -0.1125599 0.0018103 0.9905350
1740549106.740357 -0.3968526 -0.1524111 1.3883619 0.0801972 -0.1190717 0.0016419 0.9896402
1740549106.841676 -0.4355710 -0.1594303 1.4453808 0.0824855 -0.1239969 0.0010022 0.9888478
1740549106.946550 -0.4584793 -0.1792022 1.5190789 0.0826924 -0.1295627 0.0006295 0.9881169
1740549107.044957 -0.5023924 -0.1856248 1.5946777 0.0831480 -0.1331217 0.0006530 0.9876055
1740549107.153378 -0.5270770 -0.1809661 1.6505750 0.0849704 -0.1372834 0.0000898 0.9868806
1740549107.253120 -0.5491458 -0.1870320 1.7204720 0.0858883 -0.1412462 -0.0000427 0.9862417
1740549107.355951 -0.5682092 -0.2046753 1.7960410 0.0854676 -0.1448049 -0.0004096 0.9857620
1740549107.460021 -0.5870464 -0.2230647 1.8647143 0.0851638 -0.1479208 -0.0008089 0.9853253
1740549107.558304 -0.6152332 -0.2398524 1.9345928 0.0844515 -0.1503121 -0.0010064 0.9850245
1740549107.662631 -0.6411043 -0.2454914 2.0011537 0.0845989 -0.1524882 -0.0013228 0.9846769
1740549107.760579 -0.6756359 -0.2583334 2.0690267 0.0840743 -0.1540470 -0.0017563 0.9844785
1740549107.873144 -0.6965536 -0.2659921 2.1384070 0.0835329 -0.1560673 -0.0016677 0.9842066
1740549107.974217 -0.7251277 -0.2769015 2.2071457 0.0828099 -0.1574747 -0.0016901 0.9840434
1740549108.071589 -0.7576489 -0.2949238 2.2723620 0.0814827 -0.1584176 -0.0024349 0.9840013
1740549108.176476 -0.7975456 -0.2992491 2.3385737 0.0810104 -0.1587135 -0.0024317 0.9839926
1740549108.277397 -0.8089997 -0.3087753 2.4118760 0.0801455 -0.1601720 -0.0023984 0.9838272
1740549108.381374 -0.8423254 -0.3168893 2.4754972 0.0796526 -0.1603498 -0.0029353 0.9838368
1740549108.481298 -0.8709099 -0.3219574 2.5457489 0.0790805 -0.1604373 -0.0029042 0.9838687
1740549108.579237 -0.8938558 -0.3313278 2.6157598 0.0782635 -0.1606012 -0.0033260 0.9839060
1740549108.692223 -0.9137183 -0.3356417 2.6886537 0.0778319 -0.1607095 -0.0031839 0.9839231
1740549108.798751 -0.9468237 -0.3377072 2.7524436 0.0779036 -0.1597382 -0.0034139 0.9840747
1740549108.911972 -0.9612657 -0.3487609 2.8291504 0.0770689 -0.1601718 -0.0031822 0.9840708
1740549109.009091 -0.9962480 -0.3475468 2.8912532 0.0773318 -0.1590354 -0.0032016 0.9842344
1740549109.107753 -1.0272979 -0.3570201 2.9583580 0.0774385 -0.1584847 -0.0032422 0.9843147
1740549109.211591 -1.0564549 -0.3774422 3.0273423 0.0769479 -0.1575207 -0.0034413 0.9845072
1740549109.308661 -1.0794321 -0.3857437 3.0962422 0.0778221 -0.1565939 -0.0031620 0.9845873
1740549109.415753 -1.0980572 -0.4050758 3.1682456 0.0778906 -0.1557873 -0.0030367 0.9847102
1740549109.611125 -1.1427472 -0.4327876 3.3108027 0.0787943 -0.1537446 -0.0027577 0.9849601
1740549109.810913 -1.1933360 -0.4223402 3.4427712 0.0816854 -0.1505073 -0.0018065 0.9852268
1740549110.017292 -1.2526705 -0.4258319 3.5865741 0.0846894 -0.1465849 -0.0017818 0.9855645
1740549110.119690 -1.2664667 -0.4221337 3.6574733 0.0870783 -0.1447457 -0.0011627 0.9856291
1740549110.326282 -1.3054724 -0.4628798 3.8000026 0.0910686 -0.1392336 -0.0003754 0.9860631
1740549110.427709 -1.3254452 -0.4789679 3.8722746 0.0932457 -0.1368391 0.0000969 0.9861948
1740549110.525783 -1.3544425 -0.4998249 3.9417622 0.0956914 -0.1339755 0.0009796 0.9863533
1740549110.638731 -1.3702314 -0.5142381 4.0104232 0.0990642 -0.1313957 0.0016615 0.9863665
1740549110.737497 -1.3948274 -0.5304568 4.0842838 0.1023379 -0.1285274 0.0023650 0.9864087
1740549110.838829 -1.4240743 -0.5401094 4.1598401 0.1054101 -0.1254140 0.0027970 0.9864848
1740549110.954288 -1.4354782 -0.5612032 4.2279043 0.1083750 -0.1231350 0.0036978 0.9864477
1740549111.055843 -1.4333537 -0.5849285 4.2925134 0.1107146 -0.1222823 0.0039789 0.9862928
1740549111.160690 -1.4565107 -0.6004201 4.3480015 0.1140450 -0.1197275 0.0044957 0.9862245
1740549111.262402 -1.4561106 -0.5963403 4.4173613 0.1180940 -0.1188639 0.0052009 0.9858490
1740549111.362892 -1.4471934 -0.5989092 4.4766250 0.1221957 -0.1185892 0.0048545 0.9853838
1740549111.466623 -1.4596328 -0.6271712 4.5503960 0.1242285 -0.1172425 0.0054099 0.9852879
1740549111.566526 -1.4534011 -0.6423889 4.6126909 0.1267780 -0.1171710 0.0052257 0.9849726
1740549111.677480 -1.4455798 -0.6457705 4.6537957 0.1285498 -0.1182247 0.0052292 0.9846170
1740549111.776701 -1.4409456 -0.6481690 4.7061381 0.1315121 -0.1189170 0.0042734 0.9841469
1740549111.876756 -1.4385532 -0.6726570 4.7563553 0.1321822 -0.1203743 0.0045355 0.9838787
1740549111.987926 -1.4540864 -0.6720639 4.7973657 0.1336289 -0.1202608 0.0052427 0.9836937
1740549112.089880 -1.4827164 -0.7189404 4.8447986 0.1338591 -0.1186890 0.0064904 0.9838458
1740549112.200880 -1.4766568 -0.7275035 4.8801818 0.1350361 -0.1209120 0.0070566 0.9834103
1740549112.300094 -1.4876891 -0.7277301 4.9229517 0.1364088 -0.1215485 0.0067850 0.9831442
1740549112.404407 -1.4835880 -0.7667911 4.9703426 0.1350293 -0.1226477 0.0073393 0.9831942
1740549112.507474 -1.4730922 -0.7953742 5.0284677 0.1349949 -0.1248017 0.0069695 0.9829305
1740549112.607378 -1.5005890 -0.8215596 5.0998545 0.1354652 -0.1248188 0.0073038 0.9828612
1740549112.711894 -1.5243828 -0.8543723 5.1689911 0.1353674 -0.1249066 0.0081479 0.9828569
1740549112.812459 -1.5387952 -0.8840705 5.2233810 0.1352392 -0.1255647 0.0079815 0.9827920
1740549112.918662 -1.5729010 -0.8861794 5.2919593 0.1367701 -0.1257948 0.0076213 0.9825536
1740549113.022850 -1.5946466 -0.9072759 5.3620958 0.1369564 -0.1261909 0.0080160 0.9824737
1740549113.124182 -1.5920701 -0.9257751 5.4293823 0.1366906 -0.1280928 0.0070217 0.9822721
1740549113.233859 -1.5957522 -0.9127318 5.5066857 0.1383438 -0.1294156 0.0068986 0.9818681
1740549113.334777 -1.6148785 -0.9428035 5.5741687 0.1379338 -0.1298415 0.0070780 0.9818683
1740549113.441907 -1.6253927 -0.9751103 5.6132555 0.1363663 -0.1312267 0.0066619 0.9819060
1740549113.544421 -1.6573870 -1.0255337 5.6594133 0.1335860 -0.1304909 0.0075543 0.9823797
1740549113.651333 -1.6688831 -1.0572315 5.7084770 0.1324412 -0.1316666 0.0079663 0.9823746
1740549113.754562 -1.6629074 -1.0523760 5.7838345 0.1335492 -0.1340152 0.0069166 0.9819148
1740549113.858556 -1.6649586 -1.0585181 5.8253560 0.1335726 -0.1342877 0.0058897 0.9818811
1740549113.965220 -1.6728617 -1.0872142 5.8462229 0.1319788 -0.1350470 0.0063090 0.9819899
1740549114.067725 -1.6956184 -1.1297841 5.9099426 0.1312333 -0.1365386 0.0078599 0.9818724
1740549114.177837 -1.7167583 -1.1511468 5.9804091 0.1311402 -0.1372051 0.0074959 0.9817947
1740549114.278648 -1.7089348 -1.1714388 6.0448418 0.1311165 -0.1390892 0.0067765 0.9815380
1740549114.379518 -1.6964869 -1.2013299 6.1031761 0.1313603 -0.1417335 0.0080004 0.9811178
1740549114.490538 -1.7155682 -1.2251394 6.1524496 0.1314777 -0.1428588 0.0075006 0.9809428
1740549114.591633 -1.7250233 -1.2585696 6.1794400 0.1298638 -0.1438254 0.0063453 0.9810247
1740549114.703452 -1.7348957 -1.2885770 6.1949720 0.1288065 -0.1447259 0.0065338 0.9810304
1740549114.809456 -1.7185384 -1.2943718 6.2412858 0.1308856 -0.1468959 0.0062578 0.9804343
1740549114.912166 -1.7327256 -1.3038468 6.2904611 0.1328737 -0.1493599 0.0058872 0.9797967
1740549115.014397 -1.7277033 -1.3189535 6.3162956 0.1335516 -0.1510852 0.0075456 0.9794286
1740549115.115839 -1.7283310 -1.3433378 6.3405356 0.1333919 -0.1501075 0.0070414 0.9796044
1740549115.222386 -1.7768968 -1.3360301 6.3399258 0.1357607 -0.1446223 0.0094317 0.9800839
1740549115.325134 -1.8062675 -1.3712174 6.3769579 0.1346574 -0.1440185 0.0112777 0.9803055
1740549115.433500 -1.8393167 -1.3898467 6.4005551 0.1340103 -0.1400051 0.0097165 0.9809921
1740549115.535505 -1.8367717 -1.4005822 6.4176712 0.1356808 -0.1385633 0.0093512 0.9809707
1740549115.650865 -1.8543632 -1.4281837 6.4345183 0.1328276 -0.1355670 0.0100920 0.9817722
1740549115.749449 -1.8641039 -1.4663624 6.4683065 0.1318208 -0.1335595 0.0108932 0.9821743
1740549115.851348 -1.8580354 -1.4642919 6.5005522 0.1335740 -0.1363697 0.0107292 0.9815530
1740549115.971365 -1.8964045 -1.4793940 6.5383868 0.1323913 -0.1315881 0.0116312 0.9823552
1740549116.076447 -1.9296781 -1.4865592 6.5675883 0.1325284 -0.1252807 0.0127708 0.9831469
1740549116.188102 -1.9450275 -1.5027413 6.5970697 0.1317243 -0.1232356 0.0117763 0.9835258
1740549116.293210 -1.9561450 -1.4895270 6.6229053 0.1339991 -0.1209351 0.0125203 0.9834949
1740549116.408011 -1.9953649 -1.4948816 6.6510882 0.1330545 -0.1145042 0.0138016 0.9843754
1740549116.511089 -2.0324435 -1.5001576 6.6930594 0.1320096 -0.1091634 0.0156211 0.9850953
1740549116.611836 -2.0561357 -1.5141828 6.7601008 0.1310338 -0.1064198 0.0160623 0.9855186
1740549116.730031 -2.0852635 -1.5020765 6.8073311 0.1310442 -0.1023096 0.0189767 0.9859006
1740549116.835542 -2.1162434 -1.5149951 6.8481622 0.1300162 -0.0978887 0.0182054 0.9865000
1740549116.947813 -2.1409764 -1.5352057 6.8944497 0.1280113 -0.0950589 0.0185705 0.9870320
1740549117.050491 -2.1438780 -1.5479620 6.9409981 0.1252811 -0.0958363 0.0186913 0.9873047
1740549117.161438 -2.1444268 -1.5825193 6.9779205 0.1205537 -0.0963048 0.0180498 0.9878595
1740549117.265381 -2.1487126 -1.6109165 7.0051022 0.1175285 -0.0943659 0.0167008 0.9884347
1740549117.367697 -2.1518650 -1.6218795 7.0132046 0.1133445 -0.0928008 0.0182599 0.9890438
1740549117.489228 -2.1398919 -1.6167269 7.0220380 0.1124008 -0.0954006 0.0157929 0.9889466
1740549117.593709 -2.1558042 -1.6148698 7.0331826 0.1108804 -0.0920790 0.0170817 0.9894116
1740549117.708585 -2.1755698 -1.6140497 7.0540190 0.1103204 -0.0880640 0.0167653 0.9898450
1740549117.811404 -2.1700304 -1.6274036 7.0658050 0.1051398 -0.0901316 0.0163482 0.9902296
1740549117.930291 -2.1654325 -1.6358360 7.0739532 0.1015122 -0.0918009 0.0156988 0.9904653
1740549118.031789 -2.1768429 -1.6444496 7.0812254 0.0987703 -0.0878375 0.0150021 0.9911125
1740549118.134028 -2.1946778 -1.6346688 7.1037731 0.0995474 -0.0864007 0.0154961 0.9911534
1740549118.266161 -2.2083526 -1.6278806 7.1205597 0.0998657 -0.0845162 0.0160340 0.9912754
1740549118.368745 -2.2282426 -1.6223004 7.1409812 0.0993805 -0.0807694 0.0167362 0.9916248
1740549118.489415 -2.2369146 -1.6171756 7.1551523 0.1002500 -0.0806522 0.0168396 0.9915451
1740549118.594570 -2.2370772 -1.6197226 7.1548314 0.0964716 -0.0820468 0.0157922 0.9918227
1740549118.713873 -2.2370052 -1.6199012 7.1546617 0.0938056 -0.0819996 0.0145252 0.9921016
1740549118.816131 -2.2328699 -1.6233634 7.1550984 0.0914992 -0.0834349 0.0137733 0.9922081
1740549118.927195 -2.2348702 -1.6203660 7.1541667 0.0906634 -0.0833543 0.0154763 0.9922665
1740549119.032366 -2.2353003 -1.6166873 7.1542630 0.0896166 -0.0835724 0.0145864 0.9923567
1740549119.135354 -2.2391305 -1.6152596 7.1654396 0.0884307 -0.0841227 0.0154822 0.9924030
1740549119.244745 -2.2397177 -1.6163632 7.1703858 0.0852376 -0.0843683 0.0155117 0.9926611
1740549119.348689 -2.2513633 -1.6116663 7.1854305 0.0847623 -0.0825722 0.0128568 0.9928907
1740549119.465381 -2.2444091 -1.6168908 7.2039294 0.0809887 -0.0861364 0.0146312 0.9928783
1740549119.566855 -2.2439413 -1.6190072 7.2046957 0.0800236 -0.0857609 0.0164121 0.9929612
1740549119.682244 -2.2474833 -1.6214399 7.2091208 0.0773708 -0.0825137 0.0156689 0.9934584
1740549119.784478 -2.2582173 -1.6388603 7.2372284 0.0753529 -0.0780151 0.0154878 0.9939798
1740549119.889431 -2.2521722 -1.6438833 7.2496109 0.0738386 -0.0784727 0.0142818 0.9940754
1740549120.000882 -2.2460814 -1.6497726 7.2506323 0.0708300 -0.0800216 0.0151157 0.9941586
1740549120.106469 -2.2403741 -1.6546034 7.2462239 0.0671636 -0.0799868 0.0138874 0.9944336
1740549120.220968 -2.2352207 -1.6698449 7.2626786 0.0653028 -0.0812759 0.0138332 0.9944538
1740549120.329859 -2.2342036 -1.6703678 7.2612696 0.0626327 -0.0815388 0.0140149 0.9946015
1740549120.434823 -2.2289748 -1.6709979 7.2558699 0.0596872 -0.0826612 0.0142360 0.9946868
1740549120.542793 -2.2253454 -1.6738034 7.2555957 0.0574979 -0.0829296 0.0140854 0.9947956
1740549120.645560 -2.2175162 -1.6810285 7.2576466 0.0529149 -0.0868567 0.0102137 0.9947621
1740549120.751925 -2.2130558 -1.6828458 7.2515221 0.0506112 -0.0902216 0.0104464 0.9945800
1740549120.861776 -2.2308395 -1.6811979 7.2777538 0.0547131 -0.0897927 0.0060795 0.9944379
1740549120.970799 -2.2183638 -1.6671389 7.2803755 0.0583444 -0.0929127 0.0056486 0.9939473
1740549121.076184 -2.2131908 -1.6642473 7.2832031 0.0589192 -0.0939390 0.0053535 0.9938186
1740549121.185215 -2.2162347 -1.6683257 7.2951460 0.0572130 -0.0918747 0.0078394 0.9940947
1740549121.294479 -2.2086163 -1.6734666 7.3111768 0.0552900 -0.0942290 0.0080659 0.9939814
1740549121.397916 -2.1957421 -1.6721646 7.3261590 0.0546677 -0.1006331 0.0069894 0.9933960
1740549121.507217 -2.1890838 -1.6758341 7.3475637 0.0531753 -0.1056022 0.0063143 0.9929656
1740549121.613373 -2.1828516 -1.6762732 7.3712974 0.0523290 -0.1099120 0.0057695 0.9925461
1740549121.724696 -2.1841774 -1.6782190 7.4016237 0.0526592 -0.1132108 0.0068486 0.9921509
1740549121.829477 -2.1946330 -1.6835532 7.4623914 0.0525843 -0.1144964 0.0071824 0.9920051
1740549121.938794 -2.2056637 -1.6885970 7.5310783 0.0510181 -0.1153278 0.0067874 0.9919932
1740549122.046909 -2.2229116 -1.6922663 7.6066966 0.0499715 -0.1157603 0.0058268 0.9920022
1740549122.150893 -2.2378576 -1.6925051 7.6716719 0.0489247 -0.1154888 0.0059619 0.9920853
1740549122.263816 -2.2519305 -1.6974052 7.7464013 0.0477742 -0.1160723 0.0057221 0.9920747
1740549122.365927 -2.2699389 -1.7040325 7.8218803 0.0465184 -0.1163909 0.0053215 0.9920993
1740549122.479465 -2.2874117 -1.7094280 7.8991199 0.0448187 -0.1167928 0.0052830 0.9921305
1740549122.581478 -2.3118591 -1.7089465 7.9701481 0.0437797 -0.1165996 0.0053706 0.9921991
1740549122.690606 -2.3451428 -1.7077613 8.0484819 0.0420236 -0.1163845 0.0048399 0.9923030
1740549122.797869 -2.3609817 -1.7018670 8.1265011 0.0404730 -0.1165532 0.0046502 0.9923486
1740549122.906460 -2.3879111 -1.6852031 8.2030001 0.0397497 -0.1163736 0.0047210 0.9923986
1740549123.021544 -2.4049094 -1.6738620 8.2843657 0.0381689 -0.1163024 0.0045552 0.9924697
1740549123.131451 -2.4311898 -1.6766070 8.3620071 0.0365149 -0.1154880 0.0046678 0.9926265
1740549123.249844 -2.4628055 -1.6757598 8.4356928 0.0352698 -0.1142105 0.0040575 0.9928221
1740549123.353846 -2.4914739 -1.6720672 8.5190210 0.0340207 -0.1131557 0.0039195 0.9929869
1740549123.470748 -2.5235243 -1.6689988 8.5919085 0.0338771 -0.1114044 0.0037282 0.9931906
1740549123.578079 -2.5190766 -1.6858435 8.6774139 0.0329442 -0.1107572 0.0037348 0.9932943
1740549123.688859 -2.5318258 -1.6952466 8.7572918 0.0324921 -0.1091266 0.0037964 0.9934894
1740549123.797318 -2.5377634 -1.7111107 8.8326244 0.0320264 -0.1069861 0.0037288 0.9937376
1740549123.902580 -2.5507407 -1.7233219 8.9113007 0.0319404 -0.1050525 0.0038117 0.9939463
1740549124.015482 -2.5686128 -1.7154560 8.9899654 0.0330168 -0.1037344 0.0035407 0.9940506
1740549124.120857 -2.5779741 -1.7278616 9.0705347 0.0328422 -0.1022624 0.0037126 0.9942083
1740549124.231776 -2.5839581 -1.7402322 9.1550961 0.0321841 -0.1009105 0.0037221 0.9943678
1740549124.336610 -2.6050863 -1.7376457 9.2328720 0.0324732 -0.0996583 0.0037557 0.9944847
1740549124.447761 -2.6197433 -1.7354343 9.3157139 0.0323805 -0.0985994 0.0039949 0.9945922
1740549124.553979 -2.6403232 -1.7290670 9.3934879 0.0326118 -0.0976268 0.0037603 0.9946815
1740549124.660469 -2.6663384 -1.7521669 9.4685326 0.0317725 -0.0962384 0.0034149 0.9948452
1740549124.772708 -2.6678240 -1.7619543 9.5538406 0.0312428 -0.0963562 0.0038279 0.9948491
1740549124.880969 -2.6796770 -1.7750473 9.6330652 0.0302549 -0.0962049 0.0036196 0.9948951
1740549125.006757 -2.7079673 -1.7754833 9.7121029 0.0300421 -0.0958092 0.0034005 0.9949405
1740549125.114806 -2.7123387 -1.7837818 9.7889090 0.0287578 -0.0967115 0.0037465 0.9948899
1740549125.224799 -2.7390862 -1.7819210 9.8704834 0.0281892 -0.0970142 0.0033981 0.9948779
1740549125.331323 -2.7528133 -1.7888428 9.9523458 0.0267720 -0.0981237 0.0037353 0.9948071
1740549125.441253 -2.7551219 -1.7939730 10.0340977 0.0252207 -0.1001128 0.0031296 0.9946515
1740549125.548423 -2.7804928 -1.7875171 10.1126270 0.0237467 -0.1011383 0.0024684 0.9945859
1740549125.653440 -2.7979808 -1.7969311 10.1922646 0.0213890 -0.1026680 0.0024873 0.9944826
1740549125.763168 -2.8072550 -1.8045944 10.2698307 0.0188862 -0.1045073 0.0023238 0.9943421
1740549125.867812 -2.8233593 -1.8089122 10.3515558 0.0167215 -0.1065139 0.0020495 0.9941685
1740549125.978870 -2.8399541 -1.8032724 10.4326353 0.0145778 -0.1088180 0.0017104 0.9939533
1740549126.082519 -2.8489783 -1.8113884 10.5146265 0.0119747 -0.1116462 0.0015599 0.9936746
1740549126.192103 -2.8699999 -1.8030999 10.5906439 0.0102525 -0.1144358 0.0007950 0.9933774
1740549126.298537 -2.8999949 -1.8026454 10.6688166 0.0069511 -0.1165000 0.0005070 0.9931662
1740549126.403663 -2.9230328 -1.7945979 10.7433968 0.0045079 -0.1194141 0.0003804 0.9928343
1740549126.512592 -2.9435785 -1.7819703 10.8197136 0.0020952 -0.1221532 0.0000616 0.9925091
1740549126.618112 -2.9743922 -1.7691456 10.8901129 -0.0002521 -0.1244129 -0.0004926 0.9922304
1740549126.731055 -2.9964061 -1.7722775 10.9671288 -0.0027008 -0.1273726 -0.0008071 0.9918510
1740549126.835018 -3.0108092 -1.7641019 11.0544004 -0.0045893 -0.1308715 -0.0011103 0.9913881
1740549126.946184 -3.0419562 -1.7716218 11.1307039 -0.0071548 -0.1335426 -0.0012681 0.9910164
1740549127.053117 -3.0581815 -1.7710241 11.2117701 -0.0096542 -0.1366364 -0.0014657 0.9905731
1740549127.160395 -3.0908432 -1.7701030 11.2865181 -0.0118285 -0.1392401 -0.0019929 0.9901860
1740549127.270632 -3.1169794 -1.7695407 11.3628473 -0.0134897 -0.1420776 -0.0021993 0.9897612
1740549127.377905 -3.1260583 -1.7575104 11.4494648 -0.0151048 -0.1459527 -0.0022552 0.9891737
1740549127.488869 -3.1569192 -1.7453222 11.5240479 -0.0163200 -0.1489897 -0.0023606 0.9887012
1740549127.594634 -3.1878386 -1.7458912 11.5991135 -0.0182180 -0.1519159 -0.0026094 0.9882221
1740549127.703115 -3.2098088 -1.7413082 11.6780243 -0.0190183 -0.1552673 -0.0026775 0.9876858
1740549127.810576 -3.2336380 -1.7335473 11.7574263 -0.0199706 -0.1587802 -0.0026186 0.9871085
1740549127.914515 -3.2642548 -1.7405195 11.8349075 -0.0217593 -0.1619826 -0.0026204 0.9865502
1740549128.025362 -3.3052976 -1.7282287 11.9039507 -0.0227838 -0.1648444 -0.0029845 0.9860519
1740549128.132008 -3.3331354 -1.7229376 11.9821682 -0.0241184 -0.1684167 -0.0029685 0.9854164
1740549128.252637 -3.3653483 -1.7304255 12.0583830 -0.0255339 -0.1717551 -0.0030105 0.9848042
1740549128.356936 -3.4030967 -1.7314090 12.1298599 -0.0271540 -0.1747561 -0.0034213 0.9842313
1740549128.471619 -3.4274490 -1.7231420 12.2100019 -0.0283191 -0.1785368 -0.0036149 0.9835190
1740549128.577779 -3.4703307 -1.7269944 12.2816906 -0.0303082 -0.1813605 -0.0037064 0.9829426
1740549128.691706 -3.5131476 -1.7253426 12.3473549 -0.0326124 -0.1838846 -0.0039595 0.9823987
1740549128.798782 -3.5385547 -1.7180659 12.4281597 -0.0341632 -0.1876332 -0.0043588 0.9816352
1740549128.903120 -3.5700216 -1.7190691 12.5017319 -0.0370176 -0.1907253 -0.0046910 0.9809340
1740549129.018340 -3.6000395 -1.7132791 12.5821562 -0.0387617 -0.1940288 -0.0050164 0.9802169
1740549129.120208 -3.6341884 -1.7097479 12.6555309 -0.0413948 -0.1969655 -0.0055278 0.9795206
1740549129.229944 -3.6745710 -1.7054591 12.7235498 -0.0446778 -0.1995336 -0.0062430 0.9788520
1740549129.332674 -3.7067349 -1.6916040 12.7995634 -0.0472860 -0.2026177 -0.0065758 0.9780935
1740549129.443444 -3.7431827 -1.6907579 12.8707037 -0.0510461 -0.2051040 -0.0071470 0.9773820
1740549129.548162 -3.7744026 -1.6741924 12.9443512 -0.0544093 -0.2079061 -0.0078227 0.9766031
1740549129.650316 -3.8137810 -1.6672993 13.0128851 -0.0583778 -0.2103143 -0.0085652 0.9758518
1740549129.756473 -3.8568435 -1.6553806 13.0807676 -0.0625112 -0.2126320 -0.0092265 0.9750871
1740549129.859612 -3.8930526 -1.6368272 13.1518335 -0.0664777 -0.2151245 -0.0100109 0.9742700
1740549129.972323 -3.9260638 -1.6137606 13.2238512 -0.0696748 -0.2175937 -0.0104805 0.9734930
1740549130.075400 -3.9809403 -1.6006594 13.2863169 -0.0745174 -0.2191798 -0.0112018 0.9727702
1740549130.191906 -4.0087419 -1.5731905 13.3615475 -0.0775366 -0.2217115 -0.0117875 0.9719533
1740549130.290762 -4.0534840 -1.5665808 13.4294329 -0.0818677 -0.2230260 -0.0124474 0.9712889
1740549130.394722 -4.0882835 -1.5460399 13.5024471 -0.0851451 -0.2248992 -0.0133076 0.9705635
1740549130.502132 -4.1306024 -1.5323002 13.5683689 -0.0890135 -0.2260393 -0.0139283 0.9699427
1740549130.602089 -4.1767211 -1.5076919 13.6323376 -0.0922641 -0.2269731 -0.0143815 0.9694141
1740549130.707452 -4.2128267 -1.4806392 13.6974516 -0.0951608 -0.2278587 -0.0150744 0.9689157
1740549130.809945 -4.2489471 -1.4589174 13.7697735 -0.0979613 -0.2285143 -0.0158730 0.9684693
1740549130.912471 -4.2975898 -1.4407601 13.8355455 -0.1008935 -0.2284882 -0.0163128 0.9681671
1740549131.018953 -4.3334532 -1.4172226 13.9057121 -0.1031129 -0.2285831 -0.0168789 0.9679012
1740549131.122432 -4.3750696 -1.3916612 13.9724598 -0.1052515 -0.2279787 -0.0175180 0.9678021
1740549131.231783 -4.4086490 -1.3688415 14.0425377 -0.1074127 -0.2272177 -0.0180950 0.9677330
1740549131.330675 -4.4415579 -1.3384985 14.1142979 -0.1086816 -0.2263277 -0.0185624 0.9677911
1740549131.443131 -4.4775114 -1.3224847 14.1843996 -0.1106221 -0.2247917 -0.0190510 0.9679197
1740549131.547291 -4.5090494 -1.3003206 14.2590647 -0.1117975 -0.2230915 -0.0196157 0.9681667
1740549131.647459 -4.5421600 -1.2771190 14.3302431 -0.1127820 -0.2209524 -0.0201172 0.9685327
1740549131.753313 -4.5801201 -1.2666450 14.3986855 -0.1146950 -0.2181799 -0.0205519 0.9689273
1740549131.853915 -4.6107249 -1.2603047 14.4771156 -0.1164764 -0.2156047 -0.0215997 0.9692684
1740549131.967162 -4.6450729 -1.2569230 14.5499811 -0.1188334 -0.2126431 -0.0224042 0.9696183
1740549132.066083 -4.6695533 -1.2425051 14.6288176 -0.1208604 -0.2101011 -0.0234995 0.9698960
1740549132.167249 -4.7071161 -1.2295151 14.7035036 -0.1233478 -0.2069810 -0.0244696 0.9702296
1740549132.274241 -4.7421041 -1.2126235 14.7758236 -0.1260655 -0.2037480 -0.0249526 0.9705523
1740549132.375024 -4.7731433 -1.1992580 14.8510618 -0.1297534 -0.2005749 -0.0261812 0.9706948
1740549132.481707 -4.7915802 -1.1850778 14.9280357 -0.1341432 -0.1976988 -0.0275374 0.9706506
1740549132.584822 -4.8190627 -1.1692121 14.9986191 -0.1392210 -0.1945612 -0.0289295 0.9705290
1740549132.693672 -4.8388548 -1.1469346 15.0795546 -0.1446353 -0.1921445 -0.0303498 0.9701753
1740549132.894961 -4.8789225 -1.0998523 15.2325239 -0.1577208 -0.1880969 -0.0335001 0.9688247
1740549133.009428 -4.8924756 -1.0807571 15.3124800 -0.1659933 -0.1868944 -0.0353894 0.9676075
1740549133.114923 -4.9199023 -1.0516691 15.3858776 -0.1740856 -0.1857316 -0.0368801 0.9663529
1740549133.221782 -4.9364429 -1.0159793 15.4610043 -0.1828890 -0.1856474 -0.0385822 0.9646751
1740549133.324224 -4.9550328 -0.9765930 15.5311890 -0.1921516 -0.1858461 -0.0406445 0.9627497
1740549133.423965 -4.9830236 -0.9438194 15.5954437 -0.2027906 -0.1862559 -0.0428304 0.9603907
1740549133.529462 -5.0088696 -0.8921148 15.6563301 -0.2128053 -0.1874612 -0.0443696 0.9579163
1740549133.627528 -5.0338879 -0.8395673 15.7129526 -0.2232379 -0.1891966 -0.0459616 0.9551215
1740549133.733329 -5.0541892 -0.7832003 15.7699728 -0.2337241 -0.1916230 -0.0475077 0.9520487
1740549133.933395 -5.1044106 -0.6648415 15.8724518 -0.2552803 -0.1977072 -0.0501583 0.9451074
1740549134.048911 -5.1384735 -0.6046494 15.9201002 -0.2655159 -0.2009543 -0.0513094 0.9415339
1740549134.146941 -5.1691742 -0.5486852 15.9710588 -0.2758214 -0.2046565 -0.0521616 0.9377193
1740549134.661811 -5.3728485 -0.2735057 16.1916828 -0.3171391 -0.2231604 -0.0554695 0.9200791
1740549134.766396 -5.4108510 -0.2212489 16.2385597 -0.3243214 -0.2266714 -0.0557426 0.9166943
1740549134.865465 -5.4560351 -0.1741354 16.2857819 -0.3307250 -0.2297074 -0.0563696 0.9136071
1740549134.968805 -5.4958682 -0.1136129 16.3269119 -0.3358297 -0.2324726 -0.0562353 0.9110503
1740549135.069358 -5.5343351 -0.0580218 16.3744183 -0.3402008 -0.2350021 -0.0563548 0.9087692
1740549135.172873 -5.5707693 -0.0060775 16.4214630 -0.3446421 -0.2367636 -0.0566489 0.9066178
1740549135.283329 -5.5964937 0.0565732 16.4738903 -0.3476402 -0.2388255 -0.0565732 0.9049354
1740549135.486875 -5.6397939 0.1739256 16.5763779 -0.3524035 -0.2412909 -0.0564255 0.9024448
1740549135.586676 -5.6570177 0.2336633 16.6322479 -0.3537523 -0.2424154 -0.0564814 0.9016119
1740549135.685736 -5.6730514 0.2947099 16.6864262 -0.3545867 -0.2432173 -0.0562496 0.9010825
1740549136.002451 -5.7461405 0.4708383 16.8469124 -0.3547644 -0.2449883 -0.0555012 0.9005790
1740549136.219441 -5.8232689 0.5676596 16.9518051 -0.3532323 -0.2457085 -0.0549514 0.9010187
1740549136.321259 -5.8664222 0.6151571 17.0020885 -0.3522606 -0.2459337 -0.0547488 0.9013499
1740549136.524685 -5.9434237 0.7176013 17.1028366 -0.3493483 -0.2466853 -0.0534381 0.9023561
1740549136.736805 -6.0246005 0.8156772 17.2055855 -0.3460815 -0.2475438 -0.0523712 0.9034418
1740549136.932960 -6.1126270 0.9072666 17.3131104 -0.3430756 -0.2479723 -0.0514597 0.9045224
1740549137.251470 -6.2119503 1.0649059 17.4759254 -0.3383828 -0.2483763 -0.0502002 0.9062485
1740549137.771830 -6.3793635 1.3162072 17.7534542 -0.3335374 -0.2464319 -0.0499568 0.9085860
1740549138.077204 -6.4727020 1.4737633 17.9197960 -0.3321918 -0.2441734 -0.0510736 0.9096260
1740549138.492682 -6.5879064 1.6835676 18.1471863 -0.3324706 -0.2399244 -0.0524013 0.9105788
1740549138.898842 -6.7143211 1.8951093 18.3661270 -0.3334350 -0.2366004 -0.0537165 0.9110192
1740549139.309858 -6.8430810 2.0978980 18.5788879 -0.3348930 -0.2345205 -0.0545974 0.9109698
1740549139.719133 -6.9665275 2.3148375 18.7961426 -0.3349296 -0.2361958 -0.0537458 0.9105741
1740549140.020009 -7.0606327 2.4863315 18.9484081 -0.3336852 -0.2391258 -0.0519171 0.9103723
1740549140.316645 -7.2008057 2.6304996 19.0358009 -0.3308679 -0.2395961 -0.0505456 0.9113535
1740549140.518856 -7.2650943 2.7269914 19.1367168 -0.3281357 -0.2444556 -0.0483626 0.9111694
1740549140.720878 -7.3344240 2.8219275 19.2439098 -0.3250469 -0.2508151 -0.0453675 0.9107020
1740549140.911887 -7.4320107 2.9201794 19.3196926 -0.3210820 -0.2567867 -0.0415167 0.9106280
1740549141.017334 -7.4736147 2.9570568 19.3647118 -0.3192438 -0.2603401 -0.0398147 0.9103413
1740549141.114789 -7.5221858 3.0021696 19.4036674 -0.3165923 -0.2644294 -0.0372542 0.9101970
1740549141.224944 -7.5719800 3.0384398 19.4383278 -0.3143473 -0.2688856 -0.0346561 0.9097722
1740549141.320734 -7.6302166 3.0745564 19.4833202 -0.3121820 -0.2736821 -0.0328262 0.9091551
1740549141.418599 -7.6791887 3.1237152 19.5226364 -0.3103702 -0.2781251 -0.0288914 0.9085604
1740549141.533528 -7.7273798 3.1680169 19.5569134 -0.3079284 -0.2826423 -0.0260798 0.9080822
1740549141.629427 -7.7859659 3.2101808 19.5956097 -0.3049348 -0.2880450 -0.0234408 0.9074665
1740549141.732939 -7.8351574 3.2620919 19.6376114 -0.3022042 -0.2940031 -0.0204864 0.9065402
1740549141.828885 -7.8921890 3.3016911 19.6728992 -0.3005800 -0.2997886 -0.0174758 0.9052475
1740549141.927206 -7.9635363 3.3341036 19.7053337 -0.2992417 -0.3042926 -0.0142480 0.9042442
1740549142.033964 -8.0226393 3.3646944 19.7355556 -0.2981465 -0.3086864 -0.0107358 0.9031645
1740549142.129116 -8.0941048 3.4092383 19.7692623 -0.2964441 -0.3143271 -0.0075030 0.9018111
1740549142.232927 -8.1514530 3.4403234 19.7936974 -0.2962568 -0.3189583 -0.0045197 0.9002650
1740549142.328842 -8.2166042 3.4684336 19.8240814 -0.2956925 -0.3240506 -0.0021057 0.8986394
1740549142.427457 -8.2742414 3.4997692 19.8458366 -0.2948303 -0.3294277 0.0020708 0.8969661
1740549142.535507 -8.2953033 3.5063431 19.8667717 -0.2967211 -0.3361628 0.0034656 0.8938339
1740549142.629292 -8.3149376 3.5163388 19.8762989 -0.2980018 -0.3424329 0.0064915 0.8910065
1740549142.732876 -8.3727932 3.5461390 19.9142609 -0.2974972 -0.3487945 0.0088576 0.8886842
1740549142.828740 -8.4264765 3.5725758 19.9427376 -0.2982425 -0.3547475 0.0112150 0.8860473
1740549142.926872 -8.4838867 3.6083231 19.9675407 -0.2987110 -0.3593922 0.0139386 0.8839767
1740549143.029738 -8.5460463 3.6461179 19.9973564 -0.2978871 -0.3651919 0.0159227 0.8818416
1740549143.127556 -8.5718346 3.6558306 20.0142212 -0.3010205 -0.3715946 0.0156352 0.8781000
1740549143.237819 -8.6081467 3.6716647 20.0329876 -0.3026086 -0.3783376 0.0180601 0.8746213
1740549143.336166 -8.6465044 3.6991031 20.0555840 -0.3023369 -0.3849754 0.0219343 0.8717255
1740549143.433857 -8.6799564 3.7125835 20.0777626 -0.3060748 -0.3914013 0.0226350 0.8675315
1740549143.534025 -8.6959057 3.7217517 20.0888214 -0.3066000 -0.3981157 0.0247728 0.8642260
1740549143.633146 -8.7247677 3.7377133 20.0989876 -0.3082323 -0.4038238 0.0260799 0.8609524
1740549143.742240 -8.7641535 3.7544529 20.1235695 -0.3107753 -0.4103456 0.0276941 0.8568946
1740549143.835125 -8.7937679 3.7782209 20.1441936 -0.3116480 -0.4180040 0.0304333 0.8527731
1740549143.930180 -8.8370457 3.8100915 20.1685848 -0.3127787 -0.4241079 0.0313494 0.8493052
1740549144.034577 -8.8861065 3.8357785 20.1960449 -0.3133865 -0.4294715 0.0345193 0.8462574
1740549144.128412 -8.9356461 3.8675749 20.2205944 -0.3136605 -0.4360247 0.0368986 0.8426969
1740549144.231366 -8.9732952 3.8882871 20.2440224 -0.3154538 -0.4423241 0.0387723 0.8386508
1740549144.329624 -9.0384407 3.9247766 20.2706871 -0.3157003 -0.4465327 0.0383044 0.8363460
1740549144.425783 -9.0689611 3.9435620 20.2859154 -0.3173891 -0.4521399 0.0393563 0.8326372
1740549144.527759 -9.0938530 3.9496191 20.3073635 -0.3199652 -0.4581487 0.0397719 0.8283358
1740549144.624390 -9.1539125 3.9871154 20.3327026 -0.3198002 -0.4625188 0.0409253 0.8259113
1740549144.719829 -9.2184763 4.0026240 20.3649139 -0.3221983 -0.4663119 0.0416854 0.8228024
1740549144.824888 -9.2660675 4.0174580 20.3827248 -0.3247523 -0.4709729 0.0422848 0.8191047
1740549144.920190 -9.3389378 4.0529127 20.3901978 -0.3242630 -0.4742243 0.0462997 0.8172033
1740549145.023302 -9.3913031 4.0743217 20.4137573 -0.3257254 -0.4790584 0.0465159 0.8137827
1740549145.119442 -9.4582720 4.0931659 20.4301987 -0.3273684 -0.4824375 0.0475371 0.8110636
1740549145.216272 -9.5111761 4.1231318 20.4524307 -0.3279682 -0.4873017 0.0491006 0.8078138
1740549145.321730 -9.5375500 4.1315861 20.4770203 -0.3317987 -0.4933423 0.0490617 0.8025684
1740549145.421410 -9.5704584 4.1419992 20.4679298 -0.3333074 -0.4937803 0.0520851 0.8014827
1740549145.524386 -9.6351271 4.1576819 20.4605217 -0.3352965 -0.4943653 0.0521907 0.8002845
1740549145.620014 -9.6927614 4.1697931 20.4796333 -0.3384544 -0.4982271 0.0525093 0.7965308
1740549145.715732 -9.7309771 4.2018108 20.5080528 -0.3390746 -0.5039290 0.0539963 0.7925708
1740549145.818958 -9.7731304 4.2137918 20.5218506 -0.3391875 -0.5076833 0.0544917 0.7900887
1740549145.915593 -9.8358488 4.2587442 20.5203686 -0.3393483 -0.5094965 0.0573569 0.7886484
1740549146.019634 -9.8873968 4.2589827 20.5490513 -0.3417899 -0.5133540 0.0574777 0.7850755
1740549146.117658 -9.9251385 4.2685652 20.5543957 -0.3440246 -0.5164746 0.0577647 0.7820258
1740549146.211721 -9.9412394 4.2785864 20.5732689 -0.3463196 -0.5228465 0.0586355 0.7766957
1740549146.313223 -9.9851742 4.3012333 20.5902100 -0.3488538 -0.5264316 0.0572449 0.7732359
1740549146.410652 -10.0467348 4.3234978 20.5835686 -0.3507831 -0.5269555 0.0578274 0.7719619
1740549146.516978 -10.0756130 4.3529472 20.5870991 -0.3497228 -0.5308035 0.0589995 0.7697147
1740549146.611803 -10.0915737 4.3622837 20.5880623 -0.3503020 -0.5320033 0.0601243 0.7685350
1740549146.709203 -10.1401939 4.3897295 20.5790462 -0.3512999 -0.5318587 0.0606037 0.7681417
1740549146.808975 -10.1572132 4.3795433 20.5658283 -0.3527036 -0.5295995 0.0598175 0.7691206
1740549146.905275 -10.2071886 4.3950191 20.5825100 -0.3554396 -0.5321345 0.0602622 0.7660705
1740549147.005484 -10.2473154 4.4102120 20.5989723 -0.3575733 -0.5354034 0.0604240 0.7627800
1740549147.118003 -10.2736502 4.4225407 20.5948715 -0.3578854 -0.5350050 0.0599167 0.7629533
1740549147.216041 -10.3207340 4.4247808 20.5951233 -0.3617615 -0.5343121 0.0586503 0.7617082
1740549147.320997 -10.3636436 4.4233632 20.6010609 -0.3664975 -0.5325935 0.0560595 0.7608424
1740549147.419025 -10.4015961 4.4396048 20.6124840 -0.3684952 -0.5327644 0.0553187 0.7598113
1740549147.524596 -10.4290943 4.4673662 20.6102638 -0.3693809 -0.5328426 0.0575223 0.7591625
1740549147.619519 -10.4616709 4.4843907 20.6030293 -0.3679869 -0.5324975 0.0564433 0.7601619
1740549147.713788 -10.5119705 4.5065522 20.5957813 -0.3695481 -0.5330097 0.0566018 0.7590330
1740549147.812451 -10.5491171 4.5256276 20.6140671 -0.3714160 -0.5352574 0.0561681 0.7565678
1740549147.908174 -10.5612478 4.5462127 20.6234741 -0.3708669 -0.5354058 0.0567340 0.7566900
1740549148.010894 -10.5880327 4.5452900 20.6252728 -0.3732810 -0.5340170 0.0547711 0.7566289
1740549148.107091 -10.6481724 4.5762873 20.6357727 -0.3747058 -0.5340528 0.0556644 0.7558337
1740549148.201573 -10.7098875 4.6074581 20.6452560 -0.3758307 -0.5337003 0.0551931 0.7555587
1740549148.304168 -10.7511015 4.6562786 20.6521206 -0.3744716 -0.5346510 0.0556135 0.7555305
1740549148.399598 -10.7874708 4.6763554 20.6444588 -0.3747152 -0.5336424 0.0548822 0.7561761
1740549148.497836 -10.8395185 4.6991825 20.6617432 -0.3773644 -0.5343313 0.0534150 0.7544754
1740549148.594221 -10.8875742 4.7186451 20.6598454 -0.3786227 -0.5333810 0.0523107 0.7545947
1740549148.688622 -10.9597397 4.7202587 20.6569977 -0.3806953 -0.5314215 0.0491778 0.7551448
1740549148.785482 -11.0119123 4.7458315 20.6566544 -0.3831167 -0.5306138 0.0486540 0.7545220
1740549148.879812 -11.0781879 4.7714272 20.6565781 -0.3842680 -0.5297908 0.0474416 0.7545921
1740549148.979693 -11.1178131 4.8010135 20.6554317 -0.3851094 -0.5292416 0.0466920 0.7545952
1740549149.078056 -11.1552467 4.8247447 20.6745987 -0.3876878 -0.5287439 0.0445661 0.7537519
1740549149.179826 -11.2008772 4.8472862 20.6726398 -0.3894410 -0.5262510 0.0426484 0.7547030
1740549149.283592 -11.2082767 4.8580236 20.6735210 -0.3912678 -0.5234066 0.0423841 0.7557505
1740549149.380538 -11.2522964 4.8803802 20.6705322 -0.3928129 -0.5209414 0.0401773 0.7567720
1740549149.484184 -11.2969837 4.9203315 20.6635399 -0.3910498 -0.5201417 0.0392099 0.7582844
1740549149.581177 -11.3622704 4.9497757 20.6700535 -0.3925761 -0.5181805 0.0375810 0.7589207
1740549149.676448 -11.4115582 4.9715347 20.6762543 -0.3954813 -0.5146865 0.0347742 0.7599231
1740549149.777166 -11.4808750 5.0176868 20.6896896 -0.3958438 -0.5130684 0.0334080 0.7608892
1740549149.871306 -11.5120935 5.0536137 20.6836586 -0.3947477 -0.5123498 0.0319120 0.7620063
1740549149.967124 -11.5293331 5.0643711 20.6910782 -0.3980657 -0.5101418 0.0315128 0.7617782
1740549150.071241 -11.5362215 5.0691423 20.6909771 -0.3991578 -0.5072016 0.0278784 0.7633103
1740549150.169584 -11.5291519 5.0610747 20.6869202 -0.4018002 -0.5047435 0.0266335 0.7635975
1740549150.273779 -11.5189972 5.0516629 20.6908627 -0.4026856 -0.5034071 0.0219071 0.7641634
1740549150.369635 -11.5279303 5.0588965 20.6945000 -0.4051635 -0.5021276 0.0208759 0.7637242
1740549150.462711 -11.5569401 5.0711088 20.6953297 -0.4059566 -0.5011274 0.0172357 0.7640507
1740549150.561388 -11.5875053 5.1044722 20.6994076 -0.4068550 -0.5009558 0.0175662 0.7636778
1740549150.655398 -11.5904722 5.1446600 20.6983185 -0.4027981 -0.5019868 0.0201449 0.7650864
1740549150.757512 -11.5974770 5.1427617 20.7195644 -0.4045703 -0.5056000 0.0144860 0.7618935
1740549150.850542 -11.5962677 5.1506672 20.7142296 -0.4032029 -0.5061591 0.0113932 0.7622995
1740549150.943638 -11.5909920 5.1423030 20.7125759 -0.4049105 -0.5034557 0.0109327 0.7631909
1740549151.044207 -11.5855789 5.1357780 20.7226982 -0.4078806 -0.5052316 0.0072381 0.7604749
1740549151.139069 -11.5982847 5.1521211 20.7235241 -0.4110299 -0.5042613 0.0077470 0.7594175
1740549151.237400 -11.5951891 5.1469073 20.7207108 -0.4135512 -0.5031591 0.0075751 0.7587813
1740549151.337283 -11.5974236 5.1458392 20.7173271 -0.4125754 -0.5043030 0.0033927 0.7585831
1740549151.432378 -11.5890923 5.1388259 20.7145920 -0.4170202 -0.5021197 0.0055712 0.7575877
1740549151.534129 -11.5722370 5.1270652 20.7169762 -0.4160133 -0.5041788 0.0027372 0.7567887
1740549151.626552 -11.5648737 5.1174402 20.7229557 -0.4208981 -0.5054180 0.0002321 0.7532579
1740549151.720597 -11.5841064 5.1312551 20.7141838 -0.4214483 -0.5053949 -0.0020102 0.7529630
1740549151.827903 -11.5822163 5.1254816 20.7136002 -0.4243427 -0.5047663 -0.0020104 0.7517581
1740549151.922681 -11.5686340 5.1163754 20.7159996 -0.4242364 -0.5070347 -0.0053667 0.7502736
1740549152.027762 -11.5864010 5.1274014 20.7144012 -0.4216171 -0.5107566 -0.0069289 0.7492122
1740549152.121591 -11.5781765 5.1203213 20.7163334 -0.4263829 -0.5113054 -0.0067597 0.7461359
1740549152.215343 -11.5660725 5.1164236 20.7089920 -0.4316304 -0.5091861 -0.0020743 0.7445941
1740549152.315523 -11.5800972 5.1161599 20.7141342 -0.4317804 -0.5123060 -0.0081190 0.7423223
1740549152.412139 -11.5790958 5.1236005 20.7101898 -0.4358083 -0.5111256 -0.0036940 0.7408158
1740549152.513373 -11.5999403 5.1303697 20.7133846 -0.4401463 -0.5125381 -0.0062448 0.7372497
1740549152.610608 -11.5654039 5.1143160 20.7178688 -0.4419713 -0.5123541 -0.0071413 0.7362769
1740549152.705400 -11.5706959 5.1199813 20.7171974 -0.4433411 -0.5130302 -0.0074809 0.7349781
1740549152.809672 -11.5879059 5.1288929 20.7185936 -0.4432223 -0.5146405 -0.0118938 0.7338650
1740549152.904751 -11.6278515 5.1342278 20.7086716 -0.4462760 -0.5114172 -0.0159360 0.7341909
1740549153.007737 -11.6596451 5.1524353 20.7034397 -0.4487932 -0.5083601 -0.0179683 0.7347326
1740549153.101718 -11.6682310 5.1502914 20.7063293 -0.4528184 -0.5073277 -0.0208006 0.7328994
1740549153.195200 -11.6623182 5.1505413 20.7090111 -0.4513131 -0.5100062 -0.0244263 0.7318562
1740549153.296091 -11.6579695 5.1442809 20.7082748 -0.4476876 -0.5120891 -0.0304227 0.7324036
1740549153.390643 -11.7204666 5.1652279 20.7107639 -0.4504356 -0.5111390 -0.0328884 0.7312750
1740549153.501761 -11.7648878 5.1890473 20.6943245 -0.4514835 -0.5088679 -0.0354602 0.7320920
1740549153.597249 -11.7993927 5.2146044 20.6890450 -0.4519009 -0.5084834 -0.0369525 0.7320278
1740549153.693711 -11.8402624 5.2526717 20.6752415 -0.4523595 -0.5069838 -0.0378688 0.7327375
1740549153.797148 -11.8817863 5.2819362 20.6668358 -0.4521237 -0.5058150 -0.0397826 0.7335889
1740549153.893286 -11.9366646 5.3179989 20.6543045 -0.4508749 -0.5059289 -0.0415832 0.7341790
1740549154.002474 -11.9850721 5.3469019 20.6474190 -0.4510666 -0.5042250 -0.0440059 0.7350916
1740549154.097127 -12.0261030 5.3760724 20.6364346 -0.4510964 -0.5036266 -0.0448485 0.7354324
1740549154.193021 -12.0703354 5.4030600 20.6282158 -0.4508008 -0.5028006 -0.0453316 0.7361489
1740549154.293711 -12.1094875 5.4369769 20.6185970 -0.4496414 -0.5025383 -0.0458593 0.7370039
1740549154.388651 -12.1430569 5.4578032 20.6142979 -0.4485422 -0.5013124 -0.0485357 0.7383361
1740549154.485388 -12.1751261 5.4796143 20.6091728 -0.4463855 -0.5005754 -0.0484465 0.7401468
1740549154.586693 -12.2100744 5.5139565 20.5999489 -0.4444119 -0.5018008 -0.0479669 0.7405357
1740549154.679709 -12.2550011 5.5412765 20.6011753 -0.4443483 -0.5022271 -0.0496953 0.7401709
1740549154.782305 -12.2894392 5.5650353 20.5881577 -0.4421328 -0.5013413 -0.0511764 0.7419949
1740549154.878308 -12.3490553 5.6013250 20.5824966 -0.4416748 -0.5015538 -0.0521381 0.7420571
1740549154.972628 -12.4033871 5.6341052 20.5790253 -0.4406573 -0.5018148 -0.0527146 0.7424448
1740549155.073535 -12.4602242 5.6692138 20.5806675 -0.4408734 -0.5035246 -0.0535475 0.7410980
1740549155.166376 -12.5245037 5.7054033 20.5866127 -0.4422918 -0.5048043 -0.0519088 0.7394972
1740549155.269526 -12.5924778 5.7464876 20.5857544 -0.4429324 -0.5057417 -0.0518926 0.7384737
1740549155.363893 -12.6334696 5.7733235 20.5901279 -0.4433131 -0.5074568 -0.0509449 0.7371334
1740549155.461140 -12.6875124 5.8033166 20.5924301 -0.4431204 -0.5091373 -0.0513411 0.7360623
1740549155.564562 -12.7523050 5.8395538 20.5941010 -0.4432446 -0.5096151 -0.0510189 0.7356791
1740549155.661304 -12.8143902 5.8764663 20.5973740 -0.4438082 -0.5111299 -0.0506651 0.7343116
1740549155.762348 -12.8625317 5.9060917 20.6006241 -0.4434803 -0.5132891 -0.0489600 0.7331183
1740549155.858957 -12.8767319 5.9553680 20.6168251 -0.4414799 -0.5178823 -0.0442721 0.7313914
1740549155.954877 -12.9147758 6.0027971 20.6235104 -0.4401486 -0.5207935 -0.0417897 0.7302719
1740549156.055189 -12.9530869 6.0571532 20.6182232 -0.4366041 -0.5221100 -0.0384500 0.7316417
1740549156.151120 -13.0038557 6.1139765 20.6290588 -0.4348178 -0.5236006 -0.0367086 0.7317297
1740549156.254935 -13.0466852 6.1578875 20.6363792 -0.4341393 -0.5248467 -0.0338480 0.7313777
1740549156.349517 -13.0638895 6.1603332 20.6356335 -0.4333349 -0.5250419 -0.0364532 0.7315894
1740549156.446611 -13.0906172 6.1626916 20.6409225 -0.4348432 -0.5234630 -0.0374586 0.7317751
1740549156.549882 -13.1169300 6.1843576 20.6365166 -0.4323031 -0.5232636 -0.0384279 0.7333707
1740549156.646035 -13.1231174 6.1929660 20.6334515 -0.4307252 -0.5231735 -0.0380780 0.7343809
1740549156.744613 -13.1299524 6.1925306 20.6367931 -0.4301628 -0.5236533 -0.0382580 0.7343592
1740549156.847230 -13.1364050 6.1896296 20.6423645 -0.4307013 -0.5233485 -0.0380829 0.7342700
1740549156.944763 -13.1490889 6.1937370 20.6449890 -0.4295776 -0.5231791 -0.0395031 0.7349736
1740549157.046968 -13.1601782 6.1967015 20.6473045 -0.4293701 -0.5223651 -0.0411993 0.7355805
1740549157.142457 -13.1757059 6.2093468 20.6463280 -0.4272352 -0.5208979 -0.0390596 0.7379769
1740549157.238728 -13.1763306 6.2192497 20.6419659 -0.4249887 -0.5201215 -0.0364587 0.7399521
1740549157.346623 -13.1811333 6.2264285 20.6453514 -0.4220095 -0.5194678 -0.0370905 0.7420818
1740549157.442645 -13.1909180 6.2306695 20.6522522 -0.4225967 -0.5188185 -0.0369257 0.7422101
1740549157.546614 -13.2038851 6.2342672 20.6642647 -0.4223769 -0.5182514 -0.0399579 0.7425743
1740549157.641732 -13.2121029 6.2433739 20.6580315 -0.4199995 -0.5161412 -0.0379641 0.7454914
1740549157.737886 -13.2164841 6.2492766 20.6604500 -0.4186558 -0.5154477 -0.0374853 0.7467502
1740549157.847641 -13.2207956 6.2422233 20.6538315 -0.4185560 -0.5123620 -0.0372114 0.7489402
1740549157.945290 -13.2249231 6.2518992 20.6533394 -0.4163161 -0.5107508 -0.0353071 0.7513774
1740549158.048167 -13.2344856 6.2538586 20.6528835 -0.4158213 -0.5080113 -0.0349016 0.7535245
1740549158.145490 -13.2370024 6.2657990 20.6515274 -0.4113936 -0.5077838 -0.0350018 0.7560991
1740549158.241773 -13.2581511 6.2810040 20.6464729 -0.4070752 -0.5059372 -0.0344104 0.7596928
1740549158.345735 -13.2604275 6.2856493 20.6478214 -0.4065909 -0.5046310 -0.0340966 0.7608343
1740549158.441410 -13.2618046 6.2862773 20.6464691 -0.4041668 -0.5039043 -0.0350198 0.7625636
1740549158.542881 -13.2706175 6.2896976 20.6494827 -0.4048657 -0.5030667 -0.0338267 0.7627999
1740549158.638783 -13.2767334 6.2944450 20.6558475 -0.4061188 -0.5028703 -0.0317878 0.7623507
1740549158.736259 -13.2839146 6.2993555 20.6582680 -0.4055981 -0.5027435 -0.0296267 0.7627984
1740549158.840818 -13.2871056 6.2973480 20.6592674 -0.4058180 -0.5010266 -0.0280663 0.7638692
1740549158.940563 -13.2909460 6.2986922 20.6579056 -0.4046933 -0.4984407 -0.0274255 0.7661775
1740549159.042939 -13.2913084 6.2989373 20.6616287 -0.4061516 -0.4992162 -0.0281016 0.7648754
1740549159.139765 -13.2894526 6.3051453 20.6721649 -0.4068198 -0.5033988 -0.0250968 0.7618775
1740549159.235657 -13.2972870 6.3136330 20.6870174 -0.4072384 -0.5067564 -0.0256232 0.7594066
1740549159.339975 -13.3068953 6.3269715 20.6972694 -0.4036840 -0.5074022 -0.0227360 0.7609634
1740549159.436825 -13.3082247 6.3298006 20.7041759 -0.4032837 -0.5086855 -0.0216520 0.7603502
1740549159.539426 -13.3136559 6.3305259 20.7057457 -0.4047981 -0.5075169 -0.0211834 0.7603397
1740549159.638810 -13.3134804 6.3296137 20.7050323 -0.4051783 -0.5050387 -0.0223918 0.7617514
1740549159.736955 -13.3204594 6.3324051 20.7026367 -0.4021454 -0.5031647 -0.0252815 0.7645032
1740549159.841470 -13.3368368 6.3352585 20.6977253 -0.3991107 -0.4980170 -0.0266876 0.7694007
1740549159.940899 -13.3576107 6.3446245 20.6921082 -0.3956022 -0.4928104 -0.0264392 0.7745565
1740549160.043730 -13.3818531 6.3433552 20.6890125 -0.3953203 -0.4880692 -0.0295788 0.7775831
1740549160.140900 -13.4068050 6.3452816 20.6852570 -0.3977897 -0.4855116 -0.0326294 0.7778028
1740549160.239685 -13.4571724 6.3482327 20.6791916 -0.3961985 -0.4798203 -0.0350829 0.7820285
1740549160.344797 -13.5145111 6.3580723 20.6696415 -0.3960184 -0.4759529 -0.0378369 0.7843511
1740549160.442555 -13.5821037 6.3668938 20.6663952 -0.3974543 -0.4726799 -0.0397369 0.7855093
1740549160.545527 -13.6538448 6.3769169 20.6630669 -0.3972674 -0.4688520 -0.0417491 0.7877903
1740549160.643450 -13.7130718 6.4150877 20.6669426 -0.3948545 -0.4664734 -0.0417951 0.7904086
1740549160.739986 -13.7667351 6.4692926 20.6930237 -0.3931548 -0.4663489 -0.0413090 0.7913542
1740549160.848830 -13.8189888 6.5123911 20.7337990 -0.3919631 -0.4660452 -0.0414766 0.7921152
1740549160.946728 -13.8722286 6.5713286 20.7647743 -0.3897606 -0.4658586 -0.0409847 0.7933365
1740549161.049689 -13.9330444 6.6198773 20.7844887 -0.3882614 -0.4648813 -0.0408148 0.7946525
1740549161.149570 -13.9956760 6.6730976 20.7978172 -0.3861055 -0.4636160 -0.0396694 0.7964980
1740549161.257564 -14.0535603 6.7243414 20.8249893 -0.3846093 -0.4631942 -0.0392891 0.7974855
1740549161.358096 -14.1091681 6.7692881 20.8478851 -0.3832000 -0.4618455 -0.0395432 0.7989323
1740549161.560953 -14.2304916 6.8726048 20.8949966 -0.3799584 -0.4604030 -0.0381176 0.8013787
1740549161.664632 -14.2849922 6.9259491 20.9250164 -0.3783843 -0.4598388 -0.0372335 0.8024883
1740549161.769200 -14.3433056 6.9765248 20.9537334 -0.3765155 -0.4593946 -0.0369465 0.8036340
1740549161.967374 -14.4533930 7.0856180 21.0060539 -0.3723096 -0.4581737 -0.0347850 0.8063824
1740549162.173817 -14.5762119 7.1813226 21.0664597 -0.3685502 -0.4575218 -0.0333926 0.8085354
1740549162.274289 -14.6307297 7.2307487 21.0957413 -0.3665848 -0.4570190 -0.0323815 0.8097535
1740549162.476851 -14.7502232 7.3291554 21.1506462 -0.3624879 -0.4567593 -0.0305171 0.8118141
1740549162.579718 -14.8071175 7.3786201 21.1710415 -0.3598471 -0.4563861 -0.0293696 0.8132399
1740549162.784577 -14.9276676 7.4765892 21.2323589 -0.3562326 -0.4570050 -0.0263129 0.8145873
1740549162.885401 -14.9907084 7.5183048 21.2606792 -0.3546360 -0.4570770 -0.0258724 0.8152574
1740549163.092244 -15.1080246 7.6251197 21.3055401 -0.3507621 -0.4571379 -0.0234025 0.8169720
1740549163.293207 -15.2415514 7.7047329 21.3588219 -0.3477181 -0.4576342 -0.0217872 0.8180394
1740549163.490130 -15.3659391 7.7976952 21.4194965 -0.3447286 -0.4588799 -0.0199247 0.8186541
1740549163.596434 -15.4276752 7.8331771 21.4525261 -0.3437250 -0.4592037 -0.0195074 0.8189045
1740549163.807844 -15.5531960 7.9195108 21.5044632 -0.3414246 -0.4597069 -0.0179578 0.8196197
1740549163.908289 -15.6154766 7.9598074 21.5320740 -0.3403154 -0.4597691 -0.0174175 0.8200576
1740549164.114975 -15.7492313 8.0420809 21.5820923 -0.3396084 -0.4595450 -0.0171464 0.8204820
1740549164.328689 -15.8562422 8.1489096 21.6319313 -0.3388243 -0.4588746 -0.0168083 0.8211880
1740549164.427706 -15.9044428 8.2012072 21.6700573 -0.3394559 -0.4593119 -0.0172186 0.8206740
1740549164.631567 -16.0351524 8.2929497 21.7191353 -0.3394542 -0.4587336 -0.0172065 0.8209983
1740549164.730246 -16.0776863 8.3517437 21.7488842 -0.3397948 -0.4589071 -0.0173415 0.8207576
1740549164.834119 -16.1148033 8.4115477 21.7748795 -0.3398525 -0.4580803 -0.0183865 0.8211727
1740549165.044164 -16.2296600 8.5143890 21.8283978 -0.3398011 -0.4581695 -0.0181233 0.8211501
1740549165.143656 -16.2971478 8.5491238 21.8562946 -0.3398469 -0.4581411 -0.0181035 0.8211474
1740549165.348312 -16.4152489 8.6449280 21.9186649 -0.3392012 -0.4588079 -0.0179527 0.8210454
1740549165.448211 -16.4772758 8.6950207 21.9367714 -0.3386108 -0.4585034 -0.0168402 0.8214828
1740549165.555829 -16.5341187 8.7314892 21.9620590 -0.3378383 -0.4585481 -0.0170779 0.8217708
1740549165.655652 -16.5958576 8.7766171 21.9941463 -0.3367959 -0.4592278 -0.0164817 0.8218313
1740549165.761869 -16.6544571 8.8222504 22.0181961 -0.3359094 -0.4592365 -0.0150124 0.8222173
1740549165.871648 -16.7126694 8.8720932 22.0467377 -0.3349801 -0.4596700 -0.0142694 0.8223674
1740549165.972558 -16.7812538 8.9104013 22.0702934 -0.3335877 -0.4598936 -0.0140470 0.8228121
1740549166.090395 -16.8404579 8.9603367 22.1022739 -0.3319935 -0.4601247 -0.0128061 0.8233478
1740549166.192256 -16.9051018 8.9974842 22.1346149 -0.3310811 -0.4602472 -0.0121533 0.8236566
1740549166.295492 -16.9634857 9.0465355 22.1568146 -0.3293687 -0.4601183 -0.0109050 0.8244323
1740549166.499887 -17.0967999 9.1290817 22.2133751 -0.3272802 -0.4593156 -0.0100850 0.8257211
1740549166.607823 -17.1665573 9.1592751 22.2406502 -0.3262368 -0.4581688 -0.0102254 0.8267686
1740549166.709823 -17.2238884 9.1985903 22.2830257 -0.3253399 -0.4583029 -0.0098383 0.8270524
1740549166.812874 -17.2948132 9.2442513 22.3011627 -0.3237736 -0.4567660 -0.0093130 0.8285220
1740549167.024889 -17.4207134 9.3258648 22.3638840 -0.3225750 -0.4540955 -0.0089492 0.8304592
1740549167.124330 -17.4721966 9.3770962 22.4021454 -0.3212464 -0.4528552 -0.0090981 0.8316491
1740549167.341180 -17.5916481 9.4592981 22.4685936 -0.3211621 -0.4489358 -0.0107632 0.8337840
1740549167.441819 -17.6533298 9.5105858 22.5001106 -0.3206534 -0.4462025 -0.0111952 0.8354396
1740549167.653291 -17.7606697 9.6091270 22.5769806 -0.3203908 -0.4409059 -0.0131937 0.8383183
1740549167.771944 -17.8230762 9.6647148 22.6176834 -0.3201587 -0.4384455 -0.0139511 0.8396841
1740549167.978791 -17.9611073 9.7322807 22.6662884 -0.3223762 -0.4301164 -0.0187267 0.8430437
1740549168.195249 -18.0376110 9.8472195 22.7727852 -0.3215266 -0.4275434 -0.0195850 0.8446560
1740549168.406772 -18.1563148 9.9400063 22.8387203 -0.3208196 -0.4212795 -0.0209864 0.8480318
1740549168.632490 -18.2628708 10.0370693 22.9189167 -0.3208485 -0.4164218 -0.0234903 0.8503513
1740549168.851040 -18.3540192 10.1444035 23.0051193 -0.3205104 -0.4124236 -0.0245091 0.8523961
1740549169.167912 -18.5440788 10.2566948 23.1125641 -0.3196880 -0.4062318 -0.0267980 0.8556034
1740549169.484467 -18.6910763 10.4184246 23.2276573 -0.3181816 -0.4017349 -0.0278193 0.8582516
1740549170.022767 -18.9525242 10.6613789 23.4388618 -0.3125193 -0.3992818 -0.0265676 0.8615103
1740549170.454929 -19.1676807 10.8415279 23.6045589 -0.3059705 -0.3995675 -0.0231103 0.8638251
1740549170.864509 -19.3967724 11.0132027 23.7656937 -0.2960262 -0.4014330 -0.0168028 0.8665667
1740549171.389137 -19.6955795 11.2002850 23.9787521 -0.2823806 -0.4049709 -0.0095227 0.8695799
1740549171.593817 -19.8137970 11.2705803 24.0657463 -0.2770175 -0.4062788 -0.0063663 0.8707229
1740549171.802422 -19.9357376 11.3373728 24.1522636 -0.2713669 -0.4074106 -0.0033820 0.8719893
1740549172.005557 -20.0417004 11.4077215 24.2515030 -0.2661721 -0.4091801 -0.0005281 0.8727679
1740549172.211613 -20.1610394 11.4821434 24.3393383 -0.2604435 -0.4103202 0.0027426 0.8739560
1740549172.417300 -20.2830162 11.5515623 24.4195251 -0.2554140 -0.4109082 0.0052177 0.8751519
1740549172.721771 -20.4639244 11.6548481 24.5553970 -0.2485269 -0.4115334 0.0086973 0.8768119
1740549173.038378 -20.6432762 11.7383604 24.6846581 -0.2429431 -0.4128400 0.0124837 0.8777163
1740549173.239852 -20.7643471 11.8028660 24.7738800 -0.2389114 -0.4134673 0.0138549 0.8785068
1740549173.457603 -20.8865433 11.8612852 24.8771305 -0.2354660 -0.4135442 0.0170464 0.8793443
1740549173.561118 -20.9407539 11.8908062 24.9174309 -0.2331293 -0.4142394 0.0180308 0.8796200
1740549173.869921 -21.1189041 11.9774818 25.0492821 -0.2277030 -0.4149642 0.0210061 0.8806332
1740549174.081385 -21.2484989 12.0334368 25.1439018 -0.2248269 -0.4141650 0.0225811 0.8817088
1740549174.289624 -21.3669853 12.0907230 25.2365036 -0.2213435 -0.4139268 0.0246119 0.8826471
1740549174.490930 -21.4899044 12.1397667 25.3273125 -0.2178288 -0.4133316 0.0268151 0.8837356
1740549174.801366 -21.6931381 12.2270689 25.4607449 -0.2129166 -0.4113726 0.0278173 0.8858134
1740549175.111192 -21.8623505 12.2687912 25.6018982 -0.2105389 -0.4120281 0.0326383 0.8859125
1740549175.412729 -22.0374908 12.3450994 25.7472687 -0.2049101 -0.4118519 0.0353990 0.8872073
1740549175.711127 -22.2288895 12.4006224 25.9009819 -0.2012661 -0.4097438 0.0408365 0.8887825
1740549176.015663 -22.4077969 12.5173750 26.0484467 -0.1888328 -0.4080677 0.0420450 0.8922192
1740549176.415936 -22.6264915 12.5419226 26.2718353 -0.1910037 -0.4093542 0.0504068 0.8907334
1740549176.711049 -22.7473927 12.6164560 26.4664574 -0.1863613 -0.4128977 0.0566098 0.8897080
1740549177.007849 -22.8494682 12.6944408 26.6308670 -0.1809750 -0.4205643 0.0606341 0.8869596
1740549177.211850 -22.9443779 12.7543459 26.7336197 -0.1759609 -0.4216829 0.0615821 0.8873720
1740549177.411701 -23.0182571 12.8005934 26.8417053 -0.1736878 -0.4242404 0.0670335 0.8862049
1740549177.610659 -23.0120926 12.7943592 26.8196354 -0.1709082 -0.4188115 0.0644958 0.8895097
1740549177.808434 -23.0682182 12.8013868 26.8659954 -0.1736333 -0.4150461 0.0680511 0.8904815
1740549178.006271 -23.0501652 12.7927132 26.8699913 -0.1755909 -0.4153473 0.0671876 0.8900226
1740549178.208377 -23.0655785 12.7994204 26.8927498 -0.1761029 -0.4143356 0.0670855 0.8904007
1740549178.404510 -23.0890732 12.8070984 26.9244576 -0.1755139 -0.4130674 0.0648002 0.8912750
1740549178.605654 -23.0929089 12.8060331 26.9230404 -0.1763914 -0.4085906 0.0641744 0.8932086
1740549178.814891 -23.1188145 12.8070269 26.9538879 -0.1786353 -0.4078702 0.0628942 0.8931829
1740549179.009169 -23.1470184 12.8191643 26.9955788 -0.1774531 -0.4067593 0.0607802 0.8940711
1740549179.221089 -23.1750813 12.8361101 27.0406685 -0.1787324 -0.4071410 0.0647960 0.8933603
1740549179.325730 -23.2103977 12.8484211 27.0765495 -0.1786881 -0.4062889 0.0649875 0.8937430
1740549179.519505 -23.1964951 12.8407412 27.0692844 -0.1811372 -0.4040328 0.0685430 0.8940071
1740549179.628930 -23.2173347 12.8652630 27.1002293 -0.1778991 -0.4053514 0.0678228 0.8941153
1740549179.723110 -23.2307491 12.8630905 27.1112003 -0.1791339 -0.4035867 0.0681904 0.8946390
1740549179.827581 -23.2287827 12.8481016 27.1143837 -0.1801746 -0.4041367 0.0678908 0.8942044
1740549179.926364 -23.2450104 12.8627462 27.1418514 -0.1799872 -0.4041350 0.0703362 0.8940539
1740549180.025684 -23.2571239 12.8604212 27.1596432 -0.1800648 -0.4037166 0.0691816 0.8943173
1740549180.228218 -23.3126488 12.8896875 27.2093201 -0.1770602 -0.4022344 0.0709706 0.8954442
1740549180.328742 -23.3154945 12.8898897 27.2154694 -0.1767059 -0.4021282 0.0709085 0.8955668
1740549180.429969 -23.3319721 12.8987989 27.2342129 -0.1765846 -0.4014562 0.0718040 0.8958209
1740549180.524588 -23.3433647 12.8993053 27.2399731 -0.1754628 -0.4007258 0.0711166 0.8964229
1740549180.628313 -23.3613358 12.9164410 27.2571373 -0.1740558 -0.4001688 0.0710114 0.8969542
1740549180.827017 -23.4049301 12.9196739 27.3090992 -0.1736231 -0.4003166 0.0704713 0.8970147
1740549180.923781 -23.4220581 12.9408264 27.3333721 -0.1701412 -0.4002992 0.0683186 0.8978558
1740549181.020723 -23.4354763 12.9381561 27.3376541 -0.1701944 -0.3984022 0.0715833 0.8984350
1740549181.130305 -23.4436378 12.9423065 27.3482819 -0.1691041 -0.3981393 0.0723884 0.8986929
1740549181.226513 -23.4565525 12.9450579 27.3624802 -0.1682906 -0.3977598 0.0722939 0.8990211
1740549181.427679 -23.4609966 12.9534941 27.3586121 -0.1659964 -0.3966764 0.0735730 0.8998222
1740549181.524446 -23.4673958 12.9650526 27.3635025 -0.1643723 -0.3968430 0.0735209 0.9000511
1740549181.630135 -23.4726944 12.9633799 27.3772678 -0.1643288 -0.3967551 0.0737088 0.9000825
1740549181.727332 -23.4860592 12.9653940 27.3837051 -0.1640788 -0.3962254 0.0761260 0.9001603
1740549181.923398 -23.4847374 12.9719620 27.3876495 -0.1611985 -0.3959788 0.0741656 0.9009525
1740549182.027248 -23.4945354 12.9841366 27.3993111 -0.1600510 -0.3953807 0.0764821 0.9012260
1740549182.129515 -23.5017776 12.9771013 27.4136639 -0.1603407 -0.3960987 0.0764886 0.9008586
1740549182.225888 -23.5053673 12.9979000 27.4158669 -0.1578166 -0.3957694 0.0771206 0.9013950
1740549182.327135 -23.5130692 12.9999313 27.4236526 -0.1566019 -0.3951627 0.0744437 0.9020978
1740549182.520537 -23.5150204 13.0000248 27.4314651 -0.1558878 -0.3966272 0.0745619 0.9015688
1740549182.624154 -23.5153198 13.0053291 27.4299831 -0.1556690 -0.3962286 0.0752558 0.9017242
1740549182.721113 -23.5168953 13.0075722 27.4345589 -0.1553773 -0.3957685 0.0754824 0.9019576
1740549182.832651 -23.5230675 13.0087881 27.4417458 -0.1539267 -0.3957457 0.0735071 0.9023795
1740549183.129501 -23.6346550 13.0086918 27.5625610 -0.1590280 -0.3938532 0.0678695 0.9027643
1740549183.224547 -23.6464882 13.0118837 27.5704956 -0.1585614 -0.3934253 0.0662259 0.9031550
1740549183.340580 -23.6475143 13.0172863 27.5747471 -0.1575248 -0.3932321 0.0668692 0.9033731
1740549183.434466 -23.6728592 12.9928350 27.6051216 -0.1622398 -0.3930927 0.0673039 0.9025667
1740549183.533147 -23.7133980 13.0045166 27.6284256 -0.1630272 -0.3922484 0.0666368 0.9028416
1740549183.634775 -23.7376976 13.0038862 27.6546154 -0.1646238 -0.3940639 0.0663809 0.9017795
1740549183.732097 -23.7610607 12.9945240 27.6772499 -0.1656504 -0.3935409 0.0667781 0.9017906
1740549183.840860 -23.7949390 13.0006895 27.7266426 -0.1671449 -0.3961354 0.0679254 0.9002919
1740549183.939481 -23.8183231 13.0019436 27.7647781 -0.1690017 -0.3993737 0.0671818 0.8985687
1740549184.042390 -23.8453693 13.0052586 27.7903748 -0.1699777 -0.3989702 0.0685950 0.8984571
1740549184.147705 -23.8582497 13.0148211 27.8038254 -0.1684064 -0.3992201 0.0683673 0.8986593
1740549184.246625 -23.8746853 13.0122089 27.8152523 -0.1697238 -0.3992710 0.0682053 0.8984011
1740549184.348932 -23.8951225 13.0148106 27.8418999 -0.1712543 -0.4004250 0.0656846 0.8977847
1740549184.444885 -23.9306068 13.0236521 27.8996735 -0.1719443 -0.4025079 0.0640003 0.8968425
1740549184.542367 -23.9914417 13.0217800 27.9459095 -0.1744282 -0.4030174 0.0665273 0.8959497
1740549184.653593 -24.0241947 13.0268736 27.9900017 -0.1745906 -0.4050058 0.0669910 0.8949865
1740549184.756587 -24.0509758 13.0447149 27.9937592 -0.1730096 -0.4062667 0.0659748 0.8947974
1740549184.864718 -24.0971184 13.0486660 28.0108414 -0.1732732 -0.4035940 0.0651572 0.8960150
1740549184.965230 -24.1197624 13.0508881 28.0335464 -0.1734338 -0.4031908 0.0642205 0.8962331
1740549185.060590 -24.1185989 13.0461550 28.0455360 -0.1744154 -0.4068401 0.0632839 0.8944582
1740549185.163600 -24.1298313 13.0666780 28.0664463 -0.1726945 -0.4110587 0.0657925 0.8926806
1740549185.264406 -24.1557598 13.0773106 28.1058903 -0.1731283 -0.4142548 0.0659549 0.8911058
1740549185.370111 -24.1858921 13.0819311 28.1362419 -0.1726217 -0.4119906 0.0661982 0.8922350
1740549185.467841 -24.2283249 13.0792484 28.1709633 -0.1764804 -0.4106523 0.0645689 0.8922165
1740549185.566139 -24.2475739 13.0867834 28.1846657 -0.1781407 -0.4114734 0.0657674 0.8914203
1740549185.669559 -24.2529507 13.0879860 28.2058411 -0.1783371 -0.4146092 0.0667944 0.8898503
1740549185.766977 -24.3065052 13.0894365 28.2720184 -0.1800001 -0.4152264 0.0665391 0.8892466
1740549185.870638 -24.3459721 13.0973024 28.3280220 -0.1811593 -0.4167975 0.0661179 0.8883072
1740549185.969141 -24.3869896 13.1042042 28.3723164 -0.1822971 -0.4176708 0.0648341 0.8877586
1740549186.074119 -24.4034233 13.1045914 28.3917618 -0.1840037 -0.4177851 0.0643544 0.8873876
1740549186.193703 -24.4357433 13.1157494 28.4451504 -0.1855395 -0.4192387 0.0632752 0.8864594
1740549186.289394 -24.4608326 13.1084900 28.5133362 -0.1894839 -0.4211019 0.0635199 0.8847227
1740549186.402216 -24.4858894 13.1135836 28.5354004 -0.1918448 -0.4207253 0.0634732 0.8843964
1740549186.501472 -24.5020714 13.1104765 28.5925083 -0.1962058 -0.4255480 0.0625660 0.8811910
1740549186.605861 -24.5520172 13.1215010 28.6336193 -0.2003199 -0.4245127 0.0611445 0.8808645
1740549186.708311 -24.5970211 13.1257915 28.6913605 -0.2042583 -0.4245024 0.0610796 0.8799691
1740549186.808212 -24.6164856 13.1448822 28.7412682 -0.2048313 -0.4268155 0.0601112 0.8787828
1740549186.913501 -24.6799355 13.1747484 28.7862320 -0.2054246 -0.4259672 0.0601627 0.8790524
1740549187.014709 -24.7463264 13.2048693 28.8313274 -0.2060746 -0.4237730 0.0590077 0.8800385
1740549187.118287 -24.7820663 13.2024717 28.8861198 -0.2099248 -0.4234783 0.0578815 0.8793449
1740549187.220392 -24.8348904 13.2117710 28.9312210 -0.2120339 -0.4220904 0.0563239 0.8796073
1740549187.320407 -24.8793755 13.2217913 28.9867573 -0.2136023 -0.4213922 0.0556220 0.8796072
1740549187.423384 -24.9298096 13.2440519 29.0330467 -0.2139595 -0.4204696 0.0551930 0.8799888
1740549187.526156 -24.9928398 13.2708273 29.0755920 -0.2139313 -0.4186670 0.0543151 0.8809094
1740549187.630742 -25.0446911 13.2767410 29.1374016 -0.2162283 -0.4185981 0.0559494 0.8802787
1740549187.731887 -25.0727539 13.2727957 29.2077103 -0.2198619 -0.4211154 0.0563552 0.8781496
1740549187.834292 -25.1183548 13.2991791 29.2520218 -0.2216553 -0.4191427 0.0566252 0.8786250
1740549187.942159 -25.1757221 13.3497696 29.2991276 -0.2218565 -0.4164331 0.0561637 0.8798913
1740549188.047152 -25.2302399 13.3796778 29.3484344 -0.2222793 -0.4151688 0.0546865 0.8804750
1740549188.165024 -25.2732716 13.3779573 29.4055729 -0.2266337 -0.4144070 0.0540968 0.8797599
1740549188.265500 -25.3125668 13.3693790 29.4766121 -0.2311832 -0.4157704 0.0549330 0.8778791
1740549188.370327 -25.3605309 13.3710527 29.5374908 -0.2355318 -0.4151067 0.0558676 0.8769777
1740549188.474029 -25.4100380 13.4171152 29.5873184 -0.2349052 -0.4143771 0.0551043 0.8775390
1740549188.578360 -25.4796028 13.4510508 29.6210651 -0.2353142 -0.4101358 0.0538055 0.8795003
1740549188.689574 -25.5441723 13.4941082 29.6667805 -0.2364764 -0.4082270 0.0526570 0.8801460
1740549188.792085 -25.6016159 13.5258608 29.7186775 -0.2382671 -0.4065979 0.0513813 0.8804924
1740549188.901445 -25.6615658 13.5522499 29.7653618 -0.2398622 -0.4040175 0.0498206 0.8813365
1740549189.004250 -25.7208614 13.5761528 29.8170071 -0.2416672 -0.4021727 0.0486195 0.8817541
1740549189.113925 -25.7806129 13.6040850 29.8668041 -0.2437206 -0.4003485 0.0473607 0.8820875
1740549189.215626 -25.8397732 13.6383152 29.9078312 -0.2458944 -0.3982976 0.0454922 0.8825110
1740549189.318412 -25.9019794 13.6801500 29.9475079 -0.2476805 -0.3961627 0.0439713 0.8830492
1740549189.424645 -25.9583931 13.7067766 30.0033684 -0.2507940 -0.3943385 0.0425833 0.8830550
1740549189.532426 -26.0189056 13.7302608 30.0535812 -0.2540061 -0.3918311 0.0404727 0.8833523
1740549189.638489 -26.0764141 13.7599010 30.1034470 -0.2569334 -0.3899502 0.0382576 0.8834367
1740549189.746368 -26.1399117 13.7882395 30.1538696 -0.2607400 -0.3870489 0.0358857 0.8836968
1740549189.856987 -26.1952400 13.8279877 30.1970310 -0.2645479 -0.3849665 0.0331782 0.8835804
1740549189.965978 -26.2542992 13.8742933 30.2365036 -0.2688077 -0.3815913 0.0308032 0.8838449
1740549190.071166 -26.3067570 13.9183359 30.2819424 -0.2731230 -0.3789626 0.0278533 0.8837507
1740549190.296072 -26.4075947 14.0161581 30.3702888 -0.2833167 -0.3723609 0.0215645 0.8835236
1740549190.523205 -26.5218525 14.1062622 30.4514713 -0.2943705 -0.3647702 0.0143703 0.8832226
1740549190.858675 -26.6671314 14.2567024 30.5818710 -0.3122855 -0.3528084 0.0029964 0.8820403
1740549191.185761 -26.8060131 14.4120827 30.7186832 -0.3318580 -0.3390911 -0.0098191 0.8802223
1740549191.406955 -26.8884964 14.5193024 30.8134861 -0.3451816 -0.3295245 -0.0187749 0.8785846
1740549191.628448 -26.9690170 14.6363211 30.9004612 -0.3582859 -0.3194547 -0.0274045 0.8768289
1740549191.954960 -27.0622368 14.8266582 31.0287323 -0.3777567 -0.3051963 -0.0399947 0.8732443
1740549192.174960 -27.1316395 14.9556637 31.1051121 -0.3900917 -0.2948993 -0.0485916 0.8709201
1740549192.500064 -27.2269421 15.1512938 31.2287254 -0.4086108 -0.2812567 -0.0614785 0.8661133
1740549192.817291 -27.3264313 15.3462486 31.3442326 -0.4275299 -0.2673512 -0.0726441 0.8605024
1740549193.139901 -27.3830776 15.5638227 31.4583969 -0.4458471 -0.2580094 -0.0829476 0.8530951
1740549193.560120 -27.4941120 15.8360796 31.6170559 -0.4705458 -0.2458710 -0.0957523 0.8420010
1740549193.968204 -27.5707054 16.1267071 31.7562962 -0.4972450 -0.2372988 -0.1071776 0.8276168
1740549194.272255 -27.6250801 16.3524303 31.8414860 -0.5183037 -0.2325374 -0.1144580 0.8149767
1740549194.574530 -27.6811066 16.5855179 31.8953419 -0.5404655 -0.2293015 -0.1201028 0.8005580
1740549194.877326 -27.7253876 16.8264427 31.9244041 -0.5607725 -0.2262099 -0.1256825 0.7864904
1740549195.175478 -27.7651005 17.0658245 31.9479313 -0.5792196 -0.2237837 -0.1303410 0.7729403
1740549195.474647 -27.7941704 17.3068218 31.9732246 -0.5942860 -0.2225171 -0.1340448 0.7611454
1740549195.674849 -27.7996330 17.4715328 31.9975700 -0.6027226 -0.2217435 -0.1353142 0.7544835
1740549195.880509 -27.8183498 17.6325893 32.0201950 -0.6089331 -0.2221091 -0.1363079 0.7491917
1740549196.075603 -27.8320980 17.7925491 32.0411911 -0.6141970 -0.2233412 -0.1366053 0.7444593
1740549196.277467 -27.8449192 17.9572945 32.0608749 -0.6174653 -0.2247320 -0.1360364 0.7414353
1740549196.483913 -27.8797779 18.1108780 32.0822601 -0.6200638 -0.2264042 -0.1348796 0.7389652
1740549196.683547 -27.9211788 18.2673645 32.1095390 -0.6215330 -0.2294626 -0.1318983 0.7373238
1740549196.885457 -27.9577789 18.4218407 32.1237869 -0.6217605 -0.2330717 -0.1295668 0.7364129
1740549197.079534 -27.9935036 18.5810452 32.1376877 -0.6214722 -0.2360314 -0.1268328 0.7361895
1740549197.279557 -28.0299282 18.7364426 32.1609039 -0.6217360 -0.2396127 -0.1239646 0.7352979
1740549197.485064 -28.0781326 18.8918610 32.1767464 -0.6205904 -0.2425017 -0.1212179 0.7357762
1740549197.684385 -28.1206741 19.0457325 32.1900711 -0.6207747 -0.2444839 -0.1193773 0.7352656
1740549197.886455 -28.1474895 19.2032127 32.2034760 -0.6199078 -0.2473777 -0.1171004 0.7353952
1740549198.079920 -28.1899681 19.3575439 32.2225456 -0.6190565 -0.2483309 -0.1161879 0.7359356
1740549198.284944 -28.2345009 19.5096340 32.2430954 -0.6184238 -0.2489234 -0.1148672 0.7364746
1740549198.392906 -28.2580223 19.5867043 32.2499924 -0.6182833 -0.2479673 -0.1155741 0.7368043
1740549198.696872 -28.3148766 19.8230419 32.2777290 -0.6178981 -0.2482221 -0.1150093 0.7371300
1740549198.897119 -28.3445587 19.9816990 32.2950592 -0.6169938 -0.2467832 -0.1163744 0.7381555
1740549199.197974 -28.4060497 20.2113132 32.3381882 -0.6164850 -0.2443029 -0.1186801 0.7390381
1740549199.494938 -28.4478817 20.4498291 32.3659325 -0.6149840 -0.2419958 -0.1211918 0.7406384
1740549199.699211 -28.4812660 20.5897865 32.3957214 -0.6169431 -0.2375910 -0.1244472 0.7398950
1740549199.996801 -28.5184631 20.8365211 32.4241104 -0.6147190 -0.2349222 -0.1267916 0.7421967
1740549200.296626 -28.5520077 21.0711823 32.4570847 -0.6139116 -0.2300388 -0.1312899 0.7436113
1740549200.600549 -28.5906143 21.2993355 32.4999733 -0.6143643 -0.2271540 -0.1342065 0.7436035
1740549200.796658 -28.6141701 21.4581203 32.5268211 -0.6140533 -0.2257183 -0.1352378 0.7441106
1740549200.997847 -28.6337624 21.6096802 32.5574265 -0.6122222 -0.2255786 -0.1377933 0.7451921
1740549201.096705 -28.6404552 21.6740036 32.5716019 -0.6146706 -0.2219980 -0.1398457 0.7438684
1740549201.201095 -28.6560574 21.7366333 32.5796013 -0.6176775 -0.2178110 -0.1420520 0.7421954
1740549201.297158 -28.6574879 21.7798615 32.5827675 -0.6187330 -0.2140834 -0.1441811 0.7419904
1740549201.497613 -28.4946709 21.8057690 32.5829239 -0.6121572 -0.2231427 -0.1234889 0.7484794
1740549201.601039 -28.4489250 21.8221436 32.6011314 -0.6129472 -0.2238252 -0.1168720 0.7486915
1740549201.799772 -28.3903160 21.8608227 32.5561066 -0.6043873 -0.2267228 -0.1128787 0.7553616
1740549201.902988 -28.3398151 21.8905258 32.5366058 -0.5989957 -0.2296928 -0.1070690 0.7595931
1740549201.999585 -28.3201981 21.9050369 32.5279694 -0.5957929 -0.2300135 -0.1034005 0.7625175
1740549202.099480 -28.3005676 21.9288597 32.4925957 -0.5893302 -0.2312814 -0.1016662 0.7673740
1740549202.202809 -28.2765579 21.9598103 32.4591675 -0.5822639 -0.2336314 -0.1002391 0.7722287
1740549202.301381 -28.2390919 21.9806576 32.4474068 -0.5782291 -0.2369266 -0.0942116 0.7750104
1740549202.405389 -28.2018929 22.0057659 32.4356232 -0.5737475 -0.2413935 -0.0882037 0.7776653
1740549202.505760 -28.1758080 22.0318203 32.4345436 -0.5706848 -0.2437813 -0.0840917 0.7796269
1740549202.615403 -28.1388969 22.0601158 32.4037323 -0.5636273 -0.2476870 -0.0785432 0.7840959
1740549202.711797 -28.1232452 22.0808868 32.3862686 -0.5581272 -0.2509270 -0.0766536 0.7871811
1740549202.810716 -28.0890217 22.1044769 32.3965912 -0.5549939 -0.2541238 -0.0699784 0.7889904
1740549202.915494 -28.0784874 22.1166859 32.3927383 -0.5521935 -0.2545287 -0.0657855 0.7911826
1740549203.012353 -28.0949249 22.1222458 32.3627281 -0.5459687 -0.2542002 -0.0672357 0.7954746
1740549203.124528 -28.0678139 22.1466656 32.3495903 -0.5404270 -0.2571873 -0.0605826 0.7988260
1740549203.223997 -28.0570030 22.1508255 32.3727570 -0.5408713 -0.2579215 -0.0542965 0.7987407
1740549203.323668 -28.0830135 22.1581860 32.3284950 -0.5319387 -0.2573261 -0.0589740 0.8045785
1740549203.432214 -28.1037178 22.1676617 32.2885704 -0.5237123 -0.2570926 -0.0626047 0.8097589
1740549203.529676 -28.0890064 22.1823769 32.2943916 -0.5196121 -0.2611305 -0.0576160 0.8114768
1740549203.638299 -28.0862732 22.1814632 32.3037643 -0.5178421 -0.2635462 -0.0544915 0.8120429
1740549203.734980 -28.1038113 22.1744404 32.3110657 -0.5174244 -0.2613318 -0.0506870 0.8132703
1740549203.834274 -28.0921593 22.1877518 32.2960396 -0.5097435 -0.2652494 -0.0491314 0.8169397
1740549203.939026 -28.1190109 22.1913757 32.2795944 -0.5032662 -0.2674341 -0.0568156 0.8197404
1740549204.038949 -28.1039257 22.2013397 32.2564926 -0.4971699 -0.2698422 -0.0540498 0.8228523
1740549204.154037 -28.0665550 22.2219887 32.2587471 -0.4907711 -0.2787404 -0.0514874 0.8238912
1740549204.254111 -28.0807037 22.2194138 32.2425079 -0.4860585 -0.2793327 -0.0530259 0.8263829
1740549204.359402 -27.9980984 22.2589836 32.2468109 -0.4754726 -0.2960386 -0.0507259 0.8268700
1740549204.469902 -27.9977360 22.2714348 32.2215881 -0.4690517 -0.2986222 -0.0502179 0.8296345
1740549204.567764 -28.0296173 22.2670174 32.1905594 -0.4660542 -0.2942326 -0.0497157 0.8329160
1740549204.673465 -28.0158978 22.2745304 32.2027969 -0.4615401 -0.3001774 -0.0509243 0.8332353
1740549204.773508 -28.0522442 22.2368298 32.1886978 -0.4651861 -0.2932663 -0.0548950 0.8334167
1740549204.878073 -28.0580978 22.2187843 32.2066574 -0.4677692 -0.2920964 -0.0543702 0.8324155
1740549204.982179 -28.1180630 22.1730461 32.2098694 -0.4756071 -0.2829000 -0.0588795 0.8308422
1740549205.081125 -28.1369953 22.1640358 32.2059479 -0.4766375 -0.2796221 -0.0601803 0.8312680
1740549205.189409 -28.2208920 22.1318398 32.1533890 -0.4790939 -0.2647330 -0.0670161 0.8342028
1740549205.290084 -28.2761974 22.1006908 32.1458855 -0.4848705 -0.2554258 -0.0732104 0.8332458
1740549205.400297 -28.5453815 22.0203896 31.9663563 -0.4921255 -0.2040917 -0.0797256 0.8424981
1740549205.499986 -28.6724739 22.0284481 31.9317226 -0.4907383 -0.1849923 -0.0864970 0.8470372
1740549205.707343 -28.8568993 22.1237602 31.8613682 -0.4807014 -0.1614613 -0.1010625 0.8559455
1740549205.915606 -28.8715343 22.2870579 31.9378757 -0.4813498 -0.1596553 -0.1040887 0.8555573
1740549206.124330 -28.9154377 22.4362774 31.9811821 -0.4808331 -0.1494478 -0.1069716 0.8573343
1740549206.321467 -28.9242783 22.6013870 32.0434113 -0.4811932 -0.1448788 -0.1124351 0.8572174
1740549206.432211 -28.9149151 22.6936741 32.0392761 -0.4766869 -0.1429481 -0.1144840 0.8597842
1740549206.635777 -28.9172421 22.8337669 32.1319199 -0.4815467 -0.1388641 -0.1211037 0.8568334
1740549206.736910 -28.9202023 22.9284935 32.1355515 -0.4784411 -0.1323898 -0.1210921 0.8595951
1740549206.836701 -28.9362831 22.9982185 32.1785965 -0.4814196 -0.1277037 -0.1273316 0.8577375
1740549207.047265 -28.9080257 23.1650467 32.2301178 -0.4795839 -0.1238880 -0.1306669 0.8588232
1740549207.156969 -28.9022713 23.2441139 32.2642975 -0.4800934 -0.1201130 -0.1337790 0.8585956
1740549207.361799 -28.8897114 23.3958168 32.3453827 -0.4813982 -0.1126984 -0.1356274 0.8585803
1740549207.469232 -28.8661880 23.4721165 32.3731461 -0.4809852 -0.1106262 -0.1377789 0.8587387
1740549207.564259 -28.8106079 23.5465202 32.3859482 -0.4817691 -0.1092811 -0.1385322 0.8583502
