1740549251.729259 0.0000000 0.0000000 0.0000000 -0.0000000 -0.0000000 -0.0000000 1.0000000
1740549252.613753 0.0169241 0.0609510 0.0650936 0.0021930 -0.0004067 -0.0001696 0.9999975
1740549252.922419 0.0152705 0.0535284 0.1449243 0.0045095 -0.0031600 0.0003604 0.9999848
1740549253.020023 -0.0072229 0.0469034 0.2207515 0.0075805 -0.0059004 0.0005123 0.9999537
1740549253.120086 -0.0258133 0.0211634 0.2957579 0.0103736 -0.0094493 0.0005298 0.9999014
1740549253.220216 -0.0527386 0.0095847 0.3701225 0.0146888 -0.0133576 0.0003201 0.9998028
1740549253.320695 -0.0696891 -0.0222092 0.4468080 0.0182992 -0.0182986 0.0003619 0.9996650
1740549253.431436 -0.0809767 -0.0389725 0.5236824 0.0228980 -0.0237672 0.0003621 0.9994552
1740549253.532003 -0.0918652 -0.0505242 0.6004953 0.0284900 -0.0301485 0.0007636 0.9991391
1740549253.636661 -0.1086891 -0.0685019 0.6778237 0.0334906 -0.0366450 0.0010248 0.9987665
1740549253.740821 -0.1328825 -0.0929276 0.7518529 0.0388339 -0.0432027 0.0009921 0.9983108
1740549253.843916 -0.1367411 -0.1125447 0.8317137 0.0446136 -0.0510895 0.0011955 0.9976964
1740549253.950787 -0.1525969 -0.1247364 0.9053510 0.0509735 -0.0585214 0.0006016 0.9969838
1740549254.052410 -0.1787686 -0.1360503 0.9787003 0.0559503 -0.0657257 0.0012743 0.9962671
1740549254.159796 -0.2038258 -0.1507175 1.0552508 0.0608847 -0.0734134 0.0012313 0.9954406
1740549254.262352 -0.2187710 -0.1668053 1.1330092 0.0656168 -0.0815545 0.0013585 0.9945057
1740549254.366628 -0.2450963 -0.1831714 1.2052436 0.0699375 -0.0888508 0.0012582 0.9935858
1740549254.471161 -0.2787550 -0.1919321 1.2766018 0.0741461 -0.0956812 0.0013949 0.9926457
1740549254.572171 -0.2994685 -0.1954729 1.3512170 0.0781455 -0.1026293 0.0020727 0.9916432
1740549254.683313 -0.3336620 -0.2010043 1.4182147 0.0818623 -0.1084140 0.0017982 0.9907279
1740549254.782501 -0.3661504 -0.2243959 1.4901778 0.0836323 -0.1141854 0.0012416 0.9899322
1740549254.886612 -0.4027466 -0.2299735 1.5618200 0.0857208 -0.1191588 0.0012301 0.9891672
1740549254.990601 -0.4227422 -0.2281097 1.6400516 0.0878146 -0.1248622 0.0010824 0.9882798
1740549255.092336 -0.4554447 -0.2342115 1.7118857 0.0891960 -0.1288368 0.0010654 0.9876457
1740549255.199003 -0.4857230 -0.2443734 1.7841916 0.0903033 -0.1326011 0.0004240 0.9870471
1740549255.296322 -0.5090917 -0.2618089 1.8581870 0.0907714 -0.1360456 0.0001784 0.9865354
1740549255.401707 -0.5254425 -0.2829843 1.9325138 0.0908287 -0.1395468 -0.0000747 0.9860410
1740549255.504724 -0.5560404 -0.3000197 2.0099688 0.0906441 -0.1423138 -0.0003882 0.9856623
1740549255.605573 -0.5842676 -0.3244373 2.0799437 0.0900335 -0.1446961 -0.0010985 0.9853709
1740549255.713456 -0.6080657 -0.3387956 2.1538811 0.0896530 -0.1470013 -0.0013136 0.9850641
1740549255.815284 -0.6420479 -0.3471542 2.2270489 0.0895895 -0.1486455 -0.0015290 0.9848228
1740549255.919827 -0.6747119 -0.3519151 2.2988889 0.0896267 -0.1501085 -0.0015770 0.9845974
1740549256.020330 -0.6996155 -0.3600126 2.3728631 0.0891665 -0.1514640 -0.0017715 0.9844312
1740549256.140372 -0.7316619 -0.3723686 2.4479694 0.0885104 -0.1525857 -0.0018816 0.9843171
1740549256.236435 -0.7587232 -0.3802786 2.5173883 0.0880870 -0.1531758 -0.0017199 0.9842637
1740549256.339591 -0.7923324 -0.3956625 2.5902984 0.0870242 -0.1534367 -0.0020077 0.9843170
1740549256.447695 -0.8174756 -0.4012488 2.6652713 0.0867692 -0.1536790 -0.0021935 0.9843013
1740549256.550398 -0.8486863 -0.4029993 2.7356653 0.0866622 -0.1532537 -0.0024318 0.9843765
1740549256.654649 -0.8703983 -0.4057516 2.8115542 0.0865496 -0.1533358 -0.0021316 0.9843743
1740549256.757866 -0.8956969 -0.4139664 2.8846390 0.0862183 -0.1529600 -0.0022569 0.9844615
1740549256.859689 -0.9197184 -0.4258630 2.9611766 0.0856478 -0.1528602 -0.0022676 0.9845268
1740549256.966667 -0.9489293 -0.4330280 3.0333676 0.0859687 -0.1522785 -0.0022591 0.9845890
1740549257.168880 -1.0008839 -0.4715775 3.1828394 0.0856590 -0.1507597 -0.0021383 0.9848500
1740549257.370730 -1.0497757 -0.5079123 3.3280237 0.0863483 -0.1480806 -0.0020007 0.9851965
1740549257.582162 -1.1087496 -0.5207310 3.4732521 0.0883205 -0.1450379 -0.0014983 0.9854751
1740549257.783694 -1.1805536 -0.5178915 3.6151574 0.0908686 -0.1402994 -0.0008344 0.9859301
1740549257.992167 -1.2255833 -0.5237930 3.7710762 0.0944311 -0.1364984 0.0002262 0.9861293
1740549258.200518 -1.2598606 -0.5717419 3.9207320 0.0976927 -0.1311395 0.0005602 0.9865385
1740549258.305479 -1.2865957 -0.5878670 3.9921973 0.1001742 -0.1278953 0.0011773 0.9867151
1740549258.514967 -1.3162600 -0.6064529 4.1467209 0.1066690 -0.1229598 0.0029041 0.9866582
1740549258.721780 -1.3758491 -0.6346505 4.2976575 0.1130087 -0.1156929 0.0034675 0.9868293
1740549258.822597 -1.3813229 -0.6732176 4.3705306 0.1148330 -0.1134978 0.0040783 0.9868713
1740549258.928825 -1.3991596 -0.6683308 4.4412351 0.1187905 -0.1107794 0.0047517 0.9867088
1740549259.030836 -1.4232880 -0.6817435 4.5136099 0.1216424 -0.1086521 0.0049888 0.9865966
1740549259.139658 -1.4178252 -0.6861737 4.5595441 0.1248377 -0.1078836 0.0058089 0.9862773
1740549259.241114 -1.4172280 -0.6909435 4.6169996 0.1276127 -0.1073509 0.0055250 0.9859819
1740549259.342667 -1.4462386 -0.7370652 4.6785550 0.1289854 -0.1048810 0.0065013 0.9860631
1740549259.451360 -1.4598236 -0.7402033 4.7248406 0.1313412 -0.1039744 0.0073158 0.9858425
1740549259.550974 -1.4591931 -0.7380695 4.7498884 0.1348115 -0.1026077 0.0081898 0.9855103
1740549259.654386 -1.4860252 -0.7427738 4.8005729 0.1370537 -0.0998965 0.0070246 0.9854885
1740549259.756733 -1.4952215 -0.7795782 4.8409939 0.1377976 -0.0997523 0.0079026 0.9853927
1740549259.856520 -1.4844836 -0.7941409 4.8966293 0.1395546 -0.1013912 0.0076660 0.9849800
1740549259.962150 -1.4756300 -0.8037869 4.9399219 0.1417972 -0.1024703 0.0075866 0.9845486
1740549260.062293 -1.4932789 -0.7959993 4.9966011 0.1443474 -0.1023988 0.0073246 0.9841873
1740549260.171618 -1.4858353 -0.8249710 5.0473838 0.1448653 -0.1048499 0.0079815 0.9838480
1740549260.272505 -1.4665108 -0.8340328 5.1006713 0.1458655 -0.1073680 0.0067765 0.9834376
1740549260.389921 -1.4849125 -0.8606560 5.1461325 0.1463504 -0.1071973 0.0077242 0.9833772
1740549260.487093 -1.5132624 -0.8997529 5.1965656 0.1437681 -0.1067196 0.0080978 0.9838070
1740549260.587602 -1.5120611 -0.9183010 5.2327838 0.1441082 -0.1092886 0.0087645 0.9834694
1740549260.706006 -1.5098908 -0.8978981 5.2836595 0.1476178 -0.1109840 0.0073618 0.9827703
1740549260.805623 -1.5139660 -0.9125403 5.3324027 0.1481324 -0.1127828 0.0073476 0.9824881
1740549260.917422 -1.4878274 -0.9409027 5.3829732 0.1467741 -0.1168896 0.0068538 0.9822155
1740549261.015924 -1.4997468 -0.9736080 5.4148760 0.1442784 -0.1182432 0.0065858 0.9824250
1740549261.116294 -1.5156667 -1.0025520 5.4456320 0.1432388 -0.1171529 0.0065553 0.9827079
1740549261.219885 -1.5212653 -1.0086083 5.4679184 0.1427099 -0.1174072 0.0066133 0.9827542
1740549261.319892 -1.5488527 -1.0430630 5.5076942 0.1408505 -0.1169309 0.0073830 0.9830737
1740549261.429717 -1.5457177 -1.0134513 5.5722532 0.1446427 -0.1185471 0.0057835 0.9823399
1740549261.533048 -1.5298791 -1.0185543 5.6233392 0.1462158 -0.1225131 0.0051045 0.9816239
1740549261.645689 -1.5128479 -1.0446185 5.6793027 0.1446578 -0.1264507 0.0044048 0.9813588
1740549261.747812 -1.5210109 -1.0817548 5.7101841 0.1422710 -0.1279110 0.0035976 0.9815217
1740549261.848900 -1.5316968 -1.1009189 5.7283406 0.1423119 -0.1278442 0.0047773 0.9815195
1740549261.965413 -1.5443978 -1.1072408 5.7670341 0.1431505 -0.1292953 0.0056943 0.9812025
1740549262.066660 -1.5348401 -1.1096895 5.8259835 0.1439192 -0.1332741 0.0042179 0.9805650
1740549262.171746 -1.5388092 -1.1150495 5.8599463 0.1444763 -0.1350136 0.0047451 0.9802426
1740549262.275663 -1.5318356 -1.1237282 5.8869619 0.1463918 -0.1368362 0.0028833 0.9797127
1740549262.382158 -1.5304875 -1.1390783 5.9212313 0.1471137 -0.1391552 0.0021670 0.9792797
1740549262.494270 -1.5213958 -1.1602924 5.9541869 0.1480535 -0.1416913 0.0006028 0.9787765
1740549262.599908 -1.5315202 -1.1565727 5.9960585 0.1511841 -0.1415522 0.0008618 0.9783178
1740549262.714335 -1.5255667 -1.1503959 5.9815359 0.1520823 -0.1404364 0.0007429 0.9783394
1740549262.814844 -1.5222520 -1.1580299 5.9901299 0.1525227 -0.1410107 0.0002972 0.9781885
1740549262.920540 -1.5159975 -1.1711961 6.0212126 0.1555543 -0.1442737 0.0023964 0.9772319
1740549263.023516 -1.5212882 -1.1941912 6.0274963 0.1526944 -0.1425533 0.0029585 0.9779337
1740549263.125875 -1.5637375 -1.2027389 6.0239935 0.1531598 -0.1341214 0.0039512 0.9790495
1740549263.232499 -1.5720041 -1.2340454 6.0366697 0.1484381 -0.1315845 0.0033469 0.9801227
1740549263.333801 -1.5767320 -1.2753381 6.0533924 0.1452986 -0.1305108 0.0006823 0.9807420
1740549263.441619 -1.5788680 -1.3095386 6.0994158 0.1435760 -0.1315188 0.0009333 0.9808608
1740549263.548112 -1.5866165 -1.3491110 6.1350965 0.1403081 -0.1316341 0.0016275 0.9813172
1740549263.657763 -1.6130832 -1.3650792 6.1664228 0.1383756 -0.1282637 0.0024571 0.9820360
1740549263.763808 -1.6289167 -1.3977805 6.1898708 0.1357607 -0.1254002 0.0014080 0.9827725
1740549263.866034 -1.6291008 -1.4111902 6.1976609 0.1324481 -0.1219421 0.0019751 0.9836584
1740549263.973341 -1.6381308 -1.4358119 6.1979432 0.1286767 -0.1185864 0.0007064 0.9845705
1740549264.077061 -1.6663752 -1.4618874 6.2182627 0.1248733 -0.1128923 0.0017322 0.9857277
1740549264.190473 -1.7089359 -1.4617250 6.2863240 0.1245138 -0.1095691 0.0032604 0.9861442
1740549264.294444 -1.7317433 -1.5012029 6.3465371 0.1229623 -0.1060773 0.0027591 0.9867220
1740549264.409204 -1.7433330 -1.5213363 6.4102831 0.1212542 -0.1040272 0.0029520 0.9871510
1740549264.516005 -1.7699815 -1.5512264 6.4544997 0.1180691 -0.1006729 0.0038677 0.9878815
1740549264.618894 -1.8046424 -1.5584216 6.5011549 0.1163915 -0.0960396 0.0037327 0.9885421
1740549264.725986 -1.8279381 -1.5720195 6.5274167 0.1151938 -0.0907018 0.0041166 0.9891849
1740549264.831762 -1.8381858 -1.5711532 6.5431600 0.1139584 -0.0889098 0.0044914 0.9894890
1740549264.940747 -1.8342528 -1.5719444 6.5402007 0.1111007 -0.0882456 0.0044165 0.9898736
1740549265.051320 -1.8554269 -1.5902158 6.5530324 0.1061546 -0.0836714 0.0037498 0.9908159
1740549265.158879 -1.8774554 -1.5843996 6.5765324 0.1058511 -0.0795772 0.0022608 0.9911902
1740549265.265511 -1.8846393 -1.5825641 6.5846124 0.1041667 -0.0783306 0.0026310 0.9914669
1740549265.480093 -1.8701347 -1.5751226 6.6079144 0.1014018 -0.0854975 0.0048564 0.9911530
1740549265.707261 -1.8618313 -1.5778702 6.6316943 0.0979234 -0.0878142 0.0041977 0.9913032
1740549265.813787 -1.8685238 -1.5764346 6.6368127 0.0963500 -0.0849362 0.0054993 0.9917017
1740549265.922127 -1.8855743 -1.5727092 6.6451468 0.0944498 -0.0818340 0.0056141 0.9921446
1740549266.030717 -1.9135816 -1.5608537 6.6582479 0.0924328 -0.0779796 0.0057384 0.9926442
1740549266.133186 -1.9320122 -1.5542291 6.6826344 0.0934983 -0.0759033 0.0065459 0.9927003
1740549266.242816 -1.9440598 -1.5466224 6.7050672 0.0948092 -0.0746907 0.0074346 0.9926617
1740549266.352225 -1.9520116 -1.5425833 6.7183061 0.0946744 -0.0738599 0.0082742 0.9927301
1740549266.472781 -1.9569278 -1.5324647 6.7238975 0.0968257 -0.0724265 0.0084863 0.9926264
1740549266.578233 -1.9661591 -1.5246700 6.7327075 0.0971492 -0.0699209 0.0088161 0.9927716
1740549266.691859 -1.9740908 -1.5379226 6.7548323 0.0963390 -0.0675329 0.0097399 0.9930072
1740549266.797979 -1.9795370 -1.5348247 6.7726188 0.0969656 -0.0665383 0.0093568 0.9930170
1740549266.910069 -1.9912382 -1.5151501 6.7827029 0.0986308 -0.0626024 0.0108021 0.9930943
1740549267.018265 -2.0088384 -1.5059170 6.7985950 0.0993946 -0.0588060 0.0121814 0.9932342
1740549267.121936 -2.0169668 -1.5011600 6.8084016 0.1004347 -0.0556824 0.0127843 0.9933020
1740549267.231730 -2.0242503 -1.5065467 6.8203645 0.0985720 -0.0521837 0.0139989 0.9936622
1740549267.334967 -2.0327032 -1.5056566 6.8406100 0.0998712 -0.0496073 0.0151300 0.9936478
1740549267.445061 -2.0332985 -1.5122942 6.8537879 0.0977409 -0.0494592 0.0151494 0.9938667
1740549267.552365 -2.0316958 -1.5135070 6.8532639 0.0945639 -0.0492590 0.0147943 0.9941893
1740549267.661482 -2.0303557 -1.5150907 6.8499908 0.0908847 -0.0488715 0.0134982 0.9945700
1740549267.768708 -2.0344636 -1.5215014 6.8618131 0.0885578 -0.0481056 0.0136337 0.9948153
1740549267.872925 -2.0330155 -1.5288284 6.8954148 0.0885564 -0.0482208 0.0123968 0.9948261
1740549267.985890 -2.0669084 -1.5336677 6.9448133 0.0880081 -0.0449288 0.0126594 0.9950255
1740549268.087673 -2.0715032 -1.5324645 6.9351835 0.0849656 -0.0414978 0.0124013 0.9954421
1740549268.199156 -2.0708020 -1.5397959 6.9473848 0.0832183 -0.0407647 0.0088027 0.9956583
1740549268.301659 -2.0675085 -1.5511057 6.9705424 0.0808326 -0.0455830 0.0089428 0.9956447
1740549268.411860 -2.0604076 -1.5595083 6.9992533 0.0807298 -0.0482299 0.0099713 0.9955186
1740549268.522716 -2.0596349 -1.5746350 7.0285592 0.0767598 -0.0483706 0.0103737 0.9958216
1740549268.629236 -2.0606697 -1.5773621 7.0551238 0.0755333 -0.0496756 0.0100670 0.9958543
1740549268.739521 -2.0541863 -1.5771319 7.0752950 0.0749894 -0.0538075 0.0094492 0.9956868
1740549268.845612 -2.0478330 -1.5813502 7.0960698 0.0738677 -0.0575199 0.0101700 0.9955559
1740549268.956918 -2.0384641 -1.5817012 7.1173220 0.0726552 -0.0613331 0.0090957 0.9954279
1740549269.062860 -2.0273316 -1.5803672 7.1299810 0.0720207 -0.0665347 0.0095896 0.9951352
1740549269.173459 -2.0213659 -1.5806038 7.1492171 0.0721665 -0.0695485 0.0089459 0.9949247
1740549269.284215 -2.0214877 -1.5819542 7.1881409 0.0738507 -0.0704688 0.0098611 0.9947276
1740549269.387496 -2.0183861 -1.5888405 7.2271233 0.0722150 -0.0737473 0.0096702 0.9946119
1740549269.503579 -2.0203919 -1.5934131 7.2818465 0.0717246 -0.0761346 0.0087440 0.9944761
1740549269.605782 -2.0208225 -1.5980221 7.3222423 0.0708473 -0.0780115 0.0086844 0.9943940
1740549269.725690 -2.0286860 -1.6042353 7.3875575 0.0708616 -0.0779465 0.0086254 0.9943986
1740549269.831989 -2.0411034 -1.6140956 7.4641438 0.0694353 -0.0783049 0.0080106 0.9944762
1740549269.945956 -2.0678184 -1.6148405 7.5323682 0.0685663 -0.0773593 0.0081979 0.9946090
1740549270.053911 -2.0920727 -1.6243353 7.6090255 0.0669678 -0.0769167 0.0077467 0.9947559
1740549270.163451 -2.1169806 -1.6124237 7.6852450 0.0658218 -0.0765938 0.0075861 0.9948584
1740549270.268697 -2.1359901 -1.6027199 7.7700787 0.0647957 -0.0769327 0.0077782 0.9948982
1740549270.371222 -2.1619389 -1.6051847 7.8476176 0.0633859 -0.0760271 0.0075334 0.9950605
1740549270.481408 -2.1882639 -1.6071321 7.9299240 0.0615550 -0.0753762 0.0073675 0.9952262
1740549270.589054 -2.2133460 -1.6003054 8.0086622 0.0604114 -0.0743615 0.0073222 0.9953729
1740549270.701936 -2.2243490 -1.5900017 8.0855160 0.0602981 -0.0734587 0.0075866 0.9954448
1740549270.805598 -2.2492931 -1.5994086 8.1703882 0.0589843 -0.0722170 0.0072613 0.9956169
1740549270.919710 -2.2636032 -1.6187246 8.2536564 0.0576355 -0.0708603 0.0072789 0.9957932
1740549271.023974 -2.2701361 -1.6323885 8.3341246 0.0568596 -0.0691548 0.0071210 0.9959588
1740549271.131796 -2.2614353 -1.6534989 8.4137363 0.0562440 -0.0676442 0.0069793 0.9960985
1740549271.241824 -2.2598131 -1.6667347 8.4949789 0.0559842 -0.0659093 0.0070420 0.9962290
1740549271.348965 -2.2706044 -1.6793585 8.5784359 0.0553904 -0.0641199 0.0070283 0.9963790
1740549271.457867 -2.2775114 -1.6853951 8.6647463 0.0555639 -0.0628834 0.0071423 0.9964474
1740549271.569028 -2.2789106 -1.6945451 8.7492313 0.0553707 -0.0617760 0.0073023 0.9965262
1740549271.677947 -2.2831311 -1.6896871 8.8293009 0.0560536 -0.0609134 0.0074592 0.9965400
1740549271.786739 -2.3018525 -1.6869274 8.9088354 0.0567205 -0.0594016 0.0077018 0.9965917
1740549271.892102 -2.3124688 -1.7048322 8.9922094 0.0554669 -0.0585071 0.0072321 0.9967186
1740549272.008473 -2.3405602 -1.7225984 9.0711851 0.0547515 -0.0570292 0.0074072 0.9968426
1740549272.119118 -2.3306496 -1.7282468 9.1563406 0.0548446 -0.0573020 0.0075231 0.9968209
1740549272.229434 -2.3562698 -1.7317621 9.2369938 0.0547567 -0.0561384 0.0074579 0.9968925
1740549272.337147 -2.3637936 -1.7436497 9.3203373 0.0537203 -0.0562751 0.0076493 0.9969397
1740549272.447928 -2.3695960 -1.7401881 9.4038143 0.0535884 -0.0568553 0.0071127 0.9969178
1740549272.557405 -2.3836987 -1.7244532 9.4850922 0.0535163 -0.0577721 0.0068115 0.9968711
1740549272.671578 -2.4038846 -1.7503823 9.5659418 0.0519041 -0.0581436 0.0071442 0.9969324
1740549272.774707 -2.4038954 -1.7623022 9.6481991 0.0503118 -0.0599187 0.0066662 0.9969123
1740549272.881592 -2.4163399 -1.7573138 9.7312346 0.0487200 -0.0614780 0.0064646 0.9968978
1740549272.990589 -2.4287393 -1.7665117 9.8111706 0.0470358 -0.0631193 0.0060328 0.9968787
1740549273.096813 -2.4292748 -1.7745974 9.8997612 0.0451687 -0.0654083 0.0062204 0.9968164
1740549273.207905 -2.4348083 -1.7744811 9.9859657 0.0433059 -0.0679830 0.0059221 0.9967286
1740549273.313915 -2.4667008 -1.7880211 10.0650711 0.0405253 -0.0696563 0.0055700 0.9967320
1740549273.425450 -2.4793441 -1.7914282 10.1467972 0.0385292 -0.0724078 0.0052128 0.9966170
1740549273.536518 -2.4948542 -1.8028059 10.2276459 0.0361622 -0.0753041 0.0054306 0.9964899
1740549273.638796 -2.5214775 -1.8031099 10.3106127 0.0332312 -0.0778332 0.0052253 0.9963987
1740549273.752428 -2.5482051 -1.7911154 10.3930082 0.0310690 -0.0803466 0.0047587 0.9962713
1740549273.855634 -2.5584433 -1.7844093 10.4750252 0.0288253 -0.0835617 0.0043805 0.9960760
1740549273.976316 -2.5604756 -1.7846720 10.5616236 0.0266755 -0.0872336 0.0041816 0.9958219
1740549274.082362 -2.5892766 -1.7887270 10.6413002 0.0243928 -0.0900033 0.0037761 0.9956356
1740549274.199285 -2.6102152 -1.7936046 10.7250233 0.0226203 -0.0931447 0.0032430 0.9953903
1740549274.304178 -2.6349895 -1.7958668 10.8072023 0.0204066 -0.0963569 0.0029098 0.9951334
1740549274.420356 -2.6423008 -1.8019503 10.8913326 0.0185778 -0.0999164 0.0027130 0.9948187
1740549274.522755 -2.6657162 -1.7912458 10.9732618 0.0171150 -0.1030623 0.0026360 0.9945242
1740549274.631601 -2.6854870 -1.7746037 11.0526466 0.0164341 -0.1061507 0.0027584 0.9942104
1740549274.739918 -2.7082620 -1.7833090 11.1331224 0.0146305 -0.1093987 0.0022986 0.9938876
1740549274.845216 -2.7318773 -1.7702235 11.2147017 0.0137350 -0.1127260 0.0022371 0.9935287
1740549274.957202 -2.7565434 -1.7852957 11.2969370 0.0114687 -0.1159160 0.0023055 0.9931902
1740549275.062030 -2.7722878 -1.7883441 11.3845034 0.0105663 -0.1198905 0.0021803 0.9927285
1740549275.172277 -2.7953594 -1.8063099 11.4650517 0.0089050 -0.1233991 0.0018393 0.9923155
1740549275.276822 -2.8247509 -1.7998830 11.5448055 0.0080952 -0.1270156 0.0016394 0.9918664
1740549275.381979 -2.8397908 -1.8017929 11.6273899 0.0070850 -0.1305798 0.0015079 0.9914114
1740549275.490162 -2.8718913 -1.8084450 11.7094841 0.0058538 -0.1339564 0.0014682 0.9909689
1740549275.594086 -2.9096973 -1.8035253 11.7861624 0.0047770 -0.1374149 0.0009805 0.9905016
1740549275.703932 -2.9300029 -1.8138733 11.8679609 0.0033018 -0.1412445 0.0007632 0.9899690
1740549275.807989 -2.9560139 -1.8102520 11.9497776 0.0022217 -0.1448868 0.0004939 0.9894456
1740549275.922418 -2.9779296 -1.8082711 12.0302458 0.0006410 -0.1487039 0.0001277 0.9888816
1740549276.024236 -3.0077691 -1.8017720 12.1103754 -0.0011869 -0.1521210 -0.0001692 0.9883612
1740549276.129777 -3.0412910 -1.8104812 12.1866674 -0.0035539 -0.1549215 -0.0005727 0.9879202
1740549276.237948 -3.0767117 -1.8239759 12.2643909 -0.0067492 -0.1581413 -0.0008221 0.9873931
1740549276.340616 -3.1053410 -1.8227123 12.3404341 -0.0095413 -0.1612333 -0.0013188 0.9868693
1740549276.451213 -3.1399567 -1.8199180 12.4157009 -0.0124505 -0.1642252 -0.0015248 0.9863431
1740549276.552721 -3.1756396 -1.8150475 12.4911003 -0.0157159 -0.1671340 -0.0019485 0.9858070
1740549276.670122 -3.2033219 -1.8144438 12.5738974 -0.0190533 -0.1704164 -0.0022386 0.9851854
1740549276.771581 -3.2484248 -1.8144867 12.6388006 -0.0232888 -0.1725904 -0.0031038 0.9847134
1740549276.874318 -3.2758555 -1.7966614 12.7173920 -0.0266501 -0.1757962 -0.0035856 0.9840593
1740549276.985571 -3.3141756 -1.7892289 12.7957659 -0.0303349 -0.1785190 -0.0040294 0.9834605
1740549277.088697 -3.3572021 -1.7835457 12.8646421 -0.0347202 -0.1808752 -0.0045991 0.9828823
1740549277.198758 -3.3806570 -1.7646577 12.9509563 -0.0380931 -0.1837955 -0.0052481 0.9822121
1740549277.304398 -3.4179926 -1.7521408 13.0250168 -0.0415519 -0.1861295 -0.0058633 0.9816287
1740549277.420695 -3.4561203 -1.7512782 13.1016846 -0.0455084 -0.1881749 -0.0063603 0.9810600
1740549277.521039 -3.4984279 -1.7361670 13.1732302 -0.0492310 -0.1899197 -0.0070949 0.9805389
1740549277.623029 -3.5294104 -1.7212327 13.2509012 -0.0523897 -0.1917989 -0.0076297 0.9800053
1740549277.729387 -3.5626106 -1.7073514 13.3309326 -0.0553879 -0.1933224 -0.0080669 0.9795374
1740549277.830966 -3.6024086 -1.6870569 13.3993683 -0.0586911 -0.1944219 -0.0089558 0.9791197
1740549277.942790 -3.6454692 -1.6740776 13.4714775 -0.0616875 -0.1948365 -0.0093264 0.9788496
1740549278.047919 -3.6824987 -1.6550025 13.5468445 -0.0645405 -0.1952798 -0.0096682 0.9785739
1740549278.154196 -3.7170944 -1.6367285 13.6217184 -0.0670946 -0.1953788 -0.0104580 0.9783742
1740549278.259244 -3.7533739 -1.6148590 13.6956348 -0.0695141 -0.1950457 -0.0107227 0.9782689
1740549278.361788 -3.7876449 -1.5937926 13.7707653 -0.0714847 -0.1944004 -0.0112014 0.9782500
1740549278.478889 -3.8225551 -1.5807710 13.8461199 -0.0737660 -0.1931133 -0.0118159 0.9783283
1740549278.580418 -3.8668134 -1.5718520 13.9162693 -0.0763332 -0.1912908 -0.0121542 0.9784852
1740549278.695780 -3.8923435 -1.5470178 13.9960613 -0.0779741 -0.1897320 -0.0124949 0.9786550
1740549278.799637 -3.9222155 -1.5439910 14.0725565 -0.0808759 -0.1877020 -0.0130904 0.9788032
1740549278.900554 -3.9452889 -1.5339563 14.1620617 -0.0819534 -0.1857057 -0.0139656 0.9790822
1740549279.011971 -3.9732265 -1.5186621 14.2420750 -0.0838714 -0.1833274 -0.0143129 0.9793630
1740549279.112776 -4.0007424 -1.5218662 14.3180733 -0.0871319 -0.1804212 -0.0152866 0.9796032
1740549279.230314 -4.0304475 -1.5172298 14.3966026 -0.0899686 -0.1775035 -0.0160173 0.9798682
1740549279.334284 -4.0658998 -1.5111568 14.4745312 -0.0934989 -0.1747116 -0.0166648 0.9800286
1740549279.441078 -4.0824666 -1.5072341 14.5614080 -0.0974869 -0.1722627 -0.0179122 0.9800516
1740549279.543462 -4.1049676 -1.4936357 14.6454363 -0.1014143 -0.1696999 -0.0189947 0.9800797
1740549279.645031 -4.1219664 -1.4778785 14.7266932 -0.1065318 -0.1673882 -0.0199682 0.9799150
1740549279.754027 -4.1471019 -1.4658283 14.8059359 -0.1123649 -0.1649458 -0.0210921 0.9796541
1740549279.854587 -4.1636815 -1.4423738 14.8851366 -0.1183929 -0.1631353 -0.0223348 0.9792197
1740549279.960918 -4.1811357 -1.4254659 14.9688320 -0.1254836 -0.1618499 -0.0236358 0.9785192
1740549280.062194 -4.1958389 -1.4029621 15.0512438 -0.1330989 -0.1609741 -0.0250195 0.9776227
1740549280.174299 -4.2143703 -1.3746079 15.1296902 -0.1414121 -0.1606134 -0.0263407 0.9764795
1740549280.280243 -4.2337499 -1.3478591 15.2081766 -0.1505194 -0.1608235 -0.0279762 0.9750370
1740549280.384575 -4.2464375 -1.3119020 15.2859802 -0.1598910 -0.1618318 -0.0293309 0.9733371
1740549280.490808 -4.2657208 -1.2696998 15.3574324 -0.1695694 -0.1633373 -0.0307006 0.9714035
1740549280.592288 -4.2882009 -1.2314515 15.4239712 -0.1803991 -0.1650271 -0.0322296 0.9691148
1740549280.708160 -4.3162565 -1.1850255 15.4883718 -0.1908968 -0.1673985 -0.0334025 0.9666543
1740549280.810327 -4.3350949 -1.1271849 15.5517063 -0.2012080 -0.1707068 -0.0347089 0.9639346
1740549280.927324 -4.3666534 -1.0726264 15.6088943 -0.2119902 -0.1741155 -0.0359098 0.9609654
1740549281.139946 -4.4202266 -0.9575886 15.7254257 -0.2328281 -0.1825794 -0.0377805 0.9544781
1740549281.457959 -4.5430942 -0.8036025 15.8883133 -0.2615153 -0.1956553 -0.0400802 0.9443105
1740549281.681834 -4.6366668 -0.7025437 15.9876461 -0.2772756 -0.2037063 -0.0411684 0.9380444
1740549281.782199 -4.6848326 -0.6516609 16.0341911 -0.2841752 -0.2073128 -0.0414891 0.9351708
1740549281.887145 -4.7272158 -0.6018479 16.0903416 -0.2907457 -0.2113045 -0.0416709 0.9322451
1740549281.992620 -4.7709608 -0.5520372 16.1424561 -0.2964919 -0.2148006 -0.0416352 0.9296342
1740549282.095156 -4.8116846 -0.4977729 16.1906052 -0.3015398 -0.2179119 -0.0414187 0.9272932
1740549282.204718 -4.8556652 -0.4483345 16.2435036 -0.3063049 -0.2205745 -0.0418620 0.9250793
1740549282.306424 -4.8883967 -0.3933535 16.2983456 -0.3098872 -0.2230799 -0.0419144 0.9232814
1740549282.412904 -4.9123306 -0.3370998 16.3574333 -0.3128711 -0.2251786 -0.0419072 0.9217646
1740549282.520959 -4.9366665 -0.2821610 16.4165668 -0.3156092 -0.2268822 -0.0417788 0.9204183
1740549282.621267 -4.9515390 -0.2204945 16.4745693 -0.3171625 -0.2284574 -0.0416415 0.9195005
1740549282.738522 -4.9735346 -0.1655405 16.5315857 -0.3189875 -0.2292412 -0.0416613 0.9186729
1740549282.838329 -4.9900365 -0.1030390 16.5908661 -0.3194515 -0.2304208 -0.0413846 0.9182289
1740549282.961562 -5.0128279 -0.0439360 16.6532764 -0.3195067 -0.2313370 -0.0410231 0.9179955
1740549283.061514 -5.0418243 0.0064528 16.7093353 -0.3196199 -0.2317575 -0.0408400 0.9178582
1740549283.167431 -5.0787344 0.0525873 16.7736340 -0.3191522 -0.2323241 -0.0406138 0.9178877
1740549283.273657 -5.1175823 0.1011479 16.8303604 -0.3184073 -0.2327504 -0.0401159 0.9180604
1740549283.370974 -5.1612759 0.1512187 16.8863144 -0.3171107 -0.2331926 -0.0396574 0.9184167
1740549283.487436 -5.2026410 0.1945329 16.9464111 -0.3161820 -0.2334428 -0.0393764 0.9186854
1740549283.590899 -5.2426848 0.2389672 17.0053501 -0.3147583 -0.2337066 -0.0390666 0.9191204
1740549283.693394 -5.2861795 0.2909160 17.0600395 -0.3131149 -0.2338932 -0.0384155 0.9196615
1740549283.899338 -5.3721747 0.3692522 17.1835365 -0.3102040 -0.2342379 -0.0376437 0.9205917
1740549284.105903 -5.4463754 0.4689045 17.3023911 -0.3067133 -0.2343855 -0.0365267 0.9217680
1740549284.311578 -5.5186844 0.5665410 17.4274769 -0.3039210 -0.2340776 -0.0359470 0.9227933
1740549284.521982 -5.5790949 0.6587936 17.5550861 -0.3015613 -0.2333991 -0.0356661 0.9237497
1740549284.741471 -5.6548948 0.7552929 17.6753693 -0.2997005 -0.2318771 -0.0356529 0.9247386
1740549285.045407 -5.7470245 0.8954656 17.8665352 -0.2985356 -0.2300849 -0.0369479 0.9255120
1740549285.249705 -5.8004818 1.0049317 17.9861565 -0.2980184 -0.2276045 -0.0370215 0.9262887
1740549285.459472 -5.8625422 1.1015707 18.1180992 -0.2981644 -0.2261117 -0.0379950 0.9265678
1740549285.862533 -5.9944201 1.3013121 18.3635483 -0.2996791 -0.2227490 -0.0389878 0.9268524
1740549286.173309 -6.0988913 1.4391849 18.5456848 -0.3008894 -0.2209603 -0.0398439 0.9268520
1740549286.574684 -6.2384729 1.6459525 18.7843304 -0.3006967 -0.2218499 -0.0392287 0.9267282
1740549286.988387 -6.3527665 1.8555343 19.0290222 -0.2990165 -0.2263700 -0.0375820 0.9262469
1740549287.192190 -6.4314899 1.9446675 19.1404991 -0.2974291 -0.2291567 -0.0367044 0.9261080
1740549287.385593 -6.5288553 2.0430501 19.2169075 -0.2944638 -0.2312898 -0.0343887 0.9266140
1740549287.592160 -6.6264601 2.1343122 19.3102398 -0.2907552 -0.2357396 -0.0320190 0.9267486
1740549287.693419 -6.6772609 2.1692739 19.3607464 -0.2891682 -0.2383406 -0.0312905 0.9266047
1740549287.792411 -6.7303491 2.2137251 19.4117432 -0.2864897 -0.2415935 -0.0289011 0.9266720
1740549287.992471 -6.8275719 2.3055272 19.4993935 -0.2811348 -0.2485405 -0.0236957 0.9266226
1740549288.089289 -6.8682518 2.3478875 19.5589676 -0.2782563 -0.2538386 -0.0207179 0.9261264
1740549288.197438 -6.9176946 2.3904455 19.6050549 -0.2746538 -0.2580516 -0.0186661 0.9260811
1740549288.291635 -6.9815178 2.4111862 19.6477718 -0.2741732 -0.2621283 -0.0163970 0.9251211
1740549288.391193 -7.0415773 2.4501977 19.6931038 -0.2711790 -0.2663397 -0.0125495 0.9248609
1740549288.494937 -7.1054854 2.4834089 19.7412109 -0.2691289 -0.2711878 -0.0099399 0.9240823
1740549288.592489 -7.1761827 2.5149360 19.7765732 -0.2666075 -0.2754572 -0.0069447 0.9235776
1740549288.698860 -7.2164974 2.5437889 19.8085480 -0.2641401 -0.2802045 -0.0050009 0.9228708
1740549288.797127 -7.2738695 2.5624263 19.8406410 -0.2627847 -0.2843812 -0.0028986 0.9219887
1740549288.897335 -7.3333721 2.5856946 19.8786716 -0.2625934 -0.2899820 -0.0000494 0.9203017
1740549289.006475 -7.3596687 2.5908632 19.8907433 -0.2620759 -0.2960236 0.0034734 0.9185174
1740549289.104227 -7.3786736 2.5951223 19.8968716 -0.2623472 -0.3016614 0.0065818 0.9165866
1740549289.209496 -7.4029465 2.6139829 19.9188271 -0.2616315 -0.3094355 0.0118364 0.9141436
1740549289.304954 -7.4042745 2.6107371 19.9313240 -0.2635067 -0.3181508 0.0163628 0.9105364
1740549289.400922 -7.4210453 2.6118836 19.9356270 -0.2617708 -0.3231871 0.0151527 0.9092835
1740549289.504022 -7.4173727 2.6068983 19.9314938 -0.2613373 -0.3276042 0.0168902 0.9077957
1740549289.598783 -7.4091926 2.6046376 19.9245548 -0.2635528 -0.3305065 0.0238503 0.9059451
1740549289.715100 -7.4146242 2.6036310 19.9272671 -0.2646528 -0.3349369 0.0278359 0.9038813
1740549289.808499 -7.4239540 2.6123624 19.9347610 -0.2655869 -0.3424128 0.0301559 0.9007262
1740549289.905711 -7.4537191 2.6303678 19.9548626 -0.2634709 -0.3502872 0.0323679 0.8982396
1740549290.006483 -7.4989471 2.6574068 19.9837265 -0.2620643 -0.3585291 0.0361383 0.8952504
1740549290.104238 -7.5201101 2.6693127 20.0023689 -0.2643255 -0.3665384 0.0369900 0.8912987
1740549290.207450 -7.5647383 2.6876876 20.0403862 -0.2662884 -0.3740095 0.0387524 0.8875278
1740549290.303451 -7.5987911 2.7012701 20.0661640 -0.2674653 -0.3820401 0.0414156 0.8836246
1740549290.399574 -7.6251655 2.7223556 20.0839520 -0.2684496 -0.3894223 0.0422480 0.8800569
1740549290.505640 -7.6565876 2.7344387 20.1044979 -0.2703512 -0.3964429 0.0430701 0.8762923
1740549290.601094 -7.6941614 2.7579732 20.1291504 -0.2702633 -0.4041517 0.0475607 0.8725578
1740549290.702356 -7.7355990 2.7733951 20.1572723 -0.2722675 -0.4108274 0.0483264 0.8687668
1740549290.803065 -7.7403460 2.7818060 20.1753197 -0.2729153 -0.4217789 0.0522873 0.8630677
1740549290.900788 -7.7729278 2.7917228 20.1977692 -0.2747331 -0.4294705 0.0532120 0.8586299
1740549291.005342 -7.8143673 2.8204699 20.2166367 -0.2742786 -0.4367167 0.0545282 0.8550301
1740549291.100734 -7.8482332 2.8358071 20.2392769 -0.2761223 -0.4443196 0.0562031 0.8503986
1740549291.202421 -7.8816328 2.8550940 20.2609749 -0.2768011 -0.4516931 0.0579830 0.8461634
1740549291.303473 -7.9138217 2.8704646 20.2824173 -0.2780934 -0.4591123 0.0593982 0.8416364
1740549291.398593 -7.9368243 2.8738108 20.3153915 -0.2818449 -0.4665305 0.0595292 0.8362828
1740549291.501949 -7.9743366 2.8832917 20.3546467 -0.2844158 -0.4732952 0.0595275 0.8315983
1740549291.598457 -8.0130043 2.8903203 20.3723297 -0.2865142 -0.4792418 0.0611979 0.8273402
1740549291.694429 -8.0679235 2.8977823 20.3865509 -0.2892475 -0.4838660 0.0615806 0.8236610
1740549291.798222 -8.1042042 2.9056542 20.4085503 -0.2919673 -0.4901578 0.0620057 0.8189358
1740549291.894101 -8.1419697 2.9108229 20.4290237 -0.2938660 -0.4957076 0.0621458 0.8148955
1740549291.995358 -8.1813745 2.9185948 20.4460144 -0.2962362 -0.5016967 0.0629859 0.8102946
1740549292.092174 -8.2183838 2.9366755 20.4828644 -0.2985619 -0.5079049 0.0635180 0.8055178
1740549292.187503 -8.2574005 2.9343483 20.4976673 -0.3022968 -0.5131131 0.0640204 0.8007702
1740549292.290125 -8.2824001 2.9412799 20.5193634 -0.3030796 -0.5194991 0.0639827 0.7963477
1740549292.387806 -8.3301373 2.9433448 20.5465889 -0.3076530 -0.5245034 0.0639289 0.7913020
1740549292.609193 -8.3584585 2.9778841 20.5830956 -0.3068942 -0.5369731 0.0682443 0.7828273
1740549292.717735 -8.3959026 2.9933138 20.5827312 -0.3066450 -0.5401932 0.0688748 0.7806513
1740549292.810892 -8.4087830 2.9781318 20.5690536 -0.3065356 -0.5401294 0.0647520 0.7810912
1740549292.909277 -8.4228878 2.9753566 20.5683517 -0.3095267 -0.5406368 0.0670512 0.7793646
1740549293.106518 -8.4578171 2.9779713 20.6073723 -0.3143193 -0.5493304 0.0661250 0.7714059
1740549293.217199 -8.4387388 2.9625127 20.5865364 -0.3157128 -0.5486676 0.0679700 0.7711481
1740549293.310283 -8.4696789 2.9921305 20.5907784 -0.3139807 -0.5526375 0.0693673 0.7688928
1740549293.408849 -8.5053234 3.0072999 20.6002254 -0.3156490 -0.5569364 0.0681059 0.7652118
1740549293.509835 -8.5450459 3.0253317 20.6235580 -0.3171448 -0.5610796 0.0666299 0.7616885
1740549293.602164 -8.6252003 3.0651011 20.6266537 -0.3165933 -0.5625363 0.0663867 0.7608642
1740549293.700606 -8.7039051 3.0852802 20.6288376 -0.3177065 -0.5632910 0.0672986 0.7597610
1740549293.800667 -8.7500896 3.1061475 20.6212559 -0.3197759 -0.5635216 0.0673892 0.7587131
1740549293.897613 -8.7945738 3.1163630 20.6347771 -0.3207220 -0.5639907 0.0667536 0.7580210
1740549293.998543 -8.8425493 3.1372409 20.6480598 -0.3227424 -0.5654542 0.0669662 0.7560518
1740549294.189369 -8.9574432 3.1843143 20.6518307 -0.3232555 -0.5644410 0.0663157 0.7566468
1740549294.293666 -8.9933167 3.2046120 20.6660843 -0.3243377 -0.5664933 0.0644821 0.7548063
1740549294.389078 -9.0558977 3.2174397 20.6875973 -0.3271557 -0.5680280 0.0632660 0.7525363
1740549294.493435 -9.1077108 3.2409229 20.6767578 -0.3270224 -0.5675862 0.0641285 0.7528545
1740549294.592435 -9.1630077 3.2635946 20.6655388 -0.3270958 -0.5660107 0.0632759 0.7540799
1740549294.685621 -9.2099218 3.2843423 20.6551838 -0.3298943 -0.5649366 0.0641299 0.7535938
1740549294.786316 -9.2243423 3.2908425 20.6522026 -0.3311921 -0.5641351 0.0630914 0.7537128
1740549294.882446 -9.2359715 3.2950540 20.6512051 -0.3326419 -0.5635003 0.0616909 0.7536650
1740549294.992398 -9.2959156 3.3294511 20.6671371 -0.3327333 -0.5645182 0.0621649 0.7528236
1740549295.092180 -9.3669939 3.3617110 20.6699448 -0.3340392 -0.5642392 0.0613315 0.7525227
1740549295.186396 -9.3887205 3.3782740 20.6744614 -0.3361431 -0.5634713 0.0609911 0.7521888
1740549295.288744 -9.4635372 3.4070430 20.6809196 -0.3373412 -0.5632610 0.0598886 0.7518985
1740549295.382465 -9.5192585 3.4258251 20.6862793 -0.3386536 -0.5628902 0.0573023 0.7517878
1740549295.486177 -9.5792370 3.4462447 20.6947269 -0.3401143 -0.5625378 0.0567668 0.7514327
1740549295.583675 -9.6494379 3.4948277 20.6914043 -0.3404040 -0.5614297 0.0564285 0.7521554
1740549295.678921 -9.7021933 3.5141983 20.6852474 -0.3422624 -0.5589913 0.0542826 0.7532852
1740549295.779618 -9.7543736 3.5319834 20.6912613 -0.3436251 -0.5578561 0.0523315 0.7536443
1740549295.875962 -9.8206110 3.5586638 20.6930752 -0.3469338 -0.5551932 0.0514025 0.7541586
1740549295.974516 -9.8838158 3.5986924 20.7077789 -0.3480900 -0.5536140 0.0493482 0.7549236
1740549296.071966 -9.9577007 3.6319857 20.7133675 -0.3490051 -0.5522665 0.0481706 0.7555640
1740549296.165417 -10.0189009 3.6574869 20.7173576 -0.3518547 -0.5499147 0.0457324 0.7561089
1740549296.266658 -10.0916309 3.6795835 20.7184582 -0.3544395 -0.5471079 0.0439631 0.7570422
1740549296.362383 -10.1413555 3.6841235 20.7273998 -0.3571112 -0.5449494 0.0423066 0.7574378
1740549296.471350 -10.1920156 3.7079778 20.7323189 -0.3600904 -0.5425270 0.0413905 0.7578167
1740549296.564432 -10.1964159 3.7215571 20.7294540 -0.3587889 -0.5415752 0.0376944 0.7593061
1740549296.661092 -10.2585020 3.7266436 20.7325325 -0.3627837 -0.5385698 0.0338809 0.7597254
1740549296.762825 -10.2737045 3.7367096 20.7411499 -0.3642037 -0.5373088 0.0322882 0.7600083
1740549296.859413 -10.2855415 3.7364044 20.7358456 -0.3659778 -0.5347027 0.0292403 0.7611164
1740549296.980966 -10.2666197 3.7323260 20.7385101 -0.3708791 -0.5325406 0.0312078 0.7601810
1740549297.075191 -10.2896166 3.7417092 20.7410336 -0.3708265 -0.5327803 0.0269116 0.7602030
1740549297.170837 -10.2671585 3.7279530 20.7366447 -0.3691366 -0.5320067 0.0246903 0.7616413
1740549297.274362 -10.2753983 3.7339063 20.7403450 -0.3701491 -0.5317958 0.0211906 0.7614024
1740549297.375368 -10.2765894 3.7329702 20.7410870 -0.3750419 -0.5311903 0.0182234 0.7595053
1740549297.481655 -10.2729855 3.7233825 20.7402344 -0.3778998 -0.5293259 0.0166480 0.7594265
1740549297.578280 -10.2505598 3.7202659 20.7359200 -0.3797953 -0.5263771 0.0206755 0.7604309
1740549297.672148 -10.2623196 3.7232637 20.7363701 -0.3847033 -0.5247630 0.0205731 0.7590810
1740549297.773764 -10.2681274 3.7247272 20.7364960 -0.3827636 -0.5270180 0.0141831 0.7586455
1740549297.868078 -10.2657547 3.7213454 20.7354488 -0.3872784 -0.5249338 0.0147810 0.7577872
1740549297.967599 -10.2513437 3.7186041 20.7397423 -0.3899112 -0.5265094 0.0160674 0.7553138
1740549298.066737 -10.2587242 3.7306232 20.7436676 -0.3924837 -0.5289510 0.0161249 0.7522681
1740549298.162712 -10.2558575 3.7294822 20.7433510 -0.3944843 -0.5300945 0.0146586 0.7504446
1740549298.263356 -10.2536564 3.7262993 20.7422924 -0.3980536 -0.5270892 0.0113301 0.7507343
1740549298.361168 -10.2528324 3.7260346 20.7420883 -0.3988392 -0.5290514 0.0087159 0.7489700
1740549298.454088 -10.2522087 3.7303786 20.7418251 -0.4019855 -0.5293782 0.0114446 0.7470177
1740549298.560097 -10.2461443 3.7241087 20.7397881 -0.4063576 -0.5309186 0.0142426 0.7435026
1740549298.652749 -10.2494316 3.7249146 20.7476578 -0.4120006 -0.5315601 0.0160895 0.7398923
1740549298.758802 -10.2347565 3.7186360 20.7491989 -0.4116538 -0.5344486 0.0108327 0.7380979
1740549298.853860 -10.2604866 3.7268038 20.7377663 -0.4150555 -0.5318506 0.0080155 0.7381055
1740549298.950721 -10.2625256 3.7279530 20.7430878 -0.4167302 -0.5345712 0.0034116 0.7352265
1740549299.057134 -10.2574797 3.7164774 20.7414379 -0.4181238 -0.5350436 0.0018306 0.7340963
1740549299.150655 -10.2198925 3.7092700 20.7641335 -0.4198362 -0.5379873 0.0013484 0.7309620
1740549299.253515 -10.2120476 3.7054524 20.7550297 -0.4168123 -0.5398462 -0.0021822 0.7313200
1740549299.351739 -10.2306814 3.7182922 20.7501507 -0.4158246 -0.5401208 -0.0041123 0.7316712
1740549299.448413 -10.2566395 3.7369847 20.7416115 -0.4142805 -0.5396559 -0.0076086 0.7328610
1740549299.549379 -10.2967901 3.7513399 20.7279663 -0.4144029 -0.5374395 -0.0101167 0.7343886
1740549299.644778 -10.3495007 3.7626157 20.7194405 -0.4180031 -0.5356053 -0.0140953 0.7336223
1740549299.743444 -10.3652706 3.7510896 20.7185860 -0.4199747 -0.5338462 -0.0193720 0.7336581
1740549299.844149 -10.4076576 3.7721887 20.7092495 -0.4187443 -0.5341821 -0.0186362 0.7341358
1740549299.937886 -10.4720831 3.8078141 20.6987057 -0.4213572 -0.5335754 -0.0204973 0.7330315
1740549300.050458 -10.5114412 3.8241034 20.7027054 -0.4236777 -0.5330524 -0.0225542 0.7320134
1740549300.149445 -10.5512676 3.8412724 20.7061424 -0.4258928 -0.5336419 -0.0236309 0.7302624
1740549300.249957 -10.5888081 3.8573303 20.7077827 -0.4258499 -0.5340641 -0.0267471 0.7298713
1740549300.346733 -10.6495752 3.8831615 20.7013245 -0.4269652 -0.5331429 -0.0290230 0.7298062
1740549300.442458 -10.6832380 3.9061842 20.7009563 -0.4292074 -0.5332022 -0.0285042 0.7284669
1740549300.543804 -10.7114611 3.9203444 20.7035027 -0.4294243 -0.5337282 -0.0301115 0.7278890
1740549300.639282 -10.7425003 3.9361181 20.6941891 -0.4287705 -0.5327541 -0.0313373 0.7289355
1740549300.737750 -10.7855616 3.9695206 20.6804123 -0.4268454 -0.5333327 -0.0322294 0.7296030
1740549300.835093 -10.8294725 3.9871902 20.6848450 -0.4274613 -0.5339847 -0.0357704 0.7285998
1740549300.930372 -10.8823080 4.0058365 20.6834660 -0.4281725 -0.5327877 -0.0390394 0.7288906
1740549301.030374 -10.9247227 4.0321941 20.6754055 -0.4277965 -0.5331920 -0.0390965 0.7288127
1740549301.129785 -10.9731445 4.0587416 20.6674232 -0.4290262 -0.5327704 -0.0401613 0.7283401
1740549301.239557 -11.0257349 4.0915575 20.6613045 -0.4279608 -0.5337403 -0.0407567 0.7282237
1740549301.334433 -11.0884533 4.1193590 20.6627979 -0.4287396 -0.5337851 -0.0426981 0.7276213
1740549301.430979 -11.1618767 4.1491156 20.6656265 -0.4301189 -0.5349935 -0.0443400 0.7258193
1740549301.531142 -11.2321787 4.1916609 20.6575165 -0.4298126 -0.5363107 -0.0440392 0.7250466
1740549301.626045 -11.2975702 4.2228155 20.6549835 -0.4287988 -0.5377140 -0.0440838 0.7246046
1740549301.725644 -11.3669376 4.2580814 20.6549416 -0.4295988 -0.5391587 -0.0433772 0.7230983
1740549301.824845 -11.4322424 4.2918701 20.6565189 -0.4307049 -0.5403566 -0.0439417 0.7215104
1740549301.919255 -11.4913759 4.3213615 20.6584053 -0.4314716 -0.5422521 -0.0420403 0.7197413
1740549302.023406 -11.5585899 4.3533373 20.6592979 -0.4323972 -0.5434794 -0.0405696 0.7183432
1740549302.117753 -11.6257334 4.3913774 20.6564522 -0.4320101 -0.5439541 -0.0394732 0.7182779
1740549302.213503 -11.6944895 4.4288750 20.6571007 -0.4310980 -0.5453208 -0.0383307 0.7178513
1740549302.314851 -11.7437840 4.4886885 20.6329517 -0.4279463 -0.5470333 -0.0361262 0.7185482
1740549302.411030 -11.8085003 4.5417767 20.6499634 -0.4282272 -0.5483450 -0.0344474 0.7174626
1740549302.516988 -11.8565674 4.5983076 20.6655235 -0.4263627 -0.5503548 -0.0314540 0.7171717
1740549302.612941 -11.8965111 4.6432505 20.6615448 -0.4233437 -0.5517431 -0.0289943 0.7179965
1740549302.708834 -11.9520445 4.6731400 20.6633797 -0.4247618 -0.5516804 -0.0273862 0.7172700
1740549302.810282 -11.9788857 4.7008324 20.6816902 -0.4241446 -0.5541195 -0.0250444 0.7158393
1740549302.907686 -11.9901543 4.7185845 20.6681175 -0.4207093 -0.5539914 -0.0248676 0.7179685
1740549303.010164 -12.0145597 4.7359791 20.6529503 -0.4169679 -0.5528954 -0.0248076 0.7209918
1740549303.111071 -12.0221405 4.7243781 20.6668682 -0.4200711 -0.5528926 -0.0267622 0.7191201
1740549303.208871 -12.0377131 4.7375960 20.6649590 -0.4196445 -0.5520615 -0.0243807 0.7200918
1740549303.312117 -12.0382643 4.7327819 20.6729527 -0.4206702 -0.5515709 -0.0234709 0.7198995
1740549303.412203 -12.0516472 4.7459426 20.6672325 -0.4177863 -0.5503523 -0.0227731 0.7225292
1740549303.518413 -12.0553675 4.7499523 20.6570244 -0.4122634 -0.5492059 -0.0264758 0.7264370
1740549303.614825 -12.0709915 4.7624040 20.6445007 -0.4096971 -0.5476290 -0.0263626 0.7290788
1740549303.711148 -12.0795946 4.7569647 20.6425228 -0.4075017 -0.5459376 -0.0293726 0.7314587
1740549303.809779 -12.0812416 4.7615471 20.6499672 -0.4082224 -0.5466567 -0.0286980 0.7305460
1740549303.907280 -12.0929527 4.7637415 20.6591835 -0.4094808 -0.5458003 -0.0281107 0.7305049
1740549304.010442 -12.1011105 4.7808771 20.6712227 -0.4081734 -0.5465084 -0.0267473 0.7307582
1740549304.111298 -12.1150494 4.7963276 20.6628742 -0.4037419 -0.5447406 -0.0255985 0.7345712
1740549304.205697 -12.1193085 4.7930107 20.6601925 -0.4022730 -0.5431544 -0.0252208 0.7365621
1740549304.308294 -12.1276894 4.7965212 20.6613483 -0.4010924 -0.5414654 -0.0254001 0.7384409
1740549304.403594 -12.1247358 4.7938476 20.6616364 -0.4014925 -0.5400248 -0.0260423 0.7392556
1740549304.514164 -12.1302481 4.7909746 20.6517105 -0.3996986 -0.5384964 -0.0275725 0.7412844
1740549304.610258 -12.1385260 4.7964425 20.6550407 -0.3988231 -0.5370929 -0.0254466 0.7428484
1740549304.705424 -12.1478214 4.8001690 20.6609955 -0.3990453 -0.5369447 -0.0267939 0.7427889
1740549304.807549 -12.1516371 4.8015714 20.6630936 -0.3973278 -0.5357680 -0.0280266 0.7445119
1740549304.903268 -12.1560078 4.8022771 20.6652241 -0.3975724 -0.5344610 -0.0276388 0.7453346
1740549305.010092 -12.1549206 4.8073635 20.6671906 -0.3954650 -0.5340937 -0.0252577 0.7468022
1740549305.106268 -12.1599045 4.8069539 20.6679878 -0.3959340 -0.5316539 -0.0252979 0.7482916
1740549305.206764 -12.1665134 4.8082962 20.6674824 -0.3925379 -0.5306165 -0.0279881 0.7507175
1740549305.312191 -12.1702843 4.8122029 20.6687279 -0.3905319 -0.5304400 -0.0292612 0.7518391
1740549305.407625 -12.1735506 4.8161945 20.6713867 -0.3887239 -0.5299900 -0.0296348 0.7530778
1740549305.512684 -12.1766653 4.8212194 20.6710129 -0.3852832 -0.5280690 -0.0299885 0.7561751
1740549305.610053 -12.1791019 4.8243780 20.6725883 -0.3827421 -0.5285733 -0.0294008 0.7571356
1740549305.708624 -12.1784325 4.8232746 20.6717510 -0.3812084 -0.5268257 -0.0303210 0.7590886
1740549305.811555 -12.1797485 4.8227892 20.6716805 -0.3803618 -0.5255396 -0.0314905 0.7603561
1740549305.909539 -12.1898327 4.8246427 20.6713676 -0.3829307 -0.5223827 -0.0273319 0.7614022
1740549306.015012 -12.2069054 4.8277111 20.6659412 -0.3838581 -0.5171400 -0.0286158 0.7644607
1740549306.116593 -12.2387943 4.8297625 20.6616840 -0.3813964 -0.5142916 -0.0309672 0.7675168
1740549306.216487 -12.2630053 4.8351903 20.6566906 -0.3826514 -0.5102379 -0.0318550 0.7695586
1740549306.327013 -12.2906923 4.8370676 20.6520309 -0.3826628 -0.5048341 -0.0345937 0.7729910
1740549306.422715 -12.3411674 4.8368688 20.6567822 -0.3871261 -0.5014497 -0.0374919 0.7728363
1740549306.530245 -12.3855076 4.8356342 20.6450329 -0.3876029 -0.4960532 -0.0401589 0.7759397
1740549306.625911 -12.4475594 4.8390369 20.6387444 -0.3888750 -0.4917682 -0.0427284 0.7778911
1740549306.726340 -12.5155592 4.8453350 20.6351852 -0.3874528 -0.4874053 -0.0451085 0.7812052
1740549306.828001 -12.5819464 4.8552575 20.6293259 -0.3864286 -0.4834024 -0.0477751 0.7840361
1740549306.930035 -12.6506824 4.8904848 20.6341591 -0.3862400 -0.4813869 -0.0481316 0.7853462
1740549307.032535 -12.7134171 4.9410667 20.6436920 -0.3837045 -0.4799196 -0.0475409 0.7875201
1740549307.131451 -12.7831392 4.9833274 20.6546478 -0.3827250 -0.4780193 -0.0474902 0.7891538
1740549307.242949 -12.8425484 5.0312614 20.6738644 -0.3816205 -0.4766054 -0.0471884 0.7905608
1740549307.341784 -12.8968563 5.0754671 20.7138271 -0.3796819 -0.4762672 -0.0483125 0.7916294
1740549307.437638 -12.9479361 5.1396999 20.7497940 -0.3770232 -0.4763184 -0.0472948 0.7929298
1740549307.542600 -13.0130444 5.1923404 20.7649727 -0.3762715 -0.4749804 -0.0459528 0.7941674
1740549307.639345 -13.0728779 5.2438498 20.7827721 -0.3742056 -0.4735063 -0.0457213 0.7960349
1740549307.745315 -13.1344585 5.3001018 20.8030567 -0.3723835 -0.4725490 -0.0448220 0.7975080
1740549307.847224 -13.1980219 5.3493261 20.8280373 -0.3711415 -0.4714577 -0.0440689 0.7987738
1740549307.943980 -13.2594700 5.4021101 20.8594704 -0.3692116 -0.4709342 -0.0435759 0.8000031
1740549308.064278 -13.3160057 5.4556875 20.8839054 -0.3670677 -0.4700804 -0.0432342 0.8015090
1740549308.264692 -13.4443922 5.5546608 20.9368515 -0.3634389 -0.4687470 -0.0421597 0.8039969
1740549308.365901 -13.4946518 5.6240640 20.9767570 -0.3609207 -0.4688629 -0.0402284 0.8051618
1740549308.567867 -13.6223354 5.7088766 21.0295944 -0.3571634 -0.4671883 -0.0392633 0.8078539
1740549308.667016 -13.6872025 5.7638965 21.0600224 -0.3550600 -0.4674866 -0.0380284 0.8086672
1740549308.880675 -13.8066483 5.8688974 21.1107540 -0.3504732 -0.4668931 -0.0357022 0.8111133
1740549308.977975 -13.8729095 5.9142494 21.1407433 -0.3484510 -0.4669281 -0.0344765 0.8120170
1740549309.183128 -13.9983559 6.0185556 21.1965141 -0.3448130 -0.4670554 -0.0323028 0.8135845
1740549309.390108 -14.1311102 6.1043835 21.2623291 -0.3415217 -0.4683594 -0.0308200 0.8142804
1740549309.503224 -14.1973782 6.1476226 21.2843781 -0.3400097 -0.4679759 -0.0296690 0.8151759
1740549309.699463 -14.3248444 6.2443933 21.3484344 -0.3371147 -0.4687832 -0.0272522 0.8159984
1740549309.815855 -14.3936300 6.2848091 21.3773060 -0.3360396 -0.4689678 -0.0270101 0.8163438
1740549310.019787 -14.5292797 6.3681412 21.4345798 -0.3341491 -0.4691049 -0.0260121 0.8170730
1740549310.121145 -14.5921993 6.4110684 21.4750099 -0.3336074 -0.4698538 -0.0254794 0.8168808
1740549310.323990 -14.7309456 6.4888558 21.5155602 -0.3323004 -0.4684643 -0.0255581 0.8182081
1740549310.424344 -14.7836647 6.5408397 21.5538445 -0.3326662 -0.4686826 -0.0256701 0.8179308
1740549310.544776 -14.8383265 6.6010504 21.5826454 -0.3326001 -0.4686304 -0.0255069 0.8179927
1740549310.646659 -14.8976288 6.6525831 21.6145058 -0.3326911 -0.4689381 -0.0256910 0.8177736
1740549310.757947 -14.9632893 6.6972303 21.6415882 -0.3328277 -0.4684980 -0.0259814 0.8179612
1740549310.957108 -15.0670004 6.8121390 21.6952839 -0.3324812 -0.4682857 -0.0264871 0.8182073
1740549311.071364 -15.1102180 6.8821368 21.7237244 -0.3323444 -0.4687317 -0.0265986 0.8180039
1740549311.171420 -15.1724815 6.9256916 21.7535553 -0.3326517 -0.4683495 -0.0274708 0.8180690
1740549311.279996 -15.2459373 6.9602151 21.7776737 -0.3323732 -0.4679220 -0.0275517 0.8184241
1740549311.382564 -15.3181963 6.9892678 21.8160400 -0.3321797 -0.4686059 -0.0276167 0.8181091
1740549311.483171 -15.3743153 7.0439272 21.8386841 -0.3316123 -0.4681756 -0.0274190 0.8185922
1740549311.588016 -15.4357414 7.0998731 21.8673325 -0.3314297 -0.4687736 -0.0266210 0.8183502
1740549311.688594 -15.4975567 7.1384940 21.8954945 -0.3317099 -0.4688153 -0.0269698 0.8182013
1740549311.800188 -15.5613213 7.1898289 21.9238358 -0.3307840 -0.4687865 -0.0263726 0.8186120
1740549311.902568 -15.6318579 7.2236567 21.9493370 -0.3297876 -0.4689444 -0.0262057 0.8189290
1740549312.022970 -15.6939783 7.2811723 21.9743423 -0.3280222 -0.4691871 -0.0247619 0.8195437
1740549312.123764 -15.7612019 7.3273487 22.0023193 -0.3267395 -0.4693537 -0.0241231 0.8199795
1740549312.227481 -15.8289108 7.3645573 22.0378838 -0.3260070 -0.4697111 -0.0238120 0.8200756
1740549312.332311 -15.8902245 7.4086967 22.0677528 -0.3239998 -0.4697790 -0.0229045 0.8208576
1740549312.433267 -15.9567719 7.4524436 22.1029625 -0.3233376 -0.4702271 -0.0225342 0.8208725
1740549312.548852 -16.0167885 7.5041370 22.1334648 -0.3224634 -0.4698227 -0.0220353 0.8214613
1740549312.647940 -16.0956268 7.5354238 22.1591377 -0.3214991 -0.4690203 -0.0220543 0.8222967
1740549312.751570 -16.1613503 7.5794916 22.1871872 -0.3203544 -0.4681633 -0.0213743 0.8232492
1740549312.859105 -16.2258148 7.6202855 22.2193813 -0.3193077 -0.4673583 -0.0210361 0.8241215
1740549312.960925 -16.2938499 7.6609192 22.2501984 -0.3183677 -0.4663139 -0.0210742 0.8250753
1740549313.078280 -16.3615017 7.6999416 22.2849483 -0.3177924 -0.4653343 -0.0212167 0.8258461
1740549313.181794 -16.4260864 7.7436109 22.3179779 -0.3170513 -0.4635722 -0.0212873 0.8271193
1740549313.295263 -16.4934692 7.7887840 22.3472805 -0.3164474 -0.4612925 -0.0217507 0.8286116
1740549313.397520 -16.5554619 7.8360825 22.3781128 -0.3157700 -0.4596003 -0.0221432 0.8297992
1740549313.498881 -16.6150589 7.8861022 22.4117699 -0.3156221 -0.4574743 -0.0226107 0.8310167
1740549313.611547 -16.6737862 7.9351425 22.4494247 -0.3154086 -0.4550841 -0.0237547 0.8323771
1740549313.713948 -16.7274704 7.9859185 22.4886169 -0.3152586 -0.4524500 -0.0245871 0.8338444
1740549313.831230 -16.7815113 8.0372744 22.5315285 -0.3155451 -0.4500762 -0.0257554 0.8349847
1740549313.932965 -16.8375092 8.0884752 22.5689392 -0.3161795 -0.4474288 -0.0268161 0.8361333
1740549314.044552 -16.8974094 8.1425762 22.5984325 -0.3159441 -0.4443411 -0.0276254 0.8378408
1740549314.248024 -17.0190277 8.2399921 22.6735096 -0.3160886 -0.4381793 -0.0302143 0.8409364
1740549314.463816 -17.1366425 8.3294086 22.7568207 -0.3169597 -0.4331036 -0.0328397 0.8431367
1740549314.684016 -17.2515125 8.4334078 22.8300743 -0.3169248 -0.4275131 -0.0348897 0.8459161
1740549314.898195 -17.3529663 8.5425787 22.9087391 -0.3168187 -0.4229501 -0.0369133 0.8481607
1740549315.106755 -17.4702511 8.6332531 22.9962273 -0.3173462 -0.4188712 -0.0385743 0.8499119
1740549315.319006 -17.6031513 8.7065830 23.0665092 -0.3163565 -0.4153692 -0.0393523 0.8519616
1740549315.533752 -17.6948185 8.8304996 23.1483421 -0.3151478 -0.4124618 -0.0400384 0.8537880
1740549315.731689 -17.8055344 8.9348545 23.2290897 -0.3136165 -0.4105644 -0.0398070 0.8552759
1740549315.938042 -17.9192410 9.0327797 23.3118324 -0.3109006 -0.4091858 -0.0390110 0.8569632
1740549316.458393 -18.2073307 9.2719116 23.5161610 -0.3023631 -0.4088908 -0.0354074 0.8603088
1740549316.774725 -18.3827572 9.4096260 23.6431160 -0.2945063 -0.4101965 -0.0305103 0.8625972
1740549317.186717 -18.6296062 9.5694752 23.8153515 -0.2833066 -0.4125417 -0.0250158 0.8654022
1740549317.402168 -18.7481270 9.6539745 23.9053383 -0.2770072 -0.4138854 -0.0213296 0.8668973
1740549317.506783 -18.8110809 9.6885376 23.9489346 -0.2742250 -0.4139294 -0.0193407 0.8678070
1740549317.616101 -18.8765697 9.7182341 23.9925938 -0.2712019 -0.4143495 -0.0183631 0.8685775
1740549317.715730 -18.9372272 9.7587090 24.0391312 -0.2681654 -0.4150789 -0.0168238 0.8692030
1740549317.829213 -18.9983006 9.7970791 24.0853844 -0.2654950 -0.4154716 -0.0155016 0.8698595
1740549318.033379 -19.1177711 9.8719425 24.1791821 -0.2593784 -0.4160561 -0.0120808 0.8714783
1740549318.236134 -19.2449570 9.9415665 24.2704315 -0.2543848 -0.4172178 -0.0095678 0.8724254
1740549318.444927 -19.3689098 10.0206146 24.3555622 -0.2486351 -0.4180087 -0.0069240 0.8737284
1740549318.654876 -19.4969711 10.0892324 24.4518967 -0.2443965 -0.4178413 -0.0049317 0.8750169
1740549318.758376 -19.5601311 10.1131439 24.5039482 -0.2429494 -0.4180408 -0.0033116 0.8753322
1740549318.866697 -19.6210613 10.1490364 24.5444164 -0.2402886 -0.4185163 -0.0023179 0.8758425
1740549318.964326 -19.6786842 10.1876879 24.5913887 -0.2375655 -0.4195453 -0.0012667 0.8760952
1740549319.071335 -19.7422066 10.2081003 24.6429749 -0.2363301 -0.4195518 0.0004886 0.8764269
1740549319.172381 -19.8083706 10.2536860 24.6781807 -0.2329168 -0.4193337 0.0012019 0.8774438
1740549319.281979 -19.8689461 10.2858772 24.7271843 -0.2307949 -0.4196714 0.0019272 0.8778416
1740549319.490528 -19.9981632 10.3492031 24.8231087 -0.2272154 -0.4196641 0.0042374 0.8787703
1740549319.600664 -20.0516300 10.3773851 24.8656883 -0.2251862 -0.4208515 0.0057394 0.8787162
1740549319.806067 -20.1819572 10.4435930 24.9629478 -0.2214342 -0.4205722 0.0077307 0.8797876
1740549320.013721 -20.3131638 10.5034847 25.0616264 -0.2185453 -0.4198788 0.0092233 0.8808261
1740549320.215174 -20.4322929 10.5636940 25.1517258 -0.2138853 -0.4201593 0.0109179 0.8818163
1740549320.534023 -20.6304283 10.6458521 25.2920494 -0.2084985 -0.4190986 0.0138161 0.8835688
1740549320.731847 -20.7621460 10.6855307 25.3857899 -0.2057096 -0.4184290 0.0163397 0.8844964
1740549321.039396 -20.9460754 10.7547083 25.5435448 -0.2013710 -0.4178956 0.0203754 0.8856624
1740549321.241817 -21.0733795 10.7988338 25.6474228 -0.1989033 -0.4171281 0.0232470 0.8865107
1740549321.556234 -21.2746506 10.8519802 25.7975311 -0.1951451 -0.4152978 0.0277750 0.8880736
1740549321.957650 -21.5318642 10.9395761 26.0191479 -0.1890310 -0.4122613 0.0325627 0.8906445
1740549322.362731 -21.7829285 11.0230074 26.2414093 -0.1828630 -0.4098517 0.0384244 0.8928081
1740549322.758224 -21.8800907 11.1136503 26.4529343 -0.1717230 -0.4261555 0.0494901 0.8868221
1740549323.061243 -21.9491997 11.1930809 26.6122284 -0.1633311 -0.4390343 0.0561910 0.8817111
1740549323.257122 -21.9708328 11.2046289 26.6501312 -0.1596980 -0.4410123 0.0568750 0.8813456
1740549323.459144 -21.9699650 11.2009716 26.6453304 -0.1609716 -0.4368276 0.0551200 0.8833072
1740549323.563216 -21.9790401 11.1977911 26.6503181 -0.1620519 -0.4345856 0.0572688 0.8840785
1740549323.753275 -21.9930477 11.2014027 26.6704178 -0.1622305 -0.4334164 0.0567775 0.8846513
1740549323.952891 -22.0038910 11.2087479 26.6841316 -0.1604652 -0.4315434 0.0564191 0.8859109
1740549324.153837 -22.0281525 11.2197342 26.7161484 -0.1593535 -0.4315896 0.0525446 0.8863272
1740549324.352335 -22.0414200 11.2183514 26.7192574 -0.1579665 -0.4274164 0.0442479 0.8890466
1740549324.451387 -22.0392284 11.2201900 26.7163277 -0.1569841 -0.4264186 0.0452771 0.8896478
1740549324.654229 -22.0255547 11.2096510 26.7101631 -0.1638175 -0.4247860 0.0574239 0.8884949
1740549324.853390 -22.0265350 11.2230339 26.7223511 -0.1647872 -0.4231136 0.0581465 0.8890664
1740549324.952265 -22.0364780 11.2248535 26.7287083 -0.1646504 -0.4204310 0.0576078 0.8903984
1740549325.058406 -22.0304585 11.2195816 26.7259655 -0.1660899 -0.4184623 0.0571270 0.8910893
1740549325.155589 -22.0229321 11.2207584 26.7184029 -0.1652034 -0.4179643 0.0570274 0.8914940
1740549325.252563 -22.0373898 11.2250051 26.7348461 -0.1663729 -0.4168991 0.0588801 0.8916548
1740549325.354318 -22.0460472 11.2240896 26.7395096 -0.1680374 -0.4141373 0.0599920 0.8925552
1740549325.451491 -22.0523987 11.2261419 26.7444973 -0.1676092 -0.4121924 0.0628050 0.8933421
1740549325.558298 -22.0566921 11.2265463 26.7453613 -0.1671744 -0.4097209 0.0614022 0.8946571
1740549325.656576 -22.0579948 11.2267542 26.7468414 -0.1650778 -0.4098310 0.0586007 0.8951837
1740549325.753507 -22.0641098 11.2294426 26.7537193 -0.1670761 -0.4094305 0.0596950 0.8949239
1740549325.855052 -22.0768147 11.2267647 26.7706833 -0.1689003 -0.4112074 0.0598074 0.8937585
1740549325.952313 -22.0787849 11.2198849 26.7785206 -0.1712865 -0.4133028 0.0588009 0.8924036
1740549326.057295 -22.0941010 11.2275715 26.7957268 -0.1715441 -0.4139797 0.0631165 0.8917454
1740549326.154176 -22.1249294 11.2402935 26.8271580 -0.1731672 -0.4161012 0.0617787 0.8905371
1740549326.249859 -22.1455269 11.2542849 26.8585148 -0.1745785 -0.4185792 0.0602963 0.8892009
1740549326.349596 -22.1681023 11.2669268 26.8967781 -0.1751399 -0.4229375 0.0603174 0.8870240
1740549326.446590 -22.2022629 11.2823534 26.9404488 -0.1739029 -0.4249958 0.0603508 0.8862811
1740549326.552661 -22.2593956 11.2976770 26.9888592 -0.1736921 -0.4235995 0.0623713 0.8868508
1740549326.647622 -22.2970200 11.2985954 27.0184059 -0.1743107 -0.4236290 0.0624255 0.8867115
1740549326.742209 -22.3017273 11.3001585 27.0206108 -0.1717396 -0.4222942 0.0619912 0.8878797
1740549326.843320 -22.3054085 11.2918205 27.0249405 -0.1716082 -0.4216355 0.0601008 0.8883479
1740549326.942267 -22.2999172 11.2934217 27.0269089 -0.1709706 -0.4216798 0.0597942 0.8884705
1740549327.048889 -22.2999516 11.2915878 27.0280685 -0.1693628 -0.4218825 0.0587612 0.8887511
1740549327.145787 -22.3072491 11.3010464 27.0171947 -0.1676974 -0.4200341 0.0580953 0.8899854
1740549327.242166 -22.3074741 11.2981205 27.0122948 -0.1702656 -0.4185256 0.0665803 0.8896140
1740549327.343543 -22.3019943 11.3069086 27.0005512 -0.1693681 -0.4151004 0.0681073 0.8912730
1740549327.442457 -22.3014240 11.3098736 26.9998245 -0.1677762 -0.4138705 0.0641812 0.8924366
1740549327.552241 -22.3028069 11.3111105 27.0044727 -0.1679197 -0.4134141 0.0649529 0.8925654
1740549327.670139 -22.2988644 11.3129396 26.9960556 -0.1674815 -0.4120567 0.0673019 0.8931012
1740549327.773186 -22.3048477 11.3110971 26.9844799 -0.1663556 -0.4091019 0.0680902 0.8946090
1740549327.867847 -22.3098507 11.3048830 26.9870186 -0.1675181 -0.4077958 0.0688465 0.8949304
1740549327.968322 -22.3442535 11.3015785 27.0170860 -0.1706089 -0.4056700 0.0671560 0.8954410
1740549328.068670 -22.3798542 11.2502289 27.0557823 -0.1780488 -0.4034082 0.0607943 0.8954689
1740549328.166569 -22.4095860 11.2447424 27.0895596 -0.1819186 -0.4038542 0.0573221 0.8947187
1740549328.266522 -22.4140663 11.2418251 27.1015587 -0.1818085 -0.4047527 0.0535942 0.8945661
1740549328.369070 -22.4142513 11.2422781 27.1016541 -0.1795302 -0.4041794 0.0538217 0.8952716
1740549328.464904 -22.4358044 11.2394867 27.1148605 -0.1808739 -0.4025252 0.0552328 0.8956603
1740549328.568134 -22.4536800 11.2474184 27.1285286 -0.1806919 -0.4026125 0.0532972 0.8957751
1740549328.663774 -22.4599857 11.2469091 27.1404915 -0.1813562 -0.4021653 0.0532427 0.8958450
1740549328.758718 -22.4949379 11.2345982 27.1740913 -0.1862118 -0.4006861 0.0500813 0.8956940
1740549328.866028 -22.5089760 11.2424965 27.1763878 -0.1849449 -0.4000390 0.0509948 0.8961940
1740549328.962598 -22.5243263 11.2390718 27.1998215 -0.1843704 -0.4009402 0.0477534 0.8960882
1740549329.068064 -22.5518150 11.2355289 27.2300797 -0.1846104 -0.4016669 0.0466475 0.8957716
1740549329.164257 -22.5880394 11.2300882 27.2686920 -0.1871604 -0.4038387 0.0463167 0.8942819
1740549329.263196 -22.6222191 11.2396812 27.3095093 -0.1874045 -0.4056908 0.0463287 0.8933914
1740549329.368565 -22.6643658 11.2479744 27.3526955 -0.1880883 -0.4085804 0.0468451 0.8919027
1740549329.468012 -22.7057037 11.2617598 27.3938847 -0.1863225 -0.4093993 0.0478670 0.8918436
1740549329.573669 -22.7208061 11.2682457 27.4079971 -0.1854441 -0.4093944 0.0534300 0.8917129
1740549329.673379 -22.7612438 11.2719069 27.4451790 -0.1859509 -0.4113324 0.0555026 0.8905883
1740549329.782811 -22.7844734 11.2908983 27.4662628 -0.1829844 -0.4124449 0.0561898 0.8906451
1740549329.879749 -22.8321400 11.2997189 27.5081635 -0.1814619 -0.4153970 0.0571574 0.8895223
1740549329.977154 -22.8696747 11.3036709 27.5465508 -0.1799051 -0.4165533 0.0604238 0.8890818
1740549330.082925 -22.9219837 11.3061266 27.5981369 -0.1797703 -0.4185466 0.0603904 0.8881748
1740549330.179828 -22.9800606 11.3282738 27.6328602 -0.1763569 -0.4204800 0.0620180 0.8878337
1740549330.290525 -23.0307522 11.3310413 27.6912098 -0.1759301 -0.4235107 0.0615272 0.8865110
1740549330.389411 -23.0643330 11.3441954 27.7130318 -0.1721160 -0.4254467 0.0659595 0.8860138
1740549330.488717 -23.0895538 11.3646679 27.7395706 -0.1670756 -0.4301127 0.0669462 0.8846508
1740549330.599877 -23.1513405 11.3790884 27.7737007 -0.1636741 -0.4311783 0.0689861 0.8846112
1740549330.698647 -23.2170887 11.3999443 27.8151951 -0.1594408 -0.4336506 0.0707135 0.8840393
1740549330.801718 -23.2797413 11.4062910 27.8663578 -0.1568823 -0.4364516 0.0717307 0.8830361
1740549330.900531 -23.3219681 11.4173880 27.9218864 -0.1540713 -0.4413452 0.0719224 0.8810809
1740549330.998022 -23.3933353 11.4305248 27.9694099 -0.1522172 -0.4434529 0.0731355 0.8802447
1740549331.100895 -23.4592018 11.4462223 28.0223656 -0.1487693 -0.4458172 0.0751590 0.8794690
1740549331.202740 -23.4961510 11.4574728 28.0800991 -0.1455124 -0.4509898 0.0756429 0.8773326
1740549331.306090 -23.5601349 11.4729395 28.1327705 -0.1425058 -0.4541113 0.0774608 0.8760564
1740549331.407882 -23.6123066 11.4817839 28.1929684 -0.1408360 -0.4571853 0.0773112 0.8747399
1740549331.505831 -23.6751423 11.5051966 28.2432575 -0.1361092 -0.4594990 0.0785661 0.8741639
1740549331.610607 -23.7435093 11.5123463 28.2859535 -0.1334299 -0.4610021 0.0809123 0.8735713
1740549331.710190 -23.7981606 11.5195560 28.3500328 -0.1308235 -0.4637133 0.0815773 0.8724680
1740549331.818303 -23.8624516 11.5283947 28.3911285 -0.1284344 -0.4645676 0.0832103 0.8722142
1740549331.916102 -23.9267235 11.5395870 28.4348240 -0.1260092 -0.4659443 0.0835909 0.8717971
1740549332.013936 -24.0042419 11.5453176 28.4780502 -0.1236313 -0.4662077 0.0852544 0.8718356
1740549332.124278 -24.0781860 11.5572643 28.5091629 -0.1216758 -0.4656889 0.0862843 0.8722866
1740549332.224258 -24.1361160 11.5621271 28.5693855 -0.1196958 -0.4680643 0.0869969 0.8712177
1740549332.337047 -24.1953945 11.5680552 28.6290302 -0.1179727 -0.4690716 0.0880556 0.8708045
1740549332.434329 -24.2670250 11.5780411 28.6745338 -0.1159348 -0.4681896 0.0888789 0.8714690
1740549332.538339 -24.3407364 11.5858545 28.7212849 -0.1150081 -0.4680545 0.0893357 0.8716176
1740549332.639578 -24.4061508 11.5975008 28.7699909 -0.1132851 -0.4679699 0.0895528 0.8718663
1740549332.740172 -24.4750633 11.6054010 28.8179035 -0.1118306 -0.4674037 0.0900158 0.8723100
1740549332.848584 -24.5418110 11.6170959 28.8623142 -0.1097004 -0.4664247 0.0911819 0.8729832
1740549332.949132 -24.6050415 11.6329145 28.9033337 -0.1078340 -0.4657011 0.0917066 0.8735470
1740549333.055504 -24.6613636 11.6455650 28.9616756 -0.1070490 -0.4664956 0.0916964 0.8732206
1740549333.158833 -24.7245483 11.6520128 29.0193939 -0.1062418 -0.4650557 0.0924901 0.8740032
1740549333.260541 -24.8021374 11.6632710 29.0559826 -0.1043780 -0.4623642 0.0932849 0.8755699
1740549333.368302 -24.8695030 11.6691809 29.1039200 -0.1042208 -0.4603297 0.0937268 0.8766128
1740549333.468714 -24.9373302 11.6750870 29.1552830 -0.1035244 -0.4585030 0.0941189 0.8776101
1740549333.576667 -25.0028419 11.6834345 29.2059708 -0.1023648 -0.4573649 0.0942255 0.8783282
1740549333.686673 -25.0456276 11.6840096 29.2639999 -0.1024234 -0.4587261 0.0935726 0.8776810
1740549333.791691 -25.1054325 11.6894331 29.3211784 -0.1017604 -0.4578492 0.0936141 0.8782114
1740549333.895837 -25.1767998 11.6934738 29.3689175 -0.1017057 -0.4555348 0.0931814 0.8794665
1740549334.000551 -25.2253304 11.7028999 29.4258823 -0.1011015 -0.4545982 0.0941953 0.8799126
1740549334.106910 -25.2933865 11.7120275 29.4745464 -0.1006396 -0.4525661 0.0935913 0.8810768
1740549334.211463 -25.3510933 11.7232351 29.5331860 -0.0997734 -0.4509166 0.0929988 0.8820832
1740549334.321373 -25.4213676 11.7299480 29.5808411 -0.0989617 -0.4475782 0.0934375 0.8838268
1740549334.424547 -25.4766846 11.7365055 29.6354942 -0.0991184 -0.4452502 0.0932071 0.8850086
1740549334.544908 -25.5226402 11.7356043 29.7089443 -0.1002645 -0.4456295 0.0933333 0.8846753
1740549334.644583 -25.5832195 11.7421484 29.7551098 -0.1015946 -0.4434053 0.0932497 0.8856494
1740549334.750632 -25.6461773 11.7545633 29.8163719 -0.1000269 -0.4397473 0.0946453 0.8875017
1740549334.857945 -25.7135296 11.7626162 29.8705711 -0.0996316 -0.4356993 0.0942446 0.8895829
1740549334.961420 -25.7593193 11.7652292 29.9401989 -0.1003921 -0.4349065 0.0940514 0.8899057
1740549335.071161 -25.8260307 11.7688227 29.9861050 -0.1017106 -0.4303363 0.0928834 0.8920977
1740549335.173614 -25.8936195 11.7836761 30.0424957 -0.1004476 -0.4275134 0.0930851 0.8935758
1740549335.295193 -25.9361629 11.7849550 30.1079044 -0.1022448 -0.4265288 0.0931414 0.8938366
1740549335.395432 -26.0107956 11.8026686 30.1562920 -0.1007954 -0.4214768 0.0935272 0.8963539
1740549335.501377 -26.0717144 11.8129635 30.2112350 -0.1006477 -0.4182773 0.0928473 0.8979385
1740549335.607515 -26.1304245 11.8203030 30.2728195 -0.1004036 -0.4151787 0.0933952 0.8993459
1740549335.717720 -26.1957340 11.8268356 30.3280563 -0.0997707 -0.4107383 0.0934377 0.9014484
1740549335.825919 -26.2516098 11.8312130 30.3908558 -0.0994201 -0.4071878 0.0938639 0.9030522
1740549336.041446 -26.3757496 11.8586235 30.5050964 -0.0975740 -0.4000662 0.0941068 0.9064052
1740549336.150501 -26.4337654 11.8714437 30.5650215 -0.0968688 -0.3966897 0.0944072 0.9079323
1740549336.253856 -26.4899940 11.8831854 30.6273212 -0.0957166 -0.3935102 0.0942660 0.9094515
1740549336.362236 -26.5534210 11.8889828 30.6864777 -0.0941911 -0.3893359 0.0948438 0.9113453
1740549336.578384 -26.6703529 11.9139013 30.8082466 -0.0898761 -0.3831152 0.0962519 0.9142650
1740549336.902250 -26.8445282 11.9340792 30.9924240 -0.0808377 -0.3742626 0.0997038 0.9183964
1740549337.115125 -26.9610672 11.9623919 31.1166058 -0.0716715 -0.3700189 0.1033713 0.9204693
1740549337.327046 -27.0672131 11.9852333 31.2494774 -0.0605802 -0.3680927 0.1077442 0.9215363
1740549337.753717 -27.2774334 11.9850445 31.5181065 -0.0275889 -0.3670504 0.1206577 0.9219299
1740549337.962651 -27.3828907 11.9793186 31.6532593 -0.0067494 -0.3702992 0.1292177 0.9198564
1740549338.296600 -27.5472336 11.9320421 31.8420105 0.0305426 -0.3780802 0.1435583 0.9140643
1740549338.611776 -27.7216301 11.8141727 31.9844360 0.0724791 -0.3881389 0.1602435 0.9046640
1740549339.041028 -27.9389420 11.6224232 32.1684608 0.1357638 -0.4069271 0.1832971 0.8845229
1740549339.464300 -28.1525936 11.4087400 32.3252563 0.2011174 -0.4250851 0.2056053 0.8582429
1740549339.902321 -28.3429260 11.1634693 32.4687576 0.2626230 -0.4410037 0.2249275 0.8282225
1740549340.326499 -28.5306797 10.8963890 32.5658913 0.3178899 -0.4507318 0.2435156 0.7978014
1740549340.751825 -28.6742172 10.5927029 32.6322327 0.3621488 -0.4562068 0.2579456 0.7708357
1740549341.275439 -28.8459682 10.1984730 32.6693726 0.4037934 -0.4521103 0.2760476 0.7458854
1740549341.902470 -29.0102386 9.7182484 32.7734718 0.4276485 -0.4396660 0.2916407 0.7340001
1740549342.306617 -29.1149139 9.4096909 32.8794479 0.4275576 -0.4290026 0.2988211 0.7374669
1740549342.500898 -29.1712227 9.2600460 32.9402580 0.4234588 -0.4240896 0.3014310 0.7415997
1740549342.702763 -29.2331924 9.1120758 32.9984818 0.4176567 -0.4190557 0.3030464 0.7470730
1740549342.906604 -29.2952957 8.9673309 33.0661850 0.4092088 -0.4151740 0.3033650 0.7537562
1740549343.106400 -29.3621445 8.8259792 33.1321640 0.4004266 -0.4118553 0.3032193 0.7603235
1740549343.308512 -29.4305534 8.6849918 33.1999588 0.3893103 -0.4094414 0.3019595 0.7678644
1740549343.507659 -29.5048771 8.5499001 33.2741089 0.3784233 -0.4076108 0.3001984 0.7749388
1740549343.711781 -29.5834846 8.4115314 33.3327866 0.3654921 -0.4057431 0.2980009 0.7829326
1740549343.929871 -29.6643867 8.2852135 33.4102936 0.3536122 -0.4039924 0.2953268 0.7902726
1740549344.138126 -29.7463875 8.1618061 33.4928360 0.3415010 -0.4029323 0.2918645 0.7973945
1740549344.439451 -29.8721600 7.9837456 33.6114540 0.3209485 -0.3997050 0.2878646 0.8089264
1740549344.657889 -29.9624252 7.8664322 33.6978378 0.3070603 -0.3972023 0.2854801 0.8163611
1740549344.955307 -30.0929337 7.7001781 33.8375397 0.2856832 -0.3917409 0.2820913 0.8278579
1740549345.155898 -30.1765537 7.5930653 33.9383926 0.2710850 -0.3864778 0.2794533 0.8360943
1740549345.356180 -30.2595577 7.4915295 34.0432777 0.2568786 -0.3807438 0.2773322 0.8438805
1740549345.556008 -30.3470287 7.3935280 34.1425591 0.2419618 -0.3726974 0.2766712 0.8520588
1740549345.754031 -30.4372864 7.3073025 34.2554741 0.2280639 -0.3651751 0.2760735 0.8593122
1740549345.959080 -30.5241318 7.2209206 34.3712387 0.2145207 -0.3583663 0.2740843 0.8662750
1740549346.164692 -30.6083603 7.1516094 34.4938507 0.2011871 -0.3509448 0.2732009 0.8727673
1740549346.368449 -30.6932793 7.0717840 34.6098213 0.1874188 -0.3438782 0.2723843 0.8788792
1740549346.572940 -30.7779312 7.0138655 34.7438164 0.1768218 -0.3372753 0.2720766 0.8837159
1740549346.765836 -30.8560658 6.9451113 34.8710480 0.1652283 -0.3302655 0.2710804 0.8888980
1740549346.964463 -30.9405022 6.8876028 35.0015335 0.1584504 -0.3237993 0.2715518 0.8923604
1740549347.174092 -31.0215721 6.8342524 35.1342850 0.1521468 -0.3169802 0.2728759 0.8954963
1740549347.386127 -31.0920067 6.7741070 35.2635651 0.1458743 -0.3133849 0.2722047 0.8980062
1740549347.590725 -31.1790848 6.7027998 35.3997688 0.1419231 -0.3070623 0.2730925 0.9005504
1740549347.797980 -31.2508907 6.6317062 35.5304108 0.1405950 -0.3033642 0.2725212 0.9021837
1740549347.903855 -31.2787209 6.6343393 35.5850410 0.1397488 -0.3022135 0.2746202 0.9020649
1740549348.108378 -31.2832317 6.6929817 35.6362762 0.1434028 -0.3010550 0.2842800 0.8988807
1740549348.309167 -31.2880993 6.7317572 35.6766472 0.1444963 -0.3016061 0.2918422 0.8960931
1740549348.410972 -31.2983551 6.7467594 35.6989594 0.1477452 -0.3003318 0.2958388 0.8946796
1740549348.614809 -31.3313293 6.7745419 35.7408028 0.1569385 -0.2990746 0.2998784 0.8921870
1740549348.824474 -31.3647957 6.7763662 35.7632561 0.1634163 -0.2948233 0.3037861 0.8911164
1740549348.923484 -31.3813133 6.7953939 35.7947388 0.1710287 -0.2946817 0.3074121 0.8884873
1740549349.023295 -31.4137936 6.8133268 35.8127556 0.1789034 -0.2917956 0.3108491 0.8866915
1740549349.135921 -31.4206238 6.8252010 35.8568764 0.1833335 -0.2935226 0.3153408 0.8836252
1740549349.233180 -31.4289761 6.8282013 35.8831253 0.1880236 -0.2943498 0.3208008 0.8803932
1740549349.340500 -31.4213295 6.8427467 35.9175911 0.1941899 -0.2983638 0.3247432 0.8762484
1740549349.437111 -31.4053898 6.8524036 35.9569016 0.1998285 -0.3024351 0.3272575 0.8726420
1740549349.548712 -31.4044380 6.8616886 35.9919434 0.2066755 -0.3053115 0.3321229 0.8681961
1740549349.644981 -31.4296703 6.8666916 36.0164566 0.2139148 -0.3008503 0.3357578 0.8666004
1740549349.744347 -31.4249096 6.8742218 36.0589981 0.2190179 -0.3049734 0.3386089 0.8627667
1740549349.852733 -31.3883324 6.8822498 36.1024857 0.2226974 -0.3128791 0.3403394 0.8583016
1740549349.957425 -31.3866959 6.8843021 36.1424332 0.2271829 -0.3147075 0.3435511 0.8551723
1740549350.058856 -31.3562164 6.9033604 36.1962357 0.2319686 -0.3243434 0.3479787 0.8484708
1740549350.158643 -31.3836575 6.9101162 36.2170105 0.2400136 -0.3221761 0.3495478 0.8464115
1740549350.256959 -31.3155861 6.9168148 36.2650261 0.2417405 -0.3337212 0.3512886 0.8407068
1740549350.364939 -31.3301601 6.9214954 36.2655029 0.2431384 -0.3315317 0.3584989 0.8381223
1740549350.464944 -31.3824272 6.9723969 36.3274956 0.2584523 -0.3309062 0.3670094 0.8300648
1740549350.574326 -31.3661251 6.9722710 36.3668823 0.2594593 -0.3376856 0.3703572 0.8255209
1740549350.671591 -31.3469353 6.9839306 36.4092064 0.2642139 -0.3437832 0.3754783 0.8191582
1740549350.769314 -31.3213234 6.9968071 36.4470367 0.2666913 -0.3506810 0.3788216 0.8138751
1740549350.874392 -31.3383980 7.0116959 36.4741783 0.2740206 -0.3506639 0.3785628 0.8115650
1740549350.975638 -31.3084373 7.0118656 36.4990692 0.2760018 -0.3565306 0.3781326 0.8085324
1740549351.080655 -31.2984276 6.9969254 36.5080414 0.2756042 -0.3586795 0.3789885 0.8073160
1740549351.183073 -31.2675915 6.9843388 36.5193481 0.2734267 -0.3639773 0.3812918 0.8045961
1740549351.287931 -31.2220364 6.9613819 36.5342140 0.2705751 -0.3704490 0.3802114 0.8031164
1740549351.391447 -31.2047729 6.9461117 36.5354156 0.2694556 -0.3718714 0.3814828 0.8022320
1740549351.492350 -31.1748199 6.9416409 36.5489120 0.2691234 -0.3770166 0.3820080 0.7996880
1740549351.597034 -31.1331863 6.8965683 36.5337715 0.2633257 -0.3795396 0.3795446 0.8015954
1740549351.697193 -31.0759811 6.8398933 36.5253220 0.2554444 -0.3828984 0.3782246 0.8031707
1740549351.811835 -31.0658417 6.8307419 36.5189590 0.2522852 -0.3854090 0.3821070 0.8011281
1740549351.909438 -31.0292931 6.8371201 36.5445671 0.2498964 -0.3944525 0.3845668 0.7962835
1740549352.011685 -31.0184593 6.8514347 36.5706482 0.2521577 -0.3997063 0.3864400 0.7920325
1740549352.120538 -30.9698734 6.8179836 36.5687408 0.2444413 -0.4049962 0.3860466 0.7919561
1740549352.218080 -30.9198837 6.8147106 36.5913811 0.2398853 -0.4132879 0.3859360 0.7891144
1740549352.325199 -30.8836327 6.8072796 36.6125717 0.2381352 -0.4191913 0.3843145 0.7873200
1740549352.426097 -30.8645172 6.8156681 36.6312943 0.2366663 -0.4237561 0.3852385 0.7848638
1740549352.525415 -30.8381195 6.8263435 36.6813583 0.2382395 -0.4316349 0.3835856 0.7808939
1740549352.629222 -30.8017159 6.8327942 36.7294121 0.2383433 -0.4399935 0.3810296 0.7774411
1740549352.729347 -30.7727547 6.8384247 36.7746124 0.2393010 -0.4472421 0.3778213 0.7745713
1740549352.845303 -30.7485924 6.8733501 36.8400574 0.2440327 -0.4561891 0.3751378 0.7691627
1740549352.942174 -30.7071800 6.8447399 36.8526421 0.2389978 -0.4617327 0.3731612 0.7683969
1740549353.049101 -30.6939774 6.8627071 36.9018478 0.2420598 -0.4682728 0.3699819 0.7650105
1740549353.158217 -30.6621780 6.8725510 36.9594727 0.2438634 -0.4773556 0.3649111 0.7612504
1740549353.258178 -30.6445484 6.8846722 37.0123100 0.2463332 -0.4848536 0.3614567 0.7573547
1740549353.369640 -30.6202526 6.8785400 37.0531311 0.2451742 -0.4917770 0.3578120 0.7549938
1740549353.469751 -30.6004505 6.8942852 37.1195526 0.2492151 -0.4999668 0.3523561 0.7508463
1740549353.577030 -30.5767403 6.8825417 37.1616440 0.2479497 -0.5075482 0.3488622 0.7478041
1740549353.674228 -30.5650272 6.8747654 37.2362289 0.2535544 -0.5159893 0.3434167 0.7426507
1740549353.774571 -30.5440388 6.8503075 37.2785339 0.2536490 -0.5220681 0.3405270 0.7396948
1740549353.880611 -30.5433559 6.8591995 37.3387985 0.2583846 -0.5288672 0.3395135 0.7336671
1740549353.983619 -30.5411358 6.8437214 37.3991928 0.2639207 -0.5352423 0.3373302 0.7280590
1740549354.092630 -30.5565128 6.8259945 37.4514084 0.2709912 -0.5387301 0.3360736 0.7234557
1740549354.193076 -30.5425415 6.8078613 37.5040283 0.2755618 -0.5442560 0.3308792 0.7199792
1740549354.310722 -30.5556774 6.7934723 37.6018944 0.2822351 -0.5550483 0.3259666 0.7113441
1740549354.409489 -30.5981941 6.7656021 37.6493378 0.2860507 -0.5579271 0.3274511 0.7068720
1740549354.509481 -30.6069412 6.6799183 37.6937752 0.2851526 -0.5649624 0.3158635 0.7069198
1740549354.625643 -30.6486149 6.6652145 37.7492943 0.2917853 -0.5707182 0.3171695 0.6989604
1740549354.726906 -30.7326431 6.6301193 37.7765617 0.2964024 -0.5734437 0.3201724 0.6933957
1740549354.832938 -30.7587986 6.5803871 37.8071861 0.2973605 -0.5772875 0.3197885 0.6899646
1740549354.938252 -30.8197956 6.5326824 37.8576164 0.2991486 -0.5843417 0.3209330 0.6826836
1740549355.147730 -30.8948002 6.4009418 37.9013290 0.3027970 -0.5923250 0.3124592 0.6781108
1740549355.358884 -31.0010262 6.2973404 37.9414368 0.3087721 -0.5986001 0.3133898 0.6694210
1740549355.563157 -31.0923767 6.1809120 37.9926300 0.3163256 -0.6072319 0.3086696 0.6602504
1740549355.666126 -31.1384888 6.1168346 37.9936600 0.3171421 -0.6088864 0.3080435 0.6586254
1740549355.875134 -31.2250099 5.9927559 38.0409851 0.3214160 -0.6184043 0.3043043 0.6493587
1740549355.983685 -31.2761192 5.9339027 38.0475082 0.3241247 -0.6206346 0.3044706 0.6457968
1740549356.095718 -31.3205738 5.8673820 38.0585136 0.3268736 -0.6233396 0.3028287 0.6425700
1740549356.189404 -31.3463364 5.7979355 38.0639572 0.3290548 -0.6277865 0.3013721 0.6377946
