1740549251.729259 0.0000000 0.0000000 0.0000000 -0.0000000 -0.0000000 -0.0000000 1.0000000
1740549252.613753 -0.0087622 0.0706050 0.0490897 0.0019515 0.0013466 0.0004987 0.9999971
1740549252.922419 -0.0034068 0.0661006 0.1329708 0.0042874 -0.0017113 0.0014459 0.9999883
1740549253.020023 -0.0543259 0.0555759 0.2049013 0.0068426 -0.0030583 0.0008355 0.9999716
1740549253.120086 -0.0678636 0.0238634 0.2712941 0.0090981 -0.0064667 0.0009671 0.9999372
1740549253.220216 -0.0668897 0.0006290 0.3638517 0.0126676 -0.0123613 0.0012761 0.9998425
1740549253.320695 -0.0882655 -0.0304479 0.4342867 0.0166209 -0.0168240 0.0011000 0.9997197
1740549253.431436 -0.1178370 -0.0501926 0.5060424 0.0210759 -0.0217068 0.0004571 0.9995421
1740549253.532003 -0.1235963 -0.0568589 0.5879516 0.0267451 -0.0283959 0.0007745 0.9992386
1740549253.740821 -0.1520647 -0.0855796 0.7403330 0.0376710 -0.0420533 0.0019663 0.9984030
1740549253.843916 -0.1629977 -0.1178154 0.8161608 0.0426345 -0.0493165 0.0020335 0.9978708
1740549253.950787 -0.1610491 -0.1387590 0.8995671 0.0482412 -0.0579783 0.0021484 0.9971493
1740549254.052410 -0.1935479 -0.1446916 0.9652230 0.0537992 -0.0648057 0.0016316 0.9964453
1740549254.159796 -0.1983982 -0.1652799 1.0472275 0.0583770 -0.0733612 0.0018501 0.9955937
1740549254.262352 -0.2466440 -0.1870505 1.1147180 0.0623893 -0.0798734 0.0016614 0.9948493
1740549254.366628 -0.2589346 -0.1968161 1.1980011 0.0670149 -0.0883093 0.0014212 0.9938352
1740549254.471161 -0.2842016 -0.2077687 1.2674299 0.0709311 -0.0952432 0.0022388 0.9929212
1740549254.572171 -0.3173198 -0.2178006 1.3378412 0.0747754 -0.1018379 0.0016494 0.9919854
1740549254.683313 -0.3422501 -0.2222036 1.4159381 0.0783362 -0.1085400 0.0022237 0.9909983
1740549254.782501 -0.3727062 -0.2475128 1.4882922 0.0798359 -0.1144252 0.0015068 0.9902176
1740549254.886612 -0.4143645 -0.2566295 1.5557934 0.0819246 -0.1192114 0.0009306 0.9894828
1740549254.990601 -0.4401191 -0.2631698 1.6324538 0.0833034 -0.1245540 0.0007703 0.9887094
1740549255.092336 -0.4579853 -0.2572718 1.7109780 0.0853516 -0.1295555 0.0008639 0.9878916
1740549255.199003 -0.4827502 -0.2801476 1.7838649 0.0855184 -0.1334775 0.0003696 0.9873552
1740549255.296322 -0.5065629 -0.2964352 1.8592366 0.0860464 -0.1371049 0.0001889 0.9868122
1740549255.401707 -0.5304549 -0.3141352 1.9322786 0.0861078 -0.1403207 -0.0002215 0.9863546
1740549255.504724 -0.5554510 -0.3343595 2.0059969 0.0858084 -0.1432818 -0.0006699 0.9859548
1740549255.605573 -0.5771594 -0.3458093 2.0827415 0.0856268 -0.1460723 -0.0007574 0.9855610
1740549255.713456 -0.6138676 -0.3564900 2.1529963 0.0854368 -0.1478975 -0.0009491 0.9853050
1740549255.815284 -0.6405754 -0.3765220 2.2249179 0.0845217 -0.1499153 -0.0015281 0.9850783
1740549255.919827 -0.6777762 -0.3800018 2.2942538 0.0844633 -0.1509949 -0.0017027 0.9849181
1740549256.020330 -0.7089361 -0.4010651 2.3682830 0.0832374 -0.1522409 -0.0021739 0.9848297
1740549256.140372 -0.7360988 -0.4068878 2.4434114 0.0826856 -0.1535143 -0.0020590 0.9846788
1740549256.236435 -0.7613079 -0.4214613 2.5141122 0.0818951 -0.1543929 -0.0022912 0.9846069
1740549256.339591 -0.7928256 -0.4274421 2.5869122 0.0812132 -0.1547138 -0.0024526 0.9846127
1740549256.447695 -0.8154010 -0.4356642 2.6615026 0.0806499 -0.1552867 -0.0024745 0.9845687
1740549256.550398 -0.8398097 -0.4429778 2.7368774 0.0801438 -0.1553316 -0.0027441 0.9846022
1740549256.654649 -0.8632955 -0.4454160 2.8124967 0.0798156 -0.1554044 -0.0025743 0.9846178
1740549256.757866 -0.8832356 -0.4537741 2.8871439 0.0791499 -0.1552412 -0.0027993 0.9846967
1740549256.859689 -0.9130910 -0.4641045 2.9629803 0.0788112 -0.1551538 -0.0029374 0.9847373
1740549256.966667 -0.9516472 -0.4770772 3.0308518 0.0784139 -0.1541443 -0.0030654 0.9849271
1740549257.065407 -0.9795666 -0.4853498 3.1057765 0.0786950 -0.1534296 -0.0031549 0.9850160
1740549257.268668 -1.0242479 -0.5222693 3.2531612 0.0786319 -0.1516165 -0.0028332 0.9853027
1740549257.480219 -1.0689809 -0.5559046 3.3981719 0.0793222 -0.1492222 -0.0023963 0.9856140
1740549257.783694 -1.1702148 -0.5504141 3.6098440 0.0828526 -0.1430497 -0.0015334 0.9862403
1740549257.889928 -1.1960864 -0.5513297 3.6895316 0.0841700 -0.1415886 -0.0008999 0.9863404
1740549258.094152 -1.2260861 -0.5764890 3.8423793 0.0872273 -0.1373712 -0.0003152 0.9866714
1740549258.305479 -1.2648190 -0.6141202 3.9897542 0.0915554 -0.1319392 0.0009588 0.9870201
1740549258.514967 -1.3035027 -0.6509673 4.1354942 0.0965204 -0.1264694 0.0019595 0.9872616
1740549258.721780 -1.3329418 -0.6921027 4.2929487 0.1014697 -0.1214445 0.0030743 0.9873934
1740549258.822597 -1.3497200 -0.7155161 4.3583417 0.1039868 -0.1188396 0.0035416 0.9874469
1740549258.928825 -1.3733597 -0.7286491 4.4331169 0.1075409 -0.1160133 0.0048659 0.9873967
1740549259.030836 -1.3956954 -0.7238012 4.5135202 0.1111580 -0.1136172 0.0043593 0.9872771
1740549259.139658 -1.4193355 -0.7609618 4.5801406 0.1128975 -0.1107393 0.0052515 0.9874024
1740549259.241114 -1.4100552 -0.7677404 4.6501303 0.1158686 -0.1101067 0.0057757 0.9871259
1740549259.342667 -1.4294027 -0.8004581 4.7200880 0.1180794 -0.1079133 0.0060139 0.9871048
1740549259.451360 -1.4594957 -0.8228744 4.7927017 0.1198776 -0.1055455 0.0069265 0.9871381
1740549259.550974 -1.4814460 -0.8283346 4.8614273 0.1219061 -0.1037134 0.0071843 0.9870820
1740549259.654386 -1.4794502 -0.8825390 4.9216156 0.1219687 -0.1032840 0.0078318 0.9871144
1740549259.756733 -1.4984772 -0.9211965 4.9864335 0.1222150 -0.1019973 0.0081095 0.9872155
1740549259.856520 -1.5131226 -0.9313765 5.0725713 0.1251153 -0.1013733 0.0084434 0.9869136
1740549259.962150 -1.5436981 -0.9192445 5.1421752 0.1279467 -0.0994441 0.0091854 0.9867402
1740549260.062293 -1.5572875 -0.9507198 5.2166381 0.1288627 -0.0988187 0.0091089 0.9866845
1740549260.171618 -1.5575904 -0.9677790 5.2881665 0.1303118 -0.0991336 0.0094050 0.9864598
1740549260.272505 -1.5542591 -0.9954137 5.3617554 0.1308047 -0.0999786 0.0092003 0.9863112
1740549260.389921 -1.5459625 -1.0030892 5.4368000 0.1319938 -0.1014749 0.0084074 0.9860070
1740549260.487093 -1.5477294 -1.0501097 5.5053387 0.1302065 -0.1023247 0.0089894 0.9861517
1740549260.587602 -1.5831695 -1.0830464 5.5690312 0.1294508 -0.1020967 0.0090875 0.9862739
1740549260.706006 -1.5902673 -1.0895540 5.6437068 0.1308414 -0.1033144 0.0086801 0.9859672
1740549260.805623 -1.6157137 -1.1158003 5.7050300 0.1306903 -0.1031260 0.0089956 0.9860042
1740549260.917422 -1.6445813 -1.1420522 5.7748203 0.1303513 -0.1024634 0.0091746 0.9861164
1740549261.015924 -1.6640270 -1.1569511 5.8462715 0.1303990 -0.1029818 0.0091431 0.9860564
1740549261.116294 -1.6678939 -1.1673208 5.9042163 0.1310049 -0.1044837 0.0082214 0.9858262
1740549261.219885 -1.6850307 -1.1931573 5.9779620 0.1303599 -0.1046658 0.0089309 0.9858862
1740549261.319892 -1.7001883 -1.2165333 6.0547009 0.1295098 -0.1049991 0.0087697 0.9859642
1740549261.429717 -1.7307230 -1.2488933 6.1215129 0.1290644 -0.1046862 0.0092909 0.9860511
1740549261.533048 -1.7165164 -1.2641102 6.1973047 0.1284833 -0.1068788 0.0086931 0.9858972
1740549261.645689 -1.7584327 -1.2704972 6.2454238 0.1277377 -0.1052530 0.0096849 0.9861598
1740549261.747812 -1.7743421 -1.2884456 6.3260164 0.1290712 -0.1055379 0.0101560 0.9859509
1740549261.848900 -1.7714058 -1.2925911 6.3888984 0.1299787 -0.1081426 0.0094802 0.9855561
1740549261.965413 -1.7528846 -1.3100566 6.4599171 0.1300960 -0.1110945 0.0091373 0.9852155
1740549262.066660 -1.7640511 -1.3349000 6.5108399 0.1302978 -0.1131799 0.0095812 0.9849473
1740549262.171746 -1.7471540 -1.3494419 6.5669641 0.1316067 -0.1169665 0.0098520 0.9843279
1740549262.275663 -1.7397747 -1.3507771 6.6243973 0.1345264 -0.1204996 0.0102369 0.9835028
1740549262.382158 -1.7167159 -1.3679495 6.6742058 0.1344768 -0.1248571 0.0093741 0.9829745
1740549262.494270 -1.7188672 -1.4079444 6.7012548 0.1327058 -0.1264088 0.0073090 0.9830344
1740549262.599908 -1.7347114 -1.4246980 6.7409534 0.1339715 -0.1277233 0.0077971 0.9826890
1740549262.714335 -1.7649956 -1.4204130 6.7906237 0.1375054 -0.1270828 0.0087433 0.9822758
1740549262.814844 -1.7839402 -1.4364697 6.8300953 0.1380449 -0.1266508 0.0082648 0.9822601
1740549262.920540 -1.8022661 -1.4477385 6.8449883 0.1392292 -0.1240422 0.0097034 0.9824127
1740549263.023516 -1.8180715 -1.4365023 6.8636670 0.1407481 -0.1212624 0.0106159 0.9825338
1740549263.125875 -1.8280411 -1.4560822 6.8754001 0.1405592 -0.1174776 0.0104789 0.9830220
1740549263.232499 -1.8223486 -1.4751765 6.9122639 0.1405343 -0.1203713 0.0097170 0.9826833
1740549263.333801 -1.8224121 -1.4926028 6.9326038 0.1409124 -0.1203329 0.0092679 0.9826382
1740549263.441619 -1.8252770 -1.4991318 6.9435959 0.1416751 -0.1179219 0.0086177 0.9828267
1740549263.548112 -1.8275454 -1.5084647 6.9709888 0.1418689 -0.1175611 0.0102561 0.9828263
1740549263.657763 -1.8370990 -1.5096323 7.0244141 0.1429286 -0.1161241 0.0098699 0.9828475
1740549263.763808 -1.8404354 -1.5055543 7.0472417 0.1449336 -0.1129730 0.0094277 0.9829255
1740549263.866034 -1.8427398 -1.5122793 7.0445371 0.1442498 -0.1098313 0.0086308 0.9833894
1740549263.973341 -1.8571182 -1.5452855 7.0607429 0.1397039 -0.1074081 0.0097991 0.9843020
1740549264.077061 -1.8442284 -1.5557822 7.0778251 0.1376556 -0.1088591 0.0111241 0.9844170
1740549264.190473 -1.8536849 -1.5682529 7.1411538 0.1366574 -0.1055346 0.0117121 0.9849112
1740549264.294444 -1.8878314 -1.5832605 7.1932364 0.1355448 -0.1010143 0.0130125 0.9855224
1740549264.409204 -1.9124397 -1.6161999 7.2374887 0.1329066 -0.0970891 0.0127056 0.9862800
1740549264.516005 -1.9456948 -1.6460087 7.2941966 0.1299512 -0.0937162 0.0134338 0.9869901
1740549264.618894 -1.9765139 -1.6556816 7.3355651 0.1274097 -0.0884249 0.0140743 0.9878005
1740549264.725986 -1.9989991 -1.6588629 7.3561683 0.1255021 -0.0836836 0.0144283 0.9884524
1740549264.831762 -2.0004363 -1.6591070 7.3609090 0.1243671 -0.0824236 0.0141522 0.9887057
1740549264.940747 -2.0026236 -1.6615348 7.3640690 0.1226342 -0.0809486 0.0139350 0.9890470
1740549265.051320 -2.0327690 -1.6866870 7.3769498 0.1170290 -0.0753142 0.0132654 0.9901798
1740549265.158879 -2.0596340 -1.6971730 7.4037905 0.1149338 -0.0699855 0.0129668 0.9908199
1740549265.265511 -2.0772383 -1.6980397 7.4226580 0.1129799 -0.0654361 0.0133875 0.9913498
1740549265.370936 -2.0808508 -1.6887113 7.4393902 0.1137153 -0.0680191 0.0143134 0.9910789
1740549265.480093 -2.0685120 -1.6844299 7.4560843 0.1139455 -0.0719990 0.0155135 0.9907532
1740549265.593893 -2.0496814 -1.7037714 7.4777732 0.1088401 -0.0776572 0.0158165 0.9908951
1740549265.707261 -2.0396636 -1.7301303 7.4947953 0.1040527 -0.0800571 0.0162393 0.9912115
1740549265.813787 -2.0362875 -1.7480397 7.4959178 0.0968303 -0.0818126 0.0155201 0.9918113
1740549265.922127 -2.0385971 -1.7474504 7.4945760 0.0973868 -0.0802775 0.0138697 0.9919068
1740549266.030717 -2.0592785 -1.7443162 7.5110850 0.0952871 -0.0767380 0.0142944 0.9923847
1740549266.133186 -2.0698211 -1.7472354 7.5230336 0.0912720 -0.0720088 0.0144535 0.9931139
1740549266.242816 -2.0789926 -1.7529002 7.5371823 0.0890907 -0.0708190 0.0149486 0.9933902
1740549266.352225 -2.0795438 -1.7495273 7.5426693 0.0887872 -0.0702514 0.0139402 0.9934723
1740549266.472781 -2.0786030 -1.7563981 7.5472207 0.0852483 -0.0710401 0.0144722 0.9937186
1740549266.578233 -2.0680537 -1.7678927 7.5539708 0.0799876 -0.0745864 0.0144523 0.9938964
1740549266.691859 -2.0600095 -1.7588879 7.5572138 0.0812453 -0.0784752 0.0147533 0.9934904
1740549266.797979 -2.0586262 -1.7642994 7.5613189 0.0782642 -0.0789003 0.0144588 0.9937003
1740549266.910069 -2.0557642 -1.7729981 7.5671554 0.0734911 -0.0817739 0.0171696 0.9937894
1740549267.018265 -2.0531309 -1.7722306 7.5765066 0.0712816 -0.0828920 0.0172407 0.9938564
1740549267.121936 -2.0555069 -1.7703371 7.5816231 0.0697914 -0.0816216 0.0152650 0.9940997
1740549267.231730 -2.0637052 -1.7691830 7.5859542 0.0669870 -0.0783398 0.0127128 0.9945924
1740549267.334967 -2.0646236 -1.7656499 7.5829406 0.0663106 -0.0774089 0.0159574 0.9946638
1740549267.445061 -2.0622499 -1.7630323 7.5822639 0.0641101 -0.0788546 0.0176841 0.9946653
1740549267.552365 -2.0536766 -1.7661210 7.5877705 0.0609280 -0.0816536 0.0173063 0.9946461
1740549267.661482 -2.0500953 -1.7767903 7.5984716 0.0586664 -0.0824317 0.0156785 0.9947450
1740549267.768708 -2.0471556 -1.7839782 7.6018028 0.0552109 -0.0832274 0.0156176 0.9948775
1740549267.872925 -2.0357556 -1.7822214 7.6062746 0.0535095 -0.0859427 0.0167121 0.9947218
1740549267.985890 -2.0237229 -1.7942561 7.6204739 0.0508959 -0.0928018 0.0166437 0.9942437
1740549268.087673 -2.0226438 -1.8085411 7.6494603 0.0512660 -0.0946700 0.0178237 0.9940280
1740549268.199156 -2.0136862 -1.8155720 7.6595669 0.0493871 -0.0979711 0.0163564 0.9938285
1740549268.301659 -1.9993671 -1.8100346 7.6809683 0.0511192 -0.1032619 0.0164999 0.9932027
1740549268.411860 -2.0050337 -1.8059896 7.7201385 0.0547718 -0.1045637 0.0168347 0.9928661
1740549268.522716 -2.0017209 -1.8181692 7.7474089 0.0495650 -0.1077455 0.0152884 0.9928245
1740549268.629236 -1.9925096 -1.8181322 7.7603912 0.0495985 -0.1127278 0.0145413 0.9922807
1740549268.739521 -1.9865050 -1.8145881 7.7814870 0.0498390 -0.1160221 0.0150828 0.9918808
1740549268.845612 -1.9809388 -1.8097661 7.7965479 0.0504954 -0.1189072 0.0151900 0.9915042
1740549268.956918 -1.9759650 -1.8143098 7.8176889 0.0476187 -0.1229024 0.0145759 0.9911685
1740549269.062860 -1.9744885 -1.8161596 7.8549376 0.0470391 -0.1261355 0.0166261 0.9907577
1740549269.173459 -1.9740963 -1.8173656 7.8932571 0.0479840 -0.1290540 0.0173669 0.9903237
1740549269.284215 -1.9806653 -1.8195982 7.9398942 0.0465757 -0.1287784 0.0155487 0.9904570
1740549269.387496 -1.9813330 -1.8151159 7.9738331 0.0470977 -0.1317960 0.0151880 0.9900409
1740549269.503579 -1.9919306 -1.8145515 8.0402927 0.0461023 -0.1330821 0.0151620 0.9899161
1740549269.605782 -2.0015655 -1.8164506 8.0999594 0.0439239 -0.1348103 0.0153502 0.9897784
1740549269.725690 -2.0206556 -1.8209441 8.1636314 0.0441182 -0.1352144 0.0149459 0.9897208
1740549269.831989 -2.0399020 -1.8261706 8.2319851 0.0423997 -0.1353012 0.0150184 0.9897830
1740549269.945956 -2.0551190 -1.8091267 8.3077869 0.0417374 -0.1357089 0.0149684 0.9897560
1740549270.053911 -2.1020424 -1.8091201 8.3634501 0.0407412 -0.1341676 0.0146575 0.9900123
1740549270.163451 -2.1353447 -1.8023216 8.4337292 0.0393257 -0.1338456 0.0144553 0.9901161
1740549270.268697 -2.1629930 -1.7902750 8.4979725 0.0391354 -0.1332668 0.0142454 0.9902048
1740549270.371222 -2.1759591 -1.7839226 8.5825996 0.0375990 -0.1337241 0.0145866 0.9901977
1740549270.481408 -2.2359250 -1.7735413 8.6553783 0.0363000 -0.1322166 0.0137413 0.9904606
1740549270.589054 -2.2708635 -1.7659787 8.7313204 0.0349563 -0.1311204 0.0137713 0.9906543
1740549270.701936 -2.2841117 -1.7597549 8.8156710 0.0344640 -0.1310498 0.0136553 0.9906824
1740549270.805598 -2.3126125 -1.7571350 8.9010334 0.0330767 -0.1301040 0.0137308 0.9908533
1740549270.919710 -2.3385749 -1.7660887 8.9814196 0.0322016 -0.1285018 0.0139082 0.9910888
1740549271.023974 -2.3485777 -1.7865596 9.0648165 0.0313418 -0.1273828 0.0131845 0.9912707
1740549271.131796 -2.3637717 -1.7894996 9.1434422 0.0310148 -0.1254657 0.0134864 0.9915214
1740549271.241824 -2.3622200 -1.8006867 9.2320318 0.0307118 -0.1243254 0.0136446 0.9916722
1740549271.348965 -2.3710048 -1.8101782 9.3133802 0.0301740 -0.1228095 0.0136542 0.9918775
1740549271.457867 -2.3894210 -1.8249446 9.3976860 0.0295226 -0.1212439 0.0134854 0.9920920
1740549271.569028 -2.4046650 -1.8338133 9.4787588 0.0291506 -0.1197940 0.0132613 0.9922822
1740549271.677947 -2.4259479 -1.8301173 9.5604935 0.0293178 -0.1187577 0.0136500 0.9923965
1740549271.786739 -2.4520497 -1.8209544 9.6378918 0.0295291 -0.1173288 0.0134626 0.9925627
1740549271.892102 -2.4789727 -1.8246568 9.7181969 0.0286507 -0.1160259 0.0128670 0.9927495
1740549272.008473 -2.5040345 -1.8434019 9.7973833 0.0278995 -0.1150860 0.0131559 0.9928765
1740549272.119118 -2.5098991 -1.8456252 9.8864641 0.0281732 -0.1152856 0.0131278 0.9928460
1740549272.229434 -2.5139999 -1.8539649 9.9725723 0.0271467 -0.1153529 0.0132827 0.9928647
1740549272.337147 -2.5370796 -1.8558837 10.0522642 0.0263545 -0.1153328 0.0127537 0.9928953
1740549272.447928 -2.5697811 -1.8631718 10.1354895 0.0254782 -0.1152219 0.0124275 0.9929352
1740549272.557405 -2.5887477 -1.8748338 10.2166996 0.0242321 -0.1161292 0.0127562 0.9928566
1740549272.671578 -2.6228759 -1.8815755 10.2901268 0.0224522 -0.1166951 0.0122975 0.9928378
1740549272.774707 -2.6449099 -1.8880638 10.3707829 0.0207141 -0.1180067 0.0123926 0.9927194
1740549272.881592 -2.6627679 -1.8865834 10.4534683 0.0192566 -0.1196339 0.0120127 0.9925587
1740549272.990589 -2.6836214 -1.8715762 10.5351152 0.0189793 -0.1214654 0.0114670 0.9923480
1740549273.096813 -2.7042303 -1.8822064 10.6148348 0.0161387 -0.1236598 0.0115111 0.9921266
1740549273.207905 -2.7251019 -1.8817638 10.6980009 0.0141830 -0.1258014 0.0109317 0.9918938
1740549273.313915 -2.7513869 -1.8921152 10.7775326 0.0113668 -0.1281015 0.0110374 0.9916345
1740549273.425450 -2.7617111 -1.8887728 10.8636217 0.0098976 -0.1313023 0.0104455 0.9912379
1740549273.536518 -2.7905848 -1.8971932 10.9427528 0.0068017 -0.1340040 0.0104588 0.9909022
1740549273.638796 -2.8287904 -1.8887124 11.0204248 0.0046463 -0.1364959 0.0098506 0.9905807
1740549273.752428 -2.8625290 -1.8777069 11.0907021 0.0023877 -0.1393888 0.0096088 0.9901882
1740549273.855634 -2.8892438 -1.8658965 11.1732750 -0.0000966 -0.1423310 0.0096401 0.9897722
1740549273.976316 -2.9168904 -1.8591895 11.2518940 -0.0022631 -0.1453791 0.0089652 0.9893329
1740549274.082362 -2.9409437 -1.8607279 11.3350697 -0.0048110 -0.1486401 0.0087002 0.9888414
1740549274.199285 -2.9662423 -1.8612962 11.4166269 -0.0066218 -0.1519283 0.0083042 0.9883345
1740549274.304178 -3.0040832 -1.8643098 11.4943438 -0.0088760 -0.1548254 0.0082982 0.9878671
1740549274.420356 -3.0325389 -1.8613353 11.5737648 -0.0108331 -0.1580660 0.0076424 0.9873396
1740549274.522755 -3.0480134 -1.8497288 11.6567516 -0.0121971 -0.1617177 0.0075015 0.9867332
1740549274.631601 -3.0794218 -1.8414489 11.7327518 -0.0134959 -0.1647823 0.0075432 0.9862088
1740549274.739918 -3.1118553 -1.8406491 11.8105412 -0.0149484 -0.1679859 0.0073026 0.9856490
1740549274.845216 -3.1477809 -1.8226857 11.8861952 -0.0157019 -0.1710600 0.0068977 0.9851114
1740549274.957202 -3.1827710 -1.8350365 11.9666481 -0.0180354 -0.1742846 0.0071400 0.9845042
1740549275.062030 -3.2170470 -1.8299861 12.0447025 -0.0187289 -0.1776347 0.0073657 0.9838907
1740549275.172277 -3.2513196 -1.8294944 12.1223049 -0.0198252 -0.1811783 0.0067162 0.9832275
1740549275.276822 -3.2767229 -1.8244983 12.2026100 -0.0206660 -0.1849432 0.0063562 0.9825113
1740549275.381979 -3.3185616 -1.8236297 12.2788782 -0.0219277 -0.1881358 0.0064314 0.9818771
1740549275.490162 -3.3520131 -1.8265237 12.3572292 -0.0230858 -0.1916217 0.0060320 0.9811788
1740549275.594086 -3.3857934 -1.8277435 12.4300928 -0.0246036 -0.1955269 0.0058638 0.9803721
1740549275.703932 -3.4228411 -1.8293338 12.5088663 -0.0257275 -0.1990099 0.0056751 0.9796433
1740549275.807989 -3.4609499 -1.8251929 12.5868092 -0.0270894 -0.2024297 0.0056348 0.9789059
1740549275.922418 -3.4908895 -1.8214577 12.6649122 -0.0287845 -0.2061955 0.0050339 0.9780744
1740549276.024236 -3.5305367 -1.8097000 12.7345772 -0.0305742 -0.2091548 0.0046608 0.9773934
1740549276.129777 -3.5731697 -1.8148105 12.8101788 -0.0328680 -0.2124772 0.0044476 0.9766030
1740549276.237948 -3.6107385 -1.8275151 12.8837500 -0.0364857 -0.2156093 0.0037805 0.9757906
1740549276.340616 -3.6573775 -1.8170836 12.9500237 -0.0389690 -0.2184492 0.0032704 0.9750645
1740549276.451213 -3.6902838 -1.8194360 13.0223389 -0.0427173 -0.2218535 0.0027236 0.9741400
1740549276.552721 -3.7438207 -1.8066067 13.0941248 -0.0452516 -0.2244497 0.0024354 0.9734314
1740549276.670122 -3.7736132 -1.7909029 13.1762304 -0.0477532 -0.2279995 0.0021165 0.9724872
1740549276.771581 -3.8158658 -1.7873089 13.2453747 -0.0514102 -0.2307810 0.0010988 0.9716460
1740549276.874318 -3.8665109 -1.7727138 13.3045340 -0.0556341 -0.2331035 0.0004376 0.9708591
1740549276.985571 -3.9111633 -1.7654233 13.3725367 -0.0593779 -0.2355869 -0.0004073 0.9700376
1740549277.088697 -3.9629929 -1.7595352 13.4325790 -0.0641450 -0.2376221 -0.0014524 0.9692363
1740549277.198758 -4.0122294 -1.7391740 13.5038033 -0.0674378 -0.2402360 -0.0019140 0.9683673
1740549277.304398 -4.0559111 -1.7188399 13.5734749 -0.0710386 -0.2424992 -0.0026754 0.9675435
1740549277.420695 -4.1022439 -1.7126993 13.6447210 -0.0750684 -0.2444869 -0.0033309 0.9667367
1740549277.521039 -4.1476269 -1.6943520 13.7141552 -0.0783187 -0.2464997 -0.0042718 0.9659637
1740549277.623029 -4.1828289 -1.6651952 13.7881718 -0.0810478 -0.2484917 -0.0048949 0.9652249
1740549277.729387 -4.2333555 -1.6562788 13.8549423 -0.0845961 -0.2497730 -0.0056645 0.9645854
1740549277.830966 -4.2831235 -1.6354465 13.9216995 -0.0878247 -0.2507052 -0.0066673 0.9640484
1740549278.154196 -4.4148498 -1.5748531 14.1321611 -0.0961670 -0.2519779 -0.0086276 0.9629043
1740549278.259244 -4.4584651 -1.5416272 14.1998310 -0.0984310 -0.2516927 -0.0089207 0.9627474
1740549278.361788 -4.5045819 -1.5166903 14.2709465 -0.1004639 -0.2510816 -0.0094562 0.9626919
1740549278.478889 -4.5453696 -1.4891117 14.3428555 -0.1021021 -0.2501492 -0.0101508 0.9627552
1740549278.580418 -4.5957484 -1.4774622 14.4075251 -0.1046799 -0.2484006 -0.0107362 0.9629247
1740549278.695780 -4.6328549 -1.4505442 14.4799538 -0.1064253 -0.2466677 -0.0112484 0.9631730
1740549278.799637 -4.6745582 -1.4385273 14.5519962 -0.1085872 -0.2445567 -0.0118735 0.9634624
1740549278.900554 -4.7087035 -1.4283108 14.6316853 -0.1105261 -0.2424677 -0.0129223 0.9637564
1740549279.011971 -4.7536025 -1.4142902 14.7011890 -0.1130911 -0.2397694 -0.0137519 0.9641224
1740549279.112776 -4.7779574 -1.4042468 14.7844086 -0.1152431 -0.2375012 -0.0148223 0.9644130
1740549279.230314 -4.8162465 -1.4079934 14.8542337 -0.1192041 -0.2345975 -0.0159945 0.9646236
1740549279.334284 -4.8589025 -1.3937100 14.9279032 -0.1222313 -0.2317674 -0.0169053 0.9649133
1740549279.441078 -4.8978333 -1.3778605 15.0061522 -0.1256117 -0.2289843 -0.0181006 0.9651219
1740549279.543462 -4.9245348 -1.3624473 15.0887966 -0.1301128 -0.2267487 -0.0194645 0.9650269
1740549279.645031 -4.9534893 -1.3416789 15.1655912 -0.1350145 -0.2243275 -0.0209594 0.9648880
1740549279.754027 -4.9883604 -1.3190221 15.2397127 -0.1406216 -0.2219573 -0.0224477 0.9646018
1740549279.854587 -5.0045834 -1.2926575 15.3216629 -0.1467788 -0.2205293 -0.0242573 0.9639680
1740549279.960918 -5.0288000 -1.2708235 15.4020863 -0.1537212 -0.2192734 -0.0262447 0.9631200
1740549280.062194 -5.0524826 -1.2418025 15.4800625 -0.1611026 -0.2184138 -0.0280470 0.9620576
1740549280.174299 -5.0818505 -1.2096546 15.5531931 -0.1692353 -0.2179460 -0.0297885 0.9607141
1740549280.280243 -5.1080813 -1.1730407 15.6250210 -0.1779025 -0.2180786 -0.0319070 0.9590487
1740549280.384575 -5.1360812 -1.1344162 15.6976614 -0.1871808 -0.2188560 -0.0339054 0.9570349
1740549280.490808 -5.1608133 -1.0923878 15.7665491 -0.1970029 -0.2203721 -0.0358625 0.9546412
1740549280.592288 -5.1894159 -1.0461971 15.8271275 -0.2072236 -0.2219186 -0.0378298 0.9520396
1740549280.708160 -5.2196670 -0.9959968 15.8869658 -0.2176338 -0.2244834 -0.0396256 0.9490377
1740549280.810327 -5.2475572 -0.9340875 15.9408722 -0.2279627 -0.2274616 -0.0412573 0.9458288
1740549280.927324 -5.2833867 -0.8775026 15.9941816 -0.2385464 -0.2308391 -0.0430112 0.9423158
1740549281.032441 -5.3074441 -0.8097106 16.0491562 -0.2483599 -0.2349003 -0.0442220 0.9387138
1740549281.139946 -5.3547087 -0.7563784 16.0944405 -0.2590751 -0.2387538 -0.0458918 0.9347570
1740549281.247044 -5.3968458 -0.7009630 16.1405659 -0.2691130 -0.2427910 -0.0470404 0.9308158
1740549281.351709 -5.4420848 -0.6442966 16.1857300 -0.2783524 -0.2470386 -0.0480978 0.9269188
1740549281.457959 -5.4928050 -0.5925975 16.2314148 -0.2872631 -0.2511835 -0.0494561 0.9230064
1740549281.558990 -5.5384045 -0.5490947 16.2756958 -0.2959231 -0.2553246 -0.0505136 0.9190687
1740549281.681834 -5.5938406 -0.4975357 16.3208923 -0.3039397 -0.2593805 -0.0513085 0.9152650
1740549281.782199 -5.6434503 -0.4459729 16.3670197 -0.3108368 -0.2634690 -0.0521174 0.9117282
1740549281.887145 -5.6927795 -0.3905985 16.4065228 -0.3169668 -0.2671540 -0.0523346 0.9085273
1740549281.992620 -5.7421856 -0.3368869 16.4533730 -0.3226352 -0.2705547 -0.0525629 0.9055076
1740549282.095156 -5.7912736 -0.2790360 16.4961147 -0.3278799 -0.2734358 -0.0527040 0.9027458
1740549282.204718 -5.8315992 -0.2169149 16.5452175 -0.3316295 -0.2766467 -0.0527097 0.9003945
1740549282.306424 -5.8736858 -0.1617062 16.5894241 -0.3357472 -0.2785715 -0.0531363 0.8982474
1740549282.412904 -5.9074688 -0.1023309 16.6395760 -0.3388654 -0.2805187 -0.0531505 0.8964678
1740549282.520959 -5.9375548 -0.0454109 16.6949062 -0.3415231 -0.2822511 -0.0533046 0.8949050
1740549282.621267 -5.9681740 0.0134206 16.7434025 -0.3434457 -0.2833849 -0.0534134 0.8938037
1740549282.738522 -5.9889269 0.0826182 16.7951908 -0.3445207 -0.2846418 -0.0529735 0.8930165
1740549283.167431 -6.1226549 0.3106945 17.0120850 -0.3450788 -0.2874199 -0.0519231 0.8919722
1740549283.370974 -6.2221174 0.4110816 17.1123848 -0.3432981 -0.2882859 -0.0512987 0.8924159
1740549283.590899 -6.3135481 0.5121195 17.2122383 -0.3408760 -0.2888748 -0.0502295 0.8932143
1740549284.005464 -6.5116320 0.7011607 17.4182625 -0.3347638 -0.2895487 -0.0480528 0.8954248
1740549284.211454 -6.5937281 0.8084555 17.5256481 -0.3315858 -0.2895886 -0.0468777 0.8966559
1740549284.417598 -6.6754251 0.9132347 17.6344318 -0.3288466 -0.2890633 -0.0463772 0.8978594
1740549284.741471 -6.7945280 1.0608668 17.8026733 -0.3263373 -0.2877099 -0.0466400 0.8991950
1740549285.145158 -6.9499836 1.2773099 18.0182228 -0.3245162 -0.2843999 -0.0470434 0.9008844
1740549285.459472 -7.0620785 1.4335301 18.1858177 -0.3248000 -0.2810972 -0.0485693 0.9017375
1740549285.762898 -7.1732993 1.5945050 18.3492661 -0.3255929 -0.2785994 -0.0495164 0.9021751
1740549286.066521 -7.2987032 1.7497152 18.5140800 -0.3265305 -0.2771245 -0.0501216 0.9022570
1740549286.373436 -7.4206758 1.9107809 18.6686554 -0.3272945 -0.2765882 -0.0506904 0.9021130
1740549286.680857 -7.5355511 2.0762267 18.8314781 -0.3270403 -0.2786063 -0.0499815 0.9016235
1740549286.879972 -7.6148472 2.1894815 18.9327583 -0.3263645 -0.2803934 -0.0487405 0.9013823
1740549287.086314 -7.6925097 2.2987981 19.0368423 -0.3247442 -0.2836547 -0.0473352 0.9010220
1740549287.289538 -7.7708459 2.4072104 19.1336441 -0.3220262 -0.2876813 -0.0448219 0.9008494
1740549287.385593 -7.8188581 2.4522185 19.1637383 -0.3203221 -0.2884625 -0.0440199 0.9012465
1740549287.592160 -7.9278831 2.5495765 19.2413330 -0.3175066 -0.2929272 -0.0406986 0.9009589
1740549287.693419 -7.9747977 2.5933204 19.2914734 -0.3154645 -0.2960601 -0.0391827 0.9007193
1740549287.889558 -8.0553627 2.6897342 19.4155350 -0.3106683 -0.3054774 -0.0344197 0.8994354
1740549287.992471 -8.1028910 2.7317450 19.4611034 -0.3088847 -0.3096301 -0.0309628 0.8987551
1740549288.089289 -8.1554699 2.7743263 19.5068893 -0.3056815 -0.3141118 -0.0285694 0.8983743
1740549288.197438 -8.2139759 2.8159935 19.5395203 -0.3028440 -0.3176057 -0.0261839 0.8981795
1740549288.291635 -8.2837811 2.8489861 19.5791893 -0.3004191 -0.3224484 -0.0242243 0.8973230
1740549288.391193 -8.3462105 2.8830130 19.6053047 -0.2983598 -0.3258305 -0.0197350 0.8968983
1740549288.494937 -8.4065495 2.9195466 19.6410980 -0.2958377 -0.3303986 -0.0172079 0.8961143
1740549288.592489 -8.4625797 2.9663994 19.6707153 -0.2933407 -0.3362477 -0.0138377 0.8948169
1740549288.698860 -8.5167255 3.0009470 19.7117844 -0.2911960 -0.3423193 -0.0092068 0.8932735
1740549288.797127 -8.5772772 3.0234857 19.7394238 -0.2901308 -0.3475927 -0.0071631 0.8916008
1740549288.897335 -8.6507645 3.0555925 19.7759399 -0.2882038 -0.3530327 -0.0040493 0.8901069
1740549289.006475 -8.7154875 3.0783541 19.8105659 -0.2869881 -0.3584262 -0.0010151 0.8883510
1740549289.104227 -8.7855520 3.1096723 19.8371315 -0.2860408 -0.3642939 0.0038527 0.8862595
1740549289.209496 -8.8369284 3.1283574 19.8573608 -0.2854668 -0.3698453 0.0060060 0.8841307
1740549289.304954 -8.8424664 3.1228542 19.8630791 -0.2877611 -0.3759159 0.0087542 0.8807974
1740549289.400922 -8.8575153 3.1302648 19.8687897 -0.2869726 -0.3827417 0.0114119 0.8780805
1740549289.504022 -8.8951416 3.1495073 19.8861351 -0.2861368 -0.3877309 0.0151304 0.8761059
1740549289.598783 -8.9437866 3.1726754 19.9123573 -0.2836413 -0.3938343 0.0168926 0.8741607
1740549289.715100 -8.9981422 3.1986678 19.9345169 -0.2837169 -0.4007410 0.0198084 0.8709300
1740549289.808499 -9.0423317 3.2070553 19.9594078 -0.2849450 -0.4070858 0.0229280 0.8675032
1740549289.905711 -9.0991869 3.2246583 19.9838390 -0.2869455 -0.4126811 0.0248396 0.8641410
1740549290.006483 -9.1461010 3.2399201 20.0095253 -0.2885638 -0.4192089 0.0261600 0.8604130
1740549290.104238 -9.1738968 3.2540462 20.0278397 -0.2904217 -0.4268710 0.0285892 0.8559317
1740549290.207450 -9.2413855 3.2788162 20.0494747 -0.2909391 -0.4323302 0.0306812 0.8529383
1740549290.303451 -9.3146744 3.3120389 20.0764904 -0.2911244 -0.4371452 0.0333660 0.8503160
1740549290.399574 -9.3554688 3.3358998 20.0951004 -0.2909154 -0.4437388 0.0351978 0.8468915
1740549290.505640 -9.3770933 3.3454304 20.1044617 -0.2926231 -0.4496638 0.0361825 0.8431281
1740549290.601094 -9.3861694 3.3517017 20.1100063 -0.2928311 -0.4551736 0.0398902 0.8399260
1740549290.702356 -9.3984241 3.3553114 20.1151810 -0.2954530 -0.4605329 0.0424280 0.8359526
1740549290.803065 -9.4347553 3.3651872 20.1271782 -0.2971395 -0.4661036 0.0425069 0.8322552
1740549290.900788 -9.4807158 3.3743165 20.1456699 -0.2990732 -0.4726966 0.0440996 0.8277490
1740549291.005342 -9.5262623 3.3853598 20.1634636 -0.3007246 -0.4790597 0.0449302 0.8234366
1740549291.100734 -9.5721798 3.4006004 20.1818848 -0.3023518 -0.4849278 0.0468105 0.8192906
1740549291.202421 -9.6123285 3.4232635 20.2001209 -0.3034351 -0.4916690 0.0479014 0.8147970
1740549291.303473 -9.6576662 3.4402304 20.2189732 -0.3045756 -0.4977879 0.0492000 0.8105679
1740549291.398593 -9.6961985 3.4435687 20.2433434 -0.3082495 -0.5035937 0.0497668 0.8055426
1740549291.501949 -9.7373533 3.4626844 20.2741718 -0.3097458 -0.5095462 0.0501166 0.8011919
1740549291.598457 -9.7730494 3.4776790 20.2938805 -0.3114720 -0.5156075 0.0508685 0.7965842
1740549291.694429 -9.8232269 3.4942920 20.3106880 -0.3139928 -0.5201740 0.0503219 0.7926508
1740549291.798222 -9.8595133 3.5029314 20.3296242 -0.3165633 -0.5262539 0.0509209 0.7875605
1740549291.894101 -9.9045095 3.5131154 20.3408966 -0.3182662 -0.5319551 0.0523937 0.7829338
1740549291.995358 -9.9460630 3.5298719 20.3656502 -0.3195337 -0.5383380 0.0540828 0.7779239
1740549292.092174 -9.9942970 3.5343421 20.3781776 -0.3227940 -0.5427923 0.0556981 0.7733552
1740549292.187503 -10.0370483 3.5439217 20.3880234 -0.3253865 -0.5478883 0.0558228 0.7686520
1740549292.290125 -10.0555210 3.5611019 20.4174843 -0.3269460 -0.5548449 0.0565414 0.7629264
1740549292.387806 -10.1052065 3.5798943 20.4307613 -0.3276519 -0.5605673 0.0571648 0.7583804
1740549292.492801 -10.1149092 3.5672278 20.4692726 -0.3332155 -0.5667176 0.0553342 0.7514898
1740549292.609193 -10.1397610 3.5843430 20.4827690 -0.3338802 -0.5730780 0.0563418 0.7462783
1740549292.717735 -10.1789703 3.6003852 20.4914818 -0.3349135 -0.5782828 0.0577511 0.7416784
1740549292.810892 -10.1949959 3.6018229 20.5274525 -0.3388376 -0.5853010 0.0578169 0.7343494
1740549292.909277 -10.2293835 3.5613036 20.5524120 -0.3453178 -0.5889903 0.0540458 0.7286460
1740549293.012176 -10.2932472 3.5898690 20.5536270 -0.3464597 -0.5918471 0.0540536 0.7257829
1740549293.106518 -10.3389721 3.6087565 20.5771942 -0.3494457 -0.5962822 0.0532699 0.7207618
1740549293.217199 -10.3668499 3.6099815 20.5732346 -0.3517910 -0.5992705 0.0516629 0.7172509
1740549293.310283 -10.3790512 3.6284795 20.5800705 -0.3505131 -0.6055749 0.0533439 0.7124423
1740549293.408849 -10.3905306 3.6556768 20.6087990 -0.3510894 -0.6120961 0.0531893 0.7065730
1740549293.509835 -10.4392624 3.6805458 20.6061172 -0.3516628 -0.6155050 0.0513472 0.7034560
1740549293.602164 -10.4965029 3.7016268 20.6029282 -0.3535424 -0.6182353 0.0504440 0.7001774
1740549293.700606 -10.5422134 3.7162962 20.5950089 -0.3544540 -0.6191320 0.0507319 0.6989021
1740549293.800667 -10.5771418 3.7306695 20.5883293 -0.3545762 -0.6196875 0.0514655 0.6982940
1740549293.897613 -10.5957832 3.7387109 20.5847130 -0.3563060 -0.6197115 0.0510495 0.6974221
1740549293.998543 -10.6098909 3.7435708 20.5751991 -0.3577346 -0.6181348 0.0505955 0.6981229
1740549294.094358 -10.6593313 3.7478547 20.5888710 -0.3608703 -0.6199085 0.0480900 0.6951067
1740549294.189369 -10.7155666 3.7738810 20.6029854 -0.3634790 -0.6214557 0.0474222 0.6924067
1740549294.293666 -10.7589855 3.7972789 20.5996456 -0.3624786 -0.6221922 0.0467313 0.6923166
1740549294.389078 -10.7998619 3.8237619 20.6049690 -0.3633999 -0.6244398 0.0469736 0.6897891
1740549294.493435 -10.8721991 3.8532147 20.6056366 -0.3652455 -0.6250418 0.0458381 0.6883439
1740549294.592435 -10.9088354 3.8711095 20.5914021 -0.3650177 -0.6253562 0.0446273 0.6882588
1740549294.685621 -10.9018135 3.8612828 20.5985909 -0.3681434 -0.6240037 0.0438581 0.6878709
1740549294.786316 -10.9010706 3.8602405 20.5994186 -0.3681298 -0.6235103 0.0436619 0.6883379
1740549294.882446 -10.8945274 3.8599086 20.5975380 -0.3684341 -0.6225278 0.0424093 0.6891422
1740549294.992398 -10.9556971 3.8848615 20.5925083 -0.3695782 -0.6227978 0.0422837 0.6882927
1740549295.092180 -11.0253811 3.9246349 20.5812950 -0.3706612 -0.6231423 0.0409512 0.6874788
1740549295.186396 -11.0784998 3.9507542 20.5736656 -0.3723203 -0.6219087 0.0392388 0.6877992
1740549295.288744 -11.1569071 3.9748383 20.5605049 -0.3742706 -0.6213748 0.0378357 0.6873015
1740549295.382465 -11.2089434 3.9983659 20.5447235 -0.3753482 -0.6202862 0.0357618 0.6878080
1740549295.486177 -11.2626295 4.0323644 20.5315628 -0.3749539 -0.6197658 0.0355072 0.6885050
1740549295.583675 -11.3115168 4.0559759 20.5383148 -0.3768369 -0.6203511 0.0334016 0.6870537
1740549295.678921 -11.3787918 4.0717015 20.5239944 -0.3783960 -0.6182526 0.0309366 0.6882029
1740549295.779618 -11.4412060 4.0977988 20.5113792 -0.3793267 -0.6163101 0.0302300 0.6894630
1740549295.875962 -11.5138178 4.1319437 20.5272179 -0.3827762 -0.6160569 0.0279168 0.6878785
1740549295.974516 -11.5456276 4.1514120 20.5176620 -0.3850677 -0.6135423 0.0268528 0.6888887
1740549296.071966 -11.6010647 4.1885266 20.5072155 -0.3852351 -0.6122410 0.0255774 0.6900005
1740549296.165417 -11.6723499 4.2131038 20.4979134 -0.3873069 -0.6099824 0.0235931 0.6909112
1740549296.266658 -11.7388096 4.2401886 20.4913826 -0.3885618 -0.6081440 0.0213368 0.6918998
1740549296.362383 -11.7873411 4.2672319 20.4911022 -0.3893961 -0.6067669 0.0200345 0.6926783
1740549296.471350 -11.8504105 4.3016243 20.4713821 -0.3891895 -0.6052203 0.0186102 0.6941856
1740549296.564432 -11.8866358 4.3159504 20.4666271 -0.3924772 -0.6025817 0.0147974 0.6947215
1740549296.661092 -11.8995333 4.3100667 20.4726028 -0.3953575 -0.6003273 0.0106933 0.6951153
1740549296.762825 -11.9180355 4.3269334 20.4735222 -0.3961084 -0.5995789 0.0080799 0.6953690
1740549296.859413 -11.9283409 4.3382387 20.4692974 -0.3975891 -0.5983453 0.0068440 0.6955997
1740549296.980966 -11.9364433 4.3446226 20.4764328 -0.3998892 -0.5978577 0.0048423 0.6947167
1740549297.075191 -11.9487476 4.3483267 20.4763184 -0.3988995 -0.5976011 0.0006707 0.6955225
1740549297.170837 -11.9215679 4.3385959 20.4642906 -0.4007177 -0.5950747 0.0036188 0.6966336
1740549297.274362 -11.9407349 4.3498917 20.4663811 -0.4015462 -0.5956933 -0.0002621 0.6956366
1740549297.375368 -11.9899464 4.3871503 20.4449883 -0.4011193 -0.5959198 -0.0008798 0.6956882
1740549297.672148 -11.9779129 4.3774071 20.4707870 -0.4057658 -0.5964128 -0.0080150 0.6925184
1740549297.773764 -11.9801006 4.3784161 20.4756145 -0.4082536 -0.5966696 -0.0106242 0.6907979
1740549297.868078 -11.9590721 4.3675394 20.4818764 -0.4112859 -0.5953851 -0.0112438 0.6900972
1740549297.967599 -11.9589825 4.3677406 20.4820671 -0.4132867 -0.5959447 -0.0115897 0.6884110
1740549298.066737 -11.9522152 4.3628063 20.4856701 -0.4164535 -0.5963155 -0.0133913 0.6861451
1740549298.162712 -11.9546013 4.3640842 20.4837608 -0.4188586 -0.5959435 -0.0121599 0.6850262
1740549298.263356 -11.9444227 4.3548374 20.4877052 -0.4189380 -0.5972419 -0.0145510 0.6837992
1740549298.361168 -11.9478331 4.3394070 20.4846745 -0.4237515 -0.5960616 -0.0183274 0.6817693
1740549298.454088 -11.9574585 4.3425932 20.4846497 -0.4269577 -0.5973598 -0.0194573 0.6785939
1740549298.560097 -11.9320469 4.3403521 20.4860039 -0.4280852 -0.5987623 -0.0165253 0.6767227
1740549298.652749 -11.9318743 4.3404284 20.4846592 -0.4278549 -0.6002227 -0.0176482 0.6755453
1740549298.758802 -11.9470778 4.3683929 20.4858379 -0.4317909 -0.6026145 -0.0162161 0.6709318
1740549298.853860 -11.9514351 4.3684683 20.4821262 -0.4307147 -0.6038426 -0.0185238 0.6704596
1740549298.950721 -11.9591026 4.3769894 20.4812546 -0.4337690 -0.6050167 -0.0172542 0.6674590
1740549299.057134 -11.9581013 4.3833866 20.4837112 -0.4338894 -0.6076715 -0.0172795 0.6649637
1740549299.150655 -11.9610405 4.3865986 20.4852142 -0.4376861 -0.6078462 -0.0163839 0.6623334
1740549299.253515 -11.9714699 4.3897333 20.4830093 -0.4417098 -0.6070036 -0.0171687 0.6604123
1740549299.351739 -11.9829969 4.3640060 20.4948425 -0.4451004 -0.6074524 -0.0267409 0.6573980
1740549299.448413 -11.9751549 4.3594179 20.4787903 -0.4434047 -0.6042309 -0.0289225 0.6614082
1740549299.549379 -11.9968376 4.3571568 20.4689445 -0.4468257 -0.6024252 -0.0349623 0.6604607
1740549299.644778 -12.0023909 4.3638449 20.4611473 -0.4448268 -0.6027624 -0.0353976 0.6614784
1740549299.743444 -11.9863052 4.3516941 20.4550858 -0.4452292 -0.6006976 -0.0395627 0.6628485
1740549299.844149 -12.0299301 4.3695908 20.4351997 -0.4482922 -0.5988116 -0.0425093 0.6623079
1740549299.937886 -12.0912132 4.3923206 20.4233780 -0.4504158 -0.5980261 -0.0462230 0.6613274
1740549300.050458 -12.1375103 4.4051275 20.4079056 -0.4511470 -0.5968445 -0.0490472 0.6616928
1740549300.149445 -12.1821356 4.4192066 20.3937950 -0.4542380 -0.5949258 -0.0537237 0.6609425
1740549300.249957 -12.2197208 4.4343357 20.3830204 -0.4549969 -0.5945531 -0.0564944 0.6605247
1740549300.346733 -12.2610226 4.4637709 20.3646431 -0.4529797 -0.5951064 -0.0575811 0.6613185
1740549300.442458 -12.2816725 4.4804430 20.3653221 -0.4534407 -0.5964077 -0.0578427 0.6598058
1740549300.543804 -12.3124371 4.4962454 20.3596382 -0.4527902 -0.5966300 -0.0606680 0.6597978
1740549300.639282 -12.3640728 4.5154333 20.3425694 -0.4537594 -0.5948743 -0.0629275 0.6605052
1740549300.737750 -12.4126949 4.5417366 20.3254929 -0.4538904 -0.5945295 -0.0648996 0.6605349
1740549300.835093 -12.4556189 4.5659571 20.3123360 -0.4538954 -0.5944611 -0.0667104 0.6604125
1740549300.930372 -12.4922695 4.5896225 20.2982788 -0.4526364 -0.5940253 -0.0682375 0.6615120
1740549301.030374 -12.5136471 4.6086721 20.2833481 -0.4513385 -0.5951205 -0.0676321 0.6614764
1740549301.129785 -12.5521011 4.6342096 20.2671318 -0.4507743 -0.5949121 -0.0685134 0.6619578
1740549301.239557 -12.6170940 4.6711683 20.2454262 -0.4512715 -0.5956061 -0.0700193 0.6608363
1740549301.334433 -12.6726646 4.6982880 20.2357807 -0.4510929 -0.5960156 -0.0725861 0.6603119
1740549301.430979 -12.7369595 4.7294760 20.2221584 -0.4510818 -0.5973768 -0.0730674 0.6590353
1740549301.531142 -12.7993641 4.7614126 20.2123566 -0.4525667 -0.5989428 -0.0718078 0.6567302
1740549301.626045 -12.8653555 4.7927732 20.1972294 -0.4524299 -0.5998968 -0.0722893 0.6559005
1740549301.725644 -12.9234295 4.8312263 20.1764374 -0.4518488 -0.6011871 -0.0714452 0.6552117
1740549301.824845 -12.9871435 4.8647442 20.1639862 -0.4537265 -0.6023439 -0.0717907 0.6528096
1740549301.919255 -13.0379658 4.8944035 20.1523037 -0.4535104 -0.6044970 -0.0703042 0.6511291
1740549302.023406 -13.0943489 4.9278822 20.1412525 -0.4543273 -0.6055687 -0.0680904 0.6497976
1740549302.117753 -13.1389008 4.9774790 20.1303406 -0.4530292 -0.6076147 -0.0651990 0.6490902
1740549302.213503 -13.1976299 5.0273190 20.1112938 -0.4521763 -0.6088056 -0.0631194 0.6487744
1740549302.314851 -13.2562065 5.0705557 20.0950699 -0.4513760 -0.6093616 -0.0615833 0.6489574
1740549302.411030 -13.3049755 5.1214323 20.0875130 -0.4500863 -0.6115088 -0.0586721 0.6481025
1740549302.516988 -13.3521118 5.1766100 20.0877762 -0.4483448 -0.6134920 -0.0560902 0.6476638
1740549302.612941 -13.4002151 5.2280035 20.0988560 -0.4489578 -0.6155032 -0.0527407 0.6456092
1740549302.708834 -13.4504805 5.2723455 20.0791092 -0.4479172 -0.6158928 -0.0513857 0.6460695
1740549302.810282 -13.4809418 5.3000202 20.0659142 -0.4454311 -0.6165168 -0.0497846 0.6473173
1740549302.907686 -13.4931345 5.3198385 20.0579700 -0.4424397 -0.6174536 -0.0479278 0.6486148
1740549303.010164 -13.5003700 5.3302565 20.0486946 -0.4397766 -0.6169158 -0.0490377 0.6508508
1740549303.111071 -13.5142899 5.3297501 20.0472145 -0.4396148 -0.6166528 -0.0498642 0.6511465
1740549303.208871 -13.5343008 5.3476086 20.0491791 -0.4411934 -0.6170187 -0.0458233 0.6500281
1740549303.312117 -13.5433178 5.3503504 20.0447445 -0.4403818 -0.6158643 -0.0457157 0.6516787
1740549303.412203 -13.5514593 5.3546171 20.0433502 -0.4389009 -0.6145232 -0.0447288 0.6540081
1740549303.518413 -13.5576143 5.3649349 20.0430908 -0.4353805 -0.6151688 -0.0457031 0.6556846
1740549303.614825 -13.5728474 5.3726568 20.0292835 -0.4334590 -0.6131750 -0.0457177 0.6588169
1740549303.711148 -13.5732422 5.3706312 20.0295715 -0.4334935 -0.6116177 -0.0452635 0.6602714
1740549303.809779 -13.5821896 5.3702898 20.0329380 -0.4341089 -0.6106909 -0.0451176 0.6607348
1740549303.907280 -13.5971260 5.3735123 20.0343056 -0.4360623 -0.6094011 -0.0448780 0.6606557
1740549304.010442 -13.6051350 5.3785849 20.0306778 -0.4345471 -0.6081284 -0.0446185 0.6628408
1740549304.111298 -13.6118431 5.3855791 20.0271587 -0.4332879 -0.6064006 -0.0413619 0.6654541
1740549304.205697 -13.6186104 5.3912640 20.0287418 -0.4312507 -0.6055915 -0.0418556 0.6674803
1740549304.308294 -13.6262817 5.3982058 20.0297470 -0.4309711 -0.6044560 -0.0412673 0.6687256
1740549304.403594 -13.6301184 5.3992157 20.0299606 -0.4305817 -0.6033520 -0.0405239 0.6700176
1740549304.514164 -13.6321125 5.4002829 20.0289268 -0.4273448 -0.6015265 -0.0414046 0.6736676
1740549304.610258 -13.6353178 5.4029779 20.0258408 -0.4266050 -0.5998077 -0.0385070 0.6758373
1740549304.705424 -13.6407795 5.4116049 20.0397015 -0.4273650 -0.6027368 -0.0386854 0.6727339
1740549304.807549 -13.6450462 5.4170074 20.0407219 -0.4244208 -0.6023312 -0.0397585 0.6748951
1740549304.903268 -13.6561108 5.4229794 20.0416489 -0.4220868 -0.6019977 -0.0393964 0.6766753
1740549305.010092 -13.6608543 5.4279079 20.0444107 -0.4222002 -0.6026791 -0.0378903 0.6760838
1740549305.106268 -13.6629381 5.4254313 20.0452595 -0.4226469 -0.6014906 -0.0390132 0.6767988
1740549305.206764 -13.6697559 5.4252424 20.0411243 -0.4194410 -0.5993484 -0.0416816 0.6805243
1740549305.312191 -13.6741848 5.4292049 20.0373306 -0.4182980 -0.5974658 -0.0416661 0.6828802
1740549305.407625 -13.6787395 5.4321976 20.0389404 -0.4176818 -0.5978100 -0.0425506 0.6829016
1740549305.512684 -13.6839371 5.4345570 20.0374947 -0.4153029 -0.5964630 -0.0421006 0.6855530
1740549305.610053 -13.6847115 5.4386888 20.0401497 -0.4141026 -0.5952187 -0.0400770 0.6874793
1740549305.708624 -13.6882381 5.4424453 20.0411587 -0.4132344 -0.5936779 -0.0405547 0.6893034
1740549305.811555 -13.6894836 5.4420948 20.0405235 -0.4090509 -0.5921322 -0.0434314 0.6929434
1740549305.909539 -13.6894855 5.4430108 20.0404472 -0.4095929 -0.5909353 -0.0404441 0.6938252
1740549306.015012 -13.7056046 5.4440031 20.0359802 -0.4089676 -0.5871184 -0.0451638 0.6971354
1740549306.116593 -13.7289562 5.4460812 20.0257130 -0.4075188 -0.5837693 -0.0472607 0.7006485
1740549306.216487 -13.7321072 5.4476213 20.0245190 -0.4091844 -0.5794604 -0.0481251 0.7031912
1740549306.327013 -13.7554512 5.4464841 20.0185871 -0.4125382 -0.5746080 -0.0513674 0.7049817
1740549306.422715 -13.7911940 5.4483237 20.0064220 -0.4123004 -0.5698351 -0.0545679 0.7087445
1740549306.530245 -13.8246479 5.4413996 19.9972172 -0.4111453 -0.5651578 -0.0593602 0.7127640
1740549306.625911 -13.8795013 5.4547796 19.9781818 -0.4124263 -0.5613423 -0.0610662 0.7148918
1740549306.726340 -13.9153719 5.4678373 19.9670086 -0.4105854 -0.5567553 -0.0630757 0.7193502
1740549306.828001 -13.9878340 5.4466219 19.9235535 -0.4098856 -0.5506716 -0.0676250 0.7240038
1740549306.930035 -14.0466595 5.4619169 19.9016743 -0.4097653 -0.5467741 -0.0694092 0.7268513
1740549307.032535 -14.1307974 5.4774389 19.8840103 -0.4091296 -0.5437164 -0.0710753 0.7293379
1740549307.131451 -14.1889563 5.5339317 19.8802643 -0.4075456 -0.5421072 -0.0696360 0.7315581
1740549307.242949 -14.2497559 5.5889940 19.9043617 -0.4061282 -0.5419517 -0.0694216 0.7324814
1740549307.341784 -14.3184547 5.6351147 19.9015617 -0.4050905 -0.5403098 -0.0692288 0.7342851
1740549307.437638 -14.3737392 5.6893888 19.9207458 -0.4026388 -0.5398253 -0.0690436 0.7360052
1740549307.542600 -14.4364367 5.7488313 19.9275036 -0.4014814 -0.5389616 -0.0676934 0.7373945
1740549307.639345 -14.4955902 5.8076129 19.9343796 -0.3993632 -0.5379831 -0.0667509 0.7393426
1740549307.847224 -14.6173782 5.9221387 19.9574890 -0.3952494 -0.5368974 -0.0655499 0.7424434
1740549307.943980 -14.6840754 5.9736176 19.9695091 -0.3934866 -0.5361889 -0.0652643 0.7439156
1740549308.160691 -14.8146038 6.0757217 20.0030098 -0.3907825 -0.5352623 -0.0645204 0.7460700
1740549308.365901 -14.9403973 6.1955175 20.0303650 -0.3866666 -0.5346352 -0.0617295 0.7488949
1740549308.464406 -15.0075226 6.2423573 20.0491524 -0.3847515 -0.5342748 -0.0615859 0.7501493
1740549308.567867 -15.0723276 6.2964973 20.0622482 -0.3828522 -0.5338728 -0.0598749 0.7515443
1740549308.667016 -15.1357508 6.3523493 20.0788746 -0.3808240 -0.5339807 -0.0587215 0.7525885
1740549308.780245 -15.1949158 6.4124823 20.0914593 -0.3788916 -0.5338389 -0.0573476 0.7537695
1740549308.977975 -15.3317814 6.5101576 20.1131611 -0.3750933 -0.5334494 -0.0545772 0.7561468
1740549309.183128 -15.4612484 6.6122189 20.1365719 -0.3709147 -0.5335568 -0.0520327 0.7583086
1740549309.292316 -15.5263271 6.6651044 20.1507092 -0.3693439 -0.5338190 -0.0509425 0.7589646
1740549309.503224 -15.6709118 6.7565966 20.1744709 -0.3670762 -0.5341126 -0.0490516 0.7599821
1740549309.600326 -15.7365408 6.8040876 20.1925983 -0.3652394 -0.5346107 -0.0479567 0.7605864
1740549309.815855 -15.8767529 6.9011564 20.2262993 -0.3634121 -0.5354370 -0.0456131 0.7610245
1740549309.914646 -15.9465179 6.9455748 20.2367496 -0.3620835 -0.5356426 -0.0449437 0.7615528
1740549310.019787 -16.0183239 6.9895658 20.2503757 -0.3613444 -0.5357890 -0.0446245 0.7618196
1740549310.220064 -16.1630859 7.0693331 20.2790279 -0.3604745 -0.5358739 -0.0442961 0.7621911
1740549310.323990 -16.2260723 7.1109905 20.2897663 -0.3596124 -0.5354870 -0.0442345 0.7628735
1740549310.544776 -16.3465939 7.2297940 20.3156452 -0.3591188 -0.5351320 -0.0444845 0.7633404
1740549310.646659 -16.4092464 7.2854552 20.3312378 -0.3594499 -0.5349721 -0.0443214 0.7633061
1740549310.855154 -16.5428429 7.3899946 20.3579865 -0.3593768 -0.5349898 -0.0445990 0.7633120
1740549310.957108 -16.5851383 7.4512296 20.3732262 -0.3594074 -0.5341896 -0.0456522 0.7637955
1740549311.171420 -16.6951294 7.5690079 20.4127426 -0.3598534 -0.5349442 -0.0462895 0.7630186
1740549311.279996 -16.7647820 7.6140614 20.4195137 -0.3596568 -0.5343900 -0.0455949 0.7635414
1740549311.382564 -16.8478203 7.6471901 20.4344482 -0.3594011 -0.5347422 -0.0460682 0.7633868
1740549311.588016 -16.9718227 7.7483582 20.4707813 -0.3598413 -0.5352814 -0.0455157 0.7628344
1740549311.688594 -17.0412922 7.7926645 20.4846058 -0.3593601 -0.5353790 -0.0456506 0.7629847
1740549311.902568 -17.1797657 7.8925953 20.5004406 -0.3573318 -0.5354183 -0.0441315 0.7639984
1740549312.022970 -17.2443581 7.9464459 20.5182133 -0.3564327 -0.5357800 -0.0433349 0.7642105
1740549312.227481 -17.3844948 8.0375977 20.5465393 -0.3538537 -0.5360378 -0.0418651 0.7653093
1740549312.332311 -17.4483299 8.0852060 20.5567436 -0.3522142 -0.5355545 -0.0405819 0.7664722
1740549312.548852 -17.5838566 8.1807051 20.5879574 -0.3506763 -0.5349975 -0.0397258 0.7676104
1740549312.647940 -17.6585884 8.2188339 20.6052952 -0.3499146 -0.5348988 -0.0394082 0.7680430
1740549312.859105 -17.8013992 8.2999058 20.6374454 -0.3479260 -0.5330929 -0.0391642 0.7702115
1740549312.960925 -17.8725758 8.3452864 20.6530075 -0.3473048 -0.5321184 -0.0390286 0.7711720
1740549313.078280 -17.9434032 8.3896065 20.6744938 -0.3463932 -0.5313301 -0.0391831 0.7721171
1740549313.295263 -18.0772781 8.4913025 20.7036724 -0.3446482 -0.5277259 -0.0390388 0.7753702
1740549313.397520 -18.1471519 8.5366192 20.7211227 -0.3444000 -0.5259231 -0.0398374 0.7766637
1740549313.498881 -18.2115669 8.5878849 20.7422333 -0.3442006 -0.5240007 -0.0409610 0.7779919
1740549313.611547 -18.2712059 8.6426497 20.7670574 -0.3439629 -0.5217403 -0.0416258 0.7795793
1740549313.831230 -18.3926048 8.7488308 20.8179283 -0.3438267 -0.5171163 -0.0441250 0.7825771
1740549314.044552 -18.5102100 8.8601294 20.8677273 -0.3441676 -0.5126133 -0.0463039 0.7852594
1740549314.248024 -18.6330109 8.9638710 20.9216309 -0.3446424 -0.5073379 -0.0488002 0.7883199
1740549314.463816 -18.7656097 9.0636320 20.9705219 -0.3446544 -0.5017773 -0.0515112 0.7916941
1740549314.684016 -18.8883553 9.1694899 21.0197029 -0.3452466 -0.4967827 -0.0540983 0.7944087
1740549314.898195 -18.9987411 9.2882195 21.0733013 -0.3448690 -0.4924695 -0.0559516 0.7971252
1740549315.106755 -19.1261845 9.3845491 21.1303558 -0.3448983 -0.4886496 -0.0577454 0.7993324
1740549315.319006 -19.2681026 9.4634218 21.1749649 -0.3440296 -0.4853403 -0.0587228 0.8016483
1740549315.533752 -19.3650990 9.5958834 21.2364769 -0.3426515 -0.4831331 -0.0590262 0.8035473
1740549315.731689 -19.4868546 9.7063990 21.2873020 -0.3411542 -0.4812196 -0.0589046 0.8053396
1740549315.938042 -19.6114254 9.8099842 21.3424149 -0.3385911 -0.4800586 -0.0581077 0.8071700
1740549316.149349 -19.7328262 9.9155426 21.3994102 -0.3356377 -0.4797615 -0.0568483 0.8086684
1740549316.458393 -19.9231377 10.0651655 21.4820480 -0.3304000 -0.4800566 -0.0537579 0.8108585
1740549316.774725 -20.1167240 10.2111578 21.5671539 -0.3231700 -0.4814228 -0.0482653 0.8133042
1740549316.978741 -20.2570381 10.2966099 21.6182098 -0.3184615 -0.4824492 -0.0453286 0.8147211
1740549317.186717 -20.3931580 10.3844395 21.6735916 -0.3125655 -0.4834419 -0.0412140 0.8166323
1740549317.402168 -20.5214348 10.4744186 21.7407932 -0.3069779 -0.4850335 -0.0374790 0.8179868
1740549317.616101 -20.6638451 10.5456753 21.7963104 -0.3013801 -0.4858265 -0.0336981 0.8197604
1740549317.829213 -20.7939625 10.6330070 21.8656921 -0.2961015 -0.4868744 -0.0296074 0.8212190
1740549317.928956 -20.8573799 10.6743011 21.9016361 -0.2933590 -0.4876151 -0.0278438 0.8218253
1740549318.135795 -20.9934349 10.7526207 21.9631443 -0.2880516 -0.4883264 -0.0243574 0.8233896
1740549318.343417 -21.1356621 10.8299751 22.0182266 -0.2835413 -0.4889352 -0.0214241 0.8246743
1740549318.554088 -21.2684708 10.9176569 22.0876579 -0.2785822 -0.4896170 -0.0180081 0.8260404
1740549318.758376 -21.4054947 10.9920750 22.1537380 -0.2739454 -0.4903862 -0.0159971 0.8271756
1740549318.866697 -21.4729576 11.0247288 22.1792774 -0.2717999 -0.4910065 -0.0148779 0.8275362
1740549318.964326 -21.5377121 11.0588140 22.2220802 -0.2705914 -0.4918700 -0.0128420 0.8274535
1740549319.071335 -21.6126041 11.0881634 22.2562313 -0.2692304 -0.4915521 -0.0114563 0.8281064
1740549319.172381 -21.6772957 11.1226454 22.2929535 -0.2674422 -0.4922680 -0.0098980 0.8282807
1740549319.281979 -21.7485390 11.1647568 22.3235493 -0.2649495 -0.4920841 -0.0089105 0.8292018
1740549319.387320 -21.8198166 11.2032251 22.3489704 -0.2628884 -0.4923264 -0.0084270 0.8297188
1740549319.490528 -21.8924408 11.2400141 22.3814793 -0.2608947 -0.4919877 -0.0069997 0.8305619
1740549319.600664 -21.9605598 11.2772255 22.4079876 -0.2589684 -0.4923289 -0.0062454 0.8309685
1740549319.698669 -22.0358238 11.3043861 22.4467926 -0.2580766 -0.4919941 -0.0049049 0.8314531
1740549319.806067 -22.1039486 11.3474407 22.4788475 -0.2555291 -0.4923649 -0.0042551 0.8320238
1740549319.907183 -22.1705322 11.3693895 22.5136433 -0.2549744 -0.4927143 -0.0033465 0.8319913
1740549320.013721 -22.2420845 11.3977013 22.5549030 -0.2538938 -0.4922046 -0.0018869 0.8326278
1740549320.115589 -22.3071671 11.4398460 22.5829544 -0.2510031 -0.4920229 -0.0008278 0.8336128
1740549320.215174 -22.3765392 11.4753647 22.6121483 -0.2484754 -0.4920724 -0.0002569 0.8343409
1740549320.322645 -22.4189758 11.5008221 22.6408978 -0.2454498 -0.4946246 0.0027635 0.8337227
1740549320.424413 -22.4897575 11.5262213 22.6735802 -0.2445085 -0.4946917 0.0037738 0.8339553
1740549320.534023 -22.5579472 11.5560608 22.7039032 -0.2431010 -0.4952722 0.0047537 0.8340172
1740549320.631334 -22.6269569 11.5826015 22.7446518 -0.2424486 -0.4955382 0.0060724 0.8340406
1740549320.731847 -22.7036362 11.6115618 22.7786903 -0.2410412 -0.4948566 0.0067930 0.8348473
1740549320.835898 -22.7789440 11.6374950 22.8139610 -0.2402310 -0.4938127 0.0078792 0.8356889
1740549321.039396 -22.9109688 11.6938095 22.8863983 -0.2364809 -0.4941616 0.0109274 0.8365176
1740549321.556234 -23.2747040 11.8263359 23.0729294 -0.2303685 -0.4920264 0.0176753 0.8393617
1740549321.862490 -23.4938431 11.8283110 23.2159729 -0.2344517 -0.4901861 0.0269729 0.8390605
1740549322.063659 -23.6346703 11.8855019 23.2908325 -0.2310044 -0.4893827 0.0296582 0.8403939
1740549322.260398 -23.7882309 11.9232769 23.3756828 -0.2300459 -0.4867963 0.0334872 0.8420137
1740549322.657612 -23.9793110 12.0435772 23.5721474 -0.2221354 -0.4945181 0.0439382 0.8391526
1740549322.863087 -24.0357895 12.0916376 23.6546574 -0.2168303 -0.5036849 0.0502889 0.8347198
1740549323.061243 -24.1178761 12.1492176 23.7519703 -0.2136198 -0.5095482 0.0553871 0.8316607
1740549323.158029 -24.1650848 12.1738834 23.7966633 -0.2129366 -0.5118670 0.0570077 0.8303013
1740549323.459144 -24.1571178 12.1551800 23.7835846 -0.2121095 -0.5069098 0.0494044 0.8340331
1740549323.563216 -24.1622810 12.1580276 23.7837048 -0.2114444 -0.5055580 0.0510977 0.8349200
1740549323.753275 -24.1760101 12.1606388 23.7938862 -0.2122267 -0.5022505 0.0513223 0.8367020
1740549323.856323 -24.1802425 12.1616869 23.7964821 -0.2122939 -0.5007138 0.0522954 0.8375454
1740549324.056715 -24.2079468 12.1747313 23.8206615 -0.2100063 -0.5014904 0.0467105 0.8379874
1740549324.153837 -24.2140732 12.1718683 23.8217926 -0.2115915 -0.4987725 0.0453496 0.8392845
1740549324.251319 -24.2212086 12.1708279 23.8256607 -0.2121378 -0.4966318 0.0441143 0.8404810
1740549324.352335 -24.2170792 12.1750412 23.8215370 -0.2118500 -0.4943918 0.0461243 0.8417653
1740549324.451387 -24.2212334 12.1759615 23.8228226 -0.2115199 -0.4929816 0.0446255 0.8427556
1740549324.557559 -24.2276192 12.1791267 23.8306122 -0.2114419 -0.4920329 0.0445392 0.8433340
1740549324.654229 -24.2383614 12.1850586 23.8385010 -0.2129840 -0.4902681 0.0458685 0.8439023
1740549324.751288 -24.2456093 12.1873255 23.8478947 -0.2123708 -0.4885492 0.0446876 0.8451162
1740549324.853390 -24.2517738 12.1896124 23.8523407 -0.2127251 -0.4866436 0.0452416 0.8460965
1740549324.952265 -24.2502766 12.1881256 23.8511658 -0.2136734 -0.4852098 0.0461588 0.8466313
1740549325.058406 -24.2487755 12.1875877 23.8504829 -0.2139721 -0.4838604 0.0463431 0.8473178
1740549325.155589 -24.2571812 12.1922750 23.8491745 -0.2135753 -0.4817828 0.0467531 0.8485783
1740549325.252563 -24.2546616 12.1910257 23.8504391 -0.2143984 -0.4801931 0.0493885 0.8491223
1740549325.354318 -24.2500515 12.1875811 23.8481522 -0.2160180 -0.4787348 0.0510300 0.8494381
1740549325.451491 -24.2488480 12.1891794 23.8495636 -0.2166114 -0.4765075 0.0535113 0.8503862
1740549325.558298 -24.2606964 12.1916618 23.8514576 -0.2142861 -0.4722257 0.0524355 0.8534254
1740549325.656576 -24.2663383 12.1941319 23.8556175 -0.2127150 -0.4724394 0.0496674 0.8538656
1740549325.753507 -24.2789783 12.2007942 23.8656635 -0.2144524 -0.4711559 0.0505072 0.8540909
1740549325.855052 -24.3100586 12.2124023 23.8843155 -0.2152569 -0.4735822 0.0516937 0.8524741
1740549325.952313 -24.3377991 12.2185421 23.9112301 -0.2178295 -0.4759811 0.0507898 0.8505367
1740549326.057295 -24.3483124 12.2240486 23.9221973 -0.2185076 -0.4759962 0.0509008 0.8503477
1740549326.154176 -24.3500538 12.2248173 23.9232445 -0.2167891 -0.4759176 0.0490728 0.8509388
1740549326.249859 -24.3731747 12.2221861 23.9433041 -0.2189385 -0.4772189 0.0448426 0.8498925
1740549326.349596 -24.3833122 12.2281780 23.9465790 -0.2186816 -0.4772594 0.0470578 0.8498161
1740549326.446590 -24.4170341 12.2341576 23.9718323 -0.2185696 -0.4778249 0.0478770 0.8494813
1740549326.552661 -24.4603748 12.2166281 23.9977264 -0.2213511 -0.4774090 0.0485157 0.8489585
1740549326.647622 -24.4938755 12.2226839 24.0165157 -0.2220591 -0.4767604 0.0488119 0.8491212
1740549326.742209 -24.4979649 12.2195101 24.0091515 -0.2213475 -0.4740006 0.0512951 0.8507041
1740549326.843320 -24.5055428 12.2254124 24.0034714 -0.2207030 -0.4725226 0.0511856 0.8516999
1740549326.942267 -24.5170860 12.2305660 24.0053062 -0.2206391 -0.4721420 0.0528724 0.8518244
1740549327.048889 -24.5215073 12.2343674 24.0086040 -0.2186460 -0.4726518 0.0511867 0.8521585
1740549327.145787 -24.5178299 12.2390203 24.0092659 -0.2144493 -0.4731897 0.0469423 0.8531703
1740549327.242166 -24.5311279 12.2442360 24.0171471 -0.2132090 -0.4733300 0.0475228 0.8533711
1740549327.343543 -24.5317421 12.2563515 24.0111141 -0.2118606 -0.4714711 0.0524833 0.8544446
1740549327.442457 -24.5317745 12.2575922 23.9944839 -0.2089552 -0.4703437 0.0495536 0.8559550
1740549327.552241 -24.5405121 12.2604170 24.0058041 -0.2096755 -0.4709816 0.0495099 0.8554305
1740549327.670139 -24.5444489 12.2682781 23.9929581 -0.2075492 -0.4691159 0.0500926 0.8569389
1740549327.773186 -24.5597839 12.2640896 24.0187397 -0.2084861 -0.4700094 0.0491215 0.8562779
1740549327.867847 -24.5549774 12.2639513 24.0131187 -0.2100587 -0.4671082 0.0517725 0.8573243
1740549327.968322 -24.5758419 12.2468252 24.0304050 -0.2134477 -0.4638738 0.0491756 0.8583956
1740549328.068670 -24.6294594 12.2427959 24.0551643 -0.2176456 -0.4613763 0.0461503 0.8588553
1740549328.166569 -24.6498260 12.2177448 24.0502815 -0.2181418 -0.4575811 0.0422971 0.8609557
1740549328.266522 -24.6473961 12.2175894 24.0542164 -0.2173091 -0.4582195 0.0405951 0.8609086
1740549328.369070 -24.6519279 12.2183847 24.0620823 -0.2183672 -0.4588488 0.0409514 0.8602886
1740549328.464904 -24.6953239 12.2169371 24.0928688 -0.2220719 -0.4573050 0.0401263 0.8602012
1740549328.568134 -24.7373238 12.2408772 24.1157379 -0.2218887 -0.4568669 0.0391997 0.8605239
1740549328.663774 -24.7633171 12.2410641 24.1295910 -0.2231595 -0.4539252 0.0394511 0.8617397
1740549328.758718 -24.7617226 12.2408037 24.1282501 -0.2236395 -0.4546188 0.0387319 0.8612822
1740549328.866028 -24.7672920 12.2443247 24.1385059 -0.2227224 -0.4556308 0.0407908 0.8608899
1740549328.962598 -24.8089485 12.2531357 24.1621628 -0.2198797 -0.4535069 0.0379761 0.8628686
1740549329.068064 -24.8746738 12.2795506 24.2093296 -0.2187337 -0.4546809 0.0389256 0.8624997
1740549329.164257 -24.9312019 12.2957277 24.2568893 -0.2186139 -0.4549889 0.0365230 0.8624727
1740549329.263196 -24.9589500 12.3069572 24.2822018 -0.2185988 -0.4566277 0.0377359 0.8615578
1740549329.368565 -24.9813366 12.3215046 24.2944374 -0.2164313 -0.4588000 0.0426846 0.8607195
1740549329.468012 -25.0247574 12.3309145 24.3243961 -0.2155469 -0.4592517 0.0426909 0.8607002
1740549329.573669 -25.0621834 12.3409643 24.3535271 -0.2155393 -0.4611183 0.0433713 0.8596696
1740549329.673379 -25.0974083 12.3405962 24.3950424 -0.2173860 -0.4633020 0.0445698 0.8579674
1740549329.782811 -25.1257648 12.3432159 24.4206657 -0.2154787 -0.4648966 0.0467850 0.8574679
1740549329.879749 -25.1707687 12.3694363 24.4392853 -0.2123502 -0.4653050 0.0498913 0.8578517
1740549329.977154 -25.2202225 12.3755817 24.4725246 -0.2124681 -0.4675550 0.0494751 0.8566223
1740549330.082925 -25.2821903 12.3891525 24.5181923 -0.2106745 -0.4696854 0.0501150 0.8558623
1740549330.179828 -25.3387222 12.4135838 24.5646725 -0.2082328 -0.4724519 0.0510455 0.8548817
1740549330.290525 -25.3918343 12.4180937 24.6223354 -0.2072228 -0.4763182 0.0499721 0.8530431
1740549330.389411 -25.4435577 12.4410191 24.6745110 -0.2041100 -0.4810646 0.0530221 0.8509434
1740549330.488717 -25.4762707 12.4643183 24.7291527 -0.2009548 -0.4881507 0.0536440 0.8476134
1740549330.599877 -25.5431461 12.4728146 24.7499428 -0.2000527 -0.4893638 0.0552616 0.8470231
1740549330.698647 -25.6150684 12.4846048 24.7767277 -0.1970454 -0.4915676 0.0572399 0.8463203
1740549330.801718 -25.6814518 12.4797974 24.8083363 -0.1977617 -0.4935788 0.0589579 0.8448635
1740549330.900531 -25.7310066 12.5007744 24.8627205 -0.1940889 -0.4988145 0.0594398 0.8426035
1740549330.998022 -25.8052254 12.5212297 24.8995075 -0.1906450 -0.5008419 0.0617512 0.8420206
1740549331.100895 -25.8764267 12.5332794 24.9426632 -0.1884300 -0.5027081 0.0632743 0.8412937
1740549331.202740 -25.9199619 12.5507107 24.9947376 -0.1855250 -0.5072441 0.0656495 0.8390317
1740549331.306090 -25.9940910 12.5692148 25.0302677 -0.1820273 -0.5098258 0.0671965 0.8381100
1740549331.407882 -26.0520668 12.5838661 25.0883160 -0.1799688 -0.5134714 0.0663242 0.8363968
1740549331.505831 -26.1368084 12.5946407 25.1030293 -0.1777367 -0.5132865 0.0679312 0.8368585
1740549331.610607 -26.1834030 12.6098080 25.1575642 -0.1756716 -0.5185207 0.0688617 0.8339867
1740549331.710190 -26.2494392 12.6225977 25.2050629 -0.1734090 -0.5207839 0.0703769 0.8329229
1740549331.818303 -26.3256493 12.6338644 25.2383747 -0.1713963 -0.5213544 0.0717119 0.8328687
1740549331.916102 -26.4050980 12.6496153 25.2833900 -0.1691456 -0.5219972 0.0735459 0.8327663
1740549332.013936 -26.4822903 12.6619015 25.3051586 -0.1669881 -0.5223792 0.0748849 0.8328429
1740549332.124278 -26.5527897 12.6852503 25.3363743 -0.1632308 -0.5231943 0.0769781 0.8328853
1740549332.224258 -26.6344719 12.6958752 25.3671551 -0.1611860 -0.5223576 0.0773589 0.8337729
1740549332.337047 -26.6939201 12.7028322 25.4244652 -0.1606818 -0.5240050 0.0791337 0.8326692
1740549332.434329 -26.7742996 12.7203789 25.4570866 -0.1585082 -0.5232465 0.0804274 0.8334385
1740549332.538339 -26.8509712 12.7403631 25.4856243 -0.1567652 -0.5223653 0.0819620 0.8341711
1740549332.639578 -26.9265327 12.7520485 25.5193501 -0.1556609 -0.5219666 0.0820974 0.8346140
1740549332.740172 -26.9918976 12.7706051 25.5660667 -0.1541548 -0.5225398 0.0827885 0.8344667
1740549332.848584 -27.0464211 12.7855253 25.6167088 -0.1528448 -0.5237160 0.0833898 0.8339102
1740549332.949132 -27.1160316 12.8059921 25.6421337 -0.1513184 -0.5231492 0.0827275 0.8346100
1740549333.055504 -27.1775265 12.8261242 25.7019062 -0.1502218 -0.5243586 0.0829135 0.8340305
1740549333.158833 -27.2463684 12.8343430 25.7308750 -0.1490403 -0.5223766 0.0837846 0.8353980
1740549333.260541 -27.3266735 12.8493834 25.7566509 -0.1476310 -0.5193958 0.0845712 0.8374251
1740549333.368302 -27.3879719 12.8646469 25.7954941 -0.1466473 -0.5187981 0.0850575 0.8379191
1740549333.468714 -27.4631538 12.8726807 25.8302708 -0.1459218 -0.5165324 0.0853645 0.8394129
1740549333.576667 -27.5265331 12.8807583 25.8776054 -0.1459531 -0.5161346 0.0858058 0.8396071
1740549333.686673 -27.6106911 12.8845549 25.9015198 -0.1446703 -0.5132936 0.0854597 0.8416037
1740549333.791691 -27.6890087 12.8979111 25.9374256 -0.1433817 -0.5109022 0.0857433 0.8432490
1740549333.895837 -27.7598705 12.9104166 25.9728146 -0.1434041 -0.5087132 0.0858126 0.8445604
1740549334.000551 -27.8111153 12.9208860 26.0275936 -0.1433887 -0.5086380 0.0866644 0.8445214
1740549334.106910 -27.8874550 12.9279146 26.0647507 -0.1430133 -0.5053676 0.0866930 0.8465431
1740549334.211463 -27.9564400 12.9476414 26.1066856 -0.1423304 -0.5029210 0.0863925 0.8481444
1740549334.321373 -28.0300980 12.9484901 26.1447220 -0.1426510 -0.5000505 0.0862148 0.8498042
1740549334.424547 -28.0900116 12.9634933 26.1944027 -0.1424285 -0.4984539 0.0871990 0.8506787
1740549334.544908 -28.1400681 12.9658957 26.2534256 -0.1440074 -0.4984836 0.0871152 0.8504040
1740549334.644583 -28.1994400 12.9854994 26.3012447 -0.1438567 -0.4968947 0.0873599 0.8513338
1740549334.750632 -28.2654724 12.9941006 26.3511486 -0.1448173 -0.4940438 0.0880331 0.8527595
1740549334.857945 -28.3329315 13.0089617 26.3942204 -0.1447179 -0.4908247 0.0878198 0.8546552
1740549334.961420 -28.3942528 13.0189438 26.4448032 -0.1449451 -0.4889121 0.0873165 0.8557638
1740549335.071161 -28.4626350 13.0263300 26.4901257 -0.1454582 -0.4856498 0.0873001 0.8575342
1740549335.173614 -28.5368843 13.0454969 26.5285130 -0.1447527 -0.4815993 0.0869908 0.8599659
1740549335.395432 -28.6777172 13.0790005 26.6086388 -0.1440065 -0.4742168 0.0868257 0.8642001
1740549335.501377 -28.7287331 13.0895224 26.6731052 -0.1451232 -0.4732350 0.0864144 0.8645927
1740549335.607515 -28.7984257 13.1049538 26.7166691 -0.1446785 -0.4695573 0.0866109 0.8666502
1740549335.717720 -28.8602524 13.1124554 26.7708721 -0.1450039 -0.4664147 0.0868629 0.8682661
1740549335.825919 -28.9321022 13.1215553 26.8151264 -0.1444144 -0.4625509 0.0860513 0.8705093
1740549335.930262 -28.9963589 13.1458340 26.8628082 -0.1431473 -0.4594452 0.0862695 0.8723397
1740549336.150501 -29.1283627 13.1782074 26.9571648 -0.1421925 -0.4522900 0.0866825 0.8761856
1740549336.471034 -29.3258247 13.2280369 27.1089840 -0.1372929 -0.4424006 0.0874768 0.8819185
1740549336.687659 -29.4599857 13.2602434 27.2032566 -0.1322786 -0.4357191 0.0892038 0.8858296
1740549336.794775 -29.5239906 13.2692146 27.2587566 -0.1298269 -0.4332191 0.0901161 0.8873248
1740549337.005805 -29.6510010 13.3048515 27.3662338 -0.1222073 -0.4288925 0.0935445 0.8901495
1740549337.327046 -29.8456554 13.3531828 27.5249596 -0.1063632 -0.4242568 0.1007605 0.8936108
1740549337.540173 -29.9616852 13.3805656 27.6454525 -0.0918380 -0.4235882 0.1078742 0.8947078
1740549337.753717 -30.0807686 13.3865671 27.7668228 -0.0747559 -0.4244015 0.1160713 0.8948868
1740549338.072113 -30.2669907 13.3859482 27.9408684 -0.0434522 -0.4286017 0.1314223 0.8928273
1740549338.397669 -30.4624653 13.3300266 28.0948677 -0.0047778 -0.4374098 0.1492003 0.8867859
1740549338.718077 -30.6515064 13.2233467 28.2346306 0.0392783 -0.4496969 0.1695268 0.8760654
1740549339.146353 -30.9058495 13.0443678 28.3799591 0.1019712 -0.4663402 0.1985969 0.8559720
1740549339.574290 -31.1401424 12.8410749 28.5216942 0.1660055 -0.4830621 0.2251568 0.8296974
1740549340.004668 -31.3483028 12.5944138 28.6456909 0.2250818 -0.4959275 0.2487463 0.8009490
1740549340.430690 -31.5568619 12.3340416 28.7257347 0.2781599 -0.5025156 0.2705954 0.7725822
1740549340.857653 -31.7122898 12.0356998 28.7767811 0.3206967 -0.5042947 0.2886693 0.7480044
1740549341.275439 -31.8603077 11.7247753 28.8085594 0.3509530 -0.4998796 0.3047377 0.7308127
1740549341.797859 -32.0229683 11.3373871 28.8988056 0.3714058 -0.4889874 0.3205033 0.7212674
1740549342.202657 -32.1469002 11.0350571 28.9928703 0.3741071 -0.4779894 0.3292827 0.7232862
1740549342.405407 -32.2182007 10.8925362 29.0592804 0.3710591 -0.4726332 0.3320561 0.7270982
1740549342.603859 -32.2889595 10.7477913 29.1163464 0.3652222 -0.4680557 0.3336452 0.7322688
1740549342.807556 -32.3649521 10.6125965 29.1865578 0.3583803 -0.4647032 0.3338890 0.7376534
1740549343.003895 -32.4443855 10.4740734 29.2507782 0.3497999 -0.4608467 0.3324334 0.7448143
1740549343.207006 -32.5247192 10.3360081 29.3072968 0.3391803 -0.4582105 0.3309855 0.7519630
1740549343.409423 -32.6115761 10.2077885 29.3789768 0.3287510 -0.4564013 0.3283249 0.7588302
1740549343.711781 -32.7469635 10.0078888 29.4689312 0.3096748 -0.4531937 0.3241694 0.7704747
1740549343.929871 -32.8437996 9.8924866 29.5466633 0.2983917 -0.4525110 0.3200332 0.7770297
1740549344.138126 -32.9397430 9.7742901 29.6222858 0.2859115 -0.4512213 0.3159548 0.7841088
1740549344.439451 -33.0944290 9.6062584 29.7369442 0.2656651 -0.4490670 0.3111384 0.7943259
1740549344.657889 -33.1900711 9.5000591 29.8153477 0.2514552 -0.4467817 0.3062097 0.8021172
1740549344.855630 -33.2968864 9.4008026 29.9042625 0.2385367 -0.4436987 0.3030124 0.8089593
1740549345.058087 -33.3993683 9.2967968 29.9932365 0.2234246 -0.4388232 0.3000702 0.8169906
1740549345.251531 -33.5017281 9.2047901 30.0933800 0.2093765 -0.4343781 0.2968341 0.8242370
1740549345.456163 -33.6049500 9.1095352 30.1818981 0.1934156 -0.4275520 0.2945915 0.8324696
1740549345.657593 -33.7022285 9.0339680 30.2884102 0.1789944 -0.4215783 0.2908264 0.8400314
1740549345.860413 -33.8068466 8.9508076 30.3904324 0.1655539 -0.4141119 0.2875730 0.8475878
1740549346.063780 -33.9126282 8.8826790 30.4995098 0.1510785 -0.4068643 0.2853640 0.8545198
1740549346.263603 -34.0069275 8.8182516 30.6146412 0.1390012 -0.3997449 0.2819612 0.8610346
1740549346.464312 -34.1075134 8.7638826 30.7333603 0.1273481 -0.3929244 0.2794386 0.8667797
1740549346.670661 -34.2104836 8.7180300 30.8535843 0.1167584 -0.3857543 0.2777736 0.8720109
1740549346.868969 -34.3119888 8.6666975 30.9712143 0.1074176 -0.3785533 0.2772332 0.8765276
1740549347.075743 -34.4123573 8.6134214 31.1005058 0.1008211 -0.3735436 0.2749526 0.8801712
1740549347.272218 -34.5126381 8.5684576 31.2215500 0.0944335 -0.3663545 0.2759122 0.8835945
1740549347.484876 -34.6086235 8.5113678 31.3475761 0.0896379 -0.3611683 0.2748323 0.8865607
1740549347.692065 -34.7107849 8.4525604 31.4740982 0.0869197 -0.3561397 0.2751476 0.8887650
1740549347.903855 -34.8063049 8.3976536 31.5840511 0.0858185 -0.3512881 0.2738194 0.8912097
1740549348.000663 -34.8493309 8.3799410 31.6510925 0.0847163 -0.3498366 0.2760557 0.8911963
1740549348.208751 -34.8972664 8.4141426 31.6952686 0.0882697 -0.3464536 0.2841588 0.8896247
1740549348.410972 -34.9190750 8.4410887 31.7245522 0.0921799 -0.3448301 0.2914294 0.8875044
1740549348.614809 -34.9392586 8.4757614 31.7659168 0.0984504 -0.3448201 0.2975059 0.8848146
1740549348.824474 -34.9486313 8.5058918 31.8046799 0.1057592 -0.3456602 0.3048933 0.8811209
1740549348.923484 -34.9694328 8.5129881 31.8248768 0.1100747 -0.3441934 0.3082543 0.8799965
1740549349.023295 -34.9965324 8.5315676 31.8485260 0.1175487 -0.3428155 0.3125799 0.8780397
1740549349.135921 -35.0162125 8.5747404 31.8915520 0.1269524 -0.3439053 0.3168680 0.8747611
1740549349.233180 -35.0155640 8.5611935 31.9186440 0.1262446 -0.3452097 0.3229260 0.8721303
1740549349.340500 -35.0272484 8.5812263 31.9416943 0.1333649 -0.3461375 0.3284681 0.8686261
1740549349.437111 -35.0294876 8.5931721 31.9760723 0.1396205 -0.3488650 0.3322932 0.8650899
1740549349.548712 -35.0351334 8.6046677 32.0180359 0.1442674 -0.3510755 0.3387815 0.8609065
1740549349.644981 -35.0537720 8.6167812 32.0616913 0.1508974 -0.3515111 0.3435204 0.8577084
1740549349.744347 -35.0377731 8.6380386 32.1086121 0.1576704 -0.3570752 0.3472109 0.8526910
1740549349.852733 -35.0135002 8.6489849 32.1572647 0.1594384 -0.3641393 0.3511990 0.8477271
1740549349.957425 -35.0451241 8.6580257 32.1779938 0.1665405 -0.3620346 0.3538436 0.8461620
1740549350.058856 -35.0339203 8.6708431 32.2125778 0.1705840 -0.3672226 0.3578708 0.8414138
1740549350.158643 -35.0560837 8.7007828 32.2425461 0.1798919 -0.3667362 0.3621362 0.8378549
1740549350.256959 -35.0476341 8.7315407 32.2832222 0.1854684 -0.3715263 0.3686812 0.8316513
1740549350.364939 -35.0538979 8.7435455 32.3019180 0.1896796 -0.3711545 0.3735831 0.8286746
1740549350.464944 -35.0100174 8.7266235 32.3433304 0.1868816 -0.3801657 0.3788739 0.8228025
1740549350.574326 -34.9827423 8.7208099 32.3747635 0.1868796 -0.3861177 0.3821059 0.8185256
1740549350.671591 -34.9918594 8.7392082 32.4073715 0.1918991 -0.3887807 0.3884494 0.8130999
1740549350.769314 -34.9946785 8.7760334 32.4450607 0.1975147 -0.3935310 0.3941921 0.8066808
1740549350.874392 -35.0332947 8.7852573 32.4249115 0.2010387 -0.3886103 0.4012226 0.8047273
1740549350.975638 -35.0151825 8.7904186 32.4602890 0.2057658 -0.3935912 0.4019686 0.8007295
1740549351.080655 -35.0041847 8.7835350 32.4708443 0.2061661 -0.3951961 0.4029644 0.7993342
1740549351.183073 -34.9939041 8.7838860 32.4756088 0.2036697 -0.3989685 0.4088627 0.7950937
1740549351.287931 -34.9676361 8.7733135 32.4881668 0.2040250 -0.4029658 0.4097650 0.7925182
1740549351.391447 -34.9493179 8.7580643 32.5036240 0.2041025 -0.4052778 0.4095592 0.7914249
1740549351.492350 -34.9270096 8.7511711 32.5227890 0.2035984 -0.4095217 0.4106378 0.7888069
1740549351.597034 -34.8907700 8.7142296 32.5326157 0.1998959 -0.4135393 0.4086035 0.7887142
1740549351.697193 -34.8397293 8.6947651 32.5633316 0.1972305 -0.4206081 0.4070335 0.7864558
1740549351.811835 -34.8443565 8.7142334 32.5740356 0.2007578 -0.4224443 0.4096084 0.7832357
1740549351.909438 -34.8247986 8.7211742 32.5957336 0.1993775 -0.4285310 0.4130269 0.7784719
1740549352.011685 -34.8010178 8.7341003 32.6237335 0.1989715 -0.4359281 0.4145453 0.7736467
1740549352.120538 -34.7675400 8.7179070 32.6315422 0.1943894 -0.4403846 0.4155698 0.7717356
1740549352.218080 -34.7578049 8.7353230 32.6594009 0.1957081 -0.4453030 0.4170017 0.7677976
1740549352.325199 -34.7318497 8.7295418 32.6822433 0.1937679 -0.4506497 0.4177673 0.7647479
1740549352.426097 -34.7025833 8.7298260 32.6960411 0.1891844 -0.4561385 0.4195303 0.7616701
1740549352.525415 -34.6912613 8.7501411 32.7443466 0.1936230 -0.4626335 0.4183600 0.7572683
1740549352.629222 -34.6802483 8.7699223 32.7888527 0.1981907 -0.4692665 0.4163938 0.7530775
1740549352.729347 -34.6480942 8.7921715 32.8429413 0.2017221 -0.4792549 0.4128054 0.7478065
1740549352.845303 -34.6047134 8.7362556 32.8147659 0.1905695 -0.4803416 0.4117085 0.7506339
1740549352.942174 -34.5703125 8.6915379 32.8083153 0.1825691 -0.4824760 0.4110551 0.7516111
1740549353.049101 -34.5452347 8.6538353 32.8036613 0.1746688 -0.4831087 0.4101569 0.7535703
1740549353.158217 -34.5250549 8.6222038 32.7909851 0.1670865 -0.4837318 0.4100201 0.7549630
1740549353.258178 -34.4599915 8.5619678 32.7971573 0.1530346 -0.4907688 0.4070102 0.7550292
1740549353.369640 -34.4100800 8.5128975 32.8201866 0.1433716 -0.4970607 0.4018387 0.7555798
1740549353.469751 -34.3806496 8.4964695 32.8627167 0.1399675 -0.5049687 0.3980435 0.7529789
1740549353.577030 -34.3517532 8.4777298 32.8695335 0.1319416 -0.5099584 0.3973362 0.7514372
1740549353.674228 -34.3007736 8.4327660 32.8696175 0.1175029 -0.5166221 0.3948094 0.7506133
1740549353.774571 -34.2702637 8.3921852 32.8544006 0.1060003 -0.5166547 0.3975576 0.7508526
1740549353.880611 -34.2446899 8.3804932 32.8671341 0.1004491 -0.5205868 0.3951409 0.7501752
1740549353.983619 -34.2093964 8.4078465 32.9866982 0.1103084 -0.5378896 0.3884479 0.7400102
1740549354.092630 -34.1981888 8.3304234 32.9748688 0.0989129 -0.5353413 0.3899625 0.7426677
1740549354.193076 -34.2265358 8.3092327 32.9730759 0.0983483 -0.5326057 0.3918239 0.7437289
1740549354.310722 -34.2514114 8.2736378 33.0036240 0.0952827 -0.5348978 0.3921624 0.7423033
1740549354.409489 -34.3253937 8.2342110 33.0913620 0.0962472 -0.5415472 0.3914883 0.7376991
1740549354.509481 -34.4064026 8.2127151 33.1027679 0.0998833 -0.5402421 0.3928708 0.7374377
1740549354.625643 -34.4696388 8.2143402 33.1907959 0.1076815 -0.5481727 0.3906272 0.7316568
1740549354.832938 -34.5670319 8.0810318 33.2249985 0.0994895 -0.5491802 0.3888478 0.7330078
1740549355.042665 -34.6810722 7.9639015 33.2617798 0.0968602 -0.5484142 0.3862725 0.7352915
1740549355.147730 -34.7136536 7.9146309 33.3343430 0.0956066 -0.5585001 0.3820343 0.7300594
1740549355.358884 -34.8333664 7.8006725 33.3680954 0.0926307 -0.5578764 0.3817851 0.7310498
1740549355.460453 -34.8886185 7.7508183 33.4000168 0.0925455 -0.5595031 0.3811273 0.7301600
1740549355.563157 -34.9450226 7.7121620 33.4424629 0.0932277 -0.5633575 0.3808955 0.7272245
1740549355.666126 -35.0031815 7.6586227 33.4655304 0.0913257 -0.5639216 0.3803243 0.7273276
1740549355.766267 -35.0615654 7.5981083 33.4817734 0.0899174 -0.5632437 0.3779993 0.7292379
1740549355.875134 -35.1122551 7.5437832 33.5154572 0.0887044 -0.5659445 0.3758752 0.7283929
1740549355.983685 -35.1632118 7.4876442 33.5525818 0.0875402 -0.5691044 0.3737727 0.7271526
1740549356.095718 -35.2202110 7.4356899 33.5804749 0.0871316 -0.5698070 0.3730478 0.7270237
1740549356.189404 -35.2516975 7.3691444 33.6101685 0.0855649 -0.5734798 0.3722113 0.7247471
