1740546763.268234 0.0000000 0.0000000 0.0000000 -0.0000000 -0.0000000 -0.0000000 1.0000000
1740546764.049195 0.0164125 0.0496482 0.0854269 0.0012120 -0.0007951 -0.0001845 0.9999989
1740546764.397748 0.0018740 0.0400062 0.1784950 0.0041218 -0.0017381 -0.0002552 0.9999900
1740546764.513794 -0.0012047 0.0125996 0.2682682 0.0073721 -0.0029535 -0.0000095 0.9999685
1740546764.608327 -0.0196093 -0.0218805 0.3592066 0.0109284 -0.0042275 -0.0000333 0.9999313
1740546764.703218 -0.0200193 -0.0485185 0.4538954 0.0156319 -0.0065994 0.0002264 0.9998561
1740546764.798342 -0.0274905 -0.0777989 0.5449352 0.0211207 -0.0088029 0.0000424 0.9997382
1740546764.909553 -0.0351350 -0.1106126 0.6381286 0.0267557 -0.0115402 0.0001635 0.9995754
1740546765.115837 -0.0367416 -0.1531609 0.8288685 0.0406781 -0.0184115 0.0001573 0.9990026
1740546765.231745 -0.0325240 -0.1814673 0.9193397 0.0479208 -0.0222699 0.0001784 0.9986028
1740546765.436909 -0.0593528 -0.2302513 1.1087813 0.0622847 -0.0309322 0.0009838 0.9975785
1740546765.534871 -0.0836812 -0.2589160 1.1971411 0.0701044 -0.0346787 0.0005779 0.9969366
1740546765.731409 -0.1296074 -0.3230930 1.3776768 0.0831380 -0.0431064 0.0003836 0.9956052
1740546765.830486 -0.1522843 -0.3467942 1.4676278 0.0899367 -0.0474995 0.0007903 0.9948139
1740546765.937776 -0.1689608 -0.3762464 1.5585229 0.0959920 -0.0520646 0.0003828 0.9940194
1740546766.136220 -0.2368771 -0.4284722 1.7331964 0.1058958 -0.0594464 -0.0005696 0.9925985
1740546766.336879 -0.2595274 -0.4760855 1.9198264 0.1134388 -0.0674002 -0.0003842 0.9912561
1740546766.542600 -0.2736916 -0.5360606 2.1056302 0.1191024 -0.0747893 -0.0008440 0.9900609
1740546766.749131 -0.3232967 -0.5869419 2.2859383 0.1234775 -0.0799781 -0.0014247 0.9891182
1740546766.953944 -0.3762861 -0.6508313 2.4611690 0.1251591 -0.0844111 -0.0018260 0.9885376
1740546767.167323 -0.4334134 -0.7044418 2.6363485 0.1260838 -0.0871149 -0.0027346 0.9881834
1740546767.474577 -0.4932905 -0.7531831 2.9138632 0.1263515 -0.0898716 -0.0024506 0.9879031
1740546767.782615 -0.5722629 -0.8190949 3.1821890 0.1256350 -0.0895433 -0.0024737 0.9880242
1740546768.082377 -0.6144016 -0.9102959 3.4513242 0.1246174 -0.0867778 -0.0028625 0.9883987
1740546768.398688 -0.7126756 -0.9646059 3.7178216 0.1246916 -0.0807783 -0.0023711 0.9888991
1740546768.708105 -0.7613853 -1.0236744 3.9897563 0.1251041 -0.0731362 -0.0014344 0.9894433
1740546769.016236 -0.7815413 -1.0928378 4.2608337 0.1270112 -0.0635091 0.0002195 0.9898660
1740546769.330646 -0.8093612 -1.1787289 4.5317721 0.1297222 -0.0526300 0.0012704 0.9901519
1740546769.442720 -0.8242410 -1.2012103 4.6250553 0.1309222 -0.0487991 0.0019763 0.9901890
1740546769.547558 -0.8353536 -1.2243011 4.7161613 0.1325812 -0.0449615 0.0022038 0.9901494
1740546769.651497 -0.8367027 -1.2512974 4.8089247 0.1336354 -0.0416702 0.0029695 0.9901497
1740546769.754431 -0.8552106 -1.2748060 4.8979144 0.1350144 -0.0375954 0.0035438 0.9901238
1740546769.855277 -0.8528407 -1.2973176 4.9895468 0.1366767 -0.0346931 0.0040135 0.9899999
1740546769.970300 -0.8545978 -1.3326868 5.0795164 0.1372066 -0.0318712 0.0042023 0.9900207
1740546770.071035 -0.8867378 -1.3402412 5.1630759 0.1395373 -0.0278075 0.0046639 0.9898154
1740546770.177394 -0.8732461 -1.3782005 5.2496567 0.1400645 -0.0263789 0.0048532 0.9897791
1740546770.279969 -0.8622051 -1.3864260 5.3396916 0.1420902 -0.0249220 0.0050061 0.9895273
1740546770.380609 -0.8619959 -1.4152832 5.4171510 0.1432110 -0.0236015 0.0056362 0.9893947
1740546770.485193 -0.8598294 -1.4348971 5.5043502 0.1449797 -0.0222338 0.0059584 0.9891669
1740546770.584384 -0.8732817 -1.4613662 5.5874715 0.1462141 -0.0204329 0.0061648 0.9890227
1740546770.697331 -0.8688414 -1.4978887 5.6676497 0.1458093 -0.0200612 0.0059750 0.9890913
1740546770.799977 -0.8800012 -1.5183868 5.7541776 0.1472952 -0.0190257 0.0061629 0.9888903
1740546770.902495 -0.8714451 -1.5449611 5.8381419 0.1481302 -0.0192802 0.0062862 0.9887599
1740546771.010059 -0.8579952 -1.5724376 5.9156151 0.1484824 -0.0204659 0.0062323 0.9886836
1740546771.114398 -0.8649207 -1.6057091 6.0097842 0.1489505 -0.0203061 0.0063704 0.9886156
1740546771.224079 -0.8757017 -1.6232203 6.0839095 0.1502468 -0.0194044 0.0065764 0.9884362
1740546771.327159 -0.8694217 -1.6433134 6.1706982 0.1509670 -0.0199522 0.0063808 0.9883168
1740546771.433333 -0.8612799 -1.6717429 6.2620268 0.1515062 -0.0211802 0.0062509 0.9882096
1740546771.534789 -0.8493044 -1.6924000 6.3380485 0.1517299 -0.0226409 0.0057243 0.9881461
1740546771.633641 -0.8721346 -1.7159481 6.4298968 0.1535933 -0.0216318 0.0063776 0.9878768
1740546771.737499 -0.8695992 -1.7392398 6.4973273 0.1532177 -0.0224073 0.0057591 0.9879216
1740546771.837590 -0.8694602 -1.7653420 6.5753293 0.1540122 -0.0232254 0.0068224 0.9877724
1740546771.952835 -0.8682421 -1.7956529 6.6546397 0.1538082 -0.0244687 0.0065897 0.9877757
1740546772.050661 -0.8700067 -1.8045592 6.7497149 0.1558645 -0.0242379 0.0061306 0.9874620
1740546772.150927 -0.8469773 -1.8262725 6.8349929 0.1569527 -0.0265487 0.0060272 0.9872308
1740546772.260141 -0.8535812 -1.8304466 6.9134617 0.1596014 -0.0267305 0.0048312 0.9868078
1740546772.364559 -0.8487318 -1.8920416 6.9729071 0.1578293 -0.0270758 0.0064996 0.9870738
1740546772.470457 -0.8536382 -1.9256769 7.0499058 0.1588860 -0.0274423 0.0064259 0.9868945
1740546772.570598 -0.8607751 -1.9517599 7.1059823 0.1590611 -0.0261552 0.0057674 0.9869054
1740546772.675613 -0.8768807 -1.9622061 7.1241007 0.1589255 -0.0232973 0.0067458 0.9869926
1740546772.780739 -0.8784773 -1.9882606 7.1903396 0.1605541 -0.0238353 0.0063991 0.9867185
1740546772.880754 -0.8750488 -2.0127580 7.2581525 0.1614711 -0.0225742 0.0073242 0.9865921
1740546772.986668 -0.8389875 -2.0096121 7.3253069 0.1655724 -0.0246441 0.0065222 0.9858681
1740546773.087531 -0.8175283 -2.0163865 7.3860621 0.1675225 -0.0263881 0.0059042 0.9854974
1740546773.196882 -0.7958021 -2.0226638 7.4512186 0.1696805 -0.0277727 0.0048187 0.9850959
1740546773.301836 -0.7688164 -2.0232060 7.5067177 0.1716107 -0.0305207 0.0044389 0.9846820
1740546773.402786 -0.7595835 -2.0335019 7.5463495 0.1708991 -0.0315274 0.0021598 0.9847816
1740546773.517267 -0.7659373 -2.0438230 7.5662274 0.1702174 -0.0300505 0.0033003 0.9849427
1740546773.616067 -0.7992284 -2.0495253 7.5780768 0.1682348 -0.0242507 0.0055193 0.9854332
1740546773.732491 -0.8084793 -2.0595028 7.5840979 0.1654260 -0.0200682 0.0066831 0.9859954
1740546773.833644 -0.8237876 -2.0668550 7.6073780 0.1633810 -0.0156295 0.0080287 0.9864066
1740546773.939054 -0.8163947 -2.0851276 7.6334443 0.1612220 -0.0187196 0.0078468 0.9867094
1740546774.045212 -0.8186945 -2.0950439 7.6527987 0.1596497 -0.0162528 0.0089974 0.9869989
1740546774.147301 -0.8141438 -2.0989478 7.6586118 0.1576001 -0.0153551 0.0081418 0.9873500
1740546774.256454 -0.7993865 -2.1013381 7.6762924 0.1573627 -0.0207468 0.0075914 0.9872938
1740546774.359343 -0.7898491 -2.1076629 7.6959682 0.1555990 -0.0203355 0.0054990 0.9875957
1740546774.468667 -0.7711172 -2.1206563 7.6986980 0.1514129 -0.0231490 0.0057769 0.9881826
1740546774.584116 -0.7802826 -2.1502349 7.7172999 0.1447088 -0.0228379 0.0056797 0.9891944
1740546774.713558 -0.7952549 -2.1416268 7.7403803 0.1450440 -0.0192178 0.0057564 0.9892218
1740546774.815812 -0.8277862 -2.1573467 7.7558007 0.1396336 -0.0144487 0.0074119 0.9900701
1740546774.923961 -0.8579805 -2.1676180 7.7861428 0.1382104 -0.0092205 0.0069524 0.9903356
1740546775.027544 -0.8892825 -2.1818855 7.8250666 0.1361323 -0.0065961 0.0065619 0.9906470
1740546775.778186 -0.9582823 -2.1713376 7.9788575 0.1342729 -0.0056326 0.0083400 0.9908933
1740546775.899702 -0.9579410 -2.1808171 8.0022783 0.1321442 -0.0054192 0.0068811 0.9911918
1740546776.025459 -0.9662342 -2.1895690 8.0136471 0.1293098 -0.0019700 0.0052043 0.9915887
1740546776.151713 -0.9805418 -2.1936235 8.0149240 0.1246755 0.0022893 0.0065709 0.9921732
1740546776.285560 -0.9853969 -2.1961315 8.0216942 0.1253229 0.0063612 0.0061919 0.9920763
1740546776.410365 -0.9938034 -2.2027652 8.0337963 0.1222207 0.0082083 0.0046988 0.9924579
1740546776.534440 -0.9997258 -2.2046776 8.0448532 0.1208072 0.0086020 0.0046470 0.9926279
1740546776.638275 -1.0019913 -2.2147689 8.0722656 0.1210572 0.0080811 0.0052919 0.9925985
1740546776.750321 -1.0129515 -2.2223594 8.0967464 0.1209184 0.0124972 0.0057386 0.9925672
1740546776.855476 -1.0157843 -2.2386901 8.1301174 0.1204600 0.0148005 0.0055356 0.9925924
1740546776.966639 -1.0241342 -2.2505956 8.1575851 0.1198422 0.0194387 0.0066692 0.9925802
1740546777.071870 -1.0293958 -2.2417800 8.1812010 0.1247493 0.0223792 0.0061177 0.9919170
1740546777.187263 -1.0347286 -2.2378054 8.1973295 0.1287688 0.0274581 0.0062851 0.9912745
1740546777.290625 -1.0412617 -2.2375185 8.2148371 0.1308634 0.0338379 0.0066544 0.9908004
1740546777.398539 -1.0480874 -2.2418420 8.2275829 0.1322801 0.0408149 0.0082662 0.9903373
1740546777.519796 -1.0693910 -2.2484164 8.2471809 0.1339916 0.0484710 0.0089847 0.9897556
1740546777.622598 -1.0798068 -2.2496333 8.2643652 0.1385408 0.0555228 0.0095475 0.9887530
1740546777.747308 -1.0821280 -2.2495060 8.2950907 0.1444909 0.0613665 0.0101585 0.9875492
1740546777.850515 -1.0862391 -2.2571821 8.3174667 0.1487877 0.0682371 0.0111848 0.9864486
1740546777.968229 -1.0944464 -2.2629988 8.3423834 0.1531794 0.0761873 0.0125753 0.9851769
1740546778.071585 -1.0904504 -2.2728746 8.3812542 0.1605100 0.0824205 0.0121710 0.9835117
1740546778.186066 -1.0943120 -2.2823515 8.4129658 0.1680070 0.0897565 0.0119508 0.9816184
1740546778.288610 -1.0892103 -2.2992241 8.4457760 0.1737620 0.0980038 0.0127943 0.9798155
1740546778.397740 -1.0781658 -2.3129387 8.4916811 0.1802350 0.1057982 0.0139454 0.9778178
1740546778.508018 -1.0670301 -2.3356762 8.5348892 0.1866245 0.1142289 0.0145228 0.9756598
1740546778.616915 -1.0853492 -2.3379626 8.5740414 0.1943015 0.1243360 0.0156917 0.9729035
1740546778.728211 -1.0765358 -2.3598313 8.6062393 0.2006214 0.1341692 0.0165090 0.9702975
1740546778.836211 -1.0708963 -2.3506732 8.6426859 0.2071449 0.1442965 0.0182349 0.9674384
1740546778.950585 -1.0620824 -2.3435557 8.6781254 0.2196617 0.1506664 0.0133625 0.9637789
1740546779.055368 -1.0695596 -2.3415177 8.7169523 0.2308939 0.1584381 0.0129505 0.9599050
1740546779.161902 -1.0802032 -2.3530107 8.7378931 0.2351757 0.1689128 0.0142316 0.9570571
1740546779.275326 -1.0722824 -2.3733954 8.7664986 0.2390938 0.1763170 0.0176518 0.9546910
1740546779.382537 -1.0670557 -2.3819165 8.7961311 0.2440092 0.1832592 0.0213016 0.9520619
1740546779.505945 -1.0686177 -2.3845301 8.8189068 0.2524351 0.1904536 0.0212653 0.9484470
1740546779.612910 -1.0485821 -2.4015479 8.8397732 0.2626146 0.1965957 0.0193811 0.9444618
1740546779.724674 -1.0488245 -2.4100862 8.8651714 0.2706946 0.2044157 0.0178792 0.9405419
1740546779.831751 -1.0505011 -2.4507091 8.8692360 0.2727472 0.2120340 0.0216267 0.9381806
1740546779.941955 -1.0896549 -2.4793394 8.8953981 0.2733915 0.2225138 0.0287649 0.9353701
1740546780.052229 -1.0561590 -2.5214150 8.9227152 0.2764093 0.2305783 0.0309033 0.9324573
1740546780.157375 -1.0134685 -2.5739050 8.9623671 0.2810054 0.2377332 0.0316278 0.9292570
1740546780.269241 -0.9733508 -2.6223311 9.0094290 0.2850239 0.2432626 0.0322983 0.9265751
1740546780.370632 -0.9151717 -2.6725712 9.0880594 0.2888752 0.2484565 0.0330250 0.9239751
1740546780.481218 -0.8493996 -2.7123470 9.1430817 0.2923059 0.2528611 0.0333838 0.9216855
1740546780.586614 -0.7905651 -2.7612147 9.1842184 0.2956858 0.2571757 0.0338109 0.9193951
1740546780.694152 -0.7228361 -2.8047509 9.2439642 0.2999220 0.2602722 0.0337772 0.9171501
1740546780.799950 -0.6955492 -2.8619814 9.3132114 0.3022083 0.2651862 0.0342746 0.9149709
1740546780.901513 -0.6260307 -2.9254937 9.3450165 0.3021428 0.2677799 0.0355965 0.9141863
1740546781.008161 -0.5540650 -2.9706426 9.3984976 0.3039751 0.2703445 0.0365569 0.9127851
1740546781.119594 -0.4948341 -3.0229869 9.4555626 0.3061624 0.2734672 0.0376081 0.9110796
1740546781.227120 -0.4251866 -3.0812550 9.4911623 0.3065895 0.2759733 0.0381425 0.9101576
1740546781.335717 -0.3843768 -3.1249139 9.5452242 0.3092410 0.2795926 0.0383482 0.9081451
1740546781.442944 -0.3479605 -3.1910539 9.6140461 0.3105956 0.2847164 0.0401329 0.9060112
1740546781.553097 -0.2838317 -3.2394576 9.6707277 0.3125730 0.2889891 0.0401992 0.9039732
1740546781.656412 -0.2221644 -3.2986245 9.7214031 0.3129953 0.2926316 0.0412361 0.9026076
1740546781.762634 -0.1516485 -3.3457637 9.7738237 0.3164922 0.2963971 0.0413761 0.9001497
1740546781.869139 -0.1054432 -3.4065204 9.8422785 0.3185461 0.3004988 0.0422172 0.8980238
1740546781.974180 -0.0400971 -3.4488964 9.9161682 0.3217463 0.3035710 0.0418971 0.8958619
1740546782.077878 0.0184913 -3.4952197 9.9759741 0.3231844 0.3069155 0.0427500 0.8941628
1740546782.192689 0.0836771 -3.5381908 10.0429888 0.3264914 0.3105680 0.0429916 0.8916852
1740546782.296381 0.1566112 -3.5856919 10.0964737 0.3294062 0.3139239 0.0430514 0.8894324
1740546782.400716 0.2303865 -3.6475296 10.1343746 0.3323554 0.3169606 0.0432398 0.8872464
1740546782.505765 0.2935946 -3.7143879 10.1797571 0.3354444 0.3204477 0.0432803 0.8848261
1740546782.607170 0.3676374 -3.7767305 10.2148724 0.3387581 0.3229814 0.0432654 0.8826404
1740546782.720166 0.4247036 -3.8526149 10.2550831 0.3416167 0.3262388 0.0433845 0.8803318
1740546782.821659 0.4814959 -3.9166653 10.2979479 0.3445252 0.3291051 0.0428723 0.8781539
1740546782.923587 0.5397160 -3.9750676 10.3516426 0.3482392 0.3319165 0.0425486 0.8756430
1740546783.037660 0.6079662 -4.0343628 10.3959694 0.3518911 0.3334750 0.0419721 0.8736163
1740546783.136954 0.6672012 -4.1000175 10.4394951 0.3555304 0.3358099 0.0408406 0.8712990
1740546783.253403 0.7248071 -4.1625414 10.4978542 0.3593022 0.3381514 0.0405021 0.8688585
1740546783.355893 0.7783610 -4.2238922 10.5605755 0.3619723 0.3400730 0.0399589 0.8670235
1740546783.470043 0.8495945 -4.2723694 10.6161556 0.3654206 0.3414193 0.0390192 0.8650885
1740546783.577121 0.9088821 -4.3264828 10.6770554 0.3691761 0.3434103 0.0385204 0.8627251
1740546783.695390 0.9770439 -4.3920102 10.7223339 0.3724953 0.3449700 0.0376462 0.8607123
1740546783.804036 1.0434270 -4.4569435 10.7633314 0.3758088 0.3461773 0.0369827 0.8588139
1740546783.902762 1.1138891 -4.5235119 10.7987003 0.3795576 0.3471531 0.0356307 0.8568262
1740546784.008838 1.1730590 -4.5924158 10.8416233 0.3831835 0.3483463 0.0349312 0.8547544
1740546784.112581 1.2316409 -4.6666036 10.8814325 0.3867907 0.3492590 0.0338042 0.8528003
1740546784.225551 1.2876424 -4.7419009 10.9176998 0.3896990 0.3503919 0.0330064 0.8510410
1740546784.327019 1.3513910 -4.8108506 10.9610672 0.3931103 0.3511072 0.0320199 0.8492131
1740546784.433659 1.4207666 -4.8665819 11.0089321 0.3968234 0.3517561 0.0305262 0.8472703
1740546784.538271 1.4803840 -4.9355764 11.0528126 0.3998110 0.3526567 0.0296797 0.8455197
1740546784.637016 1.5413144 -5.0051327 11.0930500 0.4029168 0.3534503 0.0287286 0.8437450
1740546784.753003 1.6041738 -5.0749002 11.1270428 0.4062038 0.3539717 0.0274804 0.8419901
1740546784.851976 1.6671103 -5.1467466 11.1581726 0.4092866 0.3542661 0.0265451 0.8404019
1740546784.954824 1.7315279 -5.2202311 11.1938496 0.4124429 0.3549092 0.0254907 0.8386183
1740546785.055976 1.7983900 -5.2940011 11.2289429 0.4153874 0.3553740 0.0243804 0.8369995
1740546785.154598 1.8638021 -5.3597593 11.2703867 0.4183570 0.3560808 0.0233788 0.8352469
1740546785.257800 1.9228466 -5.4289250 11.3129015 0.4209886 0.3568690 0.0226013 0.8336080
1740546785.356753 1.9880853 -5.4964762 11.3524246 0.4241557 0.3574612 0.0213587 0.8317797
1740546785.572385 2.0977123 -5.6455450 11.4294329 0.4296155 0.3589570 0.0199291 0.8283619
1740546785.674198 2.1625581 -5.7188649 11.4605579 0.4329572 0.3594209 0.0184538 0.8264528
1740546785.782783 2.2130108 -5.7995405 11.4994574 0.4350148 0.3603860 0.0184306 0.8249511
1740546785.988066 2.3335595 -5.9514098 11.5603199 0.4401393 0.3620930 0.0170938 0.8215070
1740546786.087752 2.3971348 -6.0243802 11.5908928 0.4428721 0.3629028 0.0162719 0.8196958
1740546786.195958 2.4640329 -6.0953918 11.6212101 0.4453591 0.3640186 0.0157278 0.8178621
1740546786.503957 2.6535175 -6.3016562 11.7307549 0.4522986 0.3684745 0.0150680 0.8120502
1740546786.704206 2.7688999 -6.4499159 11.8053827 0.4564918 0.3722659 0.0150110 0.8079653
1740546786.905364 2.8861208 -6.6071100 11.8626995 0.4613113 0.3770779 0.0154521 0.8029728
1740546787.107425 3.0076506 -6.7653008 11.9145470 0.4660256 0.3826354 0.0162126 0.7975886
1740546787.310545 3.1359971 -6.9125118 11.9581785 0.4703821 0.3894909 0.0181140 0.7916498
1740546787.615958 3.3354566 -7.1355739 12.0074701 0.4766614 0.4009680 0.0216466 0.7820166
1740546787.918697 3.5330858 -7.3662534 12.0400181 0.4813634 0.4149419 0.0271423 0.7716060
1740546788.226743 3.7345827 -7.5830569 12.0659847 0.4857057 0.4301625 0.0340042 0.7601933
1740546788.526180 3.9696939 -7.7661991 12.1020613 0.4893791 0.4452451 0.0408692 0.7487286
1740546788.825265 4.2091722 -7.9507780 12.1034746 0.4922940 0.4600460 0.0483765 0.7373357
1740546789.037378 4.3611579 -8.0737057 12.1013336 0.4939591 0.4686699 0.0525238 0.7304753
1740546789.238137 4.5228243 -8.1880732 12.0905457 0.4961075 0.4762018 0.0560518 0.7238559
1740546789.541174 4.7490411 -8.3768187 12.0977545 0.4997571 0.4867436 0.0600094 0.7139485
1740546789.754470 4.8989787 -8.5075264 12.0953569 0.5031326 0.4920119 0.0611038 0.7078475
1740546789.954304 5.0604668 -8.6159687 12.0714645 0.5065287 0.4959532 0.0605133 0.7027072
1740546790.256338 5.2744527 -8.8143978 12.0770864 0.5131295 0.5017533 0.0598461 0.6938012
1740546790.457562 5.4195509 -8.9469261 12.0631647 0.5178038 0.5049450 0.0586553 0.6880912
1740546790.655013 5.5688663 -9.0700207 12.0321379 0.5229703 0.5074595 0.0555589 0.6825687
1740546790.854377 5.6984854 -9.2121964 11.9940252 0.5278519 0.5099575 0.0534202 0.6770983
1740546791.054505 5.8276930 -9.3503647 11.9543839 0.5323625 0.5126917 0.0517498 0.6716095
1740546791.257432 5.9765544 -9.4738770 11.9143505 0.5370223 0.5149100 0.0494304 0.6663569
1740546791.458350 6.1193657 -9.5991220 11.8692303 0.5409951 0.5169091 0.0478871 0.6616918
1740546791.656339 6.2545967 -9.7385626 11.8374834 0.5441726 0.5192176 0.0471477 0.6573175
1740546791.859795 6.4053226 -9.8629484 11.8248463 0.5471406 0.5216913 0.0467774 0.6529069
1740546792.062142 6.5573792 -9.9827566 11.7961740 0.5495587 0.5245116 0.0469352 0.6485907
1740546792.261305 6.7043691 -10.1080980 11.7637873 0.5517750 0.5273853 0.0470857 0.6443541
1740546792.462172 6.8403368 -10.2430382 11.7133675 0.5530297 0.5298327 0.0479456 0.6411994
1740546792.660619 6.9830480 -10.3678503 11.6642141 0.5548308 0.5324687 0.0482311 0.6374274
1740546792.861127 7.1288104 -10.4956121 11.6308899 0.5559078 0.5347774 0.0495304 0.6344497
1740546793.069369 7.2484908 -10.6332932 11.5616789 0.5572968 0.5374980 0.0499709 0.6308875
1740546793.273416 7.4030437 -10.7430582 11.5192680 0.5582471 0.5398004 0.0513194 0.6279666
1740546793.480379 7.5644245 -10.8535385 11.4935656 0.5591360 0.5422164 0.0523739 0.6250002
1740546793.706568 7.7132201 -10.9748249 11.4561892 0.5605122 0.5444111 0.0533639 0.6217677
1740546793.906090 7.8593965 -11.0946932 11.4068394 0.5618718 0.5464466 0.0538850 0.6187024
1740546794.113694 8.0001869 -11.2182646 11.3481731 0.5624703 0.5487661 0.0547046 0.6160278
1740546794.324022 8.1370354 -11.3473282 11.2975607 0.5636405 0.5501091 0.0551435 0.6137170
1740546794.529216 8.2816267 -11.4668522 11.2503710 0.5642228 0.5511404 0.0556111 0.6122127
1740546794.737482 8.4098597 -11.5929308 11.1742449 0.5647173 0.5520929 0.0556676 0.6108920
1740546794.939707 8.5417404 -11.7259359 11.1134758 0.5646582 0.5523241 0.0560289 0.6107044
1740546795.142216 8.6880331 -11.8484936 11.0775442 0.5645683 0.5521406 0.0560584 0.6109508
1740546795.357320 8.8432617 -11.9603252 11.0366478 0.5639777 0.5515263 0.0560340 0.6120524
1740546795.565397 9.0016594 -12.0639696 11.0020285 0.5638105 0.5507224 0.0556970 0.6129603
1740546795.879129 9.2199030 -12.2569704 10.9380932 0.5623258 0.5486058 0.0554267 0.6162380
1740546796.086907 9.3475895 -12.3916550 10.8944817 0.5617567 0.5478701 0.0545161 0.6174915
1740546796.293335 9.4931316 -12.5119667 10.8435965 0.5614765 0.5457175 0.0531214 0.6197698
1740546796.510218 9.6396160 -12.6330252 10.8100300 0.5613956 0.5437019 0.0514119 0.6217556
1740546796.714223 9.7808628 -12.7704506 10.7710819 0.5611867 0.5415062 0.0497722 0.6239898
1740546796.915409 9.9324894 -12.8892851 10.7340870 0.5624611 0.5388667 0.0472315 0.6253234
1740546797.119179 10.0689182 -13.0206480 10.6900043 0.5633227 0.5361241 0.0443191 0.6271160
1740546797.330830 10.2152500 -13.1529398 10.6657639 0.5648208 0.5340403 0.0408405 0.6277822
1740546797.540360 10.3536072 -13.2839336 10.6345863 0.5673469 0.5313688 0.0371497 0.6280005
1740546797.747833 10.4805918 -13.4311790 10.5943718 0.5694833 0.5301406 0.0331712 0.6273272
1740546797.958131 10.6236563 -13.5520859 10.5296307 0.5725142 0.5266609 0.0271739 0.6277876
1740546798.160155 10.7488327 -13.6997557 10.4954681 0.5762442 0.5247270 0.0229934 0.6261593
1740546798.264855 10.7959270 -13.7817574 10.4772472 0.5770367 0.5248411 0.0216034 0.6253828
1740546798.364811 10.8572731 -13.8546658 10.4623680 0.5789670 0.5241343 0.0192507 0.6242675
1740546798.576311 10.9843454 -14.0084276 10.4065266 0.5827660 0.5208918 0.0138855 0.6235885
1740546798.674405 11.0244331 -14.0755777 10.4001579 0.5846236 0.5211964 0.0130727 0.6216098
1740546798.778797 11.0829906 -14.1534424 10.4030113 0.5866680 0.5204822 0.0104461 0.6203304
1740546798.877148 11.1186562 -14.2434635 10.3767395 0.5878682 0.5198577 0.0094410 0.6197336
1740546798.984149 11.1604233 -14.3129053 10.3577003 0.5894906 0.5195939 0.0066843 0.6184483
1740546799.085758 11.2262268 -14.3856688 10.3282528 0.5918739 0.5176499 0.0037875 0.6178265
1740546799.190722 11.2670116 -14.4728670 10.3109875 0.5923848 0.5178202 0.0029232 0.6171985
1740546799.293471 11.3161278 -14.5340424 10.2926826 0.5937455 0.5168912 0.0017711 0.6166738
1740546799.393349 11.4085026 -14.5949764 10.2593231 0.5960514 0.5141314 -0.0026321 0.6167534
1740546799.497842 11.4536467 -14.6815968 10.2465458 0.5969925 0.5136943 -0.0045831 0.6161956
1740546799.597919 11.4831743 -14.7640667 10.2338257 0.5978175 0.5125723 -0.0064754 0.6163132
1740546799.705532 11.5242090 -14.8434496 10.2209282 0.5992930 0.5116713 -0.0083300 0.6156062
1740546799.806988 11.5747013 -14.9235449 10.2131615 0.6011755 0.5110940 -0.0105507 0.6142147
1740546799.907687 11.6058455 -15.0097475 10.2068596 0.6020222 0.5106928 -0.0109574 0.6137118
1740546800.016821 11.6310024 -15.0751867 10.1947746 0.6027884 0.5091077 -0.0118292 0.6142602
1740546800.117913 11.6355286 -15.1497812 10.1702538 0.6022198 0.5082347 -0.0122011 0.6155323
1740546800.237515 11.6671152 -15.2356720 10.1517200 0.6031145 0.5075147 -0.0140891 0.6152100
1740546800.343593 11.6919823 -15.3147087 10.1282291 0.6032573 0.5069174 -0.0158975 0.6155182
1740546800.455205 11.7076855 -15.4115915 10.0993538 0.6024610 0.5067541 -0.0175511 0.6163870
1740546800.554963 11.7596235 -15.4961185 10.0905762 0.6027979 0.5058650 -0.0193632 0.6167336
1740546800.654073 11.7894382 -15.5794659 10.0729141 0.6029543 0.5036357 -0.0185280 0.6184286
1740546800.765310 11.8096533 -15.6490059 10.0538616 0.6030083 0.5015964 -0.0187849 0.6200235
1740546800.866525 11.8143206 -15.6566315 10.0493946 0.6036413 0.5009177 -0.0216634 0.6198624
1740546800.972970 11.8250923 -15.6837845 10.0421276 0.6047249 0.4984420 -0.0233483 0.6207401
1740546801.072966 11.8265953 -15.7572861 10.0249538 0.6034698 0.4973466 -0.0232807 0.6228392
1740546801.170168 11.8288965 -15.8356514 10.0065880 0.6020955 0.4966060 -0.0227441 0.6247769
1740546801.277593 11.8395500 -15.8810043 9.9946804 0.6024824 0.4940974 -0.0246188 0.6263199
1740546801.376613 11.8447647 -15.9018841 9.9882774 0.6031111 0.4923061 -0.0271471 0.6270205
1740546801.481011 11.8503313 -15.9459171 9.9731617 0.6028280 0.4880433 -0.0280091 0.6305773
1740546801.585402 11.8591528 -15.9877071 9.9727077 0.6029314 0.4862880 -0.0271407 0.6318711
1740546801.685211 11.8921690 -16.0489902 9.9822273 0.6054541 0.4857980 -0.0318434 0.6296123
1740546801.794458 11.9095039 -16.1037502 9.9809322 0.6057980 0.4832443 -0.0331717 0.6311762
1740546801.901714 11.9228134 -16.1474667 9.9768429 0.6059798 0.4815608 -0.0345507 0.6322135
1740546802.029155 11.9285831 -16.2189369 9.9628696 0.6058754 0.4795850 -0.0356039 0.6337551
1740546802.127152 11.9327440 -16.2733746 9.9495258 0.6055413 0.4764327 -0.0357844 0.6364362
1740546802.231137 11.9571209 -16.3049717 9.9448967 0.6072487 0.4735847 -0.0392087 0.6367332
1740546802.331496 11.9650373 -16.3555641 9.9313431 0.6065224 0.4720968 -0.0424216 0.6383225
1740546802.430080 11.9673033 -16.4402161 9.9138927 0.6054265 0.4699442 -0.0423927 0.6409478
1740546802.531963 12.0060081 -16.5179787 9.9157887 0.6059191 0.4680904 -0.0432736 0.6417795
1740546802.636612 12.0287762 -16.5939617 9.9108162 0.6062084 0.4664461 -0.0450051 0.6425838
1740546802.743324 12.0493116 -16.6433563 9.9168873 0.6065911 0.4626500 -0.0488171 0.6446853
1740546802.845487 12.0624409 -16.6954975 9.9194126 0.6075210 0.4577274 -0.0497049 0.6472505
1740546802.941127 12.0610790 -16.7650642 9.9007206 0.6058221 0.4524737 -0.0500385 0.6524902
1740546803.048863 12.0675488 -16.8490849 9.9128780 0.6067352 0.4516941 -0.0519776 0.6520301
1740546803.148287 12.0864553 -16.9306793 9.9050903 0.6067311 0.4481243 -0.0548566 0.6542575
1740546803.254409 12.1038170 -16.9953880 9.8863621 0.6062318 0.4439943 -0.0582551 0.6572356
1740546803.352466 12.1099873 -17.0636692 9.8753242 0.6055805 0.4399140 -0.0604759 0.6603715
1740546803.467453 12.1310339 -17.1120949 9.8714905 0.6057930 0.4350896 -0.0659061 0.6628486
1740546803.566205 12.1629410 -17.1714344 9.8912849 0.6080835 0.4308237 -0.0734168 0.6627483
1740546803.665740 12.1879997 -17.2558823 9.8814907 0.6071131 0.4257896 -0.0768922 0.6664868
1740546803.777754 12.2238007 -17.3335419 9.8741474 0.6068786 0.4199930 -0.0812240 0.6698559
1740546803.875380 12.2504997 -17.3921165 9.8593445 0.6057438 0.4126696 -0.0865712 0.6747471
1740546803.981421 12.2818050 -17.4557133 9.8570080 0.6051146 0.4061308 -0.0924483 0.6784891
1740546804.097515 12.2980595 -17.5438805 9.8728867 0.6047048 0.4019942 -0.0970951 0.6806653
1740546804.218365 12.3041096 -17.6212730 9.8637543 0.6035014 0.3961636 -0.1015571 0.6844901
1740546804.340287 12.3313637 -17.6919022 9.8535004 0.6031078 0.3888271 -0.1075524 0.6881185
1740546804.463633 12.3580990 -17.7734718 9.8582993 0.6024513 0.3829560 -0.1134614 0.6910309
1740546804.581837 12.3742790 -17.8367996 9.8515167 0.6019563 0.3758319 -0.1201511 0.6942353
1740546804.716879 12.3916101 -17.9169827 9.8644962 0.6011600 0.3699564 -0.1250137 0.6972162
1740546804.831290 12.4077263 -18.0014191 9.8862114 0.6007021 0.3658018 -0.1296267 0.6989585
1740546804.950934 12.4187412 -18.0884571 9.9038315 0.6008029 0.3616425 -0.1333745 0.7003298
1740546805.074545 12.4419804 -18.1823292 9.9131565 0.5999646 0.3573208 -0.1382575 0.7023170
1740546805.178500 12.4584246 -18.2803326 9.9260998 0.6000251 0.3523307 -0.1426113 0.7039141
1740546805.280568 12.4782438 -18.3639832 9.9414616 0.6010352 0.3468901 -0.1485150 0.7045334
1740546805.377563 12.5014114 -18.4629955 9.9577141 0.6010320 0.3425041 -0.1530598 0.7057083
1740546805.479656 12.5221806 -18.5540390 9.9612389 0.6009307 0.3378321 -0.1574337 0.7070830
1740546805.577661 12.5349312 -18.6493454 9.9757347 0.6012464 0.3335802 -0.1613305 0.7079544
1740546805.676339 12.5558338 -18.7311058 9.9846764 0.6020346 0.3281911 -0.1664205 0.7086248
1740546805.777586 12.5747576 -18.8273430 10.0051022 0.6043052 0.3231580 -0.1709647 0.7079232
1740546805.880068 12.5853214 -18.9279976 10.0136509 0.6040056 0.3192807 -0.1754983 0.7088282
1740546805.997382 12.6000175 -19.0229721 10.0159817 0.6052358 0.3142715 -0.1789155 0.7091631
1740546806.111943 12.6239090 -19.1170502 10.0412312 0.6069031 0.3102332 -0.1833256 0.7083895
1740546806.232317 12.6409235 -19.2068253 10.0426769 0.6080837 0.3060539 -0.1875210 0.7080969
1740546806.351124 12.6569977 -19.2907143 10.0459404 0.6099046 0.3006941 -0.1923992 0.7075183
1740546806.472169 12.6666374 -19.3946915 10.0398235 0.6108446 0.2964989 -0.1960004 0.7074893
1740546806.591742 12.6744833 -19.4815331 10.0504131 0.6119618 0.2933255 -0.1999777 0.7067332
1740546806.688123 12.6888676 -19.5341206 10.0595818 0.6138298 0.2900555 -0.2039589 0.7053237
1740546806.796242 12.7092524 -19.6174736 10.0674286 0.6165086 0.2843232 -0.2098618 0.7035876
1740546806.892350 12.7187271 -19.6794891 10.0728550 0.6196539 0.2801087 -0.2149772 0.7009658
1740546806.995575 12.7199106 -19.7790985 10.0849133 0.6221063 0.2765064 -0.2175822 0.6994183
1740546807.094356 12.7372541 -19.8749962 10.0907650 0.6244461 0.2728081 -0.2214317 0.6975750
1740546807.192825 12.7518291 -19.9689445 10.1005325 0.6274966 0.2687244 -0.2234915 0.6957635
1740546807.301576 12.7672548 -20.0647717 10.1071510 0.6301471 0.2647626 -0.2272461 0.6936675
1740546807.399311 12.7807846 -20.1521721 10.1100368 0.6322272 0.2608436 -0.2307919 0.6920870
1740546807.501681 12.7869854 -20.2343845 10.1113682 0.6340260 0.2570987 -0.2351007 0.6903905
1740546807.599185 12.7990646 -20.3355942 10.1226330 0.6363733 0.2530734 -0.2385129 0.6885452
1740546807.699149 12.8052282 -20.4369278 10.1247063 0.6383540 0.2495649 -0.2412085 0.6870517
1740546807.808466 12.7834444 -20.5318260 10.1317596 0.6403126 0.2481469 -0.2429065 0.6851419
1740546807.906298 12.7905226 -20.6253929 10.1377716 0.6429602 0.2448054 -0.2458695 0.6828036
1740546808.020779 12.8012943 -20.7131882 10.1410484 0.6450201 0.2423246 -0.2478165 0.6810395
1740546808.122262 12.8152857 -20.7995548 10.1414585 0.6470889 0.2388454 -0.2491090 0.6798335
1740546808.231644 12.7929268 -20.8946075 10.1431923 0.6485659 0.2377116 -0.2509652 0.6781386
1740546808.330034 12.7891598 -20.9964199 10.1411324 0.6501533 0.2352560 -0.2530324 0.6767051
1740546808.425431 12.7892056 -21.0965881 10.1468029 0.6524122 0.2326165 -0.2546300 0.6748418
1740546808.529904 12.7946815 -21.1914864 10.1482563 0.6540544 0.2305630 -0.2569318 0.6730822
1740546808.628123 12.7893133 -21.2873116 10.1502056 0.6548458 0.2286838 -0.2587095 0.6722724
1740546808.728795 12.7891731 -21.3826771 10.1540031 0.6559135 0.2275751 -0.2607234 0.6708281
1740546808.830772 12.8005943 -21.4763680 10.1538658 0.6570124 0.2259843 -0.2626291 0.6695459
1740546808.926642 12.8161030 -21.5708160 10.1615124 0.6588349 0.2235267 -0.2630778 0.6684030
1740546809.029216 12.8631029 -21.6454411 10.1737061 0.6610872 0.2208859 -0.2654297 0.6661232
1740546809.130192 12.9186478 -21.7321835 10.1851902 0.6638383 0.2170084 -0.2672223 0.6639414
1740546809.230642 12.9661255 -21.8056145 10.1939850 0.6648144 0.2154104 -0.2705651 0.6621289
1740546809.329597 13.0157757 -21.8933258 10.2075462 0.6673462 0.2122734 -0.2710393 0.6603990
1740546809.428936 13.0560341 -21.9739647 10.2235165 0.6697434 0.2097924 -0.2710238 0.6587693
1740546809.530180 13.1076994 -22.0582829 10.2343769 0.6701487 0.2083815 -0.2755676 0.6569174
1740546809.628633 13.1371355 -22.1450138 10.2399883 0.6711784 0.2065996 -0.2756917 0.6563767
1740546809.729738 13.1110039 -22.2412567 10.2493858 0.6722100 0.2067183 -0.2758989 0.6551954
1740546809.828797 13.0876617 -22.3426838 10.2498894 0.6725985 0.2068704 -0.2758309 0.6547772
1740546809.927197 13.0700827 -22.4451084 10.2460747 0.6727396 0.2066758 -0.2755194 0.6548249
1740546810.034068 13.0496521 -22.5435944 10.2479877 0.6722393 0.2074291 -0.2756421 0.6550488
1740546810.134772 13.0519314 -22.6418114 10.2525463 0.6723963 0.2068080 -0.2760738 0.6549022
1740546810.245807 13.0409794 -22.7413654 10.2591457 0.6722594 0.2070753 -0.2759382 0.6550155
1740546810.348084 13.0355167 -22.8397446 10.2717285 0.6732069 0.2066635 -0.2750126 0.6545615
1740546810.444512 13.0159149 -22.9419765 10.2789707 0.6725647 0.2072591 -0.2751522 0.6549745
1740546810.552554 12.9978180 -23.0392513 10.2828979 0.6726707 0.2078738 -0.2747968 0.6548201
1740546810.652205 12.9955082 -23.1383629 10.2821770 0.6725408 0.2076430 -0.2748947 0.6549856
1740546810.759434 12.9926109 -23.2369404 10.2865334 0.6725292 0.2075161 -0.2750773 0.6549611
1740546810.969238 12.9671383 -23.4383602 10.2865086 0.6722236 0.2081379 -0.2737369 0.6556388
1740546811.066271 12.9492769 -23.5370808 10.2970657 0.6724774 0.2092960 -0.2727104 0.6554376
1740546811.284505 12.9484177 -23.7400227 10.2904453 0.6717106 0.2100688 -0.2724281 0.6560937
1740546811.385356 12.9248905 -23.8360004 10.2979298 0.6716714 0.2111987 -0.2713064 0.6562359
1740546811.601774 12.9153996 -24.0371971 10.2860851 0.6704116 0.2114935 -0.2702581 0.6578597
1740546811.705664 12.9029808 -24.1389332 10.2937851 0.6696770 0.2125853 -0.2699945 0.6583640
1740546811.813197 12.8896389 -24.2380123 10.2963181 0.6692025 0.2131461 -0.2690230 0.6590625
1740546812.019395 12.8759022 -24.4367275 10.2964077 0.6674812 0.2144560 -0.2677180 0.6609119
1740546812.233922 12.8719616 -24.6424618 10.3008099 0.6653188 0.2162966 -0.2661006 0.6631419
1740546812.438800 12.8615589 -24.8464832 10.3071709 0.6626944 0.2182701 -0.2644095 0.6657942
1740546812.544931 12.8448334 -24.9451408 10.3132858 0.6612672 0.2200423 -0.2629077 0.6672231
1740546812.648753 12.8185959 -25.0436134 10.3323364 0.6606938 0.2216270 -0.2605802 0.6681789
1740546812.864357 12.8262300 -25.2444649 10.3566151 0.6579626 0.2240665 -0.2591020 0.6706308
1740546813.079411 12.8237858 -25.4456615 10.3556290 0.6539294 0.2270924 -0.2568617 0.6744090
1740546813.180653 12.8141193 -25.5434265 10.3772793 0.6525856 0.2291181 -0.2550671 0.6757055
1740546813.291149 12.8080387 -25.6421776 10.3977833 0.6514242 0.2308104 -0.2536771 0.6767725
1740546813.509237 12.8212070 -25.8429794 10.4094830 0.6479245 0.2333883 -0.2512620 0.6801405
1740546813.727905 12.8277063 -26.0453682 10.4234047 0.6443697 0.2363804 -0.2480844 0.6836419
1740546813.832608 12.8354311 -26.1456070 10.4465122 0.6436878 0.2377611 -0.2467411 0.6842912
1740546813.932208 12.8368416 -26.2415848 10.4729748 0.6427931 0.2399599 -0.2446970 0.6850982
1740546814.148283 12.8741570 -26.4398270 10.4898529 0.6405075 0.2416742 -0.2431670 0.6871780
1740546814.260507 12.8731499 -26.5347786 10.5251923 0.6403081 0.2437852 -0.2414366 0.6872283
1740546814.363337 12.8692551 -26.6357918 10.5440292 0.6398789 0.2451372 -0.2401028 0.6876143
1740546814.480523 12.8734627 -26.7344856 10.5631847 0.6394305 0.2462140 -0.2393911 0.6878948
1740546814.584381 12.8741684 -26.8310127 10.5668087 0.6393736 0.2467343 -0.2386127 0.6880317
1740546814.690100 12.8746662 -26.9257221 10.5907173 0.6400454 0.2479938 -0.2376016 0.6873037
1740546814.800540 12.8981018 -27.0264702 10.5793152 0.6398945 0.2477407 -0.2378344 0.6874550
1740546814.906599 12.9089222 -27.1277027 10.5725021 0.6392266 0.2475557 -0.2378900 0.6881235
1740546815.018372 12.9145231 -27.2221241 10.5948315 0.6406572 0.2476595 -0.2378209 0.6867784
1740546815.124765 12.9153404 -27.3217735 10.6029758 0.6406843 0.2474726 -0.2384229 0.6866116
1740546815.348619 12.9377613 -27.5245113 10.5889168 0.6398681 0.2446888 -0.2414115 0.6873258
1740546815.451698 12.9295521 -27.6231747 10.6126690 0.6411377 0.2431560 -0.2424717 0.6863127
1740546815.566001 12.9345760 -27.7254639 10.6068554 0.6410930 0.2407431 -0.2447306 0.6864033
1740546815.793159 12.9364319 -27.9243622 10.5746059 0.6402370 0.2344132 -0.2501189 0.6874501
1740546815.898359 12.9406719 -28.0257206 10.5840302 0.6401894 0.2311344 -0.2535686 0.6873408
1740546816.017909 12.9472351 -28.1221256 10.5999928 0.6403598 0.2271238 -0.2571631 0.6871836
1740546816.123436 12.9528942 -28.2178574 10.6297054 0.6404261 0.2230850 -0.2613275 0.6868737
1740546816.237959 12.9520226 -28.3160057 10.6630516 0.6407600 0.2183421 -0.2656800 0.6864164
1740546816.348989 12.9447975 -28.4152412 10.6603546 0.6391029 0.2126819 -0.2703481 0.6879141
1740546816.452625 12.9351377 -28.5068359 10.6919575 0.6390223 0.2070550 -0.2761555 0.6873987
1740546816.567068 12.9182892 -28.6044388 10.6951027 0.6376941 0.2007520 -0.2817820 0.6882179
1740546816.670083 12.9011936 -28.7004662 10.7202168 0.6371539 0.1943076 -0.2877960 0.6880792
1740546816.783724 12.8690224 -28.7942085 10.7496376 0.6366641 0.1878302 -0.2933642 0.6879798
1740546816.888017 12.8424101 -28.8867378 10.7768879 0.6366143 0.1811388 -0.2993846 0.6872262
1740546816.999614 12.8133879 -28.9747467 10.8128738 0.6370593 0.1734896 -0.3053118 0.6861789
1740546817.105556 12.7829199 -29.0603085 10.8470058 0.6367229 0.1668856 -0.3112776 0.6854483
1740546817.218694 12.7619467 -29.1481972 10.8861866 0.6372932 0.1599981 -0.3179382 0.6835008
1740546817.330887 12.7352171 -29.2463932 10.8924007 0.6366159 0.1524875 -0.3241965 0.6829088
1740546817.546526 12.6783342 -29.4344826 10.9136868 0.6363947 0.1379552 -0.3358656 0.6805618
1740546817.757444 12.6019545 -29.6180534 10.9525223 0.6371478 0.1247873 -0.3470373 0.6767834
1740546818.067462 12.4729557 -29.8876038 10.9977016 0.6388282 0.1046907 -0.3617100 0.6708981
1740546818.581259 12.2563295 -30.3355579 11.0815983 0.6416613 0.0797478 -0.3819678 0.6603118
1740546818.893102 12.0983543 -30.5919342 11.1029758 0.6416403 0.0672187 -0.3914104 0.6561838
1740546819.200042 11.9449873 -30.8448410 11.1473274 0.6398253 0.0577805 -0.3990359 0.6542593
1740546819.404977 11.8506126 -31.0242233 11.1733227 0.6363020 0.0540750 -0.4032439 0.6554312
1740546819.614923 11.7790012 -31.2010345 11.2055111 0.6318235 0.0513201 -0.4067207 0.6578325
1740546819.820548 11.6950874 -31.3702126 11.2567425 0.6264396 0.0507125 -0.4086492 0.6618214
1740546820.028096 11.6005192 -31.5337029 11.3234100 0.6193627 0.0517293 -0.4108693 0.6670086
1740546820.234753 11.5253963 -31.6884193 11.3905334 0.6115450 0.0525301 -0.4133416 0.6726086
1740546820.435031 11.4375763 -31.8594627 11.4441738 0.6016116 0.0554412 -0.4158643 0.6797402
1740546820.543228 11.3998699 -31.9404087 11.4855022 0.5970098 0.0570731 -0.4158738 0.6836454
1740546820.752754 11.3571281 -32.1274033 11.5524864 0.5871457 0.0600234 -0.4170719 0.6911644
1740546820.853416 11.3688030 -32.1777916 11.6086597 0.5834731 0.0622558 -0.4165234 0.6944002
1740546820.952893 11.3839340 -32.2259026 11.6629162 0.5804074 0.0634104 -0.4157513 0.6973215
1740546821.055907 11.3946896 -32.2626877 11.7002888 0.5763059 0.0646298 -0.4159735 0.7004717
1740546821.155520 11.4084015 -32.3205795 11.7690563 0.5733034 0.0660594 -0.4144986 0.7036693
1740546821.266528 11.4154968 -32.3780060 11.8196335 0.5689054 0.0680390 -0.4137113 0.7075028
1740546821.367362 11.4289608 -32.4183769 11.8591423 0.5652946 0.0694817 -0.4132817 0.7105016
1740546821.470435 11.4429474 -32.4662094 11.9011059 0.5617425 0.0704361 -0.4118925 0.7140229
1740546821.571885 11.4557266 -32.5215683 11.9680958 0.5592196 0.0721291 -0.4087632 0.7176235
1740546821.671659 11.4556465 -32.5768089 12.0285492 0.5566665 0.0744307 -0.4057997 0.7210472
1740546821.779070 11.4669952 -32.6338768 12.0848713 0.5526618 0.0770292 -0.4039891 0.7248616
1740546821.877784 11.4854412 -32.6783905 12.1299648 0.5486460 0.0786382 -0.4037532 0.7278647
1740546821.988122 11.5065842 -32.7385635 12.1850700 0.5463337 0.0797368 -0.4008342 0.7310907
1740546822.083867 11.5433235 -32.8030319 12.2562275 0.5441418 0.0795693 -0.3991360 0.7336681
1740546822.182914 11.5668468 -32.8549271 12.3031940 0.5403600 0.0798764 -0.3987810 0.7366169
1740546822.302631 11.5594273 -32.8547211 12.3057404 0.5347648 0.0835858 -0.3986161 0.7403683
1740546822.401618 11.5641403 -32.8647156 12.3169174 0.5306642 0.0844526 -0.3991239 0.7429423
1740546822.504420 11.5844059 -32.9129868 12.3647251 0.5286474 0.0865465 -0.3963472 0.7456209
1740546822.605480 11.5974903 -32.9909630 12.4266510 0.5237140 0.0877020 -0.3973670 0.7484193
1740546822.704802 11.6259842 -33.0732841 12.4840832 0.5200111 0.0878983 -0.3976954 0.7508000
1740546822.809090 11.6588688 -33.1368637 12.5449715 0.5178162 0.0887237 -0.3949098 0.7536848
1740546822.923790 11.6924229 -33.1922035 12.6005039 0.5151271 0.0897879 -0.3928417 0.7564771
1740546823.030235 11.7171974 -33.2468796 12.6573563 0.5103458 0.0918758 -0.3948533 0.7584175
1740546823.126486 11.7377014 -33.2914467 12.6958294 0.5059031 0.0936211 -0.3940795 0.7615764
1740546823.240680 11.7657986 -33.3465691 12.7458801 0.5032585 0.0941622 -0.3944118 0.7630884
1740546823.336297 11.7962494 -33.4067421 12.8025665 0.5021251 0.0939764 -0.3921661 0.7650128
1740546823.451173 11.8265724 -33.4596977 12.8503494 0.4998521 0.0934180 -0.3894259 0.7679639
1740546823.554749 11.8399067 -33.5029564 12.8885250 0.4950978 0.0963422 -0.3881267 0.7713326
1740546823.656415 11.8654423 -33.5747147 12.9496803 0.4912846 0.0971885 -0.3875143 0.7739680
1740546823.770012 11.8971672 -33.6469078 13.0156269 0.4888113 0.0977492 -0.3858357 0.7762985
1740546823.871979 11.9242630 -33.7110367 13.0712948 0.4860355 0.0988587 -0.3830705 0.7792647
1740546823.980221 11.9564304 -33.7823906 13.1358376 0.4820573 0.0988156 -0.3836153 0.7814701
1740546824.083859 11.9693432 -33.8415642 13.1837845 0.4777169 0.1020137 -0.3803139 0.7853286
1740546824.184779 12.0016384 -33.9016685 13.2365417 0.4726643 0.1025582 -0.3810662 0.7879460
1740546824.307690 12.0347977 -33.9622879 13.2954865 0.4683056 0.1049991 -0.3841881 0.7887107
1740546824.409432 12.0658302 -34.0260811 13.3555088 0.4652595 0.1063129 -0.3832767 0.7907782
1740546824.522088 12.0662651 -34.0855789 13.4028969 0.4591998 0.1118738 -0.3817668 0.7942757
1740546824.621004 12.0890770 -34.1644211 13.4690495 0.4562721 0.1117127 -0.3817153 0.7960085
1740546824.724361 12.1188793 -34.2431450 13.5391617 0.4516712 0.1129153 -0.3806877 0.7989494
1740546824.832096 12.1482811 -34.3162193 13.6002846 0.4467215 0.1141240 -0.3813999 0.8012177
1740546824.929110 12.1641693 -34.3755608 13.6660576 0.4429640 0.1171793 -0.3813414 0.8028889
1740546825.036309 12.1809845 -34.4497185 13.7241173 0.4373836 0.1207710 -0.3816858 0.8052490
1740546825.132853 12.1845932 -34.5201073 13.7886810 0.4335003 0.1237711 -0.3797421 0.8078082
1740546825.242975 12.1877003 -34.5838127 13.8395157 0.4286376 0.1295859 -0.3779127 0.8103451
1740546825.338484 12.1901951 -34.6714058 13.8899364 0.4226604 0.1318527 -0.3774057 0.8133499
1740546825.438073 12.1988220 -34.7443314 13.9523926 0.4177704 0.1349119 -0.3776411 0.8152630
1740546825.554447 12.2197876 -34.8172760 14.0143375 0.4129984 0.1376927 -0.3777299 0.8171861
1740546825.652149 12.2482052 -34.8832855 14.0716839 0.4079394 0.1411898 -0.3774753 0.8192456
1740546825.754233 12.2662735 -34.9496880 14.1242008 0.4018716 0.1457267 -0.3767426 0.8217834
1740546825.854638 12.2626038 -35.0199890 14.1825199 0.3965403 0.1505649 -0.3752448 0.8241828
1740546825.955720 12.2961674 -35.0924835 14.2362537 0.3911323 0.1518786 -0.3753295 0.8264843
1740546826.062943 12.3245907 -35.1607628 14.2944603 0.3867642 0.1561008 -0.3744583 0.8281467
1740546826.168225 12.3510656 -35.2314873 14.3534107 0.3833235 0.1604727 -0.3729769 0.8295782
1740546826.277566 12.3580837 -35.3139992 14.4109135 0.3796232 0.1648676 -0.3709204 0.8313381
1740546826.384946 12.3839569 -35.3883591 14.4727917 0.3768342 0.1689489 -0.3698457 0.8322659
1740546826.499145 12.4139986 -35.4552994 14.5270004 0.3721037 0.1727432 -0.3690550 0.8339646
1740546826.602629 12.4420300 -35.5260696 14.5896149 0.3695003 0.1767874 -0.3675567 0.8349358
1740546826.702160 12.4674702 -35.5966644 14.6503220 0.3658933 0.1817708 -0.3653503 0.8364213
1740546826.810738 12.4912481 -35.6587601 14.7024517 0.3620319 0.1855983 -0.3636801 0.8379874
1740546826.916636 12.5121050 -35.7119293 14.7411766 0.3568566 0.1887047 -0.3626270 0.8399676
1740546827.025030 12.5227814 -35.7681885 14.7802935 0.3509248 0.1929921 -0.3612840 0.8420687
1740546827.123550 12.5544958 -35.8366737 14.8410444 0.3476880 0.1969580 -0.3615899 0.8423619
1740546827.221978 12.5731888 -35.9026260 14.9079952 0.3460086 0.2011443 -0.3600420 0.8427270
1740546827.324746 12.5989161 -35.9734039 14.9770880 0.3431400 0.2035943 -0.3584668 0.8439821
1740546827.422827 12.6297235 -36.0410767 15.0366697 0.3400786 0.2064108 -0.3577788 0.8448287
1740546827.527140 12.6644382 -36.1042557 15.0892801 0.3369943 0.2081976 -0.3564850 0.8461720
1740546827.623979 12.6904621 -36.1750183 15.1535482 0.3352427 0.2109380 -0.3556978 0.8465202
1740546827.721561 12.7207222 -36.2345161 15.2265825 0.3341175 0.2143124 -0.3539357 0.8468561
1740546827.824046 12.7543516 -36.2991447 15.2850714 0.3311234 0.2169801 -0.3535499 0.8475137
1740546827.924465 12.7911911 -36.3565178 15.3433781 0.3285959 0.2171945 -0.3537946 0.8483400
1740546828.038119 12.8192873 -36.4083862 15.3856392 0.3231016 0.2186793 -0.3546282 0.8497197
1740546828.135208 12.8518448 -36.4761314 15.4581356 0.3210291 0.2207245 -0.3554604 0.8496287
1740546828.235402 12.8800516 -36.5210495 15.4907808 0.3142003 0.2211343 -0.3554835 0.8520617
1740546828.336232 12.9073915 -36.5742836 15.5426168 0.3103331 0.2233370 -0.3567552 0.8523730
1740546828.436677 12.9371347 -36.6222992 15.5892029 0.3058316 0.2240484 -0.3575000 0.8535005
1740546828.542227 12.9556417 -36.6773186 15.6502180 0.3046726 0.2268983 -0.3559465 0.8538113
1740546828.637766 12.9870348 -36.7301941 15.7051897 0.3025610 0.2284932 -0.3546008 0.8546965
1740546828.748265 13.0063286 -36.7671051 15.7451916 0.2993550 0.2311822 -0.3542853 0.8552329
1740546828.843225 13.0124207 -36.7743530 15.7514467 0.2961797 0.2320721 -0.3546840 0.8559319
1740546828.940202 13.0289669 -36.7947884 15.7683964 0.2905371 0.2330882 -0.3571966 0.8565446
1740546829.055069 13.0527840 -36.8434258 15.8220701 0.2857518 0.2364123 -0.3560080 0.8577374
1740546829.152187 13.0815687 -36.8941536 15.8776979 0.2812332 0.2382907 -0.3552862 0.8590094
1740546829.254655 13.1075792 -36.9198952 15.9250660 0.2784993 0.2421636 -0.3537482 0.8594517
1740546829.347946 13.1259594 -36.9373550 15.9479542 0.2736578 0.2428914 -0.3542990 0.8605739
1740546829.443500 13.1384506 -36.9575653 15.9676018 0.2664427 0.2447410 -0.3555697 0.8617890
1740546829.547925 13.1671696 -37.0031395 16.0191383 0.2601779 0.2489321 -0.3551197 0.8626878
1740546829.646717 13.1971989 -37.0498428 16.0924263 0.2563962 0.2533891 -0.3520509 0.8637795
1740546829.760771 13.2332735 -37.0914955 16.1607494 0.2515622 0.2575839 -0.3506030 0.8645487
1740546829.856225 13.2765732 -37.1388969 16.2357559 0.2471397 0.2598670 -0.3494249 0.8656173
1740546829.956347 13.3169212 -37.1941719 16.3106384 0.2429508 0.2622139 -0.3475277 0.8668583
1740546830.065158 13.3521175 -37.2283401 16.3673229 0.2381006 0.2652637 -0.3451250 0.8682350
1740546830.164099 13.3796883 -37.2829094 16.4465752 0.2333486 0.2683853 -0.3434266 0.8692387
1740546830.271316 13.4165573 -37.3283043 16.5083046 0.2282537 0.2704421 -0.3417807 0.8706017
1740546830.373190 13.4479475 -37.3657875 16.5629654 0.2240235 0.2740608 -0.3414188 0.8707108
1740546830.476663 13.4796219 -37.4114990 16.6315613 0.2206784 0.2763972 -0.3392565 0.8716713
1740546830.584346 13.5075369 -37.4461250 16.6992264 0.2196541 0.2807408 -0.3368838 0.8714620
1740546830.681200 13.5550489 -37.4938354 16.7797470 0.2175632 0.2830110 -0.3356565 0.8717257
1740546830.786778 13.5878725 -37.5419998 16.8544731 0.2148225 0.2853461 -0.3349544 0.8719142
1740546830.888524 13.6147852 -37.5777473 16.9110737 0.2134273 0.2867565 -0.3340336 0.8721474
1740546830.989757 13.6334047 -37.6207771 16.9707985 0.2101547 0.2896161 -0.3323905 0.8726248
1740546831.091177 13.6746521 -37.6669846 17.0418777 0.2096161 0.2915402 -0.3312650 0.8725417
1740546831.190211 13.7319736 -37.6978836 17.0992050 0.2106796 0.2915171 -0.3321052 0.8719736
1740546831.295040 13.7684469 -37.7514763 17.1761036 0.2102272 0.2931361 -0.3318659 0.8716311
1740546831.394406 13.8047581 -37.8143806 17.2514000 0.2092804 0.2948264 -0.3309285 0.8716453
1740546831.507713 13.8419800 -37.8579178 17.3278427 0.2100026 0.2959292 -0.3313281 0.8709458
1740546831.603373 13.8702240 -37.9225273 17.4010086 0.2095674 0.2976333 -0.3303806 0.8708298
1740546831.704115 13.9168282 -37.9784393 17.4670925 0.2102035 0.2972803 -0.3304001 0.8707897
1740546831.805044 13.9477434 -38.0302887 17.5371990 0.2107414 0.2980519 -0.3308187 0.8702368
1740546831.905453 13.9826736 -38.0843964 17.6003990 0.2117597 0.2977152 -0.3312693 0.8699334
1740546832.011967 14.0090322 -38.1372910 17.6703262 0.2131561 0.2986088 -0.3317796 0.8690913
1740546832.111807 14.0555086 -38.2013206 17.7563324 0.2133013 0.2992452 -0.3316242 0.8688960
1740546832.211925 14.0983629 -38.2534637 17.8221741 0.2152650 0.2994055 -0.3313726 0.8684524
1740546832.316773 14.1361685 -38.3044510 17.8904457 0.2160069 0.2989460 -0.3319777 0.8681953
1740546832.414429 14.1757660 -38.3540535 17.9537125 0.2176071 0.2981315 -0.3323140 0.8679471
1740546832.521504 14.2119465 -38.4062958 18.0221252 0.2186982 0.2973506 -0.3326890 0.8677971
1740546832.621211 14.2475100 -38.4552765 18.0946045 0.2196435 0.2974740 -0.3332915 0.8672847
1740546832.719935 14.2692757 -38.5099182 18.1666489 0.2203302 0.2978963 -0.3330236 0.8670684
1740546832.820246 14.3110485 -38.5820808 18.2473412 0.2201698 0.2972767 -0.3329383 0.8673546
1740546832.921407 14.3429203 -38.6316109 18.3115139 0.2208135 0.2963126 -0.3338227 0.8671809
1740546833.027804 14.3815994 -38.6892586 18.3886909 0.2214668 0.2957581 -0.3338043 0.8672107
1740546833.128047 14.4206038 -38.7389565 18.4576874 0.2210839 0.2944776 -0.3351821 0.8672127
1740546833.227341 14.4584217 -38.8033295 18.5304260 0.2215388 0.2940878 -0.3345401 0.8674767
1740546833.328783 14.4850302 -38.8611412 18.6025772 0.2215583 0.2940577 -0.3349600 0.8673199
1740546833.425420 14.5160627 -38.9246521 18.6742134 0.2218374 0.2937598 -0.3354696 0.8671525
1740546833.538523 14.5355921 -38.9724998 18.7410812 0.2215135 0.2936059 -0.3343566 0.8677171
1740546833.632109 14.5726004 -39.0272446 18.8123322 0.2215800 0.2930470 -0.3349143 0.8676740
1740546833.728083 14.6094332 -39.0819359 18.8832130 0.2212363 0.2926091 -0.3352164 0.8677928
1740546833.829159 14.6494055 -39.1310692 18.9504204 0.2222855 0.2906404 -0.3356613 0.8680143
1740546833.925165 14.6762619 -39.1895370 19.0341873 0.2214449 0.2917540 -0.3356011 0.8678789
1740546834.041547 14.7082396 -39.2461777 19.1081829 0.2211436 0.2909801 -0.3361987 0.8679842
1740546834.137600 14.7369089 -39.2946243 19.1832962 0.2215024 0.2914662 -0.3358631 0.8678595
1740546834.235319 14.7651672 -39.3532639 19.2599163 0.2220875 0.2912418 -0.3361882 0.8676594
1740546834.339247 14.8015776 -39.4144936 19.3328819 0.2216154 0.2906197 -0.3358481 0.8681203
1740546834.434107 14.8370800 -39.4711380 19.3963890 0.2211849 0.2903800 -0.3363884 0.8681011
1740546834.544070 14.8861771 -39.5514030 19.4621811 0.2204687 0.2884011 -0.3366968 0.8688231
1740546834.643640 14.9143906 -39.6112709 19.5411434 0.2198280 0.2888587 -0.3364920 0.8689129
1740546834.741194 14.9506283 -39.6623459 19.6180649 0.2200317 0.2888880 -0.3367617 0.8687470
1740546834.938289 15.0266495 -39.7768440 19.7575932 0.2192606 0.2868008 -0.3372998 0.8694245
1740546835.039386 15.0595093 -39.8287735 19.8358841 0.2199904 0.2865781 -0.3371955 0.8693540
1740546835.140344 15.0902824 -39.8872757 19.9166813 0.2194740 0.2862413 -0.3375953 0.8694404
1740546835.336165 15.1564388 -40.0065117 20.0648937 0.2180603 0.2854984 -0.3379786 0.8698913
1740546835.430116 15.1988897 -40.0648804 20.1360645 0.2179886 0.2844960 -0.3378850 0.8702739
1740546835.530257 15.2352247 -40.1170731 20.2176552 0.2173765 0.2846374 -0.3376537 0.8704706
1740546835.730127 15.2922945 -40.2303581 20.3644714 0.2159763 0.2847262 -0.3373545 0.8709059
1740546835.835736 15.3273525 -40.2862892 20.4443054 0.2151925 0.2849000 -0.3367129 0.8712913
1740546836.031876 15.3908777 -40.4033852 20.5964661 0.2129472 0.2866352 -0.3360541 0.8715282
1740546836.136039 15.4267302 -40.4589462 20.6704102 0.2118925 0.2875533 -0.3354507 0.8717153
1740546836.337193 15.4955435 -40.5702438 20.8211021 0.2098440 0.2910455 -0.3335782 0.8717704
1740546836.435030 15.5304623 -40.6274681 20.8952141 0.2086249 0.2935067 -0.3327734 0.8715454
1740546836.543769 15.5579300 -40.6829910 20.9775276 0.2080486 0.2968174 -0.3314757 0.8710563
1740546836.745005 15.6109838 -40.7869186 21.1388130 0.2058330 0.3057871 -0.3283097 0.8696780
1740546836.951723 15.6794291 -40.8931961 21.2919464 0.2036127 0.3169287 -0.3239899 0.8678298
1740546837.064523 15.7317438 -40.9413986 21.3621826 0.2031789 0.3229607 -0.3221028 0.8664089
1740546837.159438 15.7879047 -40.9794159 21.4302750 0.2030379 0.3300620 -0.3197481 0.8646362
1740546837.369498 15.8983307 -41.0940666 21.5573711 0.2007751 0.3471557 -0.3133946 0.8607881
1740546837.465801 15.9608135 -41.1507149 21.6059723 0.1999173 0.3561114 -0.3102530 0.8584642
1740546837.573520 16.0212440 -41.2146759 21.6571922 0.1985111 0.3656982 -0.3065785 0.8560770
1740546837.766729 16.1467609 -41.3332367 21.7641602 0.1964627 0.3867041 -0.2990192 0.8499705
1740546837.974679 16.2764282 -41.4456100 21.8740444 0.1943245 0.4083062 -0.2903518 0.8433385
1740546838.181070 16.4209099 -41.5510635 21.9713783 0.1922538 0.4296258 -0.2817695 0.8361017
1740546838.283068 16.4936638 -41.6024475 22.0141945 0.1910496 0.4403912 -0.2773567 0.8322433
1740546838.391732 16.5732079 -41.6493683 22.0509605 0.1906833 0.4506124 -0.2734568 0.8281363
1740546838.602277 16.7337170 -41.7574844 22.1083508 0.1880565 0.4697126 -0.2651108 0.8208051
1740546838.910888 16.9865570 -41.9188461 22.1773186 0.1839636 0.4939883 -0.2543534 0.8108251
1740546839.217986 17.2214165 -42.0707550 22.2689781 0.1796603 0.5127032 -0.2447712 0.8030844
1740546839.627389 17.5197067 -42.2859612 22.4386444 0.1722748 0.5267836 -0.2354340 0.7983679
1740546839.939505 17.7612801 -42.4464874 22.5357132 0.1649345 0.5313154 -0.2298984 0.7985282
1740546840.461756 18.1571865 -42.6661530 22.7534046 0.1494634 0.5304655 -0.2209552 0.8046402
1740546840.978463 18.5570564 -42.8824463 22.9696159 0.1303244 0.5255027 -0.2114480 0.8137274
1740546841.504003 18.9452648 -43.0481262 23.2387733 0.1082895 0.5208914 -0.2006617 0.8226058
1740546842.124479 19.4667931 -43.2438354 23.4743233 0.0832704 0.5157096 -0.1876536 0.8318027
1740546842.729203 19.9687901 -43.3849754 23.7797508 0.0625269 0.5113029 -0.1766255 0.8387271
1740546842.932480 20.1386242 -43.4418030 23.8708611 0.0567130 0.5094462 -0.1740352 0.8408091
1740546843.135244 20.3041077 -43.4766006 23.9790936 0.0530268 0.5081886 -0.1719867 0.8422310
1740546843.340529 20.4695206 -43.5019226 24.0846596 0.0494841 0.5063665 -0.1709616 0.8437514
1740546843.535361 20.6377068 -43.5433922 24.1888638 0.0482443 0.5045834 -0.1698040 0.8451241
1740546843.732477 20.8141003 -43.5936012 24.2701797 0.0482056 0.5021982 -0.1708010 0.8463452
1740546843.943351 20.9904461 -43.6456337 24.3494473 0.0488592 0.4994350 -0.1720141 0.8476961
1740546844.143533 21.1569271 -43.6924286 24.4454651 0.0517053 0.4975707 -0.1735017 0.8483202
1740546844.347594 21.3066959 -43.7606125 24.5551949 0.0550905 0.4948121 -0.1759985 0.8492059
1740546844.643153 21.5321522 -43.8795815 24.7228661 0.0621385 0.4902637 -0.1805145 0.8504087
1740546844.847654 21.6922112 -43.9321976 24.8348484 0.0665137 0.4869046 -0.1838388 0.8512950
1740546845.040290 21.8586388 -43.9780388 24.9432182 0.0719523 0.4821984 -0.1871631 0.8528057
1740546845.349590 22.0919533 -44.0934944 25.1018372 0.0789156 0.4758773 -0.1923791 0.8545779
1740546845.650292 22.3198528 -44.2087822 25.2721558 0.0856295 0.4680964 -0.1973167 0.8570995
1740546845.946228 22.5414963 -44.3103409 25.4556122 0.0921763 0.4614922 -0.2026056 0.8587663
1740546846.248649 22.7609444 -44.4361496 25.6277122 0.0976392 0.4542008 -0.2068814 0.8610274
1740546846.549365 22.9687901 -44.5551643 25.8051987 0.1024434 0.4461322 -0.2105990 0.8637820
1740546846.856607 23.1861229 -44.6713753 25.9915199 0.1069579 0.4373250 -0.2151978 0.8666007
1740546847.153554 23.4030380 -44.7833023 26.1779137 0.1115627 0.4280721 -0.2189255 0.8697009
1740546847.450100 23.5916595 -44.8984032 26.3865070 0.1163165 0.4196920 -0.2231687 0.8720807
1740546847.749773 23.7920704 -45.0094147 26.5890007 0.1224474 0.4114447 -0.2271905 0.8741307
1740546848.051912 23.9855385 -45.1244736 26.7965813 0.1289109 0.4039108 -0.2319957 0.8754519
1740546848.350268 24.1600246 -45.2630234 27.0034695 0.1364942 0.3983862 -0.2361275 0.8757291
1740546848.645039 24.3318825 -45.4155960 27.1976719 0.1452483 0.3948570 -0.2406761 0.8746805
1740546848.945554 24.5220451 -45.5567894 27.3915730 0.1543141 0.3929232 -0.2444964 0.8729376
1740546849.244445 24.6714821 -45.7185402 27.6022930 0.1638010 0.3933948 -0.2477026 0.8700880
1740546849.541705 24.8488197 -45.8963890 27.7768250 0.1716119 0.3966602 -0.2494292 0.8665997
1740546849.847745 25.0309677 -46.0507011 27.9686565 0.1795353 0.4031043 -0.2504540 0.8617116
1740546850.145159 25.2204800 -46.1968346 28.1603718 0.1868860 0.4125158 -0.2510870 0.8554880
1740546850.546914 25.4695663 -46.4306793 28.3812370 0.1985158 0.4304953 -0.2493418 0.8444489
1740546850.863262 25.6662426 -46.6046219 28.5333939 0.2095106 0.4464795 -0.2484289 0.8336933
1740546851.182570 25.8842983 -46.7694931 28.6691761 0.2231900 0.4644646 -0.2477714 0.8204074
1740546851.597627 26.1670532 -47.0130463 28.8202782 0.2468109 0.4901425 -0.2476554 0.7984432
1740546851.910125 26.3751850 -47.1903763 28.9507828 0.2670051 0.5085673 -0.2493220 0.7796834
1740546852.325025 26.5951958 -47.5261917 28.9486656 0.2942067 0.5294602 -0.2517762 0.7548000
1740546852.732604 26.8083534 -47.8863602 28.8730583 0.3147967 0.5425936 -0.2546272 0.7359757
1740546853.145722 27.0372047 -48.2107315 28.9081078 0.3238560 0.5456007 -0.2570085 0.7289608
1740546853.557472 27.3012199 -48.4938049 29.0164070 0.3192066 0.5385614 -0.2592731 0.7354157
1740546853.961777 27.5602112 -48.7631607 29.1739082 0.3027970 0.5240111 -0.2603406 0.7522959
1740546854.373268 27.8176079 -49.0143585 29.3490067 0.2825583 0.5038858 -0.2612853 0.7732981
1740546854.779451 28.0686455 -49.2663612 29.5303345 0.2632181 0.4848801 -0.2616428 0.7919284
1740546855.102886 28.2527351 -49.4565926 29.6753235 0.2517108 0.4724420 -0.2623272 0.8028852
1740546855.513797 28.4963760 -49.7106476 29.8751698 0.2393661 0.4611395 -0.2626759 0.8130533
1740546855.930783 28.7282639 -49.9740906 30.0802765 0.2321119 0.4532022 -0.2619525 0.8198248
1740546856.347880 28.9868240 -50.2109680 30.2876434 0.2260635 0.4496183 -0.2602940 0.8240059
1740546856.762772 29.2371616 -50.4496574 30.4926643 0.2189664 0.4501908 -0.2569219 0.8266639
1740546857.083606 29.4260941 -50.6227150 30.6479015 0.2144444 0.4515415 -0.2543206 0.8279160
1740546857.389861 29.6364555 -50.7807312 30.7947254 0.2089465 0.4548309 -0.2510387 0.8285227
1740546857.786397 29.9070644 -51.0076027 30.9863987 0.2001016 0.4581807 -0.2472463 0.8299994
1740546857.986230 30.0466843 -51.1189690 31.0815945 0.1962656 0.4598884 -0.2454551 0.8305025
1740546858.190513 30.1818695 -51.2286224 31.1878967 0.1931911 0.4624054 -0.2424551 0.8307069
1740546858.389642 30.3221035 -51.3362885 31.2846851 0.1887339 0.4633064 -0.2397426 0.8320158
1740546858.593209 30.4660034 -51.4370918 31.3796806 0.1861469 0.4635912 -0.2379299 0.8329597
1740546858.785697 30.6059418 -51.5394630 31.4792004 0.1806989 0.4639832 -0.2359965 0.8344898
1740546858.990609 30.7521286 -51.6395645 31.5803070 0.1773754 0.4628503 -0.2345175 0.8362470
1740546859.191115 30.9014492 -51.7332916 31.6792202 0.1742140 0.4597852 -0.2321635 0.8392540
1740546859.392173 31.0391045 -51.8348579 31.7844582 0.1694009 0.4568791 -0.2318806 0.8419004
1740546859.686859 31.2514477 -51.9686775 31.9410019 0.1613300 0.4516917 -0.2306216 0.8466174
1740546859.888640 31.3824177 -52.0607376 32.0565872 0.1563117 0.4474689 -0.2301072 0.8499347
1740546860.092191 31.5147343 -52.1447906 32.1754456 0.1527872 0.4422764 -0.2298734 0.8533498
1740546860.391409 31.7071114 -52.2783661 32.3495941 0.1444133 0.4320849 -0.2277881 0.8605580
1740546860.593363 31.8350258 -52.3624153 32.4823380 0.1399529 0.4260519 -0.2279803 0.8642442
1740546860.892096 32.0332642 -52.4722099 32.6876793 0.1353093 0.4176558 -0.2278443 0.8691041
1740546861.196754 32.2213898 -52.5890274 32.8895874 0.1295045 0.4113731 -0.2272237 0.8731381
1740546861.394715 32.3442307 -52.6717339 33.0292206 0.1261840 0.4078519 -0.2270139 0.8753280
1740546861.691504 32.5373688 -52.7803917 33.2207718 0.1226022 0.4028247 -0.2272619 0.8780963
1740546861.989939 32.7150269 -52.8972969 33.4254684 0.1183283 0.4039479 -0.2253288 0.8786646
1740546862.198529 32.8526917 -52.9780807 33.5535583 0.1165082 0.4026097 -0.2261321 0.8793154
1740546862.497840 33.0471039 -53.0869789 33.7450333 0.1173263 0.4063808 -0.2255445 0.8776211
1740546862.796145 33.2559204 -53.2062225 33.9378357 0.1163131 0.4129031 -0.2226748 0.8754418
1740546862.998666 33.3494644 -53.2820625 34.0512848 0.1149205 0.4197249 -0.2219752 0.8725545
1740546863.206013 33.4710503 -53.3467484 34.1749573 0.1168773 0.4261317 -0.2206947 0.8695087
1740546863.304654 33.5403252 -53.3776131 34.2266655 0.1184500 0.4283967 -0.2213567 0.8680133
1740546863.411359 33.6030807 -53.4166641 34.2768974 0.1172214 0.4294904 -0.2192666 0.8681700
1740546863.627424 33.6097412 -53.4290085 34.3633423 0.1182431 0.4428481 -0.2189871 0.8613645
1740546863.839763 33.5792580 -53.4761963 34.4314575 0.1103911 0.4562520 -0.2184574 0.8555257
1740546863.935421 33.5774422 -53.4882507 34.4802208 0.1098225 0.4643041 -0.2163875 0.8517847
1740546864.034448 33.5656395 -53.5048065 34.5348244 0.1077182 0.4749667 -0.2133519 0.8469265
1740546864.146271 33.5677681 -53.5311661 34.5679855 0.1036340 0.4820592 -0.2157912 0.8428007
1740546864.243732 33.5543098 -53.5495453 34.6196289 0.1012532 0.4929857 -0.2134654 0.8373443
1740546864.349955 33.5527916 -53.5499382 34.6637192 0.1013383 0.5017423 -0.2145583 0.8318353
1740546864.449145 33.5437012 -53.5600471 34.7052841 0.0997853 0.5111691 -0.2132890 0.8265935
1740546864.545604 33.5325394 -53.5702705 34.7472725 0.0975710 0.5202757 -0.2126337 0.8213282
1740546864.648604 33.5219231 -53.5980072 34.7754364 0.0916178 0.5273909 -0.2129101 0.8173949
1740546864.747570 33.5098724 -53.6064796 34.8097992 0.0889404 0.5360348 -0.2135238 0.8118891
1740546864.852634 33.4956779 -53.6228561 34.8532867 0.0867298 0.5458925 -0.2105654 0.8063136
1740546864.952775 33.4902878 -53.6275940 34.8894424 0.0854849 0.5536832 -0.2107412 0.8010714
1740546865.052454 33.4656715 -53.6298141 34.9574280 0.0844990 0.5677599 -0.2104322 0.7913449
1740546865.154814 33.4570427 -53.6488762 34.9871674 0.0808851 0.5754001 -0.2085093 0.7866996
1740546865.255734 33.4460449 -53.6485901 35.0402184 0.0821599 0.5873732 -0.2062349 0.7782735
1740546865.366325 33.4370193 -53.6535187 35.0844841 0.0809497 0.5972437 -0.2055164 0.7710448
1740546865.465249 33.4287224 -53.6481972 35.1316757 0.0816316 0.6076916 -0.2043429 0.7630801
1740546865.566910 33.4237480 -53.6608696 35.1630363 0.0793693 0.6156832 -0.2042471 0.7569134
1740546865.678602 33.4192581 -53.6898956 35.1830711 0.0717622 0.6198772 -0.2033566 0.7544856
1740546865.777867 33.4194489 -53.7327080 35.1922684 0.0673633 0.6214909 -0.1985361 0.7548475
1740546865.880230 33.4429092 -53.7241440 35.1812057 0.0709824 0.6170034 -0.2022476 0.7572081
1740546865.982633 33.4539185 -53.7580261 35.2112770 0.0679818 0.6208503 -0.2020895 0.7543760
1740546866.088536 33.4760399 -53.7831535 35.2450256 0.0677144 0.6222935 -0.2023344 0.7531444
1740546866.193175 33.5093193 -53.7665176 35.2654076 0.0752700 0.6222139 -0.2089180 0.7506914
1740546866.291829 33.5503845 -53.7746277 35.2931519 0.0817035 0.6220620 -0.2126233 0.7491026
1740546866.400610 33.6076965 -53.7774010 35.2648849 0.0844068 0.6137253 -0.2187374 0.7539036
1740546866.501959 33.7199936 -53.7362442 35.2552299 0.0981540 0.6070424 -0.2330863 0.7533500
1740546866.611545 33.7970734 -53.7756920 35.3047104 0.1002141 0.6115822 -0.2344587 0.7489683
1740546866.712326 33.8840981 -53.8132591 35.3200455 0.1021196 0.6105207 -0.2369376 0.7487968
1740546866.921225 34.0567055 -53.8979530 35.3636971 0.1061029 0.6094973 -0.2398985 0.7481337
1740546867.022253 34.1389313 -53.9451752 35.3700104 0.1077604 0.6057795 -0.2427188 0.7500043
1740546867.237581 34.3181915 -54.0139999 35.4076118 0.1155203 0.6030453 -0.2497384 0.7487471
1740546867.445261 34.4827652 -54.1102905 35.4428139 0.1171446 0.5995753 -0.2540614 0.7498262
1740546867.656551 34.6425934 -54.2071457 35.5067368 0.1246999 0.5990728 -0.2578225 0.7477227
1740546867.766980 34.7078667 -54.2756042 35.5457230 0.1257561 0.5982627 -0.2579884 0.7481371
1740546867.878130 34.7468987 -54.3515129 35.5857773 0.1277599 0.5947165 -0.2597347 0.7500184
