1740546763.268234 0.0000000 0.0000000 0.0000000 -0.0000000 -0.0000000 -0.0000000 1.0000000
1740546764.049195 0.0163329 0.0551811 0.0847455 0.0017139 -0.0008196 -0.0001470 0.9999982
1740546764.397748 0.0095864 0.0312849 0.1779332 0.0035862 -0.0020302 -0.0001955 0.9999915
1740546764.513794 -0.0006743 0.0043477 0.2694383 0.0066263 -0.0032519 -0.0000540 0.9999728
1740546764.608327 -0.0066671 -0.0297615 0.3601240 0.0106440 -0.0049301 0.0000104 0.9999312
1740546764.703218 -0.0150682 -0.0547695 0.4538622 0.0155518 -0.0068887 0.0000659 0.9998553
1740546764.798342 -0.0204126 -0.0760173 0.5467455 0.0210896 -0.0092695 0.0000410 0.9997346
1740546764.909553 -0.0288294 -0.1066108 0.6392249 0.0266635 -0.0119258 0.0003775 0.9995733
1740546765.004364 -0.0232843 -0.1335742 0.7336723 0.0330081 -0.0153832 0.0003555 0.9993367
1740546765.115837 -0.0257210 -0.1569486 0.8261565 0.0400402 -0.0188103 0.0004510 0.9990209
1740546765.330299 -0.0351390 -0.2138774 1.0110825 0.0542300 -0.0266311 0.0005157 0.9981732
1740546765.534871 -0.0773635 -0.2649959 1.1914515 0.0690459 -0.0347785 0.0005886 0.9970070
1740546765.731409 -0.1203954 -0.3315350 1.3704863 0.0824134 -0.0433838 0.0004324 0.9956535
1740546765.830486 -0.1413905 -0.3571441 1.4592092 0.0888734 -0.0478922 0.0005195 0.9948907
1740546766.038479 -0.1921322 -0.4113443 1.6380879 0.0999383 -0.0563497 -0.0000348 0.9933968
1740546766.238330 -0.2325905 -0.4469763 1.8239541 0.1094856 -0.0643451 0.0000311 0.9919035
1740546766.445526 -0.2480735 -0.5024485 2.0076272 0.1160415 -0.0718654 -0.0003762 0.9906410
1740546766.647133 -0.2906352 -0.5626460 2.1870396 0.1207637 -0.0778029 -0.0007099 0.9896274
1740546766.848353 -0.3394406 -0.6227277 2.3648260 0.1234611 -0.0828795 -0.0013105 0.9888815
1740546767.053459 -0.3917084 -0.6710410 2.5427256 0.1253048 -0.0865480 -0.0014259 0.9883350
1740546767.267085 -0.4401771 -0.7191409 2.7218683 0.1259191 -0.0891240 -0.0019968 0.9880270
1740546767.575368 -0.5046411 -0.7719532 2.9977403 0.1253767 -0.0907209 -0.0019714 0.9879507
1740546767.881691 -0.5639266 -0.8538040 3.2680187 0.1244479 -0.0901880 -0.0023304 0.9881161
1740546768.192557 -0.6147686 -0.9301540 3.5389771 0.1240490 -0.0866624 -0.0017555 0.9884829
1740546768.502010 -0.7203382 -0.9856809 3.8022912 0.1240469 -0.0797531 -0.0015778 0.9890649
1740546768.809518 -0.7619615 -1.0418342 4.0758057 0.1256702 -0.0707669 -0.0002360 0.9895449
1740546769.117853 -0.7849398 -1.1226137 4.3494415 0.1275302 -0.0610245 0.0009788 0.9899551
1740546769.330646 -0.7940232 -1.1707680 4.5313244 0.1304226 -0.0535753 0.0022495 0.9900074
1740546769.442720 -0.8011565 -1.1960213 4.6232033 0.1317279 -0.0501564 0.0026940 0.9900125
1740546769.547558 -0.8221493 -1.2184905 4.7093024 0.1330835 -0.0457099 0.0032465 0.9900449
1740546769.651497 -0.8582554 -1.2302026 4.7929645 0.1349433 -0.0403069 0.0037725 0.9900260
1740546769.754431 -0.8531559 -1.2590430 4.8864584 0.1364026 -0.0375935 0.0043889 0.9899302
1740546769.855277 -0.8419495 -1.2826965 4.9771223 0.1381698 -0.0349518 0.0050586 0.9897787
1740546769.970300 -0.8499296 -1.3213865 5.0555072 0.1382415 -0.0323226 0.0051913 0.9898574
1740546770.071035 -0.8510643 -1.3433262 5.1417403 0.1394607 -0.0296600 0.0054397 0.9897684
1740546770.177394 -0.8535348 -1.3734274 5.2260079 0.1402009 -0.0278178 0.0061072 0.9897134
1740546770.279969 -0.8411161 -1.4150430 5.3110552 0.1406447 -0.0261083 0.0062353 0.9896962
1740546770.380609 -0.8295910 -1.4269521 5.3872809 0.1427899 -0.0258214 0.0065070 0.9893947
1740546770.485193 -0.8287217 -1.4521328 5.4655576 0.1444848 -0.0249492 0.0075877 0.9891633
1740546770.584384 -0.8296711 -1.4711770 5.5534830 0.1461232 -0.0235542 0.0079777 0.9889538
1740546770.697331 -0.8130594 -1.5000932 5.6335826 0.1462420 -0.0247102 0.0075010 0.9889117
1740546770.799977 -0.8353094 -1.5237564 5.7180762 0.1477039 -0.0224021 0.0083063 0.9887430
1740546770.902495 -0.8528369 -1.5425828 5.8002462 0.1483441 -0.0215269 0.0080030 0.9886691
1740546771.010059 -0.8441632 -1.5830811 5.8706779 0.1488137 -0.0220155 0.0075634 0.9885912
1740546771.114398 -0.8580108 -1.6134939 5.9553819 0.1487907 -0.0218576 0.0082363 0.9885929
1740546771.224079 -0.8533621 -1.6536357 6.0267844 0.1482362 -0.0230184 0.0083670 0.9886487
1740546771.327159 -0.8410513 -1.6592307 6.1075830 0.1497175 -0.0237997 0.0082627 0.9884078
1740546771.433333 -0.8229596 -1.6618431 6.2056131 0.1515455 -0.0240270 0.0071291 0.9881325
1740546771.534789 -0.8325216 -1.7054414 6.2766800 0.1506515 -0.0240105 0.0076962 0.9882653
1740546771.633641 -0.8308125 -1.7349216 6.3482590 0.1502865 -0.0245405 0.0077820 0.9883072
1740546771.737499 -0.8191468 -1.7623320 6.4227529 0.1503739 -0.0265730 0.0076593 0.9882423
1740546771.837590 -0.8156025 -1.8116429 6.4744024 0.1484663 -0.0286622 0.0083168 0.9884670
1740546771.952835 -0.7939364 -1.8105974 6.5619435 0.1507094 -0.0306003 0.0071130 0.9880788
1740546772.050661 -0.7984273 -1.8380173 6.6538882 0.1520992 -0.0303301 0.0070614 0.9878745
1740546772.150927 -0.7808445 -1.8350798 6.7528543 0.1542886 -0.0313269 0.0058301 0.9875119
1740546772.260141 -0.7814000 -1.8356264 6.8163853 0.1581784 -0.0325246 0.0058131 0.9868576
1740546772.364559 -0.7760459 -1.8671333 6.8546238 0.1588753 -0.0335631 0.0059351 0.9867102
1740546772.470457 -0.7619305 -1.8977126 6.8759089 0.1565242 -0.0342875 0.0056761 0.9870625
1740546772.570598 -0.7418440 -1.9037615 6.9302630 0.1582006 -0.0365694 0.0042128 0.9867206
1740546772.675613 -0.7568880 -1.9397764 6.9967113 0.1594176 -0.0341107 0.0026903 0.9866181
1740546772.780739 -0.7699538 -1.9801425 7.0547237 0.1584790 -0.0323447 0.0031896 0.9868273
1740546772.880754 -0.7571772 -1.9934021 7.0796452 0.1592183 -0.0336628 0.0032141 0.9866641
1740546772.986668 -0.7713335 -2.0029137 7.0949578 0.1592338 -0.0303554 0.0035126 0.9867679
1740546773.087531 -0.7598087 -1.9960057 7.1405425 0.1627490 -0.0326693 0.0036301 0.9861199
1740546773.196882 -0.7460809 -1.9845817 7.2077742 0.1680899 -0.0333423 0.0040605 0.9851993
1740546773.301836 -0.7291393 -1.9846826 7.2453074 0.1683904 -0.0347103 0.0036062 0.9851025
1740546773.402786 -0.7626403 -2.0007517 7.2258563 0.1641897 -0.0273586 0.0079672 0.9860172
1740546773.517267 -0.7779335 -2.0227931 7.2477541 0.1617569 -0.0216298 0.0069531 0.9865691
1740546773.616067 -0.8213366 -2.0073280 7.2727423 0.1637717 -0.0153222 0.0084058 0.9863434
1740546773.732491 -0.8416655 -2.0173590 7.3069134 0.1637816 -0.0132689 0.0081569 0.9863737
1740546773.833644 -0.8353707 -2.0233126 7.3274579 0.1619543 -0.0141183 0.0086955 0.9866589
1740546773.939054 -0.8262662 -2.0464888 7.3173280 0.1566747 -0.0126800 0.0078337 0.9875378
1740546774.045212 -0.8182700 -2.0493329 7.3385510 0.1570789 -0.0135677 0.0101082 0.9874411
1740546774.147301 -0.8021571 -2.0851355 7.3830628 0.1502324 -0.0161006 0.0103205 0.9884657
1740546774.256454 -0.7878930 -2.1315300 7.4467635 0.1469511 -0.0184736 0.0109425 0.9889107
1740546774.359343 -0.7631149 -2.1616848 7.5065837 0.1438031 -0.0220467 0.0109221 0.9893004
1740546774.468667 -0.7415800 -2.1766016 7.5522981 0.1403659 -0.0243188 0.0110057 0.9897398
1740546774.584116 -0.7326322 -2.1841140 7.5650201 0.1379975 -0.0258527 0.0106881 0.9900374
1740546774.713558 -0.7508221 -2.1903446 7.5770421 0.1351625 -0.0230664 0.0096550 0.9905079
1740546775.027544 -0.7725929 -2.1997864 7.6151004 0.1277467 -0.0221830 0.0087082 0.9915205
1740546775.130471 -0.7861186 -2.2087657 7.6361713 0.1266438 -0.0234820 0.0088695 0.9916306
1740546775.237989 -0.7833598 -2.2079589 7.6507273 0.1265616 -0.0239004 0.0092019 0.9916281
1740546775.560848 -0.7778768 -2.2176425 7.6638074 0.1190762 -0.0301015 0.0090751 0.9923872
1740546775.673895 -0.7751939 -2.2241619 7.6694183 0.1160070 -0.0324472 0.0102866 0.9926650
1740546775.778186 -0.7859609 -2.2179034 7.6791029 0.1162538 -0.0306677 0.0113433 0.9926811
1740546775.899702 -0.8185840 -2.2275524 7.6906748 0.1126987 -0.0252844 0.0115595 0.9932402
1740546776.025459 -0.8484235 -2.2316515 7.6922569 0.1097073 -0.0199253 0.0124196 0.9936866
1740546776.151713 -0.8677996 -2.2283435 7.7022667 0.1092592 -0.0150125 0.0130886 0.9938138
1740546776.285560 -0.8864089 -2.2364609 7.7314477 0.1070864 -0.0117715 0.0132866 0.9940913
1740546776.410365 -0.8954462 -2.2536209 7.7524457 0.1040564 -0.0073854 0.0145358 0.9944378
1740546776.534440 -0.9039635 -2.2471285 7.7763829 0.1069262 -0.0053318 0.0150665 0.9941385
1740546776.638275 -0.9088362 -2.2580736 7.8058476 0.1066984 -0.0034250 0.0152312 0.9941689
1740546776.750321 -0.9151645 -2.2696605 7.8366981 0.1061096 0.0002590 0.0156056 0.9942319
1740546776.855476 -0.9046387 -2.2795134 7.8742900 0.1087423 0.0015852 0.0154336 0.9939489
1740546776.966639 -0.8918465 -2.3014681 7.9244838 0.1106148 0.0029911 0.0151277 0.9937437
1740546777.071870 -0.8825637 -2.3107345 7.9656019 0.1139099 0.0045788 0.0144736 0.9933751
1740546777.187263 -0.8838587 -2.3158495 8.0010738 0.1159426 0.0068312 0.0148842 0.9931209
1740546777.290625 -0.8881241 -2.3095372 8.0281420 0.1204794 0.0106122 0.0148824 0.9925476
1740546777.398539 -0.8885882 -2.3135767 8.0391684 0.1217649 0.0172026 0.0145927 0.9923026
1740546777.519796 -0.9078073 -2.3119979 8.0592632 0.1261626 0.0232610 0.0151515 0.9916211
1740546777.622598 -0.9137173 -2.3143671 8.0771408 0.1306760 0.0301869 0.0151125 0.9908502
1740546777.747308 -0.9174883 -2.3148818 8.0973988 0.1352830 0.0368404 0.0164363 0.9899855
1740546777.850515 -0.9165787 -2.3119688 8.1085501 0.1432717 0.0424960 0.0147192 0.9886611
1740546777.968229 -0.9268183 -2.3186471 8.1307411 0.1475757 0.0504386 0.0160396 0.9876336
1740546778.071585 -0.9297885 -2.3238304 8.1529512 0.1522926 0.0588840 0.0176803 0.9864213
1740546778.186066 -0.9353464 -2.3336918 8.1746025 0.1578842 0.0680303 0.0192969 0.9849224
1740546778.288610 -0.9318469 -2.3515506 8.2115898 0.1632318 0.0761785 0.0206426 0.9834257
1740546778.397740 -0.9255010 -2.3610160 8.2549067 0.1700680 0.0842832 0.0218910 0.9815773
1740546778.508018 -0.9212803 -2.3830457 8.3091373 0.1756211 0.0924985 0.0228490 0.9798363
1740546778.616915 -0.8756489 -2.4276404 8.3534060 0.1811751 0.0994519 0.0220565 0.9781607
1740546778.728211 -0.8775198 -2.4451001 8.3902607 0.1882709 0.1094140 0.0227158 0.9757391
1740546778.836211 -0.8508300 -2.4880476 8.4161196 0.1929290 0.1188287 0.0212185 0.9737597
1740546778.950585 -0.8445803 -2.5120234 8.4259396 0.1992487 0.1240122 0.0218316 0.9718252
1740546779.055368 -0.8406146 -2.5166600 8.4478731 0.2077109 0.1307602 0.0212184 0.9691789
1740546779.161902 -0.8480068 -2.5043523 8.4835615 0.2173971 0.1381520 0.0215989 0.9660155
1740546779.275326 -0.8676575 -2.4749529 8.5441294 0.2317936 0.1461666 0.0198486 0.9615160
1740546779.382537 -0.8784016 -2.4554794 8.6021690 0.2458532 0.1530555 0.0186354 0.9569655
1740546779.505945 -0.8988153 -2.4671891 8.6285696 0.2513431 0.1626089 0.0214099 0.9539008
1740546779.612910 -0.8969873 -2.5056918 8.6488609 0.2584195 0.1715026 0.0221204 0.9504299
1740546779.724674 -0.8820809 -2.5302796 8.6713924 0.2643210 0.1791762 0.0223407 0.9473813
1740546779.831751 -0.8929013 -2.5440781 8.6977777 0.2682371 0.1877012 0.0270121 0.9445038
1740546779.941955 -0.9314540 -2.6006718 8.7027655 0.2678148 0.1994353 0.0327434 0.9420344
1740546780.052229 -0.9016153 -2.6464593 8.7236977 0.2700243 0.2076471 0.0343113 0.9395703
1740546780.157375 -0.8609595 -2.7149229 8.7779865 0.2740503 0.2130880 0.0342161 0.9371869
1740546780.269241 -0.8271137 -2.7641480 8.8394604 0.2783354 0.2183077 0.0353863 0.9346759
1740546780.370632 -0.7567404 -2.8072534 8.9020824 0.2822068 0.2225416 0.0354865 0.9325102
1740546780.481218 -0.6984808 -2.8624735 8.9577475 0.2846041 0.2266604 0.0369430 0.9307314
1740546780.586614 -0.6606375 -2.9091296 9.0161734 0.2885768 0.2315501 0.0367984 0.9283070
1740546780.694152 -0.6137772 -2.9603698 9.0618401 0.2906458 0.2349746 0.0381182 0.9267464
1740546780.799950 -0.5507902 -3.0027652 9.1259527 0.2945932 0.2384665 0.0380148 0.9246099
1740546780.901513 -0.4950509 -3.0466771 9.1971197 0.2972977 0.2426043 0.0383744 0.9226509
1740546781.008161 -0.4324247 -3.1049881 9.2499990 0.2987822 0.2458269 0.0397246 0.9212602
1740546781.119594 -0.3815026 -3.1402893 9.3052177 0.3019264 0.2484510 0.0393803 0.9195443
1740546781.227120 -0.3192533 -3.1899090 9.3435545 0.3040981 0.2506924 0.0404531 0.9181728
1740546781.335717 -0.2780451 -3.2505562 9.4067421 0.3048330 0.2552999 0.0414380 0.9166143
1740546781.442944 -0.2177706 -3.2966428 9.4637918 0.3066869 0.2588753 0.0419073 0.9149702
1740546781.553097 -0.1501402 -3.3466492 9.5131207 0.3088920 0.2618297 0.0420032 0.9133820
1740546781.656412 -0.0857918 -3.4037409 9.5581150 0.3099322 0.2645607 0.0428474 0.9122027
1740546781.762634 -0.0214936 -3.4630976 9.6127691 0.3114385 0.2677363 0.0440169 0.9107062
1740546781.869139 0.0212923 -3.4990978 9.6753397 0.3144653 0.2706623 0.0438711 0.9088063
1740546781.974180 0.0673250 -3.5496597 9.7390156 0.3159871 0.2738691 0.0446693 0.9072776
1740546782.077878 0.1145647 -3.5828164 9.8039436 0.3184429 0.2768472 0.0445104 0.9055212
1740546782.192689 0.1870275 -3.6256783 9.8574219 0.3208283 0.2794979 0.0444941 0.9038641
1740546782.296381 0.2447565 -3.6797719 9.9005251 0.3227437 0.2824053 0.0450281 0.9022506
1740546782.400716 0.3190547 -3.7377212 9.9331799 0.3252270 0.2843968 0.0452820 0.9007194
1740546782.505765 0.3936837 -3.7825422 9.9719257 0.3290783 0.2858668 0.0447805 0.8988784
1740546782.607170 0.4551312 -3.8557906 10.0062103 0.3309740 0.2884040 0.0453814 0.8973404
1740546782.720166 0.5072842 -3.9273314 10.0420551 0.3332720 0.2912931 0.0457392 0.8955368
1740546782.821659 0.5685668 -3.9878750 10.0882072 0.3365078 0.2933107 0.0452047 0.8936934
1740546782.923587 0.6274220 -4.0587149 10.1307697 0.3395616 0.2953877 0.0450938 0.8918579
1740546783.037660 0.6852444 -4.1182103 10.1790514 0.3427913 0.2971850 0.0449653 0.8900300
1740546783.136954 0.7469015 -4.1712708 10.2305489 0.3473002 0.2993401 0.0437716 0.8876160
1740546783.253403 0.7932318 -4.2397156 10.2920790 0.3501037 0.3017754 0.0438662 0.8856832
1740546783.355893 0.8326954 -4.2960224 10.3621473 0.3533419 0.3042506 0.0432597 0.8835778
1740546783.470043 0.8992603 -4.3457346 10.4252863 0.3568074 0.3055938 0.0425379 0.8817548
1740546783.577121 0.9613278 -4.3954935 10.4882278 0.3609218 0.3071759 0.0420154 0.8795528
1740546783.695390 1.0284941 -4.4557066 10.5372086 0.3643642 0.3084339 0.0411471 0.8777324
1740546783.804036 1.0812366 -4.5215850 10.5869799 0.3677278 0.3101247 0.0404490 0.8757641
1740546783.902762 1.1493819 -4.5844584 10.6332350 0.3717148 0.3109680 0.0395925 0.8738189
1740546784.008838 1.1943090 -4.6590109 10.6804829 0.3748806 0.3125524 0.0391292 0.8719200
1740546784.112581 1.2506273 -4.7310810 10.7164860 0.3784042 0.3135960 0.0385243 0.8700481
1740546784.225551 1.3128530 -4.8029976 10.7541838 0.3815463 0.3143838 0.0374059 0.8684389
1740546784.327019 1.3667454 -4.8708463 10.8051434 0.3848630 0.3152040 0.0368310 0.8667009
1740546784.433659 1.4240029 -4.9305696 10.8571529 0.3883240 0.3162426 0.0356590 0.8648257
1740546784.538271 1.4834176 -4.9958172 10.9064522 0.3915614 0.3169504 0.0347006 0.8631442
1740546784.637016 1.5447564 -5.0629191 10.9494076 0.3950684 0.3175225 0.0336566 0.8613755
1740546784.753003 1.6047373 -5.1332932 10.9925346 0.3984524 0.3180566 0.0324692 0.8596635
1740546784.851976 1.6582897 -5.2036676 11.0330715 0.4017107 0.3188534 0.0317213 0.8578781
1740546784.954824 1.7074635 -5.2813978 11.0703354 0.4042981 0.3196785 0.0311817 0.8563741
1740546785.055976 1.7722101 -5.3546162 11.1107368 0.4071881 0.3199754 0.0299743 0.8549358
1740546785.154598 1.8324057 -5.4185882 11.1564541 0.4099709 0.3205938 0.0296694 0.8533834
1740546785.257800 1.8879976 -5.4844475 11.2058086 0.4127800 0.3215286 0.0287973 0.8517058
1740546785.356753 1.9446263 -5.5545435 11.2518187 0.4158083 0.3223867 0.0276178 0.8499456
1740546785.462442 2.0014939 -5.6277676 11.2935514 0.4183182 0.3230161 0.0272979 0.8484842
1740546785.572385 2.0529065 -5.7036963 11.3377514 0.4214015 0.3236057 0.0261561 0.8467680
1740546785.674198 2.1056192 -5.7799573 11.3761978 0.4238625 0.3244473 0.0256190 0.8452327
1740546785.782783 2.1553595 -5.8613396 11.4132423 0.4260738 0.3253458 0.0254775 0.8437785
1740546785.881442 2.2177896 -5.9284048 11.4488716 0.4292179 0.3259476 0.0245456 0.8419784
1740546785.988066 2.2667980 -6.0073528 11.4901466 0.4313708 0.3271196 0.0244136 0.8404261
1740546786.087752 2.3266115 -6.0823159 11.5241241 0.4338870 0.3280162 0.0239373 0.8387935
1740546786.195958 2.3810372 -6.1577582 11.5587864 0.4360783 0.3295669 0.0233795 0.8370631
1740546786.299881 2.4401836 -6.2320032 11.5890579 0.4379161 0.3312751 0.0231793 0.8354334
1740546786.398457 2.5048692 -6.2975650 11.6351528 0.4406391 0.3323290 0.0231026 0.8335832
1740546786.503957 2.5630057 -6.3657298 11.6809273 0.4428813 0.3339622 0.0229841 0.8317434
1740546786.602578 2.6142251 -6.4296265 11.7309027 0.4451550 0.3360696 0.0237995 0.8296553
1740546786.704206 2.6525826 -6.5124578 11.7602253 0.4462707 0.3392997 0.0238344 0.8277379
1740546786.803763 2.7028978 -6.5817032 11.8064632 0.4494087 0.3416858 0.0238391 0.8250542
1740546786.905364 2.7574763 -6.6680083 11.8371792 0.4507239 0.3445155 0.0244329 0.8231404
1740546787.008193 2.8141918 -6.7441812 11.8651562 0.4530869 0.3470611 0.0250614 0.8207514
1740546787.107425 2.8705778 -6.8222561 11.8956184 0.4556057 0.3504164 0.0256320 0.8179089
1740546787.209597 2.9378722 -6.8955855 11.9113960 0.4575776 0.3530823 0.0262651 0.8156383
1740546787.310545 2.9709475 -6.9561615 11.9387665 0.4593020 0.3587034 0.0282384 0.8121429
1740546787.409799 3.0620136 -7.0367656 11.9684563 0.4620464 0.3606222 0.0282759 0.8097316
1740546787.821150 3.3034916 -7.3400087 12.0420952 0.4694848 0.3790264 0.0346336 0.7966954
1740546788.023231 3.4487915 -7.4885216 12.0862961 0.4723665 0.3881916 0.0393867 0.7903327
1740546788.226743 3.5843668 -7.6366549 12.1123886 0.4751853 0.3985310 0.0432715 0.7832621
1740546788.420533 3.7255683 -7.7554960 12.1585655 0.4774682 0.4097948 0.0486483 0.7757097
1740546788.624258 3.8815808 -7.8786440 12.1723289 0.4792846 0.4200546 0.0533644 0.7687604
1740546788.726802 3.9659700 -7.9464884 12.1844845 0.4803657 0.4248515 0.0558782 0.7652631
1740546788.825265 4.0497837 -8.0005608 12.1914673 0.4815599 0.4292276 0.0579876 0.7619063
1740546788.921942 4.1285200 -8.0639257 12.1930952 0.4823440 0.4335793 0.0600199 0.7587825
1740546789.137441 4.2805719 -8.1837711 12.2104750 0.4847847 0.4426900 0.0631404 0.7516800
1740546789.336763 4.4386616 -8.3007641 12.2253485 0.4868371 0.4501830 0.0664756 0.7455910
1740546789.446587 4.5182362 -8.3637199 12.2209835 0.4874179 0.4532293 0.0681595 0.7432101
1740546789.541174 4.5905943 -8.4100494 12.2191830 0.4885276 0.4559962 0.0678957 0.7408094
1740546789.640631 4.6646128 -8.4777298 12.2290926 0.4905533 0.4589267 0.0685248 0.7375962
1740546789.852494 4.8161626 -8.5969067 12.2537470 0.4940749 0.4649950 0.0691668 0.7313588
1740546790.056271 4.9641695 -8.7305450 12.2613077 0.4980875 0.4690426 0.0697809 0.7259742
1740546790.256338 5.1306252 -8.8605270 12.2710457 0.5030602 0.4720109 0.0677418 0.7207962
1740546790.357207 5.2017574 -8.9275494 12.2781477 0.5050125 0.4740910 0.0674414 0.7180889
1740546790.457562 5.2777042 -8.9927959 12.2686720 0.5075832 0.4756439 0.0658789 0.7153895
1740546790.555684 5.3662977 -9.0481367 12.2664003 0.5107554 0.4763506 0.0640866 0.7128198
1740546790.655013 5.4367247 -9.1107655 12.2614298 0.5136115 0.4776650 0.0624205 0.7100303
1740546790.757291 5.5101385 -9.1836910 12.2430401 0.5162596 0.4780958 0.0614626 0.7079003
1740546790.955775 5.6548882 -9.3238878 12.2254295 0.5215479 0.4813447 0.0581568 0.7020775
1740546791.154176 5.7866049 -9.4772968 12.1978846 0.5258176 0.4840134 0.0584584 0.6970147
1740546791.357619 5.9310570 -9.6004572 12.1746082 0.5299785 0.4868091 0.0563973 0.6920686
1740546791.556909 6.0696936 -9.7506838 12.1491995 0.5340484 0.4894321 0.0561270 0.6870942
1740546791.761180 6.2182999 -9.8698511 12.1398840 0.5373735 0.4912577 0.0539040 0.6833667
1740546791.962308 6.3710699 -10.0008821 12.1370287 0.5399790 0.4936905 0.0551001 0.6794530
1740546792.159589 6.5222616 -10.1197948 12.1091509 0.5420297 0.4959242 0.0548857 0.6762030
1740546792.359346 6.6610613 -10.2670832 12.0919724 0.5429678 0.4999295 0.0564926 0.6723579
1740546792.561838 6.8142033 -10.3980608 12.0480595 0.5453882 0.5018513 0.0564108 0.6689655
1740546792.763003 6.9576468 -10.5342112 12.0288000 0.5461788 0.5053192 0.0577775 0.6655846
1740546792.966502 7.0909967 -10.6769619 11.9906263 0.5473982 0.5076249 0.0590791 0.6627080
1740546793.168707 7.2272334 -10.8139400 11.9396191 0.5480469 0.5108323 0.0601121 0.6596071
1740546793.372328 7.3951559 -10.9209433 11.9298964 0.5497773 0.5126069 0.0614015 0.6566650
1740546793.582069 7.5516872 -11.0479136 11.9142666 0.5501853 0.5157586 0.0632065 0.6536774
1740546793.806144 7.7013545 -11.1740875 11.8784981 0.5512457 0.5175085 0.0638103 0.6513382
1740546794.113694 7.9175868 -11.3738260 11.8289356 0.5526640 0.5220674 0.0650255 0.6463589
1740546794.324022 8.0668335 -11.4985027 11.7822132 0.5542520 0.5223968 0.0652991 0.6447033
1740546794.529216 8.2165413 -11.6280508 11.7529774 0.5546225 0.5237248 0.0652558 0.6433102
1740546794.737482 8.3444901 -11.7698593 11.6930046 0.5543120 0.5255303 0.0665766 0.6419686
1740546794.939707 8.4824724 -11.9044323 11.6462603 0.5542960 0.5257895 0.0662650 0.6418025
1740546795.142216 8.6201668 -12.0441027 11.6395979 0.5545169 0.5255308 0.0679515 0.6416470
1740546795.357320 8.7636776 -12.1916189 11.5950623 0.5533003 0.5239541 0.0700767 0.6437548
1740546795.668782 9.0044842 -12.3289623 11.5772915 0.5538068 0.5226442 0.0684954 0.6445537
1740546795.879129 9.1441593 -12.4796000 11.5665407 0.5522735 0.5211125 0.0693275 0.6470158
1740546796.193587 9.3486948 -12.6711769 11.5116005 0.5510126 0.5198326 0.0661825 0.6494452
1740546796.510218 9.5581045 -12.8514528 11.4549007 0.5499285 0.5164378 0.0643549 0.6532450
1740546796.815313 9.7679787 -13.0556908 11.4303665 0.5505719 0.5122800 0.0627762 0.6561242
1740546797.019001 9.9048557 -13.1695538 11.4318104 0.5517529 0.5111849 0.0592580 0.6563134
1740546797.330830 10.1325283 -13.3626652 11.4115276 0.5544344 0.5067361 0.0536362 0.6579849
1740546797.644135 10.3033867 -13.5703869 11.3999519 0.5583789 0.5035253 0.0489350 0.6574805
1740546797.854022 10.4522505 -13.6788635 11.3704071 0.5616510 0.5012382 0.0436924 0.6568100
1740546798.059935 10.5705595 -13.8173523 11.3509960 0.5647263 0.4990233 0.0394534 0.6561276
1740546798.264855 10.6931000 -13.9742203 11.3124428 0.5681126 0.4968430 0.0355083 0.6550834
1740546798.364811 10.7518482 -14.0286283 11.2914085 0.5700623 0.4956122 0.0328764 0.6544591
1740546798.576311 10.8600407 -14.1676674 11.2583714 0.5741783 0.4930461 0.0278191 0.6530322
1740546798.778797 10.9828491 -14.2991962 11.2295246 0.5779241 0.4903405 0.0232668 0.6519423
1740546798.877148 11.0223513 -14.3761330 11.2216816 0.5798007 0.4903511 0.0213607 0.6503313
1740546798.984149 11.0646610 -14.4519453 11.1930714 0.5815293 0.4888260 0.0192730 0.6500010
1740546799.190722 11.2025042 -14.5838518 11.1561241 0.5856020 0.4854488 0.0136737 0.6490168
1740546799.293471 11.2470493 -14.6537342 11.1377678 0.5864258 0.4850278 0.0112155 0.6486347
1740546799.393349 11.2876682 -14.7303143 11.1345215 0.5885891 0.4836510 0.0104181 0.6477160
1740546799.497842 11.3528624 -14.8059559 11.1257839 0.5901132 0.4824324 0.0074636 0.6472787
1740546799.597919 11.3893414 -14.8838911 11.1214828 0.5911974 0.4813245 0.0062002 0.6471275
1740546799.705532 11.4301615 -14.9738379 11.0986118 0.5920305 0.4807173 0.0042708 0.6468326
1740546799.806988 11.4832993 -15.0435562 11.0696907 0.5932435 0.4786524 0.0017497 0.6472643
1740546799.907687 11.5445642 -15.1140842 11.0464725 0.5944194 0.4766074 -0.0007197 0.6476963
1740546800.016821 11.5714931 -15.1969414 11.0522747 0.5951878 0.4761646 -0.0009664 0.6473159
1740546800.117913 11.6101313 -15.2752953 11.0624237 0.5966132 0.4756110 -0.0025332 0.6464058
1740546800.237515 11.6743574 -15.3415947 11.0392342 0.5976525 0.4740438 -0.0059889 0.6465742
1740546800.343593 11.7294092 -15.4207134 11.0133934 0.5985497 0.4722312 -0.0084168 0.6470433
1740546800.455205 11.7499313 -15.4940510 11.0073071 0.5995280 0.4710543 -0.0084605 0.6469950
1740546800.554963 11.7665577 -15.5737438 10.9899921 0.5992299 0.4693562 -0.0090241 0.6484958
1740546800.654073 11.7833834 -15.6517029 10.9812469 0.5990703 0.4681031 -0.0100056 0.6495339
1740546800.765310 11.7945280 -15.7222757 10.9681854 0.5995080 0.4663697 -0.0102981 0.6503717
1740546800.866525 11.8000431 -15.7694578 10.9627132 0.5999416 0.4645724 -0.0115148 0.6512372
1740546800.972970 11.8069630 -15.8164759 10.9543743 0.5999943 0.4636338 -0.0129592 0.6518302
1740546801.072966 11.8119316 -15.8463755 10.9478455 0.6004140 0.4616262 -0.0150563 0.6528228
1740546801.170168 11.8297520 -15.9026566 10.9474106 0.6017620 0.4597542 -0.0172326 0.6528488
1740546801.277593 11.8396397 -15.9901953 10.9474392 0.6013496 0.4599353 -0.0176213 0.6530909
1740546801.376613 11.8389511 -16.0519772 10.9394016 0.6008073 0.4590618 -0.0162065 0.6542402
1740546801.481011 11.8430977 -16.1039276 10.9292736 0.6001310 0.4566227 -0.0179498 0.6565183
1740546801.585402 11.8606586 -16.1548157 10.9320049 0.6013211 0.4559137 -0.0202214 0.6558557
1740546801.685211 11.8960609 -16.2126808 10.9224682 0.6011321 0.4529255 -0.0226627 0.6580160
1740546801.794458 11.8977327 -16.2862968 10.9056683 0.6010247 0.4491766 -0.0224860 0.6606845
1740546801.901714 11.9158325 -16.3657112 10.9167709 0.6010544 0.4479433 -0.0228967 0.6614802
1740546802.029155 11.9216900 -16.4499187 10.9277096 0.6011512 0.4475310 -0.0234455 0.6616521
1740546802.127152 11.9411678 -16.5265884 10.9142723 0.6011139 0.4445566 -0.0248601 0.6636366
1740546802.231137 11.9509726 -16.5758743 10.9117527 0.6017668 0.4432372 -0.0282971 0.6637897
1740546802.331496 11.9705992 -16.6377258 10.9139385 0.6020283 0.4416020 -0.0315856 0.6644938
1740546802.430080 12.0013924 -16.7186165 10.9132290 0.6016389 0.4404477 -0.0339325 0.6654961
1740546802.531963 12.0233784 -16.8078995 10.9155521 0.6018474 0.4394302 -0.0351996 0.6659142
1740546802.636612 12.0333157 -16.8774033 10.9033012 0.6016000 0.4366885 -0.0359497 0.6678984
1740546802.743324 12.0424843 -16.9365501 10.8947620 0.6018746 0.4328515 -0.0377188 0.6700476
1740546802.845487 12.0544949 -17.0046844 10.8892231 0.6008492 0.4291047 -0.0384030 0.6733309
1740546802.941127 12.0622253 -17.0726414 10.8827839 0.6008416 0.4248815 -0.0395459 0.6759447
1740546803.048863 12.0788488 -17.1455650 10.9043579 0.6026541 0.4238733 -0.0426300 0.6747756
1740546803.148287 12.0907764 -17.2206841 10.8966465 0.6017211 0.4199207 -0.0447650 0.6779339
1740546803.254409 12.1058388 -17.3090935 10.8786793 0.6014162 0.4151174 -0.0461842 0.6810603
1740546803.352466 12.1239491 -17.4034424 10.8710346 0.6004943 0.4118953 -0.0477006 0.6837204
1740546803.467453 12.1424570 -17.4722862 10.8579941 0.5996475 0.4065014 -0.0506837 0.6874668
1740546803.566205 12.1800022 -17.5314827 10.8558331 0.6009063 0.4007258 -0.0567232 0.6892843
1740546803.665740 12.1962786 -17.6223984 10.8798256 0.6005766 0.3972580 -0.0612028 0.6911932
1740546803.777754 12.2222099 -17.6979523 10.9052086 0.6017464 0.3934811 -0.0664969 0.6918468
1740546803.875380 12.2437611 -17.7714005 10.8898811 0.6012749 0.3864269 -0.0702259 0.6958528
1740546803.981421 12.2748585 -17.8573570 10.8944530 0.6009066 0.3811279 -0.0749107 0.6985995
1740546804.097515 12.2854977 -17.9214287 10.8832607 0.5987556 0.3750857 -0.0795035 0.7031939
1740546804.218365 12.2951269 -17.9820271 10.8706074 0.5973533 0.3660248 -0.0842544 0.7085873
1740546804.340287 12.3149357 -18.0634937 10.8602982 0.5968766 0.3589389 -0.0890244 0.7120224
1740546804.463633 12.3390989 -18.1390171 10.8504162 0.5972062 0.3511508 -0.0940971 0.7149710
1740546804.581837 12.3449154 -18.2173576 10.8669357 0.5976201 0.3466203 -0.0972980 0.7164061
1740546804.716879 12.3641815 -18.3113594 10.8921509 0.5969452 0.3418028 -0.1022343 0.7185927
1740546804.831290 12.3763018 -18.4010887 10.9143696 0.5973727 0.3378725 -0.1065871 0.7194632
1740546804.950934 12.3935823 -18.4839287 10.9185696 0.5963982 0.3318941 -0.1111759 0.7223541
1740546805.074545 12.4100895 -18.5758057 10.9436646 0.5966732 0.3278090 -0.1157907 0.7232668
1740546805.178500 12.4289417 -18.6646042 10.9559708 0.5966299 0.3221622 -0.1210807 0.7249715
1740546805.280568 12.4511223 -18.7491665 10.9726925 0.5974848 0.3170001 -0.1266386 0.7255932
1740546805.377563 12.4666157 -18.8433800 10.9939423 0.5976611 0.3134983 -0.1319151 0.7260292
1740546805.479656 12.4761162 -18.9397430 11.0095005 0.5976572 0.3087393 -0.1352017 0.7274657
1740546805.577661 12.4900618 -19.0327950 11.0368729 0.5985672 0.3043398 -0.1398446 0.7276937
1740546805.676339 12.5042334 -19.1120968 11.0537395 0.6000735 0.2994272 -0.1459281 0.7272965
1740546805.777586 12.5178146 -19.2103462 11.0735359 0.6015906 0.2947793 -0.1502548 0.7270609
1740546805.880068 12.5255518 -19.2976856 11.0969448 0.6028133 0.2917364 -0.1542292 0.7264429
1740546805.997382 12.5376253 -19.3913383 11.1137428 0.6043395 0.2870523 -0.1576562 0.7263052
1740546806.111943 12.5597086 -19.4875412 11.1296082 0.6055142 0.2830034 -0.1617625 0.7260128
1740546806.232317 12.5730219 -19.5794258 11.1315460 0.6061972 0.2786062 -0.1655111 0.7262986
1740546806.351124 12.5842552 -19.6804714 11.1415043 0.6076330 0.2744656 -0.1693248 0.7257960
1740546806.472169 12.6008024 -19.7799187 11.1391888 0.6091175 0.2700936 -0.1739873 0.7250888
1740546806.591742 12.6177292 -19.8738842 11.1482296 0.6112734 0.2650770 -0.1778481 0.7241886
1740546806.688123 12.6338377 -19.9627419 11.1517410 0.6131618 0.2609296 -0.1827385 0.7228796
1740546806.796242 12.6501350 -20.0541763 11.1700096 0.6157354 0.2557766 -0.1872897 0.7213674
1740546806.892350 12.6539068 -20.1259727 11.1792908 0.6193012 0.2523854 -0.1909789 0.7185366
1740546806.995575 12.6741095 -20.2225418 11.1798248 0.6217600 0.2478377 -0.1949731 0.7169215
1740546807.094356 12.6800766 -20.3136559 11.1846371 0.6240579 0.2447999 -0.1982201 0.7150759
1740546807.192825 12.6910152 -20.4095936 11.1916676 0.6265815 0.2413526 -0.2009380 0.7132801
1740546807.301576 12.7066278 -20.5058651 11.2040920 0.6298513 0.2372675 -0.2038514 0.7109403
1740546807.399311 12.7196493 -20.5957489 11.2087269 0.6320756 0.2334968 -0.2070472 0.7092892
1740546807.501681 12.7217607 -20.6776886 11.2217178 0.6347310 0.2308600 -0.2107351 0.7066902
1740546807.599185 12.7312622 -20.7781219 11.2406425 0.6377113 0.2272763 -0.2137450 0.7042605
1740546807.699149 12.7385263 -20.8809338 11.2447376 0.6396836 0.2234324 -0.2165780 0.7028348
1740546807.808466 12.7284203 -20.9724483 11.2473335 0.6421022 0.2211994 -0.2184051 0.7007673
1740546807.906298 12.7369719 -21.0632534 11.2514458 0.6446380 0.2176356 -0.2216915 0.6985195
1740546808.020779 12.7558594 -21.1587791 11.2580872 0.6478270 0.2138643 -0.2234974 0.6961545
1740546808.122262 12.7712250 -21.2512093 11.2627125 0.6496727 0.2115431 -0.2259587 0.6943468
1740546808.231644 12.7626572 -21.3542156 11.2607594 0.6514789 0.2093150 -0.2290305 0.6923203
1740546808.330034 12.7503729 -21.4508133 11.2665024 0.6534090 0.2072602 -0.2301524 0.6907459
1740546808.425431 12.7360077 -21.5401421 11.2698078 0.6547069 0.2060453 -0.2314437 0.6894476
1740546808.529904 12.7491322 -21.6404972 11.2719135 0.6564511 0.2037864 -0.2342737 0.6875020
1740546808.628123 12.7294807 -21.7376385 11.2832298 0.6579955 0.2023378 -0.2346426 0.6863266
1740546808.728795 12.7645798 -21.8355656 11.2993336 0.6602621 0.2002070 -0.2366455 0.6840833
1740546808.830772 12.7796974 -21.9202538 11.3026085 0.6615203 0.1988016 -0.2385667 0.6826088
1740546808.926642 12.8014383 -22.0195560 11.3098373 0.6628031 0.1958308 -0.2410704 0.6813424
1740546809.029216 12.8388443 -22.0787868 11.3233852 0.6653148 0.1935539 -0.2424274 0.6790597
1740546809.130192 12.8917761 -22.1529369 11.3389416 0.6671376 0.1903305 -0.2467407 0.6766246
1740546809.230642 12.9318705 -22.2206535 11.3597775 0.6685280 0.1889749 -0.2488762 0.6748478
1740546809.329597 12.9771805 -22.3061867 11.3789024 0.6709799 0.1858146 -0.2488838 0.6732873
1740546809.428936 12.9838295 -22.3976326 11.3917351 0.6711536 0.1851670 -0.2511407 0.6724541
1740546809.530180 12.9807215 -22.4961872 11.4051170 0.6725355 0.1843568 -0.2510252 0.6713382
1740546809.628633 12.9776287 -22.5872040 11.4215660 0.6739143 0.1834848 -0.2508088 0.6702744
1740546809.729738 12.9628220 -22.6888390 11.4142094 0.6737384 0.1833827 -0.2514079 0.6702548
1740546809.828797 12.9405308 -22.7895432 11.4154091 0.6735754 0.1841208 -0.2519356 0.6700180
1740546809.927197 12.9375172 -22.8899250 11.4238243 0.6744413 0.1832431 -0.2518481 0.6694202
1740546810.034068 12.9232025 -22.9846897 11.4206657 0.6740987 0.1832484 -0.2519059 0.6697420
1740546810.134772 12.9167194 -23.0845070 11.4311638 0.6740282 0.1835876 -0.2524045 0.6695324
1740546810.245807 12.9037514 -23.1859550 11.4390907 0.6741401 0.1836054 -0.2520267 0.6695571
1740546810.348084 12.9029922 -23.2835064 11.4507008 0.6748869 0.1830109 -0.2513145 0.6692353
1740546810.444512 12.8818760 -23.3842468 11.4559002 0.6743258 0.1837715 -0.2511204 0.6696652
1740546810.552554 12.8721962 -23.4841404 11.4527397 0.6737660 0.1837340 -0.2512170 0.6702024
1740546810.759434 12.8494453 -23.6817360 11.4651909 0.6737381 0.1843205 -0.2509674 0.6701629
1740546810.857641 12.8388424 -23.7802582 11.4669266 0.6735538 0.1845763 -0.2506493 0.6703967
1740546810.969238 12.8295040 -23.8802662 11.4678345 0.6731297 0.1847657 -0.2502539 0.6709180
1740546811.166775 12.8286629 -24.0806618 11.4734077 0.6732697 0.1853063 -0.2496389 0.6708576
1740546811.284505 12.8116055 -24.1793442 11.4797611 0.6727074 0.1865466 -0.2492451 0.6712242
1740546811.385356 12.7902966 -24.2723866 11.4859009 0.6727028 0.1874058 -0.2483091 0.6713365
1740546811.500953 12.7800980 -24.3717079 11.4961376 0.6721156 0.1885519 -0.2481794 0.6716516
1740546811.601774 12.7753382 -24.4698830 11.5015659 0.6720016 0.1884716 -0.2470602 0.6722005
1740546811.705664 12.7623186 -24.5729408 11.5011292 0.6711290 0.1895234 -0.2467730 0.6728817
1740546811.813197 12.7486305 -24.6737614 11.5058250 0.6704282 0.1902978 -0.2458156 0.6737118
1740546812.019395 12.7500801 -24.8683739 11.5074539 0.6688465 0.1907537 -0.2451884 0.6753814
1740546812.127867 12.7383213 -24.9742813 11.5161190 0.6677946 0.1924929 -0.2439210 0.6763870
1740546812.336154 12.7196465 -25.1745758 11.5404892 0.6657190 0.1946030 -0.2411007 0.6788360
1740546812.438800 12.7148952 -25.2737827 11.5484238 0.6644250 0.1956213 -0.2404833 0.6800290
1740546812.544931 12.7119541 -25.3727531 11.5576744 0.6632744 0.1968828 -0.2397061 0.6810618
1740546812.648753 12.6931171 -25.4728317 11.5678425 0.6624023 0.1982228 -0.2378744 0.6821633
1740546812.864357 12.7021313 -25.6706104 11.5904770 0.6592614 0.2003928 -0.2363564 0.6850933
1740546812.977544 12.7016993 -25.7721539 11.6016445 0.6574794 0.2021307 -0.2352167 0.6866857
1740546813.079411 12.6751575 -25.8702869 11.6197987 0.6560586 0.2040468 -0.2329126 0.6882614
1740546813.180653 12.6728640 -25.9700985 11.6361542 0.6550640 0.2051237 -0.2310679 0.6895092
1740546813.397640 12.6948118 -26.1686897 11.6300430 0.6503378 0.2072659 -0.2301100 0.6936505
1740546813.509237 12.6816425 -26.2584915 11.6739140 0.6498666 0.2098156 -0.2286003 0.6938248
1740546813.614611 12.6905212 -26.3559761 11.7007961 0.6487214 0.2110135 -0.2273598 0.6949399
1740546813.727905 12.7012539 -26.4545708 11.6957397 0.6460876 0.2122888 -0.2260379 0.6974318
1740546813.832608 12.6951904 -26.5539017 11.7212486 0.6450462 0.2141977 -0.2242008 0.6984044
1740546813.932208 12.7125406 -26.6486378 11.7451115 0.6440463 0.2156978 -0.2230623 0.6992296
1740546814.041550 12.7136049 -26.7459965 11.7788715 0.6437165 0.2172604 -0.2216740 0.6994910
1740546814.148283 12.7269726 -26.8406448 11.8012600 0.6430857 0.2187357 -0.2207383 0.6999072
1740546814.363337 12.7477160 -27.0385208 11.8059273 0.6405274 0.2201236 -0.2186438 0.7024707
1740546814.480523 12.7433157 -27.1349316 11.8341141 0.6404001 0.2213773 -0.2177254 0.7024781
1740546814.584381 12.7424946 -27.2373619 11.8432503 0.6396598 0.2225229 -0.2170775 0.7029909
1740546814.690100 12.7490768 -27.3345528 11.8450794 0.6395290 0.2229253 -0.2164314 0.7031816
1740546814.800540 12.7680712 -27.4311943 11.8465366 0.6395825 0.2229038 -0.2166225 0.7030810
1740546814.906599 12.7792034 -27.5293312 11.8601894 0.6399933 0.2231568 -0.2163836 0.7027004
1740546815.018372 12.7704210 -27.6285419 11.8822918 0.6405044 0.2238190 -0.2160532 0.7021256
1740546815.124765 12.7692909 -27.7270584 11.8833332 0.6403522 0.2234260 -0.2164475 0.7022680
1740546815.235653 12.7865772 -27.8267231 11.8738403 0.6405070 0.2214624 -0.2176929 0.7023638
1740546815.348619 12.7918129 -27.9239674 11.8953342 0.6411336 0.2204527 -0.2188651 0.7017453
1740546815.451698 12.7922173 -28.0212326 11.9196854 0.6421493 0.2191054 -0.2208596 0.7006127
1740546815.566001 12.7922945 -28.1141453 11.9461994 0.6431022 0.2173246 -0.2237643 0.6993705
1740546815.670721 12.7979746 -28.2067642 11.9308243 0.6434157 0.2140623 -0.2262419 0.6992912
1740546815.793159 12.7811460 -28.2954063 11.9677296 0.6452858 0.2116064 -0.2289793 0.6974220
1740546815.898359 12.7766438 -28.3996944 11.9740295 0.6450245 0.2085349 -0.2320307 0.6975803
1740546816.017909 12.7921848 -28.4956760 11.9714260 0.6443288 0.2039400 -0.2359738 0.6982586
1740546816.123436 12.7929058 -28.5907955 12.0038319 0.6446970 0.2002641 -0.2399159 0.6976392
1740546816.237959 12.7907581 -28.6899853 12.0194912 0.6442934 0.1954458 -0.2442662 0.6978689
1740546816.348989 12.7847519 -28.7929382 12.0273285 0.6434695 0.1902181 -0.2489079 0.6984332
1740546816.452625 12.7724056 -28.8855095 12.0473652 0.6429927 0.1841010 -0.2540702 0.6986527
1740546816.567068 12.7660656 -28.9791527 12.0767345 0.6430019 0.1777914 -0.2603848 0.6979532
1740546816.670083 12.7443104 -29.0737743 12.0985794 0.6423631 0.1713125 -0.2660737 0.6980160
1740546816.783724 12.7175531 -29.1689625 12.1108570 0.6413553 0.1645410 -0.2719711 0.6982989
1740546816.888017 12.6995583 -29.2632637 12.1433182 0.6416481 0.1576634 -0.2783204 0.6971139
1740546816.999614 12.6740007 -29.3526268 12.1824741 0.6420173 0.1501652 -0.2843135 0.6960101
1740546817.105556 12.6330376 -29.4436340 12.2016907 0.6415958 0.1434748 -0.2901568 0.6953984
1740546817.218694 12.6053782 -29.5394592 12.2210865 0.6418220 0.1359574 -0.2960184 0.6942285
1740546817.330887 12.5804758 -29.6330719 12.2324200 0.6413590 0.1285547 -0.3023278 0.6933472
1740546817.546526 12.5312386 -29.8256149 12.2674007 0.6424175 0.1147021 -0.3142405 0.6894897
1740546817.757444 12.4481459 -30.0095787 12.2922935 0.6432412 0.1011703 -0.3247979 0.6859385
1740546818.067462 12.3175163 -30.2788162 12.3397999 0.6456537 0.0815740 -0.3393908 0.6791840
1740546818.481488 12.1503057 -30.6424389 12.4050674 0.6485178 0.0598044 -0.3561233 0.6700927
1740546818.683860 12.0556355 -30.8139133 12.4190140 0.6498308 0.0506451 -0.3639157 0.6653724
1740546818.999909 11.8874893 -31.0642834 12.4320755 0.6483281 0.0393836 -0.3730605 0.6625296
1740546819.200042 11.7739468 -31.2347736 12.4553852 0.6466558 0.0340808 -0.3774989 0.6619436
1740546819.404977 11.6778641 -31.4074516 12.4894161 0.6440550 0.0304081 -0.3815978 0.6623079
1740546819.614923 11.5887604 -31.5824108 12.5140591 0.6392590 0.0285025 -0.3844211 0.6653992
1740546819.820548 11.5135098 -31.7500076 12.5574284 0.6337422 0.0269843 -0.3879059 0.6687089
1740546820.028096 11.4090805 -31.9058151 12.6152725 0.6265380 0.0282552 -0.3891241 0.6747105
1740546820.128288 11.3636799 -31.9863052 12.6495113 0.6228644 0.0287061 -0.3900222 0.6775682
1740546820.234753 11.3230324 -32.0625992 12.6863842 0.6192362 0.0293183 -0.3913837 0.6800777
1740546820.435031 11.2326298 -32.2366028 12.7481270 0.6095328 0.0314537 -0.3937435 0.6873475
1740546820.646660 11.1544209 -32.4076920 12.8022099 0.5992366 0.0353922 -0.3946592 0.6956342
1740546820.853416 11.1226749 -32.5551910 12.9027672 0.5918136 0.0384474 -0.3930457 0.7027045
1740546820.952893 11.1294537 -32.6035233 12.9528828 0.5876068 0.0401410 -0.3931771 0.7060586
1740546821.055907 11.1413250 -32.6517715 13.0107994 0.5842644 0.0412772 -0.3930151 0.7088515
1740546821.155520 11.1511860 -32.7095070 13.0823975 0.5817365 0.0423267 -0.3920542 0.7113962
1740546821.266528 11.1521111 -32.7717628 13.1332855 0.5769817 0.0439285 -0.3910206 0.7157271
1740546821.367362 11.1284790 -32.8493767 13.1861153 0.5724123 0.0454818 -0.3923185 0.7185832
1740546821.470435 11.0972500 -32.9219437 13.2126446 0.5667667 0.0478078 -0.3918938 0.7231246
1740546821.571885 11.0570679 -32.9980621 13.2588463 0.5616876 0.0508069 -0.3909377 0.7273881
1740546821.671659 11.0266590 -33.0849228 13.3007736 0.5561105 0.0535547 -0.3913879 0.7312240
1740546821.779070 10.9974289 -33.1709175 13.3465099 0.5504913 0.0561198 -0.3912263 0.7353584
1740546821.877784 10.9832840 -33.2501030 13.3961315 0.5460626 0.0582653 -0.3903125 0.7389701
1740546821.988122 10.9976139 -33.3157234 13.4554691 0.5417357 0.0593753 -0.3910097 0.7416929
1740546822.083867 11.0248356 -33.3757210 13.5238991 0.5383853 0.0600110 -0.3910024 0.7440813
1740546822.182914 11.0549774 -33.4374199 13.5919609 0.5358778 0.0604658 -0.3908736 0.7459201
1740546822.302631 11.0753212 -33.4835320 13.6369362 0.5317701 0.0614619 -0.3890122 0.7497417
1740546822.401618 11.0893097 -33.5095825 13.6678333 0.5289783 0.0626239 -0.3863119 0.7530096
1740546822.504420 11.1107349 -33.5616150 13.7191505 0.5251306 0.0642868 -0.3855815 0.7559312
1740546822.605480 11.1400471 -33.6293030 13.7840424 0.5218375 0.0635885 -0.3840425 0.7590477
1740546822.704802 11.1698551 -33.6791229 13.8463612 0.5209932 0.0644788 -0.3791499 0.7620065
1740546822.809090 11.2085609 -33.7411041 13.9160137 0.5186524 0.0645009 -0.3764608 0.7649291
1740546822.923790 11.2256870 -33.7942123 13.9669495 0.5134870 0.0668869 -0.3764159 0.7682241
1740546823.030235 11.2507610 -33.8405571 14.0138283 0.5105605 0.0678824 -0.3746524 0.7709446
1740546823.126486 11.2662849 -33.8810577 14.0471725 0.5058135 0.0693346 -0.3729466 0.7747620
1740546823.240680 11.3066463 -33.9371643 14.1070137 0.5041226 0.0679953 -0.3738755 0.7755348
1740546823.336297 11.2974949 -34.0047455 14.1640072 0.4994330 0.0700962 -0.3734044 0.7786028
1740546823.451173 11.3339214 -34.0723038 14.2312031 0.4965656 0.0694974 -0.3722512 0.7810389
1740546823.554749 11.3557549 -34.1189003 14.2802849 0.4900255 0.0717452 -0.3751109 0.7835940
1740546823.656415 11.3892212 -34.1856384 14.3458576 0.4877058 0.0716780 -0.3750474 0.7850764
1740546823.770012 11.4150791 -34.2586975 14.4180164 0.4851082 0.0718278 -0.3740170 0.7871608
1740546823.871979 11.4349766 -34.3285370 14.4839268 0.4825869 0.0725046 -0.3728443 0.7892023
1740546823.980221 11.4615726 -34.3960800 14.5450935 0.4780977 0.0732442 -0.3722538 0.7921395
1740546824.083859 11.4768028 -34.4573975 14.6040230 0.4738825 0.0751001 -0.3695592 0.7957521
1740546824.184779 11.4948635 -34.5170517 14.6540356 0.4669875 0.0771752 -0.3722151 0.7983875
1740546824.307690 11.5109043 -34.5821190 14.7140789 0.4637638 0.0776627 -0.3719815 0.8003258
1740546824.409432 11.5274277 -34.6365280 14.7694931 0.4597799 0.0810406 -0.3698204 0.8032855
1740546824.522088 11.5342522 -34.6941299 14.8229809 0.4544360 0.0855690 -0.3677043 0.8068206
1740546824.621004 11.5564728 -34.7483063 14.8845921 0.4513241 0.0883869 -0.3657839 0.8091332
1740546824.724361 11.5704498 -34.8163910 14.9570675 0.4469865 0.0902109 -0.3646020 0.8118685
1740546824.832096 11.6042080 -34.8863564 15.0241489 0.4427182 0.0899006 -0.3659628 0.8136275
1740546824.929110 11.6270370 -34.9516945 15.0826302 0.4373847 0.0910596 -0.3669016 0.8159571
1740546825.036309 11.6385612 -35.0215645 15.1378059 0.4317521 0.0938534 -0.3677855 0.8182392
1740546825.132853 11.6532135 -35.0898781 15.2009296 0.4266983 0.0966209 -0.3677870 0.8205643
1740546825.242975 11.6530113 -35.1661110 15.2681503 0.4218945 0.0998138 -0.3662158 0.8233640
1740546825.338484 11.6412067 -35.2404213 15.3345947 0.4172538 0.1035300 -0.3657351 0.8254809
1740546825.438073 11.6543512 -35.3077660 15.3949738 0.4128541 0.1070314 -0.3660389 0.8271102
1740546825.554447 11.6712952 -35.3603401 15.4394283 0.4055770 0.1108600 -0.3665140 0.8299909
1740546825.652149 11.6750879 -35.4211807 15.5044231 0.4005763 0.1161512 -0.3653544 0.8322042
1740546825.754233 11.6854830 -35.4895058 15.5625381 0.3949157 0.1201650 -0.3636444 0.8350837
1740546825.854638 11.6891937 -35.5553131 15.6411037 0.3913264 0.1238300 -0.3629961 0.8365188
1740546825.955720 11.7122860 -35.6245041 15.7063713 0.3871982 0.1269244 -0.3624989 0.8381899
1740546826.062943 11.7335835 -35.6938248 15.7737503 0.3831669 0.1307322 -0.3610888 0.8400638
1740546826.168225 11.7632484 -35.7599030 15.8353329 0.3796608 0.1345774 -0.3605984 0.8412582
1740546826.277566 11.7693710 -35.8397179 15.8950748 0.3756312 0.1389169 -0.3589781 0.8430529
1740546826.384946 11.7808886 -35.9184952 15.9521828 0.3713024 0.1435155 -0.3576618 0.8447579
1740546826.499145 11.8071241 -35.9750977 16.0069485 0.3673763 0.1462122 -0.3560821 0.8466771
1740546826.602629 11.8178988 -36.0576248 16.0588074 0.3625890 0.1512746 -0.3554321 0.8481234
1740546826.702160 11.8409519 -36.1200752 16.1269913 0.3593966 0.1562312 -0.3533306 0.8494607
1740546826.810738 11.8555841 -36.1856079 16.1955528 0.3562282 0.1608180 -0.3512552 0.8507989
1740546826.916636 11.8811789 -36.2458878 16.2458935 0.3519543 0.1642604 -0.3513678 0.8518729
1740546827.025030 11.9090996 -36.3007393 16.2983665 0.3470961 0.1678885 -0.3507845 0.8533979
1740546827.123550 11.9223890 -36.3625374 16.3483295 0.3416665 0.1718390 -0.3501295 0.8550701
1740546827.221978 11.9380283 -36.4250870 16.4054794 0.3383262 0.1762451 -0.3493738 0.8558102
1740546827.324746 11.9487658 -36.4905014 16.4782372 0.3355884 0.1800668 -0.3473511 0.8569152
1740546827.422827 11.9646759 -36.5372391 16.5146942 0.3305901 0.1837838 -0.3457936 0.8586970
1740546827.527140 12.0045300 -36.6027374 16.5759048 0.3276435 0.1851098 -0.3449999 0.8598599
1740546827.623979 12.0287580 -36.6651154 16.6408043 0.3253850 0.1882956 -0.3446654 0.8601599
1740546827.721561 12.0618553 -36.7249870 16.7015877 0.3232471 0.1909424 -0.3445880 0.8604136
1740546827.824046 12.0919905 -36.7744713 16.7657166 0.3207934 0.1939219 -0.3436199 0.8610524
1740546827.924465 12.1241846 -36.8353081 16.8339386 0.3183856 0.1949755 -0.3436664 0.8616894
1740546828.038119 12.1501188 -36.9071617 16.9036980 0.3150674 0.1965308 -0.3433206 0.8626930
1740546828.135208 12.1805639 -36.9622307 16.9679375 0.3127078 0.1977540 -0.3446214 0.8627533
1740546828.235402 12.2026644 -37.0095901 17.0091248 0.3062056 0.1988049 -0.3450534 0.8646693
1740546828.336232 12.2132378 -37.0568771 17.0632629 0.3014923 0.2025303 -0.3447613 0.8655770
1740546828.436677 12.2296028 -37.1096649 17.1195602 0.2967392 0.2039917 -0.3445012 0.8669788
1740546828.542227 12.2654657 -37.1652451 17.1837444 0.2939077 0.2058752 -0.3449705 0.8673114
1740546828.637766 12.2983913 -37.2102394 17.2473259 0.2934503 0.2078313 -0.3447308 0.8670950
1740546828.748265 12.3135357 -37.2342033 17.2757721 0.2904826 0.2094068 -0.3430914 0.8683646
1740546828.843225 12.3290682 -37.2610931 17.3046570 0.2871371 0.2107526 -0.3443173 0.8686664
1740546828.940202 12.3451834 -37.2877502 17.3305168 0.2820410 0.2121710 -0.3452006 0.8696395
1740546829.055069 12.3491926 -37.3027153 17.3427505 0.2766134 0.2154431 -0.3444174 0.8708881
1740546829.152187 12.3665562 -37.3308640 17.3802414 0.2726910 0.2174039 -0.3435547 0.8719779
1740546829.254655 12.3800917 -37.3485146 17.3950558 0.2675446 0.2190805 -0.3433502 0.8732321
1740546829.347946 12.3928862 -37.3667412 17.4186993 0.2610782 0.2209399 -0.3442515 0.8743653
1740546829.443500 12.4057493 -37.3914337 17.4412956 0.2538437 0.2228725 -0.3431424 0.8764386
1740546829.547925 12.4351873 -37.4372673 17.4997177 0.2471827 0.2259793 -0.3426997 0.8777192
1740546829.646717 12.4627571 -37.4793701 17.5709171 0.2426804 0.2304381 -0.3404827 0.8786786
1740546829.760771 12.5085287 -37.5291290 17.6479759 0.2383893 0.2322720 -0.3390119 0.8799382
1740546829.856225 12.5521126 -37.5764961 17.7225018 0.2343010 0.2343240 -0.3376978 0.8809969
1740546829.956347 12.5790606 -37.6257477 17.7962303 0.2283519 0.2380786 -0.3358137 0.8822716
1740546830.065158 12.6158552 -37.6636009 17.8652687 0.2238877 0.2406607 -0.3345366 0.8831998
1740546830.164099 12.6470842 -37.7017937 17.9271450 0.2198316 0.2439213 -0.3339653 0.8835404
1740546830.271316 12.6884794 -37.7468872 18.0052605 0.2154976 0.2465394 -0.3322793 0.8845165
1740546830.373190 12.7208300 -37.7834358 18.0723991 0.2114871 0.2498993 -0.3316886 0.8847634
1740546830.476663 12.7547235 -37.8242607 18.1456413 0.2081471 0.2535185 -0.3300519 0.8851378
1740546830.584346 12.7893982 -37.8665123 18.2232494 0.2058518 0.2566465 -0.3280690 0.8855102
1740546830.681200 12.8218536 -37.9073868 18.3074226 0.2035929 0.2599342 -0.3268134 0.8855377
1740546830.786778 12.8677378 -37.9453049 18.3812103 0.2014931 0.2609074 -0.3267482 0.8857558
1740546830.888524 12.9011612 -37.9939194 18.4642773 0.1998952 0.2629482 -0.3251794 0.8860917
1740546830.989757 12.9174900 -38.0273972 18.5253925 0.1972525 0.2658524 -0.3239055 0.8862839
1740546831.091177 12.9574766 -38.0686340 18.5862389 0.1961955 0.2670236 -0.3235305 0.8863034
1740546831.190211 12.9887590 -38.1105957 18.6594143 0.1963680 0.2689061 -0.3235816 0.8856772
1740546831.295040 13.0304537 -38.1707153 18.7288227 0.1952377 0.2696820 -0.3228139 0.8859712
1740546831.394406 13.0728321 -38.2201347 18.8082294 0.1952841 0.2710133 -0.3217746 0.8859328
1740546831.507713 13.1055107 -38.2632980 18.8790703 0.1955694 0.2714326 -0.3221092 0.8856199
1740546831.603373 13.1337528 -38.3147697 18.9506359 0.1955352 0.2731706 -0.3220661 0.8851086
1740546831.704115 13.1672859 -38.3649254 19.0199490 0.1960593 0.2728963 -0.3220387 0.8850873
1740546831.805044 13.1934242 -38.4205246 19.0957870 0.1954865 0.2741053 -0.3220361 0.8848413
1740546831.905453 13.2181244 -38.4725342 19.1764393 0.1960947 0.2749365 -0.3221179 0.8844190
1740546832.011967 13.2551956 -38.5196266 19.2451992 0.1978617 0.2749791 -0.3228928 0.8837293
1740546832.111807 13.2875824 -38.5739441 19.3183365 0.1981408 0.2752166 -0.3230662 0.8835295
1740546832.316773 13.3657532 -38.6836395 19.4728317 0.2006678 0.2751643 -0.3230506 0.8829809
1740546832.414429 13.4002552 -38.7401352 19.5402431 0.2010547 0.2749292 -0.3231681 0.8829232
1740546832.521504 13.4286642 -38.7820930 19.6086884 0.2018172 0.2742432 -0.3242040 0.8825827
1740546832.621211 13.4614296 -38.8312912 19.6874275 0.2029602 0.2736254 -0.3243253 0.8824678
1740546832.719935 13.4838161 -38.8832016 19.7704506 0.2038155 0.2739163 -0.3239497 0.8823184
1740546832.921407 13.5471926 -38.9859772 19.9306335 0.2049667 0.2732854 -0.3251381 0.8818100
1740546833.027804 13.5764713 -39.0317688 20.0093155 0.2058733 0.2727900 -0.3255855 0.8815871
1740546833.128047 13.6193295 -39.0746155 20.0880661 0.2065697 0.2716996 -0.3263067 0.8814943
1740546833.227341 13.6568804 -39.1361084 20.1638641 0.2065391 0.2710809 -0.3258560 0.8818587
1740546833.328783 13.6811571 -39.1918335 20.2426624 0.2064493 0.2711272 -0.3260947 0.8817772
1740546833.538523 13.7368689 -39.3003235 20.4013653 0.2069694 0.2706490 -0.3266515 0.8815960
1740546833.632109 13.7768707 -39.3495483 20.4739647 0.2075444 0.2697993 -0.3264028 0.8818134
1740546833.728083 13.8044453 -39.4038811 20.5498695 0.2071455 0.2693821 -0.3268748 0.8818599
1740546833.925165 13.8741741 -39.5130920 20.7057438 0.2071720 0.2681921 -0.3270335 0.8821575
1740546834.041547 13.9017096 -39.5647774 20.7855453 0.2068511 0.2678485 -0.3271727 0.8822855
1740546834.235319 13.9608631 -39.6739960 20.9414597 0.2069800 0.2672541 -0.3280597 0.8821062
1740546834.339247 13.9890757 -39.7236404 21.0218048 0.2069906 0.2669104 -0.3275245 0.8824066
1740546834.544070 14.0638905 -39.8441467 21.1616764 0.2062222 0.2652175 -0.3276760 0.8830405
1740546834.741194 14.1362209 -39.9541588 21.3121948 0.2060626 0.2645359 -0.3282897 0.8830543
1740546834.938289 14.2138739 -40.0514946 21.4678326 0.2062743 0.2624222 -0.3289582 0.8833867
1740546835.140344 14.2679682 -40.1633186 21.6285820 0.2054520 0.2618515 -0.3289347 0.8837563
1740546835.430116 14.3715677 -40.3208237 21.8596973 0.2044774 0.2599886 -0.3292294 0.8844224
1740546835.634444 14.4449358 -40.4166031 22.0194359 0.2035005 0.2594273 -0.3294976 0.8847126
1740546835.930067 14.5282936 -40.5878220 22.2530022 0.2003544 0.2599126 -0.3282843 0.8857387
1740546836.136039 14.5950212 -40.6825523 22.4172611 0.1989924 0.2619936 -0.3278923 0.8855778
1740546836.233070 14.6234226 -40.7278900 22.5007839 0.1981803 0.2638411 -0.3273791 0.8854012
1740546836.337193 14.6582212 -40.7858620 22.5746956 0.1968367 0.2656685 -0.3261316 0.8856149
1740546836.543769 14.7160234 -40.8901176 22.7401505 0.1946445 0.2716773 -0.3246037 0.8848376
1740546836.855281 14.7967663 -41.0218430 22.9956207 0.1923408 0.2859510 -0.3199695 0.8825285
1740546837.064523 14.8684673 -41.1206779 23.1549702 0.1902130 0.2989839 -0.3154260 0.8803034
1740546837.369498 15.0346737 -41.2689896 23.3523521 0.1872129 0.3223039 -0.3073485 0.8755618
1740546837.465801 15.0907421 -41.3205910 23.4107952 0.1860281 0.3322503 -0.3044558 0.8731036
1740546837.766729 15.2753077 -41.4886436 23.5846138 0.1829631 0.3626079 -0.2941324 0.8651741
1740546837.974679 15.4053583 -41.5954857 23.6973877 0.1803170 0.3844270 -0.2863491 0.8588980
1740546838.181070 15.5377083 -41.6951790 23.8018799 0.1775839 0.4062451 -0.2774829 0.8523099
1740546838.391732 15.6878109 -41.7878990 23.8920422 0.1755638 0.4271891 -0.2698434 0.8449091
1740546838.490172 15.7725325 -41.8408165 23.9245949 0.1741742 0.4371276 -0.2660734 0.8413013
1740546838.703771 15.9367638 -41.9418221 23.9874420 0.1713647 0.4555001 -0.2586401 0.8344214
1740546838.910888 16.1070328 -42.0389099 24.0502033 0.1692307 0.4714303 -0.2525197 0.8278576
1740546839.217986 16.3393860 -42.1914215 24.1522045 0.1639049 0.4902032 -0.2434124 0.8207231
1740546839.523309 16.5542679 -42.3425217 24.3099022 0.1583169 0.5017494 -0.2363369 0.8169016
1740546839.939505 16.8696499 -42.5462456 24.4551086 0.1480396 0.5088965 -0.2288272 0.8165457
1740546840.361226 17.1844826 -42.7173615 24.6378880 0.1358220 0.5086251 -0.2225844 0.8205541
1740546840.877339 17.5720005 -42.9111481 24.8917675 0.1161496 0.5033509 -0.2143356 0.8289797
1740546841.299193 17.8815956 -43.0514908 25.1008759 0.0989363 0.4991046 -0.2062428 0.8358051
1740546841.608767 18.1111774 -43.1223907 25.2827454 0.0857398 0.4962259 -0.2000773 0.8404627
1740546841.918759 18.3670807 -43.2151909 25.4152679 0.0726721 0.4939802 -0.1933765 0.8445755
1740546842.225459 18.6235752 -43.3011284 25.5489502 0.0608969 0.4918217 -0.1874166 0.8481026
1740546842.523413 18.8680267 -43.3605576 25.7156315 0.0500240 0.4892915 -0.1821582 0.8514163
1740546842.836983 19.1112671 -43.4167824 25.8816566 0.0405015 0.4869178 -0.1774035 0.8542826
1740546843.135244 19.3577518 -43.4715729 26.0487232 0.0339582 0.4843118 -0.1737022 0.8568060
1740546843.340529 19.5175304 -43.4872322 26.1663666 0.0307409 0.4828419 -0.1730626 0.8578858
1740546843.535361 19.6777096 -43.5189934 26.2825966 0.0292744 0.4820231 -0.1718711 0.8586368
1740546843.842974 19.9366093 -43.5875397 26.4249535 0.0295992 0.4784294 -0.1734129 0.8603238
1740546844.143533 20.1895027 -43.6470261 26.5734444 0.0331732 0.4747622 -0.1753925 0.8618225
1740546844.444425 20.4143219 -43.7528419 26.7587776 0.0386647 0.4705161 -0.1791661 0.8631449
1740546844.743300 20.6449089 -43.8464241 26.9394608 0.0456788 0.4651601 -0.1842524 0.8646333
1740546845.040290 20.8756561 -43.8999290 27.1276474 0.0533812 0.4596529 -0.1891747 0.8660731
1740546845.349590 21.1080875 -44.0075378 27.2955055 0.0604850 0.4526567 -0.1933979 0.8683553
1740546845.650292 21.3288307 -44.1070213 27.4832077 0.0673621 0.4455012 -0.1977901 0.8705574
1740546845.946228 21.5485477 -44.1976585 27.6746368 0.0743372 0.4378904 -0.2031263 0.8726200
1740546846.248649 21.7602615 -44.3167458 27.8599472 0.0794553 0.4306461 -0.2067495 0.8749202
1740546846.549365 21.9628334 -44.4275208 28.0493755 0.0840472 0.4221284 -0.2097143 0.8779314
1740546846.856607 22.1724796 -44.5316696 28.2535439 0.0885180 0.4137008 -0.2142007 0.8804171
1740546847.153554 22.3804531 -44.6352348 28.4529228 0.0929310 0.4042623 -0.2176901 0.8834856
1740546847.450100 22.5673237 -44.7373734 28.6772175 0.0979846 0.3957331 -0.2215371 0.8858418
1740546847.749773 22.7550926 -44.8380966 28.8957825 0.1039005 0.3881295 -0.2251883 0.8876094
1740546848.051912 22.9446487 -44.9374466 29.1169720 0.1110573 0.3804430 -0.2294358 0.8889818
1740546848.350268 23.1108837 -45.0636253 29.3395214 0.1184622 0.3749214 -0.2334254 0.8893331
1740546848.645039 23.2788086 -45.2056808 29.5455818 0.1274736 0.3709555 -0.2373419 0.8887133
1740546848.945554 23.4644871 -45.3373795 29.7533474 0.1362577 0.3691510 -0.2412233 0.8871149
1740546849.244445 23.6086502 -45.4871979 29.9783363 0.1456564 0.3694941 -0.2442878 0.8846366
1740546849.541705 23.7831078 -45.6505966 30.1715813 0.1543383 0.3730997 -0.2462507 0.8810998
1740546849.847745 23.9583015 -45.7966843 30.3766670 0.1618510 0.3793233 -0.2472586 0.8768018
1740546850.145159 24.1418419 -45.9303513 30.5815163 0.1692092 0.3887769 -0.2476870 0.8711326
1740546850.448343 24.3263111 -46.0922737 30.7620678 0.1771273 0.4010678 -0.2472458 0.8640834
1740546850.756487 24.5158424 -46.2593842 30.9334106 0.1879126 0.4162743 -0.2459236 0.8549422
1740546851.082163 24.7234268 -46.4089012 31.1014977 0.2002864 0.4342528 -0.2456095 0.8431998
1740546851.385662 24.9264908 -46.5940399 31.2253437 0.2162053 0.4535021 -0.2450515 0.8291808
1740546851.698434 25.1481209 -46.7469864 31.3671265 0.2369481 0.4723354 -0.2463128 0.8124561
1740546852.011147 25.3355560 -46.9359703 31.4882126 0.2575528 0.4919762 -0.2470194 0.7941079
1740546852.427554 25.5554028 -47.2835693 31.4741783 0.2839192 0.5118085 -0.2499918 0.7713275
1740546852.844397 25.7845936 -47.6310806 31.4377518 0.3022218 0.5232911 -0.2527955 0.7555944
1740546853.243694 26.0198174 -47.9391098 31.5325356 0.3075904 0.5245572 -0.2543469 0.7520210
1740546853.557472 26.2178650 -48.1400604 31.6347275 0.3028437 0.5182508 -0.2556476 0.7578562
1740546853.961777 26.4762592 -48.3901062 31.8149757 0.2871171 0.5025470 -0.2571680 0.7738702
1740546854.373268 26.7253075 -48.6291351 32.0158348 0.2659260 0.4829431 -0.2575375 0.7935513
1740546854.779451 26.9759178 -48.8672180 32.2198105 0.2468769 0.4624702 -0.2580894 0.8115190
1740546855.102886 27.1566963 -49.0446281 32.3822479 0.2356069 0.4497833 -0.2585354 0.8217931
1740546855.513797 27.3953514 -49.2820892 32.5998611 0.2234279 0.4373161 -0.2589089 0.8317457
1740546855.930783 27.6176338 -49.5311890 32.8251266 0.2149199 0.4299771 -0.2581745 0.8380185
1740546856.240789 27.8047142 -49.6974640 32.9963608 0.2106327 0.4264469 -0.2573119 0.8411703
1740546856.552609 27.9909821 -49.8627396 33.1649857 0.2052950 0.4254560 -0.2554016 0.8435705
1740546856.870107 28.1782646 -50.0315399 33.3325043 0.2000929 0.4259483 -0.2533730 0.8451822
1740546857.184374 28.3673077 -50.1919327 33.5058899 0.1947915 0.4294972 -0.2504646 0.8454916
1740546857.486674 28.5667648 -50.3419647 33.6686707 0.1879573 0.4312181 -0.2489778 0.8466009
1740546857.786397 28.7629108 -50.4956284 33.8330574 0.1833607 0.4354416 -0.2444011 0.8467807
1740546858.092361 28.9585915 -50.6502151 33.9895439 0.1754819 0.4380692 -0.2423055 0.8476967
1740546858.389642 29.1601486 -50.7917862 34.1424408 0.1703502 0.4389948 -0.2381194 0.8494489
1740546858.593209 29.2991066 -50.8881187 34.2509537 0.1669177 0.4395724 -0.2365838 0.8502604
1740546858.785697 29.4380474 -50.9800034 34.3607941 0.1632953 0.4385341 -0.2350533 0.8519228
1740546858.990609 29.5688114 -51.0753098 34.4768867 0.1587020 0.4398006 -0.2319814 0.8529794
1740546859.191115 29.7139874 -51.1597748 34.5887985 0.1549354 0.4373100 -0.2301610 0.8554419
1740546859.392173 29.8512077 -51.2523689 34.7064438 0.1510257 0.4350591 -0.2303734 0.8572298
1740546859.591850 29.9893932 -51.3379364 34.8281403 0.1459504 0.4317108 -0.2279505 0.8604434
1740546859.888640 30.1826897 -51.4844398 34.9897156 0.1347155 0.4233034 -0.2258705 0.8669767
1740546860.092191 30.3081055 -51.5548172 35.1024323 0.1298124 0.4171917 -0.2277915 0.8701786
1740546860.391409 30.3648911 -51.6213951 35.1586304 0.1292037 0.3945390 -0.2145761 0.8840829
1740546860.593363 30.3476467 -51.6414146 35.2221184 0.1245332 0.3917876 -0.2116517 0.8866778
1740546860.690859 30.3468971 -51.6674652 35.2233658 0.1178859 0.3863712 -0.2093620 0.8904986
1740546860.892096 30.3302479 -51.6890869 35.2580490 0.1156846 0.3792245 -0.2010480 0.8957598
1740546860.991293 30.3317375 -51.7090988 35.2627831 0.1113140 0.3734646 -0.1998124 0.8990041
1740546861.196754 30.3127232 -51.6902924 35.2904510 0.1108384 0.3694974 -0.1935452 0.9020681
1740546861.291574 30.3010979 -51.7049561 35.3030853 0.1073239 0.3668979 -0.1916057 0.9039662
1740546861.394715 30.3003750 -51.7036858 35.3421021 0.1076182 0.3661375 -0.1918250 0.9041929
1740546861.491261 30.2789783 -51.6968689 35.3803787 0.1078593 0.3680644 -0.1886888 0.9040418
1740546861.594644 30.2524929 -51.6808205 35.4113159 0.1082644 0.3713034 -0.1873979 0.9029366
1740546861.787388 30.2328529 -51.6725960 35.4539452 0.1053837 0.3729738 -0.1877423 0.9025174
1740546861.893773 30.2319565 -51.6760979 35.4708252 0.1047475 0.3730310 -0.1903047 0.9020310
1740546861.989939 30.2266121 -51.6728554 35.4819489 0.1030670 0.3736173 -0.1904971 0.9019414
1740546862.097975 30.2199421 -51.6575890 35.5189896 0.1046498 0.3769121 -0.1915239 0.9001690
1740546862.198529 30.1997604 -51.6810799 35.5377502 0.1002512 0.3802242 -0.1899449 0.8996111
1740546862.295849 30.1949615 -51.6772728 35.5566788 0.1006353 0.3818116 -0.1882160 0.8992592
1740546862.397461 30.1841412 -51.6759834 35.5814896 0.0997788 0.3863310 -0.1867088 0.8977374
1740546862.497840 30.1663475 -51.6857643 35.6179733 0.0971685 0.3916349 -0.1845029 0.8961803
1740546862.599104 30.1461964 -51.6806755 35.6613388 0.0985465 0.3996316 -0.1837000 0.8926576
1740546862.698964 30.1414356 -51.6770210 35.6920052 0.0995084 0.4036344 -0.1833608 0.8908177
1740546862.796145 30.1385593 -51.6818123 35.7222633 0.0980987 0.4070421 -0.1835686 0.8893795
1740546862.897198 30.1208458 -51.6921196 35.7607613 0.0969513 0.4153846 -0.1822527 0.8859120
1740546862.998666 30.1177979 -51.6798592 35.8137741 0.0995629 0.4238491 -0.1819058 0.8816742
1740546863.104280 30.1258430 -51.6829376 35.8493271 0.0993190 0.4290438 -0.1817014 0.8792280
1740546863.206013 30.1273556 -51.6909370 35.8807983 0.0985554 0.4343238 -0.1820436 0.8766469
1740546863.304654 30.1544228 -51.6613731 35.9176483 0.1042486 0.4374983 -0.1836600 0.8740689
1740546863.411359 30.1708107 -51.6743431 35.9405060 0.1024571 0.4406761 -0.1819215 0.8730474
1740546863.519056 30.1820774 -51.6919594 35.9707260 0.1002202 0.4469984 -0.1860088 0.8692233
1740546863.627424 30.1906681 -51.6868286 36.0173264 0.1034884 0.4541280 -0.1856156 0.8652195
1740546863.722950 30.1967545 -51.7128830 36.0531082 0.1003330 0.4595173 -0.1838188 0.8631268
1740546863.839763 30.2092113 -51.7060776 36.0983353 0.1014068 0.4664462 -0.1857637 0.8588578
1740546863.935421 30.2058411 -51.7158928 36.1518021 0.1014289 0.4762568 -0.1845350 0.8537204
1740546864.034448 30.2010479 -51.7270546 36.1959534 0.1009196 0.4845558 -0.1824395 0.8495509
1740546864.146271 30.1950264 -51.7395477 36.2340851 0.0990055 0.4930880 -0.1832344 0.8446817
1740546864.243732 30.1799545 -51.7430267 36.2820816 0.0982812 0.5043758 -0.1814694 0.8384598
1740546864.349955 30.1795959 -51.7438164 36.3210220 0.0989811 0.5126040 -0.1818983 0.8332784
1740546864.449145 30.1717911 -51.7671776 36.3612518 0.0945409 0.5216725 -0.1813606 0.8282682
1740546864.545604 30.1720695 -51.7721481 36.3967590 0.0945130 0.5287757 -0.1800100 0.8240510
1740546864.648604 30.1643677 -51.7790451 36.4343529 0.0937669 0.5377206 -0.1790465 0.8185393
1740546864.747570 30.1564808 -51.7781906 36.4689865 0.0943367 0.5469429 -0.1772014 0.8127446
1740546864.852634 30.1585693 -51.7884445 36.5008125 0.0947170 0.5537773 -0.1752630 0.8084815
1740546864.952775 30.1627426 -51.7689438 36.5301437 0.0995293 0.5602179 -0.1735851 0.8038146
1740546865.052454 30.1556206 -51.7807121 36.5647011 0.0999651 0.5684465 -0.1699094 0.7987530
1740546865.154814 30.1455841 -51.7863998 36.6026001 0.0997281 0.5781906 -0.1675979 0.7922505
1740546865.255734 30.1344090 -51.8004189 36.6515045 0.0985500 0.5886193 -0.1633315 0.7855814
1740546865.366325 30.1227417 -51.8190613 36.6727524 0.0935384 0.5966817 -0.1635544 0.7800459
1740546865.465249 30.1039772 -51.8475723 36.7139015 0.0896189 0.6075688 -0.1572920 0.7733614
1740546865.566910 30.0862656 -51.8547935 36.7527695 0.0858454 0.6179146 -0.1605716 0.7648718
1740546865.678602 30.0864792 -51.8939171 36.7399254 0.0784158 0.6163275 -0.1579876 0.7674838
1740546865.777867 30.0923157 -51.9394798 36.7443161 0.0743027 0.6164995 -0.1534648 0.7686716
1740546865.880230 30.1197147 -51.9147835 36.7373314 0.0826045 0.6127221 -0.1589662 0.7697259
1740546865.982633 30.1110973 -51.9881973 36.7625351 0.0719815 0.6180759 -0.1549588 0.7673257
1740546866.088536 30.1188049 -52.0516624 36.7897644 0.0672047 0.6206622 -0.1513923 0.7663828
1740546866.193175 30.1448193 -52.0202408 36.8044395 0.0772540 0.6219257 -0.1593067 0.7627985
1740546866.291829 30.1787643 -51.9776573 36.9246941 0.0848070 0.6381699 -0.1694606 0.7462105
1740546866.400610 30.1889267 -51.9994392 37.0106544 0.0906670 0.6519113 -0.1667624 0.7341536
1740546866.501959 30.2343254 -51.9866867 37.1616440 0.0978510 0.6746337 -0.1655757 0.7126564
1740546866.611545 30.2938881 -52.0544930 37.2165756 0.0942053 0.6822016 -0.1599589 0.7072055
1740546866.712326 30.3787479 -52.0905228 37.2502594 0.0954811 0.6873326 -0.1590122 0.7022623
1740546866.921225 30.5603180 -52.1702003 37.2583847 0.0954923 0.6892577 -0.1603471 0.7000670
1740546867.136727 30.7364635 -52.2457161 37.2959976 0.0988293 0.6957498 -0.1603435 0.6931486
1740546867.344775 30.9105148 -52.3372269 37.3200455 0.0969069 0.7015823 -0.1582790 0.6879964
1740546867.547881 31.0861549 -52.4105568 37.3309097 0.0982606 0.7041364 -0.1609001 0.6845788
1740546867.766980 31.2541275 -52.5247726 37.3528442 0.0977225 0.7060905 -0.1606112 0.6827082
1740546867.878130 31.3121643 -52.6004944 37.3842087 0.0998244 0.7059732 -0.1607307 0.6824973
