1740546763.268234 0.0000000 0.0000000 0.0000000 -0.0000000 -0.0000000 -0.0000000 1.0000000
1740546764.049195 0.0174899 0.0526785 0.0836342 0.0015571 -0.0007063 -0.0003496 0.9999985
1740546764.397748 0.0017364 0.0390335 0.1777350 0.0044356 -0.0016259 -0.0001505 0.9999889
1740546764.513794 0.0013797 0.0113542 0.2709777 0.0072951 -0.0031957 -0.0003793 0.9999682
1740546764.608327 -0.0118636 -0.0232684 0.3626039 0.0116212 -0.0048219 0.0001651 0.9999208
1740546764.703218 -0.0080047 -0.0496331 0.4553296 0.0160010 -0.0072729 0.0002547 0.9998455
1740546764.798342 -0.0227013 -0.0739718 0.5468137 0.0212954 -0.0091165 0.0002427 0.9997317
1740546764.909553 -0.0404559 -0.1016189 0.6401116 0.0274290 -0.0115585 0.0000507 0.9995570
1740546765.004364 -0.0193471 -0.1211768 0.7377722 0.0341015 -0.0156071 0.0003788 0.9992964
1740546765.231745 -0.0274276 -0.1771260 0.9170289 0.0476836 -0.0222749 0.0005880 0.9986140
1740546765.436909 -0.0538441 -0.2289252 1.1012056 0.0630171 -0.0308961 0.0009873 0.9975336
1740546765.534871 -0.0635033 -0.2529506 1.2055454 0.0707290 -0.0366609 0.0003499 0.9968216
1740546765.731409 -0.1140130 -0.3311204 1.3847120 0.0841193 -0.0446911 -0.0012426 0.9954522
1740546765.937776 -0.1516235 -0.3926252 1.5539956 0.0952980 -0.0532687 0.0003394 0.9940225
1740546766.136220 -0.2091602 -0.4463121 1.7354659 0.1041460 -0.0611660 -0.0001727 0.9926794
1740546766.336879 -0.2401826 -0.4920536 1.9017243 0.1116468 -0.0684013 -0.0012366 0.9913903
1740546766.542600 -0.2827870 -0.5393206 2.1000073 0.1188759 -0.0751332 -0.0005461 0.9900622
1740546766.749131 -0.3141907 -0.5769127 2.3006647 0.1235352 -0.0816426 -0.0013693 0.9889750
1740546766.953944 -0.3804248 -0.6633856 2.4664543 0.1235715 -0.0853330 0.0001525 0.9886599
1740546767.167323 -0.4366978 -0.6862995 2.5985084 0.1273763 -0.0873997 -0.0018932 0.9879944
1740546767.366373 -0.4242281 -0.7607089 2.8173835 0.1244885 -0.0915708 -0.0042236 0.9879776
1740546767.575368 -0.4699093 -0.7493842 2.9717536 0.1272120 -0.0908997 -0.0036014 0.9876950
1740546767.881691 -0.5347425 -0.8680189 3.2793186 0.1253633 -0.0926122 -0.0014678 0.9877778
1740546768.192557 -0.6262482 -0.9596786 3.5499187 0.1261355 -0.0874428 0.0000969 0.9881516
1740546768.502010 -0.7421865 -0.9705176 3.7901604 0.1267759 -0.0794482 -0.0012385 0.9887438
1740546768.809518 -0.7613045 -1.0011054 4.0526686 0.1282821 -0.0716828 0.0001011 0.9891437
1740546769.117853 -0.7349141 -1.0777625 4.3690825 0.1327987 -0.0657045 0.0019038 0.9889610
1740546769.330646 -0.7513447 -1.1283716 4.5469790 0.1341216 -0.0565407 0.0021433 0.9893482
1740546769.442720 -0.7859076 -1.1983097 4.5878296 0.1316711 -0.0532531 0.0038577 0.9898545
1740546769.754431 -0.7722546 -1.2167170 4.8620243 0.1396303 -0.0438134 0.0048338 0.9892221
1740546770.177394 -0.8156834 -1.3864228 5.2313080 0.1420344 -0.0337679 0.0083432 0.9892504
1740546770.485193 -0.8186151 -1.4735383 5.4412799 0.1410890 -0.0284869 0.0078537 0.9895558
1740546770.584384 -0.8148075 -1.5081992 5.5133119 0.1422798 -0.0264086 0.0087370 0.9894356
1740546770.697331 -0.8274170 -1.5111965 5.6057205 0.1450420 -0.0257282 0.0080119 0.9890585
1740546770.799977 -0.8006386 -1.5241263 5.6909804 0.1459480 -0.0272410 0.0084663 0.9888809
1740546770.902495 -0.8039716 -1.5313916 5.7895722 0.1480461 -0.0257988 0.0078171 0.9886130
1740546771.010059 -0.8271134 -1.6027642 5.8564558 0.1463737 -0.0265650 0.0080104 0.9888402
1740546771.114398 -0.8164864 -1.6197910 5.9295378 0.1476875 -0.0261997 0.0078165 0.9886561
1740546771.327159 -0.7832356 -1.6487104 6.1145039 0.1494019 -0.0276002 0.0069140 0.9883671
1740546771.433333 -0.8126003 -1.7023823 6.1668611 0.1476831 -0.0273408 0.0089972 0.9886159
1740546771.534789 -0.8063478 -1.7166024 6.2724943 0.1479651 -0.0268175 0.0072336 0.9886025
1740546771.633641 -0.8046277 -1.7081698 6.3542624 0.1514076 -0.0282826 0.0084140 0.9880309
1740546771.737499 -0.7670353 -1.7575290 6.3864751 0.1484611 -0.0300994 0.0064866 0.9884388
1740546771.837590 -0.8039185 -1.7720528 6.4870782 0.1499436 -0.0303716 0.0085013 0.9881914
1740546771.952835 -0.7932049 -1.7811379 6.5599313 0.1516998 -0.0314631 0.0071082 0.9879002
1740546772.050661 -0.7847779 -1.8140996 6.6550913 0.1526439 -0.0332751 0.0092642 0.9876775
1740546772.150927 -0.7892866 -1.8610090 6.6864672 0.1502546 -0.0315180 0.0062807 0.9881249
1740546772.260141 -0.8316450 -1.8709205 6.7529478 0.1506732 -0.0301548 0.0081976 0.9880896
1740546772.364559 -0.8364591 -1.8722672 6.8340688 0.1532066 -0.0291639 0.0074987 0.9877353
1740546772.470457 -0.8215987 -1.8958488 6.9136214 0.1554841 -0.0310725 0.0087108 0.9873112
1740546772.570598 -0.8064224 -1.9227450 6.9552174 0.1563436 -0.0314750 0.0075855 0.9871719
1740546772.675613 -0.8234383 -1.9718114 7.0424509 0.1551495 -0.0307682 0.0092982 0.9873680
1740546772.780739 -0.8002939 -1.9848503 7.1151562 0.1574170 -0.0320094 0.0058373 0.9869961
1740546772.986668 -0.8272853 -2.0454097 7.1998711 0.1560748 -0.0283407 0.0079570 0.9873065
1740546773.087531 -0.8104484 -2.0565827 7.2661142 0.1563390 -0.0280373 0.0084051 0.9872697
1740546773.196882 -0.8051527 -2.0555656 7.3375206 0.1578895 -0.0276440 0.0079818 0.9870375
1740546773.301836 -0.7996669 -2.0899987 7.4014359 0.1572471 -0.0266938 0.0084439 0.9871624
1740546773.402786 -0.8000066 -2.0984178 7.4334564 0.1559413 -0.0249581 0.0083531 0.9874156
1740546773.517267 -0.8132904 -2.1282582 7.4776611 0.1550741 -0.0220713 0.0077115 0.9876261
1740546773.616067 -0.8223064 -2.1358354 7.5285234 0.1543202 -0.0208790 0.0101237 0.9877484
1740546773.732491 -0.8334238 -2.1406155 7.5738416 0.1550053 -0.0185802 0.0098989 0.9876893
1740546773.833644 -0.8293040 -2.1616848 7.5947671 0.1512469 -0.0179699 0.0100279 0.9882818
1740546773.939054 -0.8355684 -2.1680052 7.6320281 0.1507279 -0.0167197 0.0114719 0.9883673
1740546774.045212 -0.8402230 -2.1809242 7.6571627 0.1485737 -0.0140201 0.0110608 0.9887401
1740546774.147301 -0.8347903 -2.1839547 7.6790085 0.1474401 -0.0135041 0.0092368 0.9889357
1740546774.256454 -0.8273162 -2.1919765 7.7055540 0.1461924 -0.0145104 0.0090473 0.9891084
1740546774.359343 -0.8296615 -2.2030249 7.7230520 0.1446302 -0.0136023 0.0093395 0.9893482
1740546774.468667 -0.8149178 -2.2121575 7.7504373 0.1413054 -0.0164027 0.0103814 0.9897757
1740546774.584116 -0.8201888 -2.2168782 7.7603717 0.1391998 -0.0166676 0.0131153 0.9900372
1740546774.923961 -0.8323533 -2.2354589 7.8145676 0.1323543 -0.0170317 0.0130171 0.9909706
1740546775.027544 -0.8246841 -2.2280037 7.8157377 0.1310246 -0.0192785 0.0097891 0.9911433
1740546775.130471 -0.8222845 -2.2301810 7.8644271 0.1313342 -0.0217062 0.0119299 0.9910287
1740546775.237989 -0.8343140 -2.2475662 7.8607140 0.1268206 -0.0210723 0.0111606 0.9916390
1740546775.342902 -0.8325754 -2.2619240 7.8761559 0.1260280 -0.0228905 0.0126353 0.9916821
1740546775.457645 -0.8379486 -2.2516112 7.9086084 0.1243006 -0.0233044 0.0118717 0.9918998
1740546775.560848 -0.8346224 -2.2638483 7.9135442 0.1217238 -0.0262002 0.0081886 0.9921843
1740546775.673895 -0.8303440 -2.2689505 7.9196558 0.1201416 -0.0295170 0.0118154 0.9922476
1740546775.778186 -0.8196295 -2.2825086 7.9280477 0.1147743 -0.0322750 0.0082517 0.9928329
1740546775.899702 -0.8392022 -2.3003192 7.9500799 0.1143384 -0.0294026 0.0084004 0.9929711
1740546776.025459 -0.8582476 -2.2969923 7.9877067 0.1144775 -0.0281658 0.0078021 0.9929959
1740546776.151713 -0.8774671 -2.3011534 8.0120392 0.1121683 -0.0242959 0.0082753 0.9933577
1740546776.285560 -0.9110819 -2.2906592 8.0572605 0.1128744 -0.0219293 0.0093938 0.9933228
1740546776.410365 -0.9257584 -2.3266659 8.0892963 0.1105698 -0.0186222 0.0082764 0.9936594
1740546776.534440 -0.9342119 -2.3252707 8.1250982 0.1108244 -0.0171958 0.0081858 0.9936575
1740546776.638275 -0.9275304 -2.3304896 8.1280279 0.1082852 -0.0189313 0.0085879 0.9939025
1740546776.750321 -0.9146755 -2.3339124 8.1407280 0.1090723 -0.0232083 0.0080696 0.9937301
1740546776.855476 -0.9061996 -2.3409646 8.1365147 0.1076764 -0.0249936 0.0085269 0.9938352
1740546776.966639 -0.8967944 -2.3394864 8.1523037 0.1088997 -0.0275054 0.0074181 0.9936444
1740546777.071870 -0.8887004 -2.3502350 8.1555061 0.1064763 -0.0276002 0.0065028 0.9939108
1740546777.187263 -0.9000167 -2.3484063 8.1716919 0.1082578 -0.0226674 0.0063840 0.9938439
1740546777.290625 -0.9106132 -2.3391767 8.1964235 0.1135963 -0.0182661 0.0068082 0.9933357
1740546777.398539 -0.9209740 -2.3549190 8.2201500 0.1131470 -0.0114155 0.0071606 0.9934869
1740546777.519796 -0.9324107 -2.3569193 8.2380323 0.1150685 -0.0044968 0.0081962 0.9933136
1740546777.622598 -0.9438159 -2.3515143 8.2562971 0.1207941 0.0020073 0.0086957 0.9926375
1740546777.747308 -0.9537146 -2.3569596 8.2842789 0.1253574 0.0083107 0.0097603 0.9920288
1740546777.850515 -0.9619916 -2.3641486 8.3134537 0.1301654 0.0152677 0.0109800 0.9913139
1740546777.968229 -0.9738336 -2.3739758 8.3329172 0.1331453 0.0236536 0.0119130 0.9907426
1740546778.071585 -0.9766244 -2.3765342 8.3611937 0.1393221 0.0310048 0.0121444 0.9896871
1740546778.186066 -0.9846565 -2.3890772 8.3881311 0.1437810 0.0401514 0.0133180 0.9887050
1740546778.288610 -0.9941771 -2.4041631 8.4263830 0.1496596 0.0485842 0.0148562 0.9874315
1740546778.397740 -1.0111043 -2.4224334 8.4771471 0.1559925 0.0578019 0.0148839 0.9859533
1740546778.508018 -1.0183148 -2.4429290 8.5250101 0.1625260 0.0664171 0.0163796 0.9843301
1740546778.616915 -1.0226282 -2.4754946 8.5505095 0.1685841 0.0758594 0.0173924 0.9826099
1740546778.728211 -1.0464579 -2.4908762 8.5853262 0.1753393 0.0861956 0.0174755 0.9805718
1740546778.836211 -1.0401734 -2.4971659 8.6315422 0.1841796 0.0941535 0.0182985 0.9782015
1740546778.950585 -1.0381975 -2.4599946 8.6792307 0.1973346 0.0995922 0.0162095 0.9751296
1740546779.055368 -1.0375080 -2.4674549 8.7130365 0.2068868 0.1059315 0.0156520 0.9724872
1740546779.161902 -1.0517920 -2.4537771 8.7477999 0.2169963 0.1142851 0.0182537 0.9692875
1740546779.275326 -1.0401862 -2.4438028 8.7912560 0.2294260 0.1196088 0.0151075 0.9658309
1740546779.382537 -1.0057559 -2.4248457 8.8105755 0.2400295 0.1214582 0.0136037 0.9630414
1740546779.505945 -1.0160875 -2.4439387 8.8289986 0.2514933 0.1275541 0.0127800 0.9593319
1740546779.612910 -0.9966995 -2.4391375 8.8760252 0.2613598 0.1334302 0.0114176 0.9559065
1740546779.831751 -0.9320893 -2.4831128 8.9313364 0.2765608 0.1410656 0.0106596 0.9505267
1740546779.941955 -0.8791959 -2.5015273 8.9693460 0.2828737 0.1439083 0.0117340 0.9482274
1740546780.052229 -0.8526861 -2.5446932 9.0086250 0.2883706 0.1487599 0.0110875 0.9458277
1740546780.157375 -0.8544822 -2.6295621 9.0378647 0.2888298 0.1562193 0.0142984 0.9444408
1740546780.370632 -0.7927006 -2.6879175 9.1202669 0.2984268 0.1653909 0.0159787 0.9398574
1740546780.481218 -0.7805300 -2.7292867 9.1794109 0.3015571 0.1706763 0.0171978 0.9378898
1740546780.586614 -0.7672020 -2.7661796 9.2054825 0.3040146 0.1765799 0.0185198 0.9359764
1740546780.799950 -0.7188670 -2.8369417 9.2933168 0.3100957 0.1839249 0.0207999 0.9325126
1740546780.901513 -0.6997517 -2.8644414 9.3406639 0.3130889 0.1880752 0.0208507 0.9306816
1740546781.008161 -0.6710123 -2.9157174 9.3794651 0.3139924 0.1914544 0.0228971 0.9296396
1740546781.119594 -0.6467465 -2.9353251 9.4167395 0.3174773 0.1959843 0.0227410 0.9275134
1740546781.227120 -0.6083248 -2.9701161 9.4849606 0.3210135 0.1994837 0.0228017 0.9255467
1740546781.335717 -0.5645604 -2.9870408 9.4960070 0.3235305 0.2002406 0.0245950 0.9244603
1740546781.442944 -0.5071261 -3.0730035 9.5787601 0.3241472 0.2046779 0.0247625 0.9232672
1740546781.553097 -0.4355587 -3.1160522 9.6062613 0.3261257 0.2067346 0.0249516 0.9221065
1740546781.656412 -0.4207077 -3.1678419 9.6491117 0.3276216 0.2101949 0.0256996 0.9207724
1740546781.762634 -0.3706870 -3.2247972 9.6930571 0.3288804 0.2128044 0.0277075 0.9196653
1740546781.869139 -0.3388343 -3.2409363 9.7557688 0.3330455 0.2160332 0.0273244 0.9174224
1740546781.974180 -0.3139932 -3.3016391 9.8090553 0.3335620 0.2192906 0.0277318 0.9164491
1740546782.077878 -0.2257239 -3.3184743 9.8720722 0.3376875 0.2193388 0.0287139 0.9148952
1740546782.192689 -0.1484302 -3.3594084 9.9140224 0.3399496 0.2204379 0.0286982 0.9137931
1740546782.296381 -0.1139454 -3.4284515 9.9501896 0.3411538 0.2231469 0.0291237 0.9126726
1740546782.400716 -0.0387363 -3.4878297 9.9796162 0.3435900 0.2236340 0.0272697 0.9116963
1740546782.505765 0.0349711 -3.5388072 10.0181046 0.3467968 0.2248835 0.0283045 0.9101419
1740546782.607170 0.0881141 -3.6054525 10.0427227 0.3491030 0.2266258 0.0282680 0.9088283
1740546782.720166 0.1426711 -3.6689959 10.0898132 0.3527450 0.2278346 0.0275363 0.9071406
1740546782.821659 0.1668288 -3.7411885 10.1356449 0.3550066 0.2314511 0.0279224 0.9053292
1740546782.923587 0.2629571 -3.7901514 10.1652203 0.3595579 0.2300027 0.0256545 0.9039683
1740546783.037660 0.3248278 -3.8419781 10.2157040 0.3631010 0.2300110 0.0254152 0.9025557
1740546783.136954 0.4218462 -3.9083309 10.2544212 0.3675485 0.2293310 0.0232327 0.9009860
1740546783.253403 0.4587514 -3.9787335 10.3262482 0.3701204 0.2314346 0.0237208 0.8993810
1740546783.355893 0.5197574 -4.0545006 10.3787251 0.3732838 0.2311982 0.0225540 0.8981636
1740546783.470043 0.5137263 -4.1138744 10.4585972 0.3759578 0.2356768 0.0237510 0.8958505
1740546783.577121 0.5641935 -4.1793957 10.5323486 0.3803115 0.2368224 0.0232079 0.8937224
1740546783.695390 0.6231657 -4.2415981 10.5979891 0.3842573 0.2382808 0.0224617 0.8916637
1740546783.804036 0.6738779 -4.3172817 10.6604156 0.3883718 0.2394944 0.0212774 0.8895826
1740546783.902762 0.7245188 -4.4004493 10.7067986 0.3914177 0.2406771 0.0215965 0.8879191
1740546784.008838 0.7820044 -4.4680128 10.7636051 0.3959062 0.2413013 0.0203674 0.8857862
1740546784.112581 0.8093725 -4.5575304 10.8075457 0.3992424 0.2430385 0.0204763 0.8838091
1740546784.225551 0.8520994 -4.6388364 10.8660641 0.4025421 0.2442998 0.0200212 0.8819731
1740546784.327019 0.8943080 -4.7175951 10.9276953 0.4062860 0.2452574 0.0194734 0.8800007
1740546784.433659 0.9464161 -4.7869062 10.9890747 0.4099347 0.2459087 0.0193023 0.8781286
1740546784.538271 0.9900953 -4.8603592 11.0548687 0.4136415 0.2471302 0.0183826 0.8760648
1740546784.637016 1.0355871 -4.9413142 11.1053486 0.4171780 0.2481365 0.0175539 0.8741182
1740546784.753003 1.0811862 -5.0200224 11.1670628 0.4212964 0.2489878 0.0168501 0.8719120
1740546784.851976 1.1206193 -5.1190615 11.2116814 0.4240393 0.2502957 0.0167049 0.8702090
1740546784.954824 1.1634893 -5.2012730 11.2647934 0.4277765 0.2515754 0.0159364 0.8680226
1740546785.055976 1.2114542 -5.2803926 11.3211365 0.4310512 0.2523809 0.0158557 0.8661683
1740546785.154598 1.2650926 -5.3548427 11.3812618 0.4343211 0.2531528 0.0151696 0.8643198
1740546785.257800 1.3128088 -5.4323058 11.4367542 0.4375858 0.2539581 0.0148091 0.8624411
1740546785.462442 1.3920138 -5.4908075 11.4095860 0.4395530 0.2495868 0.0115349 0.8627668
1740546785.572385 1.4350746 -5.5731025 11.4536991 0.4424267 0.2503207 0.0110244 0.8610905
1740546785.674198 1.4770265 -5.6559691 11.5022306 0.4454855 0.2510740 0.0106583 0.8592967
1740546785.782783 1.5102893 -5.7431746 11.5462275 0.4481243 0.2523764 0.0104285 0.8575442
1740546785.988066 1.5701933 -5.8976841 11.6436672 0.4540451 0.2552837 0.0104618 0.8535595
1740546786.087752 1.6315765 -5.9738150 11.6850147 0.4574658 0.2557548 0.0096478 0.8515993
1740546786.195958 1.6781774 -6.0518303 11.7277822 0.4599028 0.2571833 0.0097815 0.8498532
1740546786.398457 1.7675831 -6.2019281 11.8141689 0.4646653 0.2604174 0.0100009 0.8462676
1740546786.503957 1.8065794 -6.2771091 11.8726292 0.4671027 0.2624067 0.0104240 0.8443039
1740546786.704206 1.8919611 -6.4151297 11.9145927 0.4699922 0.2635109 0.0106593 0.8423513
1740546786.803763 1.9343042 -6.4943399 11.9576836 0.4727665 0.2658950 0.0110689 0.8400412
1740546786.905364 1.9714136 -6.5804515 11.9931726 0.4749186 0.2686019 0.0117285 0.8379545
1740546787.008193 2.0129702 -6.6625528 12.0266914 0.4772257 0.2717068 0.0128338 0.8356234
1740546787.107425 2.0585375 -6.7435179 12.0643110 0.4800748 0.2748588 0.0136075 0.8329440
1740546787.310545 2.1462371 -6.9010730 12.1303864 0.4844557 0.2824469 0.0162213 0.8278064
1740546787.409799 2.2081895 -6.9731164 12.1540699 0.4866649 0.2849858 0.0172737 0.8256161
1740546787.724102 2.3487744 -7.2130928 12.2308102 0.4928137 0.2983852 0.0228722 0.8170543
1740546787.918697 2.4500749 -7.3705664 12.2808094 0.4963823 0.3086443 0.0273784 0.8109215
1740546788.121186 2.5555105 -7.5248260 12.3242378 0.4995394 0.3194343 0.0325448 0.8045887
1740546788.420533 2.7350836 -7.7381239 12.4082499 0.5037460 0.3359061 0.0407029 0.7948272
1740546788.726802 2.9338179 -7.9395618 12.4613657 0.5070661 0.3521827 0.0490348 0.7851413
1740546789.037378 3.1279912 -8.1482306 12.5048742 0.5098795 0.3667852 0.0565585 0.7760751
1740546789.238137 3.2660770 -8.2790670 12.5262804 0.5120437 0.3752221 0.0610298 0.7702565
1740546789.541174 3.4625242 -8.4896040 12.5834551 0.5164848 0.3868816 0.0657203 0.7610827
1740546789.754470 3.5981643 -8.6264687 12.6076536 0.5204993 0.3920282 0.0669519 0.7555871
1740546790.056271 3.8005378 -8.8260994 12.6446056 0.5270011 0.3995659 0.0675856 0.7470269
1740546790.357207 3.9857693 -9.0431948 12.6846724 0.5347729 0.4056102 0.0671330 0.7382354
1740546790.555684 4.1202240 -9.1839848 12.6934080 0.5404875 0.4087259 0.0657601 0.7324561
1740546790.757291 4.2367077 -9.3357630 12.6868448 0.5459684 0.4120119 0.0647825 0.7266141
1740546790.955775 4.3557796 -9.4870348 12.6686163 0.5509979 0.4147318 0.0632388 0.7213874
1740546791.154176 4.4811049 -9.6338110 12.6593189 0.5562867 0.4177377 0.0619963 0.7156793
1740546791.357619 4.6143184 -9.7721395 12.6450787 0.5607053 0.4204816 0.0610374 0.7106893
1740546791.556909 4.7337990 -9.9227886 12.6359940 0.5644304 0.4234074 0.0611469 0.7059785
1740546791.761180 4.8647766 -10.0648108 12.6383305 0.5680601 0.4260073 0.0598897 0.7015973
1740546791.962308 5.0033884 -10.1967545 12.6491337 0.5707892 0.4283591 0.0601240 0.6979207
1740546792.159589 5.1432881 -10.3346510 12.6349115 0.5732629 0.4310493 0.0611673 0.6941360
1740546792.359346 5.2714539 -10.4802999 12.6262550 0.5750968 0.4341210 0.0619672 0.6906248
1740546792.561838 5.4017630 -10.6223154 12.5996733 0.5770757 0.4370296 0.0627463 0.6870603
1740546792.763003 5.5327358 -10.7650490 12.5893259 0.5784025 0.4401534 0.0640545 0.6838220
1740546792.966502 5.6554193 -10.9129152 12.5571260 0.5795864 0.4422407 0.0652183 0.6813585
1740546793.168707 5.7809052 -11.0564756 12.5206184 0.5805736 0.4458060 0.0666344 0.6780496
1740546793.372328 5.9335527 -11.1790257 12.5292864 0.5820585 0.4483935 0.0679213 0.6749354
1740546793.582069 6.0781894 -11.3089428 12.5245552 0.5832508 0.4508051 0.0689861 0.6721862
1740546793.806144 6.2110457 -11.4499178 12.5066109 0.5842133 0.4534887 0.0700439 0.6694301
1740546794.113694 6.4173617 -11.6567583 12.4609747 0.5856596 0.4571709 0.0715121 0.6654950
1740546794.324022 6.5454960 -11.7989388 12.4309416 0.5864829 0.4583529 0.0720403 0.6638981
1740546794.529216 6.6829157 -11.9377604 12.4128990 0.5871307 0.4596606 0.0726706 0.6623509
1740546794.737482 6.8039427 -12.0777035 12.3615675 0.5875577 0.4612271 0.0732097 0.6608222
1740546794.939707 6.9315109 -12.2221470 12.3224506 0.5876107 0.4610415 0.0732785 0.6608969
1740546795.142216 7.0664806 -12.3608389 12.3126040 0.5874665 0.4609087 0.0735035 0.6610926
1740546795.357320 7.2137766 -12.4882021 12.3001118 0.5870441 0.4600472 0.0730811 0.6621141
1740546795.668782 7.4347258 -12.6775465 12.2808332 0.5861277 0.4582118 0.0730296 0.6642010
1740546795.879129 7.5641994 -12.8179979 12.2675314 0.5857269 0.4565756 0.0725633 0.6657306
1740546796.086907 7.6852884 -12.9668922 12.2462206 0.5848526 0.4551590 0.0715874 0.6675724
1740546796.393023 7.8848538 -13.1679068 12.2171555 0.5842018 0.4522257 0.0696828 0.6703317
1740546796.609998 8.0059233 -13.3108845 12.2096748 0.5841824 0.4501894 0.0676236 0.6719283
1740546796.915409 8.2103043 -13.5160704 12.1871052 0.5853270 0.4460190 0.0641952 0.6740462
1740546797.019001 8.2643919 -13.5935116 12.1844902 0.5858255 0.4452357 0.0629306 0.6742502
1740546797.230046 8.3958302 -13.7363148 12.1693249 0.5872850 0.4422091 0.0596059 0.6752737
1740546797.434143 8.5259914 -13.8756752 12.1705112 0.5890926 0.4401895 0.0560127 0.6753265
1740546797.644135 8.6490250 -14.0228882 12.1542912 0.5918774 0.4373400 0.0516505 0.6750904
1740546797.958131 8.8395596 -14.2623978 12.1073837 0.5963079 0.4335159 0.0454252 0.6741049
1740546798.160155 8.9251986 -14.4007940 12.1031170 0.6003039 0.4319958 0.0417473 0.6717680
1740546798.264855 8.9751959 -14.4755516 12.0942039 0.6019894 0.4311563 0.0401748 0.6708941
1740546798.364811 9.0362759 -14.5513344 12.0738602 0.6036361 0.4298110 0.0373460 0.6704410
1740546798.576311 9.1492338 -14.7157373 12.0494728 0.6080776 0.4272062 0.0322225 0.6683549
1740546798.778797 9.2768774 -14.8703136 12.0337906 0.6120147 0.4242508 0.0273031 0.6668612
1740546798.984149 9.3804893 -15.0328283 11.9898872 0.6159182 0.4222290 0.0224492 0.6647282
1740546799.190722 9.4912357 -15.1950951 11.9620419 0.6196027 0.4199538 0.0179717 0.6628788
1740546799.293471 9.5271130 -15.2860603 11.9602089 0.6211098 0.4196664 0.0173873 0.6616649
1740546799.393349 9.5503531 -15.3673811 11.9360924 0.6215629 0.4182577 0.0167759 0.6621471
1740546799.497842 9.6051636 -15.4491158 11.9489498 0.6239009 0.4176124 0.0136223 0.6604257
1740546799.597919 9.6447659 -15.5292645 11.9368134 0.6249214 0.4157003 0.0122543 0.6606938
1740546799.705532 9.6713152 -15.6161280 11.9268799 0.6262700 0.4153364 0.0113794 0.6596606
1740546799.806988 9.7018833 -15.7032881 11.9065514 0.6272296 0.4139963 0.0095031 0.6596209
1740546799.907687 9.7671843 -15.7814817 11.8914719 0.6288884 0.4121964 0.0065785 0.6592042
1740546800.016821 9.7927160 -15.8597784 11.8894157 0.6295162 0.4108075 0.0060090 0.6594774
1740546800.117913 9.8273029 -15.9485378 11.8852043 0.6302368 0.4097525 0.0045543 0.6594571
1740546800.237515 9.9048347 -16.0175304 11.8641319 0.6319169 0.4077662 -0.0001688 0.6590961
1740546800.343593 9.9257975 -16.1115494 11.8471737 0.6326563 0.4059469 -0.0013478 0.6595083
1740546800.455205 9.9314241 -16.1741734 11.8324375 0.6328930 0.4045913 -0.0016543 0.6601133
1740546800.554963 9.9273520 -16.2440453 11.8166389 0.6325707 0.4040827 -0.0011684 0.6607345
1740546800.654073 9.9437704 -16.3172398 11.8017159 0.6326645 0.4017974 -0.0027691 0.6620324
1740546800.765310 9.9447832 -16.3886700 11.7843704 0.6317728 0.4018684 -0.0037846 0.6628352
1740546800.866525 9.9441700 -16.4518337 11.7731762 0.6322864 0.3992413 -0.0029225 0.6639366
1740546800.972970 9.9522581 -16.4956474 11.7637577 0.6325458 0.3980720 -0.0053623 0.6643763
1740546801.072966 9.9462147 -16.5789299 11.7454586 0.6313204 0.3994769 -0.0064569 0.6646887
1740546801.170168 9.9592047 -16.6725006 11.7482624 0.6314383 0.3986436 -0.0072554 0.6650689
1740546801.277593 9.9870338 -16.7407017 11.7348347 0.6320843 0.3962248 -0.0098025 0.6658673
1740546801.376613 9.9899311 -16.7874832 11.7244091 0.6316436 0.3943192 -0.0096902 0.6674165
1740546801.481011 9.9932337 -16.8350239 11.7159042 0.6327042 0.3921784 -0.0120738 0.6676345
1740546801.585402 10.0079508 -16.9059658 11.7021999 0.6322047 0.3903037 -0.0139301 0.6691684
1740546801.685211 10.0144911 -16.9533043 11.6706715 0.6318450 0.3843654 -0.0137937 0.6729376
1740546801.794458 10.0250969 -16.9844017 11.6779900 0.6331753 0.3815280 -0.0151773 0.6732721
1740546801.901714 10.0455246 -17.0587616 11.6884708 0.6340594 0.3801682 -0.0180898 0.6731371
1740546802.029155 10.0487595 -17.1447601 11.6714649 0.6323256 0.3798331 -0.0185737 0.6749415
1740546802.127152 10.0556793 -17.2172031 11.6544666 0.6326283 0.3746344 -0.0194008 0.6775354
1740546802.231137 10.0718765 -17.2779026 11.6483212 0.6329046 0.3711226 -0.0227209 0.6791050
1740546802.331496 10.0723486 -17.3227119 11.6392117 0.6326370 0.3683020 -0.0251380 0.6808026
1740546802.430080 10.0757627 -17.4120388 11.6271439 0.6323292 0.3658905 -0.0265758 0.6823325
1740546802.531963 10.1188869 -17.4931049 11.6209316 0.6325304 0.3634723 -0.0286096 0.6833555
1740546802.636612 10.1379642 -17.5808411 11.6317158 0.6328968 0.3618663 -0.0306220 0.6837812
1740546802.743324 10.1479874 -17.6574879 11.6328850 0.6328347 0.3592464 -0.0330455 0.6851060
1740546802.845487 10.1466522 -17.7235889 11.6302223 0.6333534 0.3555407 -0.0356824 0.6864263
1740546802.941127 10.1389008 -17.7826385 11.6152840 0.6314384 0.3509761 -0.0367642 0.6904707
1740546803.048863 10.1528091 -17.8543968 11.6254444 0.6327388 0.3476860 -0.0406816 0.6907251
1740546803.148287 10.1628361 -17.9501686 11.6190376 0.6331689 0.3440965 -0.0426651 0.6920076
1740546803.254409 10.1792316 -18.0305920 11.6302891 0.6342058 0.3410229 -0.0464472 0.6923360
1740546803.352466 10.1955376 -18.0830975 11.6391315 0.6344997 0.3371552 -0.0533918 0.6934593
1740546803.467453 10.2174215 -18.1743107 11.6303139 0.6346868 0.3325863 -0.0562018 0.6952701
1740546803.566205 10.2347994 -18.2406578 11.6222134 0.6341228 0.3275460 -0.0615435 0.6977208
1740546803.665740 10.2455883 -18.3291321 11.6262836 0.6333784 0.3220569 -0.0645521 0.7006741
1740546803.777754 10.2626028 -18.4102917 11.6162834 0.6329284 0.3162523 -0.0691235 0.7032838
1740546803.875380 10.2841978 -18.4632969 11.6080532 0.6324838 0.3079386 -0.0744494 0.7068205
1740546803.981421 10.2924881 -18.5251217 11.5933914 0.6300685 0.3006903 -0.0796622 0.7115145
1740546804.097515 10.2955408 -18.6139011 11.5857201 0.6290590 0.2949035 -0.0841136 0.7143120
1740546804.218365 10.3029394 -18.6649609 11.5734768 0.6271538 0.2855159 -0.0895080 0.7191294
1740546804.340287 10.3165569 -18.7487984 11.5699615 0.6261108 0.2789790 -0.0952415 0.7218622
1740546804.463633 10.3382235 -18.8091888 11.5666504 0.6264599 0.2698690 -0.1022582 0.7240594
1740546804.581837 10.3423004 -18.8800735 11.5908966 0.6274114 0.2651546 -0.1085430 0.7240624
1740546804.716879 10.3481750 -18.9821854 11.6126690 0.6272138 0.2604988 -0.1134538 0.7251700
1740546804.831290 10.3456993 -19.0757790 11.6335640 0.6269209 0.2554888 -0.1171998 0.7266085
1740546804.950934 10.3506784 -19.1460304 11.6456699 0.6267448 0.2502352 -0.1230998 0.7276124
1740546805.074545 10.3660793 -19.2411461 11.6625919 0.6271960 0.2449454 -0.1279022 0.7281950
1740546805.178500 10.3676224 -19.3422642 11.6807060 0.6274167 0.2398949 -0.1320376 0.7289478
1740546805.280568 10.3736944 -19.4329338 11.7008476 0.6277472 0.2346708 -0.1371527 0.7294191
1740546805.377563 10.3737564 -19.5324593 11.7258282 0.6278897 0.2307515 -0.1420255 0.7296143
1740546805.479656 10.3682156 -19.6247082 11.7491322 0.6283866 0.2264321 -0.1461375 0.7297277
1740546805.577661 10.3668594 -19.7216492 11.7698040 0.6287570 0.2216641 -0.1498917 0.7301111
1740546805.676339 10.3625278 -19.8111725 11.7886276 0.6300269 0.2175071 -0.1544000 0.7293268
1740546805.777586 10.3637085 -19.9078846 11.8137264 0.6320785 0.2125249 -0.1586270 0.7281123
1740546805.880068 10.3631096 -20.0086021 11.8303566 0.6327170 0.2082243 -0.1635277 0.7277160
1740546805.997382 10.3635921 -20.1082039 11.8329697 0.6331647 0.2034256 -0.1670543 0.7278829
1740546806.111943 10.3647146 -20.2098083 11.8469067 0.6340263 0.1993138 -0.1707017 0.7274240
1740546806.232317 10.3699360 -20.2991447 11.8652477 0.6358589 0.1951505 -0.1749130 0.7259513
1740546806.351124 10.3782501 -20.3903465 11.8778114 0.6380208 0.1898861 -0.1790165 0.7244486
1740546806.472169 10.3816967 -20.4783878 11.8747101 0.6393127 0.1848732 -0.1837718 0.7234149
1740546806.591742 10.3880177 -20.5489922 11.8796215 0.6406420 0.1807117 -0.1888325 0.7219857
1740546806.688123 10.3846741 -20.6367607 11.8863354 0.6423719 0.1772351 -0.1911804 0.7206914
1740546806.796242 10.3795519 -20.7302246 11.8990784 0.6446381 0.1733099 -0.1950593 0.7185800
1740546806.892350 10.3816433 -20.7896042 11.9029484 0.6477523 0.1683683 -0.1989582 0.7158803
1740546806.995575 10.3859653 -20.8837967 11.9034157 0.6500839 0.1643650 -0.2017104 0.7139243
1740546807.094356 10.3840694 -20.9809361 11.9082718 0.6518760 0.1609434 -0.2051026 0.7121010
1740546807.192825 10.3850403 -21.0732803 11.9144802 0.6547554 0.1575271 -0.2082947 0.7092912
1740546807.301576 10.3858719 -21.1706009 11.9250984 0.6576800 0.1530162 -0.2109901 0.7067717
1740546807.399311 10.3831501 -21.2561111 11.9345665 0.6597939 0.1497502 -0.2138742 0.7046310
1740546807.501681 10.3808994 -21.3425179 11.9388695 0.6621475 0.1457298 -0.2174284 0.7021741
1740546807.599185 10.3794746 -21.4428310 11.9537182 0.6649660 0.1415820 -0.2201373 0.6995100
1740546807.699149 10.3578987 -21.5414047 11.9620991 0.6669773 0.1385958 -0.2222717 0.6975154
1740546807.808466 10.3488760 -21.6351471 11.9643059 0.6691899 0.1358627 -0.2239874 0.6953818
1740546807.906298 10.3442612 -21.7246704 11.9663334 0.6712654 0.1327985 -0.2266196 0.6931168
1740546808.020779 10.3245125 -21.8162842 11.9711132 0.6738572 0.1307310 -0.2286732 0.6903148
1740546808.122262 10.3271389 -21.9088058 11.9764652 0.6755120 0.1281936 -0.2302656 0.6886420
1740546808.231644 10.3027639 -22.0049782 11.9749985 0.6772636 0.1270656 -0.2327205 0.6863014
1740546808.330034 10.2868786 -22.1013813 11.9776955 0.6792245 0.1244873 -0.2339350 0.6844205
1740546808.425431 10.2604904 -22.1968575 11.9787941 0.6809098 0.1230777 -0.2350572 0.6826140
1740546808.529904 10.2540016 -22.2942123 11.9811001 0.6825903 0.1207648 -0.2368815 0.6807154
1740546808.628123 10.2177420 -22.3909512 11.9877586 0.6842462 0.1198381 -0.2373567 0.6790493
1740546808.728795 10.2368002 -22.4921589 11.9986305 0.6855567 0.1176161 -0.2397175 0.6772842
1740546808.830772 10.2550697 -22.5638199 12.0159283 0.6874124 0.1153069 -0.2402632 0.6756051
1740546808.926642 10.2924347 -22.6517334 12.0372009 0.6894099 0.1129334 -0.2436113 0.6727656
1740546809.029216 10.3370762 -22.7360687 12.0594311 0.6914875 0.1090764 -0.2462249 0.6703139
1740546809.130192 10.3637199 -22.8228054 12.0754013 0.6934803 0.1072579 -0.2489748 0.6675270
1740546809.230642 10.3881903 -22.9100933 12.1073189 0.6957601 0.1044947 -0.2504334 0.6650427
1740546809.329597 10.4128685 -23.0015717 12.1388702 0.6983404 0.1015113 -0.2498257 0.6630259
1740546809.428936 10.4228697 -23.0978088 12.1489105 0.6986483 0.0997154 -0.2520174 0.6621440
1740546809.530180 10.4599304 -23.1895428 12.1719418 0.6997021 0.0984497 -0.2546819 0.6601983
1740546809.628633 10.4904633 -23.2750607 12.1946869 0.7012504 0.0963881 -0.2554648 0.6585552
1740546809.729738 10.4905376 -23.3716011 12.2072659 0.7022324 0.0959031 -0.2563767 0.6572238
1740546809.828797 10.4644966 -23.4669552 12.2071724 0.7025460 0.0956115 -0.2570197 0.6566799
1740546809.927197 10.4253998 -23.5623989 12.2090816 0.7026680 0.0960879 -0.2564290 0.6567107
1740546810.034068 10.3895655 -23.6587124 12.2146835 0.7034081 0.0964226 -0.2562114 0.6559539
1740546810.134772 10.3748360 -23.7605190 12.2145748 0.7031512 0.0960373 -0.2560717 0.6563402
1740546810.245807 10.3520555 -23.8559036 12.2178268 0.7030858 0.0959241 -0.2560394 0.6564394
1740546810.348084 10.3347673 -23.9533749 12.2257595 0.7032948 0.0956186 -0.2560203 0.6562676
1740546810.444512 10.3009453 -24.0495396 12.2291508 0.7031658 0.0963247 -0.2559221 0.6563408
1740546810.652205 10.2604084 -24.2426414 12.2325554 0.7030537 0.0960772 -0.2557811 0.6565522
1740546810.759434 10.2372084 -24.3428116 12.2306480 0.7029217 0.0963139 -0.2554734 0.6567785
1740546810.857641 10.2101116 -24.4367390 12.2344170 0.7030671 0.0966607 -0.2550617 0.6567320
1740546810.969238 10.1885185 -24.5368576 12.2316475 0.7022809 0.0969909 -0.2552434 0.6574537
1740546811.166775 10.1447926 -24.7288628 12.2341557 0.7025579 0.0976386 -0.2532029 0.6578507
1740546811.284505 10.1121292 -24.8158531 12.2420330 0.7027414 0.0987719 -0.2532163 0.6574802
1740546811.500953 10.0581341 -25.0128479 12.2501316 0.7020960 0.1005301 -0.2513953 0.6586010
1740546811.601774 10.0475578 -25.1116772 12.2523975 0.7016249 0.1005944 -0.2516363 0.6590012
1740546811.705664 10.0134487 -25.2092628 12.2439461 0.7008216 0.1015416 -0.2508047 0.6600269
1740546812.019395 9.9501820 -25.5003834 12.2399158 0.6982069 0.1033422 -0.2494978 0.6630071
1740546812.127867 9.9200230 -25.6019115 12.2454948 0.6974735 0.1046980 -0.2478770 0.6641732
1740546812.336154 9.8863754 -25.7960396 12.2723446 0.6953154 0.1070838 -0.2466537 0.6665069
1740546812.438800 9.8425980 -25.8903046 12.2818966 0.6941885 0.1088581 -0.2452328 0.6679170
1740546812.544931 9.8145199 -25.9869766 12.2875824 0.6934152 0.1102276 -0.2440699 0.6689209
1740546812.648753 9.7738590 -26.0832138 12.2961597 0.6926464 0.1117568 -0.2418986 0.6702510
1740546812.757361 9.7971611 -26.1896400 12.2805386 0.6898425 0.1116109 -0.2429645 0.6727767
1740546812.977544 9.7514572 -26.3872242 12.3112335 0.6870853 0.1149179 -0.2403248 0.6759820
1740546813.079411 9.7330742 -26.4845486 12.3169937 0.6859189 0.1161929 -0.2390202 0.6774097
1740546813.180653 9.7121220 -26.5829411 12.3305244 0.6845316 0.1179598 -0.2381483 0.6788132
1740546813.397640 9.6847324 -26.7795906 12.3435459 0.6808976 0.1205343 -0.2364808 0.6825883
1740546813.614611 9.6573219 -26.9797363 12.3677387 0.6776537 0.1237423 -0.2342765 0.6859941
1740546813.832608 9.6575785 -27.1842613 12.3663101 0.6734729 0.1260640 -0.2324224 0.6903057
1740546813.932208 9.6392746 -27.2794609 12.3995819 0.6732629 0.1278294 -0.2304809 0.6908367
1740546814.148283 9.6247272 -27.4734364 12.4465504 0.6713985 0.1306429 -0.2287091 0.6927111
1740546814.260507 9.5911045 -27.5671043 12.4757919 0.6706395 0.1332979 -0.2270932 0.6934718
1740546814.363337 9.5866070 -27.6672287 12.4859657 0.6695701 0.1341744 -0.2262073 0.6946247
1740546814.480523 9.5701637 -27.7631264 12.5065231 0.6693971 0.1353176 -0.2253458 0.6948496
1740546814.584381 9.5731907 -27.8599510 12.4987507 0.6687998 0.1353569 -0.2250452 0.6955142
1740546814.690100 9.5566883 -27.9506016 12.5212479 0.6693005 0.1363929 -0.2242811 0.6950768
1740546814.800540 9.5470572 -28.0512257 12.5336838 0.6694632 0.1369526 -0.2240240 0.6948930
1740546814.906599 9.5557222 -28.1523857 12.5329037 0.6693527 0.1367297 -0.2243431 0.6949404
1740546815.018372 9.5324326 -28.2453804 12.5654850 0.6708772 0.1373485 -0.2237555 0.6935365
1740546815.235653 9.5327606 -28.4491196 12.5377026 0.6703974 0.1344149 -0.2251512 0.6941232
1740546815.348619 9.5153904 -28.5491028 12.5491276 0.6706042 0.1336069 -0.2263351 0.6936942
1740546815.451698 9.4853859 -28.6441231 12.5772572 0.6716064 0.1324399 -0.2275310 0.6925563
1740546815.670721 9.4740276 -28.8491879 12.5481052 0.6708537 0.1274566 -0.2323020 0.6926370
1740546815.898359 9.4498272 -29.0498848 12.5571594 0.6708332 0.1214006 -0.2394626 0.6913049
1740546816.017909 9.4462414 -29.1496201 12.5693836 0.6705216 0.1171864 -0.2431115 0.6910607
1740546816.123436 9.4251308 -29.2460480 12.5957546 0.6705275 0.1133487 -0.2467423 0.6904080
1740546816.348989 9.3990211 -29.4435158 12.6056767 0.6690869 0.1024757 -0.2566524 0.6898920
1740546816.452625 9.3705769 -29.5354195 12.6359863 0.6689451 0.0967703 -0.2623205 0.6887205
1740546816.567068 9.3308477 -29.6291428 12.6472912 0.6681816 0.0907833 -0.2676004 0.6882455
1740546816.783724 9.2418137 -29.8150234 12.6879826 0.6673541 0.0784723 -0.2788365 0.6860982
1740546816.888017 9.2038975 -29.8998604 12.7116680 0.6673204 0.0711542 -0.2854175 0.6842203
1740546816.999614 9.1586924 -29.9821968 12.7407093 0.6676068 0.0639673 -0.2919688 0.6818824
1740546817.330887 9.0195436 -30.2629242 12.7694397 0.6657376 0.0426550 -0.3087172 0.6779880
1740546817.546526 8.9380903 -30.4378815 12.7932034 0.6661565 0.0291940 -0.3209841 0.6725715
1740546817.757444 8.8337126 -30.6124763 12.8106098 0.6667846 0.0161259 -0.3317770 0.6671298
1740546818.168871 8.6027470 -30.9371948 12.8556767 0.6693517 -0.0089127 -0.3502516 0.6551434
1740546818.581259 8.3770790 -31.2721596 12.8854733 0.6716612 -0.0286684 -0.3651377 0.6439905
1740546818.999909 8.1159859 -31.5761223 12.8831139 0.6715876 -0.0439383 -0.3762305 0.6367810
1740546819.303999 7.9178600 -31.8044586 12.8999977 0.6682130 -0.0510312 -0.3835333 0.6354443
1740546819.517812 7.8068295 -31.9664688 12.9179535 0.6645731 -0.0540736 -0.3879860 0.6363060
1740546819.614923 7.7509422 -32.0480194 12.9314156 0.6621272 -0.0544260 -0.3898645 0.6376763
1740546819.820548 7.6432247 -32.2126236 12.9513988 0.6563755 -0.0556744 -0.3939569 0.6409910
1740546819.920521 7.5728951 -32.2787361 12.9765587 0.6533365 -0.0550814 -0.3946999 0.6436843
1740546820.128288 7.4484062 -32.4255333 13.0206070 0.6462108 -0.0540331 -0.3976517 0.6491265
1740546820.336094 7.3256264 -32.5702209 13.0773373 0.6382319 -0.0516281 -0.4002896 0.6555629
1740546820.543228 7.2222576 -32.7233047 13.1314430 0.6292426 -0.0490995 -0.4031761 0.6626402
1740546820.646660 7.1717434 -32.8045044 13.1662426 0.6247328 -0.0472003 -0.4034163 0.6668856
1740546820.853416 7.0974903 -32.9408569 13.2412643 0.6162850 -0.0426619 -0.4038465 0.6747451
1740546820.952893 7.0933285 -32.9978333 13.3018551 0.6122710 -0.0413540 -0.4048662 0.6778624
1740546821.055907 7.0923538 -33.0479736 13.3564472 0.6086733 -0.0401558 -0.4048172 0.6811957
1740546821.155520 7.0697689 -33.1177216 13.4121418 0.6047509 -0.0389894 -0.4051557 0.6845474
1740546821.266528 7.0275135 -33.1716270 13.4392834 0.5996984 -0.0361942 -0.4057029 0.6888085
1740546821.367362 6.9709435 -33.2445183 13.4774570 0.5947587 -0.0336969 -0.4066308 0.6926600
1740546821.470435 6.9301090 -33.3172379 13.5129433 0.5898086 -0.0318089 -0.4071598 0.6966598
1740546821.571885 6.8785629 -33.3880959 13.5471458 0.5845063 -0.0290896 -0.4074074 0.7010887
1740546821.779070 6.7811661 -33.5481148 13.6246529 0.5737889 -0.0236932 -0.4081432 0.7096648
1740546821.877784 6.7848969 -33.6191711 13.6940556 0.5702531 -0.0222996 -0.4083239 0.7124505
1740546821.988122 6.7793045 -33.6801682 13.7500725 0.5662804 -0.0205754 -0.4086247 0.7154921
1740546822.083867 6.7927818 -33.7412071 13.8204651 0.5636236 -0.0205146 -0.4070579 0.7184786
1740546822.182914 6.8017578 -33.7973328 13.8768883 0.5600651 -0.0203388 -0.4085898 0.7203942
1740546822.302631 6.8042583 -33.8222389 13.9060535 0.5544842 -0.0173013 -0.4093272 0.7243612
1740546822.401618 6.7972069 -33.8308105 13.9120407 0.5496427 -0.0145031 -0.4081935 0.7287391
1740546822.504420 6.8020267 -33.8706017 13.9582729 0.5475564 -0.0123461 -0.4041412 0.7325978
1740546822.605480 6.8110580 -33.9279709 14.0247707 0.5455596 -0.0117871 -0.4009615 0.7358367
1740546822.704802 6.8220482 -33.9846802 14.0851269 0.5445430 -0.0105106 -0.3984352 0.7379782
1740546822.809090 6.8334999 -34.0515594 14.1596260 0.5417565 -0.0099211 -0.3964662 0.7410911
1740546822.923790 6.8323174 -34.1159706 14.2137012 0.5379717 -0.0076906 -0.3944224 0.7449553
1740546823.030235 6.8307114 -34.1641197 14.2620392 0.5342813 -0.0036071 -0.3929195 0.7484283
1740546823.126486 6.8472958 -34.2196198 14.3182926 0.5327634 -0.0035970 -0.3884487 0.7518364
1740546823.240680 6.8598862 -34.3038292 14.3913670 0.5294923 -0.0050889 -0.3880236 0.7543538
1740546823.336297 6.8720551 -34.3572006 14.4490376 0.5253429 -0.0038125 -0.3894646 0.7565168
1740546823.451173 6.9003887 -34.4258041 14.5179119 0.5238791 -0.0058174 -0.3882872 0.7581226
1740546823.554749 6.9112587 -34.4730682 14.5693207 0.5186655 -0.0047059 -0.3902445 0.7607057
1740546823.656415 6.9077549 -34.5499268 14.6281509 0.5139207 -0.0029534 -0.3916998 0.7631830
1740546823.770012 6.9215145 -34.6271591 14.7013779 0.5120183 -0.0033466 -0.3899017 0.7653775
1740546823.871979 6.9051437 -34.6897087 14.7608376 0.5084518 -0.0005137 -0.3869593 0.7692458
1740546823.980221 6.9110050 -34.7595634 14.8261604 0.5034842 0.0014453 -0.3896318 0.7711605
1740546824.083859 6.8791981 -34.8341789 14.8830719 0.4989526 0.0039642 -0.3898181 0.7739977
1740546824.184779 6.8659782 -34.9083939 14.9438782 0.4945215 0.0051826 -0.3911103 0.7761794
1740546824.307690 6.8696823 -34.9848289 15.0153904 0.4908384 0.0066343 -0.3922531 0.7779275
1740546824.409432 6.8767300 -35.0511818 15.0774174 0.4865212 0.0099575 -0.3931307 0.7801578
1740546824.522088 6.8658772 -35.1237907 15.1391964 0.4809551 0.0122608 -0.3929502 0.7836594
1740546824.621004 6.8664436 -35.1985207 15.2027817 0.4779204 0.0130135 -0.3933343 0.7853094
1740546824.724361 6.8756084 -35.2795029 15.2735004 0.4734434 0.0139619 -0.3933120 0.7880114
1740546824.832096 6.8776588 -35.3518257 15.3385544 0.4681675 0.0155846 -0.3941201 0.7907248
1740546824.929110 6.8806019 -35.4048119 15.3870964 0.4620900 0.0188734 -0.3953814 0.7935932
1740546825.036309 6.8681202 -35.4685211 15.4358120 0.4560266 0.0226135 -0.3961634 0.7966072
1740546825.132853 6.8528175 -35.5415840 15.5000267 0.4515881 0.0256822 -0.3954943 0.7993703
1740546825.242975 6.8452072 -35.6159897 15.5594120 0.4465668 0.0293154 -0.3959151 0.8018541
1740546825.338484 6.8471603 -35.6885529 15.6341648 0.4427194 0.0323520 -0.3970428 0.8033119
1740546825.438073 6.8329926 -35.7656937 15.7001514 0.4380763 0.0357586 -0.3968895 0.8057848
1740546825.554447 6.8417835 -35.8483543 15.7564774 0.4323804 0.0379087 -0.3977296 0.8083448
1740546825.652149 6.8490562 -35.8981476 15.8138332 0.4272597 0.0427233 -0.3975349 0.8109192
1740546825.754233 6.8447723 -35.9683533 15.8690510 0.4217885 0.0466363 -0.3978043 0.8134317
1740546825.854638 6.8320980 -36.0388260 15.9385815 0.4172862 0.0509305 -0.3967729 0.8159961
1740546825.955720 6.8424034 -36.1150436 16.0037708 0.4128898 0.0544620 -0.3980135 0.8173990
1740546826.062943 6.8468723 -36.1830177 16.0639420 0.4085550 0.0591770 -0.3974943 0.8194994
1740546826.168225 6.8603573 -36.2526703 16.1277962 0.4059771 0.0623460 -0.3968134 0.8208745
1740546826.277566 6.8445625 -36.3254585 16.1889763 0.4017772 0.0674262 -0.3947227 0.8235429
1740546826.384946 6.8407555 -36.3980560 16.2526913 0.3993839 0.0726223 -0.3932546 0.8249663
1740546826.499145 6.8387318 -36.4727478 16.3060017 0.3941846 0.0773523 -0.3929694 0.8271701
1740546826.602629 6.8315563 -36.5439720 16.3666401 0.3902315 0.0827069 -0.3910922 0.8294129
1740546826.702160 6.8409367 -36.6046143 16.4271603 0.3867995 0.0877123 -0.3898123 0.8311071
1740546826.810738 6.8525944 -36.6675339 16.4852810 0.3833140 0.0906827 -0.3887596 0.8328944
1740546826.916636 6.8606339 -36.7309761 16.5401325 0.3789157 0.0940694 -0.3880981 0.8348376
1740546827.025030 6.8689690 -36.7898178 16.5959854 0.3743362 0.0988430 -0.3881279 0.8363368
1740546827.123550 6.8770695 -36.8556824 16.6613579 0.3712805 0.1033396 -0.3880622 0.8371854
1740546827.221978 6.8795700 -36.9165802 16.7374878 0.3699436 0.1069524 -0.3867695 0.8379214
1740546827.324746 6.8748360 -36.9901848 16.8078594 0.3662602 0.1105573 -0.3856604 0.8395812
1740546827.422827 6.8912354 -37.0582504 16.8709126 0.3632842 0.1132680 -0.3851451 0.8407486
1740546827.527140 6.9107552 -37.1181564 16.9295330 0.3607735 0.1153854 -0.3841675 0.8419882
1740546827.623979 6.9158401 -37.1861000 16.9972267 0.3586767 0.1189406 -0.3831153 0.8428683
1740546827.721561 6.9356670 -37.2508659 17.0644321 0.3565440 0.1212856 -0.3829114 0.8435313
1740546827.824046 6.9416618 -37.3127289 17.1354904 0.3546633 0.1250940 -0.3823246 0.8440340
1740546827.924465 6.9593697 -37.3701019 17.2061577 0.3522457 0.1260509 -0.3827837 0.8446957
1740546828.038119 6.9678879 -37.4368782 17.2760925 0.3496076 0.1276420 -0.3827352 0.8455743
1740546828.135208 6.9777603 -37.4937553 17.3465023 0.3470021 0.1296697 -0.3828490 0.8462871
1740546828.235402 6.9936390 -37.5514069 17.3977966 0.3413737 0.1303381 -0.3840078 0.8479469
1740546828.336232 7.0034332 -37.6161842 17.4638939 0.3378872 0.1326445 -0.3854533 0.8483298
1740546828.436677 7.0177975 -37.6736298 17.5401001 0.3363248 0.1346849 -0.3855949 0.8485648
1740546828.542227 7.0383987 -37.7297287 17.6082001 0.3343106 0.1370477 -0.3855820 0.8489881
1740546828.637766 7.0546665 -37.7893677 17.6741028 0.3318434 0.1389753 -0.3853239 0.8497596
1740546828.748265 7.0656862 -37.8309364 17.7173233 0.3286317 0.1402173 -0.3846959 0.8510872
1740546828.843225 7.0704432 -37.8463478 17.7332497 0.3264046 0.1416034 -0.3834992 0.8522540
1740546828.940202 7.0824928 -37.8655052 17.7598000 0.3236935 0.1427736 -0.3837616 0.8529744
1740546829.055069 7.0860567 -37.9111443 17.8026123 0.3171512 0.1471367 -0.3843024 0.8544458
1740546829.152187 7.0949860 -37.9476471 17.8418236 0.3115932 0.1490643 -0.3852286 0.8557385
1740546829.254655 7.0972939 -37.9572449 17.8431911 0.3060913 0.1506412 -0.3854443 0.8573494
1740546829.347946 7.1062956 -37.9783325 17.8658104 0.2994779 0.1533554 -0.3873222 0.8583569
1740546829.443500 7.1130257 -38.0061646 17.8885880 0.2921102 0.1554734 -0.3884913 0.8599850
1740546829.547925 7.1261463 -38.0311241 17.9258709 0.2884579 0.1586049 -0.3871703 0.8612408
1740546829.646717 7.1343060 -38.0513000 17.9467087 0.2822917 0.1626376 -0.3882960 0.8620247
1740546829.760771 7.1392279 -38.0786743 17.9781227 0.2767958 0.1651168 -0.3884840 0.8632501
1740546829.856225 7.1506453 -38.1136513 18.0226669 0.2693937 0.1695076 -0.3880368 0.8649402
1740546829.956347 7.1689806 -38.1521263 18.0829926 0.2651149 0.1735929 -0.3872562 0.8658015
1740546830.065158 7.1806555 -38.2013016 18.1544075 0.2594391 0.1777824 -0.3845622 0.8678691
1740546830.164099 7.2007351 -38.2481995 18.2199516 0.2539589 0.1808545 -0.3850186 0.8686525
1740546830.271316 7.2241201 -38.2957115 18.2887287 0.2491857 0.1828971 -0.3842728 0.8699365
1740546830.373190 7.2406693 -38.3282738 18.3467407 0.2452471 0.1869354 -0.3834495 0.8705605
1740546830.476663 7.2649841 -38.3624802 18.4198723 0.2432265 0.1891131 -0.3823227 0.8711523
1740546830.584346 7.2805939 -38.4057693 18.5019722 0.2408720 0.1930348 -0.3800755 0.8719294
1740546830.681200 7.3075838 -38.4532928 18.5873985 0.2386205 0.1958117 -0.3785998 0.8725711
1740546830.786778 7.3352003 -38.4961357 18.6664314 0.2366444 0.1972788 -0.3789931 0.8726080
1740546830.888524 7.3434153 -38.5360146 18.7379837 0.2355587 0.2003482 -0.3775380 0.8728333
1740546830.989757 7.3580341 -38.5830383 18.8139591 0.2331198 0.2019492 -0.3764594 0.8735846
1740546831.091177 7.3539276 -38.6223450 18.8886433 0.2318729 0.2062693 -0.3754760 0.8733302
1740546831.190211 7.3501091 -38.6582146 18.9601154 0.2309104 0.2099115 -0.3753360 0.8727774
1740546831.295040 7.3707037 -38.7099113 19.0428314 0.2313837 0.2111313 -0.3752283 0.8724041
1740546831.394406 7.3981009 -38.7716217 19.1199226 0.2308431 0.2124997 -0.3742265 0.8726454
1740546831.507713 7.4141779 -38.8355370 19.1953659 0.2308300 0.2131878 -0.3738404 0.8726465
1740546831.603373 7.4318838 -38.8948593 19.2716312 0.2300133 0.2147811 -0.3735333 0.8726029
1740546831.704115 7.4535236 -38.9445114 19.3490257 0.2314634 0.2149787 -0.3738400 0.8720393
1740546831.805044 7.4626207 -39.0040741 19.4329414 0.2313930 0.2164843 -0.3731065 0.8719996
1740546831.905453 7.4810848 -39.0540161 19.5079975 0.2327073 0.2160238 -0.3735125 0.8715902
1740546832.011967 7.5112934 -39.1145172 19.5773888 0.2342446 0.2155393 -0.3740444 0.8710701
1740546832.111807 7.5245628 -39.1691399 19.6553917 0.2349935 0.2159886 -0.3741060 0.8707305
1740546832.211925 7.5511122 -39.2274208 19.7331238 0.2363957 0.2161616 -0.3740810 0.8703188
1740546832.316773 7.5763216 -39.2686157 19.8037224 0.2377850 0.2150785 -0.3750533 0.8697900
1740546832.414429 7.5999317 -39.3283997 19.8835869 0.2395523 0.2144864 -0.3749469 0.8694971
1740546832.521504 7.6204681 -39.3827477 19.9611187 0.2403556 0.2140582 -0.3756349 0.8690838
1740546832.621211 7.6388512 -39.4234276 20.0242844 0.2417974 0.2129087 -0.3767971 0.8684630
1740546832.719935 7.6486664 -39.4768982 20.1027546 0.2418903 0.2133488 -0.3766802 0.8683797
1740546832.820246 7.6662970 -39.5232735 20.1615181 0.2424791 0.2106186 -0.3779336 0.8683375
1740546832.921407 7.6974831 -39.5965271 20.2574196 0.2428288 0.2105625 -0.3776401 0.8683811
1740546833.027804 7.7008305 -39.6414146 20.3360901 0.2443620 0.2112775 -0.3777202 0.8677422
1740546833.128047 7.7143450 -39.7029457 20.4162560 0.2435073 0.2110239 -0.3774687 0.8681535
1740546833.227341 7.7386589 -39.7597656 20.4945450 0.2439343 0.2099314 -0.3778791 0.8681200
1740546833.328783 7.7493629 -39.8141365 20.5727844 0.2442540 0.2098978 -0.3781876 0.8679038
1740546833.425420 7.7635746 -39.8800201 20.6477509 0.2432841 0.2093516 -0.3787299 0.8680717
1740546833.538523 7.7690296 -39.9254036 20.7256508 0.2439671 0.2098662 -0.3780130 0.8680683
1740546833.632109 7.7997322 -39.9827766 20.7763252 0.2429498 0.2069996 -0.3786357 0.8687702
1740546833.728083 7.8068018 -40.0334320 20.8592987 0.2422438 0.2070001 -0.3788564 0.8688710
1740546833.829159 7.8320827 -40.0844574 20.9435349 0.2434417 0.2060564 -0.3797176 0.8683844
1740546833.925165 7.8422337 -40.1408920 21.0067444 0.2415390 0.2044947 -0.3796173 0.8693282
1740546834.041547 7.8569441 -40.2006035 21.1008377 0.2426642 0.2057195 -0.3794464 0.8688004
1740546834.137600 7.8666553 -40.2500343 21.1858978 0.2428728 0.2058983 -0.3792419 0.8687890
1740546834.235319 7.8823671 -40.3026886 21.2638664 0.2433104 0.2052386 -0.3796934 0.8686254
1740546834.339247 7.9012413 -40.3743210 21.3367691 0.2418691 0.2043911 -0.3797029 0.8692234
1740546834.434107 7.9171085 -40.4308739 21.4114170 0.2418516 0.2040406 -0.3796734 0.8693235
1740546834.544070 7.9439316 -40.4985733 21.4822426 0.2410106 0.2026268 -0.3803690 0.8695836
1740546834.643640 7.9521246 -40.5531883 21.5705719 0.2411537 0.2037959 -0.3799934 0.8694350
1740546834.741194 7.9817829 -40.6106606 21.6507912 0.2418132 0.2026331 -0.3804174 0.8693382
1740546834.841859 8.0000439 -40.6631660 21.7209930 0.2398014 0.2018463 -0.3809742 0.8698345
1740546834.938289 8.0107155 -40.7150803 21.8068466 0.2407611 0.2020856 -0.3804990 0.8697218
1740546835.039386 8.0155897 -40.7726517 21.8810902 0.2394725 0.2031097 -0.3801542 0.8699898
1740546835.140344 8.0366573 -40.8383675 21.9717140 0.2390267 0.2011988 -0.3801567 0.8705551
1740546835.235281 8.0530987 -40.8983650 22.0557594 0.2394675 0.2004912 -0.3806266 0.8703919
1740546835.336165 8.0683613 -40.9509163 22.1413269 0.2396472 0.2000206 -0.3811372 0.8702272
1740546835.530257 8.1249743 -41.0559921 22.2903633 0.2394475 0.1980612 -0.3815725 0.8705396
1740546835.634444 8.1422138 -41.1071243 22.3800907 0.2387592 0.1982290 -0.3820612 0.8704761
1740546835.730127 8.1454649 -41.1723175 22.4571686 0.2365063 0.1991317 -0.3817652 0.8710147
1740546835.835736 8.1621275 -41.2365646 22.5372829 0.2351512 0.1983188 -0.3811238 0.8718476
1740546835.930067 8.1851740 -41.2935181 22.6160393 0.2350314 0.1985559 -0.3818216 0.8715205
1740546836.031876 8.1980982 -41.3425064 22.7065105 0.2346939 0.2002708 -0.3812332 0.8714767
1740546836.136039 8.2115116 -41.3946838 22.7878017 0.2333595 0.2016249 -0.3805667 0.8718141
1740546836.233070 8.2218943 -41.4476395 22.8696136 0.2323342 0.2031188 -0.3797417 0.8721008
1740546836.337193 8.2473383 -41.5048981 22.9449806 0.2309038 0.2050982 -0.3791567 0.8722720
1740546836.435030 8.2572193 -41.5610771 23.0161209 0.2284869 0.2088495 -0.3784699 0.8723165
1740546836.543769 8.2726011 -41.6180840 23.1050091 0.2283380 0.2117230 -0.3775819 0.8720476
1740546836.639120 8.2786818 -41.6624565 23.1980476 0.2285693 0.2158349 -0.3762203 0.8715674
1740546836.745005 8.2819433 -41.7127876 23.2788353 0.2262758 0.2203429 -0.3743232 0.8718547
1740546836.855281 8.2970781 -41.7711182 23.3472290 0.2239500 0.2244739 -0.3724029 0.8722236
1740546836.951723 8.3207312 -41.8251381 23.4302330 0.2242616 0.2302470 -0.3711255 0.8711824
1740546837.064523 8.3481016 -41.8583794 23.5092010 0.2251928 0.2373893 -0.3681062 0.8703059
1740546837.259468 8.4065762 -41.9780540 23.6506634 0.2216493 0.2544374 -0.3622366 0.8688601
1740546837.369498 8.4533653 -42.0425491 23.7113228 0.2203100 0.2627814 -0.3599107 0.8676830
1740546837.465801 8.4923677 -42.0978394 23.7652817 0.2196426 0.2728620 -0.3566262 0.8660954
1740546837.573520 8.5281734 -42.1643448 23.8300400 0.2178159 0.2831042 -0.3528200 0.8648273
1740546837.670222 8.5756254 -42.2307587 23.8964615 0.2175005 0.2938278 -0.3489306 0.8629057
1740546837.871951 8.6706753 -42.3499794 24.0308685 0.2164155 0.3162824 -0.3410579 0.8583760
1740546837.974679 8.7255278 -42.4085426 24.0940704 0.2159921 0.3276269 -0.3374576 0.8556462
1740546838.079714 8.7790670 -42.4590073 24.1571655 0.2158152 0.3387219 -0.3328493 0.8531721
1740546838.391732 8.9591503 -42.6296692 24.3125801 0.2134043 0.3710440 -0.3201574 0.8451533
1740546838.602277 9.0945444 -42.7491608 24.3891296 0.2115831 0.3912521 -0.3122186 0.8394486
1740546838.809384 9.2526131 -42.8798676 24.4683228 0.2099034 0.4087409 -0.3055498 0.8339729
1740546839.217986 9.5315027 -43.1089668 24.6401215 0.2058161 0.4359536 -0.2932148 0.8255963
1740546839.523309 9.7020340 -43.2842865 24.8178902 0.2008222 0.4486284 -0.2864728 0.8223967
1740546839.839880 9.9033375 -43.4720688 24.9482956 0.1935842 0.4552872 -0.2809798 0.8223680
1740546840.155856 10.1102924 -43.6411438 25.0969086 0.1853020 0.4572215 -0.2766956 0.8246522
1740546840.569853 10.3687515 -43.8260612 25.3396397 0.1707002 0.4554069 -0.2710080 0.8306748
1740546841.092388 10.7116375 -44.0869904 25.6048355 0.1485505 0.4507461 -0.2636507 0.8397911
1740546841.608767 11.0457897 -44.2596626 25.9412270 0.1272683 0.4466840 -0.2547032 0.8481760
1740546842.124479 11.4276066 -44.4651108 26.1961632 0.1053480 0.4433998 -0.2460866 0.8554179
1740546842.729203 11.8548326 -44.6460037 26.5781860 0.0825982 0.4411620 -0.2368887 0.8616481
1740546843.340529 12.2964668 -44.8036423 26.9579830 0.0692338 0.4362694 -0.2319709 0.8666402
1740546843.732477 12.5940876 -44.9228249 27.1972561 0.0676995 0.4324112 -0.2322051 0.8686300
1740546843.943351 12.7492914 -44.9875069 27.3058434 0.0685435 0.4304056 -0.2332819 0.8692712
1740546844.143533 12.9015217 -45.0541306 27.4277573 0.0710044 0.4276671 -0.2349756 0.8699688
1740546844.347594 13.0290241 -45.1301994 27.5605717 0.0747096 0.4243278 -0.2374025 0.8706345
1740546844.541544 13.1468782 -45.2278175 27.6971169 0.0793787 0.4210185 -0.2394246 0.8712740
1740546844.743300 13.2798347 -45.2953606 27.8250332 0.0839257 0.4167090 -0.2429594 0.8719409
1740546844.944383 13.4099808 -45.3549538 27.9696732 0.0882892 0.4132049 -0.2451104 0.8725753
1740546845.141488 13.5551529 -45.4301758 28.0869408 0.0932816 0.4074472 -0.2483530 0.8738456
1740546845.349590 13.6807327 -45.5183487 28.2202568 0.0983676 0.4028645 -0.2516575 0.8744670
1740546845.650292 13.8619375 -45.6455650 28.4310875 0.1052530 0.3949891 -0.2561134 0.8759631
1740546845.849602 13.9905701 -45.7179108 28.5708084 0.1095050 0.3898195 -0.2587449 0.8769838
1740546846.153301 14.1638660 -45.8592339 28.7883053 0.1146267 0.3817854 -0.2626958 0.8786874
1740546846.449588 14.3395195 -45.9917107 28.9968204 0.1205302 0.3735215 -0.2665325 0.8802924
1740546846.753828 14.5118732 -46.1224937 29.2101898 0.1247422 0.3641165 -0.2702783 0.8825011
1740546847.051353 14.6774788 -46.2454491 29.4338207 0.1284750 0.3553723 -0.2741283 0.8843406
1740546847.355296 14.8297491 -46.3741951 29.6637955 0.1327491 0.3462102 -0.2777937 0.8861980
1740546847.652384 14.9748220 -46.4964676 29.9035645 0.1381640 0.3371311 -0.2814659 0.8877107
1740546847.950766 15.1237516 -46.6207314 30.1352615 0.1434452 0.3289124 -0.2854525 0.8886828
1740546848.248645 15.2633247 -46.7509804 30.3726482 0.1511033 0.3223781 -0.2893316 0.8885536
1740546848.543467 15.3699007 -46.9195824 30.6022034 0.1586949 0.3177190 -0.2932271 0.8876308
1740546848.848566 15.5239897 -47.0690041 30.8216019 0.1682126 0.3140272 -0.2966165 0.8860645
1740546849.146969 15.6376572 -47.2238083 31.0614967 0.1784832 0.3136487 -0.2991374 0.8833374
1740546849.445719 15.7416725 -47.4064560 31.2773895 0.1874380 0.3155971 -0.3004195 0.8803486
1740546849.740286 15.8829851 -47.5750198 31.4928093 0.1966628 0.3208172 -0.3011862 0.8761775
1740546850.042542 16.0202599 -47.7278481 31.7167301 0.2045373 0.3281098 -0.3013270 0.8716138
1740546850.350758 16.1593246 -47.9029694 31.9222488 0.2129088 0.3400973 -0.2996514 0.8655707
1740546850.657717 16.3046722 -48.0901413 32.1149521 0.2235943 0.3537741 -0.2981899 0.8578649
1740546850.967608 16.4657116 -48.2708511 32.2981567 0.2368972 0.3700614 -0.2961989 0.8480569
1740546851.282521 16.6237316 -48.4685440 32.4598923 0.2532659 0.3901127 -0.2939945 0.8350064
1740546851.597627 16.8002110 -48.6629982 32.6140823 0.2732160 0.4090741 -0.2921305 0.8201653
1740546851.910125 16.9593735 -48.8572960 32.7818756 0.2948838 0.4279450 -0.2910093 0.8032560
1740546852.325025 17.1350689 -49.2175522 32.8295021 0.3244434 0.4486087 -0.2906069 0.7804065
1740546852.632108 17.2658195 -49.5122986 32.7996521 0.3417072 0.4589731 -0.2911577 0.7666858
1740546852.944139 17.4054127 -49.7852020 32.8151817 0.3525726 0.4641206 -0.2923227 0.7581768
1740546853.352557 17.5948429 -50.1151505 32.9469376 0.3542673 0.4622487 -0.2940726 0.7578536
1740546853.756292 17.7943230 -50.4106064 33.1320648 0.3426207 0.4506185 -0.2969027 0.7690272
1740546854.167073 17.9958782 -50.6813469 33.3505783 0.3224617 0.4325748 -0.2999498 0.7867195
1740546854.581074 18.1847076 -50.9541245 33.5760040 0.3003170 0.4129779 -0.3027819 0.8047248
1740546854.995669 18.3590946 -51.2299728 33.8145523 0.2811989 0.3966883 -0.3049361 0.8188893
1740546855.413591 18.5476971 -51.4925652 34.0503349 0.2672761 0.3832824 -0.3065628 0.8292631
1740546855.829691 18.7240181 -51.7582092 34.2945938 0.2588725 0.3742600 -0.3073807 0.8357222
1740546856.240789 18.9074421 -52.0172844 34.5417709 0.2513925 0.3701522 -0.3068700 0.8400119
1740546856.663562 19.0968800 -52.2695732 34.7846069 0.2445216 0.3693907 -0.3042470 0.8433229
1740546857.083606 19.2841034 -52.5221748 35.0356903 0.2371195 0.3728617 -0.3013441 0.8449498
1740546857.486674 19.4980221 -52.7591248 35.2811317 0.2293494 0.3758045 -0.2971634 0.8472684
1740546857.786397 19.6540680 -52.9401054 35.4580078 0.2221934 0.3798859 -0.2931480 0.8487527
1740546858.092361 19.8121052 -53.1162910 35.6419983 0.2167713 0.3839020 -0.2901639 0.8493729
1740546858.389642 19.9774361 -53.2922096 35.8081474 0.2103008 0.3846845 -0.2870349 0.8517056
1740546858.593209 20.0923042 -53.4106979 35.9304504 0.2055179 0.3851946 -0.2853574 0.8532050
1740546858.785697 20.2094421 -53.5172119 36.0579643 0.2031230 0.3858058 -0.2853556 0.8535029
1740546858.990609 20.3186798 -53.6255989 36.1881180 0.1991549 0.3861560 -0.2826069 0.8551925
1740546859.191115 20.4405270 -53.7292099 36.3117409 0.1946994 0.3834930 -0.2820573 0.8575948
1740546859.392173 20.5491333 -53.8401909 36.4340439 0.1888854 0.3809682 -0.2827034 0.8598048
1740546859.591850 20.6545429 -53.9368057 36.5677414 0.1851167 0.3790009 -0.2791665 0.8626449
1740546859.782646 20.7585793 -54.0421753 36.6970482 0.1806368 0.3738450 -0.2788202 0.8659501
1740546859.985796 20.8593063 -54.1512489 36.8303680 0.1741503 0.3677655 -0.2742662 0.8713198
1740546860.191157 20.9704895 -54.2291069 36.9792824 0.1700917 0.3640055 -0.2791705 0.8721426
1740546860.391409 21.0377159 -54.3020210 37.0380859 0.1653167 0.3512618 -0.2771825 0.8788944
1740546860.486820 21.0416317 -54.3306084 37.0423355 0.1596303 0.3481700 -0.2774076 0.8811021
1740546860.690859 21.0149231 -54.3742523 37.0559120 0.1461935 0.3414164 -0.2720724 0.8877156
1740546860.786734 21.0195656 -54.3915558 37.0592232 0.1415419 0.3345812 -0.2696873 0.8917904
1740546860.892096 21.0218964 -54.4072533 37.0697823 0.1368884 0.3300528 -0.2702681 0.8940257
1740546860.991293 21.0025272 -54.4330750 37.0782585 0.1295484 0.3283919 -0.2658109 0.8970622
1740546861.098779 20.9859867 -54.4096069 37.1094666 0.1325687 0.3294357 -0.2640809 0.8967491
1740546861.196754 20.9817543 -54.4048500 37.1172447 0.1307011 0.3254177 -0.2647564 0.8982898
1740546861.291574 20.9582138 -54.3872566 37.1402512 0.1320828 0.3258081 -0.2614183 0.8989236
1740546861.394715 20.9523239 -54.3814583 37.1578445 0.1296147 0.3260055 -0.2647904 0.8982241
1740546861.491261 20.9498310 -54.3555717 37.1776772 0.1319624 0.3242713 -0.2644729 0.8986034
1740546861.594644 20.9388351 -54.3577957 37.1928940 0.1278148 0.3235380 -0.2644540 0.8994724
1740546861.691504 20.9254303 -54.3617783 37.2181168 0.1262127 0.3238215 -0.2632090 0.8999617
1740546861.787388 20.8935890 -54.3910103 37.2670097 0.1211461 0.3291121 -0.2609085 0.8994085
1740546861.893773 20.8759651 -54.4041824 37.3069191 0.1205797 0.3303276 -0.2591690 0.8995419
1740546861.989939 20.8574257 -54.4148712 37.3507690 0.1194946 0.3340608 -0.2573926 0.8988178
1740546862.097975 20.8451214 -54.4243469 37.3907547 0.1182869 0.3370629 -0.2574202 0.8978484
1740546862.295849 20.8189716 -54.4092255 37.4621887 0.1204800 0.3442341 -0.2544495 0.8956802
1740546862.397461 20.8326874 -54.3942375 37.4758644 0.1242791 0.3448332 -0.2521205 0.8955892
1740546862.497840 20.8321915 -54.3884735 37.5061035 0.1253756 0.3480536 -0.2509995 0.8945048
1740546862.599104 20.8270721 -54.3875198 37.5328674 0.1244141 0.3524502 -0.2530050 0.8923500
1740546862.698964 20.8230972 -54.3780632 37.5710754 0.1284758 0.3564942 -0.2515954 0.8905647
1740546862.796145 20.8247795 -54.3636284 37.6159477 0.1311243 0.3623386 -0.2497075 0.8883486
1740546862.897198 20.8207035 -54.3682709 37.6506920 0.1326923 0.3673407 -0.2492389 0.8861904
1740546862.998666 20.8275833 -54.3579140 37.6764259 0.1365496 0.3712400 -0.2441866 0.8853858
1740546863.104280 20.8227081 -54.3811531 37.7109108 0.1314592 0.3766473 -0.2436263 0.8840258
1740546863.206013 20.8042278 -54.4103813 37.7327843 0.1261878 0.3834493 -0.2410491 0.8825750
1740546863.304654 20.8055477 -54.4063454 37.7731171 0.1279345 0.3890747 -0.2419620 0.8796068
1740546863.411359 20.7939949 -54.4287071 37.8268738 0.1237351 0.3978754 -0.2420118 0.8762506
1740546863.519056 20.7861061 -54.4464951 37.8518639 0.1201541 0.4066814 -0.2473262 0.8712078
1740546863.627424 20.8030987 -54.4270096 37.8865051 0.1266717 0.4101015 -0.2460889 0.8690289
1740546863.722950 20.7840347 -54.4622917 37.9217987 0.1209876 0.4186670 -0.2476556 0.8653015
1740546863.839763 20.7765102 -54.4669075 37.9654694 0.1205119 0.4280286 -0.2500014 0.8600976
1740546863.935421 20.8063927 -54.4513016 38.0028152 0.1272614 0.4309362 -0.2469773 0.8585458
1740546864.034448 20.7872391 -54.4704132 38.0546837 0.1248048 0.4419205 -0.2448795 0.8539110
1740546864.146271 20.7875786 -54.4978371 38.0738602 0.1202434 0.4472060 -0.2485887 0.8507362
1740546864.243732 20.7692108 -54.5149040 38.1168060 0.1183973 0.4576165 -0.2460259 0.8461918
1740546864.349955 20.7678585 -54.5182343 38.1499367 0.1180057 0.4651603 -0.2456396 0.8422362
1740546864.449145 20.7624741 -54.5081635 38.1935272 0.1209816 0.4747799 -0.2466103 0.8361405
1740546864.545604 20.7606087 -54.5143852 38.2271042 0.1204981 0.4823464 -0.2478904 0.8314881
1740546864.648604 20.7446098 -54.5342178 38.2579346 0.1168898 0.4909702 -0.2457780 0.8275737
1740546864.747570 20.7211189 -54.5657501 38.2851601 0.1088951 0.5009685 -0.2445523 0.8230228
1740546864.852634 20.6985989 -54.5994034 38.3054810 0.1019231 0.5096593 -0.2444242 0.8186061
1740546864.952775 20.6768055 -54.6335564 38.3146133 0.0932981 0.5173820 -0.2417631 0.8155746
1740546865.052454 20.6656055 -54.6534767 38.3473930 0.0913996 0.5252956 -0.2385692 0.8116621
1740546865.154814 20.6490288 -54.6805305 38.3646851 0.0858790 0.5324933 -0.2340209 0.8088943
1740546865.255734 20.6384258 -54.7127228 38.3744545 0.0801994 0.5378101 -0.2308841 0.8068586
1740546865.366325 20.6034317 -54.7573166 38.4158707 0.0692663 0.5501084 -0.2281332 0.8003364
1740546865.465249 20.5738602 -54.7763557 38.4641647 0.0655858 0.5634378 -0.2222967 0.7929820
1740546865.566910 20.5565567 -54.8265877 38.4682617 0.0522604 0.5680473 -0.2191595 0.7915556
1740546865.678602 20.5619602 -54.8639374 38.4509888 0.0440214 0.5649358 -0.2160761 0.7951231
1740546865.777867 20.5748596 -54.8881073 38.4664993 0.0451788 0.5658932 -0.2117632 0.7955376
1740546865.880230 20.5683880 -54.8976593 38.5063896 0.0464590 0.5745182 -0.2121919 0.7891420
1740546865.982633 20.5739975 -54.9225082 38.5367279 0.0454160 0.5794414 -0.2120551 0.7856320
1740546866.088536 20.6046543 -54.8912735 38.5451202 0.0559281 0.5767975 -0.2197114 0.7847952
1740546866.193175 20.6195278 -54.9089661 38.5456924 0.0543963 0.5750148 -0.2223546 0.7854664
1740546866.291829 20.5928192 -54.9766769 38.6063080 0.0431997 0.5855344 -0.2119889 0.7812452
1740546866.400610 20.5676804 -55.0194931 38.6882973 0.0415147 0.5997894 -0.2020861 0.7731044
1740546866.501959 20.5548191 -55.1358109 38.8604660 0.0241894 0.6272959 -0.1828850 0.7566159
1740546866.611545 20.5936718 -55.1500702 38.9334869 0.0273950 0.6346738 -0.1827548 0.7503596
1740546866.712326 20.7151012 -55.1754990 38.9406967 0.0301922 0.6336461 -0.1842969 0.7507435
1740546866.921225 20.8986835 -55.2562637 38.9960022 0.0274304 0.6374611 -0.1839524 0.7476981
1740546867.136727 21.0790024 -55.3320351 39.0548248 0.0263128 0.6424807 -0.1839615 0.7434274
1740546867.344775 21.2643909 -55.3973579 39.1114235 0.0280606 0.6482534 -0.1831247 0.7385428
1740546867.445261 21.3585320 -55.4328308 39.1185150 0.0257917 0.6470537 -0.1844305 0.7393523
1740546867.656551 21.5418777 -55.4973221 39.1742706 0.0306531 0.6504107 -0.1864605 0.7357031
1740546867.766980 21.6253090 -55.5443878 39.2069168 0.0312242 0.6509774 -0.1869994 0.7350407
1740546867.878130 21.6844692 -55.6135101 39.2524529 0.0325892 0.6502785 -0.1869601 0.7356098
