1740546763.268234 0.0000000 0.0000000 0.0000000 -0.0000000 -0.0000000 -0.0000000 1.0000000
1740546764.049195 0.0191608 0.0514718 0.0839906 0.0015331 -0.0009297 -0.0002067 0.9999984
1740546764.397748 0.0053907 0.0336541 0.1786512 0.0039115 -0.0018123 -0.0001629 0.9999907
1740546764.513794 -0.0081340 0.0148524 0.2692181 0.0073677 -0.0029201 -0.0000349 0.9999686
1740546764.608327 -0.0119669 -0.0258535 0.3607700 0.0109883 -0.0046937 0.0000789 0.9999286
1740546764.703218 -0.0137883 -0.0523030 0.4549431 0.0157515 -0.0069248 0.0001562 0.9998519
1740546764.798342 -0.0212013 -0.0790131 0.5477066 0.0210331 -0.0090962 0.0001087 0.9997374
1740546764.909553 -0.0301094 -0.1111434 0.6415082 0.0267117 -0.0116714 0.0002074 0.9995751
1740546765.004364 -0.0233232 -0.1345831 0.7367332 0.0334663 -0.0152642 0.0002963 0.9993232
1740546765.231745 -0.0314531 -0.1889027 0.9209337 0.0472909 -0.0220562 0.0003243 0.9986376
1740546765.436909 -0.0570970 -0.2372385 1.1075836 0.0620117 -0.0304985 0.0004674 0.9976092
1740546765.631814 -0.1003911 -0.2940777 1.2868081 0.0762986 -0.0387466 0.0007626 0.9963316
1740546765.830486 -0.1441822 -0.3552321 1.4673005 0.0896290 -0.0476790 0.0009299 0.9948329
1740546766.038479 -0.2034972 -0.4115450 1.6443062 0.1003963 -0.0556268 0.0004959 0.9933912
1740546766.238330 -0.2362276 -0.4497055 1.8324583 0.1100297 -0.0640718 0.0000441 0.9918610
1740546766.445526 -0.2518236 -0.5029696 2.0164418 0.1167466 -0.0714781 -0.0002456 0.9905862
1740546766.647133 -0.3034139 -0.5645148 2.1946239 0.1213337 -0.0771045 -0.0006449 0.9896124
1740546766.848353 -0.3544996 -0.6215315 2.3712928 0.1241476 -0.0818297 -0.0011767 0.9888832
1740546767.053459 -0.3934948 -0.6761198 2.5527453 0.1256523 -0.0861389 -0.0014495 0.9883267
1740546767.267085 -0.4429769 -0.7211142 2.7324092 0.1264754 -0.0888065 -0.0018547 0.9879848
1740546767.474577 -0.4821434 -0.7690069 2.9145725 0.1256395 -0.0900502 -0.0024482 0.9879776
1740546767.782615 -0.5551149 -0.8309721 3.1897466 0.1252184 -0.0901861 -0.0024593 0.9880186
1740546768.082377 -0.5982720 -0.9192910 3.4619086 0.1243738 -0.0876950 -0.0022438 0.9883500
1740546768.398688 -0.6881353 -0.9776503 3.7285511 0.1241614 -0.0819495 -0.0016294 0.9888709
1740546768.708105 -0.7548531 -1.0274024 4.0029421 0.1249096 -0.0738114 -0.0006553 0.9894186
1740546769.016236 -0.7744080 -1.1007086 4.2778540 0.1269509 -0.0643561 0.0006965 0.9898188
1740546769.330646 -0.7904332 -1.1886070 4.5501957 0.1295328 -0.0540069 0.0022331 0.9901007
1740546769.442720 -0.8026260 -1.2126303 4.6416140 0.1308375 -0.0501797 0.0024943 0.9901300
1740546769.547558 -0.8197218 -1.2359200 4.7357621 0.1320998 -0.0465158 0.0030404 0.9901397
1740546769.651497 -0.8203445 -1.2642298 4.8253694 0.1333933 -0.0431873 0.0034704 0.9901157
1740546769.754431 -0.8283087 -1.2887696 4.9169149 0.1346999 -0.0396225 0.0040016 0.9900858
1740546769.855277 -0.8320567 -1.3087002 5.0122228 0.1363157 -0.0366654 0.0046045 0.9899760
1740546769.970300 -0.8301743 -1.3595726 5.0907502 0.1360822 -0.0338158 0.0049549 0.9901078
1740546770.071035 -0.8265972 -1.3873924 5.1714811 0.1370867 -0.0320496 0.0056437 0.9900243
1740546770.177394 -0.8485458 -1.4050914 5.2709613 0.1387498 -0.0283689 0.0058494 0.9899038
1740546770.279969 -0.8836586 -1.4081082 5.3536673 0.1409210 -0.0247056 0.0061055 0.9896937
1740546770.380609 -0.8583690 -1.4563221 5.4372463 0.1410604 -0.0247180 0.0070380 0.9896674
1740546770.485193 -0.8470669 -1.4892740 5.5254979 0.1409746 -0.0242643 0.0072708 0.9896891
1740546770.584384 -0.8423654 -1.5284048 5.6131821 0.1411708 -0.0235257 0.0074994 0.9896773
1740546770.697331 -0.8358307 -1.5731015 5.6975183 0.1406986 -0.0232391 0.0077758 0.9897491
1740546770.799977 -0.8310142 -1.6093106 5.7739692 0.1415032 -0.0231401 0.0079458 0.9896354
1740546770.902495 -0.8464603 -1.6429259 5.8531389 0.1409612 -0.0228532 0.0077938 0.9897206
1740546771.010059 -0.8517683 -1.6758214 5.9367113 0.1412061 -0.0229736 0.0081401 0.9896801
1740546771.114398 -0.8466440 -1.6890798 6.0408721 0.1422294 -0.0229136 0.0078178 0.9895376
1740546771.224079 -0.8576720 -1.7163770 6.1225543 0.1430757 -0.0224664 0.0081034 0.9894235
1740546771.327159 -0.8809392 -1.7458620 6.1944156 0.1429688 -0.0205287 0.0087444 0.9894757
1740546771.433333 -0.8886223 -1.7824409 6.2688923 0.1426441 -0.0210348 0.0086894 0.9895124
1740546771.534789 -0.8835265 -1.8168176 6.3503065 0.1417485 -0.0221210 0.0091453 0.9896132
1740546771.633641 -0.8628736 -1.8279371 6.4274912 0.1428798 -0.0243901 0.0086966 0.9894013
1740546771.737499 -0.8736933 -1.8403331 6.5095677 0.1436815 -0.0241744 0.0087195 0.9892902
1740546771.837590 -0.8645455 -1.8814683 6.5714874 0.1423595 -0.0261091 0.0092160 0.9894277
1740546771.952835 -0.8427993 -1.8826203 6.6427250 0.1454377 -0.0282207 0.0094364 0.9889199
1740546772.050661 -0.8529940 -1.8996546 6.7413511 0.1461570 -0.0277934 0.0089817 0.9888301
1740546772.150927 -0.8588653 -1.9302485 6.8306499 0.1467767 -0.0279364 0.0093990 0.9887304
1740546772.260141 -0.8515226 -1.9492816 6.8944664 0.1478057 -0.0289446 0.0082297 0.9885585
1740546772.364559 -0.8446615 -1.9872607 6.9249229 0.1457730 -0.0296266 0.0092477 0.9888311
1740546772.470457 -0.8527738 -1.9887195 6.9493518 0.1475181 -0.0276460 0.0096830 0.9886255
1740546772.570598 -0.8421335 -1.9870934 6.9639001 0.1497108 -0.0288535 0.0092349 0.9882656
1740546772.675613 -0.8402112 -1.9907368 6.9636574 0.1496496 -0.0285737 0.0095889 0.9882796
1740546772.780739 -0.8468502 -1.9904108 6.9997468 0.1527399 -0.0268035 0.0091538 0.9878605
1740546772.880754 -0.8246192 -2.0049353 7.0401168 0.1537982 -0.0290767 0.0093776 0.9876299
1740546772.986668 -0.8305259 -2.0061393 7.0603309 0.1545893 -0.0278679 0.0089157 0.9875455
1740546773.087531 -0.7962568 -1.9982436 7.1089830 0.1573146 -0.0314671 0.0084860 0.9870106
1740546773.196882 -0.7711825 -1.9969192 7.1698017 0.1623323 -0.0325069 0.0090543 0.9861590
1740546773.301836 -0.7393948 -2.0094085 7.2189388 0.1631493 -0.0362233 0.0091416 0.9858938
1740546773.402786 -0.7239313 -2.0022783 7.2522874 0.1654947 -0.0369637 0.0074708 0.9854894
1740546773.517267 -0.7142226 -2.0009120 7.2712641 0.1669931 -0.0381132 0.0096469 0.9851739
1740546773.732491 -0.7766455 -2.0108411 7.2778211 0.1602277 -0.0238179 0.0114171 0.9867266
1740546773.833644 -0.8198039 -2.0126059 7.3109484 0.1583495 -0.0168144 0.0134630 0.9871482
1740546773.939054 -0.8115193 -2.0142920 7.3340464 0.1580824 -0.0177230 0.0163707 0.9871312
1740546774.045212 -0.8113383 -2.0340712 7.3284411 0.1523759 -0.0163994 0.0148371 0.9880751
1740546774.147301 -0.8066927 -2.0386732 7.3334498 0.1501520 -0.0160662 0.0144738 0.9884264
1740546774.256454 -0.8168175 -2.0765557 7.3549628 0.1455090 -0.0197007 0.0166544 0.9890206
1740546774.359343 -0.7807416 -2.0843120 7.3722529 0.1441033 -0.0273928 0.0156316 0.9890599
1740546774.468667 -0.7544678 -2.0975552 7.4077549 0.1419384 -0.0345485 0.0156432 0.9891487
1740546774.584116 -0.7281430 -2.1002114 7.4190173 0.1412604 -0.0413724 0.0172185 0.9889577
1740546774.713558 -0.7186812 -2.1229141 7.4277935 0.1351298 -0.0406491 0.0151409 0.9898779
1740546774.815812 -0.7492259 -2.1188965 7.4477625 0.1331008 -0.0356879 0.0155017 0.9903384
1740546774.923961 -0.7849297 -2.1287127 7.4812894 0.1316181 -0.0308126 0.0157090 0.9906970
1740546775.778186 -0.9292692 -2.1039236 7.6109781 0.1320218 -0.0108254 0.0216521 0.9909512
1740546775.899702 -0.9463155 -2.1040065 7.6102109 0.1322284 -0.0063768 0.0223392 0.9909470
1740546776.025459 -0.9645056 -2.0980947 7.6153269 0.1317147 -0.0012362 0.0233485 0.9910119
1740546776.151713 -0.9899466 -2.1129193 7.6271267 0.1277525 0.0041004 0.0241114 0.9915045
1740546776.285560 -1.0055988 -2.1112828 7.6430449 0.1280955 0.0080648 0.0250896 0.9914117
1740546776.410365 -1.0232130 -2.1297362 7.6740103 0.1245346 0.0122230 0.0252591 0.9918184
1740546776.534440 -1.0377727 -2.1280892 7.6976199 0.1258347 0.0156755 0.0265611 0.9915717
1740546776.638275 -1.0536789 -2.1377864 7.7276759 0.1244613 0.0192117 0.0278331 0.9916480
1740546776.750321 -1.0607553 -2.1560233 7.7491775 0.1212118 0.0230398 0.0280535 0.9919627
1740546776.855476 -1.0693181 -2.1700089 7.7753463 0.1214668 0.0261628 0.0283813 0.9918447
1740546776.966639 -1.0668293 -2.1940935 7.8041148 0.1219763 0.0293563 0.0286988 0.9916837
1740546777.071870 -1.0764738 -2.1922309 7.8327436 0.1246565 0.0338716 0.0291098 0.9911943
1740546777.187263 -1.0706062 -2.1918793 7.8566132 0.1287068 0.0369189 0.0284803 0.9905859
1740546777.290625 -1.0819635 -2.1976616 7.8754573 0.1291844 0.0441215 0.0291445 0.9902098
1740546777.398539 -1.0985148 -2.2077117 7.8984847 0.1300898 0.0506377 0.0303428 0.9897433
1740546777.519796 -1.1009512 -2.2210422 7.9238501 0.1320859 0.0570888 0.0309864 0.9891077
1740546777.622598 -1.1108577 -2.2226417 7.9401689 0.1358077 0.0644947 0.0316276 0.9881277
1740546777.747308 -1.1159550 -2.2299240 7.9671659 0.1404105 0.0711132 0.0324410 0.9870033
1740546777.850515 -1.1169031 -2.2331626 7.9863596 0.1469870 0.0764870 0.0289149 0.9857528
1740546777.968229 -1.1222672 -2.2356074 8.0098848 0.1513342 0.0845157 0.0304187 0.9843931
1740546778.071585 -1.1205153 -2.2444313 8.0359688 0.1572196 0.0917492 0.0310936 0.9828007
1740546778.186066 -1.1229953 -2.2593987 8.0745039 0.1630563 0.0993639 0.0307370 0.9811192
1740546778.288610 -1.1211010 -2.2703340 8.1071434 0.1694159 0.1080188 0.0314234 0.9791030
1740546778.397740 -1.1163774 -2.2765014 8.1330252 0.1753882 0.1175120 0.0329214 0.9769064
1740546778.508018 -1.1146188 -2.2793043 8.1637716 0.1817009 0.1276183 0.0345688 0.9744247
1740546778.616915 -1.0994323 -2.3005588 8.1939077 0.1879208 0.1369082 0.0349840 0.9719661
1740546778.728211 -1.0937233 -2.3157492 8.2231464 0.1946715 0.1472630 0.0357425 0.9690919
1740546778.836211 -1.0930648 -2.3253314 8.2439222 0.1992938 0.1583612 0.0369828 0.9663519
1740546778.950585 -1.0594342 -2.3544111 8.2685070 0.2073324 0.1650247 0.0350967 0.9636121
1740546779.055368 -1.0726599 -2.3618407 8.3015862 0.2135891 0.1753009 0.0360523 0.9603903
1740546779.161902 -1.0828704 -2.3413146 8.3427620 0.2228271 0.1839975 0.0346045 0.9567108
1740546779.275326 -1.0923038 -2.3348267 8.3928518 0.2283322 0.1926436 0.0396202 0.9535109
1740546779.382537 -1.1189663 -2.3652048 8.4379339 0.2317160 0.2029170 0.0443370 0.9503508
1740546779.505945 -1.1282116 -2.3858225 8.4464865 0.2340170 0.2133207 0.0468265 0.9473846
1740546779.612910 -1.1408157 -2.3780351 8.4690819 0.2422793 0.2227352 0.0467124 0.9431372
1740546779.724674 -1.1490741 -2.3748500 8.4820585 0.2533260 0.2307194 0.0459744 0.9383394
1740546779.831751 -1.1513990 -2.3723280 8.4809151 0.2600586 0.2402935 0.0467643 0.9340459
1740546779.941955 -1.1517026 -2.3767843 8.4846449 0.2614824 0.2502219 0.0535148 0.9306729
1740546780.052229 -1.1056229 -2.4166563 8.5085363 0.2634947 0.2574446 0.0551938 0.9280337
1740546780.157375 -1.0678155 -2.4551861 8.5772514 0.2698713 0.2634031 0.0557560 0.9244888
1740546780.269241 -0.9966822 -2.5021343 8.6339045 0.2742609 0.2685691 0.0558303 0.9217020
1740546780.370632 -0.9558589 -2.5462475 8.7004566 0.2778205 0.2743080 0.0564303 0.9189051
1740546780.481218 -0.8862816 -2.5835128 8.7644367 0.2818654 0.2790821 0.0565104 0.9162269
1740546780.586614 -0.8542943 -2.6534386 8.8276529 0.2841758 0.2848343 0.0574787 0.9136792
1740546780.694152 -0.7928227 -2.7022977 8.8806095 0.2872653 0.2890746 0.0581802 0.9113339
1740546780.799950 -0.7234182 -2.7371716 8.9449320 0.2910117 0.2929277 0.0577170 0.9089413
1740546780.901513 -0.6405542 -2.7933922 8.9848633 0.2927308 0.2960533 0.0586325 0.9073166
1740546781.008161 -0.5811410 -2.8351183 9.0485725 0.2955778 0.2999490 0.0591937 0.9050748
1740546781.119594 -0.5128664 -2.8729987 9.1011744 0.2981446 0.3029968 0.0588290 0.9032397
1740546781.227120 -0.4405260 -2.9255111 9.1360922 0.2998600 0.3062199 0.0592860 0.9015534
1740546781.335717 -0.3928576 -2.9841144 9.2009907 0.3014058 0.3109532 0.0606012 0.8993276
1740546781.442944 -0.3255377 -3.0306695 9.2593384 0.3034121 0.3151249 0.0609200 0.8971768
1740546781.553097 -0.2653034 -3.0870967 9.3127480 0.3050476 0.3192862 0.0616133 0.8951011
1740546781.656412 -0.2085240 -3.1392202 9.3741808 0.3070546 0.3235092 0.0622818 0.8928495
1740546781.762634 -0.1237912 -3.1791935 9.4077768 0.3092535 0.3259411 0.0622778 0.8912050
1740546781.869139 -0.0678272 -3.2271161 9.4856596 0.3119798 0.3303165 0.0625113 0.8886237
1740546781.974180 -0.0194027 -3.2748411 9.5558319 0.3139302 0.3343929 0.0629843 0.8863759
1740546782.077878 0.0372753 -3.3121481 9.6287785 0.3164629 0.3383096 0.0634271 0.8839541
1740546782.192689 0.1172390 -3.3553646 9.6759195 0.3188452 0.3413664 0.0628850 0.8819594
1740546782.296381 0.1891758 -3.3986425 9.7172890 0.3220005 0.3440988 0.0636296 0.8796949
1740546782.400716 0.2594607 -3.4564204 9.7562428 0.3240246 0.3473631 0.0635079 0.8776752
1740546782.505765 0.3372612 -3.5114284 9.7933283 0.3272947 0.3500713 0.0628550 0.8754299
1740546782.607170 0.4116418 -3.5719738 9.8288231 0.3304335 0.3531676 0.0624882 0.8730301
1740546782.720166 0.4827006 -3.6401832 9.8528538 0.3329384 0.3553749 0.0627489 0.8711621
1740546782.821659 0.5559051 -3.6954868 9.8903036 0.3363645 0.3577952 0.0613939 0.8689490
1740546782.923587 0.6275663 -3.7568588 9.9327145 0.3393212 0.3602338 0.0612697 0.8667980
1740546783.037660 0.6934278 -3.8159120 9.9704828 0.3429017 0.3620507 0.0611756 0.8646360
1740546783.136954 0.7560930 -3.8742070 10.0133228 0.3466026 0.3646464 0.0596820 0.8621704
1740546783.253403 0.8283310 -3.9250557 10.0698862 0.3500042 0.3664323 0.0588345 0.8600947
1740546783.355893 0.8786185 -3.9802074 10.1366663 0.3530939 0.3688217 0.0585391 0.8578278
1740546783.470043 0.9514251 -4.0265646 10.1947260 0.3563204 0.3704690 0.0576384 0.8558425
1740546783.577121 1.0183783 -4.0826960 10.2418184 0.3596328 0.3722042 0.0569344 0.8537486
1740546783.695390 1.0966661 -4.1377530 10.2814465 0.3631625 0.3734570 0.0555959 0.8517934
1740546783.804036 1.1715119 -4.1990199 10.3208466 0.3662941 0.3747238 0.0549095 0.8499386
1740546783.902762 1.2545750 -4.2579050 10.3509960 0.3699840 0.3755460 0.0535925 0.8480595
1740546784.008838 1.3174267 -4.3252697 10.3882236 0.3734192 0.3768032 0.0525751 0.8460576
1740546784.112581 1.3886914 -4.3955994 10.4180403 0.3770963 0.3775355 0.0514408 0.8441678
1740546784.225551 1.4478040 -4.4602036 10.4609585 0.3803762 0.3787596 0.0499206 0.8422369
1740546784.327019 1.5047300 -4.5347934 10.5013428 0.3830720 0.3798186 0.0495693 0.8405573
1740546784.433659 1.5803618 -4.5889854 10.5395412 0.3865402 0.3805872 0.0479320 0.8387149
1740546784.538271 1.6612177 -4.6448636 10.5767632 0.3899334 0.3810392 0.0465023 0.8370177
1740546784.637016 1.7224261 -4.7114668 10.6139851 0.3929540 0.3820092 0.0454889 0.8352166
1740546784.753003 1.7884356 -4.7805400 10.6507778 0.3960722 0.3828072 0.0440874 0.8334517
1740546784.851976 1.8534869 -4.8435493 10.6797695 0.3992490 0.3834118 0.0434072 0.8316919
1740546784.954824 1.9177589 -4.9135404 10.7123957 0.4022164 0.3842709 0.0424538 0.8299129
1740546785.055976 1.9831201 -4.9818382 10.7458572 0.4047337 0.3850178 0.0412277 0.8284035
1740546785.154598 2.0544829 -5.0456061 10.7785378 0.4073457 0.3855490 0.0404561 0.8269128
1740546785.257800 2.1215634 -5.1057553 10.8237095 0.4103647 0.3863261 0.0393152 0.8251104
1740546785.356753 2.1946805 -5.1686153 10.8588638 0.4133738 0.3869709 0.0378635 0.8233724
1740546785.462442 2.2556648 -5.2422423 10.8912630 0.4156676 0.3875820 0.0374019 0.8219500
1740546785.572385 2.3128400 -5.3111410 10.9278698 0.4184882 0.3887006 0.0364872 0.8200293
1740546785.674198 2.3796515 -5.3841443 10.9581413 0.4211467 0.3892180 0.0352699 0.8184747
1740546785.782783 2.4333870 -5.4630976 10.9883766 0.4233687 0.3904329 0.0350571 0.8167571
1740546785.881442 2.4952745 -5.5226817 11.0198421 0.4263830 0.3913406 0.0346558 0.8147693
1740546785.988066 2.5669932 -5.6052628 11.0477676 0.4286843 0.3919707 0.0331106 0.8133219
1740546786.087752 2.6320486 -5.6782250 11.0725260 0.4305243 0.3931351 0.0326777 0.8118040
1740546786.195958 2.6999683 -5.7443519 11.0999126 0.4327889 0.3943577 0.0322996 0.8100200
1740546786.299881 2.7593975 -5.8138132 11.1172390 0.4340674 0.3965672 0.0323973 0.8082515
1740546786.398457 2.8380251 -5.8781004 11.1532917 0.4368002 0.3973510 0.0316955 0.8064200
1740546786.503957 2.9072762 -5.9411688 11.1894598 0.4391990 0.3990732 0.0311772 0.8042841
1740546786.602578 2.9765277 -6.0082483 11.2295198 0.4415857 0.4006409 0.0307080 0.8022131
1740546786.704206 3.0246034 -6.0918894 11.2521248 0.4423938 0.4036317 0.0310394 0.8002536
1740546786.803763 3.0885150 -6.1499610 11.2811813 0.4454550 0.4059280 0.0309147 0.7973936
1740546786.905364 3.1587763 -6.2299333 11.3132000 0.4476602 0.4080221 0.0306626 0.7950963
1740546787.008193 3.2198677 -6.2993832 11.3420238 0.4503466 0.4108939 0.0313253 0.7920687
1740546787.107425 3.2756739 -6.3786826 11.3583412 0.4517032 0.4146869 0.0320663 0.7892850
1740546787.209597 3.3496387 -6.4474216 11.3744316 0.4540473 0.4174796 0.0328045 0.7864323
1740546787.310545 3.4206243 -6.5135298 11.3890152 0.4562076 0.4207845 0.0330335 0.7834053
1740546787.409799 3.4958210 -6.5786495 11.4017143 0.4579761 0.4244592 0.0340175 0.7803430
1740546787.512109 3.5671773 -6.6519332 11.4195442 0.4601344 0.4282521 0.0349830 0.7769509
1740546787.615958 3.6413550 -6.7233944 11.4240322 0.4618365 0.4321149 0.0365870 0.7737216
1740546787.724102 3.7054398 -6.7935257 11.4395370 0.4640682 0.4366501 0.0377485 0.7697743
1740546787.821150 3.7792423 -6.8650002 11.4432602 0.4657812 0.4411827 0.0391866 0.7660745
1740546787.918697 3.8527989 -6.9283276 11.4530544 0.4674782 0.4459703 0.0411105 0.7621578
1740546788.121186 4.0011835 -7.0601568 11.4551306 0.4704859 0.4549506 0.0450850 0.7547386
1740546788.526180 4.3183756 -7.2969275 11.4940739 0.4745474 0.4757653 0.0537815 0.7386201
1740546788.624258 4.4066410 -7.3519311 11.4825544 0.4757330 0.4801960 0.0559551 0.7348190
1740546788.825265 4.5754051 -7.4558954 11.4787436 0.4779420 0.4895095 0.0600654 0.7268728
1740546789.037378 4.7384515 -7.5801167 11.4858561 0.4795147 0.4989401 0.0641765 0.7190312
1740546789.238137 4.8997068 -7.6724329 11.4693451 0.4814543 0.5064887 0.0668865 0.7121778
1740546789.336763 4.9782476 -7.7172918 11.4547081 0.4821464 0.5092937 0.0676365 0.7096339
1740546789.541174 5.1264310 -7.8363924 11.4659882 0.4841920 0.5166920 0.0700912 0.7026199
1740546789.640631 5.2170596 -7.9083610 11.4565916 0.4854769 0.5192987 0.0709421 0.6997201
1740546789.754470 5.2903047 -7.9522080 11.4391346 0.4870467 0.5209202 0.0703465 0.6974806
1740546789.954304 5.4662929 -8.0613260 11.4114189 0.4901549 0.5252345 0.0702865 0.6920527
1740546790.150937 5.6021900 -8.1690540 11.4225311 0.4935236 0.5300351 0.0703680 0.6859633
1740546790.357207 5.7779984 -8.2988548 11.4042921 0.4990296 0.5323887 0.0680845 0.6803648
1740546790.555684 5.9372020 -8.4343328 11.3919325 0.5044156 0.5364159 0.0662669 0.6733732
1740546790.757291 6.0843091 -8.5584440 11.3445320 0.5087896 0.5388930 0.0631926 0.6683818
1740546790.955775 6.2314668 -8.6822958 11.3047571 0.5139456 0.5414947 0.0602192 0.6625836
1740546791.054505 6.3058991 -8.7420778 11.2778072 0.5165246 0.5421902 0.0583104 0.6601757
1740546791.257432 6.4527001 -8.8749514 11.2356625 0.5205308 0.5450261 0.0569852 0.6547877
1740546791.458350 6.6034069 -8.9807320 11.1795588 0.5243892 0.5461274 0.0541931 0.6510177
1740546791.656339 6.7569995 -9.1134987 11.1515560 0.5281689 0.5488443 0.0528824 0.6457639
1740546791.859795 6.9115019 -9.2339325 11.1270905 0.5311418 0.5512558 0.0532027 0.6412293
1740546792.062142 7.0767140 -9.3419743 11.0905905 0.5336262 0.5537278 0.0530176 0.6370383
1740546792.261305 7.2342381 -9.4589357 11.0458145 0.5357997 0.5556570 0.0524207 0.6335740
1740546792.462172 7.3774343 -9.5963459 10.9954195 0.5365424 0.5592310 0.0538696 0.6296673
1740546792.660619 7.5288968 -9.7097330 10.9462433 0.5387111 0.5619851 0.0530251 0.6254210
1740546792.861127 7.6863160 -9.8272104 10.9079132 0.5396671 0.5638472 0.0544248 0.6227951
1740546793.069369 7.8110585 -9.9657249 10.8284674 0.5408273 0.5665007 0.0543317 0.6193794
1740546793.273416 7.9665651 -10.0728292 10.7802839 0.5413932 0.5690884 0.0559283 0.6163634
1740546793.480379 8.1407261 -10.1745491 10.7514715 0.5429938 0.5715244 0.0571251 0.6125801
1740546793.706568 8.2991657 -10.2921314 10.7073412 0.5439569 0.5739801 0.0582679 0.6093132
1740546793.906090 8.4494286 -10.4082232 10.6484547 0.5449622 0.5762034 0.0583150 0.6063045
1740546794.113694 8.5978918 -10.5203524 10.5781822 0.5456896 0.5778926 0.0592451 0.6039478
1740546794.324022 8.7415609 -10.6496906 10.5234594 0.5466703 0.5797691 0.0595056 0.6012307
1740546794.529216 8.8952131 -10.7623348 10.4676428 0.5472441 0.5804743 0.0596921 0.6000085
1740546794.737482 9.0481281 -10.8793249 10.3742371 0.5479875 0.5811015 0.0590958 0.5987808
1740546794.939707 9.1772537 -11.0111341 10.3293686 0.5485294 0.5814300 0.0593625 0.5979387
1740546795.142216 9.3345947 -11.1189795 10.2820158 0.5483872 0.5800943 0.0612579 0.5991741
1740546795.460523 9.5723953 -11.2938108 10.2122450 0.5455880 0.5824671 0.0590894 0.5996451
1740546795.668782 9.7251606 -11.3827124 10.1700926 0.5471335 0.5783717 0.0607957 0.6020257
1740546795.879129 9.9127150 -11.5418320 10.1206312 0.5448648 0.5794922 0.0594019 0.6031439
1740546796.193587 10.1028862 -11.6949263 9.9938831 0.5427762 0.5761266 0.0573734 0.6084245
1740546796.393023 10.2340364 -11.8295746 9.9873199 0.5436423 0.5747782 0.0571113 0.6089510
1740546796.714223 10.4779730 -12.0197868 9.9502220 0.5436902 0.5730938 0.0551647 0.6106728
1740546797.019001 10.6735563 -12.2026739 9.8520184 0.5440699 0.5681823 0.0518010 0.6152020
1740546797.330830 10.8908329 -12.3822832 9.8003178 0.5453831 0.5658314 0.0460954 0.6166582
1740546797.540360 11.0217924 -12.4815464 9.7700558 0.5487179 0.5623837 0.0430005 0.6170772
1740546797.747833 11.1587238 -12.6242123 9.7353420 0.5512795 0.5607309 0.0401450 0.6164902
1740546798.059935 11.3579321 -12.8208723 9.6579208 0.5551658 0.5581212 0.0316992 0.6158627
1740546798.264855 11.4787483 -12.9358559 9.5978603 0.5588329 0.5554851 0.0266709 0.6151672
1740546798.364811 11.5434456 -13.0053596 9.5870762 0.5607317 0.5550913 0.0247367 0.6138743
1740546798.576311 11.6619987 -13.1373787 9.5363407 0.5648441 0.5532617 0.0190838 0.6119546
1740546798.778797 11.7553225 -13.2515182 9.5249691 0.5682014 0.5502866 0.0164509 0.6116055
1740546798.877148 11.7944689 -13.3219767 9.4942837 0.5691508 0.5502247 0.0133622 0.6108532
1740546798.984149 11.8472195 -13.3482857 9.4925270 0.5712592 0.5506236 0.0086055 0.6086070
1740546799.085758 11.9053469 -13.4543190 9.4485016 0.5724601 0.5494443 0.0071535 0.6085632
1740546799.293471 12.0113010 -13.5696735 9.4058113 0.5769311 0.5454382 0.0033554 0.6079773
1740546799.393349 12.0973892 -13.6294937 9.3471584 0.5783153 0.5426384 0.0005469 0.6091756
1740546799.597919 12.1737671 -13.8009481 9.3249054 0.5795023 0.5418257 -0.0018499 0.6087680
1740546799.705532 12.1999502 -13.8413839 9.3206425 0.5818031 0.5409090 -0.0048389 0.6073707
1740546799.806988 12.2795610 -13.9222565 9.3185081 0.5848027 0.5389967 -0.0086701 0.6061462
1740546799.907687 12.3114471 -13.9980259 9.2876492 0.5844589 0.5384160 -0.0096129 0.6069791
1740546800.016821 12.3831577 -14.0536613 9.2667961 0.5848595 0.5364084 -0.0127005 0.6083126
1740546800.237515 12.5122623 -14.2025347 9.2079716 0.5877084 0.5325998 -0.0181561 0.6087747
1740546800.343593 12.5943336 -14.2850704 9.1887188 0.5895558 0.5310622 -0.0201632 0.6082683
1740546800.455205 12.5728140 -14.3392506 9.1649914 0.5901600 0.5296801 -0.0194523 0.6089103
1740546800.554963 12.6563997 -14.3992815 9.1622143 0.5915116 0.5273685 -0.0222771 0.6095082
1740546800.654073 12.6689606 -14.4609385 9.1570091 0.5922274 0.5262334 -0.0241171 0.6097242
1740546800.765310 12.6765900 -14.5271254 9.1344719 0.5927445 0.5249251 -0.0250070 0.6103132
1740546800.866525 12.6822701 -14.5754833 9.1280365 0.5913516 0.5261202 -0.0292781 0.6104454
1740546800.972970 12.6882658 -14.6264286 9.1245956 0.5923737 0.5237612 -0.0293960 0.6114765
1740546801.072966 12.6928873 -14.6815891 9.1167717 0.5926394 0.5225219 -0.0314414 0.6121771
1740546801.170168 12.6958666 -14.7687864 9.0943375 0.5919315 0.5227137 -0.0306759 0.6127369
1740546801.277593 12.7389832 -14.8414841 9.1036777 0.5928435 0.5226336 -0.0338032 0.6117583
1740546801.376613 12.7475281 -14.8925686 9.0968990 0.5930721 0.5215978 -0.0346959 0.6123704
1740546801.481011 12.7543793 -14.9285698 9.0846710 0.5930616 0.5192150 -0.0370589 0.6142640
1740546801.585402 12.7638512 -15.0107965 9.0777054 0.5936742 0.5167434 -0.0364832 0.6157890
1740546801.685211 12.7869110 -15.0638151 9.0766926 0.5942487 0.5161842 -0.0395515 0.6155145
1740546801.794458 12.7956638 -15.1086750 9.0476704 0.5940763 0.5124587 -0.0393987 0.6187949
1740546801.901714 12.8171721 -15.1775446 9.0562744 0.5942276 0.5110716 -0.0405237 0.6197236
1740546802.029155 12.8480444 -15.2468395 9.0407257 0.5948578 0.5090102 -0.0435968 0.6206062
1740546802.127152 12.8601236 -15.3065414 9.0280266 0.5944493 0.5075581 -0.0453873 0.6220568
1740546802.231137 12.8803148 -15.3825073 9.0074348 0.5944152 0.5050302 -0.0460282 0.6240965
1740546802.331496 12.8864336 -15.4319429 8.9974232 0.5941444 0.5033822 -0.0473818 0.6255827
1740546802.430080 12.9112940 -15.5127230 9.0068798 0.5949661 0.5019587 -0.0492191 0.6258038
1740546802.531963 12.9500065 -15.5864344 8.9873810 0.5946330 0.4991375 -0.0509274 0.6282355
1740546802.636612 12.9763565 -15.6429930 8.9860344 0.5947367 0.4967879 -0.0523295 0.6298822
1740546802.743324 12.9706583 -15.7169666 8.9665298 0.5934198 0.4953212 -0.0540349 0.6321313
1740546802.845487 12.9729786 -15.7732821 8.9637642 0.5940540 0.4911661 -0.0539396 0.6347805
1740546802.941127 13.0243244 -15.8164883 8.9519157 0.5942114 0.4879694 -0.0591819 0.6366288
1740546803.048863 13.0243664 -15.9080238 8.9532089 0.5936686 0.4842188 -0.0574882 0.6401443
1740546803.148287 13.0345688 -15.9660311 8.9733772 0.5961040 0.4808638 -0.0588274 0.6402885
1740546803.254409 13.0724459 -15.9944372 8.9534206 0.5941472 0.4791064 -0.0634814 0.6429746
1740546803.352466 13.0897150 -16.0938091 8.9408817 0.5940644 0.4749619 -0.0662662 0.6458386
1740546803.467453 13.1073952 -16.1446857 8.9738865 0.5950066 0.4727294 -0.0715906 0.6460409
1740546803.566205 13.1125450 -16.2713165 8.9166641 0.5937160 0.4658118 -0.0704165 0.6523512
1740546803.665740 13.1839066 -16.3076229 8.9585991 0.5942270 0.4660192 -0.0794356 0.6507000
1740546803.777754 13.2401047 -16.3957806 8.9692631 0.5953266 0.4601538 -0.0818744 0.6535605
1740546803.875380 13.2146473 -16.4629478 8.9485588 0.5931680 0.4574572 -0.0858368 0.6568993
1740546803.981421 13.2605915 -16.5392914 8.9706287 0.5925590 0.4550252 -0.0907595 0.6584745
1740546804.097515 13.2871971 -16.6390572 8.9608326 0.5927751 0.4494664 -0.0940915 0.6616225
1740546804.218365 13.2578220 -16.6944046 8.9489479 0.5908994 0.4454973 -0.0960205 0.6656953
1740546804.340287 13.3661118 -16.7913017 8.9437466 0.5927222 0.4383385 -0.1028584 0.6678023
1740546804.581837 13.4235191 -16.9624939 8.9746609 0.5918103 0.4304637 -0.1120234 0.6722442
1740546804.831290 13.5238409 -17.1332626 8.9368401 0.5903314 0.4184899 -0.1218430 0.6793596
1740546805.074545 13.5856733 -17.2757931 8.9550228 0.5903766 0.4086441 -0.1290729 0.6839633
1740546805.280568 13.6159258 -17.4577446 8.9764595 0.5900981 0.4014781 -0.1378079 0.6867376
1740546805.479656 13.6874542 -17.6468525 9.0048485 0.5914072 0.3905691 -0.1466095 0.6900717
1740546805.577661 13.7016182 -17.7211018 8.9810562 0.5903863 0.3855050 -0.1512113 0.6927951
1740546805.777586 13.7305336 -17.9193554 9.0051880 0.5920974 0.3771904 -0.1585073 0.6942793
1740546805.997382 13.7891235 -18.0794392 9.0340405 0.5945621 0.3682787 -0.1684247 0.6946221
1740546806.232317 13.8092737 -18.2281723 9.0371647 0.5962213 0.3600813 -0.1752388 0.6958110
1740546806.351124 13.8784952 -18.3238926 9.0628662 0.5991462 0.3557884 -0.1820498 0.6937553
1740546806.591742 13.8906679 -18.5227337 9.0676498 0.6022598 0.3476277 -0.1887267 0.6934121
1740546806.688123 13.9034595 -18.5976524 9.0587540 0.6032512 0.3433452 -0.1929347 0.6935261
1740546806.796242 13.9408541 -18.6740112 9.0863552 0.6067723 0.3380824 -0.1968064 0.6919501
1740546806.892350 13.9636049 -18.7653809 9.0755615 0.6087902 0.3343562 -0.2028873 0.6902299
1740546806.995575 13.9655571 -18.8512535 9.0733681 0.6102545 0.3301710 -0.2061653 0.6899800
1740546807.094356 13.9825106 -18.9480877 9.0665436 0.6122113 0.3272751 -0.2102484 0.6883923
1740546807.192825 13.9848938 -19.0371075 9.0911903 0.6157395 0.3238130 -0.2123954 0.6862203
1740546807.301576 14.0151711 -19.1200695 9.0920353 0.6187530 0.3195246 -0.2163578 0.6842793
1740546807.399311 14.0266247 -19.2160072 9.0970764 0.6207991 0.3159590 -0.2191480 0.6831929
1740546807.501681 14.0471573 -19.2906437 9.0883446 0.6222863 0.3128936 -0.2242104 0.6816062
1740546807.599185 14.0530710 -19.3904743 9.0985451 0.6246837 0.3095775 -0.2272952 0.6799036
1740546807.699149 14.0580826 -19.4789963 9.1112900 0.6273946 0.3067581 -0.2296245 0.6778998
1740546807.808466 14.0594883 -19.5796413 9.0973701 0.6287667 0.3044778 -0.2330549 0.6764844
1740546807.906298 14.0596209 -19.6659927 9.1005497 0.6314064 0.3018490 -0.2357452 0.6742681
1740546808.020779 14.0626764 -19.7661095 9.0914230 0.6329368 0.2996715 -0.2389097 0.6726887
1740546808.122262 14.0745306 -19.8582077 9.0972824 0.6351439 0.2972694 -0.2408728 0.6709720
1740546808.231644 14.0792389 -19.9520912 9.1017647 0.6376369 0.2950734 -0.2427466 0.6688983
1740546808.330034 14.0858212 -20.0460281 9.0924416 0.6391123 0.2927872 -0.2455725 0.6674618
1740546808.425431 14.0755749 -20.1437798 9.0884171 0.6405391 0.2908709 -0.2470226 0.6663960
1740546808.628123 14.0773201 -20.3384418 9.0972614 0.6435312 0.2878295 -0.2498966 0.6637571
1740546808.830772 14.0734959 -20.5382614 9.0879002 0.6453308 0.2858748 -0.2531386 0.6616228
1740546808.926642 14.1051407 -20.6179733 9.0890732 0.6471419 0.2834956 -0.2545416 0.6603380
1740546809.029216 14.1496925 -20.6941814 9.0928898 0.6491830 0.2810717 -0.2578481 0.6580840
1740546809.130192 14.1544685 -20.7903652 9.0897083 0.6501806 0.2799910 -0.2589713 0.6571180
1740546809.230642 14.1541042 -20.8873711 9.0930309 0.6506522 0.2793371 -0.2595728 0.6566920
1740546809.329597 14.1532574 -20.9805641 9.0967426 0.6514047 0.2785280 -0.2600279 0.6561095
1740546809.428936 14.1560240 -21.0771465 9.0869122 0.6517110 0.2778316 -0.2612994 0.6555952
1740546809.530180 14.1685247 -21.1724148 9.0926342 0.6523703 0.2770083 -0.2616770 0.6551371
1740546809.628633 14.1608458 -21.2687817 9.0845661 0.6521829 0.2768248 -0.2621607 0.6552078
1740546809.729738 14.1635723 -21.3628960 9.0825310 0.6526884 0.2760618 -0.2624151 0.6549245
1740546809.828797 14.1547966 -21.4576454 9.0830669 0.6530851 0.2760856 -0.2626382 0.6544293
1740546809.927197 14.1511383 -21.5553894 9.0703907 0.6526367 0.2759711 -0.2629013 0.6548193
1740546810.034068 14.1552696 -21.6465626 9.0746784 0.6530181 0.2756694 -0.2631641 0.6544605
1740546810.245807 14.1687546 -21.8349037 9.0852680 0.6533398 0.2753075 -0.2633652 0.6542107
1740546810.444512 14.1589670 -22.0284996 9.0936241 0.6528933 0.2763218 -0.2626876 0.6545012
1740546810.759434 14.1683588 -22.3111877 9.0853634 0.6519279 0.2762252 -0.2626148 0.6555327
1740546810.969238 14.1682777 -22.5018501 9.0894070 0.6517496 0.2774355 -0.2615723 0.6556157
1740546811.284505 14.1856709 -22.7893848 9.0777206 0.6507469 0.2785072 -0.2603572 0.6566402
1740546811.385356 14.1839333 -22.8778000 9.0775585 0.6503264 0.2789991 -0.2598659 0.6570424
1740546811.705664 14.1871986 -23.1567421 9.0722828 0.6486609 0.2806396 -0.2584690 0.6585395
1740546811.913479 14.1877089 -23.3488693 9.0730648 0.6473739 0.2822318 -0.2563552 0.6599503
1740546812.233922 14.2168798 -23.6304321 9.0732689 0.6441246 0.2843627 -0.2544192 0.6629572
1740546812.438800 14.2358475 -23.8214493 9.0811577 0.6416097 0.2861751 -0.2524036 0.6653820
1740546812.544931 14.2382603 -23.9160748 9.0804787 0.6401211 0.2873686 -0.2515057 0.6666402
1740546812.757361 14.2511797 -24.1053658 9.0984497 0.6378574 0.2897671 -0.2485939 0.6688603
1740546812.977544 14.2745438 -24.2958679 9.1041679 0.6345853 0.2921664 -0.2460946 0.6718466
1740546813.079411 14.2838049 -24.3905449 9.0990810 0.6325664 0.2933566 -0.2446401 0.6737603
1740546813.180653 14.2954254 -24.4853077 9.1101055 0.6311139 0.2949176 -0.2430972 0.6749982
1740546813.291149 14.3055153 -24.5812244 9.1115761 0.6292399 0.2960916 -0.2416132 0.6767644
1740546813.397640 14.3132372 -24.6731682 9.1234093 0.6278749 0.2975376 -0.2400197 0.6779640
1740546813.509237 14.3268185 -24.7662659 9.1259232 0.6259212 0.2989887 -0.2387201 0.6795889
1740546813.614611 14.3444347 -24.8601685 9.1368351 0.6243719 0.3004731 -0.2371031 0.6809242
1740546813.832608 14.3856945 -25.0492401 9.1440773 0.6211585 0.3030408 -0.2342854 0.6836948
1740546813.932208 14.3976068 -25.1437225 9.1622486 0.6199396 0.3046748 -0.2326323 0.6846389
1740546814.041550 14.4246721 -25.2364769 9.1713085 0.6186672 0.3059897 -0.2312746 0.6856626
1740546814.148283 14.4464951 -25.3299103 9.1824131 0.6177033 0.3071877 -0.2301674 0.6863682
1740546814.260507 14.4689980 -25.4209213 9.1894016 0.6167372 0.3082223 -0.2290307 0.6871529
1740546814.363337 14.4809885 -25.5171280 9.2051868 0.6161525 0.3095532 -0.2278097 0.6874850
1740546814.584381 14.5139713 -25.7093220 9.2056808 0.6147053 0.3106349 -0.2264751 0.6887326
1740546814.690100 14.5281849 -25.8032036 9.2120762 0.6147895 0.3112874 -0.2257964 0.6885855
1740546814.800540 14.5514364 -25.8967094 9.2110806 0.6147514 0.3113949 -0.2257569 0.6885839
1740546815.018372 14.5920191 -26.0863037 9.2059669 0.6147367 0.3110654 -0.2257213 0.6887575
1740546815.235653 14.6261053 -26.2760239 9.2065868 0.6150265 0.3092524 -0.2274538 0.6887453
1740546815.451698 14.6545439 -26.4657879 9.2094841 0.6152197 0.3060230 -0.2306433 0.6889545
1740546815.670721 14.6767073 -26.6566391 9.1988754 0.6154261 0.3011350 -0.2355416 0.6892667
1740546815.793159 14.6872120 -26.7530556 9.1922531 0.6154727 0.2978703 -0.2384928 0.6896288
1740546816.017909 14.7180290 -26.9439659 9.1926670 0.6150160 0.2900817 -0.2452890 0.6909713
1740546816.237959 14.7518530 -27.1350327 9.2200317 0.6142659 0.2808293 -0.2541699 0.6922500
1740546816.452625 14.7554703 -27.3242188 9.2616920 0.6137545 0.2697989 -0.2641164 0.6933662
1740546816.670083 14.7384586 -27.5153942 9.3052540 0.6127747 0.2574018 -0.2750221 0.6947045
1740546816.888017 14.7075520 -27.7012615 9.3546543 0.6116775 0.2436478 -0.2867926 0.6958709
1740546817.105556 14.6731339 -27.8837852 9.4096375 0.6110297 0.2296894 -0.2990716 0.6960184
1740546817.330887 14.6482792 -28.0718193 9.4456120 0.6104153 0.2152850 -0.3114116 0.6957502
1740546817.648781 14.5968275 -28.3513241 9.4995327 0.6114506 0.1942709 -0.3293194 0.6927739
1740546818.067462 14.4855032 -28.7147617 9.5746384 0.6137630 0.1669593 -0.3504343 0.6874703
1740546818.481488 14.3730316 -29.0778313 9.6648502 0.6165227 0.1450990 -0.3677257 0.6808993
1740546818.893102 14.1954288 -29.4369030 9.7253971 0.6176358 0.1288400 -0.3802817 0.6762486
1740546819.200042 14.0752192 -29.7051773 9.7732697 0.6152251 0.1194455 -0.3880378 0.6757644
1740546819.404977 14.0085297 -29.8842239 9.8135281 0.6122038 0.1154418 -0.3920050 0.6769134
1740546819.614923 13.9431505 -30.0601463 9.8605919 0.6078168 0.1136921 -0.3937481 0.6801436
1740546819.820548 13.8921375 -30.2405205 9.9066620 0.6019207 0.1121643 -0.3966339 0.6839534
1740546819.920521 13.8597393 -30.3220482 9.9487762 0.5989422 0.1123715 -0.3971539 0.6862287
1740546820.028096 13.8472404 -30.3971634 9.9907322 0.5957457 0.1121874 -0.3980521 0.6885170
1740546820.128288 13.8502779 -30.4504089 10.0253181 0.5928475 0.1112362 -0.3994954 0.6903345
1740546820.234753 13.8704100 -30.4991951 10.0798378 0.5902115 0.1110931 -0.3997520 0.6924645
1740546820.336094 13.8844252 -30.5246296 10.1157684 0.5873890 0.1110933 -0.4000406 0.6946943
1740546820.435031 13.9003992 -30.5496445 10.1514301 0.5848398 0.1117856 -0.3988625 0.6974061
1740546820.543228 13.9285583 -30.6120300 10.2257481 0.5816681 0.1123289 -0.3997676 0.6994500
1740546820.646660 13.9321871 -30.6761761 10.2694817 0.5773103 0.1138042 -0.3994431 0.7029984
1740546820.752754 13.9540119 -30.7321053 10.3336620 0.5758973 0.1153528 -0.3949119 0.7064564
1740546820.853416 13.9713516 -30.7714901 10.3770847 0.5721706 0.1166048 -0.3959329 0.7087041
1740546820.952893 13.9889021 -30.8098335 10.4177551 0.5685024 0.1177810 -0.3954791 0.7117084
1740546821.055907 14.0159969 -30.8646812 10.4744339 0.5661861 0.1191191 -0.3922404 0.7151164
1740546821.155520 14.0022459 -30.9400978 10.5180740 0.5615436 0.1210435 -0.3915521 0.7188214
1740546821.266528 13.9605875 -31.0269051 10.5587692 0.5556440 0.1238395 -0.3909698 0.7232331
1740546821.367362 13.9338961 -31.1170197 10.5986938 0.5499544 0.1263115 -0.3908138 0.7272277
1740546821.470435 13.9241571 -31.1899853 10.6393566 0.5453990 0.1281105 -0.3893650 0.7311105
1740546821.571885 13.9067297 -31.2699776 10.6894493 0.5402737 0.1306146 -0.3878204 0.7352819
1740546821.671659 13.8942060 -31.3588829 10.7336731 0.5344116 0.1330681 -0.3877585 0.7391485
1740546821.779070 13.8966351 -31.4462337 10.7741928 0.5286671 0.1346913 -0.3879098 0.7428966
1740546821.877784 13.9174242 -31.5059547 10.8339233 0.5250670 0.1371721 -0.3857380 0.7461197
1740546821.988122 13.9560061 -31.5651093 10.8905296 0.5235509 0.1371173 -0.3833469 0.7484239
1740546822.083867 13.9716225 -31.5993118 10.9239140 0.5180463 0.1408706 -0.3805399 0.7529760
1740546822.182914 13.9944401 -31.6437073 10.9685650 0.5139314 0.1427882 -0.3806453 0.7553775
1740546822.302631 14.0085831 -31.6690731 10.9933453 0.5081691 0.1444911 -0.3807689 0.7588819
1740546822.401618 14.0191498 -31.6870193 11.0147915 0.5034781 0.1468973 -0.3807187 0.7615671
1740546822.504420 14.0444212 -31.7222519 11.0523300 0.5030155 0.1489736 -0.3747302 0.7644342
1740546822.605480 14.0783892 -31.7779560 11.1209984 0.5013052 0.1502833 -0.3718966 0.7666818
1740546822.704802 14.1161051 -31.8408833 11.1708794 0.4995516 0.1507000 -0.3700073 0.7686562
1740546822.809090 14.1674910 -31.9095879 11.2358341 0.4974140 0.1502994 -0.3678279 0.7711627
1740546822.923790 14.2099695 -31.9658890 11.2865810 0.4947765 0.1510272 -0.3651380 0.7739905
1740546823.030235 14.2439499 -32.0131607 11.3315487 0.4917322 0.1537413 -0.3618010 0.7769576
1740546823.126486 14.2594109 -32.0551872 11.3614693 0.4861430 0.1558584 -0.3593503 0.7811789
1740546823.240680 14.2982388 -32.1044502 11.4041119 0.4835539 0.1556943 -0.3595287 0.7827350
1740546823.336297 14.3206758 -32.1550102 11.4545555 0.4788532 0.1585595 -0.3579273 0.7857777
1740546823.451173 14.3641319 -32.2176971 11.5073509 0.4778600 0.1581011 -0.3536800 0.7883935
1740546823.554749 14.3961773 -32.2717361 11.5569324 0.4732699 0.1606422 -0.3520449 0.7913747
1740546823.656415 14.4433699 -32.3401451 11.6158352 0.4693325 0.1601826 -0.3543365 0.7927889
1740546823.770012 14.4655914 -32.4197540 11.6713104 0.4652032 0.1617698 -0.3543541 0.7948897
1740546823.871979 14.4977589 -32.4924812 11.7356052 0.4618977 0.1624287 -0.3527767 0.7973808
1740546823.980221 14.5286036 -32.5579033 11.7883530 0.4565724 0.1641918 -0.3526685 0.8001298
1740546824.083859 14.5514755 -32.6317329 11.8427963 0.4523950 0.1652729 -0.3512575 0.8028958
1740546824.184779 14.5721025 -32.6733131 11.8771133 0.4449908 0.1678080 -0.3530219 0.8057290
1740546824.307690 14.6190014 -32.7277222 11.9269524 0.4403180 0.1679411 -0.3557424 0.8070708
1740546824.409432 14.6460581 -32.7799644 11.9747677 0.4353002 0.1716230 -0.3545335 0.8095464
1740546824.522088 14.6682949 -32.8399315 12.0298424 0.4311601 0.1753485 -0.3514636 0.8122975
1740546824.621004 14.6994591 -32.9024887 12.0851269 0.4271446 0.1770179 -0.3498141 0.8147652
1740546824.724361 14.7278795 -32.9747086 12.1467304 0.4226643 0.1794386 -0.3483908 0.8171784
1740546824.832096 14.7619705 -33.0435295 12.2012806 0.4168254 0.1808928 -0.3466568 0.8205872
1740546824.929110 14.8036003 -33.1021690 12.2545891 0.4123890 0.1818359 -0.3478116 0.8221302
1740546825.036309 14.8304968 -33.1726532 12.3055744 0.4066846 0.1847794 -0.3474684 0.8244574
1740546825.132853 14.8378010 -33.2435799 12.3753777 0.4024605 0.1879816 -0.3451313 0.8267847
1740546825.242975 14.8394012 -33.3244553 12.4303761 0.3964978 0.1927112 -0.3435276 0.8292410
1740546825.338484 14.8751898 -33.3974037 12.4889812 0.3910061 0.1952272 -0.3436865 0.8311920
1740546825.438073 14.9182196 -33.4668159 12.5532227 0.3876106 0.1971420 -0.3437944 0.8322851
1740546825.554447 14.9664993 -33.5339966 12.6066418 0.3823150 0.1993128 -0.3444374 0.8339499
1740546825.652149 15.0073147 -33.5927124 12.6623650 0.3767612 0.2035298 -0.3445828 0.8353977
1740546825.754233 15.0387383 -33.6564751 12.7236767 0.3714545 0.2075695 -0.3430165 0.8374224
1740546825.854638 15.0591974 -33.7299881 12.7896481 0.3671145 0.2110932 -0.3414834 0.8390803
1740546825.955720 15.0795889 -33.8088455 12.8367939 0.3608924 0.2145507 -0.3406857 0.8412241
1740546826.062943 15.1236801 -33.8793259 12.8978901 0.3570145 0.2179451 -0.3392403 0.8425892
1740546826.168225 15.1628313 -33.9348450 12.9451351 0.3531201 0.2220293 -0.3375895 0.8438261
1740546826.277566 15.1856117 -34.0057373 13.0071564 0.3490930 0.2268867 -0.3345253 0.8454285
1740546826.384946 15.2168760 -34.0877151 13.0636835 0.3454533 0.2309900 -0.3328460 0.8464746
1740546826.499145 15.2511644 -34.1543694 13.1190023 0.3417331 0.2350923 -0.3310342 0.8475650
1740546826.602629 15.3090172 -34.2231369 13.1745625 0.3378853 0.2386672 -0.3313781 0.8479741
1740546826.702160 15.3536530 -34.2888718 13.2324514 0.3341953 0.2425540 -0.3296912 0.8489904
1740546826.810738 15.3905048 -34.3516846 13.2879066 0.3309553 0.2459911 -0.3272856 0.8502007
1740546826.916636 15.4321842 -34.4172401 13.3435106 0.3270009 0.2489107 -0.3266363 0.8511301
1740546827.025030 15.4611635 -34.4753532 13.3913307 0.3220584 0.2528719 -0.3252037 0.8523947
1740546827.123550 15.4952745 -34.5407829 13.4443541 0.3179595 0.2564993 -0.3238988 0.8533461
1740546827.221978 15.5348873 -34.6029778 13.5045233 0.3150575 0.2593052 -0.3227378 0.8540140
1740546827.324746 15.5641041 -34.6685829 13.5716906 0.3118323 0.2630021 -0.3204369 0.8549332
1740546827.422827 15.6085472 -34.7255173 13.6206560 0.3083470 0.2661335 -0.3194429 0.8556000
1740546827.527140 15.6539278 -34.7835922 13.6690912 0.3050677 0.2682362 -0.3177584 0.8567454
1740546827.623979 15.6928654 -34.8319397 13.7204313 0.3019913 0.2721876 -0.3167284 0.8569704
1740546827.721561 15.7319269 -34.8812180 13.7650967 0.2982530 0.2737115 -0.3162034 0.8579875
1740546827.824046 15.7626390 -34.9385643 13.8183117 0.2942179 0.2774937 -0.3145678 0.8587667
1740546827.924465 15.8147497 -34.9936981 13.8802395 0.2922499 0.2785404 -0.3149372 0.8589643
1740546828.038119 15.8561716 -35.0608063 13.9364548 0.2886731 0.2791214 -0.3143899 0.8601850
1740546828.135208 15.9016504 -35.1114960 13.9819517 0.2838542 0.2810970 -0.3155907 0.8607054
1740546828.235402 15.9439411 -35.1580849 14.0188379 0.2778982 0.2805761 -0.3156930 0.8627791
1740546828.336232 15.9654961 -35.2086525 14.0682926 0.2721803 0.2827246 -0.3153841 0.8640125
1740546828.436677 16.0096321 -35.2656441 14.1291351 0.2695515 0.2848143 -0.3150488 0.8642726
1740546828.542227 16.0586319 -35.3154831 14.1861639 0.2668107 0.2861452 -0.3151368 0.8646513
1740546828.637766 16.0968895 -35.3648453 14.2433958 0.2654213 0.2877310 -0.3146024 0.8647472
1740546828.748265 16.1133327 -35.3863983 14.2678585 0.2635450 0.2897531 -0.3122618 0.8654940
1740546828.843225 16.1220589 -35.3981209 14.2796011 0.2610679 0.2919807 -0.3098709 0.8663549
1740546828.940202 16.1499634 -35.4195442 14.3011026 0.2568026 0.2911855 -0.3099199 0.8678786
1740546829.055069 16.1798172 -35.4541817 14.3337297 0.2509689 0.2933179 -0.3093279 0.8690774
1740546829.152187 16.1830311 -35.4722672 14.3496323 0.2458612 0.2964369 -0.3110631 0.8688597
1740546829.254655 16.1945152 -35.4883614 14.3678312 0.2392135 0.2994877 -0.3105904 0.8698377
1740546829.347946 16.2077789 -35.5060539 14.3815470 0.2323624 0.3001142 -0.3110951 0.8712973
1740546829.443500 16.2257385 -35.5250206 14.4023294 0.2269730 0.3018262 -0.3095187 0.8726869
1740546829.547925 16.2550049 -35.5558205 14.4334192 0.2178188 0.3048161 -0.3094319 0.8740104
1740546829.646717 16.2995396 -35.5979691 14.4994841 0.2135495 0.3084905 -0.3072005 0.8745617
1740546829.760771 16.3537846 -35.6396561 14.5666904 0.2081582 0.3107125 -0.3064285 0.8753453
1740546829.856225 16.3957253 -35.6716080 14.6304436 0.2037398 0.3139582 -0.3031466 0.8763689
1740546829.956347 16.4495239 -35.7177811 14.6972418 0.1988366 0.3161011 -0.3011690 0.8774060
1740546830.065158 16.5050087 -35.7546082 14.7625799 0.1942113 0.3181030 -0.2995492 0.8782727
1740546830.164099 16.5495739 -35.7894440 14.8144970 0.1902384 0.3210484 -0.2984217 0.8784542
1740546830.271316 16.6055050 -35.8293762 14.8823099 0.1858369 0.3232789 -0.2979765 0.8787294
1740546830.373190 16.6395035 -35.8655472 14.9453411 0.1809538 0.3268621 -0.2958082 0.8791555
1740546830.476663 16.6785107 -35.9096451 15.0131140 0.1767997 0.3305250 -0.2931271 0.8795292
1740546830.584346 16.7237167 -35.9349403 15.0802803 0.1750374 0.3337209 -0.2914135 0.8792443
1740546830.681200 16.7785149 -35.9807587 15.1539459 0.1724441 0.3361096 -0.2898945 0.8793490
1740546830.786778 16.8336411 -36.0186157 15.2234726 0.1695938 0.3375276 -0.2895548 0.8794721
1740546830.888524 16.8811264 -36.0491638 15.2840033 0.1690063 0.3391512 -0.2880570 0.8794524
1740546830.989757 16.9153576 -36.0872345 15.3543358 0.1663739 0.3425160 -0.2865285 0.8791496
1740546831.091177 16.9660931 -36.1251068 15.4228697 0.1651565 0.3448938 -0.2855554 0.8787661
1740546831.190211 17.0144043 -36.1603661 15.4802189 0.1652173 0.3456455 -0.2857097 0.8784090
1740546831.295040 17.0522327 -36.2083778 15.5769825 0.1637104 0.3495569 -0.2854332 0.8772324
1740546831.394406 17.1058502 -36.2584076 15.6420097 0.1633315 0.3503562 -0.2848974 0.8771585
1740546831.507713 17.1679115 -36.2948990 15.7085094 0.1641966 0.3501039 -0.2854852 0.8769065
1740546831.603373 17.2171097 -36.3499527 15.7730894 0.1634269 0.3511727 -0.2845796 0.8769173
1740546831.704115 17.2671432 -36.4035034 15.8402739 0.1636533 0.3516560 -0.2843056 0.8767702
1740546831.805044 17.3103123 -36.4493217 15.9097242 0.1644109 0.3528371 -0.2851478 0.8758800
1740546831.905453 17.3588486 -36.4941216 15.9751120 0.1653388 0.3530263 -0.2855646 0.8754932
1740546832.011967 17.4052067 -36.5412025 16.0430679 0.1666216 0.3535101 -0.2862449 0.8748325
1740546832.111807 17.4603462 -36.5824509 16.1136627 0.1681848 0.3537641 -0.2870145 0.8741782
1740546832.211925 17.5137405 -36.6421394 16.1772633 0.1686351 0.3538485 -0.2867172 0.8741549
1740546832.316773 17.5685253 -36.6878624 16.2430458 0.1700905 0.3533053 -0.2863868 0.8742009
1740546832.414429 17.6207886 -36.7349701 16.3059006 0.1706875 0.3529226 -0.2871419 0.8739914
1740546832.521504 17.6730614 -36.7813683 16.3738899 0.1720006 0.3522697 -0.2881568 0.8736632
1740546832.621211 17.7254620 -36.8335800 16.4465446 0.1721481 0.3519160 -0.2882946 0.8737313
1740546832.719935 17.7630138 -36.8744926 16.5177536 0.1731370 0.3523289 -0.2886965 0.8732367
1740546832.820246 17.8201828 -36.9164810 16.5899925 0.1741101 0.3512706 -0.2899827 0.8730434
1740546832.921407 17.8658524 -36.9692726 16.6553535 0.1744253 0.3504458 -0.2900942 0.8732748
1740546833.027804 17.9211864 -37.0225487 16.7277107 0.1749425 0.3501101 -0.2901008 0.8733038
1740546833.128047 17.9700775 -37.0672836 16.7977333 0.1750035 0.3492058 -0.2904195 0.8735477
1740546833.227341 18.0227470 -37.1187019 16.8663673 0.1750774 0.3489758 -0.2906547 0.8735466
1740546833.328783 18.0667534 -37.1722717 16.9381676 0.1747870 0.3486569 -0.2909639 0.8736292
1740546833.425420 18.1127129 -37.2269440 17.0095539 0.1750175 0.3485277 -0.2913814 0.8734954
1740546833.538523 18.1577873 -37.2704201 17.0774994 0.1755029 0.3479843 -0.2911983 0.8736757
1740546833.632109 18.2054939 -37.3205643 17.1526966 0.1757672 0.3478658 -0.2913063 0.8736337
1740546833.728083 18.2497978 -37.3628502 17.2342758 0.1762444 0.3480617 -0.2915319 0.8733843
1740546833.829159 18.3045158 -37.4139862 17.2885361 0.1759303 0.3454295 -0.2924815 0.8741748
1740546833.925165 18.3530750 -37.4653320 17.3684921 0.1756950 0.3458659 -0.2923990 0.8740771
1740546834.041547 18.3947945 -37.5187416 17.4349403 0.1745063 0.3458345 -0.2918751 0.8745027
1740546834.137600 18.4402962 -37.5603256 17.5111675 0.1749686 0.3460681 -0.2920527 0.8742586
1740546834.235319 18.4957447 -37.6133118 17.5743599 0.1755097 0.3439115 -0.2923751 0.8748931
1740546834.339247 18.5370178 -37.6684608 17.6430130 0.1747105 0.3448140 -0.2917969 0.8748909
1740546834.434107 18.5833893 -37.7152481 17.7175217 0.1750734 0.3453793 -0.2914308 0.8747174
1740546834.544070 18.6488419 -37.7789078 17.7763920 0.1749423 0.3431090 -0.2919438 0.8754658
1740546834.643640 18.6972466 -37.8314056 17.8441849 0.1741695 0.3428123 -0.2921639 0.8756626
1740546834.741194 18.7524643 -37.8787918 17.9182320 0.1746155 0.3420633 -0.2928817 0.8756269
1740546834.841859 18.8051186 -37.9289627 17.9848442 0.1736964 0.3414400 -0.2927729 0.8760892
1740546834.938289 18.8548260 -37.9789543 18.0579414 0.1734609 0.3408559 -0.2927999 0.8763543
1740546835.039386 18.8984451 -38.0352020 18.1330357 0.1729278 0.3403864 -0.2925183 0.8767360
1740546835.140344 18.9491844 -38.0864944 18.2046928 0.1730557 0.3400318 -0.2923600 0.8769012
1740546835.235281 18.9951744 -38.1361732 18.2728882 0.1722512 0.3394290 -0.2930736 0.8770550
1740546835.336165 19.0487366 -38.1948738 18.3438606 0.1707644 0.3388561 -0.2930830 0.8775639
1740546835.430116 19.1003284 -38.2348251 18.4206581 0.1720012 0.3387418 -0.2930081 0.8773916
1740546835.530257 19.1574650 -38.2838173 18.4888115 0.1709678 0.3381504 -0.2927934 0.8778931
1740546835.634444 19.2104645 -38.3323593 18.5542507 0.1698296 0.3372277 -0.2930289 0.8783903
1740546835.730127 19.2510681 -38.3855247 18.6316452 0.1692098 0.3379055 -0.2929984 0.8782595
1740546835.835736 19.3034706 -38.4307861 18.6959953 0.1685819 0.3367828 -0.2924738 0.8789861
1740546835.930067 19.3566704 -38.4892807 18.7617664 0.1673003 0.3366878 -0.2927159 0.8791867
1740546836.031876 19.4043884 -38.5331688 18.8387794 0.1668687 0.3379009 -0.2921944 0.8789769
1740546836.136039 19.4483261 -38.5793877 18.9164600 0.1655583 0.3393798 -0.2912187 0.8789787
1740546836.233070 19.4970531 -38.6277580 18.9877014 0.1640133 0.3407723 -0.2907618 0.8788809
1740546836.337193 19.5482292 -38.6709251 19.0621681 0.1634495 0.3429514 -0.2899207 0.8784160
1740546836.435030 19.5995789 -38.7192650 19.1302490 0.1618891 0.3451419 -0.2892727 0.8780605
1740546836.543769 19.6397114 -38.7719193 19.2022324 0.1605960 0.3480304 -0.2876755 0.8776825
1740546836.639120 19.6776924 -38.8153763 19.2831783 0.1592242 0.3523963 -0.2864620 0.8765866
1740546836.745005 19.7227058 -38.8435707 19.3496857 0.1587165 0.3557729 -0.2851805 0.8757322
1740546836.855281 19.7718391 -38.8977280 19.4194260 0.1570662 0.3611272 -0.2831952 0.8744815
1740546837.064523 19.8793182 -38.9872208 19.5633621 0.1550333 0.3734541 -0.2785530 0.8711515
1740546837.159438 19.9491444 -39.0210190 19.6266327 0.1544980 0.3805899 -0.2765190 0.8688031
1740546837.259468 20.0143433 -39.0665436 19.6760292 0.1518644 0.3883130 -0.2739117 0.8666733
1740546837.573520 20.2199802 -39.2157402 19.8363953 0.1479443 0.4161817 -0.2641015 0.8574122
1740546837.871951 20.4487572 -39.3613892 19.9689865 0.1433044 0.4467146 -0.2533316 0.8460100
1740546837.974679 20.5260506 -39.4021149 20.0194931 0.1421987 0.4575432 -0.2493708 0.8415747
1740546838.181070 20.6858902 -39.4883614 20.1013737 0.1388621 0.4785108 -0.2410798 0.8328417
1740546838.283068 20.7697525 -39.5269814 20.1381836 0.1374408 0.4887127 -0.2372897 0.8282291
1740546838.391732 20.8562698 -39.5682373 20.1644592 0.1359150 0.4988641 -0.2332871 0.8235526
1740546838.602277 21.0372639 -39.6432762 20.2069130 0.1332575 0.5173674 -0.2258724 0.8145889
1740546838.910888 21.3111820 -39.7714577 20.2520523 0.1279470 0.5410568 -0.2159142 0.8026632
1740546839.217986 21.5744629 -39.8941078 20.3182812 0.1224941 0.5587341 -0.2068641 0.7937372
1740546839.627389 21.9056721 -40.0592422 20.4638100 0.1149780 0.5725977 -0.1976567 0.7873015
1740546840.155856 22.3474407 -40.2575531 20.5920277 0.1019740 0.5770561 -0.1882311 0.7881476
1740546840.672321 22.7815437 -40.3967552 20.7932720 0.0858116 0.5726504 -0.1787095 0.7954689
1740546841.195071 23.2245522 -40.5608978 20.9670467 0.0648320 0.5667427 -0.1670963 0.8041632
1740546841.816202 23.7636414 -40.6714020 21.2150784 0.0393836 0.5591682 -0.1522200 0.8140080
1740546842.425909 24.3206863 -40.7804565 21.4215908 0.0159970 0.5534304 -0.1382633 0.8211833
1740546843.032602 24.8663673 -40.8423805 21.6772232 -0.0011501 0.5479818 -0.1286703 0.8265341
1740546843.231644 25.0447884 -40.8405724 21.7753754 -0.0042734 0.5464322 -0.1265879 0.8278703
1740546843.440148 25.2247372 -40.8462830 21.8574867 -0.0070068 0.5442811 -0.1259083 0.8293709
1740546843.637438 25.4079113 -40.8710327 21.9407215 -0.0073678 0.5428686 -0.1252508 0.8303925
1740546843.842974 25.6003494 -40.8983765 22.0040455 -0.0068873 0.5402045 -0.1253985 0.8321099
1740546844.038990 25.7880001 -40.9166527 22.0766258 -0.0049016 0.5382637 -0.1272928 0.8330935
1740546844.240569 25.9656048 -40.9490547 22.1646786 -0.0016302 0.5358841 -0.1296639 0.8342739
1740546844.444425 26.1308651 -41.0104103 22.2673759 0.0020640 0.5333085 -0.1322852 0.8355108
1740546844.643153 26.3027592 -41.0658607 22.3591213 0.0063809 0.5302833 -0.1347688 0.8370163
1740546844.847654 26.4790134 -41.0880280 22.4598198 0.0106589 0.5271764 -0.1387528 0.8382834
1740546845.141488 26.7516632 -41.1330223 22.5983982 0.0183482 0.5210730 -0.1437873 0.8411132
1740546845.349590 26.9198093 -41.1854897 22.6899071 0.0238141 0.5171770 -0.1473765 0.8427579
1740546845.650292 27.1747780 -41.2620125 22.8398685 0.0308507 0.5102013 -0.1519455 0.8459642
1740546845.946228 27.4271297 -41.3285980 23.0013294 0.0374989 0.5033022 -0.1577488 0.8487614
1740546846.248649 27.6746044 -41.4174232 23.1524105 0.0430389 0.4968855 -0.1619282 0.8514880
1740546846.549365 27.9135818 -41.5070610 23.3101845 0.0481264 0.4885870 -0.1654346 0.8553350
1740546846.856607 28.1555405 -41.5847054 23.4777164 0.0526388 0.4805566 -0.1700440 0.8587081
1740546847.153554 28.4002495 -41.6617432 23.6479111 0.0572532 0.4718424 -0.1736394 0.8625174
1740546847.450100 28.6218128 -41.7402420 23.8379230 0.0625617 0.4638662 -0.1775474 0.8656738
1740546847.749773 28.8546963 -41.8200226 24.0198784 0.0687913 0.4557259 -0.1813401 0.8687332
1740546848.051912 29.0798073 -41.8967209 24.2091103 0.0757677 0.4487838 -0.1858771 0.8708055
1740546848.350268 29.2888680 -42.0046425 24.3991394 0.0832612 0.4433935 -0.1906124 0.8718582
1740546848.645039 29.4938087 -42.1289978 24.5797291 0.0916705 0.4403673 -0.1952272 0.8715271
1740546848.945554 29.7172012 -42.2356339 24.7572880 0.1004728 0.4389677 -0.1999568 0.8701895
1740546849.244445 29.9078979 -42.3658600 24.9541302 0.1099252 0.4393906 -0.2038411 0.8679292
1740546849.541705 30.1217918 -42.5091705 25.1181946 0.1177246 0.4433338 -0.2060761 0.8643661
1740546849.847745 30.3387222 -42.6281090 25.2981396 0.1258867 0.4500913 -0.2079571 0.8592579
1740546850.145159 30.5627556 -42.7426987 25.4701080 0.1321254 0.4592257 -0.2088751 0.8532443
1740546850.546914 30.8563728 -42.9276962 25.6771374 0.1434329 0.4778407 -0.2095554 0.8409410
1740546850.863262 31.0896893 -43.0725479 25.8110123 0.1530319 0.4935484 -0.2100365 0.8299855
1740546851.182570 31.3382473 -43.2015991 25.9295921 0.1656917 0.5118221 -0.2110539 0.8161132
1740546851.487097 31.5800896 -43.3567810 26.0179062 0.1818828 0.5308171 -0.2125093 0.7999949
1740546851.798790 31.8233204 -43.4925880 26.1366196 0.2003309 0.5499132 -0.2162448 0.7814737
1740546852.216427 32.1014671 -43.7639618 26.1747017 0.2268342 0.5729364 -0.2219165 0.7556741
1740546852.526338 32.2875328 -44.0204163 26.1107941 0.2442373 0.5856093 -0.2262537 0.7390665
1740546852.944139 32.5553360 -44.3303909 26.0605774 0.2591231 0.5942841 -0.2307812 0.7255492
1740546853.352557 32.8469124 -44.5964966 26.1281242 0.2613599 0.5923912 -0.2329501 0.7256019
1740546853.756292 33.1526756 -44.8314285 26.2501640 0.2511240 0.5809504 -0.2328986 0.7383709
1740546854.167073 33.4606857 -45.0413971 26.4054298 0.2329566 0.5630401 -0.2311319 0.7584820
1740546854.581074 33.7619820 -45.2526932 26.5672340 0.2137000 0.5425718 -0.2295093 0.7792776
1740546854.995669 34.0497017 -45.4700966 26.7438965 0.1973381 0.5256363 -0.2280207 0.7954689
1740546855.413591 34.3457298 -45.6766129 26.9148350 0.1844041 0.5115800 -0.2267621 0.8079975
1740546855.829691 34.6327057 -45.8884354 27.1001568 0.1767666 0.5025085 -0.2256966 0.8156592
1740546856.240789 34.9278030 -46.0914230 27.2849922 0.1692616 0.4979644 -0.2234876 0.8206310
1740546856.663562 35.2256393 -46.2841797 27.4736366 0.1632162 0.4979954 -0.2199944 0.8227779
1740546857.083606 35.5249634 -46.4720230 27.6590290 0.1566737 0.4992582 -0.2167315 0.8241493
1740546857.389861 35.7628517 -46.5939598 27.7844810 0.1511959 0.5009927 -0.2129979 0.8250928
1740546857.691527 35.9924088 -46.7350578 27.9127674 0.1436069 0.5040412 -0.2100427 0.8253494
1740546857.986230 36.2293205 -46.8640289 28.0353527 0.1371934 0.5065125 -0.2077238 0.8255143
1740546858.190513 36.3836327 -46.9503288 28.1279125 0.1350468 0.5084687 -0.2030016 0.8258404
1740546858.389642 36.5438499 -47.0332413 28.2130318 0.1310070 0.5090847 -0.2013289 0.8265208
1740546858.593209 36.7079926 -47.1128578 28.2872257 0.1256440 0.5083526 -0.1996339 0.8282135
1740546858.785697 36.8742294 -47.1879005 28.3812294 0.1220745 0.5076784 -0.1973760 0.8297006
1740546858.990609 37.0368156 -47.2622604 28.4746971 0.1186038 0.5076110 -0.1952807 0.8307404
1740546859.286834 37.2639656 -47.3760605 28.6069317 0.1136903 0.5045455 -0.1904294 0.8344130
1740546859.486764 37.4277191 -47.4419174 28.6999092 0.1111716 0.5017333 -0.1894908 0.8366587
1740546859.686859 37.5843086 -47.5073318 28.8073521 0.1073368 0.4983878 -0.1864921 0.8398268
1740546859.888640 37.7435188 -47.5791168 28.9063511 0.1025494 0.4923683 -0.1872209 0.8438042
1740546860.092191 37.8919373 -47.6470032 29.0022774 0.0973218 0.4862138 -0.1847983 0.8485129
1740546860.285707 38.0413055 -47.7062263 29.1026211 0.0963235 0.4786820 -0.1823184 0.8534316
1740546860.486820 38.1283646 -47.7231026 29.1668034 0.0931988 0.4728973 -0.1853938 0.8563360
1740546860.593363 38.1289368 -47.7475700 29.1732330 0.0885649 0.4672824 -0.1815918 0.8607136
1740546860.690859 38.1307373 -47.7606430 29.1741009 0.0836778 0.4618179 -0.1798473 0.8645098
1740546860.786734 38.1230011 -47.7880096 29.1830788 0.0775085 0.4577014 -0.1757300 0.8681134
1740546860.892096 38.1332664 -47.7990570 29.1881695 0.0733687 0.4527948 -0.1777090 0.8706397
1740546860.991293 38.1229591 -47.8134308 29.2106323 0.0713649 0.4512715 -0.1708570 0.8729656
1740546861.098779 38.1278343 -47.8289337 29.2127380 0.0679408 0.4464802 -0.1692497 0.8760103
1740546861.196754 38.1212730 -47.8256149 29.2232170 0.0661580 0.4448147 -0.1681174 0.8772113
1740546861.291574 38.1001472 -47.8283234 29.2470036 0.0633798 0.4452994 -0.1687546 0.8770481
1740546861.394715 38.1088905 -47.8222008 29.2772408 0.0613285 0.4431660 -0.1696086 0.8781092
1740546861.491261 38.1018295 -47.8253860 29.3015537 0.0606792 0.4424055 -0.1642653 0.8795524
1740546861.594644 38.1046677 -47.8154602 29.3087158 0.0605166 0.4404476 -0.1658517 0.8802482
1740546861.691504 38.0987053 -47.8106003 29.3300343 0.0591795 0.4408423 -0.1652327 0.8802579
1740546861.787388 38.0966339 -47.8311958 29.3513088 0.0548474 0.4410824 -0.1657008 0.8803303
1740546861.893773 38.0815735 -47.8396721 29.3791485 0.0508124 0.4434156 -0.1665208 0.8792449
1740546861.989939 38.0856514 -47.8217010 29.3962231 0.0533547 0.4443543 -0.1690999 0.8781274
1740546862.097975 38.0695915 -47.8053818 29.4414711 0.0571835 0.4498504 -0.1648767 0.8758883
1740546862.198529 38.0536003 -47.8166466 29.4765739 0.0558809 0.4549678 -0.1601927 0.8741967
1740546862.295849 38.0519676 -47.7980156 29.4962292 0.0594342 0.4567856 -0.1584728 0.8733275
1740546862.397461 38.0405197 -47.7812576 29.5380001 0.0620179 0.4632729 -0.1574907 0.8699015
1740546862.497840 38.0274658 -47.7999191 29.5659332 0.0593525 0.4680571 -0.1544762 0.8680651
1740546862.599104 38.0105438 -47.8206673 29.6008129 0.0535774 0.4747806 -0.1540157 0.8648653
1740546862.698964 38.0074005 -47.8218575 29.6437664 0.0531862 0.4808702 -0.1538860 0.8615417
1740546862.796145 38.0139389 -47.8198280 29.6720352 0.0515967 0.4847885 -0.1542245 0.8593793
1740546862.897198 38.0148392 -47.8235321 29.7084084 0.0521914 0.4908428 -0.1534989 0.8560301
1740546862.998666 38.0155716 -47.8195457 29.7428532 0.0524447 0.4981155 -0.1527451 0.8519387
1740546863.104280 38.0381355 -47.7916565 29.7718353 0.0595489 0.5021118 -0.1500796 0.8495963
1740546863.206013 38.0397110 -47.7993698 29.8084526 0.0582253 0.5086120 -0.1504322 0.8457505
1740546863.304654 38.0619240 -47.7811890 29.8327274 0.0624267 0.5117593 -0.1532356 0.8430446
1740546863.411359 38.0686035 -47.8127022 29.8740463 0.0575216 0.5189728 -0.1533192 0.8389587
1740546863.519056 38.0857658 -47.8253784 29.8934288 0.0550379 0.5229499 -0.1547752 0.8363844
1740546863.627424 38.0953178 -47.8214531 29.9324093 0.0573416 0.5297419 -0.1535666 0.8321674
1740546863.722950 38.0980453 -47.8409042 29.9670258 0.0525093 0.5373819 -0.1535587 0.8275767
1740546863.839763 38.1323433 -47.8121910 30.0169754 0.0602664 0.5428197 -0.1516531 0.8238423
1740546863.935421 38.1379433 -47.8001480 30.0664272 0.0638556 0.5520193 -0.1508530 0.8175822
1740546864.034448 38.1263962 -47.8196106 30.1072998 0.0589940 0.5605375 -0.1495235 0.8123794
1740546864.146271 38.1239700 -47.8576126 30.1268425 0.0503130 0.5666419 -0.1515997 0.8083336
1740546864.243732 38.1205330 -47.8854561 30.1701775 0.0448143 0.5760912 -0.1510068 0.8020646
1740546864.349955 38.1301155 -47.8795357 30.2068634 0.0474471 0.5818524 -0.1497834 0.7979735
1740546864.449145 38.1302757 -47.8962936 30.2460289 0.0429013 0.5896408 -0.1505019 0.7923588
1740546864.545604 38.1322060 -47.8988419 30.2870674 0.0432568 0.5975902 -0.1504552 0.7863702
1740546864.648604 38.1369629 -47.9199715 30.3220520 0.0391466 0.6049151 -0.1503355 0.7809895
1740546864.747570 38.1367455 -47.9342690 30.3486900 0.0354365 0.6116264 -0.1517138 0.7756547
1740546864.852634 38.1385727 -47.9463806 30.3918152 0.0326647 0.6203226 -0.1514130 0.7688999
1740546864.952775 38.1365585 -47.9727478 30.4109459 0.0236077 0.6267067 -0.1528360 0.7637556
1740546865.052454 38.1328125 -48.0096664 30.4492378 0.0165002 0.6347961 -0.1496993 0.7578599
1740546865.154814 38.1366005 -47.9984016 30.4843712 0.0182179 0.6426921 -0.1502075 0.7510344
1740546865.255734 38.1452103 -47.9731750 30.5266647 0.0268180 0.6513079 -0.1484207 0.7436734
1740546865.366325 38.1524734 -47.9580765 30.5677872 0.0305645 0.6596535 -0.1502879 0.7357558
1740546865.465249 38.1465111 -47.9814072 30.6044159 0.0277760 0.6684658 -0.1468653 0.7285689
1740546865.566910 38.1463318 -47.9533195 30.6613655 0.0317320 0.6802405 -0.1509435 0.7165766
1740546865.678602 38.1670074 -47.9306564 30.6607552 0.0369439 0.6790683 -0.1556094 0.7164406
1740546865.777867 38.1843109 -47.9428291 30.6557083 0.0387563 0.6782471 -0.1544128 0.7173810
1740546865.880230 38.2065392 -47.9339066 30.6373253 0.0420526 0.6737511 -0.1601614 0.7201662
1740546865.982633 38.2234955 -47.9676323 30.6494217 0.0388666 0.6753391 -0.1609110 0.7186892
1740546866.088536 38.2021790 -48.0460358 30.6627769 0.0209859 0.6795808 -0.1563364 0.7164415
1740546866.193175 38.1934128 -48.0658607 30.7619362 0.0207740 0.6958353 -0.1493659 0.7021905
1740546866.291829 38.1837196 -48.1006699 30.8473015 0.0156243 0.7100493 -0.1452203 0.6888373
1740546866.400610 38.1873322 -48.1235809 30.9392319 0.0117760 0.7248220 -0.1377494 0.6749218
1740546866.501959 38.2261086 -48.1112022 31.0818176 0.0185323 0.7458978 -0.1398823 0.6509425
1740546866.611545 38.2825546 -48.1713181 31.1863098 0.0140937 0.7603836 -0.1350050 0.6351314
1740546866.712326 38.3877983 -48.1815033 31.2455063 0.0180257 0.7706083 -0.1346317 0.6226654
1740546866.921225 38.5804329 -48.2558289 31.2347450 0.0165312 0.7758541 -0.1321046 0.6167054
1740546867.022253 38.6757011 -48.2929764 31.2358894 0.0151274 0.7792522 -0.1317986 0.6125082
1740546867.237581 38.8647995 -48.3511505 31.2085381 0.0150386 0.7831171 -0.1306488 0.6078095
1740546867.344775 38.9638176 -48.3704681 31.1973724 0.0162145 0.7859225 -0.1323661 0.6037733
1740546867.547881 39.1497612 -48.4321442 31.1614952 0.0156540 0.7886559 -0.1321598 0.6002588
1740546867.766980 39.3343048 -48.5228615 31.1418724 0.0154665 0.7908159 -0.1317644 0.5975024
1740546867.878130 39.4109497 -48.5818634 31.1582489 0.0179778 0.7909631 -0.1337744 0.5967903
