1740547230.935584 0.0000000 0.0000000 0.0000000 -0.0000000 -0.0000000 -0.0000000 1.0000000
1740547231.784911 0.0023674 0.0575146 0.0856243 0.0018012 -0.0002290 0.0000978 0.9999983
1740547231.968937 -0.0049453 0.0394685 0.1840548 0.0043067 -0.0008831 -0.0000375 0.9999903
1740547232.119036 -0.0161999 0.0123275 0.2797747 0.0076094 -0.0015623 0.0001327 0.9999698
1740547232.221594 -0.0161372 -0.0244000 0.3740470 0.0115576 -0.0028105 0.0000364 0.9999292
1740547232.325137 -0.0136656 -0.0506854 0.4708338 0.0163729 -0.0042510 0.0002216 0.9998569
1740547232.429558 -0.0166068 -0.0746572 0.5684019 0.0221060 -0.0059500 0.0003801 0.9997379
1740547232.537280 -0.0112540 -0.1027297 0.6670570 0.0281458 -0.0080966 0.0003256 0.9995710
1740547232.642668 -0.0086206 -0.1235435 0.7642397 0.0350673 -0.0104349 0.0004623 0.9993303
1740547232.854570 0.0014289 -0.1810393 0.9582201 0.0495889 -0.0158133 0.0006139 0.9986444
1740547233.064831 -0.0359328 -0.2364668 1.1516279 0.0651320 -0.0216186 0.0005349 0.9976423
1740547233.279705 -0.0710194 -0.3014054 1.3386215 0.0801692 -0.0280428 0.0006391 0.9963865
1740547233.487437 -0.0966612 -0.3737617 1.5254583 0.0936469 -0.0354264 0.0007316 0.9949747
1740547233.704403 -0.1465008 -0.4284602 1.7132360 0.1054802 -0.0420601 0.0001883 0.9935315
1740547233.914262 -0.1642407 -0.4739680 1.9058897 0.1154984 -0.0490145 0.0003185 0.9920976
1740547234.134873 -0.1901260 -0.5347731 2.0967073 0.1232279 -0.0548873 -0.0001985 0.9908594
1740547234.341426 -0.2172598 -0.5973927 2.2856181 0.1286446 -0.0605224 -0.0002314 0.9898422
1740547234.544672 -0.2689492 -0.6626718 2.4700482 0.1319316 -0.0644789 -0.0007492 0.9891592
1740547234.756619 -0.3139802 -0.7228503 2.6555581 0.1338040 -0.0677727 -0.0011344 0.9886870
1740547234.975592 -0.3422816 -0.7698245 2.8482325 0.1348571 -0.0703743 -0.0015892 0.9883615
1740547235.289105 -0.4031105 -0.8368173 3.1340587 0.1346436 -0.0715564 -0.0015369 0.9883059
1740547235.595481 -0.4433229 -0.9360043 3.4138687 0.1334575 -0.0701333 -0.0017473 0.9885684
1740547235.903331 -0.5070180 -1.0170952 3.6907778 0.1327585 -0.0652768 -0.0013871 0.9889956
1740547236.220399 -0.5857026 -1.0709934 3.9728541 0.1326697 -0.0580213 -0.0002972 0.9894606
1740547236.544783 -0.5887942 -1.1496979 4.2608480 0.1328885 -0.0490974 0.0008038 0.9899139
1740547236.866517 -0.5999971 -1.2409931 4.5395975 0.1336991 -0.0382448 0.0020575 0.9902816
1740547237.076087 -0.6015466 -1.2978315 4.7534618 0.1360107 -0.0309270 0.0031757 0.9902195
1740547237.175874 -0.6109449 -1.3164769 4.8269205 0.1367190 -0.0272576 0.0039093 0.9902271
1740547237.292248 -0.6012107 -1.3456444 4.9189239 0.1379822 -0.0242324 0.0044376 0.9901283
1740547237.389633 -0.6235228 -1.3677272 5.0135317 0.1386316 -0.0197243 0.0048800 0.9901356
1740547237.487588 -0.6335295 -1.3963690 5.1036158 0.1399695 -0.0156707 0.0047896 0.9900202
1740547237.612579 -0.6397582 -1.4404505 5.1894703 0.1396526 -0.0124962 0.0063954 0.9901010
1740547237.712973 -0.6400568 -1.4861293 5.2662992 0.1391423 -0.0108501 0.0069322 0.9901887
1740547237.822913 -0.6730563 -1.4997730 5.3430109 0.1405718 -0.0067551 0.0078424 0.9900164
1740547237.922710 -0.6956871 -1.5057474 5.4099646 0.1423151 -0.0040218 0.0074459 0.9897853
1740547238.023277 -0.6864758 -1.5331621 5.4907465 0.1432619 -0.0025906 0.0071709 0.9896554
1740547238.133505 -0.6542132 -1.5644093 5.5762777 0.1436746 -0.0031911 0.0069100 0.9895957
1740547238.234622 -0.6651691 -1.5922192 5.6671619 0.1442041 -0.0014203 0.0070220 0.9895220
1740547238.341659 -0.6528318 -1.6311789 5.7457910 0.1448066 -0.0013135 0.0075764 0.9894301
1740547238.441787 -0.6428997 -1.6753106 5.7965913 0.1428241 -0.0026555 0.0079611 0.9897125
1740547238.546971 -0.6198804 -1.7108090 5.8613338 0.1426489 -0.0038641 0.0074168 0.9897380
1740547238.655384 -0.6122158 -1.7245148 5.9528184 0.1439365 -0.0038754 0.0066866 0.9895567
1740547238.753674 -0.6063056 -1.7868462 6.0285172 0.1429191 -0.0047334 0.0090479 0.9896817
1740547238.859767 -0.5904018 -1.7974968 6.0993395 0.1442176 -0.0072343 0.0082117 0.9894855
1740547238.960194 -0.5942891 -1.8382499 6.1847153 0.1437082 -0.0062327 0.0083714 0.9895651
1740547239.071772 -0.5997172 -1.8701028 6.2538748 0.1434780 -0.0076000 0.0095087 0.9895787
1740547239.172868 -0.5894934 -1.8607173 6.3355198 0.1459658 -0.0084966 0.0083469 0.9892180
1740547239.274263 -0.5680197 -1.8580064 6.4318948 0.1490259 -0.0096497 0.0084328 0.9887503
1740547239.384585 -0.5484772 -1.8578942 6.5027127 0.1513796 -0.0123753 0.0081352 0.9883648
1740547239.485418 -0.5774144 -1.8999209 6.5708122 0.1506723 -0.0124567 0.0082166 0.9884712
1740547239.590598 -0.5783843 -1.9216080 6.6252794 0.1505471 -0.0118864 0.0082944 0.9884966
1740547239.690805 -0.5829961 -1.9703459 6.6820531 0.1482898 -0.0117011 0.0097131 0.9888270
1740547239.795542 -0.5870402 -1.9949169 6.7149973 0.1464129 -0.0098834 0.0093561 0.9891300
1740547239.898033 -0.5860603 -2.0155139 6.7350516 0.1458906 -0.0107323 0.0101070 0.9891909
1740547240.001391 -0.5897070 -2.0072262 6.7403998 0.1479548 -0.0095304 0.0077524 0.9889178
1740547240.110199 -0.6073501 -2.0176613 6.7592697 0.1482625 -0.0073582 0.0085548 0.9888837
1740547240.215596 -0.6135673 -2.0240893 6.7991309 0.1495143 -0.0065015 0.0109236 0.9886779
1740547240.328614 -0.6232679 -2.0265100 6.8607020 0.1525005 -0.0056864 0.0118124 0.9882165
1740547240.433475 -0.6076872 -2.0072296 6.8906054 0.1574218 -0.0064564 0.0108707 0.9874505
1740547240.545563 -0.6194677 -2.0370867 6.9201040 0.1540402 -0.0028505 0.0116037 0.9879923
1740547240.656781 -0.6046579 -2.0554764 6.9464273 0.1529842 -0.0024906 0.0092634 0.9881821
1740547240.760897 -0.5996703 -2.0502861 6.9624872 0.1539899 -0.0020389 0.0105247 0.9880143
1740547240.872948 -0.5845438 -2.0448127 7.0022297 0.1558866 -0.0043994 0.0139950 0.9876660
1740547240.975548 -0.5658495 -2.0326922 7.0477386 0.1608752 -0.0062772 0.0143843 0.9868500
1740547241.087659 -0.5542791 -2.0211575 7.1003952 0.1615987 -0.0053596 0.0154254 0.9867215
1740547241.194731 -0.5572827 -2.0237365 7.1158276 0.1612883 -0.0046732 0.0164159 0.9867598
1740547241.304927 -0.5430372 -2.0147631 7.1349807 0.1641871 -0.0077313 0.0181997 0.9862310
1740547241.410928 -0.5421618 -2.0182586 7.1488743 0.1609095 -0.0063320 0.0170166 0.9868022
1740547241.517723 -0.5507500 -2.0392158 7.1663938 0.1561788 -0.0026359 0.0163949 0.9875892
1740547241.625221 -0.5647194 -2.0523932 7.1828170 0.1536451 0.0024928 0.0154363 0.9880024
1740547241.729602 -0.5713134 -2.0707850 7.2114387 0.1506793 0.0042153 0.0148537 0.9884622
1740547241.840766 -0.5772031 -2.0749905 7.2191019 0.1475637 0.0044735 0.0139641 0.9889439
1740547241.945048 -0.5611730 -2.0750966 7.2142234 0.1450153 0.0006299 0.0129538 0.9893444
1740547242.053980 -0.5553524 -2.0857699 7.2258215 0.1423464 -0.0014425 0.0143117 0.9897124
1740547242.159671 -0.5539525 -2.0962582 7.2278180 0.1376109 -0.0009166 0.0128540 0.9904026
1740547242.266111 -0.5574150 -2.1110470 7.2445145 0.1336813 0.0003956 0.0136614 0.9909301
1740547242.376433 -0.5649881 -2.1318080 7.2603507 0.1269594 -0.0008896 0.0098546 0.9918586
1740547242.482216 -0.5555328 -2.1309628 7.2700410 0.1259187 -0.0059411 0.0105908 0.9919662
1740547242.594458 -0.5193693 -2.1343260 7.2720337 0.1240482 -0.0157587 0.0097310 0.9921033
1740547242.703194 -0.4946625 -2.1410596 7.2964020 0.1224940 -0.0252392 0.0084739 0.9921121
1740547242.816262 -0.4688201 -2.1436498 7.3504672 0.1231120 -0.0308665 0.0076719 0.9918830
1740547242.924372 -0.4625702 -2.1475577 7.3600135 0.1218509 -0.0332487 0.0064697 0.9919702
1740547243.034286 -0.4600594 -2.1482854 7.3701754 0.1207223 -0.0364326 0.0075225 0.9919890
1740547243.143791 -0.4533927 -2.1539683 7.3782611 0.1184941 -0.0405382 0.0062799 0.9921070
1740547243.250963 -0.4470839 -2.1499045 7.3858023 0.1185979 -0.0427714 0.0059968 0.9920026
1740547243.364067 -0.4465356 -2.1630123 7.3914928 0.1140961 -0.0437063 0.0051840 0.9924943
1740547243.472322 -0.4558147 -2.1881249 7.4199543 0.1084451 -0.0412932 0.0052044 0.9932308
1740547243.582426 -0.4669993 -2.1958985 7.4219460 0.1040215 -0.0363596 0.0058037 0.9938933
1740547243.689851 -0.4856192 -2.2023807 7.4253778 0.0988276 -0.0309534 0.0059550 0.9946052
1740547243.799434 -0.5011989 -2.2161336 7.4379282 0.0930059 -0.0268515 0.0065016 0.9952822
1740547243.908628 -0.5059355 -2.2223160 7.4479184 0.0916193 -0.0260710 0.0053704 0.9954383
1740547244.015285 -0.5108262 -2.2244561 7.4438915 0.0897176 -0.0237606 0.0056803 0.9956676
1740547244.128378 -0.5374758 -2.2389491 7.4742131 0.0875760 -0.0187743 0.0060591 0.9959625
1740547244.239756 -0.5494617 -2.2442896 7.5000806 0.0869102 -0.0147091 0.0071267 0.9960821
1740547244.360592 -0.5456117 -2.2648077 7.5261106 0.0868470 -0.0101239 0.0068659 0.9961466
1740547244.469608 -0.5510802 -2.2702949 7.5475078 0.0871835 -0.0042345 0.0075785 0.9961544
1740547244.582101 -0.5528277 -2.2706680 7.5691142 0.0907053 0.0008861 0.0075487 0.9958488
1740547244.691525 -0.5685686 -2.2717555 7.5970726 0.0929955 0.0068474 0.0082087 0.9956092
1740547244.807711 -0.5643898 -2.2804170 7.6282206 0.0956693 0.0125160 0.0083896 0.9952992
1740547244.912869 -0.5757564 -2.2806842 7.6530533 0.1005225 0.0191555 0.0087562 0.9947119
1740547245.021057 -0.5843053 -2.2834239 7.6691313 0.1045879 0.0271137 0.0093303 0.9941022
1740547245.134874 -0.5907952 -2.2864649 7.6881156 0.1107452 0.0339716 0.0096025 0.9932216
1740547245.243702 -0.5923339 -2.2885439 7.7186050 0.1177706 0.0405247 0.0095051 0.9921681
1740547245.366746 -0.6036068 -2.2947989 7.7518902 0.1234850 0.0487788 0.0109000 0.9910870
1740547245.475868 -0.6029834 -2.3072412 7.7877235 0.1289024 0.0576051 0.0116913 0.9899137
1740547245.587905 -0.5949135 -2.3221538 7.8262515 0.1339912 0.0663598 0.0124805 0.9886795
1740547245.700195 -0.5893741 -2.3357546 7.8593326 0.1390017 0.0760536 0.0128840 0.9872833
1740547245.811814 -0.5854398 -2.3503745 7.8965268 0.1454041 0.0861313 0.0139416 0.9855175
1740547245.920355 -0.5767678 -2.3653390 7.9413977 0.1497832 0.0961978 0.0156542 0.9839034
1740547246.022497 -0.5855956 -2.3649378 8.0125427 0.1561998 0.1058069 0.0171580 0.9818921
1740547246.130757 -0.5985200 -2.3663015 8.0841780 0.1638593 0.1155257 0.0181411 0.9795279
1740547246.236207 -0.6172340 -2.3654003 8.1216917 0.1710742 0.1250362 0.0189835 0.9771076
1740547246.344015 -0.6255704 -2.3680537 8.1513977 0.1802789 0.1335600 0.0172328 0.9743533
1740547246.447509 -0.6252668 -2.3778710 8.1958942 0.1873136 0.1409980 0.0184757 0.9719526
1740547246.557731 -0.6265836 -2.3729401 8.2274151 0.1969112 0.1488124 0.0166401 0.9689190
1740547246.662960 -0.6714386 -2.3547597 8.2762165 0.2071545 0.1595687 0.0176054 0.9650466
1740547246.769402 -0.7192513 -2.3397579 8.3174887 0.2165123 0.1725264 0.0188264 0.9607303
1740547246.883809 -0.7372220 -2.3513191 8.3491011 0.2194405 0.1830750 0.0233711 0.9580100
1740547246.990058 -0.7364446 -2.4026449 8.3730879 0.2205270 0.1937239 0.0267220 0.9555757
1740547247.099895 -0.7117738 -2.4333832 8.3924017 0.2222585 0.2027541 0.0307825 0.9531760
1740547247.207824 -0.7106019 -2.4882774 8.4274073 0.2225449 0.2122589 0.0339286 0.9509305
1740547247.313969 -0.6537459 -2.5432825 8.4953089 0.2274106 0.2187532 0.0344404 0.9482855
1740547247.420547 -0.5874729 -2.5852363 8.5681381 0.2315415 0.2245088 0.0350064 0.9459170
1740547247.522018 -0.5416609 -2.6331060 8.6298895 0.2342429 0.2313821 0.0361350 0.9435502
1740547247.626687 -0.5006666 -2.6727405 8.7105598 0.2378195 0.2376412 0.0364993 0.9410826
1740547247.732803 -0.4464145 -2.7102103 8.7892981 0.2414432 0.2432349 0.0369656 0.9387095
1740547247.860053 -0.3781383 -2.7576599 8.8520603 0.2436022 0.2477001 0.0374215 0.9369645
1740547247.960706 -0.3472512 -2.8108981 8.9376087 0.2460793 0.2534715 0.0381475 0.9347417
1740547248.068942 -0.3052230 -2.8576283 9.0118914 0.2484073 0.2585950 0.0392652 0.9326739
1740547248.174937 -0.2499738 -2.9014318 9.0804806 0.2506003 0.2635445 0.0394725 0.9306910
1740547248.274137 -0.1735678 -2.9400260 9.1588135 0.2529878 0.2674804 0.0401501 0.9288915
1740547248.380918 -0.1444528 -3.0004888 9.2252245 0.2544603 0.2728887 0.0414249 0.9268579
1740547248.483480 -0.0843741 -3.0655322 9.2869911 0.2549111 0.2782725 0.0421270 0.9251000
1740547248.592234 -0.0182884 -3.0961816 9.3588161 0.2575006 0.2825200 0.0422684 0.9230868
1740547248.692604 0.0727949 -3.1245251 9.4087009 0.2598685 0.2862777 0.0427691 0.9212406
1740547248.803504 0.1398649 -3.1720939 9.4828300 0.2622197 0.2903050 0.0431151 0.9192959
1740547248.908731 0.2058496 -3.2116063 9.5316591 0.2637924 0.2939040 0.0426237 0.9177240
1740547249.009909 0.2717947 -3.2469983 9.6005917 0.2653601 0.2971130 0.0436160 0.9161908
1740547249.114938 0.3189362 -3.2635579 9.6848574 0.2689554 0.3013503 0.0433845 0.9137663
1740547249.217336 0.3823601 -3.3055205 9.7558670 0.2708652 0.3053944 0.0434200 0.9118558
1740547249.332141 0.4620744 -3.3346610 9.8167706 0.2732736 0.3087381 0.0436935 0.9099963
1740547249.434113 0.5313978 -3.3794186 9.8767319 0.2757915 0.3127668 0.0434710 0.9078690
1740547249.540686 0.5811788 -3.4293585 9.9327850 0.2781091 0.3173249 0.0441581 0.9055442
1740547249.645015 0.6730957 -3.4890842 9.9877625 0.2807625 0.3206343 0.0439924 0.9035656
1740547249.746117 0.7395737 -3.5474296 10.0350456 0.2836095 0.3242420 0.0441843 0.9013770
1740547249.864170 0.8217293 -3.6078806 10.0778561 0.2866946 0.3273701 0.0435759 0.8992976
1740547249.965248 0.8900846 -3.6666603 10.1308765 0.2895997 0.3306135 0.0437716 0.8971682
1740547250.075907 0.9536899 -3.7213748 10.1912146 0.2929941 0.3337601 0.0434049 0.8949160
1740547250.177429 1.0211549 -3.7870808 10.2477493 0.2960220 0.3366068 0.0429375 0.8928736
1740547250.277705 1.0767841 -3.8441932 10.3002691 0.2990950 0.3398527 0.0427749 0.8906249
1740547250.383173 1.1398563 -3.8859992 10.3697939 0.3024550 0.3423591 0.0424478 0.8885434
1740547250.486373 1.2000060 -3.9271007 10.4455662 0.3059896 0.3447879 0.0418378 0.8864205
1740547250.591099 1.2618597 -3.9771972 10.5059071 0.3089509 0.3470922 0.0412122 0.8845213
1740547250.691512 1.3388534 -4.0277767 10.5671740 0.3127735 0.3490150 0.0404802 0.8824527
1740547250.809748 1.4060144 -4.0823026 10.6209164 0.3160410 0.3512166 0.0398378 0.8804419
1740547250.910245 1.4737993 -4.1442137 10.6699715 0.3193344 0.3531767 0.0389529 0.8785070
1740547251.010669 1.5466011 -4.2018394 10.7151852 0.3231116 0.3547665 0.0381763 0.8765172
1740547251.117211 1.6165286 -4.2671046 10.7601910 0.3264775 0.3562839 0.0374528 0.8746837
1740547251.219407 1.6828603 -4.3366756 10.8051052 0.3295865 0.3578373 0.0362839 0.8729311
1740547251.328622 1.7427049 -4.3972692 10.8559046 0.3330991 0.3594695 0.0355356 0.8709558
1740547251.431694 1.8120676 -4.4526711 10.9114208 0.3366200 0.3608251 0.0345172 0.8690804
1740547251.531431 1.8737600 -4.5100288 10.9645615 0.3393489 0.3625132 0.0339911 0.8673357
1740547251.635659 1.9459275 -4.5713558 11.0139189 0.3428076 0.3635529 0.0330652 0.8655744
1740547252.407989 2.0800676 -4.7086382 11.0981636 0.3489865 0.3659182 0.0310078 0.8621780
1740547252.508969 2.1513844 -4.7672548 11.1424961 0.3525750 0.3668746 0.0299632 0.8603465
1740547252.615674 2.2194748 -4.8303442 11.1905842 0.3555996 0.3681768 0.0290352 0.8585754
1740547253.129108 2.5560265 -5.1417036 11.4324036 0.3705148 0.3737902 0.0251240 0.8499227
1740547253.336361 2.6828654 -5.2874804 11.5094318 0.3753500 0.3763234 0.0238725 0.8467132
1740547253.643951 2.8848629 -5.4880037 11.6337299 0.3835771 0.3803264 0.0223252 0.8412622
1740547253.847737 3.0286381 -5.6176252 11.7085876 0.3880131 0.3836721 0.0216938 0.8377178
1740547254.159081 3.2262418 -5.8024321 11.8525982 0.3947248 0.3902774 0.0214761 0.8315135
1740547254.377199 3.3579388 -5.9396453 11.9340973 0.3990343 0.3954175 0.0222481 0.8269956
1740547254.578886 3.4840791 -6.0865097 12.0023308 0.4026744 0.4021197 0.0234294 0.8219514
1740547254.885890 3.6984377 -6.2926664 12.0930958 0.4074900 0.4137591 0.0262829 0.8136735
1740547255.197448 3.9097610 -6.4977331 12.1574135 0.4116851 0.4273666 0.0307076 0.8043198
1740547255.505049 4.1511021 -6.6923075 12.2093582 0.4148609 0.4418737 0.0362507 0.7945589
1740547255.814173 4.3852534 -6.8789172 12.2687597 0.4169054 0.4582052 0.0429870 0.7838303
1740547256.010164 4.5575538 -6.9883699 12.3034840 0.4177092 0.4690214 0.0483096 0.7766622
1740547256.209099 4.7347803 -7.0913448 12.3184652 0.4183572 0.4795117 0.0530677 0.7695645
1740547256.510944 4.9928665 -7.2589474 12.3486004 0.4194050 0.4945081 0.0599323 0.7589265
1740547256.718689 5.1749668 -7.3504272 12.3601837 0.4206896 0.5030202 0.0631568 0.7523311
1740547257.021943 5.4255934 -7.5159583 12.3865538 0.4226973 0.5143083 0.0669134 0.7431936
1740547257.325336 5.6841512 -7.6757712 12.4054842 0.4269407 0.5233594 0.0686587 0.7342360
1740547257.521504 5.8546762 -7.7873197 12.4233341 0.4308488 0.5287383 0.0688323 0.7280573
1740547257.826668 6.1090751 -7.9497862 12.4405575 0.4374504 0.5348263 0.0662292 0.7198692
1740547258.131485 6.3546391 -8.1292009 12.4159203 0.4446870 0.5402429 0.0637276 0.7115686
1740547258.431083 6.5860996 -8.3161316 12.3759155 0.4514580 0.5453988 0.0605377 0.7036057
1740547258.634926 6.7506781 -8.4272833 12.3633041 0.4560539 0.5494627 0.0589721 0.6975873
1740547258.936049 6.9972177 -8.6122828 12.3208504 0.4613403 0.5540995 0.0580650 0.6904835
1740547259.146835 7.1570358 -8.7293034 12.3088684 0.4643528 0.5571133 0.0572820 0.6860904
1740547259.542710 7.5036936 -8.9388351 12.2955503 0.4691605 0.5636706 0.0571272 0.6774218
1740547259.746291 7.6707659 -9.0586987 12.2740736 0.4707406 0.5668321 0.0575061 0.6736451
1740547259.950721 7.8329525 -9.1749811 12.2338734 0.4727765 0.5697005 0.0582175 0.6697271
1740547260.166917 8.0020409 -9.2897310 12.2106276 0.4734342 0.5729231 0.0592768 0.6664124
1740547260.372688 8.1531782 -9.4204636 12.1717892 0.4745406 0.5762255 0.0607010 0.6626394
1740547260.578540 8.3174419 -9.5288057 12.1205654 0.4752119 0.5786199 0.0620419 0.6599422
1740547260.776266 8.5036011 -9.6181774 12.1186657 0.4760650 0.5818079 0.0629584 0.6564282
1740547261.097089 8.7610149 -9.7801600 12.0839767 0.4768873 0.5856206 0.0649837 0.6522301
1740547261.404817 9.0141640 -9.9314098 12.0272093 0.4785205 0.5885893 0.0656507 0.6482830
1740547261.615113 9.1697397 -10.0455942 11.9818602 0.4791263 0.5905451 0.0658561 0.6460322
1740547261.916732 9.4171276 -10.2053375 11.9327688 0.4795281 0.5925308 0.0669375 0.6438009
1740547262.122139 9.5647678 -10.3213644 11.8607922 0.4799547 0.5929764 0.0673236 0.6430319
1740547262.428578 9.8105860 -10.4806538 11.8244295 0.4803334 0.5924234 0.0673989 0.6432509
1740547262.843010 10.1562662 -10.6660986 11.7767963 0.4790033 0.5915182 0.0672574 0.6450880
1740547263.045652 10.3227024 -10.7677631 11.7545710 0.4788148 0.5900038 0.0667745 0.6466631
1740547263.366502 10.5545683 -10.9391785 11.7126513 0.4785804 0.5874116 0.0655488 0.6493164
1740547263.678028 10.8042908 -11.0916367 11.6665649 0.4786400 0.5838946 0.0631381 0.6526749
1740547263.880528 10.9564724 -11.2065506 11.6502647 0.4787046 0.5820069 0.0614241 0.6544746
1740547264.089185 11.1222944 -11.3082476 11.6268377 0.4797288 0.5796487 0.0592937 0.6560121
1740547264.288134 11.2736378 -11.4233265 11.6036091 0.4811578 0.5768940 0.0565288 0.6576359
1740547264.504694 11.4363260 -11.5332756 11.5878258 0.4828784 0.5749145 0.0524900 0.6584426
1740547264.712420 11.5914164 -11.6403580 11.5771122 0.4851223 0.5731820 0.0488211 0.6585858
1740547264.913371 11.7428484 -11.7599745 11.5462246 0.4884242 0.5705379 0.0448945 0.6587206
1740547265.136984 11.9293871 -11.8888817 11.5073662 0.4924905 0.5680646 0.0402112 0.6581328
1740547265.240463 11.9680862 -11.9468918 11.5001602 0.4935832 0.5681679 0.0385086 0.6573263
1740547265.344948 11.9880266 -11.9878855 11.4922066 0.4945669 0.5675937 0.0365906 0.6571926
1740547265.444950 11.9968443 -12.0031557 11.4888649 0.4968074 0.5667580 0.0353479 0.6562913
1740547265.543759 11.9997168 -12.0219965 11.4861202 0.4982229 0.5670084 0.0332080 0.6551126
1740547265.655474 12.0157957 -12.0536089 11.4805069 0.5002963 0.5665649 0.0314564 0.6540018
1740547265.756821 12.0792770 -12.1306858 11.4731770 0.5025417 0.5661103 0.0291374 0.6527803
1740547265.863651 12.1501036 -12.1904850 11.4611015 0.5046493 0.5652965 0.0263530 0.6519774
1740547266.059174 12.3175316 -12.3177204 11.4208012 0.5091302 0.5632509 0.0202290 0.6504810
1740547266.164610 12.3669291 -12.3930721 11.4141045 0.5111249 0.5628743 0.0188267 0.6492837
1740547266.264224 12.4027634 -12.4690504 11.4001007 0.5121777 0.5633051 0.0165820 0.6481407
1740547266.368083 12.4747562 -12.5313301 11.3997440 0.5146522 0.5625925 0.0136097 0.6468675
1740547266.468398 12.5531473 -12.5954981 11.3794117 0.5165681 0.5616066 0.0113824 0.6462397
1740547266.567365 12.6068735 -12.6742401 11.3813610 0.5188848 0.5611551 0.0103324 0.6447920
1740547266.671519 12.6585865 -12.7521811 11.3777142 0.5198686 0.5610505 0.0086138 0.6441154
1740547266.771975 12.7154531 -12.8315287 11.3649807 0.5211999 0.5594897 0.0069491 0.6444174
1740547266.879547 12.7555676 -12.8884859 11.3473244 0.5229200 0.5589063 0.0042575 0.6435528
1740547266.978493 12.8023891 -12.9636412 11.3462276 0.5245916 0.5582234 0.0026627 0.6427932
1740547267.078316 12.8508024 -13.0301142 11.3222122 0.5251052 0.5566736 0.0010171 0.6437220
1740547267.196566 12.9330692 -13.0965662 11.3129063 0.5270317 0.5547698 -0.0019712 0.6437889
1740547267.295139 12.9632959 -13.1449661 11.3001404 0.5276431 0.5538299 -0.0044440 0.6440849
1740547267.400388 12.9791231 -13.2213860 11.2826653 0.5276644 0.5525867 -0.0038692 0.6451382
1740547267.499344 12.9928646 -13.2941790 11.2682819 0.5276737 0.5523345 -0.0048690 0.6453398
1740547267.603664 13.0275669 -13.3741112 11.2625980 0.5279635 0.5521030 -0.0050891 0.6452991
1740547267.705897 13.0663128 -13.4400206 11.2555866 0.5287948 0.5501393 -0.0050774 0.6462948
1740547267.806553 13.0891008 -13.5139313 11.2561378 0.5284143 0.5516364 -0.0057507 0.6453236
1740547267.913229 13.1204472 -13.6032076 11.2387066 0.5276060 0.5501286 -0.0056063 0.6472705
1740547268.010894 13.1419230 -13.6418257 11.2293816 0.5283709 0.5485180 -0.0076916 0.6479917
1740547268.112387 13.1610031 -13.6836052 11.2200851 0.5289420 0.5466926 -0.0105879 0.6490265
1740547268.212332 13.2086306 -13.7428188 11.2291012 0.5297619 0.5456302 -0.0149051 0.6491671
1740547268.311513 13.2654104 -13.8294830 11.2229996 0.5311685 0.5442583 -0.0182678 0.6490834
1740547268.413529 13.2776823 -13.9142075 11.2126369 0.5304023 0.5426667 -0.0160397 0.6510983
1740547268.511536 13.2866993 -13.9296131 11.2047653 0.5316353 0.5399361 -0.0192266 0.6522754
1740547268.613493 13.2949591 -13.9438868 11.2018700 0.5318532 0.5396010 -0.0233388 0.6522409
1740547268.712976 13.3066463 -13.9649515 11.1999989 0.5330575 0.5380287 -0.0274995 0.6523945
1740547268.811769 13.3375053 -14.0533819 11.2048569 0.5333004 0.5372429 -0.0274719 0.6528445
1740547268.918429 13.3648348 -14.1419125 11.2042961 0.5335159 0.5352762 -0.0276644 0.6542742
1740547269.016906 13.3982191 -14.2134247 11.2006092 0.5346636 0.5329454 -0.0288800 0.6551870
1740547269.125289 13.4171019 -14.2858753 11.1862240 0.5347643 0.5307096 -0.0298001 0.6568762
1740547269.229256 13.4414549 -14.3568096 11.1770191 0.5351223 0.5273067 -0.0316135 0.6592362
1740547269.326700 13.4546576 -14.3934889 11.1746540 0.5357687 0.5233010 -0.0325670 0.6618515
1740547269.433554 13.4741001 -14.4357071 11.1615982 0.5366543 0.5194972 -0.0344487 0.6640317
1740547269.532512 13.5275459 -14.5200233 11.1472282 0.5368947 0.5173834 -0.0363345 0.6653858
1740547269.635213 13.5707550 -14.5820427 11.1325111 0.5379488 0.5140385 -0.0406954 0.6668729
1740547269.733597 13.5898514 -14.6324606 11.1289177 0.5383196 0.5104855 -0.0430468 0.6691514
1740547269.832441 13.6331606 -14.6983881 11.1314392 0.5391523 0.5055940 -0.0468663 0.6719323
1740547269.939298 13.6615143 -14.7637825 11.1514397 0.5402976 0.5043355 -0.0509324 0.6716622
1740547270.039646 13.6991873 -14.8549843 11.1752605 0.5413405 0.5030162 -0.0541607 0.6715592
1740547270.147045 13.7343321 -14.9215374 11.1726418 0.5425214 0.4998440 -0.0585506 0.6726057
1740547270.246006 13.7511568 -14.9922209 11.1541958 0.5421002 0.4939359 -0.0603093 0.6771392
1740547270.354684 13.7661362 -15.0418472 11.1403446 0.5420461 0.4873185 -0.0638022 0.6816421
1740547270.449419 13.7938499 -15.0902176 11.1412888 0.5448205 0.4829184 -0.0691710 0.6820379
1740547270.546720 13.8264332 -15.1437931 11.1329117 0.5451674 0.4760357 -0.0752651 0.6859429
1740547270.650280 13.8546467 -15.2205849 11.1221581 0.5451125 0.4690380 -0.0790175 0.6903709
1740547270.748457 13.8834209 -15.2962084 11.1244049 0.5450412 0.4632503 -0.0825934 0.6939074
1740547270.854648 13.9171658 -15.3781080 11.1192608 0.5443525 0.4574594 -0.0862197 0.6978378
1740547270.954702 13.9393358 -15.4377356 11.1315517 0.5458772 0.4523814 -0.0917155 0.6992549
1740547271.053371 13.9690170 -15.5146313 11.1181011 0.5447133 0.4453747 -0.0962229 0.7040383
1740547271.156657 13.9999142 -15.6109791 11.1218624 0.5445524 0.4400386 -0.0993305 0.7070800
1740547271.258725 14.0475349 -15.6764183 11.1198521 0.5455464 0.4331792 -0.1065292 0.7094973
1740547271.363224 14.0755062 -15.7647533 11.1255226 0.5457093 0.4270089 -0.1111856 0.7123922
1740547271.463865 14.1087112 -15.8269224 11.1197701 0.5459120 0.4188442 -0.1176822 0.7160311
1740547271.561715 14.1303377 -15.9008102 11.1269493 0.5461580 0.4131340 -0.1225051 0.7183483
1740547271.680890 14.1623812 -15.9691563 11.1494350 0.5472516 0.4071023 -0.1283586 0.7199358
1740547271.778681 14.1891508 -16.0642204 11.1671276 0.5471070 0.4035057 -0.1322360 0.7213673
1740547271.895472 14.2136164 -16.1232300 11.1677589 0.5475839 0.3970158 -0.1387304 0.7233839
1740547271.992463 14.2417479 -16.2003651 11.1752548 0.5490963 0.3894251 -0.1440805 0.7253152
1740547272.087913 14.2714529 -16.2844086 11.1751728 0.5491643 0.3834425 -0.1480642 0.7276452
1740547272.190191 14.2995234 -16.3822060 11.1870575 0.5500598 0.3782946 -0.1525937 0.7287267
1740547272.287761 14.3211842 -16.4701366 11.1993103 0.5512619 0.3724749 -0.1576023 0.7297494
1740547272.399244 14.3469095 -16.5567360 11.2276115 0.5530700 0.3679977 -0.1624008 0.7296007
1740547272.494885 14.3716402 -16.6616745 11.2457504 0.5547513 0.3636542 -0.1667145 0.7295293
1740547272.590170 14.3905783 -16.7558136 11.2656040 0.5565014 0.3590933 -0.1716249 0.7293168
1740547272.697890 14.4168386 -16.8501034 11.2871571 0.5582834 0.3548260 -0.1759545 0.7290118
1740547272.792848 14.4415979 -16.9387970 11.3022041 0.5597084 0.3501107 -0.1805864 0.7290663
1740547272.895853 14.4665108 -17.0251064 11.3137379 0.5620888 0.3450417 -0.1847836 0.7285996
1740547272.996979 14.4852829 -17.1168251 11.3262730 0.5644691 0.3408472 -0.1882704 0.7278407
1740547273.092836 14.5055504 -17.1952953 11.3458977 0.5688803 0.3367252 -0.1923897 0.7252432
1740547273.198163 14.5320816 -17.2888985 11.3519402 0.5709457 0.3321112 -0.1969970 0.7245104
1740547273.297733 14.5480042 -17.3688335 11.3595333 0.5724642 0.3288939 -0.2013695 0.7235771
1740547273.400252 14.5719233 -17.4582291 11.3719749 0.5755185 0.3238223 -0.2058688 0.7221742
1740547273.498045 14.5944281 -17.5569878 11.3796291 0.5780656 0.3197619 -0.2100732 0.7207369
1740547273.595120 14.6160898 -17.6522026 11.3928909 0.5819637 0.3152724 -0.2132309 0.7186474
1740547273.700547 14.6400661 -17.7304268 11.4112492 0.5856079 0.3121994 -0.2178123 0.7156484
1740547273.797819 14.6680403 -17.8316898 11.4206238 0.5894512 0.3080535 -0.2214287 0.7131758
1740547273.901012 14.6913395 -17.9291611 11.4294968 0.5922710 0.3040818 -0.2243580 0.7116269
1740547273.998337 14.7140961 -18.0289326 11.4414940 0.5956470 0.3006500 -0.2277051 0.7092000
1740547274.095965 14.7269392 -18.1261635 11.4554234 0.5986401 0.2976772 -0.2300536 0.7071730
1740547274.206364 14.7433491 -18.2230911 11.4745350 0.6015991 0.2945884 -0.2334854 0.7048268
1740547274.305596 14.7394609 -18.3305302 11.4799671 0.6038606 0.2923617 -0.2360016 0.7029796
1740547274.413665 14.7549925 -18.4301929 11.4857979 0.6073760 0.2892518 -0.2389115 0.7002493
1740547274.508046 14.7644100 -18.5323772 11.4963398 0.6101831 0.2871454 -0.2415497 0.6977663
1740547274.619671 14.7610245 -18.6338043 11.4950256 0.6120927 0.2855246 -0.2434865 0.6960837
1740547274.714110 14.7704124 -18.7385902 11.4975510 0.6138750 0.2834070 -0.2461448 0.6944427
1740547274.815083 14.8029900 -18.8425922 11.5046139 0.6172451 0.2797440 -0.2477886 0.6923530
1740547274.915896 14.8121862 -18.9338951 11.5096378 0.6190593 0.2781764 -0.2499753 0.6905764
1740547275.012879 14.8117771 -19.0393047 11.5076866 0.6211333 0.2764216 -0.2520915 0.6886467
1740547275.218187 14.8346214 -19.2379227 11.5212841 0.6244153 0.2727468 -0.2552021 0.6859932
1740547275.319691 14.8647423 -19.3277645 11.5380325 0.6263004 0.2712073 -0.2564736 0.6844091
1740547275.429372 14.9267292 -19.4058495 11.5537090 0.6293963 0.2676462 -0.2578520 0.6824502
1740547275.528033 14.9728975 -19.4732285 11.5706654 0.6307904 0.2664499 -0.2613533 0.6802958
1740547275.629570 15.0465212 -19.5674362 11.5986824 0.6339600 0.2633759 -0.2651294 0.6770778
1740547275.732737 15.1042404 -19.6404724 11.6143970 0.6355193 0.2604873 -0.2672709 0.6758904
1740547275.828291 15.1612797 -19.7379570 11.6393471 0.6389076 0.2578672 -0.2684241 0.6732385
1740547275.930756 15.1977100 -19.8262444 11.6625023 0.6398660 0.2569415 -0.2706383 0.6717942
1740547276.031986 15.2600060 -19.9181023 11.6821995 0.6429601 0.2532944 -0.2715596 0.6698505
1740547276.136236 15.3190947 -20.0076180 11.7057762 0.6456111 0.2505656 -0.2724120 0.6679782
1740547276.237184 15.3626175 -20.0967712 11.7193661 0.6481651 0.2476472 -0.2737091 0.6660602
1740547276.335406 15.3535404 -20.1972580 11.7271385 0.6483541 0.2476055 -0.2734766 0.6659873
1740547276.438312 15.3344631 -20.3035164 11.7406139 0.6486346 0.2482889 -0.2731164 0.6656075
1740547276.538467 15.3261461 -20.4084892 11.7471313 0.6486748 0.2487267 -0.2733692 0.6653009
1740547276.647364 15.3303299 -20.5082340 11.7533283 0.6487290 0.2479829 -0.2737672 0.6653621
1740547276.744752 15.3315792 -20.6131783 11.7583389 0.6484071 0.2482177 -0.2741829 0.6654171
1740547276.842776 15.3241358 -20.7160416 11.7660732 0.6482129 0.2486102 -0.2740716 0.6655056
1740547276.946382 15.3202085 -20.8211727 11.7715225 0.6484268 0.2484666 -0.2737693 0.6654754
1740547277.048547 15.3115425 -20.9252911 11.7833920 0.6481822 0.2492229 -0.2733911 0.6655863
1740547277.150538 15.2932873 -21.0248489 11.7910938 0.6484079 0.2496730 -0.2726096 0.6655182
1740547277.352890 15.2923431 -21.2342548 11.7975311 0.6477089 0.2499663 -0.2729509 0.6659488
1740547277.466140 15.2954388 -21.3341904 11.8086014 0.6475762 0.2506779 -0.2724571 0.6660127
1740547277.563653 15.2726393 -21.4304066 11.8288536 0.6481489 0.2515758 -0.2707857 0.6657985
1740547277.669634 15.2626190 -21.5334511 11.8279743 0.6470515 0.2524484 -0.2705418 0.6666344
1740547277.772854 15.2732086 -21.6387005 11.8404713 0.6477715 0.2523856 -0.2694124 0.6664162
1740547277.875172 15.2721729 -21.7415485 11.8539219 0.6477664 0.2530401 -0.2685071 0.6665384
1740547277.983254 15.2856369 -21.8471012 11.8487206 0.6468038 0.2528840 -0.2688326 0.6674006
1740547278.191322 15.2713242 -22.0534801 11.8579941 0.6450671 0.2543915 -0.2673298 0.6691100
1740547278.295914 15.2508259 -22.1583347 11.8668060 0.6436809 0.2559507 -0.2660607 0.6703550
1740547278.400815 15.2537336 -22.2544365 11.8858070 0.6432135 0.2570044 -0.2663567 0.6702830
1740547278.604394 15.2641563 -22.4623642 11.9014683 0.6408120 0.2585573 -0.2641217 0.6728653
1740547278.715959 15.2677765 -22.5635681 11.9211445 0.6392116 0.2599594 -0.2635822 0.6740579
1740547278.814674 15.2572384 -22.6599770 11.9501324 0.6385448 0.2613430 -0.2619699 0.6747831
1740547279.471341 15.3043175 -23.2846394 11.9604053 0.6270471 0.2670653 -0.2571929 0.6850838
1740547279.689099 15.3076315 -23.4890442 12.0050793 0.6234854 0.2703308 -0.2548731 0.6879148
1740547279.793376 15.3110847 -23.5873070 12.0320740 0.6225144 0.2715951 -0.2536106 0.6887624
1740547279.909842 15.3217335 -23.6853676 12.0596886 0.6213395 0.2729692 -0.2522672 0.6897726
1740547280.017533 15.3314524 -23.7860107 12.0835438 0.6196705 0.2745345 -0.2509650 0.6911265
1740547280.117501 15.3444633 -23.8872795 12.1001911 0.6180127 0.2757789 -0.2495053 0.6926424
1740547280.332918 15.3874359 -24.0861797 12.1127796 0.6143071 0.2776889 -0.2475368 0.6958744
1740547280.548705 15.4278097 -24.2906532 12.1327248 0.6107866 0.2796661 -0.2459620 0.6987342
1740547280.659585 15.4310741 -24.3918686 12.1643505 0.6102337 0.2810557 -0.2442646 0.6992548
1740547280.764524 15.4330320 -24.4929199 12.1982155 0.6098319 0.2824343 -0.2425688 0.6996402
1740547280.866332 15.4482908 -24.5909424 12.2327271 0.6104327 0.2833921 -0.2420661 0.6989027
1740547280.973856 15.4360952 -24.6982212 12.2590637 0.6100034 0.2850722 -0.2411828 0.6988995
1740547281.080312 15.4641342 -24.7980118 12.2443199 0.6091923 0.2849146 -0.2413807 0.6996026
1740547281.194409 15.4881039 -24.8956108 12.2528858 0.6087666 0.2848524 -0.2415422 0.6999427
1740547281.299008 15.5019608 -24.9903221 12.2852840 0.6096808 0.2855761 -0.2416757 0.6988050
1740547281.412090 15.5023441 -25.0889702 12.3148632 0.6111101 0.2858608 -0.2409117 0.6977031
1740547281.530173 15.5222321 -25.1857758 12.3139668 0.6118919 0.2845252 -0.2421173 0.6971463
1740547281.630385 15.5366220 -25.2881546 12.3178844 0.6117207 0.2831799 -0.2431960 0.6974688
1740547281.734754 15.5500870 -25.3884811 12.3144169 0.6114733 0.2815427 -0.2450181 0.6977108
1740547281.837084 15.5521889 -25.4883499 12.3409233 0.6130374 0.2798612 -0.2468388 0.6963716
1740547281.946903 15.5690422 -25.5893192 12.3171673 0.6125426 0.2765405 -0.2494410 0.6972059
1740547282.047523 15.5751991 -25.6889381 12.3203030 0.6130532 0.2735759 -0.2526694 0.6967641
1740547282.161856 15.5831604 -25.7930012 12.3165379 0.6134880 0.2702159 -0.2554443 0.6966807
1740547282.266883 15.5996275 -25.8952827 12.3288422 0.6139523 0.2659971 -0.2591397 0.6965305
1740547282.474018 15.6290531 -26.0967255 12.3662930 0.6147106 0.2565448 -0.2677283 0.6961589
1740547282.578027 15.6199970 -26.1962776 12.3975124 0.6152967 0.2512965 -0.2723617 0.6957580
1740547282.690735 15.6141310 -26.2975082 12.4247894 0.6156164 0.2459813 -0.2778983 0.6951850
1740547282.900774 15.5899677 -26.4927769 12.4734592 0.6165499 0.2331600 -0.2887187 0.6943660
1740547283.002996 15.5745964 -26.5854511 12.5153809 0.6181004 0.2263063 -0.2947730 0.6927093
1740547283.226447 15.5220318 -26.7859821 12.5557098 0.6184838 0.2120313 -0.3064576 0.6918123
1740547283.436298 15.4679737 -26.9783916 12.6088028 0.6198314 0.1981345 -0.3182249 0.6894090
1740547283.637758 15.4314642 -27.1696091 12.6467533 0.6219739 0.1838740 -0.3306610 0.6855670
1740547283.841752 15.3754539 -27.3683701 12.6769333 0.6244834 0.1697629 -0.3419853 0.6813568
1740547284.253538 15.2198620 -27.7539520 12.7342949 0.6286982 0.1432437 -0.3620279 0.6731684
1740547284.768064 15.0205612 -28.2254677 12.8105679 0.6350262 0.1173934 -0.3811141 0.6615986
1740547285.081692 14.8655529 -28.4966240 12.8328037 0.6359496 0.1055044 -0.3901579 0.6574297
1740547285.284252 14.7966967 -28.6795864 12.8571281 0.6348153 0.0982750 -0.3971981 0.6554275
1740547285.595901 14.6526756 -28.9577961 12.9033890 0.6303796 0.0923523 -0.4028597 0.6571124
1740547286.110481 14.4547176 -29.4173679 13.0253773 0.6160695 0.0881596 -0.4109972 0.6661589
1740547286.214970 14.4216728 -29.5031071 13.0649433 0.6122712 0.0876603 -0.4130246 0.6684686
1740547286.424290 14.3238630 -29.6752777 13.1349754 0.6036256 0.0892986 -0.4147200 0.6750327
1740547286.618583 14.2566967 -29.8559341 13.2049217 0.5941083 0.0903812 -0.4164377 0.6822361
1740547286.833112 14.1965752 -30.0431442 13.2677441 0.5834120 0.0931272 -0.4174940 0.6904032
1740547286.935607 14.1787481 -30.1415100 13.2982082 0.5777143 0.0935215 -0.4186714 0.6944164
1740547287.133565 14.1279011 -30.3181896 13.3795776 0.5666469 0.0966913 -0.4194513 0.7025828
1740547287.337468 14.0515213 -30.4936180 13.4592438 0.5545285 0.1006418 -0.4204653 0.7110403
1740547287.548962 13.9973888 -30.6569977 13.5589180 0.5432978 0.1042504 -0.4206261 0.7190501
1740547287.755074 13.9443855 -30.8271618 13.6616516 0.5318673 0.1081460 -0.4203685 0.7271258
1740547287.854152 13.9382172 -30.9085579 13.7079754 0.5259955 0.1092621 -0.4203525 0.7312279
1740547288.055193 13.9652920 -31.0345650 13.8405762 0.5180807 0.1126084 -0.4189630 0.7371443
1740547288.263540 13.9199409 -31.2037392 13.9333496 0.5066252 0.1161657 -0.4194350 0.7442517
1740547288.359764 13.8972492 -31.2962799 13.9802380 0.5005477 0.1180504 -0.4198871 0.7478040
1740547288.564202 13.8516674 -31.4700546 14.0735340 0.4875897 0.1220910 -0.4194449 0.7559206
1740547288.678515 13.8663712 -31.5381508 14.1444340 0.4839991 0.1237814 -0.4182393 0.7586164
1740547288.784213 13.8956699 -31.5901489 14.2025681 0.4790986 0.1250576 -0.4184434 0.7614002
1740547288.882405 13.9342442 -31.6352940 14.2655163 0.4759569 0.1256002 -0.4170911 0.7640188
1740547288.985703 13.9625206 -31.6876869 14.3234406 0.4732322 0.1267031 -0.4156917 0.7662885
1740547289.082916 13.9880333 -31.7438583 14.3793545 0.4677158 0.1279733 -0.4141314 0.7702986
1740547289.184523 14.0198517 -31.7890186 14.4287758 0.4638633 0.1288417 -0.4135166 0.7728096
1740547289.283732 14.0493755 -31.8281689 14.4854126 0.4609452 0.1293880 -0.4131231 0.7746726
1740547289.383919 14.0871868 -31.8890495 14.5538216 0.4588617 0.1287075 -0.4104823 0.7774218
1740547289.486908 14.1032810 -31.9383545 14.6011143 0.4530031 0.1306080 -0.4096202 0.7809873
1740547289.590209 14.1392212 -32.0081787 14.6721783 0.4496360 0.1302549 -0.4085873 0.7835289
1740547289.703196 14.1522369 -32.0519409 14.7311134 0.4472995 0.1343200 -0.4043525 0.7863717
1740547289.800722 14.1835117 -32.1166763 14.7964401 0.4435834 0.1348420 -0.4042921 0.7884157
1740547289.899177 14.2010803 -32.1774597 14.8526630 0.4382731 0.1366359 -0.4031386 0.7916606
1740547290.003850 14.2119942 -32.2561722 14.9121552 0.4328099 0.1372065 -0.4030465 0.7946090
1740547290.102536 14.2358284 -32.3245506 14.9854202 0.4293433 0.1372879 -0.4015578 0.7972250
1740547290.207856 14.2497787 -32.3933182 15.0440083 0.4244060 0.1400893 -0.4009387 0.7996892
1740547290.306624 14.2396240 -32.4760056 15.1061268 0.4181051 0.1426901 -0.4009106 0.8025573
1740547290.405609 14.2327557 -32.5572281 15.1724148 0.4123232 0.1447274 -0.4006930 0.8052880
1740547290.515393 14.2494221 -32.6208916 15.2430115 0.4081710 0.1463480 -0.3992024 0.8078466
1740547290.612275 14.2686443 -32.6910744 15.3117580 0.4021894 0.1488594 -0.3991707 0.8103995
1740547290.716051 14.2757568 -32.7628593 15.3826942 0.3966007 0.1508863 -0.3985886 0.8130611
1740547290.815350 14.2820644 -32.8128395 15.4296589 0.3887981 0.1568867 -0.3984250 0.8157697
1740547290.918133 14.3154945 -32.8830872 15.5011578 0.3856187 0.1567465 -0.3974043 0.8178011
1740547291.017688 14.3189583 -32.9574318 15.5638695 0.3795234 0.1598669 -0.3967461 0.8203640
1740547291.119746 14.3247509 -33.0425186 15.6276989 0.3733466 0.1628152 -0.3966951 0.8226399
1740547291.528874 14.3288794 -33.3116875 15.9353390 0.3545609 0.1770857 -0.3908988 0.8307378
1740547291.633363 14.3510532 -33.3716316 15.9981823 0.3483546 0.1820326 -0.3902207 0.8326110
1740547291.739852 14.3754148 -33.4320412 16.0657978 0.3423600 0.1850770 -0.3899112 0.8345690
1740547291.839038 14.3875551 -33.5097351 16.1310501 0.3369514 0.1894785 -0.3886789 0.8363554
1740547291.947576 14.4198380 -33.5719299 16.1999264 0.3329393 0.1937032 -0.3873963 0.8375885
1740547292.047339 14.4552393 -33.6410828 16.2693577 0.3291762 0.1973923 -0.3857084 0.8389924
1740547292.145071 14.4690638 -33.7224464 16.3330727 0.3237674 0.2017168 -0.3836914 0.8409910
1740547292.252438 14.4842243 -33.7929993 16.4072762 0.3206669 0.2061003 -0.3812458 0.8422274
1740547292.351481 14.5197992 -33.8548279 16.4693069 0.3163153 0.2091575 -0.3794469 0.8439300
1740547292.458307 14.5612764 -33.9177666 16.5332489 0.3121220 0.2125595 -0.3781325 0.8452302
1740547292.557354 14.6022539 -33.9696503 16.5896797 0.3081915 0.2150786 -0.3780448 0.8460741
1740547292.657161 14.6429081 -34.0308990 16.6515007 0.3034722 0.2179259 -0.3769670 0.8475310
1740547292.769237 14.6766672 -34.0968933 16.7207336 0.2992405 0.2207473 -0.3762853 0.8486078
1740547292.865965 14.6821375 -34.1577568 16.7899761 0.2947558 0.2250717 -0.3743631 0.8498906
1740547292.967686 14.7043381 -34.2050056 16.8401585 0.2894222 0.2299372 -0.3730842 0.8509828
1740547293.068583 14.7359371 -34.2731514 16.9088116 0.2859141 0.2321439 -0.3718306 0.8521176
1740547293.171363 14.7554874 -34.3336143 16.9826221 0.2827401 0.2364053 -0.3693838 0.8530687
1740547293.269875 14.8077192 -34.3948174 17.0464058 0.2795338 0.2378042 -0.3696550 0.8536190
1740547293.370200 14.8509960 -34.4495201 17.1169357 0.2773552 0.2404651 -0.3684570 0.8541019
1740547293.471027 14.8843517 -34.5075951 17.1885185 0.2747210 0.2428554 -0.3676386 0.8546295
1740547293.682080 14.9557171 -34.6280937 17.3364525 0.2701110 0.2469767 -0.3666999 0.8553209
1740547293.875566 15.0382366 -34.7299881 17.4650345 0.2620966 0.2502188 -0.3680564 0.8562887
1740547293.976804 15.0730562 -34.7788811 17.5197201 0.2566279 0.2512870 -0.3690498 0.8572043
1740547294.074067 15.1229620 -34.8284683 17.5819607 0.2532026 0.2519536 -0.3705933 0.8573613
1740547294.186918 15.1593399 -34.8773270 17.6437473 0.2492209 0.2535573 -0.3703237 0.8581713
1740547294.281940 15.2027845 -34.9237747 17.7163067 0.2464403 0.2562795 -0.3702636 0.8581916
1740547294.386941 15.2559385 -34.9708366 17.7952194 0.2453018 0.2573788 -0.3698963 0.8583472
1740547294.491644 15.2866001 -35.0180893 17.8545570 0.2409339 0.2594311 -0.3690327 0.8593377
1740547294.586002 15.3075972 -35.0354004 17.8783340 0.2367791 0.2600682 -0.3708574 0.8595145
1740547294.684732 15.3291550 -35.0581284 17.9049015 0.2335780 0.2605577 -0.3685677 0.8612252
1740547294.781068 15.3492298 -35.0836029 17.9448013 0.2297931 0.2621224 -0.3673729 0.8622785
1740547294.874017 15.3616848 -35.0945740 17.9601593 0.2251710 0.2641079 -0.3664482 0.8632849
1740547294.974245 15.3822212 -35.1130714 17.9829254 0.2204512 0.2646110 -0.3651457 0.8648993
1740547295.069147 15.4160652 -35.1546593 18.0405960 0.2151476 0.2660895 -0.3655712 0.8656013
1740547295.167193 15.4301748 -35.1976700 18.0897598 0.2076550 0.2684159 -0.3642889 0.8672519
1740547295.265639 15.4652843 -35.2387314 18.1478271 0.2010458 0.2710582 -0.3623171 0.8688120
1740547295.358087 15.5094099 -35.2717285 18.2204037 0.1970431 0.2724635 -0.3605511 0.8700233
1740547295.461417 15.5533476 -35.3165169 18.2885952 0.1907744 0.2742876 -0.3594302 0.8713102
1740547295.558753 15.5957642 -35.3587723 18.3583374 0.1851058 0.2775813 -0.3583654 0.8719282
1740547295.655605 15.6349878 -35.3911018 18.4211941 0.1796034 0.2794911 -0.3569151 0.8730630
1740547295.756374 15.6603184 -35.4170074 18.4745178 0.1723260 0.2829268 -0.3560939 0.8737581
1740547295.851510 15.7063646 -35.4492035 18.5447102 0.1684391 0.2839493 -0.3558560 0.8742813
1740547295.952745 15.7479458 -35.4813080 18.6116505 0.1643397 0.2860898 -0.3538547 0.8751754
1740547296.049944 15.7710733 -35.5147324 18.6773224 0.1603101 0.2890809 -0.3517978 0.8757690
1740547296.142434 15.8058252 -35.5469131 18.7515087 0.1573491 0.2927761 -0.3499939 0.8758012
1740547296.243894 15.8333521 -35.5792885 18.8326035 0.1539150 0.2970656 -0.3485057 0.8755604
1740547296.339900 15.8692074 -35.6101608 18.8989677 0.1516727 0.2987473 -0.3471082 0.8759345
1740547296.440181 15.8986654 -35.6429024 18.9645939 0.1484748 0.3005512 -0.3465393 0.8760906
1740547296.536581 15.9332094 -35.6694565 19.0366020 0.1473871 0.3036318 -0.3462478 0.8753269
1740547296.631105 15.9618607 -35.7055817 19.1207542 0.1458525 0.3071688 -0.3446093 0.8749965
1740547296.732152 15.9913759 -35.7317924 19.1807537 0.1455689 0.3089258 -0.3440017 0.8746642
1740547296.825304 16.0229759 -35.7751579 19.2584229 0.1440130 0.3114023 -0.3433931 0.8742826
1740547296.926164 16.1041336 -35.8154793 19.3130493 0.1451487 0.3092850 -0.3428834 0.8750461
1740547297.029672 16.1382790 -35.8585968 19.3882294 0.1444494 0.3116388 -0.3430696 0.8742533
1740547297.127287 16.1824493 -35.9005203 19.4498482 0.1450011 0.3121710 -0.3423783 0.8742431
1740547297.233470 16.2233925 -35.9452896 19.5253963 0.1451364 0.3130344 -0.3426034 0.8738236
1740547297.428393 16.3152466 -36.0484352 19.6780930 0.1448626 0.3141149 -0.3433191 0.8732002
1740547297.524595 16.3520279 -36.0840683 19.7496910 0.1466325 0.3155507 -0.3441145 0.8720734
1740547297.620069 16.4034252 -36.1285172 19.8151169 0.1485862 0.3143418 -0.3441626 0.8721602
1740547297.822593 16.4996147 -36.2152824 19.9664803 0.1504178 0.3147868 -0.3442152 0.8716649
1740547297.919576 16.5290680 -36.2614212 20.0486317 0.1504802 0.3160244 -0.3447879 0.8709797
1740547298.038775 16.5731297 -36.3112221 20.1160316 0.1508081 0.3151378 -0.3453993 0.8710020
1740547298.234886 16.6508293 -36.4104652 20.2681122 0.1522537 0.3148926 -0.3461531 0.8705398
1740547298.328841 16.6922035 -36.4584541 20.3461494 0.1522747 0.3145827 -0.3466819 0.8704377
1740547298.431462 16.7407227 -36.5133858 20.4140072 0.1532416 0.3132535 -0.3463168 0.8708926
1740547298.527723 16.7928638 -36.5520058 20.4886494 0.1539818 0.3125850 -0.3472793 0.8706189
1740547298.624138 16.8387527 -36.5966606 20.5666733 0.1546178 0.3120740 -0.3473195 0.8706735
1740547298.821738 16.9202118 -36.6958160 20.7246170 0.1557716 0.3107398 -0.3480488 0.8706539
1740547298.917858 16.9566116 -36.7451172 20.8012428 0.1556376 0.3104656 -0.3487986 0.8704755
1740547299.021084 16.9998970 -36.7928963 20.8779602 0.1557994 0.3094476 -0.3483142 0.8710029
1740547299.116810 17.0453911 -36.8460960 20.9532490 0.1556017 0.3089119 -0.3489494 0.8709741
1740547299.316680 17.1262341 -36.9423256 21.1169510 0.1560282 0.3082780 -0.3486120 0.8712575
1740547299.511258 17.2066364 -37.0423431 21.2604713 0.1550294 0.3063284 -0.3491742 0.8718981
1740547299.607209 17.2502384 -37.0896111 21.3452759 0.1555184 0.3063606 -0.3495639 0.8716434
1740547299.909636 17.3780518 -37.2399254 21.5720043 0.1552674 0.3051138 -0.3500881 0.8719151
1740547300.109427 17.4659176 -37.3388634 21.7233391 0.1550083 0.3041486 -0.3503140 0.8722077
1740547300.407377 17.5847034 -37.4839211 21.9608517 0.1538851 0.3023145 -0.3499836 0.8731763
1740547300.604270 17.6701374 -37.5863075 22.1130486 0.1531638 0.3000197 -0.3510318 0.8736737
1740547300.703289 17.7122002 -37.6263924 22.1965332 0.1531820 0.2995230 -0.3506506 0.8739939
1740547300.895818 17.7952595 -37.7134209 22.3644600 0.1522750 0.2984302 -0.3507423 0.8744894
1740547301.208441 17.9164696 -37.8590088 22.6027012 0.1501364 0.2946283 -0.3511024 0.8760026
1740547301.397973 18.0005531 -37.9477997 22.7639084 0.1485032 0.2921000 -0.3512999 0.8770478
1740547301.598624 18.0847244 -38.0447540 22.9204330 0.1453981 0.2890155 -0.3514513 0.8785280
1740547301.904449 18.1918526 -38.1879654 23.1664848 0.1411470 0.2849506 -0.3512948 0.8806092
1740547302.104095 18.2669468 -38.2702255 23.3424435 0.1387266 0.2827630 -0.3515209 0.8816082
1740547302.212791 18.3102493 -38.3124199 23.4196930 0.1369475 0.2810890 -0.3516210 0.8823815
1740547302.306694 18.3536072 -38.3585243 23.4954834 0.1344548 0.2795103 -0.3510979 0.8834739
1740547302.506211 18.4452667 -38.4211693 23.6710873 0.1325187 0.2773849 -0.3510810 0.8844426
1740547302.807325 18.5544853 -38.5549278 23.9261284 0.1267104 0.2739018 -0.3510509 0.8863891
1740547303.015656 18.6457748 -38.6194382 24.0964470 0.1230792 0.2711338 -0.3507474 0.8878706
1740547303.315630 18.7763920 -38.7355118 24.3482780 0.1181188 0.2671980 -0.3507085 0.8897510
1740547303.615273 18.8790054 -38.8527527 24.6105347 0.1132522 0.2631793 -0.3508741 0.8915144
1740547303.825118 18.9697685 -38.9197769 24.7820301 0.1099052 0.2599989 -0.3506511 0.8929531
1740547304.131517 19.0839310 -39.0385399 25.0402393 0.1060066 0.2554390 -0.3503322 0.8948636
1740547304.339505 19.1499767 -39.1278419 25.2118702 0.1034152 0.2520563 -0.3506594 0.8959972
1740547304.752395 19.3045044 -39.2501259 25.5668964 0.1004045 0.2449541 -0.3513701 0.8980287
1740547304.954651 19.3983040 -39.3073807 25.7361984 0.0989335 0.2408155 -0.3518240 0.8991329
1740547305.487537 19.5432243 -39.4927444 26.1906853 0.0987213 0.2312976 -0.3533377 0.9010594
1740547306.020804 19.7037888 -39.6599503 26.6506615 0.1026794 0.2219335 -0.3559763 0.9019331
1740547306.638605 19.8913879 -39.8740501 27.1957855 0.1103535 0.2130768 -0.3583445 0.9022248
1740547307.377473 20.0506439 -40.1422958 27.8410263 0.1231057 0.2118711 -0.3603892 0.9000418
1740547307.788342 20.1778240 -40.3251648 28.1894703 0.1295093 0.2169919 -0.3602142 0.8979908
1740547308.094538 20.2672615 -40.4420624 28.4622231 0.1338611 0.2239920 -0.3594344 0.8959440
1740547308.395477 20.3638344 -40.5851860 28.7187958 0.1362235 0.2320513 -0.3580087 0.8941058
1740547308.696846 20.4687881 -40.7146950 28.9784718 0.1382261 0.2423343 -0.3566154 0.8916239
1740547309.004104 20.5872879 -40.8550224 29.2303219 0.1398236 0.2527895 -0.3541843 0.8894382
1740547309.391572 20.7695007 -41.0273628 29.5571537 0.1399992 0.2667517 -0.3497379 0.8870892
1740547309.683463 20.9175606 -41.1538887 29.7894382 0.1395891 0.2747946 -0.3477814 0.8854666
1740547310.082556 21.0801239 -41.3555222 30.1036072 0.1387912 0.2846250 -0.3449928 0.8835754
1740547310.379107 21.2172279 -41.4935989 30.3433895 0.1393281 0.2878908 -0.3451700 0.8823630
1740547310.871505 21.4245281 -41.7264633 30.7448311 0.1438651 0.2928006 -0.3434063 0.8807058
1740547311.164299 21.5360222 -41.8525314 31.0043240 0.1469797 0.2955261 -0.3439677 0.8790606
1740547311.567571 21.7019882 -42.0621872 31.3118076 0.1503980 0.2991763 -0.3428863 0.8776691
1740547311.857232 21.8465080 -42.2020073 31.5471668 0.1534567 0.3009739 -0.3443974 0.8759316
1740547312.057168 21.9405403 -42.2879295 31.7029724 0.1547424 0.3032427 -0.3434258 0.8753042
1740547312.257669 22.0224724 -42.3899269 31.8440056 0.1557281 0.3057702 -0.3443490 0.8738862
1740547312.447664 22.0872574 -42.5066376 31.9964943 0.1579036 0.3083441 -0.3441054 0.8726866
1740547312.644157 22.1713772 -42.6033669 32.1475792 0.1598828 0.3099488 -0.3436277 0.8719456
1740547312.744432 22.2095070 -42.6513748 32.2114906 0.1600702 0.3108496 -0.3419050 0.8722678
1740547312.935151 22.3013058 -42.7603073 32.3597794 0.1621854 0.3130217 -0.3432848 0.8705567
1740547313.039667 22.3491325 -42.8113098 32.4263496 0.1632363 0.3126926 -0.3432832 0.8704791
1740547313.236559 22.4243698 -42.8858490 32.5691452 0.1660032 0.3156073 -0.3428106 0.8690891
1740547313.424243 22.5127296 -42.9820175 32.7166367 0.1680638 0.3170580 -0.3427996 0.8681689
1740547313.525048 22.5410881 -43.0087395 32.7664757 0.1680093 0.3166135 -0.3435221 0.8680561
1740547313.716688 22.5462112 -43.0083847 32.8068008 0.1722448 0.3181002 -0.3400840 0.8680362
1740547313.816861 22.5503616 -43.0162239 32.8081360 0.1729418 0.3179878 -0.3401863 0.8678987
1740547313.912797 22.5470810 -43.0223541 32.8054199 0.1733125 0.3192397 -0.3400373 0.8674234
1740547314.034395 22.5582600 -43.0124092 32.8027306 0.1756891 0.3192343 -0.3402274 0.8668726
1740547314.130304 22.5502415 -43.0136337 32.8029175 0.1763644 0.3207687 -0.3392798 0.8665404
1740547314.237389 22.5562134 -43.0036812 32.8101158 0.1797790 0.3211136 -0.3367790 0.8666865
1740547314.330655 22.5567856 -43.0119858 32.8122787 0.1794843 0.3207973 -0.3340118 0.8679346
1740547314.427228 22.5605545 -43.0057564 32.8070908 0.1815125 0.3206924 -0.3324616 0.8681468
1740547314.525564 22.5836296 -42.9909401 32.8026314 0.1859440 0.3185860 -0.3319927 0.8681639
1740547314.621342 22.5543365 -42.9934044 32.8133583 0.1863389 0.3236465 -0.3313449 0.8664533
1740547314.717151 22.5322952 -43.0067329 32.8124123 0.1839445 0.3261131 -0.3297691 0.8666412
1740547314.818286 22.5540733 -42.9971390 32.8040657 0.1873140 0.3244743 -0.3300070 0.8664441
1740547314.913200 22.5636272 -42.9960327 32.8023453 0.1887294 0.3243546 -0.3319745 0.8654295
1740547315.111076 22.5515881 -43.0189438 32.7846832 0.1852806 0.3240441 -0.3309101 0.8666978
1740547315.206467 22.5488110 -43.0316582 32.7805634 0.1841837 0.3256630 -0.3308927 0.8663313
1740547315.308372 22.5567265 -43.0386238 32.7690964 0.1837863 0.3237179 -0.3304488 0.8673136
1740547315.401735 22.5489063 -43.0561981 32.7609406 0.1818728 0.3239186 -0.3294381 0.8680263
1740547315.503779 22.5433426 -43.0593987 32.7644768 0.1815981 0.3250024 -0.3279781 0.8682315
1740547315.597308 22.5457001 -43.0678444 32.7543716 0.1811617 0.3234976 -0.3284432 0.8687087
1740547315.691609 22.5524883 -43.0697975 32.7440033 0.1801346 0.3225774 -0.3293534 0.8689198
1740547315.793679 22.5507126 -43.0656662 32.7494698 0.1810527 0.3236206 -0.3305127 0.8679004
1740547315.890279 22.5463638 -43.0677185 32.7537384 0.1807221 0.3248889 -0.3315135 0.8671134
1740547315.991492 22.5339775 -43.0805130 32.7463684 0.1774393 0.3257490 -0.3306733 0.8677891
1740547316.092437 22.5249901 -43.0757370 32.7512665 0.1777892 0.3278993 -0.3295905 0.8673195
1740547316.187461 22.5312004 -43.0839996 32.7451820 0.1770989 0.3269094 -0.3289025 0.8680953
1740547316.292425 22.5363693 -43.0862694 32.7404480 0.1772941 0.3252700 -0.3289254 0.8686624
1740547316.389157 22.5348511 -43.1043625 32.7519341 0.1756640 0.3258027 -0.3278728 0.8691917
1740547316.492146 22.5560188 -43.1016960 32.7414093 0.1767132 0.3221301 -0.3295086 0.8697291
1740547316.585495 22.5683250 -43.1070976 32.7306099 0.1760494 0.3187559 -0.3296519 0.8710517
1740547316.680322 22.6014557 -43.0699463 32.7383118 0.1833071 0.3165375 -0.3330018 0.8690871
1740547316.781849 22.6063538 -43.0702515 32.7368965 0.1821352 0.3162724 -0.3349712 0.8686730
1740547316.878619 22.6106224 -43.0679512 32.7373810 0.1813688 0.3164250 -0.3361427 0.8683253
1740547317.087141 22.6400280 -43.0462952 32.7412796 0.1847902 0.3124745 -0.3376181 0.8684620
1740547317.179709 22.6809311 -43.0349731 32.7314110 0.1873823 0.3068748 -0.3393790 0.8692167
1740547317.279504 22.7034760 -43.0457535 32.7187347 0.1862757 0.3022497 -0.3405786 0.8706048
1740547317.374785 22.7376251 -43.0256805 32.7216377 0.1908079 0.2989263 -0.3450595 0.8690048
1740547317.472436 22.7556381 -43.0325470 32.7133446 0.1898883 0.2966723 -0.3515232 0.8673866
1740547317.571964 22.7662392 -43.0515099 32.6964798 0.1879191 0.2924405 -0.3512511 0.8693605
1740547317.664882 22.7597694 -43.0636139 32.6831970 0.1866138 0.2900340 -0.3500598 0.8709269
1740547317.768112 22.7636414 -43.0586624 32.6822243 0.1871270 0.2885376 -0.3505456 0.8711184
1740547317.863692 22.7741203 -43.0281143 32.7023506 0.1927634 0.2889870 -0.3504152 0.8697919
1740547317.959396 22.7872200 -43.0028877 32.7151031 0.1972740 0.2876342 -0.3552859 0.8672494
1740547318.060787 22.8007088 -42.9925156 32.7122040 0.1991543 0.2849989 -0.3593555 0.8660120
1740547318.158512 22.7991371 -43.0125313 32.7058334 0.1964121 0.2814336 -0.3583117 0.8682339
1740547318.262308 22.8025322 -42.9917908 32.7144279 0.1991466 0.2825384 -0.3597600 0.8666518
1740547318.358547 22.8019257 -42.9843445 32.7230911 0.1992146 0.2828419 -0.3659230 0.8639528
1740547318.452344 22.8343105 -42.9762535 32.7288742 0.2040213 0.2780901 -0.3665363 0.8641136
1740547318.553517 22.8483887 -42.9936752 32.7360840 0.2017130 0.2791634 -0.3639029 0.8654215
1740547318.646578 22.8600807 -43.0003281 32.7452202 0.2023917 0.2792380 -0.3662339 0.8642549
1740547318.746902 22.9137573 -42.9945602 32.7458038 0.2068866 0.2709702 -0.3718093 0.8634413
1740547318.842726 22.8883362 -42.9930305 32.7611771 0.2058081 0.2745798 -0.3756990 0.8608712
1740547318.937288 22.8462372 -42.9940987 32.7700920 0.2022212 0.2807840 -0.3771479 0.8590846
1740547319.036685 22.8513031 -43.0049362 32.7547913 0.2010030 0.2761638 -0.3787883 0.8601457
1740547319.129626 22.8619671 -42.9933548 32.7824745 0.2062881 0.2767949 -0.3808914 0.8577596
1740547319.228159 22.8913231 -42.9810181 32.7864609 0.2086876 0.2714737 -0.3866805 0.8562884
1740547319.325313 22.9200878 -42.9824486 32.7614326 0.2112764 0.2635295 -0.3868707 0.8580475
1740547319.421516 22.9011250 -43.0052452 32.7820969 0.2079149 0.2664125 -0.3835848 0.8594524
1740547319.522231 22.8845024 -43.0502472 32.7647896 0.2007469 0.2634038 -0.3807739 0.8633252
1740547319.615635 22.9205837 -43.0311241 32.7783928 0.2066893 0.2603978 -0.3850929 0.8609158
1740547319.710451 22.9280930 -43.0327988 32.7883797 0.2080674 0.2609921 -0.3882224 0.8589962
1740547319.808774 22.9320908 -43.0598221 32.8123131 0.2047998 0.2619680 -0.3905835 0.8584139
1740547319.903625 22.9536381 -43.0410385 32.8313484 0.2103483 0.2597165 -0.3933373 0.8564968
1740547320.002613 22.9324360 -43.0471802 32.8249168 0.2087889 0.2602047 -0.3946495 0.8561264
1740547320.105590 22.9668884 -43.0604935 32.8147659 0.2113438 0.2501405 -0.3927922 0.8593473
1740547320.199990 22.9964066 -43.0468559 32.8788605 0.2196625 0.2514809 -0.3944790 0.8560911
1740547320.305880 23.0701046 -43.0214462 32.9034004 0.2282480 0.2453912 -0.4021503 0.8520336
1740547320.399268 23.0933437 -43.0180206 32.9229279 0.2310272 0.2417110 -0.4023290 0.8522521
1740547320.499987 23.1092854 -43.0163536 32.9375687 0.2333786 0.2372973 -0.4039499 0.8520851
1740547320.597903 23.1236782 -43.0472984 32.9018631 0.2281240 0.2283745 -0.4105787 0.8527776
1740547320.692707 23.1442089 -43.0979195 32.9066124 0.2270152 0.2207680 -0.4117343 0.8545177
1740547320.791115 23.1434422 -43.0786819 32.8851547 0.2274251 0.2167282 -0.4160469 0.8533532
1740547320.885682 23.1386490 -43.1130447 32.9077225 0.2250432 0.2176472 -0.4175112 0.8530356
1740547320.984146 23.1318207 -43.1246071 32.9550171 0.2269945 0.2198365 -0.4166463 0.8523798
1740547321.083038 23.1443520 -43.1130867 32.9712486 0.2313628 0.2155570 -0.4161584 0.8525366
1740547321.179326 23.1546612 -43.1295166 32.9824829 0.2293535 0.2109046 -0.4198921 0.8524124
1740547321.374835 23.1963100 -43.1312256 32.9902916 0.2364845 0.1994172 -0.4217698 0.8523016
1740547321.469663 23.1927986 -43.1305962 33.0176163 0.2392964 0.1995843 -0.4222587 0.8512350
1740547321.570575 23.1887608 -43.1531448 33.0264206 0.2335304 0.1988089 -0.4272754 0.8505142
1740547321.664885 23.2000446 -43.1577911 33.0321465 0.2362454 0.1928414 -0.4316882 0.8489085
1740547321.766365 23.2014828 -43.1706238 33.0497017 0.2355103 0.1895080 -0.4334510 0.8489652
1740547322.160154 23.2212315 -43.1817245 33.0447655 0.2424817 0.1666856 -0.4453463 0.8456271
1740547322.261862 23.2221603 -43.1858749 33.0526733 0.2437928 0.1630058 -0.4451116 0.8460909
1740547322.355541 23.2233372 -43.1977882 33.0685730 0.2479964 0.1582433 -0.4420017 0.8474028
1740547322.450170 23.2338371 -43.2093735 33.0662994 0.2473783 0.1509748 -0.4454883 0.8470837
1740547322.649897 23.2428932 -43.2167320 33.0539703 0.2489162 0.1382913 -0.4469752 0.8480150
1740547322.763947 23.2479897 -43.2198830 33.0535202 0.2535067 0.1315225 -0.4448497 0.8488492
1740547322.859162 23.2491646 -43.2219963 33.0555687 0.2528033 0.1262043 -0.4498360 0.8472370
1740547323.251860 23.2432098 -43.1774864 33.1072006 0.2737019 0.1148486 -0.4490245 0.8427776
1740547323.348684 23.2502689 -43.1406937 33.1419525 0.2831468 0.1144383 -0.4515163 0.8383703
1740547323.443659 23.2056160 -43.1293907 33.1433372 0.2834848 0.1184804 -0.4482976 0.8394212
1740547323.546239 23.1327419 -43.1343269 33.1410980 0.2813240 0.1277797 -0.4422141 0.8420070
1740547323.642222 23.0824471 -43.1273155 33.1505814 0.2799201 0.1343834 -0.4409250 0.8421229
1740547323.737363 23.0513592 -43.0725708 33.2011566 0.2886324 0.1456146 -0.4401807 0.8376926
1740547323.841776 23.0505009 -43.0552444 33.2201691 0.2926649 0.1441986 -0.4413418 0.8359255
1740547323.939111 23.0386467 -43.0582352 33.2228508 0.2932439 0.1419949 -0.4417634 0.8358772
1740547324.042804 23.0231705 -43.0446243 33.2228394 0.2930547 0.1429929 -0.4421511 0.8355683
1740547324.140562 22.9821968 -43.0453873 33.2188644 0.2902085 0.1494505 -0.4426555 0.8351645
1740547324.239174 22.9468269 -43.0351677 33.2358437 0.2900138 0.1570159 -0.4429810 0.8336701
1740547324.344436 22.9037094 -43.0558319 33.2177277 0.2840542 0.1610930 -0.4455366 0.8335822
1740547324.444803 22.8667088 -43.0536118 33.2310028 0.2837674 0.1655802 -0.4448860 0.8331481
1740547324.547103 22.8576145 -43.0409851 33.2403870 0.2856206 0.1668610 -0.4427830 0.8333796
1740547324.645120 22.8500423 -43.0276108 33.2592621 0.2888120 0.1687072 -0.4428871 0.8318512
1740547324.742207 22.8253822 -43.0468597 33.2438660 0.2826705 0.1707055 -0.4459653 0.8319086
1740547324.850041 22.7982006 -43.0466766 33.2467346 0.2806847 0.1759735 -0.4450946 0.8319497
1740547324.947201 22.8147144 -43.0220413 33.2759171 0.2878271 0.1748593 -0.4437868 0.8304415
1740547325.050510 22.8269234 -43.0061493 33.2978516 0.2930185 0.1750777 -0.4427522 0.8291311
1740547325.148955 22.8026638 -42.9997177 33.3131523 0.2938814 0.1803525 -0.4408170 0.8287262
1740547325.249342 22.7852383 -42.9939232 33.3384399 0.2953873 0.1835116 -0.4382615 0.8288527
1740547325.348838 22.7873669 -42.9785614 33.3598900 0.2983400 0.1859029 -0.4375131 0.8276567
1740547325.445551 22.7762413 -42.9833221 33.3740005 0.2985295 0.1878071 -0.4352798 0.8283358
1740547325.548288 22.7595387 -42.9861679 33.3837509 0.2980628 0.1910854 -0.4355092 0.8276332
1740547325.645106 22.7335510 -42.9917297 33.3891907 0.2950677 0.1971769 -0.4365273 0.8267408
1740547325.741701 22.7049923 -43.0202751 33.3874626 0.2894603 0.2014159 -0.4382443 0.8267928
1740547325.852556 22.7048378 -43.0426369 33.3799820 0.2877008 0.2021046 -0.4406411 0.8259646
1740547325.950859 22.6673870 -43.0520134 33.4042320 0.2855398 0.2083406 -0.4368209 0.8271933
1740547326.057010 22.6541843 -43.0377388 33.4428406 0.2879732 0.2156251 -0.4329405 0.8265227
1740547326.151363 22.7082615 -43.0215874 33.5046768 0.2987555 0.2123404 -0.4260992 0.8271011
1740547326.263145 22.6628952 -43.0711670 33.4597778 0.2863705 0.2119884 -0.4250749 0.8320842
1740547326.358932 22.6431274 -43.0927811 33.4703712 0.2824188 0.2150439 -0.4252673 0.8325524
1740547326.452555 22.5866413 -43.1590500 33.4396820 0.2679101 0.2219316 -0.4237393 0.8363107
1740547326.557268 22.5844841 -43.1265182 33.4765244 0.2734777 0.2283054 -0.4210199 0.8341636
1740547326.651174 22.5392952 -43.1661377 33.4427414 0.2614633 0.2375113 -0.4174467 0.8372357
1740547326.754563 22.5031052 -43.1454620 33.4966278 0.2658310 0.2503186 -0.4143824 0.8336437
1740547326.851309 22.4578724 -43.1484146 33.5130577 0.2610663 0.2636512 -0.4135057 0.8314719
1740547326.949474 22.4749279 -43.1619453 33.5223885 0.2619496 0.2649510 -0.4138770 0.8305958
1740547327.052098 22.4860516 -43.1773338 33.5172844 0.2614672 0.2661608 -0.4200794 0.8272404
1740547327.149409 22.4134636 -43.1956253 33.5485039 0.2547332 0.2831621 -0.4104634 0.8285228
1740547327.249479 22.4082375 -43.1904526 33.5467834 0.2527698 0.2879005 -0.4100415 0.8276997
1740547327.350817 22.3569698 -43.1561089 33.6051559 0.2537235 0.3082531 -0.4065105 0.8217990
1740547327.447245 22.2973022 -43.1434212 33.6211586 0.2420231 0.3290018 -0.4051385 0.8179520
1740547327.551599 22.2221756 -43.1568146 33.6300049 0.2339508 0.3414742 -0.4103271 0.8125849
1740547327.650948 22.1976089 -43.2141762 33.6060257 0.2224046 0.3442273 -0.4064295 0.8166142
1740547327.755817 22.2027016 -43.2541733 33.5848618 0.2149881 0.3496925 -0.4167056 0.8110806
1740547327.852921 22.2231102 -43.2527275 33.5800781 0.2155379 0.3492420 -0.4167628 0.8110994
1740547327.951924 22.2341118 -43.2375984 33.5881500 0.2184207 0.3522315 -0.4132751 0.8108200
1740547328.058878 22.2609100 -43.3016281 33.6117935 0.2159394 0.3533238 -0.4134779 0.8109060
1740547328.158101 22.2572327 -43.3581543 33.5998726 0.2100925 0.3542943 -0.4124092 0.8125610
1740547328.268320 22.2712479 -43.3705215 33.5848427 0.2062645 0.3571330 -0.4149160 0.8110214
1740547328.370088 22.2687874 -43.3794327 33.5776443 0.2021485 0.3624844 -0.4168305 0.8086986
1740547328.473264 22.2682800 -43.3946838 33.5572433 0.1974991 0.3630729 -0.4153353 0.8103510
1740547328.581829 22.2687073 -43.4241028 33.5132332 0.1885903 0.3589242 -0.4168418 0.8135418
1740547328.679733 22.2795601 -43.4601860 33.5031204 0.1847058 0.3589016 -0.4204829 0.8125685
1740547328.780615 22.2364731 -43.4749565 33.5117073 0.1773767 0.3681308 -0.4160258 0.8123667
1740547328.880255 22.2464771 -43.4890518 33.5149422 0.1755204 0.3683441 -0.4191936 0.8110437
1740547328.978492 22.2000999 -43.5181046 33.5344009 0.1686889 0.3770816 -0.4140732 0.8111085
1740547329.084974 22.1533203 -43.5397377 33.5369644 0.1626527 0.3830990 -0.4052963 0.8139497
1740547329.185263 22.1604080 -43.5754471 33.4911461 0.1502934 0.3808143 -0.4094384 0.8153237
1740547329.296135 22.1641273 -43.6060181 33.4664993 0.1437915 0.3793641 -0.4098196 0.8169791
1740547329.395305 22.1784401 -43.6145668 33.4624557 0.1455030 0.3777284 -0.4101252 0.8172805
1740547329.492330 22.1411781 -43.6913986 33.4279251 0.1290851 0.3773144 -0.4064248 0.8220644
1740547329.597648 22.1326866 -43.6923218 33.4292068 0.1255321 0.3796338 -0.4084151 0.8205590
1740547329.697200 22.1494694 -43.6752815 33.4336319 0.1295472 0.3801355 -0.4087583 0.8195311
1740547329.805538 22.1774178 -43.6596909 33.4337730 0.1315553 0.3811045 -0.4085480 0.8188658
1740547329.904907 22.1681690 -43.6659470 33.4352074 0.1290526 0.3831752 -0.4062097 0.8194607
1740547330.008540 22.1903534 -43.6770668 33.4003906 0.1288239 0.3755990 -0.4054086 0.8233916
1740547330.110765 22.1717701 -43.7258530 33.3913651 0.1180109 0.3780408 -0.4021086 0.8255103
1740547330.230874 22.1763802 -43.7354164 33.3729439 0.1149221 0.3741564 -0.4036413 0.8269665
1740547330.341726 22.1613464 -43.7444153 33.3875046 0.1117449 0.3800224 -0.4029212 0.8250762
1740547330.545011 22.1102257 -43.7960815 33.3393822 0.1003821 0.3784864 -0.3912368 0.8328297
1740547330.646492 22.0745029 -43.7946625 33.3111916 0.0946650 0.3814385 -0.3912611 0.8321406
1740547330.848883 21.9944229 -43.9313087 33.2378006 0.0622156 0.3744884 -0.3815024 0.8428188
1740547331.057826 22.0511131 -44.0640869 33.1490479 0.0458927 0.3511494 -0.3728899 0.8576369
1740547331.256954 22.0757675 -44.0799141 33.1562462 0.0454064 0.3456676 -0.3728665 0.8598969
1740547331.363157 22.1051064 -44.1039200 33.1521950 0.0433056 0.3404396 -0.3736967 0.8617287
1740547332.179834 22.2806625 -44.0827332 32.9983139 0.0326661 0.2855742 -0.3877065 0.8758219
1740547332.393912 22.2975883 -44.1214294 32.9856606 0.0236464 0.2767387 -0.3918659 0.8770962
1740547332.494115 22.2925892 -44.1823158 32.9800873 0.0148096 0.2716910 -0.3878387 0.8806508
1740547332.599194 22.2941360 -44.1951828 32.9695625 0.0123698 0.2671861 -0.3882771 0.8818727
1740547332.808493 22.3134460 -44.2235298 32.9739342 0.0115338 0.2591037 -0.3877621 0.8845184
1740547332.911609 22.3292198 -44.2158432 32.9978027 0.0155213 0.2613913 -0.3895997 0.8829756
1740547333.121610 22.4342155 -44.2930489 33.1500168 0.0160608 0.2538546 -0.3903931 0.8848125
1740547333.224832 22.4705067 -44.3318825 33.2245178 0.0144822 0.2516630 -0.3894973 0.8858600
1740547333.328945 22.4957352 -44.3697510 33.3362083 0.0124721 0.2540884 -0.3872054 0.8862029
1740547333.429317 22.5553246 -44.3577461 33.4237442 0.0209097 0.2521515 -0.3896317 0.8855335
1740547333.536208 22.5728264 -44.3596230 33.5337181 0.0239134 0.2551344 -0.3923090 0.8834186
1740547333.741971 22.6443634 -44.4370384 33.7266731 0.0244391 0.2531324 -0.3925796 0.8838597
1740547334.169079 22.7888680 -44.6175461 34.0961037 0.0262795 0.2456422 -0.3911551 0.8865478
1740547334.601082 22.9270649 -44.7468605 34.4757729 0.0378392 0.2437899 -0.3966672 0.8841888
