1740547230.935584 0.0000000 0.0000000 0.0000000 -0.0000000 -0.0000000 -0.0000000 1.0000000
1740547231.784911 0.0016204 0.0552262 0.0847593 0.0017006 -0.0001305 0.0000202 0.9999986
1740547231.968937 -0.0080373 0.0364253 0.1817579 0.0042343 -0.0006445 -0.0000252 0.9999908
1740547232.119036 -0.0152110 0.0086926 0.2760921 0.0074230 -0.0015511 0.0002550 0.9999712
1740547232.221594 -0.0191963 -0.0257397 0.3686157 0.0114780 -0.0025878 0.0000665 0.9999308
1740547232.325137 -0.0200888 -0.0522297 0.4645398 0.0161812 -0.0039616 0.0002105 0.9998612
1740547232.429558 -0.0233188 -0.0762683 0.5605983 0.0220024 -0.0055750 0.0001661 0.9997424
1740547232.537280 -0.0161020 -0.1052542 0.6570156 0.0278482 -0.0077843 0.0001469 0.9995819
1740547232.642668 -0.0098539 -0.1251773 0.7530711 0.0347775 -0.0102889 0.0004664 0.9993420
1740547232.854570 0.0010732 -0.1795052 0.9434052 0.0494405 -0.0155868 0.0006320 0.9986553
1740547233.064831 -0.0326595 -0.2301124 1.1328568 0.0649414 -0.0213459 0.0007257 0.9976605
1740547233.279705 -0.0639545 -0.2996992 1.3174490 0.0798095 -0.0279530 0.0005872 0.9964180
1740547233.487437 -0.0992412 -0.3719269 1.4986606 0.0934139 -0.0347935 0.0003579 0.9950192
1740547233.704403 -0.1465548 -0.4188734 1.6850452 0.1055363 -0.0413883 0.0003381 0.9935538
1740547233.914262 -0.1673534 -0.4636950 1.8724811 0.1155558 -0.0481074 0.0003156 0.9921353
1740547234.134873 -0.1957346 -0.5264090 2.0589750 0.1231043 -0.0536772 -0.0001312 0.9909410
1740547234.341426 -0.2220314 -0.5893074 2.2451928 0.1284287 -0.0592418 -0.0003572 0.9899477
1740547234.544672 -0.2636897 -0.6494441 2.4273410 0.1319330 -0.0633813 -0.0007482 0.9892300
1740547234.975592 -0.3465714 -0.7534017 2.7971737 0.1348658 -0.0685415 -0.0012553 0.9884896
1740547235.289105 -0.4047117 -0.8242581 3.0765626 0.1346064 -0.0693421 -0.0016720 0.9884685
1740547235.595481 -0.4462628 -0.9215763 3.3505907 0.1334552 -0.0675604 -0.0016331 0.9887480
1740547235.903331 -0.5128288 -0.9997154 3.6252327 0.1328920 -0.0624695 -0.0012171 0.9891592
1740547236.327727 -0.5886367 -1.0795033 4.0019760 0.1322887 -0.0522037 0.0003556 0.9898355
1740547236.653410 -0.6096406 -1.1551189 4.2781377 0.1337029 -0.0413110 0.0013376 0.9901592
1740547236.970980 -0.6051963 -1.2375963 4.5701599 0.1356527 -0.0307453 0.0029168 0.9902750
1740547237.076087 -0.6211640 -1.2583089 4.6616054 0.1367698 -0.0259357 0.0031304 0.9902583
1740547237.175874 -0.6387728 -1.2792990 4.7581344 0.1378777 -0.0216194 0.0039946 0.9902052
1740547237.292248 -0.6528670 -1.3182473 4.8917294 0.1389415 -0.0161877 0.0043197 0.9901589
1740547237.389633 -0.6380078 -1.3424220 4.9534612 0.1392494 -0.0150757 0.0050508 0.9901297
1740547237.487588 -0.6525316 -1.3606793 5.0401173 0.1409256 -0.0104171 0.0054897 0.9899502
1740547237.612579 -0.6761838 -1.3831402 5.1216016 0.1410175 -0.0063648 0.0065264 0.9899651
1740547237.712973 -0.6743668 -1.4348950 5.2023478 0.1408704 -0.0044356 0.0069463 0.9899938
1740547237.822913 -0.6486362 -1.4582136 5.2868185 0.1415179 -0.0033219 0.0072190 0.9899038
1740547237.922710 -0.6339942 -1.5005246 5.3593988 0.1414312 -0.0024129 0.0076994 0.9899153
1740547238.023277 -0.6324528 -1.5426245 5.4142075 0.1406613 -0.0019318 0.0086194 0.9900184
1740547238.133505 -0.6528758 -1.5534728 5.5117788 0.1423510 0.0012548 0.0078662 0.9897842
1740547238.234622 -0.6318330 -1.5721372 5.5908365 0.1427520 0.0009094 0.0080693 0.9897252
1740547238.341659 -0.5984643 -1.6238382 5.6451626 0.1414634 -0.0010351 0.0080046 0.9899106
1740547238.441787 -0.5889915 -1.6305975 5.7326155 0.1431856 -0.0008469 0.0080550 0.9896627
1740547238.546971 -0.6168661 -1.6286166 5.8200374 0.1462327 0.0012184 0.0077618 0.9892190
1740547238.655384 -0.5837094 -1.6714177 5.8907728 0.1461603 -0.0012207 0.0088004 0.9892210
1740547238.753674 -0.5835234 -1.6968650 5.9673038 0.1464300 -0.0016031 0.0096294 0.9891729
1740547238.859767 -0.5847908 -1.7140840 6.0492277 0.1475826 -0.0017461 0.0089683 0.9890075
1740547238.960194 -0.5872811 -1.7469373 6.1227212 0.1482690 -0.0010939 0.0097135 0.9888988
1740547239.071772 -0.5616749 -1.7461085 6.1908779 0.1492693 -0.0032612 0.0085514 0.9887542
1740547239.172868 -0.5413918 -1.7452964 6.2761879 0.1518748 -0.0049315 0.0075707 0.9883584
1740547239.274263 -0.5329888 -1.7407871 6.3549051 0.1543668 -0.0056903 0.0074052 0.9879695
1740547239.384585 -0.5647780 -1.7932396 6.4233365 0.1527607 -0.0047022 0.0089784 0.9882112
1740547239.485418 -0.5798780 -1.8040314 6.4821644 0.1548263 -0.0044098 0.0086957 0.9878936
1740547239.590598 -0.5549615 -1.8125618 6.5689082 0.1564134 -0.0065131 0.0078328 0.9876391
1740547239.690805 -0.5632686 -1.8511171 6.6316109 0.1554916 -0.0063285 0.0084079 0.9877812
1740547239.795542 -0.5451201 -1.8805412 6.6891060 0.1558864 -0.0083437 0.0087620 0.9877009
1740547239.898033 -0.5768136 -1.9081609 6.7457876 0.1555390 -0.0050311 0.0081782 0.9877831
1740547240.001391 -0.5815656 -1.9437567 6.8038845 0.1560919 -0.0048850 0.0080366 0.9876978
1740547240.110199 -0.5670247 -1.9625618 6.8588972 0.1565091 -0.0052897 0.0083512 0.9876271
1740547240.215596 -0.5652876 -1.9415754 6.8912811 0.1601313 -0.0051185 0.0089021 0.9870423
1740547240.328614 -0.5630485 -1.9459242 6.9106035 0.1609373 -0.0044854 0.0092451 0.9869111
1740547240.433475 -0.5500639 -1.9693841 6.9518762 0.1611181 -0.0039918 0.0073598 0.9868997
1740547240.545563 -0.5655355 -1.9449086 6.9952025 0.1673056 -0.0019252 0.0085990 0.9858657
1740547240.656781 -0.5854340 -1.9550079 7.0282736 0.1670914 0.0032464 0.0089895 0.9858951
1740547240.760897 -0.5931707 -1.9565885 7.0300107 0.1654222 0.0065475 0.0089096 0.9861609
1740547240.872948 -0.6124604 -1.9688396 7.0414529 0.1626418 0.0099833 0.0095639 0.9865883
1740547240.975548 -0.6245149 -1.9928162 7.0796614 0.1608315 0.0135153 0.0108504 0.9868297
1740547241.087659 -0.6162957 -2.0225167 7.1239123 0.1605044 0.0122941 0.0132594 0.9868695
1740547241.194731 -0.5943255 -2.0107541 7.1460080 0.1614212 0.0106421 0.0119587 0.9867558
1740547241.304927 -0.5859394 -2.0080149 7.1514134 0.1618036 0.0095634 0.0126192 0.9866959
1740547241.410928 -0.5951699 -2.0133595 7.1516237 0.1577813 0.0137282 0.0113590 0.9873133
1740547241.517723 -0.6057392 -2.0276699 7.1722927 0.1545213 0.0160785 0.0112518 0.9877946
1740547241.625221 -0.5978987 -2.0342016 7.1839576 0.1516992 0.0162668 0.0109829 0.9882318
1740547241.729602 -0.5724846 -2.0635474 7.2219176 0.1494034 0.0119239 0.0086774 0.9886664
1740547241.840766 -0.5341524 -2.0762658 7.2675118 0.1476877 0.0060908 0.0083918 0.9889797
1740547241.945048 -0.4837871 -2.0792956 7.2896910 0.1480690 -0.0015904 0.0078009 0.9889450
1740547242.053980 -0.4691605 -2.1210947 7.2968812 0.1389631 -0.0023167 0.0096272 0.9902480
1740547242.159671 -0.4763838 -2.1324773 7.3205652 0.1359344 -0.0006320 0.0089855 0.9906769
1740547242.266111 -0.4833166 -2.1469831 7.3427577 0.1323752 0.0011263 0.0088123 0.9911599
1740547242.376433 -0.5038709 -2.1572127 7.3500051 0.1283047 0.0042244 0.0078503 0.9916947
1740547242.482216 -0.5238789 -2.1639786 7.3731971 0.1287387 0.0044101 0.0087770 0.9916300
1740547242.594458 -0.5501191 -2.1643803 7.3858376 0.1263891 0.0057822 0.0081493 0.9919304
1740547242.703194 -0.5649741 -2.1710050 7.4145422 0.1258778 0.0065553 0.0116372 0.9919558
1740547242.816262 -0.5701932 -2.1671567 7.4319606 0.1256303 0.0058225 0.0075721 0.9920312
1740547242.924372 -0.5656244 -2.1667211 7.4371920 0.1239315 0.0043451 0.0070025 0.9922566
1740547243.034286 -0.5681316 -2.1661115 7.4369664 0.1215384 0.0029415 0.0077239 0.9925523
1740547243.143791 -0.5708210 -2.1652415 7.4358988 0.1208823 0.0031994 0.0047277 0.9926504
1740547243.250963 -0.5686321 -2.1599302 7.4328313 0.1212203 0.0011377 0.0055971 0.9926092
1740547243.364067 -0.5658668 -2.1658127 7.4417591 0.1193030 0.0003352 0.0052812 0.9928438
1740547243.472322 -0.5580133 -2.1778336 7.4500856 0.1151406 -0.0024822 0.0041728 0.9933373
1740547243.582426 -0.5523041 -2.1806114 7.4497252 0.1126173 -0.0052837 0.0041650 0.9936157
1740547243.689851 -0.5462520 -2.1819715 7.4442639 0.1094169 -0.0071918 0.0019733 0.9939680
1740547243.799434 -0.5448933 -2.1820076 7.4470034 0.1094100 -0.0092038 0.0011681 0.9939535
1740547243.908628 -0.5374122 -2.1867561 7.4600487 0.1081419 -0.0106650 0.0003586 0.9940782
1740547244.015285 -0.5343001 -2.2036223 7.4824619 0.1065574 -0.0082832 0.0020017 0.9942700
1740547244.128378 -0.5290331 -2.2257593 7.5192065 0.1045032 -0.0046537 0.0018656 0.9945120
1740547244.239756 -0.5225412 -2.2377968 7.5570869 0.1056935 -0.0016186 0.0016095 0.9943962
1740547244.360592 -0.5188052 -2.2549608 7.5848088 0.1059143 0.0024496 0.0021843 0.9943699
1740547244.469608 -0.5234766 -2.2635233 7.6144495 0.1066682 0.0073359 0.0027389 0.9942638
1740547244.582101 -0.5183458 -2.2839584 7.6425223 0.1084539 0.0119230 0.0021520 0.9940277
1740547244.691525 -0.5331393 -2.2819786 7.6765633 0.1118358 0.0174676 0.0026977 0.9935695
1740547244.807711 -0.5420989 -2.2810583 7.7032647 0.1163473 0.0235555 0.0032658 0.9929239
1740547244.912869 -0.5562964 -2.2835858 7.7241120 0.1191543 0.0312066 0.0046396 0.9923744
1740547245.021057 -0.5649078 -2.2882223 7.7519393 0.1235697 0.0382487 0.0046054 0.9915878
1740547245.134874 -0.5716294 -2.2929273 7.7662320 0.1293450 0.0458721 0.0056044 0.9905222
1740547245.243702 -0.5716556 -2.2965751 7.7993097 0.1362769 0.0522483 0.0063196 0.9892718
1740547245.366746 -0.5699013 -2.3111115 7.8547206 0.1403835 0.0591863 0.0075736 0.9882976
1740547245.475868 -0.5683621 -2.3274052 7.9079304 0.1458001 0.0665533 0.0086073 0.9870355
1740547245.587905 -0.5663202 -2.3520417 7.9697647 0.1514177 0.0740608 0.0084679 0.9856551
1740547245.700195 -0.5730411 -2.3763881 8.0152817 0.1557565 0.0833510 0.0090067 0.9842314
1740547245.811814 -0.5644711 -2.3941174 8.0746126 0.1625177 0.0918532 0.0099822 0.9823703
1740547245.920355 -0.6012281 -2.4171214 8.1327066 0.1673126 0.1027745 0.0112560 0.9804679
1740547246.022497 -0.6131522 -2.4245801 8.1897211 0.1751012 0.1128432 0.0119646 0.9779892
1740547246.130757 -0.6245911 -2.4448421 8.2491894 0.1816691 0.1231682 0.0121826 0.9755396
1740547246.236207 -0.6466904 -2.4448900 8.3065138 0.1892856 0.1341040 0.0135159 0.9726276
1740547246.344015 -0.6440303 -2.4354405 8.3583155 0.1997437 0.1417284 0.0133064 0.9694527
1740547246.447509 -0.6490669 -2.4177618 8.4042492 0.2114300 0.1507640 0.0126050 0.9656131
1740547246.557731 -0.6397549 -2.4317274 8.4513912 0.2192345 0.1560083 0.0100177 0.9630666
1740547246.662960 -0.6107694 -2.4357538 8.4754353 0.2280116 0.1606725 0.0091629 0.9602662
1740547246.769402 -0.5777342 -2.4645166 8.4887781 0.2331896 0.1649968 0.0089550 0.9582893
1740547246.883809 -0.5540799 -2.4820616 8.4962101 0.2380107 0.1701518 0.0095406 0.9561947
1740547246.990058 -0.5213879 -2.5094016 8.5118246 0.2406260 0.1735676 0.0106435 0.9549137
1740547247.099895 -0.4654761 -2.5752897 8.4983330 0.2344793 0.1772052 0.0115168 0.9557642
1740547247.207824 -0.4122497 -2.6344538 8.5192308 0.2300255 0.1794307 0.0162630 0.9563621
1740547247.313969 -0.3828219 -2.6850455 8.5545855 0.2339026 0.1834110 0.0169746 0.9546527
1740547247.420547 -0.3173803 -2.7270052 8.6172762 0.2380468 0.1884920 0.0176599 0.9526241
1740547247.522018 -0.2665820 -2.7706895 8.6571198 0.2419872 0.1942664 0.0180061 0.9504623
1740547247.626687 -0.2314345 -2.7915926 8.7285690 0.2460661 0.1989645 0.0180963 0.9484393
1740547247.732803 -0.1831842 -2.8444710 8.8002720 0.2485742 0.2038056 0.0198156 0.9467214
1740547247.860053 -0.1325058 -2.8988957 8.8632927 0.2504569 0.2083480 0.0200972 0.9452294
1740547247.960706 -0.0669019 -2.9260659 8.9184599 0.2537678 0.2113039 0.0207121 0.9436756
1740547248.068942 -0.0466097 -2.9798167 8.9891043 0.2551672 0.2161496 0.0217226 0.9421768
1740547248.174937 0.0168905 -2.9907994 9.0673046 0.2593054 0.2195337 0.0220083 0.9402559
1740547248.274137 0.0825444 -3.0420389 9.1252527 0.2609747 0.2228355 0.0227981 0.9389977
1740547248.380918 0.1222603 -3.0988538 9.1997261 0.2622406 0.2276030 0.0239304 0.9374722
1740547248.483480 0.1920539 -3.1490984 9.2459335 0.2643082 0.2303073 0.0243411 0.9362196
1740547248.592234 0.2436646 -3.1879592 9.3106556 0.2656714 0.2335809 0.0255163 0.9349907
1740547248.692604 0.3094831 -3.2375126 9.3679447 0.2667341 0.2373196 0.0257952 0.9337382
1740547248.803504 0.3723974 -3.2834325 9.4099255 0.2680428 0.2406654 0.0258026 0.9325060
1740547248.908731 0.4066756 -3.3304758 9.4669008 0.2700914 0.2446135 0.0264160 0.9308690
1740547249.009909 0.4633297 -3.3771806 9.5359344 0.2707570 0.2474024 0.0272618 0.9299137
1740547249.114938 0.5039973 -3.4068284 9.6139011 0.2729965 0.2505399 0.0279696 0.9283968
1740547249.217336 0.5811409 -3.4336300 9.6823120 0.2758034 0.2527699 0.0279079 0.9269633
1740547249.332141 0.6342034 -3.4767759 9.7511196 0.2775495 0.2562496 0.0286904 0.9254616
1740547249.434113 0.7053926 -3.5145276 9.8128548 0.2808762 0.2589233 0.0278836 0.9237369
1740547249.540686 0.7670698 -3.5512035 9.8676996 0.2848049 0.2622934 0.0280240 0.9215764
1740547249.645015 0.8287886 -3.6055386 9.9208155 0.2876481 0.2656724 0.0278781 0.9197280
1740547249.746117 0.9000997 -3.6457591 9.9566097 0.2912469 0.2682968 0.0279548 0.9178293
1740547249.864170 0.9699144 -3.7131858 10.0041065 0.2938987 0.2703421 0.0273965 0.9163995
1740547249.965248 1.0476583 -3.7788372 10.0649796 0.2964752 0.2729628 0.0277407 0.9147810
1740547250.075907 1.0907798 -3.8424659 10.1307344 0.2997404 0.2762203 0.0274844 0.9127446
1740547250.177429 1.1275519 -3.8947382 10.1801147 0.3030630 0.2797187 0.0275951 0.9105761
1740547250.277705 1.1866281 -3.9545491 10.2458496 0.3063112 0.2824909 0.0266062 0.9086608
1740547250.383173 1.2439537 -4.0047750 10.3169870 0.3095443 0.2845018 0.0270897 0.9069219
1740547250.486373 1.2776279 -4.0503306 10.3966236 0.3128639 0.2874646 0.0266562 0.9048590
1740547250.591099 1.3436645 -4.1072741 10.4749699 0.3166813 0.2888820 0.0260907 0.9030944
1740547250.691512 1.3948364 -4.1559591 10.5250034 0.3196842 0.2915284 0.0263720 0.9011757
1740547250.809748 1.4618859 -4.2143121 10.5964937 0.3235469 0.2932910 0.0255044 0.8992482
1740547250.910245 1.5209012 -4.2789755 10.6584454 0.3272033 0.2948526 0.0248566 0.8974308
1740547251.010669 1.5877914 -4.3461065 10.7047844 0.3308274 0.2963352 0.0240934 0.8956328
1740547251.117211 1.6547874 -4.4180698 10.7550659 0.3343611 0.2975268 0.0235870 0.8939375
1740547251.219407 1.7084683 -4.4881330 10.8075390 0.3378251 0.2991799 0.0229448 0.8920981
1740547251.328622 1.7480550 -4.5603733 10.8692904 0.3408175 0.3013992 0.0227241 0.8902166
1740547251.431694 1.8142219 -4.6191139 10.9305773 0.3444381 0.3023567 0.0218165 0.8885195
1740547251.531431 1.8670069 -4.6673870 10.9877901 0.3478460 0.3040887 0.0217171 0.8866012
1740547251.635659 1.9310344 -4.7391033 11.0495634 0.3512897 0.3048905 0.0207402 0.8849899
1740547251.741626 1.9929509 -4.8117127 11.0956144 0.3544168 0.3059172 0.0201086 0.8834020
1740547252.407989 2.0457509 -4.8893385 11.1449718 0.3571162 0.3071084 0.0197400 0.8819087
1740547252.508969 2.1228318 -4.9456253 11.1925983 0.3610407 0.3075649 0.0186988 0.8801726
1740547252.615674 2.1621995 -5.0246124 11.2462425 0.3634237 0.3094330 0.0182289 0.8785455
1740547253.336361 2.5447569 -5.5080261 11.6058292 0.3821879 0.3185829 0.0155868 0.8672915
1740547253.539479 2.6592007 -5.6620350 11.7139950 0.3884128 0.3207326 0.0144110 0.8637468
1740547253.743015 2.7853680 -5.8078957 11.8002157 0.3927737 0.3239898 0.0141525 0.8605575
1740547254.061839 2.9714413 -5.9978485 11.9716043 0.4007490 0.3295220 0.0140731 0.8547616
1740547254.257982 3.0796015 -6.1401935 12.0742426 0.4049576 0.3348922 0.0146148 0.8506721
1740547254.473973 3.1912107 -6.2979240 12.1515436 0.4083253 0.3410804 0.0160108 0.8465685
1740547254.781445 3.3752820 -6.5223155 12.2611494 0.4139453 0.3520444 0.0184178 0.8392704
1740547255.097403 3.5780823 -6.7359014 12.3637648 0.4190894 0.3647542 0.0228513 0.8311416
1740547255.505049 3.8595948 -7.0258603 12.4726200 0.4234282 0.3849550 0.0308008 0.8194935
1740547255.913732 4.1412544 -7.2936592 12.5932703 0.4254885 0.4084175 0.0413229 0.8065030
1740547256.209099 4.3993502 -7.4566975 12.6480742 0.4271820 0.4241217 0.0487135 0.7970341
1740547256.411115 4.5578370 -7.5826459 12.6951075 0.4283616 0.4350413 0.0533387 0.7901902
1740547256.718689 4.8081074 -7.7447619 12.7243814 0.4292815 0.4478487 0.0591868 0.7820779
1740547256.922407 4.9762483 -7.8549061 12.7664452 0.4312034 0.4560641 0.0615982 0.7760637
1740547257.021943 5.0557232 -7.9159975 12.7884617 0.4325529 0.4598374 0.0625242 0.7730061
1740547257.325336 5.2958183 -8.0941849 12.8411884 0.4371771 0.4695953 0.0645951 0.7643192
1740547257.521504 5.4578609 -8.2132483 12.8717346 0.4408635 0.4748985 0.0650537 0.7588668
1740547257.723418 5.6080346 -8.3402786 12.9077835 0.4454314 0.4796888 0.0649474 0.7531742
1740547257.923297 5.7739868 -8.4590578 12.9305105 0.4506407 0.4840652 0.0632591 0.7473969
1740547258.131485 5.9253578 -8.5888643 12.9284697 0.4558396 0.4879982 0.0616328 0.7418014
1740547258.229343 6.0010824 -8.6529045 12.9314785 0.4585140 0.4898124 0.0604058 0.7390534
1740547258.431083 6.1482968 -8.7910967 12.9202671 0.4629628 0.4934946 0.0593385 0.7338988
1740547258.634926 6.3141413 -8.9140062 12.9195700 0.4681166 0.4972570 0.0578129 0.7281896
1740547258.835269 6.4672298 -9.0369387 12.9060268 0.4718143 0.5002166 0.0569490 0.7238311
1740547259.041433 6.6138859 -9.1792459 12.9121284 0.4752774 0.5043976 0.0570664 0.7186363
1740547259.244990 6.7770171 -9.2913570 12.9215364 0.4783514 0.5064124 0.0564504 0.7152202
1740547259.444919 6.9432559 -9.4051065 12.9384613 0.4809737 0.5107100 0.0562296 0.7104068
1740547259.647662 7.1022682 -9.5263853 12.9289341 0.4824153 0.5134556 0.0570530 0.7073781
1740547259.850240 7.2544694 -9.6564035 12.9137421 0.4841540 0.5169274 0.0578868 0.7035838
1740547260.053909 7.4120350 -9.7784910 12.8984728 0.4850996 0.5201048 0.0593818 0.7004592
1740547260.267538 7.5658159 -9.8979778 12.8947468 0.4860279 0.5227771 0.0600692 0.6977627
1740547260.470404 7.7048736 -10.0340996 12.8539953 0.4869267 0.5260593 0.0615879 0.6945294
1740547260.677216 7.8763967 -10.1339941 12.8575239 0.4879079 0.5291300 0.0624146 0.6914275
1740547260.890198 8.0413494 -10.2401371 12.8649254 0.4886038 0.5319127 0.0640675 0.6886440
1740547261.097089 8.2016811 -10.3588505 12.8576298 0.4890341 0.5347940 0.0651594 0.6859995
1740547261.299464 8.3594770 -10.4721413 12.8390131 0.4900254 0.5370117 0.0660064 0.6834740
1740547261.504223 8.5158300 -10.5858822 12.8059597 0.4906270 0.5390047 0.0664957 0.6814231
1740547261.714200 8.6715279 -10.7044601 12.7907829 0.4914211 0.5400446 0.0670123 0.6799755
1740547261.916732 8.8270626 -10.8167210 12.7709446 0.4917373 0.5413009 0.0672462 0.6787237
1740547262.222569 9.0401278 -10.9985771 12.7180643 0.4923206 0.5424899 0.0679376 0.6772810
1740547262.326921 9.1179104 -11.0558615 12.7153711 0.4926339 0.5422552 0.0678843 0.6772465
1740547262.527282 9.2753658 -11.1676607 12.7097683 0.4920507 0.5418406 0.0677449 0.6780159
1740547262.739039 9.4418421 -11.2623882 12.7080069 0.4919300 0.5411769 0.0675078 0.6786569
1740547262.945230 9.6030569 -11.3654795 12.7028408 0.4913437 0.5399823 0.0670100 0.6800811
1740547263.154783 9.7510357 -11.4821186 12.6929216 0.4910601 0.5377513 0.0665034 0.6821004
1740547263.366502 9.8929834 -11.6015177 12.6803713 0.4908156 0.5359144 0.0651221 0.6838530
1740547263.566370 10.0427904 -11.7123079 12.6614017 0.4907923 0.5334936 0.0634186 0.6859196
1740547263.777958 10.1926107 -11.8237095 12.6674900 0.4915834 0.5309535 0.0614956 0.6874973
1740547263.979291 10.3399591 -11.9346037 12.6584873 0.4921077 0.5283555 0.0591446 0.6893275
1740547264.189916 10.4911814 -12.0413532 12.6571369 0.4936970 0.5254886 0.0561593 0.6906311
1740547264.402299 10.6323910 -12.1629915 12.6459656 0.4954228 0.5225887 0.0525572 0.6918779
1740547264.612052 10.8029261 -12.2794590 12.6690159 0.4985919 0.5201791 0.0491079 0.6916706
1740547264.712420 10.8682747 -12.3359404 12.6548862 0.4997105 0.5182186 0.0475462 0.6924437
1740547264.811147 10.9248304 -12.4090033 12.6663780 0.5013425 0.5190737 0.0449557 0.6907946
1740547264.913371 10.9795809 -12.4716492 12.6561260 0.5020750 0.5183828 0.0426721 0.6909262
1740547265.028107 11.0644999 -12.5277824 12.6494827 0.5049034 0.5162858 0.0411050 0.6905301
1740547265.136984 11.1414871 -12.5952854 12.6311016 0.5059385 0.5151210 0.0379979 0.6908203
1740547265.240463 11.2080812 -12.6702032 12.6264572 0.5079862 0.5147120 0.0357743 0.6897403
1740547265.344948 11.2596169 -12.7578392 12.6158714 0.5086531 0.5151604 0.0333066 0.6890373
1740547265.444950 11.3471670 -12.8179579 12.6234856 0.5119222 0.5137866 0.0315774 0.6877222
1740547265.543759 11.4250126 -12.8789892 12.6052570 0.5136713 0.5126022 0.0289703 0.6874166
1740547265.655474 11.4640026 -12.9645243 12.5966206 0.5142973 0.5133306 0.0285507 0.6864218
1740547265.756821 11.5471697 -13.0314875 12.5872040 0.5177152 0.5111811 0.0252530 0.6855852
1740547265.863651 11.6170750 -13.1058750 12.5943871 0.5206029 0.5102525 0.0234284 0.6841536
1740547265.959473 11.6681519 -13.1920319 12.5930901 0.5218890 0.5101913 0.0216682 0.6832768
1740547266.059174 11.7150145 -13.2768154 12.5933876 0.5231853 0.5110022 0.0212970 0.6816893
1740547266.164610 11.7937002 -13.3481674 12.5779724 0.5263643 0.5089158 0.0182527 0.6808907
1740547266.264224 11.8678074 -13.4205399 12.5569210 0.5287710 0.5074773 0.0150883 0.6801767
1740547266.368083 11.9243612 -13.4998341 12.5589848 0.5305832 0.5075560 0.0135232 0.6787382
1740547266.468398 11.9905939 -13.5786238 12.5546188 0.5323176 0.5068670 0.0123044 0.6779177
1740547266.567365 12.0426235 -13.6585665 12.5643120 0.5341763 0.5068909 0.0100223 0.6764739
1740547266.671519 12.0779419 -13.7489014 12.5565052 0.5347276 0.5069945 0.0093208 0.6759705
1740547266.771975 12.1542873 -13.8153515 12.5650368 0.5377086 0.5045538 0.0065702 0.6754642
1740547266.879547 12.2045116 -13.9015732 12.5683231 0.5396885 0.5044989 0.0042972 0.6739426
1740547266.978493 12.2537823 -13.9864874 12.5589352 0.5404879 0.5037886 0.0034606 0.6738382
1740547267.078316 12.3060360 -14.0697861 12.5599327 0.5420311 0.5032188 0.0016683 0.6730307
1740547267.196566 12.3697691 -14.1440353 12.5567245 0.5434538 0.5017585 -0.0011853 0.6729747
1740547267.295139 12.3890886 -14.1894226 12.5391464 0.5439147 0.4998867 -0.0024709 0.6739911
1740547267.400388 12.4020596 -14.2293425 12.5371094 0.5453970 0.4983550 -0.0054493 0.6739100
1740547267.499344 12.4244423 -14.3077621 12.5286064 0.5458000 0.4969366 -0.0053201 0.6746318
1740547267.603664 12.4725161 -14.3872776 12.5213394 0.5464591 0.4963929 -0.0067067 0.6744861
1740547267.705897 12.4902592 -14.4649162 12.5120430 0.5457479 0.4948201 -0.0060371 0.6762217
1740547267.806553 12.5017748 -14.5406446 12.5027122 0.5462598 0.4945491 -0.0070870 0.6759964
1740547267.913229 12.5093918 -14.5980377 12.4915009 0.5452914 0.4939305 -0.0075946 0.6772240
1740547268.010894 12.5166969 -14.6246424 12.4866009 0.5461288 0.4923255 -0.0096907 0.6776909
1740547268.112387 12.5268021 -14.6433649 12.4818726 0.5466972 0.4882129 -0.0105911 0.6801898
1740547268.212332 12.5408144 -14.7119064 12.4668560 0.5466012 0.4847778 -0.0105405 0.6827199
1740547268.311513 12.5624113 -14.7977104 12.4641113 0.5473454 0.4843034 -0.0121454 0.6824337
1740547268.413529 12.6065063 -14.8848991 12.4750767 0.5488229 0.4825983 -0.0133365 0.6824328
1740547268.511536 12.6179323 -14.9173403 12.4681225 0.5491453 0.4792187 -0.0159731 0.6844952
1740547268.613493 12.6234818 -14.8867426 12.4731712 0.5526053 0.4764109 -0.0187643 0.6835992
1740547268.712976 12.6211300 -14.9238825 12.4724522 0.5522496 0.4776897 -0.0208425 0.6829337
1740547268.811769 12.6709995 -15.0164509 12.4720554 0.5530209 0.4758371 -0.0230183 0.6835328
1740547268.918429 12.7167969 -15.0916405 12.4854774 0.5542685 0.4741797 -0.0266657 0.6835415
1740547269.016906 12.7356339 -15.1446037 12.5036354 0.5562427 0.4716350 -0.0280121 0.6836445
1740547269.125289 12.7445908 -15.2053108 12.4915905 0.5565323 0.4682329 -0.0308588 0.6856220
1740547269.229256 12.7618008 -15.2605991 12.4935665 0.5573058 0.4637372 -0.0323287 0.6879774
1740547269.326700 12.7750397 -15.2825565 12.4982586 0.5598695 0.4618456 -0.0355753 0.6870074
1740547269.433554 12.7882042 -15.3043747 12.5153141 0.5619597 0.4590190 -0.0378545 0.6870733
1740547269.532512 12.8103733 -15.3659592 12.5321121 0.5635495 0.4572420 -0.0409984 0.6867757
1740547269.635213 12.8483315 -15.4458342 12.5185871 0.5635337 0.4549428 -0.0444520 0.6880995
1740547269.733597 12.8878593 -15.5188608 12.5246162 0.5650757 0.4508430 -0.0486025 0.6892517
1740547269.832441 12.9152803 -15.5856915 12.5080109 0.5645736 0.4451342 -0.0518204 0.6931283
1740547269.939298 12.9418116 -15.6252098 12.5176277 0.5665213 0.4421424 -0.0557814 0.6931465
1740547270.039646 12.9591026 -15.6914835 12.5245991 0.5671243 0.4388327 -0.0601707 0.6943885
1740547270.147045 12.9994373 -15.7696686 12.5111485 0.5669125 0.4347445 -0.0633418 0.6968467
1740547270.246006 13.0231953 -15.8655233 12.5050640 0.5672803 0.4304410 -0.0651247 0.6990511
1740547270.354684 13.0553761 -15.9105625 12.4896755 0.5670425 0.4238625 -0.0715290 0.7026287
1740547270.449419 13.0662289 -15.9658909 12.4850273 0.5667763 0.4206579 -0.0760002 0.7042979
1740547270.546720 13.0919704 -16.0267906 12.4785118 0.5674850 0.4133584 -0.0813240 0.7074475
1740547270.650280 13.1240807 -16.0953579 12.4602661 0.5666150 0.4053183 -0.0861098 0.7122146
1740547270.748457 13.1509991 -16.1846104 12.4568481 0.5662580 0.3993011 -0.0894943 0.7154728
1740547270.854648 13.1856575 -16.2567425 12.4584312 0.5666741 0.3931581 -0.0942512 0.7179303
1740547270.954702 13.2075052 -16.3330574 12.4583874 0.5667005 0.3865668 -0.0994938 0.7207757
1740547271.053371 13.2253695 -16.4101028 12.4502506 0.5655655 0.3794777 -0.1042560 0.7247503
1740547271.156657 13.2600822 -16.4906788 12.4692345 0.5662891 0.3731663 -0.1101775 0.7265841
1740547271.258725 13.2843790 -16.5580387 12.4638920 0.5663390 0.3653410 -0.1166947 0.7294988
1740547271.363224 13.3049822 -16.6477013 12.4738941 0.5661487 0.3591845 -0.1222372 0.7317925
1740547271.463865 13.3348312 -16.7103004 12.4625759 0.5654628 0.3500718 -0.1291871 0.7355353
1740547271.561715 13.3670874 -16.7711601 12.4622841 0.5655361 0.3410320 -0.1363759 0.7384224
1740547271.680890 13.4002123 -16.8193893 12.4656429 0.5670386 0.3308261 -0.1440753 0.7404482
1740547271.778681 13.4278765 -16.8854542 12.4716854 0.5680920 0.3225390 -0.1505136 0.7420148
1740547271.895472 13.4359303 -16.9536133 12.4638977 0.5674168 0.3144693 -0.1562374 0.7448067
1740547271.992463 13.4752665 -17.0138283 12.4590149 0.5674952 0.3043536 -0.1640157 0.7472731
1740547272.087913 13.4922781 -17.0992584 12.4657040 0.5680194 0.2966789 -0.1689293 0.7488648
1740547272.190191 13.5114365 -17.1886101 12.4665165 0.5676001 0.2900410 -0.1739755 0.7506256
1740547272.287761 13.5269270 -17.2766666 12.4851456 0.5683581 0.2837148 -0.1792254 0.7512345
1740547272.399244 13.5295134 -17.3695030 12.5112953 0.5692129 0.2794695 -0.1827283 0.7513348
1740547272.494885 13.5380983 -17.4501686 12.5319939 0.5711631 0.2738391 -0.1886808 0.7504562
1740547272.590170 13.5477180 -17.5253468 12.5383396 0.5729040 0.2663152 -0.1943870 0.7503806
1740547272.697890 13.5511055 -17.6019726 12.5561409 0.5734933 0.2641671 -0.1975116 0.7498736
1740547272.792848 13.5613441 -17.6848106 12.5782814 0.5759060 0.2589979 -0.2017058 0.7487103
1740547272.895853 13.5731955 -17.7766399 12.6049614 0.5781094 0.2547835 -0.2056276 0.7473903
1740547272.996979 13.5815525 -17.8691330 12.6220837 0.5803527 0.2496812 -0.2088117 0.7464903
1740547273.092836 13.5890617 -17.9514465 12.6470680 0.5840023 0.2459093 -0.2131761 0.7436571
1740547273.198163 13.5988531 -18.0312653 12.6594353 0.5864100 0.2409684 -0.2164545 0.7424318
1740547273.297733 13.6061993 -18.1199970 12.6765194 0.5888120 0.2366400 -0.2195689 0.7410070
1740547273.400252 13.6174421 -18.2083664 12.6984177 0.5916858 0.2316074 -0.2244737 0.7388353
1740547273.498045 13.6264744 -18.3040600 12.7064838 0.5943835 0.2267714 -0.2282272 0.7370178
1740547273.595120 13.6395645 -18.3855133 12.7246895 0.5984933 0.2225854 -0.2322095 0.7337167
1740547273.700547 13.6386166 -18.4687462 12.7403851 0.6012626 0.2204796 -0.2343379 0.7314081
1740547273.797819 13.6509123 -18.5507832 12.7571068 0.6057719 0.2171713 -0.2387740 0.7272304
1740547273.901012 13.6555920 -18.6394272 12.7699146 0.6086400 0.2147574 -0.2411608 0.7247608
1740547273.998337 13.6680737 -18.7358704 12.7909126 0.6127323 0.2098262 -0.2438950 0.7218361
1740547274.095965 13.6647224 -18.8374348 12.7992535 0.6149020 0.2071119 -0.2463854 0.7199267
1740547274.206364 13.6621094 -18.9353466 12.8094120 0.6173284 0.2038875 -0.2493694 0.7177398
1740547274.305596 13.6607285 -19.0268002 12.8276558 0.6205058 0.2009809 -0.2521247 0.7148514
1740547274.413665 13.6567459 -19.1342926 12.8367786 0.6236767 0.1981380 -0.2541529 0.7121622
1740547274.508046 13.6327209 -19.2431297 12.8466015 0.6261996 0.1962603 -0.2560625 0.7097802
1740547274.619671 13.6291475 -19.3382797 12.8616276 0.6287512 0.1941995 -0.2576015 0.7075309
1740547274.815083 13.5975075 -19.5506401 12.8771725 0.6329970 0.1903248 -0.2603656 0.7037764
1740547274.915896 13.5837135 -19.6476631 12.8878231 0.6355320 0.1882809 -0.2618785 0.7014763
1740547275.012879 13.5716057 -19.7511330 12.8902264 0.6372164 0.1862767 -0.2635770 0.6998453
1740547275.123528 13.5694380 -19.8490906 12.9042645 0.6387110 0.1847804 -0.2651894 0.6982687
1740547275.218187 13.5675850 -19.9454842 12.9112740 0.6394445 0.1828717 -0.2664895 0.6976045
1740547275.319691 13.5725689 -20.0389156 12.9295006 0.6411162 0.1811615 -0.2680293 0.6959245
1740547275.429372 13.5646992 -20.1413670 12.9405556 0.6429084 0.1801268 -0.2691914 0.6940887
1740547275.528033 13.5448303 -20.2373943 12.9383755 0.6441076 0.1791233 -0.2694784 0.6931247
1740547275.629570 13.5406332 -20.3364754 12.9554939 0.6453708 0.1781417 -0.2705537 0.6917823
1740547275.732737 13.5357656 -20.4349880 12.9675217 0.6465473 0.1767956 -0.2715735 0.6906286
1740547275.828291 13.5256968 -20.5378571 12.9840240 0.6471560 0.1762587 -0.2717765 0.6901156
1740547275.930756 13.5055513 -20.6414165 12.9896641 0.6473407 0.1760326 -0.2723711 0.6897655
1740547276.031986 13.4940758 -20.7419682 13.0016918 0.6479331 0.1754525 -0.2724569 0.6893231
1740547276.136236 13.4816513 -20.8442707 13.0162067 0.6488941 0.1750837 -0.2723127 0.6885695
1740547276.237184 13.4713383 -20.9377975 13.0309601 0.6497251 0.1745553 -0.2729820 0.6876544
1740547276.335406 13.4685049 -21.0425835 13.0406590 0.6503954 0.1737340 -0.2734827 0.6870295
1740547276.438312 13.4456139 -21.1433353 13.0463696 0.6502350 0.1738643 -0.2736260 0.6870913
1740547276.647364 13.4202824 -21.3445320 13.0667782 0.6501651 0.1738067 -0.2738457 0.6870844
1740547276.744752 13.4107590 -21.4455700 13.0873260 0.6508042 0.1737054 -0.2736888 0.6865674
1740547276.842776 13.3923635 -21.5464554 13.0996857 0.6506381 0.1741397 -0.2736284 0.6866389
1740547277.048547 13.3539486 -21.7537479 13.1172371 0.6496799 0.1748528 -0.2732739 0.6875056
1740547277.250542 13.3347836 -21.9577446 13.1414890 0.6498728 0.1746108 -0.2731053 0.6874518
1740547277.466140 13.3101692 -22.1636333 13.1682873 0.6496923 0.1759220 -0.2721729 0.6876578
1740547277.563653 13.2880306 -22.2650433 13.1816406 0.6490369 0.1771764 -0.2714362 0.6882457
1740547277.772854 13.2840176 -22.4734077 13.1873550 0.6475797 0.1771883 -0.2707144 0.6898975
1740547277.875172 13.2753477 -22.5768776 13.2006207 0.6473778 0.1777090 -0.2708428 0.6899026
1740547278.083402 13.2390823 -22.7755890 13.2250557 0.6462339 0.1791581 -0.2697148 0.6910414
1740547278.191322 13.2079201 -22.8706284 13.2442074 0.6458582 0.1805719 -0.2682885 0.6915795
1740547278.400815 13.1745462 -23.0758057 13.2809353 0.6444348 0.1829036 -0.2665329 0.6929721
1740547278.502968 13.1746025 -23.1781025 13.3010788 0.6437926 0.1836336 -0.2660299 0.6935689
1740547278.604394 13.1587868 -23.2783890 13.3220444 0.6423669 0.1846100 -0.2645776 0.6951852
1740547278.715959 13.1449680 -23.3789768 13.3428764 0.6406820 0.1861239 -0.2641968 0.6964801
1740547278.923451 13.1485357 -23.5834007 13.3600693 0.6376632 0.1877152 -0.2639628 0.6989079
1740547279.032290 13.1305256 -23.6786308 13.3902550 0.6365869 0.1888928 -0.2620414 0.7002934
1740547279.137563 13.1103706 -23.7806816 13.4131794 0.6354699 0.1903086 -0.2603439 0.7015566
1740547279.350777 13.1130219 -23.9902954 13.4403610 0.6311396 0.1926133 -0.2596283 0.7050930
1740547279.471341 13.1058216 -24.0882645 13.4661064 0.6299298 0.1943124 -0.2590961 0.7059040
1740547279.573464 13.0858822 -24.1878033 13.4987144 0.6284298 0.1963349 -0.2571376 0.7073958
1740547279.689099 13.0839424 -24.2917423 13.5100975 0.6260887 0.1972855 -0.2563763 0.7094805
1740547279.793376 13.0831432 -24.3931885 13.5301380 0.6240878 0.1983621 -0.2555034 0.7112559
1740547279.909842 13.0918474 -24.4887810 13.5341225 0.6216179 0.1984149 -0.2548196 0.7136454
1740547280.017533 13.0865993 -24.5910320 13.5736713 0.6201234 0.2008999 -0.2537982 0.7146136
1740547280.117501 13.0719423 -24.6943169 13.6016407 0.6180839 0.2028832 -0.2522570 0.7163638
1740547280.225127 13.0790310 -24.7867699 13.6401539 0.6172776 0.2042700 -0.2511961 0.7170374
1740547280.332918 13.1011620 -24.8888760 13.6431656 0.6151890 0.2048648 -0.2505608 0.7188826
1740547280.440619 13.0846157 -24.9883175 13.6793289 0.6138000 0.2066989 -0.2488712 0.7201307
1740547280.548705 13.0924683 -25.0860214 13.7173786 0.6138019 0.2077963 -0.2479291 0.7201383
1740547280.659585 13.0820675 -25.1785564 13.7616692 0.6128797 0.2101966 -0.2458177 0.7209504
1740547280.764524 13.0873718 -25.2773094 13.7867241 0.6121515 0.2111659 -0.2452378 0.7214831
1740547280.866332 13.0726585 -25.3651237 13.8384361 0.6128917 0.2121238 -0.2445629 0.7208025
1740547280.973856 13.0837154 -25.4690208 13.8477631 0.6120307 0.2126825 -0.2443479 0.7214420
1740547281.080312 13.0829315 -25.5690651 13.8675919 0.6120101 0.2133203 -0.2437024 0.7214896
1740547281.194409 13.0611553 -25.6683044 13.9011192 0.6117669 0.2148623 -0.2424582 0.7216574
1740547281.299008 13.0715733 -25.7665215 13.9163399 0.6120256 0.2152102 -0.2427106 0.7212495
1740547281.412090 13.0729303 -25.8620872 13.9171753 0.6114095 0.2151192 -0.2425799 0.7218429
1740547281.530173 13.0787983 -25.9640350 13.9231834 0.6115670 0.2134007 -0.2430356 0.7220662
1740547281.630385 13.0891829 -26.0650215 13.9291000 0.6115219 0.2116739 -0.2445940 0.7220865
1740547281.734754 13.0933609 -26.1625175 13.9441414 0.6121338 0.2095883 -0.2463259 0.7215875
1740547281.837084 13.0930882 -26.2661095 13.9610462 0.6124464 0.2075565 -0.2485492 0.7211471
1740547281.946903 13.0724716 -26.3534241 13.9989567 0.6136966 0.2066204 -0.2503321 0.7197349
1740547282.047523 13.0663414 -26.4518547 14.0170708 0.6154496 0.2035356 -0.2530152 0.7181771
1740547282.161856 13.0779819 -26.5551796 14.0020885 0.6150041 0.1993831 -0.2559901 0.7186692
1740547282.266883 13.0663290 -26.6484108 14.0395565 0.6159357 0.1962273 -0.2596094 0.7174406
1740547282.365726 13.0687046 -26.7484169 14.0741615 0.6167023 0.1917919 -0.2631314 0.7166980
1740547282.474018 13.0771561 -26.8423653 14.1002636 0.6168543 0.1867534 -0.2678581 0.7161467
1740547282.578027 13.0702457 -26.9370232 14.1291065 0.6176122 0.1813072 -0.2723554 0.7151960
1740547282.690735 13.0441523 -27.0329819 14.1671867 0.6184382 0.1756778 -0.2770789 0.7140719
1740547282.792329 13.0168858 -27.1303482 14.1974354 0.6191444 0.1696552 -0.2816702 0.7131194
1740547282.900774 12.9961586 -27.2249718 14.2183723 0.6188480 0.1631087 -0.2877303 0.7124844
1740547283.106667 12.9372149 -27.4169769 14.2649956 0.6201804 0.1479453 -0.2984554 0.7102203
1740547283.226447 12.8958521 -27.5102882 14.2978039 0.6205035 0.1413282 -0.3042670 0.7088183
1740547283.328268 12.8601627 -27.6025982 14.3313007 0.6213763 0.1342850 -0.3098970 0.7069815
1740547283.538800 12.7976761 -27.7898617 14.3764515 0.6236947 0.1195313 -0.3212980 0.7024847
1740547283.741791 12.7365808 -27.9897251 14.4096146 0.6256234 0.1048419 -0.3325797 0.6978498
1740547284.151054 12.5660124 -28.3457794 14.4947948 0.6327327 0.0771505 -0.3521664 0.6853291
1740547284.671405 12.3225927 -28.7982273 14.5827065 0.6391501 0.0500541 -0.3707764 0.6719424
1740547285.081692 12.0863571 -29.1454659 14.6131439 0.6415154 0.0340483 -0.3816561 0.6645580
1740547285.382410 11.9182377 -29.3990879 14.6501942 0.6395811 0.0249200 -0.3893412 0.6623658
1740547285.595901 11.8164663 -29.5778675 14.6841393 0.6367773 0.0212644 -0.3929650 0.6630543
1740547285.703461 11.7784367 -29.6558304 14.7065105 0.6351588 0.0199034 -0.3944632 0.6637590
1740547285.902879 11.6694098 -29.8224602 14.7639751 0.6297268 0.0186889 -0.3964231 0.6677901
1740547286.011607 11.6271334 -29.9080563 14.7946892 0.6268444 0.0178528 -0.3983539 0.6693740
1740547286.214970 11.5190392 -30.0757103 14.8501835 0.6188701 0.0171507 -0.4018641 0.6746932
1740547286.424290 11.4114666 -30.2319279 14.9310532 0.6108851 0.0181801 -0.4044324 0.6803847
1740547286.618583 11.3270016 -30.4054203 14.9889336 0.6007336 0.0194855 -0.4082592 0.6870691
1740547286.833112 11.2541885 -30.5739098 15.0688820 0.5905401 0.0214813 -0.4095051 0.6950587
1740547287.035117 11.1884594 -30.7474785 15.1462555 0.5797781 0.0238499 -0.4111594 0.7030196
1740547287.133565 11.1589546 -30.8136997 15.1927719 0.5745063 0.0258915 -0.4119379 0.7068093
1740547287.238536 11.1453419 -30.8777237 15.2540302 0.5696745 0.0272749 -0.4129269 0.7100834
1740547287.442189 11.0403004 -31.0446186 15.3331203 0.5577826 0.0309308 -0.4142592 0.7185479
1740547287.648488 10.9636860 -31.2090511 15.4178829 0.5455462 0.0345483 -0.4159817 0.7267358
1740547287.755074 10.9387741 -31.2928066 15.4625301 0.5397145 0.0364177 -0.4170138 0.7303982
1740547287.854152 10.9204540 -31.3606071 15.5145817 0.5342941 0.0377741 -0.4169523 0.7343390
1740547287.956901 10.9174042 -31.4370689 15.5856323 0.5298002 0.0388702 -0.4168372 0.7375959
1740547288.055193 10.8895588 -31.4999847 15.6454430 0.5248138 0.0414952 -0.4168037 0.7410285
1740547288.154407 10.8514957 -31.5845947 15.6903725 0.5186182 0.0435657 -0.4173197 0.7449708
1740547288.263540 10.8081455 -31.6567421 15.7340832 0.5127431 0.0467312 -0.4177965 0.7485699
1740547288.359764 10.7834301 -31.7340870 15.7998295 0.5075285 0.0484362 -0.4178770 0.7519625
1740547288.467730 10.7626438 -31.8133240 15.8613510 0.5024413 0.0495319 -0.4176898 0.7554036
1740547288.564202 10.7218704 -31.8855762 15.9141541 0.4966117 0.0520005 -0.4175965 0.7591351
1740547288.678515 10.7364178 -31.9559116 15.9881439 0.4923869 0.0528723 -0.4176397 0.7617983
1740547288.784213 10.7635078 -32.0033302 16.0551720 0.4881777 0.0535419 -0.4168341 0.7648955
1740547288.882405 10.7926350 -32.0416374 16.1192875 0.4848075 0.0542196 -0.4161337 0.7673687
1740547288.985703 10.8118401 -32.0770836 16.1722717 0.4819613 0.0549022 -0.4126629 0.7709789
1740547289.082916 10.8262062 -32.1283836 16.2332497 0.4771282 0.0570958 -0.4118695 0.7742430
1740547289.184523 10.8648586 -32.1843834 16.3093090 0.4760742 0.0546004 -0.4082335 0.7769927
1740547289.283732 10.8878613 -32.2399521 16.3775463 0.4732757 0.0545503 -0.4057010 0.7800263
1740547289.383919 10.9122066 -32.2912598 16.4416523 0.4680970 0.0543678 -0.4077403 0.7820980
1740547289.486908 10.9382019 -32.3575363 16.5208225 0.4654683 0.0537480 -0.4079749 0.7835859
1740547289.590209 10.9605122 -32.4088898 16.5870628 0.4624146 0.0549997 -0.4064283 0.7861068
1740547289.800722 10.9909630 -32.5506058 16.7481785 0.4564748 0.0540486 -0.4021508 0.7918234
1740547289.899177 11.0081482 -32.6086311 16.8139343 0.4509164 0.0553022 -0.4030922 0.7944387
1740547290.003850 11.0276890 -32.6695518 16.8800030 0.4458631 0.0552368 -0.4048406 0.7964038
1740547290.102536 11.0329456 -32.7249489 16.9384308 0.4387901 0.0579930 -0.4053087 0.7998906
1740547290.207856 11.0390110 -32.7744217 16.9969730 0.4349958 0.0610721 -0.4021079 0.8033418
1740547290.306624 11.0128250 -32.8476982 17.0515118 0.4288095 0.0644125 -0.4020433 0.8064333
1740547290.405609 11.0017052 -32.9210320 17.1253147 0.4232658 0.0663676 -0.4026306 0.8089067
1740547290.515393 11.0120659 -32.9913788 17.2026844 0.4189005 0.0681319 -0.4028141 0.8109385
1740547290.612275 11.0189743 -33.0580215 17.2911987 0.4142451 0.0703036 -0.4028452 0.8131261
1740547290.716051 11.0190868 -33.1214600 17.3574562 0.4075824 0.0726507 -0.4028689 0.8162690
1740547290.815350 11.0265713 -33.1644783 17.4095440 0.4005512 0.0763223 -0.4026288 0.8195265
1740547290.918133 11.0353909 -33.2340927 17.4877567 0.3957093 0.0783444 -0.4032547 0.8213781
1740547291.221227 10.9897366 -33.4555779 17.7031937 0.3795397 0.0870743 -0.4023546 0.8285400
1740547291.319561 10.9999695 -33.5141144 17.7796993 0.3741799 0.0904028 -0.4018349 0.8308703
1740547291.430398 10.9929485 -33.5802727 17.8487301 0.3679667 0.0940134 -0.4013011 0.8334984
1740547291.528874 11.0112057 -33.6487198 17.9224854 0.3622128 0.0965296 -0.4014854 0.8356395
1740547291.633363 11.0063782 -33.6985588 18.0023689 0.3570556 0.1017445 -0.4004678 0.8377260
1740547291.739852 11.0039291 -33.7659416 18.0756111 0.3512807 0.1056357 -0.4003000 0.8397636
1740547291.839038 11.0083008 -33.8344383 18.1432953 0.3449360 0.1102218 -0.3997774 0.8420501
1740547291.947576 11.0204096 -33.8933754 18.2001209 0.3386567 0.1145315 -0.3984903 0.8446299
1740547292.047339 11.0478878 -33.9522247 18.2736778 0.3348904 0.1184043 -0.3988825 0.8454121
1740547292.145071 11.0494270 -34.0251884 18.3315582 0.3281789 0.1225821 -0.3969521 0.8483521
1740547292.252438 11.0550852 -34.0886345 18.4114704 0.3253320 0.1274011 -0.3955077 0.8494126
1740547292.351481 11.0696993 -34.1463699 18.4805260 0.3212359 0.1317675 -0.3938188 0.8510885
1740547292.458307 11.0958891 -34.2126732 18.5592651 0.3171798 0.1346332 -0.3931291 0.8524790
1740547292.557354 11.1191549 -34.2624779 18.6184082 0.3124997 0.1383044 -0.3925071 0.8539051
1740547292.657161 11.1268663 -34.3238678 18.6904716 0.3079199 0.1429132 -0.3913487 0.8553405
1740547292.769237 11.1265259 -34.3842430 18.7733154 0.3040156 0.1472706 -0.3895118 0.8568351
1740547292.865965 11.1377296 -34.4453468 18.8519325 0.2999954 0.1503782 -0.3885191 0.8581620
1740547292.967686 11.1430626 -34.4968643 18.9109592 0.2949624 0.1551096 -0.3876909 0.8594382
1740547293.068583 11.1543894 -34.5570374 18.9892921 0.2914310 0.1576055 -0.3862754 0.8608251
1740547293.171363 11.1723413 -34.6032906 19.0489044 0.2866709 0.1596516 -0.3851801 0.8625355
1740547293.269875 11.2031088 -34.6562538 19.1254845 0.2845072 0.1627201 -0.3842406 0.8630973
1740547293.370200 11.2188292 -34.7094574 19.2030888 0.2821882 0.1665031 -0.3825065 0.8639070
1740547293.471027 11.2380466 -34.7568741 19.2774429 0.2799096 0.1686960 -0.3814055 0.8647093
1740547293.567529 11.2643251 -34.8067245 19.3450546 0.2763705 0.1710790 -0.3816112 0.8652886
1740547293.682080 11.2804003 -34.8584518 19.4148369 0.2725192 0.1745951 -0.3812170 0.8659812
1740547293.779262 11.3107176 -34.9081612 19.4837742 0.2684256 0.1751867 -0.3823489 0.8666410
1740547293.875566 11.3452806 -34.9582100 19.5531311 0.2647958 0.1757715 -0.3839099 0.8669491
1740547293.976804 11.3663712 -34.9983177 19.6133080 0.2596479 0.1784533 -0.3845459 0.8676761
1740547294.074067 11.3986664 -35.0460281 19.6819839 0.2558618 0.1799408 -0.3866066 0.8675779
1740547294.186918 11.4230156 -35.0900803 19.7438240 0.2512176 0.1813468 -0.3859970 0.8689128
1740547294.281940 11.4481783 -35.1280441 19.8017883 0.2467801 0.1834968 -0.3861972 0.8696437
1740547294.386941 11.4830589 -35.1798859 19.8786449 0.2431603 0.1847604 -0.3858885 0.8705325
1740547294.491644 11.5011091 -35.2065392 19.9172859 0.2406411 0.1860329 -0.3857742 0.8710120
1740547294.586002 11.5064926 -35.2142830 19.9276772 0.2373469 0.1868443 -0.3864029 0.8714634
1740547294.684732 11.5142050 -35.2303619 19.9495811 0.2322361 0.1890554 -0.3878553 0.8717182
1740547294.781068 11.5386829 -35.2644501 19.9949036 0.2268431 0.1895570 -0.3885618 0.8727142
1740547294.874017 11.5670595 -35.2982903 20.0527802 0.2215768 0.1897736 -0.3897111 0.8735073
1740547294.974245 11.5854206 -35.3232574 20.0980511 0.2172721 0.1927326 -0.3862551 0.8754736
1740547295.069147 11.6083183 -35.3578720 20.1577759 0.2119155 0.1939689 -0.3848158 0.8771458
1740547295.167193 11.6231632 -35.3831100 20.1915207 0.2028093 0.1958120 -0.3850174 0.8787990
1740547295.265639 11.6423941 -35.4071693 20.2448044 0.1976935 0.1992362 -0.3840463 0.8796196
1740547295.358087 11.6805162 -35.4425011 20.3173332 0.1930520 0.1995535 -0.3842154 0.8805043
1740547295.461417 11.7108421 -35.4810791 20.3871841 0.1862153 0.2024645 -0.3829543 0.8818606
1740547295.558753 11.7292156 -35.5264816 20.4703159 0.1804179 0.2052886 -0.3815986 0.8829997
1740547295.655605 11.7658834 -35.5542336 20.5339966 0.1743954 0.2057691 -0.3804832 0.8845778
1740547295.756374 11.7875452 -35.5830841 20.6104507 0.1692577 0.2088980 -0.3798410 0.8851182
1740547295.851510 11.8072081 -35.6048698 20.6884499 0.1651993 0.2113365 -0.3781158 0.8860443
1740547295.952745 11.8260736 -35.6249084 20.7461433 0.1599881 0.2156142 -0.3762802 0.8867511
1740547296.049944 11.8470001 -35.6425362 20.8041935 0.1569739 0.2178571 -0.3757420 0.8869698
1740547296.142434 11.8650780 -35.6765938 20.8918152 0.1530089 0.2221895 -0.3745157 0.8871066
1740547296.243894 11.8946257 -35.7091637 20.9646378 0.1495989 0.2254087 -0.3741702 0.8870218
1740547296.339900 11.9148159 -35.7396622 21.0587158 0.1479234 0.2285427 -0.3727383 0.8871038
1740547296.440181 11.9298315 -35.7675171 21.1394119 0.1454123 0.2302634 -0.3728489 0.8870275
1740547296.536581 11.9577837 -35.8001747 21.2008705 0.1434225 0.2316677 -0.3729188 0.8869564
1740547296.631105 11.9979792 -35.8380585 21.2851295 0.1419910 0.2335679 -0.3718371 0.8871425
1740547296.732152 12.0237141 -35.8772926 21.3576241 0.1404194 0.2359482 -0.3709321 0.8871416
1740547296.825304 12.0604315 -35.9103889 21.4349689 0.1402767 0.2361330 -0.3709120 0.8871234
1740547296.926164 12.1033354 -35.9521484 21.5064278 0.1398421 0.2361238 -0.3709696 0.8871704
1740547297.029672 12.1229134 -35.9925156 21.6064796 0.1391217 0.2388783 -0.3709130 0.8865697
1740547297.127287 12.1497507 -36.0279999 21.6913757 0.1394930 0.2400615 -0.3710904 0.8861175
1740547297.233470 12.1702795 -36.0700378 21.7738304 0.1392771 0.2417018 -0.3702482 0.8860578
1740547297.326409 12.2113638 -36.1009483 21.8400612 0.1406144 0.2411477 -0.3707670 0.8857806
1740547297.428393 12.2391558 -36.1451683 21.9254303 0.1416550 0.2419719 -0.3707524 0.8853960
1740547297.524595 12.2642660 -36.1863213 21.9984589 0.1425497 0.2427126 -0.3708982 0.8849885
1740547297.620069 12.2993145 -36.2324944 22.0777130 0.1426568 0.2427299 -0.3706999 0.8850496
1740547297.726279 12.3335142 -36.2699242 22.1589489 0.1433841 0.2429364 -0.3715399 0.8845231
1740547297.822593 12.3652353 -36.3038254 22.2352581 0.1448002 0.2431116 -0.3718614 0.8841090
1740547297.919576 12.3979025 -36.3382759 22.3200970 0.1463842 0.2431413 -0.3722348 0.8836828
1740547298.038775 12.4240351 -36.3793564 22.4105072 0.1477473 0.2434632 -0.3730206 0.8830357
1740547298.136350 12.4565172 -36.4320145 22.4944420 0.1477775 0.2429431 -0.3719922 0.8836075
1740547298.234886 12.4829779 -36.4656563 22.5837936 0.1497872 0.2428954 -0.3724456 0.8830911
1740547298.328841 12.5101748 -36.5086288 22.6678886 0.1503030 0.2423161 -0.3733803 0.8827679
1740547298.431462 12.5446234 -36.5602188 22.7489185 0.1499537 0.2412630 -0.3732391 0.8831753
1740547298.527723 12.5855312 -36.6047554 22.8286247 0.1502810 0.2393904 -0.3739506 0.8833283
1740547298.624138 12.6223583 -36.6402283 22.9135056 0.1509618 0.2387335 -0.3739524 0.8833892
1740547298.726354 12.6522779 -36.6787262 23.0004692 0.1514592 0.2385216 -0.3747051 0.8830423
1740547298.821738 12.6662989 -36.7316093 23.0892296 0.1512587 0.2388315 -0.3739921 0.8832951
1740547298.917858 12.6980591 -36.7795067 23.1703625 0.1516718 0.2373183 -0.3745702 0.8833872
1740547299.021084 12.7345428 -36.8305550 23.2564678 0.1512527 0.2361031 -0.3744295 0.8838442
1740547299.116810 12.7572899 -36.8706284 23.3464012 0.1516498 0.2364795 -0.3737133 0.8839785
1740547299.220516 12.7849398 -36.9116249 23.4392548 0.1520153 0.2362993 -0.3745966 0.8835901
1740547299.316680 12.8183336 -36.9528923 23.5272446 0.1525363 0.2354887 -0.3747281 0.8836609
1740547299.411247 12.8452291 -36.9937706 23.6141949 0.1520566 0.2354063 -0.3746965 0.8837789
1740547299.511258 12.8812637 -37.0325432 23.7053375 0.1527996 0.2347855 -0.3750578 0.8836627
1740547299.607209 12.8956051 -37.0850334 23.7880173 0.1523974 0.2349410 -0.3748153 0.8837937
1740547299.711125 12.9265594 -37.1326752 23.8758430 0.1523734 0.2339739 -0.3749723 0.8839877
1740547299.812149 12.9590120 -37.1897926 23.9572716 0.1516543 0.2332738 -0.3748668 0.8843411
1740547299.909636 12.9875078 -37.2317963 24.0458622 0.1515889 0.2335294 -0.3750181 0.8842207
1740547300.011563 13.0242081 -37.2793846 24.1317253 0.1516984 0.2327691 -0.3751979 0.8843261
1740547300.109427 13.0601091 -37.3278351 24.2139740 0.1510029 0.2319634 -0.3755628 0.8845019
1740547300.213618 13.0879955 -37.3662376 24.3022575 0.1512323 0.2314390 -0.3753829 0.8846765
1740547300.311517 13.1233072 -37.4114456 24.3893070 0.1508062 0.2302523 -0.3756489 0.8849459
1740547300.407377 13.1427298 -37.4560204 24.4788284 0.1505574 0.2301656 -0.3753608 0.8851331
1740547300.508173 13.1690769 -37.5099297 24.5607033 0.1496390 0.2290018 -0.3753942 0.8855764
1740547300.703289 13.2317905 -37.5934372 24.7389698 0.1492764 0.2272512 -0.3766102 0.8855723
1740547300.801850 13.2717180 -37.6322670 24.8266487 0.1491218 0.2258278 -0.3763937 0.8860543
1740547300.998691 13.3244667 -37.7322311 24.9991341 0.1465339 0.2237141 -0.3764288 0.8870069
1740547301.208441 13.3845596 -37.8063393 25.1848221 0.1457153 0.2218351 -0.3769448 0.8873944
1740547301.302212 13.4054928 -37.8533478 25.2743378 0.1442306 0.2209015 -0.3769300 0.8878760
1740547301.503887 13.4628258 -37.9414635 25.4497948 0.1416308 0.2177796 -0.3770201 0.8890268
1740547301.598624 13.4920530 -37.9815216 25.5435333 0.1402860 0.2168903 -0.3768496 0.8895296
1740547301.705842 13.5223513 -38.0238190 25.6345482 0.1390973 0.2156241 -0.3771951 0.8898776
1740547301.805547 13.5486994 -38.0645409 25.7238293 0.1377200 0.2144970 -0.3775786 0.8902014
1740547301.904449 13.5632343 -38.1124802 25.8110027 0.1357052 0.2125572 -0.3769538 0.8912404
1740547302.212791 13.6378822 -38.2268372 26.0882187 0.1308226 0.2087705 -0.3772473 0.8927401
1740547302.306694 13.6710196 -38.2680817 26.1685562 0.1278362 0.2070788 -0.3773806 0.8935101
1740547302.605653 13.7585430 -38.3705482 26.4514446 0.1232414 0.2036858 -0.3771416 0.8950351
1740547302.713528 13.8019609 -38.4099426 26.5254669 0.1211285 0.2011758 -0.3780015 0.8955284
1740547302.904222 13.8435526 -38.4754677 26.7242451 0.1169020 0.1996847 -0.3773871 0.8966822
1740547303.015656 13.8783169 -38.5109291 26.8126678 0.1146073 0.1980359 -0.3768716 0.8975604
1740547303.518933 14.0086079 -38.6821518 27.2714157 0.1055442 0.1915177 -0.3778937 0.8996543
1740547303.825118 14.0975266 -38.7610779 27.5552826 0.1016876 0.1878037 -0.3781249 0.9007836
1740547304.239444 14.2037249 -38.9057465 27.9265099 0.0964473 0.1812885 -0.3782354 0.9026464
1740547304.642021 14.2908030 -39.0274773 28.3116074 0.0921570 0.1747447 -0.3787489 0.9041685
1740547305.161362 14.4307499 -39.1486549 28.7978230 0.0907110 0.1651296 -0.3799106 0.9056334
1740547305.591432 14.4970770 -39.2615891 29.1893826 0.0909876 0.1570856 -0.3812537 0.9064717
1740547306.120561 14.5858660 -39.4008713 29.6756611 0.0956945 0.1480749 -0.3833954 0.9066004
1740547306.638605 14.6679640 -39.5550385 30.1568661 0.1018311 0.1409559 -0.3849194 0.9064209
1740547307.165333 14.7041321 -39.7033997 30.6495781 0.1113974 0.1384427 -0.3860257 0.9052119
1740547307.583957 14.7725210 -39.8554420 31.0269623 0.1193893 0.1413861 -0.3860759 0.9037154
1740547308.094538 14.8524208 -40.0269547 31.5110130 0.1268099 0.1523349 -0.3843319 0.9016664
1740547308.505042 14.9283257 -40.1895981 31.8877029 0.1296477 0.1647353 -0.3822660 0.8999591
1740547308.801595 15.0016241 -40.3172722 32.1637230 0.1309444 0.1749000 -0.3810215 0.8983797
1740547309.097860 15.0718136 -40.4379692 32.4381599 0.1316856 0.1877146 -0.3784923 0.8967529
1740547309.391572 15.1922283 -40.5653687 32.7081375 0.1311689 0.1968531 -0.3774069 0.8953255
1740547309.683463 15.2998085 -40.6851997 32.9805489 0.1307869 0.2064055 -0.3751714 0.8941689
1740547309.884376 15.3521328 -40.7774811 33.1649399 0.1307172 0.2124827 -0.3713455 0.8943526
1740547310.179198 15.4579029 -40.9270020 33.4539261 0.1314311 0.2190641 -0.3732656 0.8918574
1740547310.480844 15.5611057 -41.0472641 33.7525673 0.1321224 0.2234529 -0.3747987 0.8900216
1740547310.674823 15.6204557 -41.1657906 33.9433289 0.1316788 0.2243732 -0.3727864 0.8907006
1740547310.970365 15.6941233 -41.3318825 34.2326469 0.1322964 0.2283351 -0.3726078 0.8896765
1740547311.164299 15.7700262 -41.3703766 34.4182892 0.1379190 0.2289371 -0.3722266 0.8888270
1740547311.372771 15.8490419 -41.4622154 34.5949249 0.1406206 0.2294412 -0.3750935 0.8870668
1740547311.662522 15.9170475 -41.6409111 34.8646393 0.1399992 0.2333827 -0.3715163 0.8876420
1740547311.857232 15.9952812 -41.7108841 35.0527115 0.1427507 0.2344569 -0.3727204 0.8864150
1740547312.057168 16.0852203 -41.7721710 35.2323456 0.1491109 0.2363829 -0.3726303 0.8848931
1740547312.257669 16.1542435 -41.8842239 35.4037704 0.1495179 0.2376691 -0.3709416 0.8851894
1740547312.447664 16.2217922 -41.9973717 35.5698166 0.1514488 0.2380313 -0.3721620 0.8842510
1740547312.644157 16.2655296 -42.0814476 35.7383423 0.1537014 0.2426650 -0.3737960 0.8819106
1740547312.840682 16.3422050 -42.2140770 35.9110909 0.1545629 0.2437996 -0.3722927 0.8820829
1740547313.039667 16.4183960 -42.2896233 36.0476608 0.1566855 0.2445311 -0.3740008 0.8807824
1740547313.236559 16.4843464 -42.3487625 36.2205811 0.1633926 0.2463006 -0.3739701 0.8790821
1740547313.424243 16.5562973 -42.4557610 36.3972664 0.1628455 0.2458383 -0.3743263 0.8791614
1740547313.525048 16.5587482 -42.4667091 36.4410667 0.1635932 0.2479231 -0.3746020 0.8783193
1740547313.716688 16.5548344 -42.4822159 36.4370346 0.1644125 0.2487728 -0.3706815 0.8795885
1740547313.912797 16.5039864 -42.4062080 36.4012604 0.1661424 0.2545149 -0.3774432 0.8747317
1740547314.130304 16.5034523 -42.3866386 36.3744164 0.1698026 0.2558835 -0.3805803 0.8722668
1740547314.237389 16.5194416 -42.3728333 36.3688698 0.1728335 0.2546743 -0.3776585 0.8732947
1740547314.427228 16.4632950 -42.3967896 36.3572159 0.1719212 0.2586924 -0.3713744 0.8749871
1740547314.525564 16.4575577 -42.3760834 36.3454056 0.1756607 0.2588308 -0.3654802 0.8766836
1740547314.717151 16.4111938 -42.4079590 36.3306580 0.1683930 0.2657072 -0.3834342 0.8683442
1740547314.913200 16.5493164 -42.4342651 36.2827339 0.1749076 0.2513455 -0.3707047 0.8768185
1740547315.014937 16.4764328 -42.4368515 36.2839317 0.1729967 0.2581653 -0.3636625 0.8781642
1740547315.206467 16.4912548 -42.4410057 36.2687645 0.1744009 0.2576746 -0.3660556 0.8770355
1740547315.308372 16.4681816 -42.4551544 36.2733192 0.1716946 0.2592763 -0.3670263 0.8766918
1740547315.401735 16.4630241 -42.4907799 36.2705727 0.1695131 0.2591354 -0.3687356 0.8764406
1740547315.503779 16.4495621 -42.4987411 36.2670593 0.1688138 0.2595823 -0.3697828 0.8760021
1740547315.597308 16.4638329 -42.5029564 36.2729340 0.1693334 0.2588744 -0.3698281 0.8760921
1740547315.793679 16.4544258 -42.4988708 36.2512207 0.1690757 0.2586699 -0.3677423 0.8770798
1740547315.890279 16.4512634 -42.5095749 36.2514381 0.1700762 0.2588542 -0.3656233 0.8777177
1740547316.092437 16.4110641 -42.5793610 36.2260971 0.1595418 0.2579842 -0.3630052 0.8810323
1740547316.187461 16.4179707 -42.5850487 36.2208862 0.1593544 0.2565796 -0.3595482 0.8828920
1740547316.389157 16.4095840 -42.6071091 36.2542419 0.1593777 0.2589596 -0.3656899 0.8796645
1740547316.585495 16.3722858 -42.6050797 36.2145309 0.1554467 0.2601105 -0.3546275 0.8845441
1740547316.781849 16.4441204 -42.5606613 36.2223701 0.1640940 0.2563918 -0.3629933 0.8806658
1740547316.878619 16.4749012 -42.6190834 36.1572647 0.1595399 0.2457692 -0.3529715 0.8885695
1740547316.993224 16.4647713 -42.5805283 36.1755447 0.1639056 0.2493914 -0.3571909 0.8850726
1740547317.087141 16.4708118 -42.5691032 36.2415390 0.1634808 0.2512000 -0.3616145 0.8828406
1740547317.179709 16.5262833 -42.5434761 36.2241745 0.1676256 0.2464407 -0.3650125 0.8820060
1740547317.374785 16.5473061 -42.5418320 36.1974335 0.1671740 0.2420583 -0.3733662 0.8798059
1740547317.472436 16.5746078 -42.5719604 36.1947250 0.1654318 0.2392838 -0.3691910 0.8826514
1740547317.571964 16.6190376 -42.5574493 36.1687164 0.1648533 0.2334905 -0.3754401 0.8816747
1740547317.768112 16.5561619 -42.4484138 36.0945320 0.1678177 0.2395277 -0.3736820 0.8802417
1740547317.863692 16.5530090 -42.4591370 36.0809250 0.1661209 0.2385495 -0.3764485 0.8796502
1740547318.060787 16.5718098 -42.4652328 36.0972328 0.1674426 0.2347172 -0.3727375 0.8820078
1740547318.262308 16.6098671 -42.4748535 36.0814972 0.1663826 0.2283756 -0.3724942 0.8839737
1740547318.452344 16.6285248 -42.4981575 36.0746346 0.1672165 0.2215737 -0.3723215 0.8856187
1740547318.553517 16.6671696 -42.4869194 36.0605774 0.1704336 0.2166377 -0.3684225 0.8878543
1740547318.646578 16.6755238 -42.5155106 36.1000252 0.1692154 0.2156998 -0.3741940 0.8858999
1740547318.746902 16.7157860 -42.4741631 36.0834732 0.1728036 0.2117962 -0.3718843 0.8871208
1740547318.842726 16.7074852 -42.5308838 36.0952187 0.1698324 0.2082639 -0.3727430 0.8881699
1740547318.937288 16.7277374 -42.5208817 36.1178589 0.1700298 0.2071683 -0.3794801 0.8855315
1740547319.036685 16.7378883 -42.4830742 36.1363640 0.1754449 0.2061844 -0.3733626 0.8873035
1740547319.129626 16.7779884 -42.5096664 36.1517487 0.1770078 0.2014102 -0.3776057 0.8862935
1740547319.228159 16.7990971 -42.5023537 36.1788559 0.1797067 0.1975416 -0.3760969 0.8872621
1740547319.325313 16.8174706 -42.5492821 36.1579399 0.1769474 0.1919838 -0.3752126 0.8894084
1740547319.421516 16.8240547 -42.5561485 36.1584167 0.1772838 0.1888669 -0.3747834 0.8901894
1740547319.522231 16.8525352 -42.5803795 36.1613884 0.1770968 0.1835090 -0.3735309 0.8918721
1740547319.615635 16.8813648 -42.5711670 36.1592102 0.1801330 0.1812449 -0.3852311 0.8867353
1740547319.710451 16.8982582 -42.5759544 36.1637955 0.1806083 0.1790148 -0.3828790 0.8881093
1740547319.808774 16.9311447 -42.5867729 36.1940536 0.1840416 0.1739075 -0.3856593 0.8872157
1740547319.903625 16.9420261 -42.5541916 36.2121735 0.1881295 0.1745242 -0.3923165 0.8833100
1740547320.002613 16.9638824 -42.5852242 36.2124214 0.1860794 0.1659608 -0.3815957 0.8900653
1740547320.105590 16.9818344 -42.5798607 36.2335892 0.1903078 0.1623751 -0.3834270 0.8890450
1740547320.199990 16.9836521 -42.5794373 36.2671165 0.1919132 0.1611182 -0.3874369 0.8871882
1740547320.305880 17.0277596 -42.5603638 36.2879105 0.1974630 0.1555348 -0.3881154 0.8866701
1740547320.399268 17.0386391 -42.5712776 36.3142014 0.1997416 0.1532595 -0.3893569 0.8860114
1740547320.499987 17.0334415 -42.6102867 36.3560181 0.2007322 0.1512812 -0.3867278 0.8872780
1740547320.597903 17.0913410 -42.6669731 36.3402557 0.1960122 0.1392979 -0.3907818 0.8885184
1740547320.692707 17.1373482 -42.6753883 36.3643990 0.1999179 0.1304986 -0.3878716 0.8902576
1740547320.791115 17.1257534 -42.6734924 36.4136658 0.2016106 0.1324395 -0.3972723 0.8854308
1740547320.885682 17.1431122 -42.6819153 36.4333038 0.2029739 0.1290575 -0.3990306 0.8848279
1740547320.984146 17.1530113 -42.7072525 36.4443398 0.2024207 0.1241548 -0.4025225 0.8840742
1740547321.083038 17.2375565 -42.7144394 36.4627876 0.2075461 0.1109042 -0.4046405 0.8836804
1740547321.179326 17.2607841 -42.7411804 36.5032806 0.2077035 0.1058255 -0.4052635 0.8839806
1740547321.280732 17.3144493 -42.7300339 36.5260582 0.2140052 0.0974782 -0.4068193 0.8827218
1740547321.374835 17.3493385 -42.7356720 36.5335274 0.2167548 0.0886795 -0.4108186 0.8811250
1740547321.469663 17.3552628 -42.7653885 36.5577850 0.2173675 0.0831319 -0.4067047 0.8834205
1740547321.570575 17.3710880 -42.7979088 36.5592270 0.2161733 0.0742942 -0.4050802 0.8852454
1740547321.664885 17.3969154 -42.7929382 36.5831337 0.2221194 0.0661672 -0.4069177 0.8835739
1740547321.766365 17.4132061 -42.8031425 36.5921936 0.2244544 0.0597091 -0.4038721 0.8848403
1740547321.864915 17.4188786 -42.8297462 36.5895462 0.2227808 0.0542058 -0.4059944 0.8846463
1740547321.960902 17.4158230 -42.8229713 36.6004677 0.2269339 0.0503457 -0.4054509 0.8840679
1740547322.061884 17.4180775 -42.8233566 36.5974274 0.2284168 0.0477043 -0.4086638 0.8823514
1740547322.160154 17.4365520 -42.8501701 36.6109085 0.2278640 0.0380435 -0.4086932 0.8829499
1740547322.261862 17.4420223 -42.8481598 36.6026001 0.2304995 0.0346107 -0.4084151 0.8825356
1740547322.355541 17.4458523 -42.8597069 36.6184921 0.2296990 0.0301651 -0.4082066 0.8830039
1740547322.450170 17.4638462 -42.8689766 36.6310539 0.2325554 0.0237102 -0.4083326 0.8823947
1740547322.555894 17.5000916 -42.8788986 36.6374474 0.2354321 0.0134727 -0.4091299 0.8814777
1740547322.649897 17.5295048 -42.8597717 36.6726723 0.2447492 0.0061062 -0.4095983 0.8788002
1740547322.763947 17.5400791 -42.8596001 36.6807022 0.2463673 0.0005126 -0.4103796 0.8780043
1740547322.859162 17.5437431 -42.8470001 36.7035904 0.2508124 -0.0012551 -0.4126056 0.8756987
1740547322.954585 17.5546646 -42.8152199 36.7196236 0.2577975 -0.0049491 -0.4178134 0.8711761
1740547323.056973 17.5410213 -42.8414459 36.7039223 0.2536208 -0.0081571 -0.4147896 0.8738190
1740547323.150174 17.5535583 -42.8250198 36.7218628 0.2613572 -0.0125231 -0.4129401 0.8723624
1740547323.251860 17.5312958 -42.7820663 36.7483521 0.2670016 -0.0086516 -0.4157653 0.8693529
1740547323.348684 17.4908924 -42.7977028 36.7355194 0.2648467 -0.0059533 -0.4181140 0.8689082
1740547323.443659 17.4972858 -42.7773476 36.7374878 0.2687905 -0.0080576 -0.4194668 0.8670262
1740547323.546239 17.4532185 -42.7495079 36.7522697 0.2724737 -0.0014259 -0.4206172 0.8653538
1740547323.642222 17.4609184 -42.7332344 36.7639198 0.2768587 -0.0034331 -0.4239860 0.8623070
1740547323.737363 17.4216671 -42.7186966 36.7840080 0.2771614 0.0016232 -0.4228053 0.8627947
1740547323.841776 17.4218903 -42.6761360 36.7957687 0.2853954 0.0007520 -0.4235955 0.8597185
1740547323.939111 17.3977814 -42.6684341 36.7933617 0.2841274 0.0047142 -0.4247098 0.8595760
1740547324.042804 17.3942280 -42.6677246 36.8007851 0.2849396 0.0033355 -0.4256264 0.8588600
1740547324.140562 17.3818378 -42.6565742 36.8110123 0.2874404 0.0037608 -0.4255017 0.8580864
1740547324.239174 17.3510361 -42.6468163 36.7983932 0.2875940 0.0091165 -0.4273323 0.8570845
1740547324.344436 17.3225098 -42.6522064 36.7955093 0.2873462 0.0102343 -0.4257347 0.8579496
1740547324.444803 17.2939186 -42.6429558 36.7801476 0.2855482 0.0142926 -0.4276846 0.8575220
1740547324.547103 17.2844048 -42.6286812 36.7888298 0.2876742 0.0144939 -0.4256245 0.8578330
1740547324.645120 17.2429276 -42.6237869 36.7842407 0.2871146 0.0206918 -0.4257197 0.8578460
1740547324.742207 17.2078590 -42.6274300 36.7798920 0.2848095 0.0234417 -0.4243633 0.8592147
1740547324.850041 17.2113209 -42.6215057 36.7898903 0.2864188 0.0239501 -0.4259972 0.8578561
1740547324.947201 17.1934643 -42.5940475 36.8213501 0.2910101 0.0280029 -0.4220200 0.8581539
1740547325.050510 17.1905479 -42.5789032 36.8235664 0.2933457 0.0288547 -0.4218314 0.8574229
1740547325.148955 17.1438046 -42.5721092 36.8245087 0.2925518 0.0363445 -0.4233481 0.8566615
1740547325.249342 17.1088867 -42.5627899 36.8276863 0.2922143 0.0418716 -0.4217214 0.8573264
1740547325.348838 17.0965900 -42.5273972 36.8750114 0.2981343 0.0461219 -0.4184027 0.8566959
1740547325.445551 17.0579300 -42.5572777 36.8444519 0.2913270 0.0499880 -0.4182785 0.8588789
1740547325.548288 17.0532913 -42.5394707 36.8615570 0.2947401 0.0511897 -0.4171554 0.8581896
1740547325.645106 17.0184650 -42.5262794 36.8882103 0.2963170 0.0582206 -0.4170232 0.8572621
1740547325.741701 17.0026817 -42.5039482 36.9217224 0.2993406 0.0640721 -0.4148074 0.8568692
1740547325.852556 16.9618435 -42.5170326 36.9175720 0.2964033 0.0700739 -0.4142103 0.8577089
1740547325.950859 16.9333057 -42.5097313 36.9446640 0.2975500 0.0753002 -0.4118469 0.8580070
1740547326.057010 16.9284840 -42.5115051 36.9638748 0.2991425 0.0790724 -0.4126529 0.8567257
1740547326.151363 16.8972492 -42.4847145 37.0346451 0.3055005 0.0870104 -0.4083422 0.8557776
1740547326.263145 16.8354702 -42.4698105 37.0613213 0.3058403 0.0986251 -0.4055644 0.8557175
1740547326.358932 16.8383446 -42.4532433 37.0893326 0.3105841 0.1008152 -0.4020222 0.8554251
1740547326.452555 16.7950306 -42.4868240 37.0925217 0.3046430 0.1084816 -0.4013565 0.8569348
1740547326.557268 16.7464390 -42.4922485 37.1267700 0.3032170 0.1183923 -0.3975117 0.8579203
1740547326.651174 16.7182865 -42.4955559 37.1617126 0.3031214 0.1258720 -0.3961779 0.8575062
1740547326.754563 16.6733837 -42.4792519 37.2039261 0.3051028 0.1376254 -0.3928323 0.8565363
1740547326.851309 16.6371765 -42.4849205 37.2420502 0.3039314 0.1477651 -0.3934999 0.8549556
1740547326.949474 16.5948162 -42.4812050 37.2791824 0.3030778 0.1596067 -0.3909854 0.8542833
1740547327.052098 16.5695229 -42.4958725 37.3172073 0.3032645 0.1663427 -0.3905789 0.8531172
1740547327.149409 16.5354156 -42.4894295 37.3584518 0.3053551 0.1769913 -0.3848482 0.8528330
1740547327.249479 16.5004215 -42.4701080 37.4167252 0.3087253 0.1880465 -0.3833830 0.8499087
1740547327.350817 16.4808922 -42.4747467 37.4428406 0.3094049 0.1961141 -0.3820079 0.8484561
1740547327.447245 16.3997898 -42.4799767 37.4758987 0.3048265 0.2137855 -0.3773410 0.8479330
1740547327.551599 16.3728523 -42.4856796 37.4934616 0.3039746 0.2221639 -0.3764896 0.8464622
1740547327.650948 16.3547363 -42.4997864 37.5096359 0.3012643 0.2280557 -0.3760655 0.8460527
1740547327.755817 16.3180847 -42.5073128 37.5237541 0.2993820 0.2380332 -0.3741813 0.8448071
1740547327.852921 16.2874985 -42.5576477 37.5088387 0.2892320 0.2433716 -0.3739522 0.8469208
1740547327.951924 16.2770844 -42.5959625 37.4919586 0.2826939 0.2468289 -0.3753425 0.8475126
1740547328.058878 16.2796898 -42.6221886 37.4912033 0.2789486 0.2510468 -0.3769692 0.8467925
1740547328.158101 16.2783890 -42.6393738 37.5026321 0.2771148 0.2554989 -0.3774043 0.8458686
1740547328.268320 16.2547989 -42.6680946 37.4947357 0.2707852 0.2617819 -0.3751333 0.8470069
1740547328.370088 16.2473469 -42.6945724 37.4796371 0.2636630 0.2649067 -0.3789916 0.8465646
1740547328.473264 16.2725143 -42.7407227 37.4302101 0.2527937 0.2630289 -0.3876592 0.8465410
1740547328.581829 16.2624588 -42.7532921 37.4484520 0.2514256 0.2700988 -0.3890747 0.8440691
1740547328.679733 16.2809486 -42.7987289 37.3985291 0.2426265 0.2653440 -0.3935131 0.8460925
1740547328.780615 16.2927399 -42.8023834 37.3845863 0.2406332 0.2678473 -0.3975034 0.8440050
1740547328.880255 16.2963829 -42.8204994 37.3707275 0.2365753 0.2694285 -0.3970039 0.8448836
1740547328.978492 16.3007984 -42.8509750 37.3468857 0.2308212 0.2691255 -0.3972627 0.8464487
1740547329.084974 16.3093567 -42.8605537 37.3385048 0.2291107 0.2704535 -0.3958949 0.8471307
1740547329.185263 16.3486900 -42.8783875 37.3146210 0.2271845 0.2655577 -0.3993252 0.8475882
1740547329.296135 16.3574219 -42.9073257 37.2932549 0.2230578 0.2647088 -0.3983639 0.8494002
1740547329.395305 16.3723869 -42.9333458 37.2801285 0.2196482 0.2634629 -0.4008694 0.8494973
1740547329.492330 16.3980026 -42.9355850 37.2725639 0.2189353 0.2631124 -0.4051538 0.8477556
1740547329.597648 16.4103508 -42.9457779 37.2627106 0.2164953 0.2629944 -0.4062724 0.8478835
1740547329.697200 16.4380569 -42.9397087 37.2603531 0.2167297 0.2623369 -0.4103608 0.8460565
1740547329.805538 16.4466858 -42.9548874 37.2506027 0.2136122 0.2616706 -0.4091525 0.8476394
1740547329.904907 16.4850521 -42.9766121 37.2230186 0.2106445 0.2558763 -0.4124650 0.8485452
1740547330.008540 16.4860344 -42.9744835 37.2191238 0.2106030 0.2578484 -0.4118857 0.8482398
1740547330.110765 16.5282116 -42.9859657 37.2054253 0.2093426 0.2532343 -0.4170853 0.8474007
1740547330.230874 16.5406132 -42.9996262 37.1867409 0.2058057 0.2493241 -0.4179935 0.8489776
1740547330.341726 16.5574894 -43.0011215 37.1741943 0.2065546 0.2471157 -0.4191733 0.8488597
1740547330.439494 16.5519543 -43.0129662 37.1634369 0.2028715 0.2473063 -0.4173223 0.8506026
1740547330.545011 16.5566788 -43.0376587 37.1439476 0.1991293 0.2440922 -0.4169015 0.8526193
1740547330.646492 16.5906830 -43.0465698 37.1380730 0.1972396 0.2405395 -0.4196838 0.8527033
1740547330.743458 16.6412563 -43.0353889 37.1393929 0.2007145 0.2365008 -0.4205554 0.8525926
1740547330.848883 16.6659412 -43.0324898 37.1452980 0.2008684 0.2326893 -0.4252537 0.8512737
1740547330.948681 16.6828899 -43.0568008 37.1311874 0.1977308 0.2276428 -0.4253729 0.8533107
1740547331.057826 16.7130070 -43.0619583 37.1261177 0.1979762 0.2224284 -0.4268567 0.8538879
1740547331.153896 16.7443829 -43.0496445 37.1347160 0.2017685 0.2183018 -0.4298417 0.8525667
1740547331.256954 16.7468643 -43.0788803 37.1247406 0.1956005 0.2149124 -0.4297512 0.8549076
1740547331.363157 16.7626419 -43.0990982 37.1196899 0.1914406 0.2102754 -0.4330952 0.8553148
1740547331.462436 16.7799702 -43.1406479 37.0946045 0.1841182 0.2015573 -0.4328557 0.8591339
1740547331.563787 16.7912483 -43.1603966 37.0949631 0.1812052 0.1981811 -0.4344673 0.8597250
1740547331.662896 16.7898426 -43.1861877 37.0807419 0.1750774 0.1932896 -0.4338299 0.8624260
1740547331.775685 16.8003788 -43.1962318 37.0764427 0.1730347 0.1895164 -0.4319775 0.8646028
1740547331.874875 16.7971821 -43.2227592 37.0651283 0.1661216 0.1860908 -0.4312117 0.8670815
1740547331.973772 16.8384724 -43.2309837 37.0511627 0.1667665 0.1758336 -0.4334587 0.8679775
1740547332.077850 16.8400860 -43.2513390 37.0456772 0.1627906 0.1727069 -0.4325992 0.8697870
1740547332.179834 16.8520985 -43.2814865 37.0340652 0.1570989 0.1671208 -0.4330744 0.8716863
1740547332.285439 16.8338032 -43.3037529 37.0340996 0.1512127 0.1657747 -0.4350558 0.8719977
1740547332.393912 16.8262482 -43.3317795 37.0090561 0.1431134 0.1601375 -0.4300987 0.8768635
1740547332.494115 16.8553829 -43.3718567 36.9934692 0.1376377 0.1517656 -0.4314600 0.8785587
1740547332.599194 16.8893757 -43.3937950 36.9776230 0.1344941 0.1422856 -0.4330345 0.8798564
1740547332.700634 16.9166241 -43.4476051 36.9599190 0.1282065 0.1320433 -0.4346844 0.8815765
1740547332.808493 16.9424915 -43.4801064 36.9465866 0.1249491 0.1237634 -0.4359656 0.8826122
1740547333.010977 16.9768066 -43.5014801 36.9922981 0.1360514 0.1173496 -0.4335451 0.8830389
1740547333.121610 17.0286980 -43.5202560 37.0090256 0.1416355 0.1070912 -0.4351843 0.8826582
1740547333.328945 17.1367245 -43.7006149 37.0353699 0.1348900 0.0680121 -0.4330620 0.8886148
1740547333.429317 17.2059326 -43.7839241 37.0492516 0.1326079 0.0461888 -0.4364769 0.8886899
1740547333.536208 17.2749748 -43.7965851 37.0928345 0.1443214 0.0289103 -0.4397494 0.8859774
1740547333.741971 17.2704906 -43.8797226 37.2812309 0.1451133 0.0195627 -0.4390021 0.8864743
1740547333.853020 17.2421417 -43.9187393 37.3652153 0.1447863 0.0195689 -0.4409865 0.8855421
1740547334.067461 17.2121220 -43.9527435 37.5622902 0.1521596 0.0161041 -0.4365556 0.8865705
1740547334.386536 17.1602116 -44.0975723 37.8244095 0.1473138 0.0063047 -0.4380652 0.8867682
1740547334.702958 17.0786266 -44.2343712 38.0820961 0.1514191 -0.0005126 -0.4367319 0.8867566
1740547335.007693 17.0240192 -44.3268280 38.1272202 0.1508495 -0.0041744 -0.4368777 0.8867722
