1740547230.935584 0.0000000 0.0000000 0.0000000 -0.0000000 -0.0000000 -0.0000000 1.0000000
1740547231.784911 0.0067753 0.0566790 0.0863984 0.0015496 -0.0004431 -0.0001450 0.9999987
1740547231.968937 0.0072278 0.0352085 0.1843839 0.0039720 -0.0015450 -0.0001689 0.9999909
1740547232.429558 -0.0032814 -0.0863268 0.5654972 0.0216711 -0.0066449 0.0001094 0.9997431
1740547232.537280 -0.0121874 -0.1048512 0.6637875 0.0279204 -0.0082588 0.0000615 0.9995760
1740547232.746827 -0.0029845 -0.1584995 0.8577290 0.0418923 -0.0134115 0.0004429 0.9990320
1740547232.956933 -0.0165523 -0.2033240 1.0504169 0.0576363 -0.0188933 0.0003623 0.9981588
1740547233.171370 -0.0456926 -0.2685786 1.2383802 0.0727319 -0.0253437 0.0006883 0.9970292
1740547233.384481 -0.0735003 -0.3333362 1.4260008 0.0872176 -0.0324488 0.0007602 0.9956604
1740547233.487437 -0.0955633 -0.3707612 1.5174280 0.0938459 -0.0358250 0.0004537 0.9949419
1740547233.704403 -0.1410824 -0.4184665 1.7068806 0.1063503 -0.0427516 0.0002188 0.9934092
1740547233.914262 -0.1627782 -0.4722945 1.8979774 0.1161644 -0.0495783 -0.0000876 0.9919918
1740547234.134873 -0.1818006 -0.5317279 2.0873730 0.1239901 -0.0556851 -0.0004280 0.9907197
1740547234.341426 -0.2112828 -0.5987075 2.2770674 0.1293120 -0.0613315 -0.0007405 0.9897052
1740547234.439653 -0.2391397 -0.6221724 2.3705659 0.1318094 -0.0634715 -0.0007868 0.9892406
1740547234.756619 -0.3048857 -0.7168853 2.6454015 0.1348276 -0.0687239 -0.0014778 0.9884819
1740547234.975592 -0.3364903 -0.7634889 2.8378000 0.1360146 -0.0713398 -0.0016483 0.9881336
1740547235.186810 -0.3791605 -0.8051421 3.0264027 0.1362734 -0.0721467 -0.0016942 0.9880393
1740547235.387675 -0.4130595 -0.8598820 3.2125850 0.1359474 -0.0723921 -0.0017680 0.9880661
1740547235.595481 -0.4451595 -0.9286093 3.3978510 0.1350668 -0.0708813 -0.0018724 0.9882962
1740547235.799548 -0.4679309 -0.9811675 3.5848153 0.1348037 -0.0684682 -0.0014008 0.9885030
1740547236.004943 -0.5342319 -1.0233759 3.7672825 0.1343313 -0.0640078 -0.0009622 0.9888666
1740547236.220399 -0.5757002 -1.0600367 3.9566367 0.1344822 -0.0595029 -0.0002030 0.9891279
1740547236.433728 -0.5853354 -1.1094161 4.1458836 0.1350158 -0.0530524 0.0002755 0.9894221
1740547236.756720 -0.5937693 -1.1956428 4.4254851 0.1358816 -0.0429054 0.0017488 0.9897940
1740547237.076087 -0.5929634 -1.2852806 4.7120051 0.1378422 -0.0326921 0.0030904 0.9899097
1740547237.175874 -0.6054106 -1.3082088 4.8056073 0.1388857 -0.0286281 0.0036176 0.9898880
1740547237.292248 -0.6153798 -1.3351525 4.8999724 0.1396412 -0.0245960 0.0040393 0.9898884
1740547237.389633 -0.6162905 -1.3604393 4.9949107 0.1408686 -0.0212523 0.0045213 0.9897898
1740547237.487588 -0.6198401 -1.3835254 5.0882864 0.1418669 -0.0178437 0.0049421 0.9897125
1740547237.612579 -0.6101138 -1.4130509 5.1862020 0.1427692 -0.0150634 0.0051125 0.9896282
1740547237.712973 -0.5895219 -1.4361037 5.2778125 0.1437315 -0.0137083 0.0056866 0.9895054
1740547237.822913 -0.5821131 -1.4528351 5.3678951 0.1450500 -0.0120970 0.0060875 0.9893317
1740547237.922710 -0.6232139 -1.4616812 5.4585061 0.1463896 -0.0079491 0.0055159 0.9891797
1740547238.023277 -0.6486384 -1.4744267 5.5290852 0.1484498 -0.0046676 0.0062829 0.9888890
1740547238.133505 -0.6260713 -1.5839288 5.6172409 0.1442714 -0.0045933 0.0075632 0.9894986
1740547238.234622 -0.6187761 -1.5988392 5.7142649 0.1457821 -0.0040042 0.0076657 0.9892790
1740547238.341659 -0.6154671 -1.6410248 5.8029146 0.1456305 -0.0035014 0.0076802 0.9893031
1740547238.441787 -0.5990140 -1.6544385 5.8938055 0.1475176 -0.0040848 0.0080636 0.9890181
1740547238.546971 -0.5924367 -1.6818579 5.9763155 0.1475849 -0.0047056 0.0079624 0.9890062
1740547238.655384 -0.5824022 -1.7003323 6.0684037 0.1485021 -0.0048036 0.0070983 0.9888750
1740547238.753674 -0.6033253 -1.7331228 6.1615562 0.1491122 -0.0030255 0.0075604 0.9887868
1740547238.859767 -0.5940525 -1.7879401 6.2232347 0.1474900 -0.0043732 0.0087979 0.9890147
1740547238.960194 -0.6040272 -1.8024119 6.3239985 0.1485604 -0.0037657 0.0082131 0.9888621
1740547239.071772 -0.5977471 -1.8185182 6.4102559 0.1502190 -0.0035477 0.0080056 0.9886140
1740547239.172868 -0.5872740 -1.8343165 6.4885530 0.1505270 -0.0049660 0.0077322 0.9885632
1740547239.274263 -0.5931723 -1.8545643 6.5850501 0.1516132 -0.0047005 0.0082241 0.9883945
1740547239.384585 -0.5931245 -1.8886184 6.6602907 0.1523814 -0.0057833 0.0091345 0.9882627
1740547239.485418 -0.5598141 -1.9005475 6.7476625 0.1538970 -0.0082418 0.0084211 0.9880167
1740547239.590598 -0.5738297 -1.9311181 6.8324819 0.1544384 -0.0071841 0.0082460 0.9879419
1740547239.690805 -0.5833565 -1.9466436 6.9139528 0.1552895 -0.0080331 0.0080841 0.9878033
1740547239.795542 -0.5589088 -1.9719554 7.0010753 0.1565768 -0.0095538 0.0079489 0.9875876
1740547239.898033 -0.5410481 -1.9927907 7.0631375 0.1563771 -0.0099756 0.0070094 0.9876222
1740547240.001391 -0.5387176 -1.9905063 7.0871382 0.1597794 -0.0099523 0.0074309 0.9870746
1740547240.110199 -0.5378814 -2.0060520 7.0823145 0.1576022 -0.0086163 0.0068864 0.9874411
1740547240.215596 -0.5471241 -1.9976929 7.1150193 0.1609366 -0.0071359 0.0076854 0.9869090
1740547240.328614 -0.5424870 -1.9966464 7.1323195 0.1629565 -0.0071196 0.0096604 0.9865603
1740547240.433475 -0.5263546 -1.9866533 7.1784387 0.1689790 -0.0082942 0.0103148 0.9855308
1740547240.545563 -0.5337716 -1.9928216 7.1963816 0.1684341 -0.0064534 0.0098339 0.9856427
1740547240.656781 -0.5664894 -1.9907262 7.2168589 0.1688810 0.0001620 0.0087161 0.9855979
1740547240.760897 -0.5567457 -1.9963481 7.2447939 0.1689426 0.0003567 0.0088271 0.9855863
1740547240.872948 -0.5527765 -1.9949751 7.2533507 0.1694449 0.0010472 0.0084993 0.9855025
1740547240.975548 -0.5419813 -2.0092950 7.2618690 0.1657368 0.0012891 0.0091258 0.9861270
1740547241.087659 -0.5297387 -2.0150516 7.2824359 0.1657865 0.0002971 0.0085603 0.9861245
1740547241.194731 -0.5439209 -2.0396526 7.3036799 0.1615562 0.0047607 0.0088950 0.9868120
1740547241.304927 -0.5511713 -2.0415101 7.3178988 0.1620868 0.0077132 0.0103590 0.9866920
1740547241.410928 -0.5400392 -2.0514820 7.3620648 0.1603632 0.0065352 0.0103182 0.9869825
1740547241.517723 -0.5329100 -2.0639575 7.3718567 0.1562214 0.0059705 0.0097657 0.9876558
1740547241.625221 -0.5149367 -2.0738108 7.3957858 0.1545575 0.0031680 0.0100898 0.9879273
1740547241.729602 -0.4710896 -2.0758226 7.4204350 0.1546850 -0.0044904 0.0098261 0.9879048
1740547241.840766 -0.4374152 -2.1078792 7.4447083 0.1510946 -0.0119470 0.0094423 0.9884020
1740547241.945048 -0.4077152 -2.1218231 7.4506483 0.1483678 -0.0185886 0.0099304 0.9887077
1740547242.053980 -0.3888669 -2.1424282 7.4619002 0.1437391 -0.0221196 0.0113293 0.9893035
1740547242.159671 -0.3975620 -2.1453042 7.4827948 0.1408860 -0.0206753 0.0113626 0.9897447
1740547242.266111 -0.4333586 -2.1517928 7.4972858 0.1380304 -0.0157576 0.0123211 0.9902260
1740547242.376433 -0.4641909 -2.1515927 7.5040359 0.1356014 -0.0091910 0.0115530 0.9906535
1740547242.482216 -0.4844789 -2.1628559 7.5310636 0.1335081 -0.0057285 0.0117017 0.9909621
1740547242.594458 -0.5139266 -2.1691611 7.5636082 0.1325151 -0.0037187 0.0138357 0.9910774
1740547242.703194 -0.5395848 -2.1759086 7.5951748 0.1308127 -0.0016665 0.0145365 0.9912992
1740547242.816262 -0.5650318 -2.1790946 7.6141257 0.1305274 0.0015127 0.0154320 0.9913235
1740547242.924372 -0.5791364 -2.1871071 7.6394520 0.1297116 0.0033963 0.0166288 0.9914065
1740547243.034286 -0.6022044 -2.1893153 7.6589909 0.1297449 0.0058969 0.0161760 0.9913980
1740547243.143791 -0.6161445 -2.1839464 7.6732717 0.1290905 0.0071171 0.0158806 0.9914801
1740547243.250963 -0.6329042 -2.1906872 7.6912336 0.1288882 0.0102729 0.0166604 0.9914659
1740547243.364067 -0.6487362 -2.1903701 7.7088976 0.1278992 0.0133308 0.0180607 0.9915331
1740547243.472322 -0.6582352 -2.1899219 7.7260752 0.1287895 0.0147724 0.0184034 0.9913912
1740547243.582426 -0.6634408 -2.1921585 7.7353492 0.1288914 0.0167420 0.0170398 0.9913710
1740547243.689851 -0.6701512 -2.1993029 7.7451887 0.1250490 0.0186876 0.0165801 0.9918360
1740547243.799434 -0.6807084 -2.1988378 7.7555261 0.1249329 0.0204795 0.0184684 0.9917819
1740547243.908628 -0.6822749 -2.2042925 7.7715416 0.1245656 0.0209732 0.0181963 0.9918228
1740547244.015285 -0.6768798 -2.2138703 7.7812572 0.1193676 0.0229444 0.0149062 0.9924731
1740547244.128378 -0.6598983 -2.2315269 7.7994156 0.1175225 0.0261279 0.0134922 0.9926348
1740547244.239756 -0.6455015 -2.2463331 7.8323741 0.1166276 0.0289185 0.0138771 0.9926577
1740547244.360592 -0.6457223 -2.2622333 7.8639479 0.1162205 0.0330577 0.0145326 0.9925668
1740547244.469608 -0.6364257 -2.2726598 7.8829904 0.1181990 0.0386239 0.0148623 0.9921272
1740547244.582101 -0.6375064 -2.2747600 7.8904023 0.1189039 0.0452863 0.0155270 0.9917510
1740547244.691525 -0.6413163 -2.2810905 7.9099512 0.1213880 0.0516711 0.0158384 0.9911328
1740547244.807711 -0.6388547 -2.2843072 7.9213500 0.1244175 0.0584308 0.0163376 0.9903733
1740547244.912869 -0.6493304 -2.2816007 7.9210844 0.1296602 0.0669027 0.0167656 0.9891568
1740547245.021057 -0.6505535 -2.2837486 7.9288549 0.1323227 0.0757256 0.0187849 0.9881313
1740547245.134874 -0.6482968 -2.2790713 7.9528298 0.1395138 0.0814266 0.0181602 0.9866995
1740547245.243702 -0.6492975 -2.2895679 7.9759216 0.1449472 0.0890885 0.0177977 0.9852598
1740547245.366746 -0.6481942 -2.2989702 8.0022202 0.1499194 0.0978893 0.0190633 0.9836557
1740547245.475868 -0.6447636 -2.3108838 8.0446415 0.1552534 0.1059901 0.0198880 0.9819710
1740547245.587905 -0.6352385 -2.3227577 8.0772867 0.1602877 0.1152492 0.0208468 0.9800974
1740547245.700195 -0.6275746 -2.3282440 8.1146374 0.1650870 0.1247296 0.0224285 0.9781032
1740547245.811814 -0.6527064 -2.3393366 8.1438150 0.1708150 0.1368584 0.0239097 0.9754590
1740547245.920355 -0.6861274 -2.3458316 8.1646805 0.1758914 0.1501546 0.0255624 0.9725546
1740547246.022497 -0.6934366 -2.3483114 8.1947975 0.1819209 0.1622950 0.0271076 0.9694485
1740547246.130757 -0.7134945 -2.3475068 8.2306185 0.1896440 0.1745599 0.0276106 0.9658166
1740547246.236207 -0.7227799 -2.3415046 8.2798967 0.2008488 0.1835905 0.0258846 0.9619170
1740547246.344015 -0.7247663 -2.3447123 8.3169155 0.2095306 0.1933692 0.0256195 0.9581487
1740547246.447509 -0.7067410 -2.3815482 8.3844137 0.2138454 0.2013057 0.0274779 0.9555057
1740547246.557731 -0.6905599 -2.3981254 8.4329615 0.2221316 0.2100493 0.0273033 0.9517307
1740547246.662960 -0.6947250 -2.4226098 8.4771729 0.2286414 0.2190768 0.0275172 0.9481410
1740547246.769402 -0.6940313 -2.4391503 8.5335922 0.2354523 0.2289194 0.0279160 0.9441286
1740547246.883809 -0.6953105 -2.4560308 8.5837336 0.2431507 0.2372985 0.0294831 0.9400521
1740547246.990058 -0.6977608 -2.4783182 8.6300964 0.2483651 0.2461866 0.0311727 0.9363415
1740547247.099895 -0.6493988 -2.5574207 8.6606579 0.2506344 0.2540379 0.0310420 0.9336400
1740547247.207824 -0.5988902 -2.5994706 8.7211580 0.2553616 0.2612065 0.0323414 0.9303309
1740547247.313969 -0.5386645 -2.6477902 8.7792835 0.2591775 0.2681257 0.0339782 0.9272438
1740547247.420547 -0.4549370 -2.7047276 8.8181486 0.2623385 0.2728151 0.0343858 0.9249693
1740547247.522018 -0.4209801 -2.7592738 8.8406277 0.2616979 0.2788785 0.0366914 0.9232522
1740547247.626687 -0.3769559 -2.8024983 8.9116745 0.2648806 0.2847607 0.0382980 0.9204797
1740547247.732803 -0.3262380 -2.8536036 8.9736490 0.2671497 0.2898933 0.0389921 0.9181898
1740547247.860053 -0.2514622 -2.9029357 9.0295763 0.2692496 0.2944242 0.0399460 0.9160913
1740547247.960706 -0.1724812 -2.9235330 9.0907993 0.2724795 0.2974015 0.0400258 0.9141691
1740547248.068942 -0.1209798 -2.9573872 9.1168022 0.2754519 0.3024166 0.0406176 0.9116034
1740547248.174937 -0.0489995 -3.0002532 9.1447496 0.2773189 0.3059684 0.0420582 0.9097850
1740547248.274137 0.0104216 -3.0468497 9.1957264 0.2785017 0.3095679 0.0433205 0.9081453
1740547248.380918 0.0735015 -3.0925932 9.2631388 0.2801850 0.3139073 0.0440028 0.9061028
1740547248.483480 0.1366901 -3.1317329 9.3165798 0.2816153 0.3175607 0.0438103 0.9043941
1740547248.592234 0.2146786 -3.1763377 9.3534164 0.2829284 0.3207008 0.0449222 0.9028203
1740547248.692604 0.2857875 -3.2105174 9.3966131 0.2851872 0.3234873 0.0446360 0.9011282
1740547248.803504 0.3660170 -3.2563300 9.4251003 0.2864219 0.3259404 0.0450255 0.8998322
1740547248.908731 0.4229511 -3.2964039 9.4799595 0.2889118 0.3299928 0.0449008 0.8975626
1740547249.009909 0.4913235 -3.3409083 9.5313225 0.2901428 0.3323425 0.0458031 0.8962520
1740547249.114938 0.5604438 -3.3704271 9.5937777 0.2919840 0.3350357 0.0460741 0.8946361
1740547249.217336 0.6213133 -3.4034410 9.6572323 0.2941388 0.3385100 0.0458657 0.8926308
1740547249.332141 0.6977843 -3.4308386 9.7077179 0.2967242 0.3412134 0.0453715 0.8907692
1740547249.434113 0.7803138 -3.4729486 9.7544594 0.2990462 0.3443100 0.0456153 0.8887864
1740547249.540686 0.8626982 -3.5174117 9.7933216 0.3020672 0.3479590 0.0459898 0.8863210
1740547249.645015 0.9329772 -3.5843067 9.8356571 0.3040935 0.3517448 0.0460223 0.8841294
1740547249.746117 1.0101761 -3.6448677 9.8721352 0.3067539 0.3552279 0.0459994 0.8818159
1740547249.864170 1.0765958 -3.7114260 9.9152603 0.3092005 0.3589137 0.0460833 0.8794613
1740547249.965248 1.1495290 -3.7715940 9.9610710 0.3122860 0.3620547 0.0458618 0.8770922
1740547250.075907 1.2174841 -3.8314829 10.0093164 0.3153578 0.3651246 0.0454408 0.8747392
1740547250.177429 1.2939211 -3.8854368 10.0538511 0.3186970 0.3676489 0.0449602 0.8724936
1740547250.277705 1.3594463 -3.9452257 10.1012821 0.3220264 0.3705468 0.0445554 0.8700626
1740547250.383173 1.4168521 -4.0022511 10.1627827 0.3246478 0.3732852 0.0440514 0.8679409
1740547250.486373 1.4865333 -4.0450330 10.2287960 0.3281029 0.3754221 0.0433046 0.8657549
1740547250.591099 1.5615995 -4.0914211 10.2878237 0.3316311 0.3773068 0.0424881 0.8636290
1740547250.691512 1.6378220 -4.1450500 10.3338890 0.3348303 0.3793854 0.0418444 0.8615129
1740547250.809748 1.7078342 -4.2004347 10.3843718 0.3381509 0.3814859 0.0410598 0.8593233
1740547250.910245 1.7814242 -4.2623577 10.4226522 0.3414111 0.3833598 0.0402377 0.8572366
1740547251.117211 1.9330291 -4.3876724 10.4921398 0.3484782 0.3861382 0.0381306 0.8532329
1740547251.219407 2.0014062 -4.4566398 10.5317287 0.3516579 0.3877205 0.0369999 0.8512583
1740547251.328622 2.0625601 -4.5250063 10.5733194 0.3545449 0.3894104 0.0363508 0.8493150
1740547251.431694 2.1347442 -4.5788002 10.6213837 0.3580738 0.3907207 0.0352394 0.8472772
1740547251.531431 2.2116275 -4.6320109 10.6694984 0.3617381 0.3917481 0.0338790 0.8452995
1740547251.635659 2.2746975 -4.6963725 10.7109890 0.3646175 0.3931910 0.0334619 0.8434069
1740547251.741626 2.3515725 -4.7599258 10.7437420 0.3679725 0.3940926 0.0322652 0.8415737
1740547252.407989 2.4223170 -4.8309226 10.7759113 0.3708459 0.3952471 0.0308641 0.8398217
1740547252.508969 2.4983413 -4.8882813 10.8119335 0.3745637 0.3960410 0.0294120 0.8378476
1740547252.615674 2.5613594 -4.9564400 10.8532887 0.3773461 0.3974448 0.0289079 0.8359497
1740547253.847737 3.3952250 -5.7646618 11.2725868 0.4087167 0.4127231 0.0208758 0.8137411
1740547254.159081 3.6056733 -5.9561634 11.3881512 0.4149434 0.4190877 0.0206861 0.8073163
1740547254.473973 3.8064723 -6.1632624 11.4789553 0.4214496 0.4270556 0.0212502 0.7997200
1740547254.781445 4.0217223 -6.3748283 11.5450077 0.4267891 0.4374632 0.0233215 0.7911594
1740547255.097403 4.2458396 -6.5784698 11.6039448 0.4313772 0.4501899 0.0274350 0.7813387
1740547255.402983 4.4703555 -6.7881222 11.6407671 0.4346615 0.4649552 0.0331282 0.7705768
1740547255.814173 4.7880011 -7.0363903 11.6902571 0.4380454 0.4856448 0.0426719 0.7552777
1740547256.113214 5.0539532 -7.1907210 11.7056980 0.4392860 0.5010224 0.0498420 0.7439893
1740547256.317783 5.2305441 -7.2920113 11.7027636 0.4396253 0.5108371 0.0550025 0.7367155
1740547256.619288 5.4860487 -7.4494209 11.6972561 0.4407499 0.5243196 0.0615683 0.7259738
1740547256.922407 5.7476826 -7.5946970 11.6907740 0.4423643 0.5352236 0.0658168 0.7166014
1740547257.226159 5.9942021 -7.7717986 11.6927137 0.4455548 0.5452132 0.0688737 0.7067390
1740547257.521504 6.2561598 -7.9213820 11.6923418 0.4510051 0.5531815 0.0683471 0.6970748
1740547257.826668 6.5023994 -8.0938187 11.6836338 0.4571379 0.5597095 0.0670861 0.6879314
1740547258.131485 6.7379074 -8.2768707 11.6442060 0.4637339 0.5661924 0.0652664 0.6783196
1740547258.330211 6.8902755 -8.3990355 11.5994444 0.4679877 0.5693259 0.0633562 0.6729351
1740547258.528238 7.0474744 -8.5171003 11.5617743 0.4725265 0.5731220 0.0611599 0.6667153
1740547258.835269 7.2916613 -8.6765308 11.5015621 0.4780156 0.5778785 0.0586310 0.6588778
1740547259.041433 7.4469075 -8.7976179 11.4666843 0.4814392 0.5807297 0.0580118 0.6539143
1740547259.244990 7.6171322 -8.9016800 11.4478178 0.4841614 0.5835658 0.0571571 0.6494397
1740547259.444919 7.7886791 -8.9998760 11.4176188 0.4858745 0.5865647 0.0565644 0.6454985
1740547259.647662 7.9560533 -9.1021252 11.3746233 0.4878213 0.5891358 0.0569702 0.6416414
1740547259.850240 8.1146259 -9.2171631 11.3244114 0.4891205 0.5922242 0.0576301 0.6377385
1740547260.053909 8.2709579 -9.3299494 11.2804708 0.4900090 0.5958453 0.0586167 0.6335800
1740547260.267538 8.4295425 -9.4336538 11.2393856 0.4911050 0.5978310 0.0592450 0.6307963
1740547260.470404 8.5694790 -9.5552206 11.1653948 0.4917877 0.6008547 0.0606571 0.6272473
1740547260.776266 8.8313065 -9.6864090 11.1215439 0.4930482 0.6049144 0.0628318 0.6221208
1740547261.097089 9.0779638 -9.8377695 11.0637045 0.4941544 0.6089321 0.0639692 0.6171880
1740547261.299464 9.2369080 -9.9380217 11.0111380 0.4947553 0.6110942 0.0647180 0.6144858
1740547261.504223 9.3919449 -10.0363913 10.9414816 0.4955085 0.6127524 0.0654040 0.6121505
1740547261.714200 9.5500755 -10.1455059 10.8913441 0.4961032 0.6140227 0.0657673 0.6103543
1740547261.916732 9.7102966 -10.2428036 10.8333282 0.4963910 0.6146746 0.0659080 0.6094483
1740547262.122139 9.8484268 -10.3511972 10.7570868 0.4966754 0.6159767 0.0664935 0.6078362
1740547262.326921 10.0042124 -10.4580841 10.7120714 0.4973596 0.6158760 0.0659287 0.6074402
1740547262.527282 10.1689453 -10.5551949 10.6734056 0.4971443 0.6153304 0.0661737 0.6081423
1740547262.739039 10.3414993 -10.6406631 10.6378689 0.4967336 0.6151583 0.0659015 0.6086814
1740547262.945230 10.5082159 -10.7329426 10.5990591 0.4962991 0.6141269 0.0656702 0.6101006
1740547263.154783 10.6635599 -10.8359957 10.5501642 0.4963319 0.6118057 0.0650656 0.6124662
1740547263.366502 10.8112593 -10.9502039 10.5044479 0.4957230 0.6105963 0.0638864 0.6142878
1740547263.566370 10.9649887 -11.0457554 10.4477291 0.4955962 0.6086465 0.0620794 0.6165063
1740547263.777958 11.1255131 -11.1493254 10.4157209 0.4963784 0.6059820 0.0604250 0.6186624
1740547263.979291 11.2831964 -11.2559919 10.3723650 0.4966276 0.6037761 0.0583213 0.6208172
1740547264.189916 11.4420023 -11.3531628 10.3285255 0.4979728 0.6010075 0.0555776 0.6226750
1740547264.402299 11.5964508 -11.4679565 10.2847824 0.4997012 0.5984206 0.0520001 0.6240893
1740547264.612052 11.7647495 -11.5650673 10.2662163 0.5023520 0.5963925 0.0483238 0.6241981
1740547264.811147 11.9146013 -11.6847219 10.2184811 0.5048045 0.5942017 0.0440622 0.6246242
1740547264.913371 11.9768209 -11.7528687 10.1919060 0.5051503 0.5943795 0.0415052 0.6243504
1740547265.028107 12.0532856 -11.8187160 10.1713047 0.5068874 0.5933931 0.0395920 0.6240050
1740547265.240463 12.2459621 -11.9683247 10.1087055 0.5106482 0.5905740 0.0341170 0.6239366
1740547265.344948 12.2752638 -12.0150242 10.0944672 0.5115058 0.5908061 0.0325528 0.6230975
1740547265.444950 12.3478260 -12.0727997 10.0755539 0.5141706 0.5899753 0.0295098 0.6218415
1740547265.543759 12.4120064 -12.1358452 10.0611839 0.5155805 0.5901520 0.0268935 0.6206239
1740547265.655474 12.4946299 -12.1927948 10.0360661 0.5182928 0.5884950 0.0235301 0.6200746
1740547265.756821 12.5601873 -12.2607117 10.0036907 0.5201988 0.5876476 0.0213555 0.6193604
1740547265.863651 12.6168280 -12.3423729 9.9953289 0.5214716 0.5880250 0.0201064 0.6179723
1740547265.959473 12.6969233 -12.4033747 9.9774895 0.5238729 0.5865887 0.0175732 0.6173832
1740547266.059174 12.7502079 -12.4806433 9.9624882 0.5254499 0.5870262 0.0151199 0.6156898
1740547266.164610 12.7997360 -12.5635843 9.9479275 0.5269104 0.5874332 0.0138324 0.6140817
1740547266.264224 12.8591557 -12.6472626 9.9236240 0.5287162 0.5872500 0.0112171 0.6127567
1740547266.368083 12.9300241 -12.7047071 9.9065189 0.5307949 0.5865136 0.0090346 0.6117001
1740547266.468398 13.0092449 -12.7666464 9.8792667 0.5327745 0.5854092 0.0057965 0.6110761
1740547266.567365 13.0797682 -12.8333216 9.8668118 0.5348707 0.5845001 0.0031833 0.6101335
1740547266.671519 13.1277151 -12.9142933 9.8512802 0.5358557 0.5844934 0.0016681 0.6092810
1740547266.771975 13.1729403 -12.9835148 9.8420620 0.5374206 0.5834752 0.0015763 0.6088788
1740547266.879547 13.2008982 -13.0684757 9.8106098 0.5377612 0.5827104 -0.0006944 0.6093119
1740547266.978493 13.2285719 -13.1524830 9.7911491 0.5383283 0.5825073 -0.0010328 0.6090048
1740547267.078316 13.3203039 -13.2022762 9.7728271 0.5409067 0.5806597 -0.0051165 0.6084638
1740547267.196566 13.3636341 -13.2812309 9.7483730 0.5410779 0.5799174 -0.0064334 0.6090067
1740547267.295139 13.3874893 -13.3212194 9.7388363 0.5425149 0.5780568 -0.0083220 0.6094741
1740547267.400388 13.3968916 -13.3475895 9.7266827 0.5431664 0.5763098 -0.0110991 0.6105031
1740547267.499344 13.4065361 -13.3883858 9.7145100 0.5444881 0.5741548 -0.0117132 0.6113442
1740547267.603664 13.4036446 -13.4172802 9.7110672 0.5457228 0.5713463 -0.0115582 0.6128755
1740547267.705897 13.4459238 -13.4931526 9.7027721 0.5453779 0.5709317 -0.0123779 0.6135525
1740547267.806553 13.4858885 -13.5512075 9.6627216 0.5454738 0.5683728 -0.0142216 0.6157990
1740547267.913229 13.5099421 -13.6087751 9.6414661 0.5450547 0.5675033 -0.0162334 0.6169212
1740547268.010894 13.5230188 -13.6473799 9.6326218 0.5455251 0.5661492 -0.0172058 0.6177228
1740547268.112387 13.5344496 -13.6832304 9.6206379 0.5457728 0.5650890 -0.0202378 0.6183826
1740547268.212332 13.5589514 -13.7494793 9.6055298 0.5452471 0.5637629 -0.0208718 0.6200334
1740547268.311513 13.6045866 -13.8156595 9.6163502 0.5472913 0.5643324 -0.0251165 0.6175519
1740547268.413529 13.6328678 -13.9041948 9.6288013 0.5482814 0.5634700 -0.0239702 0.6175066
1740547268.511536 13.6398525 -13.8937244 9.6301308 0.5504271 0.5608455 -0.0267846 0.6178712
1740547268.613493 13.6479321 -13.9116726 9.6227703 0.5512665 0.5590544 -0.0301821 0.6185891
1740547268.712976 13.6729984 -13.9842758 9.6263638 0.5522130 0.5569590 -0.0297146 0.6196567
1740547268.811769 13.7093277 -14.0604525 9.6394653 0.5542591 0.5572215 -0.0314056 0.6175068
1740547268.918429 13.7382450 -14.1244745 9.6461182 0.5553992 0.5582207 -0.0341433 0.6154312
1740547269.016906 13.7552109 -14.1639175 9.6456680 0.5558645 0.5555218 -0.0350907 0.6173969
1740547269.125289 13.7660818 -14.2037106 9.6197968 0.5546373 0.5521739 -0.0374442 0.6213529
1740547269.229256 13.7851667 -14.2761974 9.6019154 0.5551540 0.5482702 -0.0385995 0.6242709
1740547269.326700 13.7927704 -14.3000011 9.5870876 0.5555965 0.5447159 -0.0394216 0.6269315
1740547269.433554 13.7904720 -14.3467999 9.5847359 0.5550158 0.5427316 -0.0387888 0.6292021
1740547269.532512 13.8265905 -14.4349527 9.5586128 0.5550674 0.5407522 -0.0410963 0.6307126
1740547269.635213 13.8569155 -14.5018692 9.5278587 0.5552272 0.5372186 -0.0436129 0.6334168
1740547269.733597 13.8879471 -14.5516605 9.5260067 0.5566846 0.5331158 -0.0455553 0.6354640
1740547269.832441 13.9169731 -14.6125288 9.5257874 0.5573599 0.5291255 -0.0492397 0.6379276
1740547269.939298 13.9410820 -14.6486235 9.5297832 0.5588197 0.5258340 -0.0530963 0.6390619
1740547270.039646 13.9752293 -14.6995287 9.5353775 0.5601848 0.5235180 -0.0589566 0.6392544
1740547270.147045 14.0203590 -14.7778149 9.5222645 0.5609750 0.5198207 -0.0622948 0.6412588
1740547270.246006 14.0547075 -14.8597994 9.5128593 0.5612235 0.5164533 -0.0654531 0.6434439
1740547270.354684 14.0825348 -14.9272308 9.5032768 0.5609482 0.5133682 -0.0697817 0.6456940
1740547270.449419 14.1149883 -15.0028982 9.4828949 0.5609984 0.5085983 -0.0734649 0.6490082
1740547270.546720 14.1603737 -15.0673866 9.4698238 0.5609159 0.5033243 -0.0787622 0.6525600
1740547270.650280 14.1883812 -15.1400223 9.4501591 0.5606863 0.4965056 -0.0820889 0.6575519
1740547270.748457 14.2246943 -15.2070694 9.4328213 0.5605673 0.4893220 -0.0869230 0.6623992
1740547270.854648 14.2493629 -15.2857828 9.4434872 0.5611345 0.4850004 -0.0918415 0.6644304
1740547270.954702 14.2818718 -15.3808079 9.4538956 0.5618476 0.4813825 -0.0960360 0.6658643
1740547271.053371 14.3077259 -15.4653416 9.4364529 0.5611841 0.4758925 -0.0999584 0.6697814
1740547271.156657 14.3410769 -15.5547743 9.4426155 0.5616538 0.4708084 -0.1048719 0.6722249
1740547271.258725 14.3913364 -15.6457481 9.4588299 0.5618937 0.4671210 -0.1106910 0.6736623
1740547271.363224 14.4246674 -15.7419605 9.4584198 0.5626203 0.4618558 -0.1150210 0.6759569
1740547271.463865 14.4400711 -15.8343115 9.4443226 0.5618904 0.4554909 -0.1188364 0.6802096
1740547271.561715 14.4732800 -15.8869476 9.4276047 0.5618227 0.4478346 -0.1261858 0.6840150
1740547271.680890 14.5124702 -15.9513798 9.4205952 0.5622713 0.4408336 -0.1322146 0.6870487
1740547271.778681 14.5428772 -16.0081940 9.4046154 0.5616403 0.4328388 -0.1392514 0.6912451
1740547271.895472 14.5643635 -16.0683899 9.3881454 0.5614718 0.4247201 -0.1459882 0.6950178
1740547271.992463 14.6000614 -16.1434460 9.3819847 0.5629855 0.4167932 -0.1518210 0.6973386
1740547272.087913 14.6226597 -16.2171822 9.3671608 0.5621530 0.4096031 -0.1578868 0.7009145
1740547272.190191 14.6492252 -16.3008614 9.3607845 0.5629568 0.4033340 -0.1622620 0.7029030
1740547272.287761 14.6822405 -16.3963947 9.3807487 0.5641551 0.3984144 -0.1673183 0.7035620
1740547272.399244 14.7092838 -16.4876595 9.3986225 0.5658900 0.3933817 -0.1727251 0.7036940
1740547272.494885 14.7265425 -16.5839787 9.4079151 0.5674283 0.3896255 -0.1772771 0.7034131
1740547272.590170 14.7499924 -16.6828671 9.4232330 0.5689105 0.3853106 -0.1822109 0.7033319
1740547272.697890 14.7747412 -16.7680511 9.4261436 0.5703105 0.3807347 -0.1870590 0.7034174
1740547272.792848 14.7997913 -16.8654022 9.4414635 0.5717942 0.3764534 -0.1909170 0.7034806
1740547272.895853 14.8292570 -16.9614410 9.4514637 0.5736982 0.3721546 -0.1951947 0.7030436
1740547272.996979 14.8515186 -17.0625000 9.4561367 0.5749178 0.3679605 -0.1989408 0.7032049
1740547273.092836 14.8670864 -17.1524391 9.4687462 0.5777259 0.3643461 -0.2027368 0.7016997
1740547273.198163 14.8852148 -17.2302074 9.4660187 0.5802985 0.3601958 -0.2061212 0.7007329
1740547273.297733 14.9070454 -17.3129349 9.4603977 0.5821193 0.3553693 -0.2103367 0.7004344
1740547273.400252 14.9304991 -17.4015923 9.4639511 0.5841521 0.3508871 -0.2151370 0.6995432
1740547273.498045 14.9562702 -17.4922657 9.4622707 0.5869052 0.3462098 -0.2200918 0.6980263
1740547273.595120 14.9880600 -17.5814877 9.4730091 0.5913378 0.3417195 -0.2233738 0.6954507
1740547273.700547 15.0005112 -17.6587620 9.4840317 0.5941656 0.3393464 -0.2256749 0.6934566
1740547273.797819 15.0259914 -17.7535744 9.4941120 0.5985141 0.3358408 -0.2293608 0.6902068
1740547273.901012 15.0465431 -17.8426514 9.4976311 0.6016638 0.3328043 -0.2324527 0.6879009
1740547273.998337 15.0692883 -17.9415150 9.5032616 0.6048508 0.3288110 -0.2366065 0.6856065
1740547274.095965 15.0869427 -18.0432816 9.5102711 0.6077178 0.3256277 -0.2396058 0.6835458
1740547274.206364 15.0978985 -18.1395988 9.5075226 0.6095147 0.3222762 -0.2429656 0.6823471
1740547274.305596 15.1238594 -18.2362194 9.5145264 0.6123741 0.3190467 -0.2470280 0.6798414
1740547274.413665 15.1128063 -18.3367596 9.5142841 0.6145389 0.3173877 -0.2493758 0.6778043
1740547274.508046 15.1021175 -18.4415188 9.5034084 0.6157368 0.3153100 -0.2515734 0.6768742
1740547274.619671 15.1036215 -18.5354271 9.5068035 0.6180803 0.3139724 -0.2528395 0.6748854
1740547274.714110 15.1176767 -18.6400414 9.5087261 0.6202434 0.3116351 -0.2549932 0.6731718
1740547274.815083 15.1406984 -18.7445126 9.5009022 0.6224747 0.3088802 -0.2576329 0.6713744
1740547274.915896 15.1391945 -18.8432674 9.4985466 0.6245973 0.3071431 -0.2597151 0.6693948
1740547275.012879 15.1391554 -18.9464569 9.5013657 0.6267484 0.3055871 -0.2612103 0.6675119
1740547275.123528 15.1522179 -19.0291405 9.4923725 0.6269090 0.3046816 -0.2633311 0.6669415
1740547275.218187 15.1675072 -19.1321697 9.5003586 0.6283711 0.3031796 -0.2651036 0.6655464
1740547275.319691 15.1952324 -19.2064610 9.5048275 0.6296557 0.3010726 -0.2668982 0.6645708
1740547275.429372 15.1949835 -19.3071918 9.5037384 0.6312565 0.3002553 -0.2673355 0.6632449
1740547275.528033 15.1939650 -19.3864784 9.5034389 0.6315441 0.2998912 -0.2678735 0.6629186
1740547275.629570 15.2420635 -19.4540634 9.5097141 0.6330714 0.2980665 -0.2695633 0.6615984
1740547275.732737 15.2973604 -19.5401192 9.5216694 0.6354238 0.2944489 -0.2721602 0.6598979
1740547275.828291 15.3770065 -19.6297283 9.5397243 0.6376271 0.2919189 -0.2747531 0.6578190
1740547275.930756 15.4356174 -19.7179852 9.5491123 0.6399634 0.2890643 -0.2764697 0.6560893
1740547276.031986 15.4470978 -19.8161831 9.5588493 0.6411471 0.2884495 -0.2771813 0.6549029
1740547276.136236 15.4390125 -19.9193516 9.5559902 0.6412921 0.2883552 -0.2772067 0.6547917
1740547276.237184 15.4356384 -20.0220242 9.5578060 0.6417570 0.2880644 -0.2771537 0.6544867
1740547276.335406 15.4309530 -20.1290665 9.5522900 0.6422561 0.2873935 -0.2777553 0.6540368
1740547276.438312 15.4256706 -20.2340946 9.5592937 0.6425315 0.2876938 -0.2776124 0.6536949
1740547276.538467 15.4154024 -20.3371544 9.5641518 0.6426495 0.2882811 -0.2776544 0.6533021
1740547276.647364 15.4254665 -20.4372349 9.5725040 0.6424877 0.2882274 -0.2785380 0.6531088
1740547276.744752 15.4285526 -20.5395012 9.5773964 0.6427432 0.2879932 -0.2783657 0.6530342
1740547276.842776 15.4225063 -20.6416817 9.5812263 0.6427413 0.2881334 -0.2782492 0.6530238
1740547276.946382 15.4262562 -20.7473679 9.5883255 0.6427760 0.2881537 -0.2780798 0.6530530
1740547277.048547 15.4229937 -20.8481102 9.5933571 0.6426470 0.2888126 -0.2777877 0.6530132
1740547277.150538 15.4233103 -20.9537125 9.5912380 0.6420075 0.2887195 -0.2776740 0.6537313
1740547277.352890 15.4308147 -21.1582413 9.5996857 0.6424090 0.2891003 -0.2768637 0.6535123
1740547277.466140 15.4342203 -21.2670631 9.6033077 0.6413647 0.2898361 -0.2770952 0.6541136
1740547277.563653 15.4335394 -21.3700829 9.6060982 0.6411106 0.2907014 -0.2763654 0.6542874
1740547277.772854 15.4528246 -21.5757160 9.5955105 0.6408016 0.2906058 -0.2757029 0.6549119
1740547277.983254 15.4545517 -21.7878742 9.5932388 0.6389484 0.2921794 -0.2751673 0.6562462
1740547278.083402 15.4435825 -21.8887959 9.6098175 0.6391839 0.2932071 -0.2735582 0.6562312
1740547278.191322 15.4400349 -21.9917202 9.6162930 0.6383141 0.2940417 -0.2725740 0.6571134
1740547278.295914 15.4360409 -22.0956993 9.6184883 0.6372149 0.2949762 -0.2717591 0.6580982
1740547278.502968 15.4490843 -22.3028259 9.6367435 0.6350632 0.2970331 -0.2704183 0.6598030
1740547278.604394 15.4536810 -22.4075680 9.6419506 0.6338433 0.2980199 -0.2695667 0.6608787
1740547278.715959 15.4578495 -22.5072403 9.6564388 0.6329528 0.2989079 -0.2682634 0.6618606
1740547278.923451 15.4798965 -22.7112942 9.6613102 0.6302909 0.3003714 -0.2664086 0.6644824
1740547279.032290 15.4642067 -22.8152695 9.6753368 0.6286090 0.3023227 -0.2651248 0.6657031
1740547279.137563 15.4609413 -22.9190884 9.6901550 0.6279002 0.3033107 -0.2626919 0.6668860
1740547279.247663 15.4718885 -23.0224152 9.7041187 0.6266223 0.3044965 -0.2615856 0.6679816
1740547279.350777 15.4809580 -23.1213684 9.7147427 0.6245530 0.3059967 -0.2608615 0.6695154
1740547279.471341 15.4822292 -23.2260323 9.7318974 0.6232408 0.3079193 -0.2592913 0.6704661
1740547279.573464 15.4868641 -23.3302956 9.7495365 0.6218079 0.3096035 -0.2572637 0.6718006
1740547279.689099 15.4902782 -23.4307098 9.7593937 0.6197481 0.3108246 -0.2558950 0.6736602
1740547279.793376 15.5074081 -23.5287418 9.7802925 0.6180458 0.3125111 -0.2550867 0.6747496
1740547279.909842 15.5297623 -23.6296844 9.7736015 0.6158988 0.3132868 -0.2538643 0.6768109
1740547280.017533 15.5508165 -23.7292023 9.7992992 0.6146681 0.3147766 -0.2528493 0.6776179
1740547280.117501 15.5558844 -23.8306427 9.8278141 0.6141686 0.3160585 -0.2502630 0.6784338
1740547280.225127 15.5791817 -23.9311523 9.8378944 0.6119677 0.3176952 -0.2494355 0.6799613
1740547280.332918 15.6015301 -24.0309944 9.8446083 0.6101269 0.3189292 -0.2478833 0.6816034
1740547280.440619 15.6222477 -24.1342354 9.8637543 0.6090378 0.3202609 -0.2468182 0.6823391
1740547280.659585 15.6756325 -24.3364353 9.8794594 0.6064657 0.3220242 -0.2451501 0.6843984
1740547280.764524 15.6877890 -24.4357414 9.9068451 0.6064626 0.3230033 -0.2438588 0.6844011
1740547280.866332 15.7008419 -24.5365334 9.9448814 0.6072328 0.3241078 -0.2424752 0.6836873
1740547281.080312 15.7550716 -24.7386742 9.8976040 0.6041593 0.3246604 -0.2421615 0.6862543
1740547281.299008 15.7940969 -24.9372559 9.8994827 0.6041176 0.3242007 -0.2422003 0.6864946
1740547281.412090 15.7998419 -25.0379601 9.9289474 0.6052504 0.3243062 -0.2423995 0.6853758
1740547281.530173 15.8043575 -25.1394958 9.9541759 0.6055040 0.3245243 -0.2422853 0.6850888
1740547281.630385 15.8220949 -25.2407074 9.9630146 0.6055220 0.3237413 -0.2433969 0.6850495
1740547281.734754 15.8505526 -25.3392487 9.9615288 0.6061801 0.3216656 -0.2460868 0.6844839
1740547281.837084 15.8681469 -25.4460793 9.9509048 0.6059527 0.3194330 -0.2480281 0.6850299
1740547281.946903 15.8683558 -25.5382938 9.9736576 0.6069133 0.3180404 -0.2498618 0.6841605
1740547282.047523 15.8650951 -25.6256962 10.0086765 0.6091812 0.3162468 -0.2527799 0.6819007
1740547282.161856 15.8832912 -25.7192822 9.9932060 0.6091083 0.3122235 -0.2566401 0.6823778
1740547282.266883 15.8999443 -25.8233166 9.9933834 0.6092011 0.3081879 -0.2597867 0.6829386
1740547282.365726 15.9251347 -25.9250031 10.0147438 0.6098700 0.3038419 -0.2640860 0.6826400
1740547282.474018 15.9365959 -26.0204163 10.0390778 0.6102917 0.2991563 -0.2688997 0.6824533
1740547282.578027 15.9403763 -26.1108665 10.0627670 0.6109015 0.2939647 -0.2738303 0.6822031
1740547282.690735 15.9443626 -26.2142620 10.0958138 0.6114572 0.2888640 -0.2787989 0.6818716
1740547282.792329 15.9409094 -26.3149433 10.1193142 0.6123462 0.2828335 -0.2842377 0.6813562
1740547282.900774 15.9276934 -26.4094296 10.1418190 0.6124133 0.2763352 -0.2900185 0.6815262
1740547283.002996 15.9121704 -26.5104218 10.1570892 0.6127732 0.2694493 -0.2961367 0.6813290
1740547283.328268 15.8512011 -26.8165722 10.2335548 0.6136570 0.2490911 -0.3147361 0.6799411
1740547283.538800 15.8186579 -27.0164795 10.2613487 0.6150390 0.2344769 -0.3265621 0.6783103
1740547283.637758 15.8087168 -27.1156311 10.2897472 0.6165185 0.2277373 -0.3331600 0.6760510
1740547283.841752 15.7660542 -27.3086834 10.3147392 0.6185153 0.2136498 -0.3453510 0.6727000
1740547284.253538 15.6408348 -27.7045040 10.3774891 0.6230540 0.1872489 -0.3662871 0.6652634
1740547284.555906 15.5443077 -27.9959030 10.4408398 0.6271828 0.1710259 -0.3788756 0.6586692
1740547284.866300 15.4152966 -28.2844429 10.4563408 0.6296052 0.1575595 -0.3888090 0.6539112
1740547285.081692 15.3324575 -28.4663239 10.4779663 0.6302356 0.1497907 -0.3956782 0.6510028
1740547285.382410 15.1853561 -28.7369175 10.5240879 0.6285594 0.1417636 -0.4020871 0.6504937
1740547285.492067 15.1496010 -28.8292313 10.5368519 0.6275746 0.1394683 -0.4036314 0.6509841
1740547285.595901 15.1186695 -28.9306450 10.5511608 0.6253093 0.1377822 -0.4058381 0.6521502
1740547285.703461 15.0901003 -29.0228348 10.5762177 0.6237218 0.1367106 -0.4067215 0.6533444
1740547285.804051 15.0537529 -29.1100502 10.5983410 0.6214966 0.1358015 -0.4076367 0.6550820
1740547285.902879 15.0252771 -29.1976070 10.6277237 0.6189257 0.1348262 -0.4096219 0.6564776
1740547286.110481 14.9460182 -29.3876667 10.6885948 0.6117259 0.1345332 -0.4119026 0.6618372
1740547286.214970 14.9180231 -29.4768906 10.7217388 0.6080979 0.1343544 -0.4132533 0.6643701
1740547286.314518 14.8812313 -29.5636196 10.7607040 0.6044192 0.1344967 -0.4139429 0.6672626
1740547286.519899 14.8238268 -29.7497921 10.8215370 0.5949364 0.1350941 -0.4160445 0.6743198
1740547286.734458 14.7618561 -29.9393234 10.8876991 0.5841720 0.1376898 -0.4163845 0.6829413
1740547286.935607 14.7304287 -30.1377525 10.9551449 0.5738249 0.1403734 -0.4175494 0.6904150
1740547287.133565 14.6789322 -30.3184509 11.0334568 0.5625058 0.1440775 -0.4172096 0.6991174
1740547287.238536 14.6564274 -30.4038582 11.0743122 0.5573416 0.1456809 -0.4170523 0.7030042
1740547287.442189 14.6063213 -30.5853577 11.1531696 0.5449986 0.1491014 -0.4173992 0.7117045
1740547287.548962 14.5833387 -30.6720200 11.1985970 0.5387878 0.1512014 -0.4170654 0.7161720
1740547287.755074 14.5569973 -30.8493423 11.2873783 0.5276657 0.1538277 -0.4169624 0.7239119
1740547287.854152 14.5439606 -30.9272747 11.3408661 0.5217170 0.1563675 -0.4155818 0.7284589
1740547287.956901 14.5730038 -30.9896049 11.4132633 0.5183555 0.1583535 -0.4137042 0.7314920
1740547288.055193 14.6158810 -31.0444336 11.4809933 0.5151107 0.1584875 -0.4144714 0.7333186
1740547288.154407 14.6463947 -31.0934219 11.5283337 0.5100110 0.1592039 -0.4154253 0.7361825
1740547288.263540 14.6861763 -31.1495762 11.5885868 0.5067276 0.1596699 -0.4149265 0.7386262
1740547288.359764 14.7331753 -31.2203102 11.6624699 0.5044209 0.1587123 -0.4137395 0.7410734
1740547288.467730 14.7687740 -31.2720261 11.7193012 0.5023920 0.1593352 -0.4108575 0.7439158
1740547288.564202 14.8027706 -31.3313942 11.7752743 0.4999887 0.1599442 -0.4066937 0.7476827
1740547288.678515 14.8266630 -31.3670120 11.8175087 0.4975034 0.1623901 -0.4011662 0.7517882
1740547288.784213 14.8673124 -31.4151936 11.8721848 0.4942239 0.1631832 -0.3978833 0.7555150
1740547288.882405 14.9057684 -31.4581871 11.9245014 0.4903011 0.1635522 -0.3971080 0.7583935
1740547288.985703 14.9394264 -31.4975510 11.9730034 0.4866953 0.1643986 -0.3954211 0.7614086
1740547289.082916 14.9521933 -31.5345421 12.0061913 0.4803613 0.1672513 -0.3956105 0.7647042
1740547289.184523 14.9803886 -31.5657005 12.0393353 0.4765923 0.1670438 -0.3952923 0.7672679
1740547289.283732 15.0103226 -31.6122665 12.0871429 0.4724776 0.1684237 -0.3927125 0.7708277
1740547289.383919 15.0109034 -31.6843090 12.1324577 0.4656256 0.1705568 -0.3932674 0.7742377
1740547289.486908 15.0340567 -31.7463036 12.1866970 0.4595211 0.1734860 -0.3929248 0.7774014
1740547289.590209 15.0758352 -31.8072968 12.2447834 0.4550445 0.1749594 -0.3918174 0.7802582
1740547289.703196 15.1189899 -31.8725471 12.3092823 0.4524739 0.1748725 -0.3907944 0.7822830
1740547289.800722 15.1553860 -31.9446220 12.3725662 0.4484885 0.1750780 -0.3917501 0.7840521
1740547289.899177 15.1919289 -31.9990616 12.4221802 0.4436205 0.1756657 -0.3919430 0.7865896
1740547290.003850 15.2227135 -32.0584068 12.4788990 0.4375185 0.1768489 -0.3925067 0.7894558
1740547290.102536 15.2801495 -32.1283798 12.5516891 0.4350898 0.1763690 -0.3925797 0.7908679
1740547290.207856 15.3106709 -32.2005730 12.6102638 0.4311697 0.1772838 -0.3912217 0.7934789
1740547290.306624 15.3059740 -32.2842102 12.6623230 0.4253351 0.1797614 -0.3898223 0.7967525
1740547290.405609 15.3017206 -32.3590317 12.7341805 0.4201037 0.1824791 -0.3881370 0.7997274
1740547290.515393 15.3233633 -32.4153290 12.7930984 0.4154418 0.1857692 -0.3868349 0.8020328
1740547290.612275 15.3434782 -32.4900932 12.8570862 0.4105181 0.1881237 -0.3849832 0.8049052
1740547290.716051 15.3700686 -32.5604134 12.9221191 0.4048522 0.1884656 -0.3854853 0.8074506
1740547290.815350 15.3824720 -32.6172752 12.9773216 0.3991351 0.1914580 -0.3843400 0.8101344
1740547290.918133 15.4219723 -32.6904144 13.0465317 0.3948709 0.1929075 -0.3844796 0.8118122
1740547291.017688 15.4507465 -32.7474327 13.0966454 0.3875282 0.1968913 -0.3841792 0.8145318
1740547291.119746 15.4603758 -32.8390007 13.1495628 0.3815126 0.1996939 -0.3841829 0.8166847
1740547291.221227 15.4761133 -32.9139977 13.2158451 0.3760905 0.2023629 -0.3827195 0.8192260
1740547291.319561 15.4828730 -32.9917793 13.2721958 0.3696345 0.2057010 -0.3816482 0.8218285
1740547291.430398 15.5039091 -33.0597687 13.3441715 0.3642413 0.2091942 -0.3805208 0.8238751
1740547291.528874 15.5198069 -33.1342392 13.4204216 0.3595437 0.2122076 -0.3790055 0.8258638
1740547291.633363 15.5523148 -33.1923637 13.4907036 0.3538293 0.2163777 -0.3776692 0.8278596
1740547291.739852 15.5716162 -33.2641068 13.5478859 0.3474409 0.2197877 -0.3768868 0.8300208
1740547291.839038 15.5940981 -33.3296814 13.6106243 0.3424563 0.2249904 -0.3758473 0.8311689
1740547291.947576 15.6064053 -33.4013939 13.6550961 0.3356782 0.2293389 -0.3727666 0.8341277
1740547292.047339 15.6409025 -33.4685555 13.7135696 0.3315907 0.2335650 -0.3712295 0.8352746
1740547292.145071 15.6566000 -33.5439415 13.7754927 0.3266074 0.2383914 -0.3681412 0.8372390
1740547292.252438 15.6890469 -33.5920410 13.8166971 0.3207839 0.2424514 -0.3668541 0.8388880
1740547292.351481 15.7209969 -33.6510429 13.8744335 0.3167202 0.2465342 -0.3651420 0.8399885
1740547292.458307 15.7656918 -33.7225304 13.9366608 0.3120487 0.2496955 -0.3634824 0.8415214
1740547292.557354 15.8179073 -33.7720451 13.9931927 0.3088926 0.2522838 -0.3627678 0.8422219
1740547292.657161 15.8518620 -33.8352432 14.0572910 0.3050406 0.2565517 -0.3610663 0.8430673
1740547292.769237 15.8779507 -33.8964500 14.1341057 0.3017296 0.2603512 -0.3588722 0.8440304
1740547292.865965 15.9136238 -33.9487991 14.2055931 0.2989960 0.2641807 -0.3575538 0.8443727
1740547292.967686 15.9406290 -33.9942894 14.2449684 0.2926524 0.2680204 -0.3568515 0.8456811
1740547293.068583 15.9787912 -34.0565605 14.3035450 0.2887336 0.2705799 -0.3551053 0.8469473
1740547293.171363 16.0226898 -34.1138611 14.3467503 0.2836313 0.2717089 -0.3544479 0.8485837
1740547293.269875 16.0731926 -34.1703033 14.3961258 0.2792491 0.2725131 -0.3539495 0.8499861
1740547293.370200 16.1123734 -34.2250061 14.4624949 0.2767615 0.2761578 -0.3523230 0.8502991
1740547293.471027 16.1645012 -34.2817764 14.5267181 0.2746194 0.2776707 -0.3515930 0.8508028
1740547293.567529 16.2137432 -34.3393135 14.5905361 0.2722552 0.2789227 -0.3512728 0.8512853
1740547293.682080 16.2451630 -34.3890610 14.6357269 0.2666089 0.2821859 -0.3511837 0.8520333
1740547293.779262 16.2895546 -34.4419594 14.6926785 0.2623839 0.2826829 -0.3516608 0.8529828
1740547293.875566 16.3410454 -34.4928207 14.7512884 0.2593434 0.2828948 -0.3523322 0.8535653
1740547293.976804 16.3848209 -34.5371552 14.8072529 0.2546436 0.2843881 -0.3530470 0.8541884
1740547294.074067 16.4250450 -34.5826492 14.8539524 0.2499564 0.2847785 -0.3536758 0.8551822
1740547294.186918 16.4526787 -34.6259537 14.8943005 0.2432676 0.2862765 -0.3532965 0.8567662
1740547294.281940 16.4987831 -34.6741066 14.9489784 0.2378805 0.2879622 -0.3536839 0.8575537
1740547294.386941 16.5508881 -34.6997337 15.0136652 0.2372873 0.2893103 -0.3542517 0.8570298
1740547294.491644 16.5791016 -34.7363625 15.0581713 0.2346426 0.2915785 -0.3525867 0.8576757
1740547294.586002 16.6105366 -34.7672234 15.0985584 0.2319850 0.2923974 -0.3522419 0.8582613
1740547294.684732 16.6335640 -34.7891502 15.1251345 0.2273639 0.2933606 -0.3506665 0.8598129
1740547294.781068 16.6598396 -34.8090668 15.1468477 0.2229035 0.2926113 -0.3515870 0.8608596
1740547294.874017 16.6860275 -34.8393135 15.1849651 0.2171896 0.2944916 -0.3499415 0.8623481
1740547294.974245 16.7147293 -34.8576546 15.2230854 0.2132438 0.2974697 -0.3485010 0.8628939
1740547295.069147 16.7456799 -34.8902931 15.2607660 0.2072131 0.2968200 -0.3487103 0.8645009
1740547295.167193 16.7754784 -34.9204330 15.3006792 0.2007853 0.2986452 -0.3491387 0.8652158
1740547295.265639 16.8147697 -34.9584732 15.3557787 0.1941995 0.3015068 -0.3472378 0.8664907
1740547295.358087 16.8654213 -34.9952202 15.4134741 0.1883397 0.3021583 -0.3469711 0.8676633
1740547295.461417 16.9140396 -35.0429611 15.4767199 0.1816509 0.3041312 -0.3452243 0.8690957
1740547295.558753 16.9490967 -35.0773201 15.5384493 0.1763164 0.3081684 -0.3434453 0.8694769
1740547295.655605 16.9767399 -35.1103477 15.6066771 0.1703165 0.3102164 -0.3397571 0.8713915
1740547295.756374 17.0131435 -35.1412048 15.6954546 0.1665497 0.3140832 -0.3382496 0.8713210
1740547295.851510 17.0449886 -35.1697578 15.7758703 0.1609571 0.3183919 -0.3344264 0.8722835
1740547295.952745 17.0798073 -35.1996727 15.8399754 0.1560734 0.3221968 -0.3325380 0.8724957
1740547296.049944 17.1333504 -35.2428169 15.9120646 0.1523360 0.3248522 -0.3316343 0.8725156
1740547296.142434 17.1860714 -35.2779007 15.9809332 0.1493786 0.3281825 -0.3307481 0.8721170
1740547296.243894 17.2133961 -35.3119812 16.0513954 0.1462905 0.3329062 -0.3281581 0.8718284
1740547296.339900 17.2429504 -35.3447762 16.1118698 0.1435803 0.3347071 -0.3275476 0.8718191
1740547296.440181 17.3054085 -35.3762856 16.1756477 0.1422524 0.3352253 -0.3255333 0.8725917
1740547296.536581 17.3598633 -35.4092865 16.2426033 0.1409906 0.3366037 -0.3249139 0.8724967
1740547296.631105 17.3937492 -35.4498444 16.3185558 0.1391153 0.3397254 -0.3234746 0.8721226
1740547296.732152 17.4251022 -35.4786949 16.3855019 0.1386173 0.3427268 -0.3235960 0.8709818
1740547296.825304 17.4852333 -35.5252151 16.4485741 0.1374227 0.3427979 -0.3227592 0.8714535
1740547296.926164 17.5398750 -35.5604210 16.5176811 0.1375913 0.3438665 -0.3233047 0.8708034
1740547297.029672 17.5874176 -35.5865517 16.5810318 0.1381603 0.3446074 -0.3252587 0.8696920
1740547297.127287 17.6340332 -35.6363029 16.6580582 0.1374287 0.3465333 -0.3240445 0.8694960
1740547297.233470 17.6732483 -35.6822701 16.7298698 0.1376661 0.3478068 -0.3235357 0.8691393
1740547297.326409 17.7198219 -35.7239685 16.7929230 0.1386591 0.3487122 -0.3233417 0.8686908
1740547297.428393 17.7721882 -35.7616577 16.8650970 0.1402049 0.3491782 -0.3242463 0.8679179
1740547297.620069 17.8683643 -35.8730278 16.9916878 0.1404664 0.3493628 -0.3238006 0.8679677
1740547297.726279 17.9213982 -35.9127731 17.0613899 0.1423980 0.3502222 -0.3232078 0.8675275
1740547297.822593 17.9663849 -35.9451981 17.1201897 0.1447096 0.3499427 -0.3246507 0.8667186
1740547297.919576 18.0195122 -35.9887314 17.1921120 0.1458874 0.3502364 -0.3251748 0.8662059
1740547298.038775 18.0664463 -36.0338516 17.2656097 0.1463929 0.3501052 -0.3262026 0.8657871
1740547298.136350 18.1198502 -36.0859833 17.3413696 0.1467573 0.3491717 -0.3261784 0.8661115
1740547298.234886 18.1711578 -36.1267815 17.4113674 0.1483009 0.3482644 -0.3275707 0.8656883
1740547298.328841 18.2211075 -36.1858940 17.4841080 0.1484400 0.3476486 -0.3270614 0.8661045
1740547298.431462 18.2648125 -36.2387543 17.5588150 0.1483067 0.3475105 -0.3266160 0.8663507
1740547298.527723 18.3175678 -36.2866020 17.6341248 0.1483783 0.3472752 -0.3272276 0.8662020
1740547298.624138 18.3762474 -36.3304291 17.7080383 0.1489256 0.3466807 -0.3273859 0.8662864
1740547298.726354 18.4249306 -36.3714600 17.7756672 0.1498028 0.3459685 -0.3287145 0.8659167
1740547298.821738 18.4753952 -36.4303932 17.8515072 0.1495005 0.3451946 -0.3288012 0.8662448
1740547299.021084 18.5793228 -36.5308266 17.9982815 0.1503166 0.3435856 -0.3294967 0.8664790
1740547299.116810 18.6243820 -36.5873604 18.0761757 0.1495704 0.3433543 -0.3290974 0.8668514
1740547299.411247 18.7686577 -36.7201080 18.3123913 0.1504756 0.3430696 -0.3302584 0.8663658
1740547299.511258 18.8138542 -36.7675514 18.3912544 0.1506453 0.3427916 -0.3301509 0.8664873
1740547299.607209 18.8567047 -36.8189964 18.4753284 0.1510311 0.3431067 -0.3302097 0.8662731
1740547299.812149 18.9613914 -36.9361420 18.6081448 0.1491352 0.3410126 -0.3297310 0.8676097
1740547299.909636 19.0161591 -36.9874039 18.6815453 0.1491566 0.3405128 -0.3304950 0.8675116
1740547300.109427 19.1233101 -37.0624542 18.8395672 0.1510348 0.3402435 -0.3318318 0.8667817
1740547300.311517 19.2203827 -37.1634102 18.9966278 0.1501919 0.3393713 -0.3315097 0.8673931
1740547300.508173 19.3122482 -37.2687988 19.1472340 0.1491941 0.3374266 -0.3318599 0.8681898
1740547300.604270 19.3677063 -37.3253403 19.2158432 0.1489278 0.3357348 -0.3316696 0.8689638
1740547301.208441 19.6696987 -37.6108780 19.6790924 0.1462568 0.3291124 -0.3320383 0.8718054
1740547301.397973 19.7696247 -37.7090569 19.8319263 0.1438333 0.3262602 -0.3322492 0.8731991
1740547301.705842 19.9155846 -37.8511162 20.0637207 0.1403383 0.3219779 -0.3324236 0.8752885
1740547301.904449 19.9999771 -37.9506073 20.2152863 0.1365247 0.3189924 -0.3325236 0.8769453
1740547302.212791 20.1324348 -38.0799866 20.4613953 0.1319259 0.3151537 -0.3322950 0.8791210
1740547302.506211 20.2877445 -38.1977730 20.6904602 0.1260513 0.3114378 -0.3315628 0.8815802
1740547302.713528 20.3796329 -38.2914162 20.8428993 0.1222098 0.3085057 -0.3319273 0.8830138
1740547303.315630 20.6711731 -38.5217247 21.3278866 0.1109235 0.3004953 -0.3308925 0.8876422
1740547303.925892 20.9654236 -38.7292747 21.8419209 0.1039614 0.2917425 -0.3308265 0.8914215
1740547304.542236 21.2108212 -38.9781227 22.3537655 0.0967449 0.2827859 -0.3304970 0.8952342
1740547305.277961 21.5332851 -39.2012825 22.9652157 0.0950236 0.2698416 -0.3326888 0.8985958
1740547306.020804 21.7992363 -39.4368019 23.5966644 0.1002828 0.2576320 -0.3364832 0.9001934
1740547306.751806 22.0547295 -39.6977501 24.2159348 0.1109490 0.2495697 -0.3404082 0.8997375
1740547307.788342 22.3917084 -40.1185608 25.0992775 0.1286658 0.2547158 -0.3425108 0.8951265
1740547308.801595 22.7949867 -40.5740128 25.9344635 0.1357220 0.2831982 -0.3375759 0.8873674
1740547309.491433 23.1492004 -40.8923187 26.4658451 0.1329895 0.3073310 -0.3311284 0.8821652
1740547310.082556 23.4770927 -41.1787224 26.9077568 0.1329456 0.3200782 -0.3288839 0.8784707
1740547310.674823 23.7743034 -41.4480286 27.3818436 0.1355969 0.3287202 -0.3280783 0.8751692
1740547311.274494 24.0601330 -41.7246780 27.8356133 0.1419204 0.3329945 -0.3286118 0.8723460
1740547311.762323 24.2990055 -41.9725494 28.1813927 0.1458502 0.3365510 -0.3276327 0.8706997
1740547312.153427 24.5409889 -42.1520271 28.5007439 0.1541001 0.3375447 -0.3300682 0.8679699
1740547312.354072 24.5828190 -42.2413559 28.5941772 0.1525542 0.3418893 -0.3289049 0.8669837
1740547312.447664 24.6225510 -42.2915192 28.6663265 0.1542687 0.3433613 -0.3284603 0.8662667
1740547312.644157 24.7094231 -42.3802528 28.8069077 0.1552704 0.3463128 -0.3306550 0.8640752
1740547312.840682 24.8166122 -42.4950333 28.9293079 0.1555618 0.3464387 -0.3293607 0.8644665
1740547313.039667 24.9160004 -42.5980377 29.0713577 0.1582009 0.3506664 -0.3299837 0.8620420
1740547313.236559 25.0121021 -42.6803589 29.1962090 0.1614504 0.3500746 -0.3304310 0.8615085
1740547313.424243 25.1123714 -42.7787476 29.3457489 0.1616146 0.3519581 -0.3306335 0.8606322
1740547313.525048 25.1645813 -42.8259964 29.4018764 0.1623010 0.3516002 -0.3311235 0.8604609
1740547313.716688 25.2340527 -42.9290733 29.5446053 0.1639803 0.3542961 -0.3309844 0.8590891
1740547313.912797 25.3459129 -43.0350723 29.6766243 0.1650569 0.3559458 -0.3324165 0.8576468
1740547314.130304 25.4659710 -43.1342392 29.8117828 0.1695762 0.3542492 -0.3326436 0.8573796
1740547314.330655 25.5637360 -43.2316360 29.9497776 0.1704308 0.3562966 -0.3315417 0.8567883
1740547314.427228 25.5969849 -43.2400742 29.9632969 0.1726247 0.3559326 -0.3329720 0.8559453
1740547314.621342 25.5809898 -43.2453079 29.9599190 0.1729778 0.3579327 -0.3344882 0.8544475
1740547314.818286 25.5820332 -43.2458992 29.9467487 0.1747216 0.3580102 -0.3316005 0.8551854
1740547315.014937 25.5628777 -43.2410202 29.9583225 0.1765045 0.3616800 -0.3301294 0.8538433
1740547315.206467 25.5593090 -43.2479897 29.9508934 0.1749448 0.3624352 -0.3336627 0.8524695
1740547315.401735 25.5478687 -43.2817078 29.9226112 0.1702877 0.3623959 -0.3333395 0.8535550
1740547315.597308 25.5604668 -43.2774391 29.9135799 0.1730750 0.3615805 -0.3312865 0.8541393
1740547315.691609 25.5620651 -43.2788010 29.9108315 0.1722268 0.3616152 -0.3315710 0.8541856
1740547315.793679 25.5581245 -43.2806625 29.9166508 0.1719803 0.3630717 -0.3326196 0.8532092
1740547315.890279 25.5506477 -43.2918510 29.9155521 0.1717671 0.3636262 -0.3292214 0.8543333
1740547315.991492 25.5370407 -43.2950974 29.9251881 0.1723791 0.3667844 -0.3269979 0.8537137
1740547316.092437 25.5458698 -43.2856369 29.9270649 0.1739428 0.3672504 -0.3273467 0.8530623
1740547316.187461 25.5463028 -43.2947845 29.9185448 0.1726936 0.3662605 -0.3262238 0.8541711
1740547316.292425 25.5442791 -43.2838593 29.9285755 0.1745064 0.3675414 -0.3270001 0.8529547
1740547316.389157 25.5379410 -43.2897263 29.9326744 0.1727304 0.3681077 -0.3268358 0.8531350
1740547316.492146 25.5492973 -43.2816925 29.9322414 0.1741777 0.3673058 -0.3288509 0.8524117
1740547316.585495 25.5590916 -43.2680473 29.9360256 0.1764152 0.3672045 -0.3283460 0.8521898
1740547316.680322 25.5818710 -43.2608032 29.9254112 0.1784047 0.3640048 -0.3305482 0.8522970
1740547316.781849 25.5838814 -43.2658577 29.9208965 0.1769334 0.3641049 -0.3316993 0.8521137
1740547316.878619 25.5900459 -43.2649269 29.9208355 0.1763679 0.3628564 -0.3336799 0.8519902
1740547316.993224 25.5941792 -43.2544708 29.9258003 0.1780332 0.3619837 -0.3326663 0.8524114
1740547317.087141 25.6245461 -43.2294083 29.9299946 0.1835643 0.3586461 -0.3344210 0.8519623
1740547317.179709 25.6601868 -43.2131844 29.9375725 0.1876834 0.3567657 -0.3369647 0.8508513
1740547317.279504 25.6823521 -43.2147141 29.9239826 0.1883134 0.3513079 -0.3384693 0.8523845
1740547317.374785 25.6949730 -43.2221107 29.9141731 0.1870035 0.3496875 -0.3419997 0.8519299
1740547317.472436 25.7118301 -43.2233429 29.9059296 0.1863811 0.3474068 -0.3479351 0.8505949
1740547317.571964 25.7275696 -43.2390289 29.8929920 0.1835471 0.3437249 -0.3522956 0.8509122
1740547317.664882 25.7487183 -43.2642899 29.8686752 0.1799777 0.3363807 -0.3562281 0.8529699
1740547317.768112 25.7476006 -43.2695541 29.8682747 0.1781362 0.3355403 -0.3574847 0.8531617
1740547317.863692 25.7610779 -43.2392197 29.8876553 0.1849161 0.3350434 -0.3602059 0.8507665
1740547317.959396 25.7521305 -43.2113228 29.9189568 0.1880676 0.3392057 -0.3636667 0.8469455
1740547318.060787 25.7849407 -43.2080765 29.9056091 0.1899223 0.3327135 -0.3675607 0.8474258
1740547318.158512 25.7886200 -43.2314682 29.8936272 0.1860341 0.3283278 -0.3680918 0.8497651
1740547318.262308 25.7958965 -43.2566223 29.9040108 0.1820140 0.3279218 -0.3680405 0.8508139
1740547318.358547 25.8153152 -43.2365456 29.9066410 0.1871741 0.3243019 -0.3738092 0.8485640
1740547318.452344 25.8067265 -43.2424736 29.9039402 0.1858180 0.3232905 -0.3708456 0.8505460
1740547318.553517 25.8255005 -43.2487946 29.8969383 0.1869472 0.3170321 -0.3673905 0.8541461
1740547318.646578 25.8335876 -43.2377548 29.9241524 0.1903623 0.3192688 -0.3703289 0.8512850
1740547318.746902 25.8633900 -43.2229691 29.9338017 0.1975640 0.3156783 -0.3739302 0.8494068
1740547318.842726 25.8704872 -43.2167130 29.9451618 0.1984597 0.3158109 -0.3759388 0.8482613
1740547318.937288 25.8557091 -43.2174110 29.9513397 0.1956408 0.3190254 -0.3782262 0.8466951
1740547319.036685 25.8701191 -43.2272530 29.9293976 0.1956761 0.3131958 -0.3775114 0.8491787
1740547319.129626 25.8776474 -43.2445831 29.9389629 0.1933523 0.3111275 -0.3790053 0.8498056
1740547319.228159 25.8846016 -43.2394104 29.9422321 0.1941286 0.3097425 -0.3839761 0.8479010
1740547319.325313 25.8937798 -43.2429695 29.9400311 0.1930732 0.3070967 -0.3885321 0.8470284
1740547319.421516 25.8937683 -43.2557335 29.9629745 0.1939187 0.3085830 -0.3857724 0.8475563
1740547319.522231 25.9291363 -43.2612000 29.9622192 0.1969765 0.3003421 -0.3895659 0.8480762
1740547319.615635 25.9507675 -43.2746468 29.9737892 0.1999331 0.2984548 -0.3889563 0.8483304
1740547319.710451 25.9773922 -43.2729759 29.9886837 0.2033526 0.2960363 -0.3932272 0.8463939
1740547319.808774 26.0028343 -43.3033562 30.0257454 0.2048612 0.2966626 -0.3920626 0.8463510
1740547319.903625 25.9940109 -43.2992935 30.0688286 0.2090887 0.3005341 -0.3904808 0.8446810
1740547320.002613 26.0184765 -43.3152199 30.0387173 0.2058502 0.2898302 -0.3923647 0.8483361
1740547320.105590 26.0283470 -43.3146935 30.0612812 0.2097749 0.2887000 -0.3923636 0.8477604
1740547320.199990 26.0383472 -43.3169899 30.0627079 0.2098486 0.2876351 -0.3954746 0.8466578
1740547320.305880 26.0727024 -43.3081207 30.0667152 0.2134582 0.2822278 -0.3994108 0.8457270
1740547320.399268 26.0885372 -43.3301392 30.0603371 0.2121803 0.2773117 -0.4016022 0.8466365
1740547320.499987 26.0673027 -43.3431244 30.0915012 0.2120558 0.2784350 -0.3992468 0.8474127
1740547320.597903 26.1041126 -43.3825912 30.0581131 0.2071976 0.2675336 -0.4030438 0.8503239
1740547320.692707 26.1163940 -43.4552269 30.0265846 0.1991885 0.2568805 -0.4031988 0.8554339
1740547320.791115 26.1365013 -43.4567490 30.0589523 0.2012843 0.2551222 -0.4094431 0.8524985
1740547320.885682 26.1417599 -43.4721603 30.1062164 0.2045421 0.2559181 -0.4091822 0.8516093
1740547320.984146 26.1286678 -43.4954758 30.1400166 0.2026987 0.2575960 -0.4087358 0.8517585
1740547321.083038 26.1881046 -43.4940758 30.1408119 0.2085266 0.2462101 -0.4121760 0.8520612
1740547321.179326 26.1734562 -43.5175858 30.1577339 0.2059504 0.2447900 -0.4080946 0.8550562
1740547321.280732 26.1704712 -43.5218506 30.1893559 0.2065348 0.2451972 -0.4080011 0.8548432
1740547321.374835 26.1866684 -43.5275993 30.1946182 0.2098084 0.2396493 -0.4086599 0.8553045
1740547321.469663 26.1986656 -43.5441284 30.2076263 0.2108293 0.2343198 -0.4093153 0.8562163
1740547321.570575 26.2003345 -43.5529404 30.2183552 0.2115052 0.2312791 -0.4099326 0.8565810
1740547321.664885 26.2119026 -43.5671806 30.2229614 0.2122486 0.2246140 -0.4118851 0.8572338
1740547321.766365 26.2158833 -43.5659828 30.2324448 0.2168948 0.2209959 -0.4084863 0.8586363
1740547321.864915 26.2206917 -43.5627975 30.2416916 0.2203899 0.2176927 -0.4080148 0.8588144
1740547321.960902 26.2272091 -43.5738983 30.2432518 0.2225946 0.2120740 -0.4072007 0.8600372
1740547322.061884 26.2326241 -43.5869064 30.2555161 0.2254638 0.2075652 -0.4072211 0.8603800
1740547322.160154 26.2363224 -43.5913353 30.2564583 0.2264570 0.2033124 -0.4126759 0.8585336
1740547322.261862 26.2456245 -43.5985184 30.2685509 0.2286195 0.1990909 -0.4136533 0.8584794
1740547322.355541 26.2531624 -43.6145973 30.2784519 0.2286522 0.1944867 -0.4140176 0.8593500
1740547322.450170 26.2673607 -43.6197205 30.2731361 0.2314657 0.1868758 -0.4147182 0.8599476
1740547322.555894 26.2607059 -43.6330261 30.2774200 0.2310772 0.1824111 -0.4118563 0.8623827
1740547322.649897 26.2639694 -43.6436005 30.2874718 0.2342304 0.1778479 -0.4087423 0.8639653
1740547322.763947 26.2630329 -43.6351433 30.3021164 0.2393161 0.1733847 -0.4056812 0.8649210
1740547322.859162 26.2565346 -43.6497040 30.3008728 0.2389257 0.1683310 -0.4063428 0.8657163
1740547322.954585 26.2616787 -43.6448097 30.2950592 0.2404862 0.1626749 -0.4085998 0.8653031
1740547323.056973 26.2571030 -43.6492691 30.3008003 0.2426078 0.1609741 -0.4123846 0.8632310
1740547323.150174 26.2821846 -43.6278534 30.3179035 0.2502073 0.1560305 -0.4166678 0.8599062
1740547323.251860 26.2689056 -43.6001854 30.3456802 0.2566941 0.1579390 -0.4166058 0.8576731
1740547323.348684 26.2522163 -43.5701294 30.3791542 0.2629963 0.1621586 -0.4207998 0.8529156
1740547323.443659 26.2047825 -43.5661316 30.3840446 0.2628227 0.1675985 -0.4176139 0.8534833
1740547323.546239 26.1399307 -43.5542564 30.4023170 0.2603202 0.1775988 -0.4197879 0.8511581
1740547323.642222 26.1093178 -43.5387878 30.4341660 0.2632024 0.1833575 -0.4193494 0.8492647
1740547323.737363 26.0867310 -43.5052452 30.4913788 0.2697694 0.1934197 -0.4208133 0.8442331
1740547323.841776 26.0626392 -43.5020218 30.5055656 0.2710541 0.1952488 -0.4178451 0.8448746
1740547323.939111 26.0565014 -43.4963264 30.5205975 0.2737570 0.1938506 -0.4197364 0.8433863
1740547324.042804 26.0792217 -43.4746399 30.5470409 0.2803306 0.1901708 -0.4213051 0.8412799
1740547324.140562 26.0931396 -43.5335312 30.5227623 0.2709903 0.1772719 -0.4235283 0.8460276
1740547324.239174 26.0654697 -43.5313339 30.5335732 0.2710766 0.1819543 -0.4247377 0.8443980
1740547324.344436 26.0181351 -43.5594940 30.5170631 0.2645693 0.1852574 -0.4240469 0.8460893
1740547324.444803 26.0063744 -43.5392075 30.5397396 0.2688906 0.1881331 -0.4228950 0.8446678
1740547324.547103 26.0195427 -43.5022583 30.5656300 0.2778626 0.1884397 -0.4202822 0.8429981
1740547324.645120 25.9802914 -43.5095940 30.5719891 0.2750073 0.1934544 -0.4187453 0.8435631
1740547324.742207 25.9714413 -43.5055428 30.5808582 0.2755488 0.1943734 -0.4190943 0.8430017
1740547324.850041 25.9466801 -43.5027962 30.5892830 0.2744507 0.1996057 -0.4194503 0.8419595
1740547324.947201 25.9513931 -43.4922409 30.5980530 0.2781375 0.1989125 -0.4195083 0.8408841
1740547325.050510 25.9145851 -43.4705696 30.6267967 0.2797339 0.2089578 -0.4168733 0.8392272
1740547325.148955 25.8953514 -43.4671783 30.6383686 0.2802846 0.2140819 -0.4149678 0.8386962
1740547325.249342 25.8502445 -43.4692993 30.6573105 0.2783445 0.2226460 -0.4109714 0.8390802
1740547325.348838 25.8345413 -43.4361229 30.6956100 0.2844382 0.2292589 -0.4077880 0.8368059
1740547325.445551 25.8241177 -43.4482269 30.7020569 0.2825670 0.2309523 -0.4053653 0.8381503
1740547325.548288 25.7983913 -43.4523773 30.7285290 0.2824426 0.2364608 -0.4034827 0.8375645
1740547325.645106 25.7736263 -43.4465179 30.7353382 0.2814002 0.2427952 -0.4027128 0.8364729
1740547325.741701 25.7564716 -43.4617310 30.7620392 0.2787645 0.2475528 -0.4028563 0.8358916
1740547325.852556 25.7454967 -43.4683380 30.7469330 0.2785608 0.2484221 -0.4017141 0.8362513
1740547325.950859 25.7180843 -43.5113411 30.7237568 0.2693408 0.2523894 -0.4052209 0.8363917
1740547326.057010 25.7400379 -43.4746666 30.7886448 0.2790854 0.2557730 -0.4013520 0.8340312
1740547326.151363 25.7285099 -43.4748459 30.8111668 0.2807927 0.2597789 -0.3996864 0.8330194
1740547326.263145 25.6961594 -43.5256958 30.7964649 0.2697662 0.2618422 -0.3939894 0.8387116
1740547326.358932 25.6586170 -43.5417557 30.8068867 0.2636429 0.2694156 -0.3915900 0.8393837
1740547326.452555 25.6198883 -43.6015778 30.7944984 0.2525391 0.2735754 -0.3889935 0.8426533
1740547326.557268 25.5787716 -43.5935898 30.7865067 0.2478154 0.2879244 -0.3879156 0.8397669
1740547326.651174 25.5518494 -43.5980148 30.8241959 0.2465543 0.2985177 -0.3822944 0.8390169
1740547326.754563 25.5452347 -43.5919266 30.8535042 0.2473049 0.3070031 -0.3826890 0.8355469
1740547326.851309 25.5128784 -43.5808029 30.8823071 0.2470778 0.3163182 -0.3794667 0.8336068
1740547326.949474 25.4958458 -43.6290092 30.8901405 0.2378014 0.3209407 -0.3809209 0.8338746
1740547327.052098 25.5201950 -43.6212654 30.9446239 0.2439943 0.3238721 -0.3791544 0.8317545
1740547327.149409 25.4927902 -43.6440086 30.9555168 0.2377033 0.3327113 -0.3760304 0.8315055
1740547327.249479 25.4846001 -43.6887474 30.9293289 0.2240490 0.3376899 -0.3803729 0.8313147
1740547327.350817 25.4545135 -43.7246971 30.9235973 0.2163145 0.3429709 -0.3797149 0.8315021
1740547327.447245 25.4123230 -43.6797485 30.9915161 0.2195439 0.3595510 -0.3765488 0.8250664
1740547327.551599 25.3717232 -43.6766129 31.0454254 0.2219079 0.3741080 -0.3720998 0.8199646
1740547327.650948 25.3743382 -43.7006226 31.0471153 0.2192522 0.3781736 -0.3716920 0.8189984
1740547327.755817 25.3909111 -43.7042694 31.0358009 0.2179491 0.3788571 -0.3765008 0.8168309
1740547327.852921 25.3753319 -43.7244682 31.0658207 0.2161204 0.3862397 -0.3723950 0.8157406
1740547327.951924 25.3242683 -43.7863388 31.0686340 0.2075865 0.3929637 -0.3619989 0.8194170
1740547328.058878 25.3426857 -43.7979279 31.0480709 0.2023098 0.3954861 -0.3664339 0.8175498
1740547328.158101 25.3332329 -43.8185387 31.0407848 0.1977204 0.3985509 -0.3631075 0.8186678
1740547328.268320 25.3268661 -43.8194199 31.0287933 0.1955275 0.3970121 -0.3551176 0.8234330
1740547328.370088 25.2697105 -43.8883972 30.9957523 0.1758234 0.4056189 -0.3544399 0.8239732
1740547328.473264 25.2710438 -43.8989525 30.9736595 0.1679843 0.4090933 -0.3573469 0.8226343
1740547328.581829 25.2336330 -43.9515839 30.9392204 0.1505351 0.4138746 -0.3554424 0.8244439
1740547328.679733 25.2294388 -43.9738693 30.9286041 0.1473978 0.4157776 -0.3528635 0.8251607
1740547328.780615 25.2426090 -43.9449844 30.9126396 0.1455489 0.4170170 -0.3568494 0.8231469
1740547328.880255 25.2019348 -43.9940643 30.9040871 0.1339846 0.4209670 -0.3522613 0.8250739
1740547328.978492 25.2128525 -44.0294113 30.8690147 0.1258356 0.4192676 -0.3547554 0.8261529
1740547329.084974 25.1978760 -44.0442390 30.8570728 0.1217382 0.4203226 -0.3522831 0.8272879
1740547329.185263 25.2134171 -44.0390511 30.8448811 0.1190353 0.4212806 -0.3568551 0.8252319
1740547329.296135 25.2219353 -44.0795631 30.8021107 0.1096239 0.4176352 -0.3581002 0.8278453
1740547329.395305 25.2184353 -44.0851288 30.8104515 0.1095969 0.4197425 -0.3556987 0.8278183
1740547329.492330 25.1791096 -44.1374397 30.8167553 0.0973638 0.4256220 -0.3539194 0.8271077
1740547329.597648 25.1622105 -44.1764793 30.7851562 0.0866435 0.4246875 -0.3518229 0.8296711
1740547329.697200 25.1629639 -44.1592026 30.7936287 0.0868634 0.4265336 -0.3507557 0.8291528
1740547329.805538 25.1711674 -44.1428375 30.7960396 0.0896321 0.4278122 -0.3488371 0.8290088
1740547329.904907 25.1620140 -44.1565514 30.8093147 0.0857161 0.4326757 -0.3477847 0.8273393
1740547330.008540 25.1859207 -44.1328735 30.7985535 0.0862668 0.4330731 -0.3551131 0.8239541
1740547330.110765 25.2141304 -44.1496658 30.7731018 0.0853853 0.4295790 -0.3548841 0.8259712
1740547330.230874 25.1365585 -44.1864166 30.8063393 0.0778878 0.4390651 -0.3442831 0.8262109
1740547330.341726 25.1485405 -44.1953888 30.7975769 0.0755384 0.4367630 -0.3440947 0.8277263
1740547330.439494 25.1157131 -44.2470703 30.7942982 0.0639376 0.4379848 -0.3396709 0.8298825
1740547330.545011 25.1033554 -44.2637634 30.7983780 0.0600686 0.4383165 -0.3370467 0.8310655
1740547330.646492 25.0865479 -44.2749329 30.7925358 0.0587104 0.4384585 -0.3304144 0.8337467
1740547330.743458 25.0678024 -44.2791061 30.8010654 0.0548883 0.4422653 -0.3258577 0.8337899
1740547330.848883 25.0066452 -44.3255386 30.8242836 0.0403080 0.4496006 -0.3234156 0.8316472
1740547330.948681 25.0005264 -44.3755989 30.8241348 0.0375917 0.4497927 -0.3158569 0.8345705
1740547331.057826 25.0791492 -44.3958778 30.7467194 0.0421154 0.4324479 -0.3156696 0.8435448
1740547331.153896 25.1167297 -44.3594551 30.7087269 0.0483385 0.4208921 -0.3228254 0.8463433
1740547331.256954 25.0707779 -44.4115105 30.6930294 0.0366255 0.4194254 -0.3142307 0.8508819
1740547331.363157 25.0694065 -44.4529152 30.6881332 0.0310816 0.4135578 -0.3116150 0.8549269
1740547331.462436 25.0839386 -44.5136108 30.6686516 0.0235797 0.4059145 -0.3051416 0.8611423
1740547331.874875 25.1140633 -44.5517197 30.5976105 0.0064880 0.3870986 -0.3074912 0.8692305
1740547331.973772 25.1045036 -44.5832253 30.6032257 0.0018828 0.3861298 -0.2993116 0.8725324
1740547332.179834 25.1223164 -44.5795593 30.5937214 0.0011340 0.3806331 -0.3005233 0.8745301
1740547332.494115 25.0605793 -44.6888695 30.6298084 -0.0202754 0.3806003 -0.2870304 0.8788322
1740547332.599194 25.0658321 -44.6892509 30.6419029 -0.0203660 0.3812836 -0.2868978 0.8785771
1740547332.700634 25.0667915 -44.7442703 30.6447506 -0.0266012 0.3785342 -0.2818276 0.8812364
1740547332.808493 25.0510483 -44.6941338 30.6810188 -0.0192567 0.3848571 -0.2841684 0.8779308
1740547332.911609 25.0475006 -44.7129593 30.7119675 -0.0204155 0.3890646 -0.2849553 0.8757924
1740547333.010977 25.0703621 -44.7184982 30.7481289 -0.0167499 0.3919855 -0.2889084 0.8732690
1740547333.121610 25.1441917 -44.7450600 30.8204956 -0.0160294 0.3903172 -0.2886311 0.8741211
1740547333.536208 25.3635998 -44.8170471 31.1835289 -0.0112188 0.3991933 -0.2909013 0.8694224
1740547333.641248 25.4318123 -44.8374176 31.2594223 -0.0092090 0.3989870 -0.2915567 0.8693212
1740547333.853020 25.5972824 -44.9148293 31.3856716 -0.0052948 0.3896550 -0.2948275 0.8724779
1740547333.956964 25.6481743 -44.9449959 31.4763680 -0.0025561 0.3931219 -0.2936221 0.8713408
1740547334.067461 25.7142906 -44.9919472 31.5506153 -0.0047682 0.3912432 -0.2958186 0.8714341
1740547334.169079 25.7984219 -45.0015182 31.6103897 0.0033023 0.3870799 -0.2990548 0.8721952
