1740547326.949474 0.0000000 0.0000000 0.0000000 -0.0000000 -0.0000000 -0.0000000 1.0000000
1740547327.052098 -0.0564098 -0.0160174 0.0382319 -0.0034706 0.0109970 -0.0007080 0.9999333
1740547327.149409 -0.1374324 -0.0216461 0.0835768 -0.0055168 0.0248258 0.0008780 0.9996762
1740547327.249479 -0.2222123 -0.0208228 0.1238389 -0.0069641 0.0396987 -0.0019460 0.9991856
1740547327.350817 -0.3805006 -0.0230599 0.1636447 -0.0093509 0.0639321 -0.0042473 0.9979014
1740547327.447245 -0.4669456 -0.0477878 0.1977711 -0.0153950 0.0796188 -0.0040484 0.9966983
1740547327.551599 -0.6206759 -0.0730731 0.2404525 -0.0204525 0.1035817 -0.0101256 0.9943591
1740547327.650948 -0.7248730 -0.1023407 0.2765585 -0.0272995 0.1216999 -0.0087570 0.9921528
1740547327.755817 -0.8406960 -0.1315009 0.3292584 -0.0334571 0.1408057 -0.0074804 0.9894435
1740547327.852921 -1.0128196 -0.1184653 0.4004679 -0.0338273 0.1686285 -0.0084668 0.9850627
1740547327.951924 -1.0843543 -0.1258334 0.4534544 -0.0368611 0.1826990 -0.0091650 0.9824349
1740547328.058878 -1.1101079 -0.1672380 0.4784049 -0.0449403 0.1912232 -0.0092537 0.9804736
1740547328.158101 -1.1590440 -0.2143033 0.5252401 -0.0532903 0.2020608 -0.0127710 0.9778387
1740547328.268320 -1.1659871 -0.2363822 0.5427313 -0.0597269 0.2066425 -0.0122402 0.9765151
1740547328.370088 -1.1823157 -0.2665634 0.5562082 -0.0662478 0.2127657 -0.0115964 0.9747859
1740547328.473264 -1.1578468 -0.3129377 0.5609713 -0.0759814 0.2120660 -0.0126923 0.9742144
1740547328.581829 -1.1298978 -0.3496693 0.5656392 -0.0839767 0.2114061 -0.0114630 0.9737166
1740547328.679733 -1.0569742 -0.3964418 0.5624265 -0.0927598 0.2038403 -0.0106753 0.9745413
1740547328.780615 -1.0400606 -0.4272823 0.5762264 -0.0996227 0.2036341 -0.0108424 0.9739050
1740547328.880255 -1.0117033 -0.4395338 0.5750161 -0.1044538 0.2022140 -0.0121393 0.9736794
1740547328.978492 -0.9251182 -0.4643964 0.5528010 -0.1100423 0.1929791 -0.0145257 0.9749045
1740547329.084974 -0.9044281 -0.4399453 0.5441327 -0.1074557 0.1920474 -0.0151726 0.9753671
1740547329.185263 -0.8671672 -0.4555160 0.5317546 -0.1132007 0.1876386 -0.0160826 0.9755607
1740547329.296135 -0.8039073 -0.4684579 0.5225528 -0.1166453 0.1797234 -0.0183216 0.9766052
1740547329.395305 -0.7526506 -0.4696821 0.5051261 -0.1183840 0.1731330 -0.0198065 0.9775571
1740547329.492330 -0.7040122 -0.4599058 0.4943044 -0.1186171 0.1685482 -0.0254603 0.9781990
1740547329.597648 -0.6906381 -0.4372478 0.4790693 -0.1167150 0.1667901 -0.0287505 0.9786379
1740547329.697200 -0.6633735 -0.4294583 0.4746207 -0.1156892 0.1651452 -0.0279390 0.9790621
1740547329.805538 -0.6363224 -0.4187134 0.4673703 -0.1160868 0.1613245 -0.0281843 0.9796448
1740547329.904907 -0.5777951 -0.3995719 0.4488624 -0.1144179 0.1544816 -0.0319098 0.9808291
1740547330.008540 -0.5538769 -0.3861676 0.4375807 -0.1150577 0.1513246 -0.0340823 0.9811733
1740547330.110765 -0.5110291 -0.3744956 0.4258233 -0.1149761 0.1457226 -0.0341701 0.9820275
1740547330.230874 -0.4988773 -0.3518264 0.4201443 -0.1121094 0.1438783 -0.0354885 0.9825839
1740547330.341726 -0.4787754 -0.3404730 0.4146040 -0.1107249 0.1421395 -0.0363483 0.9829624
1740547330.439494 -0.4632078 -0.3231850 0.3948174 -0.1087509 0.1386311 -0.0368821 0.9836638
1740547330.545011 -0.4259593 -0.3198293 0.3949182 -0.1094802 0.1339664 -0.0356129 0.9842758
1740547330.646492 -0.3909512 -0.3017315 0.3810943 -0.1086082 0.1277664 -0.0362295 0.9851738
1740547330.743458 -0.3769579 -0.2647932 0.3639271 -0.1036428 0.1250521 -0.0383508 0.9859764
1740547330.848883 -0.3486088 -0.2621407 0.3634142 -0.1052812 0.1191798 -0.0370764 0.9865786
1740547330.948681 -0.3370324 -0.3302568 0.3747823 -0.1170148 0.1173766 -0.0321624 0.9856449
1740547331.057826 -0.2916987 -0.2507983 0.3350976 -0.1042121 0.1076061 -0.0345515 0.9881129
1740547331.153896 -0.2678088 -0.2142090 0.3258173 -0.0991459 0.1015027 -0.0379574 0.9891545
1740547331.256954 -0.2460137 -0.1961455 0.3201987 -0.0961674 0.0958716 -0.0375200 0.9900267
1740547331.363157 -0.2272146 -0.1967707 0.3291311 -0.0968378 0.0926148 -0.0370859 0.9902876
1740547331.462436 -0.1838446 -0.2038228 0.3290376 -0.0987864 0.0831486 -0.0339853 0.9910462
1740547331.563787 -0.1344681 -0.2361579 0.3367423 -0.1037792 0.0726801 -0.0308990 0.9914599
1740547331.662896 -0.1175795 -0.2599532 0.3381711 -0.1087983 0.0672946 -0.0265744 0.9914274
1740547331.775685 -0.1040562 -0.3143279 0.3557451 -0.1193288 0.0628367 -0.0213794 0.9906337
1740547331.874875 -0.0831892 -0.2914355 0.3520558 -0.1163198 0.0581342 -0.0222135 0.9912602
1740547331.973772 -0.0523413 -0.3442778 0.3614998 -0.1249430 0.0503011 -0.0161460 0.9907565
1740547332.077850 -0.0458177 -0.3447205 0.3663736 -0.1255830 0.0475157 -0.0123709 0.9908674
1740547332.179834 0.0169480 -0.3283765 0.3617325 -0.1225740 0.0344171 -0.0124547 0.9917843
1740547332.285439 0.0422766 -0.3601875 0.3680782 -0.1276841 0.0270347 -0.0101909 0.9913940
1740547332.393912 0.0667443 -0.3386241 0.3616981 -0.1248475 0.0215861 -0.0057532 0.9919244
1740547332.494115 0.1251101 -0.3546316 0.3622131 -0.1269655 0.0087568 -0.0022242 0.9918660
1740547332.599194 0.1676472 -0.3533723 0.3607014 -0.1268285 -0.0016598 0.0013119 0.9919224
1740547332.700634 0.2052809 -0.3546139 0.3669109 -0.1254122 -0.0093773 0.0044671 0.9920504
1740547332.808493 0.1924134 -0.3691634 0.3889312 -0.1252645 -0.0057317 0.0054863 0.9920917
1740547332.911609 0.1998925 -0.3272673 0.4075096 -0.1163335 -0.0042061 0.0039297 0.9931936
1740547333.121610 0.1786823 -0.3660989 0.5101949 -0.1176951 0.0068142 0.0077849 0.9929959
1740547333.224832 0.1364434 -0.3904660 0.5712479 -0.1220524 0.0161860 0.0061925 0.9923724
1740547333.328945 0.1080503 -0.3768272 0.6062006 -0.1167364 0.0244792 0.0040655 0.9928529
1740547333.429317 0.0180846 -0.3895370 0.6759841 -0.1146573 0.0424380 0.0027042 0.9924946
1740547333.536208 -0.0352253 -0.3941940 0.7793317 -0.1153922 0.0528296 0.0011641 0.9919135
1740547333.741971 -0.0319297 -0.3438570 0.9837231 -0.1082620 0.0551941 0.0030145 0.9925844
1740547333.853020 -0.0136647 -0.3226275 1.0756322 -0.1035028 0.0542255 0.0012723 0.9931491
1740547334.067461 0.0026180 -0.2871806 1.2781594 -0.0964266 0.0556547 -0.0003698 0.9937829
1740547334.169079 -0.0101726 -0.2609909 1.3767729 -0.0907531 0.0604896 0.0004181 0.9940346
1740547334.284376 -0.0053000 -0.2535230 1.4802761 -0.0884734 0.0625830 0.0005890 0.9941104
1740547334.492252 0.0199853 -0.2208325 1.6808324 -0.0805869 0.0646006 -0.0002991 0.9946519
1740547334.601082 0.0481370 -0.2264003 1.7857846 -0.0777232 0.0631979 -0.0018469 0.9949682
1740547334.702958 0.0579392 -0.2491210 1.8845345 -0.0739930 0.0663040 -0.0007536 0.9950519
1740547334.811440 0.0818416 -0.3182229 1.9709440 -0.0716397 0.0675909 -0.0009662 0.9951373
