1740547296.825304 0.0000000 0.0000000 0.0000000 -0.0000000 -0.0000000 -0.0000000 1.0000000
1740547296.926164 -0.0026829 -0.0067955 0.1010431 -0.0013132 0.0012095 0.0000158 0.9999984
1740547297.029672 0.0057967 -0.0128442 0.2088358 -0.0023794 0.0016262 0.0000233 0.9999959
1740547297.127287 0.0011432 -0.0076022 0.3121037 -0.0026869 0.0032666 -0.0005764 0.9999909
1740547297.326409 0.0018865 -0.0038609 0.5145945 -0.0017304 0.0051624 -0.0002783 0.9999852
1740547297.428393 0.0058194 -0.0123317 0.6256481 -0.0018354 0.0057030 -0.0003065 0.9999820
1740547297.524595 0.0125356 -0.0164108 0.7265292 -0.0011640 0.0062032 -0.0004186 0.9999800
1740547297.726279 0.0161794 -0.0093696 0.9409486 0.0005062 0.0077171 -0.0002530 0.9999701
1740547297.919576 0.0275545 -0.0107540 1.1506935 0.0021418 0.0080283 -0.0000960 0.9999655
1740547298.038775 0.0260743 -0.0156662 1.2545456 0.0029818 0.0080459 -0.0006309 0.9999630
1740547298.136350 0.0231309 -0.0165339 1.3606035 0.0038719 0.0082978 -0.0006074 0.9999579
1740547298.234886 0.0256144 -0.0147053 1.4632809 0.0051684 0.0078170 -0.0007699 0.9999558
1740547298.431462 0.0306502 -0.0316555 1.6747077 0.0062358 0.0071958 -0.0003325 0.9999546
1740547298.624138 0.0270828 -0.0233517 1.8857610 0.0076061 0.0068190 -0.0004903 0.9999477
1740547298.821738 0.0223172 -0.0411914 2.0945563 0.0084876 0.0059069 -0.0004663 0.9999465
1740547299.021084 0.0262468 -0.0493513 2.3014624 0.0093273 0.0045963 -0.0006020 0.9999458
1740547299.220516 0.0181196 -0.0555722 2.5107427 0.0096664 0.0038997 -0.0007871 0.9999454
1740547299.411247 0.0163697 -0.0582455 2.7197254 0.0100175 0.0029411 -0.0006784 0.9999453
1740547299.607209 0.0183688 -0.0651533 2.9264688 0.0109544 0.0017408 -0.0007866 0.9999382
1740547299.812149 0.0205197 -0.0712355 3.1357129 0.0112146 0.0010115 -0.0009875 0.9999362
1740547300.407377 0.0224154 -0.0843113 3.7592070 0.0114033 -0.0030375 -0.0011544 0.9999297
1740547300.801850 0.0241513 -0.0983087 4.1739535 0.0103406 -0.0077868 -0.0007792 0.9999160
1740547301.095161 0.0050639 -0.0987701 4.4841452 0.0101099 -0.0113359 -0.0006885 0.9998844
1740547301.397973 -0.0054237 -0.1068201 4.7944965 0.0086409 -0.0163288 -0.0009116 0.9998289
1740547301.705842 -0.0283507 -0.1052570 5.1087971 0.0070538 -0.0207790 -0.0007759 0.9997589
1740547302.104095 -0.0659000 -0.1254399 5.5185218 0.0027388 -0.0285899 -0.0007473 0.9995872
1740547302.306694 -0.0776397 -0.1179899 5.7238851 0.0004707 -0.0328141 -0.0009552 0.9994609
1740547302.605653 -0.0994885 -0.1134407 6.0343862 -0.0042565 -0.0385846 -0.0009538 0.9992458
1740547302.904222 -0.1361554 -0.1068398 6.3404560 -0.0081482 -0.0445644 -0.0010247 0.9989728
1740547303.218865 -0.1643794 -0.0786250 6.6493192 -0.0117359 -0.0499851 -0.0010585 0.9986805
1740547303.518933 -0.2158465 -0.0813641 6.9545412 -0.0148951 -0.0552663 -0.0016071 0.9983593
1740547303.825118 -0.2591898 -0.0544300 7.2595325 -0.0175433 -0.0610504 -0.0018321 0.9979788
1740547304.131517 -0.2998689 -0.0464423 7.5667620 -0.0200419 -0.0669105 -0.0016625 0.9975563
1740547304.438335 -0.3478674 -0.0521792 7.8766041 -0.0211036 -0.0726052 -0.0018990 0.9971357
1740547304.752395 -0.4068979 -0.0184351 8.1818552 -0.0210396 -0.0788263 -0.0012888 0.9966655
1740547305.060972 -0.4556894 0.0127516 8.4815321 -0.0208584 -0.0848318 -0.0013856 0.9961760
1740547305.591432 -0.5730441 0.0132786 8.9865170 -0.0159202 -0.0941575 -0.0004797 0.9954299
1740547306.120561 -0.6869090 0.0199905 9.4873009 -0.0077663 -0.1009654 0.0002433 0.9948596
1740547306.538372 -0.7760453 0.0313118 9.8868074 -0.0005906 -0.1047349 0.0012330 0.9944993
1740547306.957798 -0.8740350 -0.0185270 10.2806101 0.0068708 -0.1046377 0.0022002 0.9944842
1740547307.377473 -0.9817493 -0.0401871 10.6727152 0.0136686 -0.1011496 0.0026963 0.9947737
1740547307.788342 -1.0401716 -0.0649170 11.0806293 0.0178525 -0.0931956 0.0035535 0.9954814
1740547308.192472 -1.1091803 -0.0898725 11.4838820 0.0188704 -0.0823711 0.0037907 0.9964159
1740547308.600989 -1.1657543 -0.1082006 11.8869448 0.0170165 -0.0689473 0.0035024 0.9974691
1740547309.004104 -1.1948483 -0.1265165 12.2958460 0.0118812 -0.0544374 0.0034910 0.9984404
1740547309.295353 -1.2050396 -0.1179773 12.6035089 0.0082658 -0.0442450 0.0032551 0.9989812
1740547309.590096 -1.2083526 -0.0962389 12.9078875 0.0037112 -0.0347003 0.0028110 0.9993869
1740547309.884376 -1.2066259 -0.0929189 13.2118654 0.0009029 -0.0276450 0.0032931 0.9996120
1740547310.179198 -1.2225621 -0.0904283 13.5229025 -0.0000099 -0.0188278 0.0039513 0.9998149
1740547310.379107 -1.2240113 -0.1083518 13.7262182 -0.0027348 -0.0164564 0.0026723 0.9998573
1740547310.674823 -1.2491379 -0.0890169 14.0240326 0.0007081 -0.0122383 0.0026964 0.9999213
1740547310.871505 -1.2244569 -0.1105921 14.2195568 0.0005189 -0.0125558 0.0034685 0.9999151
1740547311.164299 -1.2709898 -0.1118989 14.5206385 0.0007786 -0.0064177 0.0043481 0.9999697
1740547311.471386 -1.2566984 -0.1286599 14.8224545 0.0024448 -0.0036560 0.0036605 0.9999837
1740547311.662522 -1.2375979 -0.1316821 15.0205116 0.0032387 -0.0043197 0.0034011 0.9999797
1740547311.857232 -1.2570966 -0.1342738 15.2271786 0.0037125 0.0026377 0.0039090 0.9999820
1740547312.057168 -1.2395749 -0.1080966 15.4163809 0.0066165 0.0019030 0.0019740 0.9999744
1740547312.257669 -1.2228353 -0.1231100 15.6128817 0.0071953 0.0030688 0.0018591 0.9999677
1740547312.354072 -1.2181227 -0.1423561 15.7050705 0.0065183 0.0055403 0.0027898 0.9999595
1740547312.547778 -1.2265712 -0.1668580 15.9019537 0.0071829 0.0091393 0.0038996 0.9999248
1740547312.644157 -1.2407292 -0.1617460 15.9800520 0.0095094 0.0119429 0.0016240 0.9998822
1740547312.744432 -1.2210467 -0.1447319 16.0733051 0.0104265 0.0124529 0.0039915 0.9998602
1740547312.840682 -1.2283992 -0.1541815 16.1624393 0.0116028 0.0154303 0.0045109 0.9998034
1740547313.039667 -1.2084714 -0.1438360 16.3442612 0.0158500 0.0189500 0.0063587 0.9996746
1740547313.236559 -1.1816666 -0.1532420 16.4854355 0.0148156 0.0186429 0.0016783 0.9997150
1740547313.329548 -1.1900022 -0.1561370 16.5784874 0.0135543 0.0221069 0.0016826 0.9996623
1740547313.424243 -1.1732866 -0.1398819 16.6612759 0.0128909 0.0193431 0.0049742 0.9997175
1740547313.525048 -1.1761105 -0.1499361 16.6776028 0.0157322 0.0179473 0.0007914 0.9997149
1740547313.616985 -1.1807870 -0.1055352 16.6578712 0.0222268 0.0212532 0.0062889 0.9995072
1740547313.716688 -1.1837451 -0.1299002 16.6580544 0.0184011 0.0219117 0.0064981 0.9995695
1740547313.816861 -1.1882442 -0.1019216 16.6708603 0.0210905 0.0233467 0.0041095 0.9994965
1740547313.912797 -1.2035625 -0.1791494 16.6444550 0.0150726 0.0271839 0.0123185 0.9994409
1740547314.034395 -1.1783925 -0.1300657 16.6546898 0.0190768 0.0271723 0.0033178 0.9994432
1740547314.130304 -1.1717037 -0.1299528 16.6556683 0.0206357 0.0271879 0.0063738 0.9993970
1740547314.237389 -1.1462770 -0.1119867 16.6593933 0.0247085 0.0234436 0.0058245 0.9994028
1740547314.330655 -1.1428064 -0.1124480 16.6680889 0.0251068 0.0252574 0.0055941 0.9993500
1740547314.427228 -1.1665399 -0.0981734 16.6472626 0.0274863 0.0298353 0.0044340 0.9991670
1740547314.525564 -1.1691719 -0.1134678 16.6508846 0.0268122 0.0316907 0.0026085 0.9991347
1740547314.621342 -1.1304653 -0.1365224 16.6434383 0.0248555 0.0260896 -0.0020503 0.9993485
1740547314.717151 -1.1612855 -0.1532297 16.6479378 0.0243264 0.0326954 0.0024292 0.9991663
1740547314.818286 -1.1377861 -0.1454170 16.6397667 0.0243169 0.0313982 0.0016219 0.9992098
1740547314.913200 -1.1451149 -0.1418736 16.6350708 0.0257749 0.0326781 0.0003771 0.9991335
1740547315.014937 -1.1660502 -0.1407154 16.6383495 0.0265326 0.0357638 0.0024940 0.9990049
1740547315.111076 -1.1755830 -0.1385515 16.6307850 0.0275059 0.0373301 0.0016845 0.9989229
1740547315.206467 -1.1636797 -0.1327869 16.6309586 0.0271033 0.0373138 0.0071765 0.9989102
1740547315.308372 -1.1574763 -0.1377653 16.6343861 0.0276706 0.0362411 0.0056847 0.9989437
1740547315.401735 -1.1605928 -0.1516476 16.6421394 0.0259396 0.0371793 0.0033765 0.9989662
1740547315.503779 -1.1587907 -0.1491109 16.6298084 0.0252423 0.0367924 0.0065949 0.9989823
1740547315.597308 -1.1058247 -0.1966718 16.6174870 0.0210986 0.0309574 0.0091691 0.9992560
1740547315.691609 -1.0968175 -0.1474912 16.6196976 0.0268651 0.0299008 0.0109451 0.9991319
1740547315.793679 -1.0898641 -0.1510899 16.6260891 0.0259307 0.0287516 0.0137877 0.9991551
1740547315.890279 -1.0774573 -0.1596004 16.6285477 0.0247067 0.0269465 0.0163941 0.9991971
1740547315.991492 -1.0907797 -0.1480263 16.6324348 0.0273215 0.0286275 0.0158954 0.9990903
1740547316.092437 -1.0849067 -0.1754646 16.6259003 0.0236005 0.0283111 0.0160750 0.9991912
1740547316.187461 -1.0874324 -0.1831893 16.6270885 0.0215042 0.0295996 0.0184217 0.9991607
1740547316.292425 -1.0867462 -0.1878774 16.6310005 0.0218375 0.0289348 0.0211472 0.9991190
1740547316.389157 -1.1143342 -0.1928076 16.6265488 0.0212196 0.0319096 0.0161668 0.9991347
1740547316.492146 -1.0882789 -0.1981636 16.6345406 0.0209321 0.0297475 0.0205397 0.9991271
1740547316.585495 -1.0843575 -0.1860105 16.6382904 0.0217743 0.0285150 0.0212779 0.9991297
1740547316.680322 -1.0482633 -0.1734594 16.6408653 0.0231430 0.0227359 0.0214393 0.9992437
1740547316.781849 -1.0534526 -0.1490816 16.6522827 0.0267488 0.0244099 0.0147288 0.9992356
1740547316.993224 -1.0683783 -0.1270968 16.6384373 0.0295372 0.0258262 0.0125797 0.9991508
1740547317.087141 -1.0372018 -0.1368332 16.6541653 0.0282366 0.0217121 0.0128670 0.9992826
1740547317.179709 -1.0208491 -0.1223181 16.6535511 0.0300334 0.0184776 0.0135076 0.9992868
1740547317.279504 -1.0218278 -0.1075570 16.6627254 0.0315395 0.0183748 0.0131123 0.9992476
1740547317.374785 -0.9976812 -0.1175633 16.6670284 0.0295714 0.0152524 0.0117303 0.9993774
1740547317.472436 -0.9430328 -0.1246165 16.6771183 0.0290218 0.0058337 0.0134053 0.9994718
1740547317.664882 -0.9820982 -0.0766225 16.6921082 0.0366082 0.0086720 0.0103369 0.9992386
1740547317.768112 -0.9818175 -0.1191086 16.6908379 0.0319067 0.0090255 0.0137101 0.9993561
1740547317.863692 -0.9624240 -0.0703543 16.7152119 0.0381906 0.0054415 0.0119029 0.9991848
1740547317.959396 -0.9529266 -0.0966967 16.7231541 0.0354446 0.0043206 0.0095126 0.9993170
1740547318.060787 -0.9270919 -0.0959172 16.7328091 0.0346186 -0.0016738 0.0101634 0.9993475
1740547318.158512 -0.9354525 -0.1003003 16.7326908 0.0360296 -0.0021975 0.0101224 0.9992971
1740547318.358547 -0.9230138 -0.0543069 16.7525692 0.0418450 -0.0049036 0.0085000 0.9990759
1740547318.452344 -0.9113784 -0.0513399 16.7684231 0.0429682 -0.0068095 0.0107433 0.9989955
1740547318.553517 -0.9051207 -0.0317995 16.7836075 0.0465309 -0.0086008 0.0084248 0.9988443
1740547318.646578 -0.8716595 -0.0291890 16.7981930 0.0458040 -0.0148626 0.0105724 0.9987839
1740547318.746902 -0.8620886 -0.0212291 16.8098068 0.0484231 -0.0156682 0.0096930 0.9986570
1740547318.842726 -0.8442748 -0.0384122 16.8100719 0.0477049 -0.0201642 0.0102694 0.9986051
1740547318.937288 -0.8541948 -0.0207345 16.8273315 0.0510724 -0.0188894 0.0069977 0.9984918
1740547319.036685 -0.8303464 0.0025465 16.8428230 0.0542660 -0.0242113 0.0068004 0.9982098
1740547319.129626 -0.8158180 0.0247664 16.8602371 0.0590734 -0.0278789 0.0080802 0.9978316
1740547319.228159 -0.7995912 0.0070076 16.8677521 0.0555653 -0.0305007 0.0070313 0.9979643
1740547319.325313 -0.7875118 0.0490343 16.8834534 0.0642587 -0.0342085 0.0063287 0.9973267
1740547319.421516 -0.7938026 0.0450647 16.8918648 0.0645626 -0.0340584 0.0063712 0.9973119
1740547319.522231 -0.7594245 0.0376258 16.8860321 0.0656846 -0.0400291 0.0121367 0.9969633
1740547319.615635 -0.7655858 0.0492591 16.9150009 0.0684119 -0.0418944 0.0097662 0.9967293
1740547319.710451 -0.7336735 0.0521465 16.9473686 0.0699590 -0.0479854 0.0120783 0.9963219
1740547319.808774 -0.7372135 0.0538937 16.9817162 0.0699751 -0.0478163 0.0109131 0.9963424
1740547319.903625 -0.7362029 0.0860262 17.0086403 0.0775294 -0.0483340 0.0098260 0.9957693
1740547320.002613 -0.7256038 0.1082467 17.0245056 0.0826721 -0.0548048 0.0133857 0.9949787
1740547320.105590 -0.7029880 0.0767472 17.0400257 0.0784553 -0.0604795 0.0152848 0.9949641
1740547320.199990 -0.7097318 0.1057426 17.0615253 0.0867832 -0.0618903 0.0188775 0.9941237
1740547320.305880 -0.7303129 0.1426669 17.0959778 0.0924072 -0.0613854 0.0228660 0.9935642
1740547320.399268 -0.7225843 0.0985005 17.1338806 0.0905825 -0.0642038 0.0204246 0.9936073
1740547320.499987 -0.7156427 0.0478199 17.2022629 0.0911838 -0.0680442 0.0167062 0.9933662
1740547320.597903 -0.6947960 0.1365208 17.2348537 0.1031893 -0.0736899 0.0158419 0.9918018
1740547320.692707 -0.6728290 0.1335856 17.2256622 0.1058150 -0.0800103 0.0161424 0.9910303
1740547320.791115 -0.6230676 0.1358224 17.2674541 0.1079156 -0.0883745 0.0106010 0.9901676
1740547320.885682 -0.6146077 0.1600449 17.2910500 0.1128857 -0.0913449 0.0136258 0.9893064
1740547320.984146 -0.6108631 0.1470183 17.3146763 0.1142465 -0.0933837 0.0101065 0.9890021
1740547321.083038 -0.5813905 0.1765568 17.3495731 0.1220938 -0.1010244 0.0094339 0.9873187
1740547321.179326 -0.5643924 0.2058264 17.3969193 0.1281670 -0.1076858 0.0105088 0.9858329
1740547321.280732 -0.5681122 0.1950514 17.4226418 0.1300552 -0.1088403 0.0058323 0.9854975
1740547321.374835 -0.5510398 0.2148570 17.4308014 0.1347421 -0.1149963 0.0026002 0.9841818
1740547321.570575 -0.5421417 0.2558629 17.4115620 0.1475691 -0.1210727 0.0040758 0.9816049
1740547321.766365 -0.5780423 0.2648770 17.4554634 0.1565514 -0.1202572 0.0054880 0.9803060
1740547321.864915 -0.5444591 0.2630392 17.4531097 0.1587740 -0.1291439 0.0029708 0.9788278
1740547321.960902 -0.5227185 0.2444699 17.4946804 0.1617830 -0.1364202 0.0082462 0.9773167
1740547322.061884 -0.5436771 0.2447543 17.5103245 0.1639822 -0.1356644 0.0113498 0.9770241
1740547322.160154 -0.5522543 0.2475954 17.5092869 0.1679967 -0.1376647 0.0110058 0.9760658
1740547322.261862 -0.5320699 0.2565449 17.5391293 0.1734563 -0.1461001 0.0128356 0.9738598
1740547322.355541 -0.5331486 0.2568625 17.5516167 0.1739908 -0.1494055 0.0136016 0.9732524
1740547322.450170 -0.4981731 0.2606008 17.5587997 0.1797843 -0.1597368 0.0114452 0.9705827
1740547322.555894 -0.5230637 0.2928034 17.5707664 0.1902465 -0.1586208 0.0100104 0.9687856
1740547322.649897 -0.4937291 0.3136321 17.6040154 0.1966554 -0.1683821 0.0102093 0.9658519
1740547322.763947 -0.4742760 0.3292996 17.6241169 0.2030520 -0.1751884 0.0112894 0.9633024
1740547322.859162 -0.4938839 0.3476865 17.6244011 0.2100437 -0.1767451 0.0108379 0.9615224
1740547322.954585 -0.4776276 0.3291835 17.6339569 0.2108968 -0.1818868 0.0084625 0.9604000
1740547323.056973 -0.4899327 0.3357685 17.6377487 0.2159466 -0.1818710 0.0082026 0.9592825
1740547323.150174 -0.5181770 0.3665850 17.6631680 0.2243984 -0.1825432 0.0101526 0.9571940
1740547323.251860 -0.5245429 0.3627790 17.6507607 0.2252349 -0.1830117 0.0055728 0.9569456
1740547323.348684 -0.5335850 0.3657984 17.6656094 0.2288163 -0.1822963 0.0073329 0.9562204
1740547323.443659 -0.5409865 0.3660746 17.6693020 0.2325507 -0.1825687 0.0088647 0.9552541
1740547323.546239 -0.5734293 0.3565254 17.6491852 0.2338171 -0.1785390 0.0042967 0.9557379
1740547323.642222 -0.6038486 0.3790572 17.6486492 0.2377859 -0.1737053 0.0046251 0.9556479
1740547323.737363 -0.6426089 0.3524766 17.6166725 0.2344979 -0.1706490 0.0050318 0.9570080
1740547323.841776 -0.6604788 0.3676386 17.6106644 0.2384362 -0.1686249 0.0039421 0.9563986
1740547323.939111 -0.6712273 0.3596675 17.6193542 0.2413506 -0.1691868 0.0032829 0.9555705
1740547324.042804 -0.6747920 0.3605359 17.6070728 0.2417787 -0.1669971 -0.0004879 0.9558529
1740547324.140562 -0.7129228 0.3512639 17.6057358 0.2442124 -0.1647503 -0.0016920 0.9556227
1740547324.239174 -0.7218611 0.3079680 17.5803833 0.2366740 -0.1616188 -0.0040173 0.9580442
1740547324.344436 -0.7157182 0.3265991 17.5876675 0.2415882 -0.1648827 -0.0019216 0.9562662
1740547324.444803 -0.7717804 0.2784290 17.5564880 0.2371544 -0.1558208 -0.0006797 0.9588937
1740547324.547103 -0.7684371 0.3108733 17.5648766 0.2421162 -0.1576465 0.0024541 0.9573512
1740547324.645120 -0.7827480 0.3054575 17.5506191 0.2425531 -0.1546153 -0.0001582 0.9577380
1740547324.742207 -0.7890617 0.2932637 17.5505257 0.2415664 -0.1555378 0.0026844 0.9578342
1740547324.850041 -0.8110344 0.2897370 17.5478344 0.2412732 -0.1525573 0.0058207 0.9583735
1740547324.947201 -0.8515481 0.2953726 17.5498848 0.2434591 -0.1460445 0.0049147 0.9588402
1740547325.050510 -0.8651290 0.2973894 17.5522232 0.2422910 -0.1455632 0.0093023 0.9591767
1740547325.148955 -0.8566200 0.2632093 17.5276566 0.2396690 -0.1438865 0.0049638 0.9601203
1740547325.249342 -0.8985586 0.2952985 17.5557327 0.2453168 -0.1397623 0.0088825 0.9592744
1740547325.348838 -0.9075003 0.2652926 17.5398178 0.2396293 -0.1371337 0.0078444 0.9610987
1740547325.445551 -0.9159864 0.2396488 17.5358772 0.2363565 -0.1359975 0.0069684 0.9620768
1740547325.548288 -0.9428604 0.2546928 17.5395336 0.2389588 -0.1322371 0.0084148 0.9619466
1740547325.645106 -0.9797189 0.2250780 17.5389557 0.2349181 -0.1260153 0.0078692 0.9637799
1740547325.741701 -0.9865381 0.1912415 17.5363121 0.2313546 -0.1235282 0.0050822 0.9649819
1740547325.852556 -1.0204003 0.2010595 17.5364189 0.2319036 -0.1171281 0.0100477 0.9656091
1740547325.950859 -1.0072273 0.1553352 17.5271626 0.2270353 -0.1164870 0.0024758 0.9668918
1740547326.057010 -1.0322216 0.1353763 17.5236301 0.2243996 -0.1116096 0.0048725 0.9680725
1740547326.151363 -1.0849776 0.1505636 17.5588379 0.2251323 -0.1059042 0.0118122 0.9684835
1740547326.263145 -1.1281877 0.1592271 17.5944633 0.2253492 -0.1006378 0.0170996 0.9689156
1740547326.358932 -1.1396761 0.1530290 17.5939503 0.2241659 -0.0988482 0.0193808 0.9693313
1740547326.452555 -1.1387409 0.0894259 17.5870018 0.2126631 -0.0958525 0.0154387 0.9722903
1740547326.557268 -1.1544975 0.0989155 17.5968113 0.2135150 -0.0930459 0.0174813 0.9723416
1740547326.651174 -1.1953729 0.0664918 17.5975494 0.2085558 -0.0838276 0.0176358 0.9742517
1740547326.754563 -1.2735457 0.0510164 17.6133862 0.2059041 -0.0702858 0.0202625 0.9758344
1740547326.851309 -1.3252746 0.0267770 17.6092224 0.2018139 -0.0594748 0.0209154 0.9773927
1740547326.949474 -1.3537922 0.0151681 17.6320419 0.1999447 -0.0522911 0.0212346 0.9781803
1740547327.052098 -1.3880830 -0.0128490 17.6626968 0.1962402 -0.0454826 0.0194323 0.9793077
1740547327.149409 -1.4294795 -0.0363912 17.6651363 0.1929068 -0.0365391 0.0212484 0.9803063
1740547327.249479 -1.5165156 -0.0867774 17.6716843 0.1843349 -0.0212080 0.0188469 0.9824539
1740547327.350817 -1.5235549 -0.1150333 17.6749916 0.1791617 -0.0170220 0.0148111 0.9835609
1740547327.447245 -1.6066158 -0.1617629 17.6854286 0.1715990 -0.0005714 0.0145084 0.9850599
1740547327.551599 -1.6424612 -0.1855138 17.6843357 0.1673276 0.0082712 0.0117958 0.9857961
1740547327.650948 -1.6518902 -0.2570467 17.6773319 0.1545389 0.0140275 0.0050397 0.9878743
1740547327.755817 -1.6844025 -0.2654196 17.7041092 0.1539635 0.0220721 0.0081986 0.9877959
1740547327.852921 -1.6605798 -0.3157964 17.6990585 0.1435158 0.0228757 0.0065984 0.9893616
1740547327.951924 -1.6621655 -0.3431556 17.7004395 0.1380769 0.0258626 0.0073148 0.9900568
1740547328.058878 -1.6564424 -0.3819683 17.6945915 0.1294079 0.0311665 0.0041355 0.9910929
1740547328.158101 -1.6535151 -0.3891915 17.7083225 0.1276450 0.0336024 0.0042842 0.9912413
1740547328.268320 -1.6648130 -0.4132901 17.7059994 0.1223207 0.0385610 0.0010056 0.9917408
1740547328.370088 -1.6725292 -0.4545832 17.6991520 0.1127171 0.0429962 0.0038489 0.9926890
1740547328.473264 -1.6534324 -0.4646631 17.6945000 0.1096655 0.0422980 0.0006436 0.9930679
1740547328.581829 -1.6510240 -0.4878534 17.7019882 0.1053188 0.0446584 0.0009502 0.9934348
1740547328.679733 -1.6451843 -0.4949833 17.7029495 0.1020660 0.0468416 -0.0045503 0.9936638
1740547328.780615 -1.6387588 -0.5024444 17.7083950 0.0998653 0.0483307 -0.0046636 0.9938155
1740547328.880255 -1.6243138 -0.5246457 17.7058945 0.0947293 0.0494018 -0.0040882 0.9942682
1740547328.978492 -1.5816835 -0.5555780 17.6935577 0.0870937 0.0457474 -0.0079615 0.9951173
1740547329.084974 -1.5541744 -0.5758205 17.6947289 0.0812471 0.0441114 -0.0077981 0.9956869
1740547329.185263 -1.5158219 -0.5828401 17.6856689 0.0759991 0.0410953 -0.0110526 0.9961994
1740547329.296135 -1.4824617 -0.5986801 17.6881790 0.0722363 0.0381954 -0.0124056 0.9965788
1740547329.395305 -1.4526768 -0.5847695 17.6866722 0.0731112 0.0359880 -0.0126039 0.9965946
1740547329.492330 -1.4014894 -0.5915722 17.6891708 0.0710325 0.0301655 -0.0173029 0.9968676
1740547329.597648 -1.3881594 -0.5788581 17.6880341 0.0707468 0.0295550 -0.0210260 0.9968346
1740547329.697200 -1.3629752 -0.5790546 17.6960373 0.0693642 0.0275977 -0.0195118 0.9970187
1740547329.805538 -1.3484000 -0.5773494 17.7015553 0.0673847 0.0265869 -0.0195501 0.9971812
1740547329.904907 -1.2831800 -0.5710439 17.7134647 0.0670885 0.0189726 -0.0217709 0.9973291
1740547330.008540 -1.2549528 -0.5680040 17.7145538 0.0660610 0.0156047 -0.0206247 0.9974804
1740547330.110765 -1.2074537 -0.5655865 17.7181091 0.0655482 0.0086399 -0.0230038 0.9975469
1740547330.230874 -1.1915467 -0.5826455 17.7170010 0.0617284 0.0063333 -0.0245721 0.9977704
1740547330.341726 -1.1742821 -0.5790026 17.7175007 0.0605993 0.0033263 -0.0253337 0.9978351
1740547330.439494 -1.1362091 -0.5656595 17.7226372 0.0609741 -0.0024750 -0.0244181 0.9978376
1740547330.545011 -1.1063988 -0.5732082 17.7249146 0.0586775 -0.0073007 -0.0257846 0.9979172
1740547330.646492 -1.0916411 -0.5691972 17.7260246 0.0581080 -0.0085221 -0.0257958 0.9979406
1740547330.743458 -1.0669812 -0.5584046 17.7221165 0.0578974 -0.0132902 -0.0265563 0.9978808
1740547330.848883 -1.0590292 -0.5907952 17.7339554 0.0514937 -0.0156480 -0.0277585 0.9981648
1740547330.948681 -1.0223726 -0.6266943 17.7307987 0.0445264 -0.0223367 -0.0259293 0.9984218
1740547331.057826 -1.0054613 -0.6630638 17.7352943 0.0376801 -0.0258715 -0.0281302 0.9985588
1740547331.153896 -0.9814981 -0.6755634 17.7331715 0.0342952 -0.0328560 -0.0277107 0.9984871
1740547331.256954 -0.9673520 -0.6803182 17.7352734 0.0335184 -0.0362736 -0.0264281 0.9984300
1740547331.363157 -0.9372343 -0.6940653 17.7388954 0.0319531 -0.0441223 -0.0278331 0.9981270
1740547331.462436 -0.8914381 -0.6949764 17.7492313 0.0307760 -0.0546348 -0.0283577 0.9976291
1740547331.563787 -0.8590948 -0.7145643 17.7686672 0.0277427 -0.0619256 -0.0288046 0.9972792
1740547331.662896 -0.8324516 -0.7439868 17.7746964 0.0221755 -0.0698689 -0.0285609 0.9969006
1740547331.775685 -0.8177290 -0.7484680 17.7767162 0.0207173 -0.0754033 -0.0272066 0.9965666
1740547331.874875 -0.7950616 -0.7507744 17.7799530 0.0194903 -0.0822147 -0.0286595 0.9960119
1740547331.973772 -0.7844095 -0.7651173 17.7802467 0.0165665 -0.0877442 -0.0263408 0.9956569
1740547332.077850 -0.7570648 -0.7664976 17.7878170 0.0152877 -0.0957515 -0.0254852 0.9949615
1740547332.179834 -0.7212880 -0.7521226 17.7986107 0.0166993 -0.1037097 -0.0263700 0.9941177
1740547332.285439 -0.6996726 -0.7822949 17.8059959 0.0112427 -0.1107808 -0.0247304 0.9934735
1740547332.393912 -0.6859323 -0.8577690 17.7972527 -0.0056862 -0.1166312 -0.0146841 0.9930505
1740547332.494115 -0.6346960 -0.8867007 17.8086319 -0.0113626 -0.1277356 -0.0125799 0.9916634
1740547332.599194 -0.5990130 -0.9044685 17.8209572 -0.0144534 -0.1375989 -0.0106822 0.9903250
1740547332.700634 -0.5873095 -0.9761773 17.8325462 -0.0288131 -0.1413333 -0.0077061 0.9895127
1740547332.808493 -0.6182700 -1.0122572 17.8394299 -0.0342481 -0.1352722 -0.0042284 0.9902074
1740547332.911609 -0.6418778 -1.0574740 17.8664207 -0.0390580 -0.1296174 -0.0042970 0.9907852
1740547333.010977 -0.6611626 -1.0489229 17.8931370 -0.0337298 -0.1239690 -0.0029608 0.9917083
1740547333.224832 -0.7349473 -1.0563127 18.0360718 -0.0345255 -0.1165767 -0.0038025 0.9925742
1740547333.429317 -0.8129539 -1.0356888 18.2259541 -0.0285475 -0.1142613 -0.0006281 0.9930403
1740547333.641248 -0.8440115 -1.0535144 18.4337292 -0.0274539 -0.1189947 -0.0011977 0.9925146
1740547333.853020 -0.9106680 -1.0441692 18.6299744 -0.0205539 -0.1161977 0.0026231 0.9930100
1740547334.067461 -0.9525539 -1.0850449 18.8308067 -0.0219175 -0.1182385 0.0014371 0.9927423
1740547334.284376 -0.9991531 -1.0866295 19.0288029 -0.0154662 -0.1187284 0.0016505 0.9928049
1740547334.492252 -1.0394258 -1.1183971 19.2352791 -0.0148350 -0.1194939 0.0034587 0.9927180
1740547334.601082 -1.0518388 -1.1412088 19.3407078 -0.0128606 -0.1207632 0.0027745 0.9925942
1740547334.702958 -1.0643100 -1.1757308 19.4371529 -0.0097846 -0.1207982 0.0055173 0.9926136
1740547334.811440 -1.0869141 -1.2687899 19.5150642 -0.0100144 -0.1167860 0.0058834 0.9930892
