1740547674.589457 0.0000000 0.0000000 0.0000000 -0.0000000 -0.0000000 -0.0000000 1.0000000
1740547674.806671 -0.0015766 -0.0052141 0.0469742 -0.0003073 0.0001733 0.0000853 0.9999999
1740547674.910534 -0.0014994 -0.0104046 0.0940609 -0.0005823 0.0002368 -0.0000040 0.9999998
1740547675.081213 -0.0027806 -0.0166143 0.1431836 -0.0007404 0.0002669 0.0000322 0.9999997
1740547675.343696 -0.0014264 -0.0235792 0.1907659 -0.0009587 -0.0000212 -0.0001722 0.9999995
1740547675.599726 -0.0000826 -0.0272435 0.2371348 -0.0011232 -0.0002075 0.0001015 0.9999993
1740547675.779518 -0.0000983 -0.0341962 0.2861804 -0.0016761 -0.0001328 0.0001312 0.9999986
1740547675.882942 0.0030096 -0.0372643 0.3350848 -0.0019359 -0.0003012 0.0000513 0.9999981
1740547676.003779 0.0023794 -0.0403184 0.3823824 -0.0020570 -0.0004804 0.0000653 0.9999978
1740547676.107099 0.0044627 -0.0442971 0.4327686 -0.0018753 -0.0004450 -0.0000131 0.9999982
1740547676.218172 0.0064519 -0.0482644 0.4843412 -0.0019123 -0.0006822 -0.0000363 0.9999980
1740547676.323980 0.0045875 -0.0482418 0.5327964 -0.0013530 -0.0004819 -0.0001229 0.9999990
1740547676.431638 0.0070521 -0.0510455 0.5797681 -0.0004757 -0.0007402 -0.0002020 0.9999996
1740547676.539978 0.0077896 -0.0565705 0.6326554 0.0005800 -0.0010086 -0.0002777 0.9999993
1740547676.645987 0.0116671 -0.0215753 0.6809491 0.0040606 -0.0014216 -0.0003843 0.9999907
1740547676.753840 0.0100321 -0.0110947 0.7313982 0.0065707 -0.0017403 -0.0001764 0.9999769
1740547676.857762 0.0006819 -0.0143540 0.7762536 0.0090108 -0.0016732 -0.0000723 0.9999580
1740547676.967601 -0.0126880 -0.0317294 0.8207190 0.0109465 -0.0018924 0.0000958 0.9999383
1740547677.070592 -0.0184327 -0.0318253 0.8701210 0.0141275 -0.0019487 0.0003115 0.9998983
1740547677.173706 -0.0192572 -0.0368429 0.9230604 0.0173678 -0.0028026 -0.0000210 0.9998453
1740547677.282977 -0.0070239 -0.0395626 0.9739670 0.0208148 -0.0039964 0.0000400 0.9997754
1740547677.383632 -0.0013780 -0.0435762 1.0251118 0.0248920 -0.0049639 -0.0000554 0.9996778
1740547677.493953 -0.0131946 -0.0583173 1.0773000 0.0285559 -0.0054770 0.0003044 0.9995772
1740547677.593654 -0.0249746 -0.0831780 1.1185093 0.0316745 -0.0052799 -0.0001342 0.9994843
1740547677.698385 -0.0262800 -0.0945771 1.1714906 0.0353740 -0.0062219 0.0002000 0.9993548
1740547677.802061 -0.0186523 -0.1025274 1.2205462 0.0396050 -0.0072654 -0.0002478 0.9991890
1740547677.901510 -0.0138854 -0.1105544 1.2664872 0.0435068 -0.0087299 -0.0002526 0.9990150
1740547678.006776 -0.0252103 -0.1242449 1.3220353 0.0472931 -0.0089433 -0.0001665 0.9988410
1740547678.107120 -0.0364180 -0.1405102 1.3725630 0.0507322 -0.0090047 -0.0000410 0.9986717
1740547678.214980 -0.0236974 -0.1640686 1.4202061 0.0529793 -0.0105119 -0.0000362 0.9985403
1740547678.316093 -0.0274544 -0.1696241 1.4676516 0.0559332 -0.0116976 -0.0002209 0.9983659
1740547678.416512 -0.0425155 -0.1938160 1.5157799 0.0579675 -0.0112629 0.0000714 0.9982550
1740547678.524090 -0.0569322 -0.2130443 1.5557748 0.0600767 -0.0110794 -0.0001047 0.9981323
1740547678.623607 -0.0673269 -0.2316537 1.6112124 0.0619563 -0.0114304 -0.0000515 0.9980134
1740547678.729777 -0.0804675 -0.2558266 1.6608027 0.0629186 -0.0114332 -0.0003888 0.9979531
1740547678.833140 -0.0900341 -0.2700957 1.7084883 0.0637450 -0.0116792 0.0000617 0.9978979
1740547678.930391 -0.1020647 -0.2925895 1.7350631 0.0624097 -0.0107808 -0.0003571 0.9979923
1740547679.033127 -0.1104973 -0.3029546 1.7763665 0.0636816 -0.0104618 -0.0005089 0.9979153
1740547679.135022 -0.1113991 -0.3064111 1.8292785 0.0649210 -0.0103222 -0.0006963 0.9978368
1740547679.242956 -0.1103328 -0.3216731 1.8724780 0.0650259 -0.0100397 -0.0004784 0.9978330
1740547679.344208 -0.1067278 -0.3314368 1.9003339 0.0649431 -0.0109533 -0.0000418 0.9978288
1740547679.444412 -0.1134708 -0.3476065 1.9480363 0.0649725 -0.0096253 -0.0005034 0.9978405
1740547679.550378 -0.1235130 -0.3660104 1.9817295 0.0642159 -0.0095301 -0.0000470 0.9978905
1740547679.651184 -0.1336999 -0.3841137 2.0173852 0.0634650 -0.0090661 0.0002748 0.9979429
1740547679.750713 -0.1262656 -0.4017490 2.0577006 0.0635253 -0.0098908 -0.0001919 0.9979312
1740547679.851588 -0.1319839 -0.4188472 2.0827661 0.0620180 -0.0091267 -0.0003846 0.9980332
1740547679.951721 -0.1455946 -0.4258036 2.1170721 0.0622259 -0.0083274 0.0003247 0.9980273
1740547680.056812 -0.1611423 -0.4372614 2.1641207 0.0625329 -0.0079541 0.0004979 0.9980111
1740547680.156716 -0.1600814 -0.4558940 2.1971331 0.0613721 -0.0083947 0.0007266 0.9980794
1740547680.274548 -0.1688028 -0.4734026 2.2330515 0.0605314 -0.0075374 0.0010353 0.9981373
1740547680.371604 -0.1594620 -0.4877200 2.2779906 0.0596349 -0.0089273 0.0004593 0.9981802
1740547680.473789 -0.1776395 -0.4986485 2.3218906 0.0599617 -0.0083009 0.0006357 0.9981660
1740547680.572112 -0.1867499 -0.5144714 2.3542795 0.0588056 -0.0083271 0.0007277 0.9982345
1740547680.669960 -0.1947558 -0.5264586 2.3830969 0.0579975 -0.0080310 0.0010031 0.9982839
1740547680.779640 -0.2128718 -0.5422683 2.4296713 0.0577453 -0.0078535 0.0007123 0.9983003
1740547680.883486 -0.2185730 -0.5542355 2.4593346 0.0566677 -0.0072541 0.0005799 0.9983666
1740547680.999617 -0.2245137 -0.5636347 2.4869094 0.0552358 -0.0069345 0.0006650 0.9984490
1740547681.105374 -0.2392368 -0.5719100 2.5267990 0.0547326 -0.0060915 0.0007184 0.9984822
1740547681.216473 -0.2510239 -0.5883957 2.5547998 0.0529122 -0.0055766 0.0003937 0.9985835
1740547681.322107 -0.2631965 -0.5977033 2.5954216 0.0520840 -0.0053914 0.0014927 0.9986271
1740547681.428667 -0.2717063 -0.6089972 2.6316423 0.0513697 -0.0042934 0.0007156 0.9986702
1740547681.537608 -0.2787222 -0.6364599 2.6645882 0.0478258 -0.0041299 0.0007586 0.9988469
1740547681.641392 -0.2932989 -0.6469663 2.7002335 0.0459618 -0.0030105 0.0013522 0.9989378
1740547681.750506 -0.2978679 -0.6642672 2.7507019 0.0443661 -0.0030061 0.0014772 0.9990097
1740547681.853496 -0.3017278 -0.6737520 2.7892780 0.0434810 -0.0025263 0.0018434 0.9990494
1740547681.969402 -0.3070773 -0.6845981 2.8330882 0.0421511 -0.0018752 0.0009820 0.9991090
1740547682.071670 -0.3177219 -0.7013246 2.8762939 0.0400667 -0.0013436 0.0016120 0.9991948
1740547682.175697 -0.3278101 -0.7154823 2.9131227 0.0378990 -0.0006899 0.0016601 0.9992800
1740547682.290252 -0.3432053 -0.7193949 2.9510336 0.0368603 0.0010477 0.0021605 0.9993176
1740547682.396109 -0.3457615 -0.7308186 2.9884434 0.0351555 0.0020229 0.0018976 0.9993780
1740547682.505647 -0.3431801 -0.7492993 3.0348299 0.0325202 0.0013040 0.0018837 0.9994684
1740547682.611919 -0.3551452 -0.7636299 3.0757384 0.0308529 0.0020257 0.0018238 0.9995202
1740547682.715734 -0.3659545 -0.7788377 3.1205223 0.0286762 0.0026712 0.0019344 0.9995833
1740547682.911383 -0.3659650 -0.7788764 3.1206200 0.0286469 0.0027126 0.0019492 0.9995840
1740547683.014946 -0.3632324 -0.7925281 3.1624079 0.0256819 0.0028518 0.0018590 0.9996644
1740547683.110826 -0.3794623 -0.7999458 3.2021787 0.0232154 0.0045798 0.0017912 0.9997184
1740547683.221569 -0.3931947 -0.8087447 3.2411578 0.0205182 0.0063484 0.0021572 0.9997670
1740547683.316646 -0.4077716 -0.8139516 3.2887590 0.0172844 0.0075044 0.0023017 0.9998198
1740547683.415998 -0.4094668 -0.8216941 3.3281600 0.0137308 0.0093287 0.0019195 0.9998604
1740547683.518278 -0.4105126 -0.8227354 3.3796158 0.0104338 0.0102009 0.0014722 0.9998925
1740547683.618362 -0.4202532 -0.8273938 3.4286499 0.0070632 0.0118987 0.0011048 0.9999037
1740547683.724586 -0.4309913 -0.8278255 3.4692762 0.0032567 0.0142330 0.0010090 0.9998929
1740547683.819716 -0.4394657 -0.8110610 3.5182574 0.0006297 0.0160323 0.0017619 0.9998698
1740547683.919640 -0.4569699 -0.8178545 3.5620596 -0.0036031 0.0187534 0.0017876 0.9998161
1740547684.019843 -0.4632978 -0.8202837 3.5877864 -0.0075224 0.0219329 0.0019769 0.9997292
1740547684.116736 -0.4740506 -0.8133223 3.6191676 -0.0120375 0.0251642 0.0016248 0.9996095
1740547684.226335 -0.4893169 -0.8224151 3.6537199 -0.0163416 0.0291027 0.0012869 0.9994420
1740547684.341505 -0.4874023 -0.8307870 3.6922703 -0.0206290 0.0314588 0.0005147 0.9992920
1740547684.445105 -0.4833712 -0.8258531 3.7320149 -0.0231734 0.0320915 0.0008405 0.9992160
1740547684.555334 -0.4904373 -0.8261995 3.7739489 -0.0257587 0.0347619 0.0007704 0.9990633
1740547684.659400 -0.4961273 -0.8111116 3.8002591 -0.0276332 0.0365622 -0.0000677 0.9989492
1740547684.768384 -0.5071958 -0.8051022 3.8410540 -0.0305971 0.0389926 0.0005919 0.9987708
1740547684.871977 -0.5054122 -0.7932513 3.8712852 -0.0326331 0.0410550 0.0002744 0.9986238
1740547684.977202 -0.5055271 -0.7849687 3.8879323 -0.0337337 0.0420365 -0.0005264 0.9985464
1740547685.078351 -0.5063533 -0.7887931 3.9161210 -0.0369166 0.0446391 0.0012193 0.9983201
1740547685.177349 -0.5117127 -0.7846059 3.9438574 -0.0388766 0.0465201 -0.0001103 0.9981605
1740547685.283751 -0.5166767 -0.7758272 3.9715374 -0.0405628 0.0495548 -0.0008451 0.9979470
1740547685.382402 -0.5305738 -0.7641085 4.0072165 -0.0413468 0.0515121 -0.0009876 0.9978156
1740547685.483902 -0.5435378 -0.7695212 4.0386662 -0.0445718 0.0537370 -0.0007405 0.9975596
1740547685.586324 -0.5525530 -0.7811365 4.0842719 -0.0466187 0.0559622 -0.0019783 0.9973420
1740547685.682814 -0.5547943 -0.7859794 4.1126547 -0.0482574 0.0590454 -0.0022651 0.9970857
1740547685.784487 -0.5622655 -0.7762982 4.1292753 -0.0481213 0.0605621 -0.0010870 0.9970032
1740547685.882622 -0.5617173 -0.7696568 4.1423392 -0.0477401 0.0599431 -0.0013280 0.9970586
1740547685.989770 -0.5840001 -0.7660554 4.1757727 -0.0491521 0.0630684 -0.0008617 0.9967977
1740547686.090527 -0.5888762 -0.7799478 4.2184882 -0.0508269 0.0644523 -0.0014311 0.9966246
1740547686.213658 -0.5947324 -0.7924728 4.2615209 -0.0523152 0.0659129 -0.0019236 0.9964512
1740547686.322814 -0.5915432 -0.7818802 4.2891564 -0.0504001 0.0669627 -0.0031086 0.9964769
1740547686.421577 -0.5716764 -0.7813329 4.2906952 -0.0509258 0.0652388 -0.0030270 0.9965648
1740547686.525600 -0.5642195 -0.7665858 4.3050451 -0.0495269 0.0648708 -0.0026587 0.9966604
1740547686.623554 -0.5757300 -0.7594547 4.3442535 -0.0496485 0.0673060 -0.0025737 0.9964930
1740547686.726017 -0.5811757 -0.7459813 4.3799763 -0.0481559 0.0690291 -0.0025915 0.9964483
1740547686.827987 -0.5861936 -0.7443534 4.4276986 -0.0481430 0.0699342 -0.0026258 0.9963858
1740547686.928547 -0.5735294 -0.7358400 4.4274421 -0.0458164 0.0683560 -0.0023282 0.9966057
1740547687.036694 -0.5605195 -0.7464703 4.4451761 -0.0469733 0.0668397 -0.0011282 0.9966568
1740547687.135529 -0.5554018 -0.7385301 4.4585986 -0.0462690 0.0667592 -0.0024260 0.9966928
1740547687.239647 -0.5563378 -0.7259353 4.4855561 -0.0432920 0.0680987 -0.0033512 0.9967332
1740547687.342645 -0.5647404 -0.7123545 4.5271907 -0.0423473 0.0690646 -0.0036964 0.9967061
1740547687.447143 -0.5532069 -0.7197743 4.5538511 -0.0425976 0.0685935 -0.0035067 0.9967287
1740547687.558191 -0.5615709 -0.7240821 4.6001124 -0.0428523 0.0699246 -0.0039864 0.9966235
1740547687.664884 -0.5360833 -0.7221183 4.6252403 -0.0419321 0.0674291 -0.0034879 0.9968364
1740547687.775954 -0.5358632 -0.7203904 4.6378007 -0.0414022 0.0665806 -0.0035152 0.9969155
1740547687.882101 -0.5432773 -0.7300695 4.6668396 -0.0433368 0.0678654 -0.0035202 0.9967466
1740547687.992916 -0.5462691 -0.7248993 4.7103443 -0.0431794 0.0685977 -0.0035367 0.9967033
1740547688.100939 -0.5337026 -0.7152895 4.7472911 -0.0412397 0.0675587 -0.0035282 0.9968564
1740547688.205883 -0.5047540 -0.7156566 4.7597699 -0.0416251 0.0639119 -0.0021365 0.9970848
1740547688.315704 -0.4881445 -0.7129133 4.7891464 -0.0419315 0.0624691 -0.0028304 0.9971617
1740547688.422472 -0.4898972 -0.7179018 4.8301144 -0.0424381 0.0634139 -0.0041508 0.9970760
1740547688.532936 -0.4975547 -0.7100756 4.8710518 -0.0415616 0.0641672 -0.0040718 0.9970650
1740547688.637308 -0.5037583 -0.7000171 4.8910055 -0.0405845 0.0651114 -0.0044951 0.9970422
1740547688.746863 -0.4970898 -0.6826583 4.9223785 -0.0392223 0.0635403 -0.0046377 0.9971974
1740547688.854766 -0.4826569 -0.7104705 4.9391870 -0.0412758 0.0607265 -0.0038868 0.9972931
1740547688.960629 -0.4445046 -0.7033048 4.9615698 -0.0394516 0.0574659 -0.0035363 0.9975614
1740547689.071599 -0.4442818 -0.7073407 4.9991255 -0.0403476 0.0588611 -0.0041000 0.9974421
1740547689.175629 -0.4374578 -0.7131622 5.0444307 -0.0406001 0.0591500 -0.0036392 0.9974165
1740547689.285646 -0.4683501 -0.7301241 5.0741906 -0.0422226 0.0628409 -0.0042407 0.9971210
1740547689.389535 -0.4469636 -0.7345191 5.1244097 -0.0426739 0.0628272 -0.0045718 0.9971012
1740547689.497541 -0.4472716 -0.7085140 5.1545253 -0.0390084 0.0640638 -0.0046925 0.9971721
1740547689.603700 -0.4320557 -0.7069762 5.1920686 -0.0389363 0.0649096 -0.0040724 0.9971229
1740547689.707905 -0.4111264 -0.7033696 5.2354908 -0.0388574 0.0653984 -0.0045787 0.9970919
1740547689.820289 -0.4182588 -0.7072291 5.2703724 -0.0390400 0.0685096 -0.0057479 0.9968697
1740547689.923320 -0.4115989 -0.7099782 5.3153596 -0.0389207 0.0709384 -0.0056521 0.9967051
1740547690.033796 -0.3913854 -0.6975008 5.3645282 -0.0382183 0.0726726 -0.0054629 0.9966084
1740547690.138664 -0.4010052 -0.6862453 5.3911486 -0.0364659 0.0757245 -0.0055998 0.9964460
1740547690.248043 -0.3809173 -0.6991363 5.3888297 -0.0397266 0.0738288 -0.0048791 0.9964675
1740547690.355440 -0.3520387 -0.7108761 5.3882494 -0.0411191 0.0720226 -0.0049855 0.9965426
1740547690.462996 -0.3392770 -0.7197540 5.4262447 -0.0431111 0.0738736 -0.0051859 0.9963219
1740547690.575188 -0.3248966 -0.7139145 5.4623709 -0.0418690 0.0748976 -0.0057177 0.9962955
1740547690.682181 -0.3022605 -0.7323031 5.4669142 -0.0450177 0.0726005 -0.0047725 0.9963332
1740547690.793501 -0.2790796 -0.7365060 5.4622965 -0.0470899 0.0702813 -0.0045477 0.9964048
1740547690.900769 -0.2609680 -0.7255778 5.4847641 -0.0469276 0.0724129 -0.0047272 0.9962589
1740547691.012509 -0.2707097 -0.7391301 5.4908686 -0.0492421 0.0754918 -0.0028442 0.9959258
1740547691.235919 -0.2488429 -0.7188219 5.4952211 -0.0500557 0.0738371 -0.0036980 0.9960064
1740547691.342848 -0.2416210 -0.7153928 5.5110536 -0.0502768 0.0719068 -0.0028757 0.9961393
1740547691.453859 -0.2212469 -0.7144675 5.5325661 -0.0526619 0.0696009 -0.0032171 0.9961787
1740547691.563299 -0.2035274 -0.7151310 5.5655513 -0.0533576 0.0678552 -0.0022987 0.9962647
1740547691.780668 -0.1746750 -0.7656889 5.6347656 -0.0635530 0.0641607 0.0004868 0.9959137
1740547691.998299 -0.1231567 -0.7728599 5.6150708 -0.0724282 0.0517155 0.0001410 0.9960320
1740547692.214620 -0.0688930 -0.7515978 5.6293483 -0.0733796 0.0418096 0.0018545 0.9964256
1740547692.325797 -0.0405146 -0.7464816 5.6532755 -0.0758627 0.0370378 0.0031998 0.9964250
1740547692.437696 -0.0098317 -0.7291363 5.6841712 -0.0789136 0.0326245 0.0022374 0.9963450
1740547692.556634 0.0089789 -0.7351052 5.7150192 -0.0836002 0.0291677 0.0021712 0.9960701
1740547692.660883 0.0182068 -0.7475071 5.7567568 -0.0881530 0.0269020 0.0012430 0.9957429
1740547692.775471 0.0344058 -0.7489572 5.7667856 -0.0901570 0.0208460 0.0010634 0.9957088
1740547692.883834 0.0458316 -0.7543406 5.7695556 -0.0930580 0.0142389 0.0020601 0.9955568
1740547692.995188 0.0615579 -0.7593170 5.7950888 -0.0965206 0.0099184 0.0019366 0.9952797
1740547693.103570 0.0848091 -0.7740508 5.8407292 -0.0990828 0.0063262 0.0035658 0.9950527
1740547693.208793 0.0928648 -0.7795049 5.8707709 -0.1000472 0.0022555 0.0054280 0.9949654
1740547693.319503 0.1033699 -0.7765416 5.8776484 -0.1013986 -0.0034707 0.0055490 0.9948244
1740547693.427239 0.1073992 -0.7780151 5.8864179 -0.1022757 -0.0085061 0.0063297 0.9946996
1740547693.540350 0.1138739 -0.7847052 5.8929539 -0.1043743 -0.0137470 0.0068521 0.9944195
1740547693.645515 0.1339266 -0.7883061 5.9192839 -0.1041991 -0.0180000 0.0080916 0.9943606
1740547693.756709 0.1538958 -0.7846863 5.9327059 -0.1043918 -0.0232762 0.0074120 0.9942362
1740547693.864795 0.1695360 -0.7634165 5.9370856 -0.0990046 -0.0266208 0.0086872 0.9946929
1740547693.972084 0.1783030 -0.7573205 5.9424686 -0.0980999 -0.0304904 0.0086369 0.9946719
1740547694.087207 0.1872915 -0.7577387 5.9490900 -0.0986832 -0.0354647 0.0076321 0.9944575
1740547694.192481 0.2029906 -0.7499713 5.9596720 -0.0971119 -0.0402431 0.0079435 0.9944278
1740547694.311779 0.2306464 -0.7387691 5.9779687 -0.0943897 -0.0449587 0.0095264 0.9944741
1740547694.413443 0.2539196 -0.7442228 5.9992642 -0.0951046 -0.0494699 0.0091235 0.9941955
1740547694.534922 0.2716684 -0.7506589 5.9982529 -0.0950036 -0.0554061 0.0097438 0.9938861
1740547694.638667 0.2962448 -0.7473146 6.0139313 -0.0959173 -0.0602304 0.0095467 0.9935195
1740547694.755327 0.3227277 -0.7518240 6.0369229 -0.0953331 -0.0644633 0.0105893 0.9932995
1740547694.854177 0.3288906 -0.7443939 6.0435891 -0.0927790 -0.0678287 0.0093384 0.9933298
1740547694.954699 0.3445914 -0.7456256 6.0449553 -0.0922815 -0.0730433 0.0089975 0.9930095
1740547695.063757 0.3571640 -0.7410324 6.0552697 -0.0898271 -0.0766209 0.0083465 0.9929706
1740547695.168020 0.3695683 -0.7382908 6.0801163 -0.0866414 -0.0795008 0.0090052 0.9930215
1740547695.281602 0.3812788 -0.7295936 6.1002245 -0.0852544 -0.0835357 0.0086767 0.9928133
1740547695.390156 0.3976507 -0.7209153 6.0934215 -0.0799763 -0.0869391 0.0089831 0.9929576
1740547695.505962 0.4139066 -0.7221980 6.0947819 -0.0774796 -0.0914427 0.0092539 0.9927485
1740547695.611567 0.4265993 -0.7090499 6.1157031 -0.0764055 -0.0948273 0.0085113 0.9925209
1740547695.720393 0.4427426 -0.7079158 6.1237264 -0.0745141 -0.0995496 0.0086094 0.9922013
1740547695.831882 0.4553312 -0.7108160 6.1389046 -0.0755920 -0.1038166 0.0085346 0.9916830
1740547695.941026 0.4622042 -0.7017210 6.1493487 -0.0754899 -0.1076049 0.0073552 0.9912964
1740547696.053957 0.4705555 -0.7013871 6.1500731 -0.0728883 -0.1116919 0.0075905 0.9910371
1740547696.277114 0.4997293 -0.6981180 6.1872802 -0.0700764 -0.1200396 0.0084484 0.9902568
1740547696.387043 0.5139678 -0.6925021 6.1905794 -0.0686175 -0.1247553 0.0086365 0.9897743
1740547696.510245 0.5257682 -0.6959121 6.1975646 -0.0686885 -0.1301968 0.0083362 0.9890709
1740547696.609576 0.5383329 -0.6868278 6.2147589 -0.0679987 -0.1351084 0.0089630 0.9884541
1740547696.711924 0.5522476 -0.6800556 6.2263179 -0.0670498 -0.1398783 0.0091071 0.9878540
1740547696.823182 0.5647821 -0.6750724 6.2367921 -0.0666893 -0.1446520 0.0087936 0.9871935
1740547696.921903 0.5787482 -0.6794720 6.2486091 -0.0680191 -0.1502755 0.0087119 0.9862630
1740547697.036489 0.5902855 -0.6802213 6.2512102 -0.0678889 -0.1558848 0.0087378 0.9854008
1740547697.138133 0.5955279 -0.6746928 6.2563477 -0.0680434 -0.1610337 0.0082398 0.9845661
1740547697.257378 0.6114962 -0.6755266 6.2698131 -0.0690169 -0.1666987 0.0082464 0.9835549
1740547697.358069 0.6213021 -0.6737130 6.2745872 -0.0688269 -0.1715276 0.0080917 0.9827389
1740547697.459527 0.6301250 -0.6741483 6.2805476 -0.0679278 -0.1763282 0.0085286 0.9819478
1740547697.568618 0.6425602 -0.6660136 6.2926435 -0.0661256 -0.1801818 0.0094247 0.9813629
1740547697.673267 0.6592536 -0.6703953 6.2932429 -0.0667184 -0.1852961 0.0093134 0.9803710
1740547697.790122 0.6721078 -0.6721277 6.2943974 -0.0670660 -0.1901773 0.0095792 0.9794095
1740547697.890287 0.6769185 -0.6747199 6.3070936 -0.0691152 -0.1934262 0.0089601 0.9786364
1740547698.008830 0.6986316 -0.6806040 6.3059483 -0.0689728 -0.1989660 0.0092894 0.9775321
1740547698.109653 0.7071080 -0.6705122 6.3052635 -0.0675551 -0.2031914 0.0091542 0.9767629
1740547698.212665 0.7220811 -0.6738130 6.3028460 -0.0674095 -0.2081453 0.0092689 0.9757282
1740547698.323912 0.7338349 -0.6741962 6.3071609 -0.0686920 -0.2134820 0.0083584 0.9744932
1740547698.424075 0.7409800 -0.6758793 6.3179135 -0.0706373 -0.2177475 0.0077070 0.9734151
1740547698.539238 0.7455730 -0.6734715 6.3215594 -0.0695198 -0.2200451 0.0089431 0.9729683
1740547698.643833 0.7498592 -0.6670216 6.3250136 -0.0683397 -0.2219785 0.0080226 0.9726206
1740547698.754777 0.7498442 -0.6662152 6.3269897 -0.0692757 -0.2245613 0.0069248 0.9719697
1740547698.859362 0.7483081 -0.6689377 6.3322496 -0.0717116 -0.2265403 0.0046771 0.9713470
1740547698.962923 0.7565733 -0.6688005 6.3286719 -0.0670945 -0.2269384 0.0082194 0.9715605
1740547699.071789 0.7580478 -0.6635273 6.3314776 -0.0663400 -0.2268777 0.0092523 0.9716172
1740547699.175311 0.7664546 -0.6668634 6.3361630 -0.0677510 -0.2302141 0.0078609 0.9707469
1740547699.291489 0.7670009 -0.6544316 6.3346052 -0.0631046 -0.2301221 0.0087480 0.9710742
1740547699.393036 0.7699636 -0.6501468 6.3392539 -0.0633185 -0.2312994 0.0092988 0.9707754
1740547699.508975 0.7684066 -0.6446424 6.3370638 -0.0602863 -0.2307294 0.0103569 0.9710934
1740547699.610952 0.7684625 -0.6479940 6.3467174 -0.0625518 -0.2329620 0.0094916 0.9704257
1740547699.714931 0.7573433 -0.6413602 6.3612351 -0.0608828 -0.2313484 0.0100151 0.9709125
1740547699.828299 0.7540762 -0.6337668 6.3670349 -0.0575855 -0.2304748 0.0112490 0.9713078
1740547699.933484 0.7467703 -0.6294775 6.3740382 -0.0559374 -0.2282217 0.0112048 0.9719364
1740547700.045941 0.7385828 -0.6225234 6.3977709 -0.0543088 -0.2274978 0.0119929 0.9721890
1740547700.150765 0.7274177 -0.6154858 6.4116282 -0.0510963 -0.2264916 0.0128654 0.9725869
1740547700.369691 0.7389686 -0.6230549 6.4262547 -0.0556586 -0.2336696 0.0103900 0.9706661
1740547700.473763 0.7404971 -0.6238521 6.4406052 -0.0558800 -0.2348897 0.0103683 0.9703591
1740547700.590488 0.7368079 -0.6174113 6.4628510 -0.0573407 -0.2365300 0.0094724 0.9698845
1740547700.700204 0.7270246 -0.6136633 6.4717779 -0.0539085 -0.2346745 0.0112639 0.9705127
1740547700.825137 0.7115607 -0.6159825 6.4829750 -0.0544028 -0.2333410 0.0113390 0.9708058
1740547700.934264 0.7085935 -0.6203926 6.5069122 -0.0571020 -0.2348368 0.0100305 0.9703043
1740547701.046437 0.7007327 -0.6181955 6.5372777 -0.0564446 -0.2339693 0.0099909 0.9705527
1740547701.264837 0.6462866 -0.6116509 6.5724845 -0.0531040 -0.2308956 0.0102879 0.9714738
1740547701.377024 0.6135165 -0.6077625 6.5977845 -0.0532121 -0.2303450 0.0109052 0.9715919
1740547701.488949 0.6058228 -0.6118502 6.6220627 -0.0557444 -0.2317184 0.0111880 0.9711200
1740547701.611844 0.5980843 -0.6140533 6.6553679 -0.0572278 -0.2324117 0.0114596 0.9708648
1740547701.721675 0.5918739 -0.6125052 6.6883073 -0.0565636 -0.2324719 0.0113948 0.9708901
1740547701.837667 0.5831213 -0.6118622 6.7232089 -0.0573826 -0.2333264 0.0115869 0.9706348
1740547701.946520 0.5729998 -0.6143001 6.7603817 -0.0578233 -0.2352117 0.0111956 0.9701580
1740547702.062014 0.5568011 -0.6145800 6.7860355 -0.0575005 -0.2341635 0.0116844 0.9704250
1740547702.172959 0.5306391 -0.6174740 6.8239269 -0.0577227 -0.2351079 0.0121249 0.9701780
1740547702.398209 0.4733472 -0.6034917 6.9277229 -0.0555547 -0.2374755 0.0120463 0.9697288
1740547702.514078 0.4483145 -0.5958180 6.9750524 -0.0548676 -0.2388151 0.0121461 0.9694377
1740547702.627283 0.4274836 -0.6002638 7.0207911 -0.0561713 -0.2402663 0.0122986 0.9690024
1740547702.738588 0.3825282 -0.6032543 7.0519276 -0.0566292 -0.2404203 0.0126045 0.9689336
1740547702.969489 0.3417394 -0.5861465 7.1589365 -0.0564963 -0.2440493 0.0127299 0.9680321
1740547703.092282 0.3142669 -0.5834624 7.2134118 -0.0570340 -0.2457410 0.0121301 0.9675801
1740547703.201339 0.2849555 -0.5812905 7.2559624 -0.0580435 -0.2470111 0.0120059 0.9671982
1740547703.329646 0.2601210 -0.5826814 7.3040528 -0.0594193 -0.2485776 0.0115992 0.9667181
1740547703.441131 0.2342635 -0.5821506 7.3502445 -0.0607808 -0.2501075 0.0112778 0.9662426
1740547703.559628 0.1975070 -0.5721266 7.3924513 -0.0612301 -0.2510500 0.0115758 0.9659662
1740547703.668336 0.1549504 -0.5646337 7.4312739 -0.0621059 -0.2519206 0.0111716 0.9656884
1740547703.793098 0.1187486 -0.5562661 7.4711328 -0.0630320 -0.2532502 0.0111050 0.9652813
1740547703.908026 0.0773842 -0.5588892 7.5124578 -0.0640931 -0.2543562 0.0105944 0.9649263
1740547704.027017 0.0796261 -0.5334397 7.5683570 -0.0645830 -0.2572127 0.0101769 0.9641406
1740547704.134613 0.0472209 -0.5173799 7.6127720 -0.0643459 -0.2586817 0.0101427 0.9637637
1740547704.251799 0.0326249 -0.5203282 7.6687922 -0.0648762 -0.2611437 0.0095711 0.9630699
1740547704.364709 0.0092356 -0.5234057 7.7137384 -0.0649213 -0.2628252 0.0092602 0.9626123
1740547704.474715 -0.0230551 -0.5033251 7.7483363 -0.0640171 -0.2634867 0.0102789 0.9624816
1740547704.589622 -0.0551496 -0.4857163 7.7973151 -0.0626003 -0.2657199 0.0114519 0.9619476
1740547704.723707 -0.0793452 -0.4681849 7.8520021 -0.0607376 -0.2681245 0.0119820 0.9613931
1740547704.838596 -0.1094922 -0.4636441 7.8988447 -0.0583508 -0.2700500 0.0126495 0.9609933
1740547704.942706 -0.1324380 -0.4640788 7.9442954 -0.0564012 -0.2720279 0.0130828 0.9605460
1740547705.053898 -0.1673460 -0.4646924 7.9888463 -0.0535524 -0.2740800 0.0141297 0.9601108
1740547705.158131 -0.2015901 -0.4733250 8.0247517 -0.0507242 -0.2754571 0.0150115 0.9598569
1740547705.375806 -0.2912955 -0.4860915 8.0963507 -0.0441314 -0.2782823 0.0175082 0.9593252
1740547705.480448 -0.3100474 -0.4897147 8.1558275 -0.0401958 -0.2813754 0.0184755 0.9585775
1740547705.592999 -0.3430913 -0.4981958 8.2013006 -0.0367562 -0.2834798 0.0192561 0.9580801
1740547705.695673 -0.3857197 -0.5005325 8.2375622 -0.0327156 -0.2848205 0.0205921 0.9578011
1740547705.805924 -0.4076521 -0.4868428 8.2877092 -0.0286410 -0.2870815 0.0220913 0.9572231
1740547705.910769 -0.4401505 -0.4822767 8.3261690 -0.0255222 -0.2887692 0.0235840 0.9567679
1740547706.024906 -0.4667344 -0.4739733 8.3658276 -0.0212494 -0.2899866 0.0249205 0.9564702
1740547706.127838 -0.4985856 -0.4906710 8.4081507 -0.0181389 -0.2914381 0.0253110 0.9560827
1740547706.231180 -0.5272371 -0.4930488 8.4656906 -0.0144538 -0.2942851 0.0265034 0.9552408
1740547706.342360 -0.5580194 -0.4936419 8.5126610 -0.0111993 -0.2960513 0.0276525 0.9547060
1740547706.442184 -0.6000048 -0.4987762 8.5498142 -0.0080017 -0.2969353 0.0286615 0.9544339
1740547706.549174 -0.6300848 -0.5075290 8.5924435 -0.0055798 -0.2982048 0.0292941 0.9540359
1740547706.765183 -0.6899351 -0.5120565 8.6973705 0.0009181 -0.3013379 0.0308308 0.9530184
1740547706.869400 -0.7209545 -0.5054226 8.7361898 0.0029759 -0.3020063 0.0318703 0.9527684
1740547706.974280 -0.7594531 -0.5101854 8.7801867 0.0052247 -0.3030195 0.0327014 0.9524089
1740547707.185289 -0.8179693 -0.5138059 8.8728542 0.0091352 -0.3045285 0.0340531 0.9518505
1740547707.297175 -0.8525904 -0.5134113 8.9206333 0.0109741 -0.3052015 0.0346067 0.9515955
1740547707.515834 -0.9083887 -0.5150746 9.0138836 0.0140632 -0.3059781 0.0356659 0.9512663
1740547707.621950 -0.9483863 -0.5271181 9.0555000 0.0150123 -0.3059440 0.0354625 0.9512703
1740547707.935952 -1.0487703 -0.5495800 9.1851559 0.0188075 -0.3048673 0.0368682 0.9514951
1740547708.047963 -1.0733812 -0.5592963 9.2320938 0.0192190 -0.3045006 0.0369430 0.9516014
1740547708.153169 -1.1074742 -0.5627390 9.2757397 0.0201717 -0.3035634 0.0373543 0.9518651
1740547708.474644 -1.2117999 -0.5652350 9.4090290 0.0225323 -0.2993636 0.0383259 0.9531028
1740547708.581002 -1.2418947 -0.5646016 9.4564867 0.0234665 -0.2978271 0.0386976 0.9535465
1740547708.685925 -1.2774127 -0.5751017 9.4981432 0.0240577 -0.2958103 0.0387256 0.9541582
1740547709.016223 -1.3687742 -0.5795746 9.6351871 0.0268635 -0.2899350 0.0401683 0.9558256
1740547709.224515 -1.4173207 -0.5884196 9.7351284 0.0296425 -0.2863785 0.0408535 0.9567862
1740547709.436450 -1.4708600 -0.5887911 9.8307581 0.0331871 -0.2827647 0.0418387 0.9577016
1740547709.549533 -1.4967833 -0.5958407 9.8812389 0.0354775 -0.2813959 0.0425738 0.9579902
1740547709.875197 -1.5724187 -0.6068182 10.0276423 0.0437471 -0.2778691 0.0448574 0.9585733
1740547710.085158 -1.6257660 -0.6155196 10.1242590 0.0511411 -0.2764612 0.0474188 0.9584911
1740547710.193678 -1.6545027 -0.6270722 10.1703377 0.0547721 -0.2762010 0.0483696 0.9583180
1740547710.403363 -1.7044454 -0.6502676 10.2647676 0.0629564 -0.2762826 0.0505306 0.9576801
1740547710.516914 -1.7415066 -0.6644268 10.3059921 0.0674697 -0.2759318 0.0520496 0.9573925
1740547710.725680 -1.8074989 -0.6959698 10.3967266 0.0765595 -0.2759477 0.0544980 0.9565676
1740547710.943378 -1.8678124 -0.7308857 10.4813528 0.0856748 -0.2761198 0.0567516 0.9556134
1740547711.049167 -1.9021392 -0.7470567 10.5232782 0.0899702 -0.2759602 0.0583314 0.9551695
1740547711.267987 -1.9554635 -0.7814848 10.6137228 0.0981989 -0.2756587 0.0605681 0.9543065
1740547711.377179 -1.9856588 -0.8006588 10.6571350 0.1019465 -0.2748659 0.0619160 0.9540556
1740547711.582304 -2.0478277 -0.8461514 10.7410364 0.1077634 -0.2725089 0.0635977 0.9539818
1740547711.685410 -2.0842824 -0.8699569 10.7777414 0.1100903 -0.2706341 0.0649476 0.9541588
1740547711.900941 -2.1356199 -0.8997252 10.8669376 0.1148314 -0.2662550 0.0668015 0.9547039
1740547712.011038 -2.1598105 -0.9086651 10.9179058 0.1171183 -0.2636640 0.0680642 0.9550560
1740547712.216859 -2.2145584 -0.9370695 11.0099087 0.1202302 -0.2568272 0.0694478 0.9564316
1740547712.334538 -2.2398267 -0.9429719 11.0576954 0.1214915 -0.2529916 0.0703814 0.9572260
1740547712.439320 -2.2623658 -0.9481167 11.1077414 0.1227276 -0.2489095 0.0716280 0.9580457
1740547712.549392 -2.2694926 -0.9603807 11.1535053 0.1237912 -0.2457175 0.0724783 0.9586686
1740547712.652149 -2.2952065 -0.9730356 11.1986256 0.1253218 -0.2414981 0.0735649 0.9594589
1740547712.756566 -2.3163836 -0.9868165 11.2509584 0.1264319 -0.2367906 0.0740025 0.9604524
1740547712.868416 -2.3364272 -0.9978594 11.3026094 0.1282462 -0.2323741 0.0749559 0.9612163
1740547712.972401 -2.3438964 -1.0209708 11.3531637 0.1289794 -0.2284934 0.0758412 0.9619788
1740547713.089364 -2.3564184 -1.0397440 11.4016981 0.1307948 -0.2246834 0.0771264 0.9625288
1740547713.192698 -2.3773015 -1.0637509 11.4493895 0.1325740 -0.2204388 0.0780675 0.9631907
1740547713.298497 -2.4022846 -1.0720932 11.4959564 0.1348974 -0.2162877 0.0784320 0.9637794
1740547713.402381 -2.4325104 -1.0855863 11.5427475 0.1375562 -0.2116701 0.0796483 0.9643289
1740547713.506127 -2.4292831 -1.1237094 11.5888023 0.1384812 -0.2094612 0.0805152 0.9646068
1740547713.615260 -2.4520519 -1.1400527 11.6327295 0.1412653 -0.2061008 0.0817623 0.9648220
1740547713.717242 -2.4870970 -1.1569128 11.6827183 0.1442248 -0.2021186 0.0828680 0.9651322
1740547713.828000 -2.4894922 -1.1775427 11.7315569 0.1469174 -0.2000417 0.0835053 0.9651039
1740547713.925848 -2.5088394 -1.1996641 11.7755766 0.1496246 -0.1976063 0.0843845 0.9651132
1740547714.033796 -2.5367458 -1.2167369 11.8218975 0.1529170 -0.1949245 0.0859039 0.9650085
1740547714.137431 -2.5539992 -1.2276556 11.8750954 0.1562575 -0.1928101 0.0864977 0.9648451
1740547714.240178 -2.5699704 -1.2450835 11.9153738 0.1595081 -0.1916632 0.0881843 0.9643889
1740547714.344323 -2.5723381 -1.2588987 11.9716444 0.1631654 -0.1905634 0.0888725 0.9639317
1740547714.445933 -2.5999982 -1.2717754 12.0213966 0.1676988 -0.1883553 0.0902658 0.9634581
1740547714.556216 -2.6151516 -1.2969525 12.0698242 0.1720439 -0.1871656 0.0913311 0.9628232
1740547714.660105 -2.6255445 -1.3149309 12.1186895 0.1764883 -0.1859538 0.0919630 0.9621933
1740547714.758847 -2.6371784 -1.3353994 12.1659908 0.1811551 -0.1849842 0.0930120 0.9614117
1740547714.874691 -2.6590152 -1.3646336 12.2134533 0.1862949 -0.1830600 0.0946762 0.9606350
1740547714.977849 -2.6798031 -1.3976756 12.2466946 0.1907423 -0.1820368 0.0963242 0.9597925
1740547715.096019 -2.6942205 -1.4248116 12.2862492 0.1958832 -0.1807483 0.0979527 0.9588353
1740547715.195235 -2.7025692 -1.4451940 12.3447952 0.2029292 -0.1792670 0.0985037 0.9575908
1740547715.304425 -2.6947272 -1.4832563 12.3839750 0.2082074 -0.1792817 0.0997925 0.9563206
1740547715.408254 -2.7183342 -1.5176002 12.4233694 0.2136706 -0.1770986 0.1012334 0.9553705
1740547715.508852 -2.7332182 -1.5428432 12.4705687 0.2203614 -0.1755455 0.1022172 0.9540316
1740547715.617997 -2.7434211 -1.5783319 12.5081043 0.2258424 -0.1743451 0.1040512 0.9527709
1740547715.719474 -2.7634938 -1.6200037 12.5387125 0.2311273 -0.1728631 0.1059744 0.9515608
1740547715.827971 -2.7730610 -1.6431801 12.5944138 0.2380472 -0.1711316 0.1067626 0.9500786
1740547715.926109 -2.7842171 -1.6793036 12.6282997 0.2429601 -0.1700070 0.1082463 0.9488682
1740547716.035582 -2.7981374 -1.7113817 12.6724901 0.2481289 -0.1683404 0.1091122 0.9477279
1740547716.140703 -2.8088505 -1.7432204 12.7159443 0.2535236 -0.1668721 0.1103551 0.9464150
1740547716.241674 -2.8268144 -1.7773389 12.7571945 0.2584475 -0.1652496 0.1117141 0.9452076
1740547716.346218 -2.8348370 -1.8050257 12.8041391 0.2626942 -0.1640065 0.1124359 0.9441673
1740547716.446322 -2.8635082 -1.8440651 12.8416834 0.2671713 -0.1620427 0.1144953 0.9430019
1740547716.551270 -2.8634670 -1.8721604 12.8910265 0.2713306 -0.1609581 0.1148837 0.9419522
1740547716.654867 -2.8765187 -1.9070538 12.9351559 0.2755973 -0.1595019 0.1160246 0.9408207
1740547716.757760 -2.8817172 -1.9455239 12.9728832 0.2787650 -0.1585704 0.1167848 0.9399505
1740547716.867722 -2.8981647 -1.9794042 13.0180855 0.2826016 -0.1568364 0.1177519 0.9389746
1740547717.078551 -2.9244843 -2.0440152 13.1046467 0.2893651 -0.1542376 0.1193656 0.9371395
1740547717.287931 -2.9570270 -2.0943656 13.1969795 0.2956159 -0.1519332 0.1211648 0.9353324
1740547717.493228 -2.9852090 -2.1484914 13.2884722 0.3027058 -0.1488510 0.1228645 0.9333365
1740547717.597599 -3.0029976 -2.1868336 13.3193254 0.3058040 -0.1471520 0.1241171 0.9324297
1740547717.805482 -3.0032871 -2.2596755 13.4104280 0.3137410 -0.1444728 0.1253788 0.9300401
1740547717.911818 -3.0092609 -2.2992818 13.4483366 0.3178844 -0.1427221 0.1263325 0.9287734
1740547718.010310 -3.0241208 -2.3441653 13.4800224 0.3222335 -0.1405812 0.1277774 0.9274025
1740547718.219655 -3.0425200 -2.4181638 13.5626173 0.3323240 -0.1360925 0.1303401 0.9241489
1740547718.327826 -3.0449224 -2.4538727 13.6024694 0.3374980 -0.1341277 0.1315839 0.9223831
1740547718.539552 -3.0607376 -2.5246289 13.6882763 0.3494178 -0.1287035 0.1344110 0.9183007
1740547718.646536 -3.0646634 -2.5663879 13.7264223 0.3549753 -0.1261625 0.1361193 0.9162681
1740547718.851720 -3.0850143 -2.6488276 13.7980490 0.3675588 -0.1200358 0.1395794 0.9115973
1740547719.068089 -3.0832829 -2.7333355 13.8696241 0.3800758 -0.1143084 0.1426493 0.9067124
1740547719.170469 -3.0852654 -2.7824483 13.8965015 0.3857357 -0.1110737 0.1444289 0.9044396
1740547719.386325 -3.0850303 -2.8693624 13.9656315 0.3984102 -0.1046323 0.1478667 0.8991423
1740547719.488912 -3.0896955 -2.9160211 13.9970875 0.4043401 -0.1010045 0.1497282 0.8965984
1740547719.712398 -3.0852132 -3.0028098 14.0680389 0.4165606 -0.0945565 0.1529128 0.8911532
1740547719.925116 -3.0779133 -3.0948701 14.1279984 0.4272994 -0.0887171 0.1559872 0.8861222
1740547720.147274 -3.0697465 -3.1846623 14.1930628 0.4378270 -0.0828804 0.1586033 0.8810694
1740547720.365375 -3.0596707 -3.2759109 14.2551746 0.4479495 -0.0774837 0.1614842 0.8759340
1740547720.580726 -3.0592794 -3.3711908 14.3136368 0.4574733 -0.0718722 0.1642919 0.8709539
1740547720.794841 -3.0527608 -3.4608908 14.3766193 0.4671753 -0.0668780 0.1664399 0.8657785
1740547721.011500 -3.0467534 -3.5575531 14.4331198 0.4768707 -0.0621088 0.1688064 0.8603727
1740547721.224678 -3.0340769 -3.6487007 14.4977474 0.4870745 -0.0585758 0.1703682 0.8545771
1740547721.760131 -3.0062721 -3.8889587 14.6344109 0.5163198 -0.0507106 0.1734814 0.8371060
1740547722.511632 -2.9444938 -4.2537541 14.7364616 0.5632258 -0.0443536 0.1744513 0.8064590
1740547723.349156 -2.8720655 -4.6785741 14.8481045 0.6090254 -0.0455478 0.1693248 0.7735261
1740547723.865292 -2.8588719 -4.9520669 14.8937683 0.6299230 -0.0498755 0.1639059 0.7575251
1740547724.263312 -2.8307459 -5.1732163 14.9105721 0.6428738 -0.0524577 0.1596483 0.7473111
1740547724.466580 -2.8222017 -5.2824998 14.9128990 0.6484231 -0.0529266 0.1579494 0.7428313
1740547724.767456 -2.8005753 -5.4442153 14.9343014 0.6568145 -0.0543035 0.1558266 0.7357744
1740547724.971961 -2.8007483 -5.5459185 14.9228096 0.6603681 -0.0536691 0.1551536 0.7327762
1740547725.187521 -2.8089118 -5.6456137 14.9160881 0.6645123 -0.0525474 0.1549506 0.7291450
1740547725.394332 -2.8046896 -5.7560444 14.9110374 0.6686884 -0.0535628 0.1516146 0.7259476
1740547725.597632 -2.8039408 -5.8594170 14.9082870 0.6719731 -0.0555556 0.1483518 0.7234345
1740547725.798257 -2.7922859 -5.9583502 14.9036016 0.6753225 -0.0583736 0.1458754 0.7205917
1740547725.898672 -2.7930646 -6.0012798 14.8982372 0.6765571 -0.0593197 0.1451684 0.7194983
1740547725.996966 -2.7908568 -6.0520048 14.8941031 0.6779951 -0.0610458 0.1430131 0.7184311
1740547726.101600 -2.7893355 -6.1074123 14.8870058 0.6790276 -0.0634249 0.1397138 0.7178990
1740547726.200859 -2.7937787 -6.1569195 14.8834362 0.6797761 -0.0655500 0.1370023 0.7175222
1740547726.308717 -2.7927930 -6.2144575 14.8819675 0.6803477 -0.0693279 0.1336673 0.7172543
1740547726.512236 -2.7915175 -6.3289690 14.8814602 0.6827279 -0.0769975 0.1253641 0.7157080
1740547726.620187 -2.7938263 -6.3864479 14.8778133 0.6828508 -0.0816967 0.1202579 0.7159459
1740547726.720132 -2.8017645 -6.4417334 14.8721056 0.6829938 -0.0856843 0.1155293 0.7161219
1740547726.927492 -2.8068857 -6.5288115 14.8656130 0.6830148 -0.0938097 0.1076296 0.7163145
1740547727.026403 -2.8169765 -6.5771666 14.8638859 0.6834431 -0.0979021 0.1032666 0.7160005
1740547727.137120 -2.8160722 -6.6344628 14.8600426 0.6838324 -0.1030691 0.0980091 0.7156425
1740547727.238878 -2.8174117 -6.6847625 14.8572540 0.6842155 -0.1086818 0.0921941 0.7152185
1740547727.345676 -2.8208227 -6.7381725 14.8561306 0.6845591 -0.1138742 0.0864781 0.7147958
1740547727.444239 -2.8227451 -6.7935910 14.8517580 0.6846439 -0.1190650 0.0808442 0.7145281
1740547727.546525 -2.8234594 -6.8486013 14.8545437 0.6855959 -0.1249135 0.0757926 0.7131692
1740547727.647707 -2.8294744 -6.9054012 14.8532772 0.6867891 -0.1297494 0.0705202 0.7116971
1740547727.747377 -2.8407393 -6.9596362 14.8550901 0.6879624 -0.1343828 0.0663455 0.7101038
1740547727.853377 -2.8534544 -7.0142140 14.8569365 0.6892356 -0.1392175 0.0620876 0.7083204
1740547728.064138 -2.8688569 -7.1216574 14.8564758 0.6916408 -0.1486518 0.0532970 0.7047660
1740547728.261575 -2.8835168 -7.2286577 14.8506336 0.6944669 -0.1561438 0.0461076 0.7008631
1740547728.475228 -2.9106474 -7.3370543 14.8405285 0.6993839 -0.1622636 0.0398935 0.6949397
1740547728.779648 -2.9400980 -7.4985266 14.8144569 0.7068061 -0.1702128 0.0326946 0.6858454
1740547728.983120 -2.9577959 -7.6090574 14.8029928 0.7122653 -0.1754507 0.0292318 0.6789998
1740547729.090355 -2.9662991 -7.6627092 14.7937355 0.7151279 -0.1776465 0.0276248 0.6754782
1740547729.196514 -2.9772234 -7.7179632 14.7833042 0.7175898 -0.1793009 0.0260692 0.6724853
1740547729.407458 -2.9943995 -7.8218908 14.7695408 0.7239563 -0.1832919 0.0242230 0.6646086
1740547729.823488 -3.0387051 -8.0392132 14.7204733 0.7320876 -0.1887321 0.0203572 0.6542274
1740547730.026643 -3.0611615 -8.1427059 14.6960297 0.7353138 -0.1908145 0.0188325 0.6500375
1740547730.333503 -3.1009264 -8.2984447 14.6564426 0.7396001 -0.1916807 0.0179596 0.6449245
1740547730.531785 -3.1381388 -8.3969135 14.6332102 0.7415054 -0.1913223 0.0180723 0.6428366
1740547730.730603 -3.1625247 -8.5045748 14.6170807 0.7426264 -0.1916648 0.0183650 0.6414307
1740547730.932014 -3.1803787 -8.6119566 14.6017475 0.7450805 -0.1928663 0.0180092 0.6382267
1740547731.133343 -3.2142491 -8.7160988 14.5815411 0.7462260 -0.1917232 0.0189918 0.6372036
1740547731.233331 -3.2366045 -8.7639952 14.5661488 0.7468774 -0.1908261 0.0192699 0.6367010
1740547731.434706 -3.2735667 -8.8632774 14.5484715 0.7483810 -0.1890746 0.0216103 0.6353816
1740547731.633270 -3.2965236 -8.9686232 14.5334244 0.7498758 -0.1878134 0.0227633 0.6339512
1740547731.733798 -3.2993426 -9.0120821 14.5254116 0.7498939 -0.1877549 0.0227625 0.6339473
1740547731.834083 -3.3144155 -9.0529680 14.5100346 0.7502487 -0.1858768 0.0241935 0.6340278
1740547731.933315 -3.3194447 -9.0997047 14.4905109 0.7500370 -0.1852360 0.0250484 0.6344326
1740547732.031905 -3.3265433 -9.1278172 14.4824409 0.7507925 -0.1846430 0.0259129 0.6336766
1740547732.142155 -3.3397684 -9.1584358 14.4665737 0.7516420 -0.1831228 0.0275355 0.6330419
1740547732.254878 -3.3491576 -9.1902170 14.4585285 0.7509005 -0.1816662 0.0280836 0.6343163
1740547732.364418 -3.3527715 -9.2121763 14.4409018 0.7517238 -0.1801387 0.0285341 0.6337564
1740547732.467136 -3.3528359 -9.2458601 14.4349699 0.7527683 -0.1804003 0.0285507 0.6324401
1740547732.573331 -3.3550642 -9.2775259 14.4270954 0.7533210 -0.1790784 0.0285130 0.6321594
1740547732.678101 -3.3645799 -9.2987356 14.4195623 0.7540460 -0.1770013 0.0304866 0.6317877
1740547732.778013 -3.3829217 -9.3222532 14.4192648 0.7551043 -0.1725279 0.0304508 0.6317629
1740547732.883824 -3.3885264 -9.3575754 14.4108391 0.7555866 -0.1714612 0.0310562 0.6314471
1740547732.985055 -3.3966436 -9.3932972 14.3987389 0.7552286 -0.1699060 0.0340128 0.6321431
1740547733.091208 -3.3931069 -9.4091835 14.3958130 0.7561755 -0.1691694 0.0342263 0.6311964
1740547733.199835 -3.4058368 -9.4401789 14.3913002 0.7573484 -0.1670719 0.0356140 0.6302713
1740547733.298152 -3.4048576 -9.4594479 14.3981028 0.7588464 -0.1657855 0.0355547 0.6288109
1740547733.410263 -3.4072185 -9.4709949 14.3843899 0.7580306 -0.1644543 0.0359256 0.6301221
1740547733.513938 -3.4096446 -9.4778214 14.3889494 0.7594966 -0.1616530 0.0358031 0.6290877
1740547733.628088 -3.4139037 -9.4896002 14.3880377 0.7597957 -0.1609670 0.0383169 0.6287543
1740547733.730695 -3.4087219 -9.5287571 14.3974552 0.7610346 -0.1602673 0.0379623 0.6274548
1740547733.834471 -3.4031370 -9.5724459 14.3802538 0.7607427 -0.1603740 0.0372805 0.6278223
1740547733.936723 -3.3985536 -9.5849943 14.3591318 0.7595255 -0.1603545 0.0384850 0.6292267
1740547734.038512 -3.3982971 -9.6048536 14.3720131 0.7616923 -0.1593738 0.0395162 0.6267882
1740547734.144541 -3.3954229 -9.6182222 14.3732929 0.7632408 -0.1584525 0.0398828 0.6251126
1740547734.248189 -3.3981009 -9.6262693 14.3700562 0.7626693 -0.1554828 0.0400123 0.6265458
1740547734.353834 -3.4036856 -9.6555882 14.3592958 0.7617794 -0.1549156 0.0416609 0.6276606
1740547734.455277 -3.3955169 -9.6710100 14.3403025 0.7612156 -0.1561974 0.0417905 0.6280180
1740547734.565411 -3.4042418 -9.7188711 14.3322906 0.7608312 -0.1541180 0.0438791 0.6288546
1740547734.665257 -3.4123442 -9.7512655 14.3363266 0.7618757 -0.1534779 0.0458660 0.6276037
1740547734.765311 -3.4116490 -9.7826958 14.3370609 0.7616475 -0.1541999 0.0481300 0.6275341
1740547734.882288 -3.4241261 -9.8042803 14.3354349 0.7613780 -0.1531454 0.0503282 0.6279467
1740547734.982555 -3.4258192 -9.8159475 14.3287983 0.7614354 -0.1500470 0.0513107 0.6285453
1740547735.086159 -3.4297938 -9.8582830 14.3216982 0.7619085 -0.1492446 0.0526130 0.6280553
1740547735.187986 -3.4245248 -9.8924999 14.3140306 0.7616339 -0.1493033 0.0540705 0.6282505
1740547735.292272 -3.4190111 -9.9162302 14.3183708 0.7621451 -0.1495416 0.0541663 0.6275653
1740547735.398731 -3.4255934 -9.9459515 14.3153934 0.7633770 -0.1484177 0.0574992 0.6260365
1740547735.499676 -3.4236171 -9.9786177 14.3108034 0.7636651 -0.1475729 0.0589868 0.6257463
1740547735.605729 -3.4287164 -10.0036373 14.3024511 0.7639779 -0.1470580 0.0609767 0.6252947
1740547735.707905 -3.4244270 -10.0450430 14.3015137 0.7646357 -0.1473870 0.0626024 0.6242517
1740547735.822937 -3.4287624 -10.0800333 14.3001585 0.7662672 -0.1466186 0.0651884 0.6221640
1740547735.920893 -3.4227178 -10.1106091 14.3006210 0.7674559 -0.1471277 0.0665619 0.6204308
1740547736.023025 -3.4328520 -10.1513929 14.2817411 0.7668473 -0.1453711 0.0688096 0.6213515
1740547736.140787 -3.4396641 -10.1564217 14.2652740 0.7662278 -0.1461117 0.0717821 0.6216056
1740547736.242007 -3.4356985 -10.1801453 14.2622442 0.7663782 -0.1447386 0.0713085 0.6217960
1740547736.350868 -3.4390335 -10.2059584 14.2629614 0.7679335 -0.1454097 0.0734788 0.6194635
1740547736.452674 -3.4481771 -10.2316103 14.2613144 0.7677690 -0.1455888 0.0751841 0.6194208
1740547736.553182 -3.4539485 -10.2775745 14.2422981 0.7665917 -0.1436328 0.0772604 0.6210778
1740547736.658601 -3.4609072 -10.3264561 14.2403440 0.7676554 -0.1420590 0.0786732 0.6199475
1740547736.761165 -3.4522982 -10.3720055 14.2438936 0.7686881 -0.1415547 0.0790059 0.6187399
1740547736.867745 -3.4566207 -10.4084282 14.2347841 0.7691041 -0.1408921 0.0795357 0.6183060
1740547736.969331 -3.4560404 -10.4302416 14.2062578 0.7676711 -0.1401541 0.0814571 0.6200022
1740547737.084899 -3.4509535 -10.4771662 14.1947966 0.7680750 -0.1395210 0.0822418 0.6195409
1740547737.188762 -3.4514890 -10.5164909 14.1882343 0.7683816 -0.1388370 0.0836288 0.6191286
1740547737.292264 -3.4627960 -10.5615721 14.1802616 0.7684036 -0.1374953 0.0861157 0.6190598
1740547737.401649 -3.4544184 -10.6015692 14.1650085 0.7675067 -0.1379176 0.0858671 0.6201122
1740547737.502520 -3.4570794 -10.6473026 14.1537762 0.7680079 -0.1366467 0.0873779 0.6195616
1740547737.614866 -3.4486318 -10.6894398 14.1464539 0.7680361 -0.1365852 0.0875085 0.6195219
1740547737.715839 -3.4528313 -10.7364998 14.1264353 0.7673228 -0.1354648 0.0889848 0.6204408
1740547737.824125 -3.4548876 -10.7804651 14.1170769 0.7675776 -0.1337107 0.0895998 0.6204176
1740547737.934561 -3.4557164 -10.8300200 14.1126289 0.7678527 -0.1332949 0.0909767 0.6199662
1740547738.036210 -3.4442024 -10.8698120 14.0999022 0.7679512 -0.1335382 0.0907178 0.6198297
1740547738.145295 -3.4476562 -10.9215040 14.0748730 0.7673621 -0.1323594 0.0918079 0.6206511
1740547738.246923 -3.4467616 -10.9782763 14.0742760 0.7679868 -0.1315456 0.0930518 0.6198655
1740547738.352902 -3.4466681 -11.0359354 14.0542850 0.7676708 -0.1302810 0.0953770 0.6201707
1740547738.455295 -3.4541345 -11.0826769 14.0402994 0.7681134 -0.1287990 0.0971978 0.6196493
1740547738.556809 -3.4440072 -11.1338663 14.0415936 0.7699452 -0.1279758 0.0982009 0.6173841
1740547738.665016 -3.4383845 -11.1905489 14.0376749 0.7711983 -0.1272947 0.0991535 0.6158066
1740547738.761377 -3.4400270 -11.2462740 14.0201368 0.7711060 -0.1261323 0.1003362 0.6159698
1740547738.867600 -3.4388132 -11.2994099 14.0104122 0.7722083 -0.1252870 0.1017275 0.6145315
1740547738.965317 -3.4420261 -11.3521547 13.9953508 0.7735453 -0.1242270 0.1034496 0.6127753
1740547739.285311 -3.4373162 -11.5114841 13.9542799 0.7776662 -0.1211376 0.1066622 0.6076055
1740547739.402984 -3.4364426 -11.5660124 13.9419270 0.7791858 -0.1204591 0.1079114 0.6055693
1740547739.504555 -3.4304597 -11.6177168 13.9353724 0.7809424 -0.1191152 0.1088430 0.6034018
1740547739.717844 -3.4269216 -11.7265806 13.8999186 0.7841365 -0.1165708 0.1121374 0.5991380
1740547739.816657 -3.4270964 -11.7771263 13.8811255 0.7863523 -0.1150286 0.1135320 0.5962626
1740547740.028649 -3.4113908 -11.8809280 13.8420515 0.7892802 -0.1133566 0.1164059 0.5921459
1740547740.134017 -3.4108958 -11.9314814 13.8227568 0.7908769 -0.1118609 0.1187963 0.5898206
1740547740.345757 -3.4015751 -12.0354929 13.7974901 0.7946127 -0.1094604 0.1208992 0.5848012
1740547740.451222 -3.3949165 -12.0892973 13.7744045 0.7962109 -0.1078103 0.1231771 0.5824540
1740547740.656455 -3.3858957 -12.1959124 13.7340269 0.7989268 -0.1037903 0.1276967 0.5784782
1740547740.873561 -3.3778317 -12.2945385 13.6939793 0.8014941 -0.1001067 0.1320029 0.5745965
1740547741.094715 -3.3726439 -12.3975258 13.6477480 0.8019216 -0.0959668 0.1377863 0.5733472
1740547741.299470 -3.3487267 -12.4950647 13.6072998 0.8018090 -0.0920264 0.1431902 0.5728263
1740547741.518755 -3.3275990 -12.5991325 13.5704622 0.8005793 -0.0880103 0.1494806 0.5735700
1740547741.730122 -3.3162293 -12.7050686 13.5308008 0.7977500 -0.0835832 0.1569350 0.5761772
1740547742.048286 -3.2696786 -12.8573341 13.4774895 0.7921111 -0.0765748 0.1670422 0.5820595
1740547742.258936 -3.2267804 -12.9591475 13.4700241 0.7867217 -0.0733447 0.1729261 0.5880359
1740547742.470062 -3.2106395 -13.0651217 13.4552469 0.7807421 -0.0694936 0.1784031 0.5947981
1740547742.679955 -3.1964543 -13.1753674 13.4381685 0.7744671 -0.0670557 0.1842079 0.6014747
1740547742.887224 -3.1701968 -13.2828608 13.4327230 0.7682524 -0.0642317 0.1885621 0.6083642
1740547743.099227 -3.1481903 -13.3905602 13.4223728 0.7621938 -0.0616730 0.1930575 0.6148056
1740547743.297417 -3.1254630 -13.4979477 13.4074965 0.7567961 -0.0597813 0.1965447 0.6205289
1740547743.835364 -3.0590420 -13.7628803 13.3878155 0.7466772 -0.0560374 0.2037121 0.6307412
1740547744.040954 -3.0354528 -13.8706179 13.3774519 0.7448139 -0.0541253 0.2066321 0.6321597
1740547744.258049 -3.0068803 -13.9786816 13.3698158 0.7442367 -0.0518588 0.2090039 0.6322498
1740547744.670934 -2.9528594 -14.1936531 13.3453884 0.7468905 -0.0455283 0.2144797 0.6277581
1740547744.887291 -2.9256344 -14.2975464 13.3260727 0.7495974 -0.0418747 0.2174126 0.6237644
1740547745.105922 -2.8892553 -14.4031906 13.3150969 0.7534769 -0.0380120 0.2203764 0.6182733
1740547745.413671 -2.8265035 -14.5546589 13.3002834 0.7608340 -0.0316007 0.2246850 0.6079882
1740547745.728824 -2.7740700 -14.7123260 13.2702217 0.7698295 -0.0228574 0.2307973 0.5946198
1740547745.939495 -2.7328548 -14.8117704 13.2425299 0.7765204 -0.0178471 0.2343849 0.5846035
1740547746.459939 -2.6424310 -15.0523615 13.1454601 0.7928494 -0.0012041 0.2458673 0.5576179
1740547746.666507 -2.5889120 -15.1349869 13.0901346 0.7979876 0.0058555 0.2516769 0.5475767
1740547746.873026 -2.5268168 -15.2169676 13.0417557 0.8024762 0.0131144 0.2579646 0.5378795
1740547747.183159 -2.4396462 -15.3477144 12.9879847 0.8071809 0.0243913 0.2684044 0.5251887
1740547747.607228 -2.3308506 -15.5328465 12.9348125 0.8092983 0.0387625 0.2839459 0.5127459
1740547748.133214 -2.1545525 -15.7270508 12.8403482 0.8062655 0.0541638 0.3044246 0.5043094
1740547748.768253 -1.9387264 -15.9787321 12.7437582 0.7989716 0.0672237 0.3240213 0.5021310
1740547749.611575 -1.6454124 -16.3008423 12.6118994 0.7895769 0.0785072 0.3417480 0.5036002
1740547750.437372 -1.3210564 -16.5885048 12.5219860 0.7856618 0.0750034 0.3448945 0.5080923
1740547750.749952 -1.2152734 -16.7097969 12.4832602 0.7843187 0.0731717 0.3450546 0.5103209
1740547751.054080 -1.1078854 -16.8337746 12.4477673 0.7838138 0.0700270 0.3429889 0.5129238
1740547751.373135 -1.0138006 -16.9635239 12.4310255 0.7853700 0.0690401 0.3396441 0.5129027
1740547751.684216 -0.9123325 -17.0775108 12.3636484 0.7819005 0.0633200 0.3385523 0.5196196
1740547751.879074 -0.8453383 -17.1517143 12.3503876 0.7823128 0.0614112 0.3346343 0.5217616
1740547752.179396 -0.7516742 -17.2754383 12.3234930 0.7826845 0.0553857 0.3313926 0.5239431
1740547752.375016 -0.6835084 -17.3101234 12.3275766 0.7826728 0.0541672 0.3257152 0.5276351
1740547752.568103 -0.6709862 -17.3357677 12.3296738 0.7827756 0.0527433 0.3239988 0.5286826
1740547752.762089 -0.6183043 -17.3195686 12.2877760 0.7813652 0.0491459 0.3188834 0.5341970
1740547752.960968 -0.6014800 -17.3199883 12.3130016 0.7823340 0.0462853 0.3173974 0.5339195
1740547753.158349 -0.5483088 -17.2945709 12.2767992 0.7820538 0.0371156 0.3132312 0.5374947
1740547753.348813 -0.4842315 -17.2901955 12.2900066 0.7849341 0.0314634 0.3059752 0.5378361
1740547753.552513 -0.4301629 -17.2558537 12.2502279 0.7839786 0.0252538 0.2997877 0.5430166
1740547753.751290 -0.3724556 -17.2354984 12.2143898 0.7839133 0.0203226 0.2929166 0.5470529
1740547754.040295 -0.3010039 -17.2221088 12.1647882 0.7823111 0.0138777 0.2861128 0.5531150
1740547754.238268 -0.2253919 -17.2167320 12.1799974 0.7849101 0.0070755 0.2771605 0.5541193
1740547754.440169 -0.1733418 -17.2120361 12.1826572 0.7873256 0.0007458 0.2700821 0.5542324
1740547754.639199 -0.1730819 -17.2318726 12.1753368 0.7868254 0.0019811 0.2712268 0.5543807
1740547754.936785 -0.0900440 -17.1471710 12.1528311 0.7874313 -0.0079750 0.2572996 0.5600762
1740547755.137524 -0.0745268 -17.1530552 12.1699886 0.7884278 -0.0142395 0.2546020 0.5597826
1740547755.238570 -0.0756350 -17.1686954 12.1708860 0.7887623 -0.0135544 0.2534559 0.5598485
1740547755.335093 -0.0670629 -17.1784019 12.1589594 0.7875940 -0.0142297 0.2551717 0.5606967
1740547755.439324 -0.0712304 -17.1850471 12.1681042 0.7893494 -0.0165148 0.2546098 0.5584162
1740547755.644071 -0.0941391 -17.1930428 12.1714001 0.7893202 -0.0169446 0.2582098 0.5567892
1740547755.745220 -0.0692010 -17.1835480 12.1512098 0.7881348 -0.0244239 0.2561023 0.5591589
1740547755.844549 -0.0731125 -17.1969910 12.1761656 0.7899595 -0.0202631 0.2546892 0.5573928
1740547756.047319 -0.0720758 -17.2099800 12.1597967 0.7877961 -0.0222436 0.2553683 0.5600621
1740547756.158862 -0.0744257 -17.1985397 12.1750498 0.7892616 -0.0269223 0.2548254 0.5580370
1740547756.254581 -0.0716910 -17.1933842 12.1651754 0.7887295 -0.0275174 0.2546470 0.5588411
1740547756.381377 -0.0705762 -17.2088375 12.1645241 0.7891538 -0.0247883 0.2525318 0.5593295
1740547756.476615 -0.0668106 -17.2145596 12.1647472 0.7895980 -0.0267826 0.2531237 0.5583423
1740547756.574972 -0.0592160 -17.2186375 12.1627064 0.7893361 -0.0275536 0.2500093 0.5600756
1740547756.686781 -0.0630774 -17.2292976 12.1632252 0.7894757 -0.0274823 0.2505905 0.5596225
1740547756.785011 -0.0569410 -17.2266655 12.1553640 0.7886652 -0.0290823 0.2501823 0.5608658
1740547756.890616 -0.0664840 -17.2234516 12.1620827 0.7896460 -0.0277601 0.2513832 0.5590127
1740547756.989255 -0.0605271 -17.2261562 12.1579647 0.7902424 -0.0309011 0.2508506 0.5582439
1740547757.085902 -0.0549269 -17.2265053 12.1635294 0.7913688 -0.0310374 0.2482577 0.5577995
1740547757.192562 -0.0552573 -17.2325821 12.1668568 0.7925817 -0.0287305 0.2453535 0.5574860
1740547757.290559 -0.0439587 -17.2349014 12.1654177 0.7923602 -0.0305368 0.2411924 0.5595168
1740547757.392948 -0.0437429 -17.2442799 12.1654377 0.7928968 -0.0316642 0.2428881 0.5579582
1740547757.493519 -0.0388303 -17.2461319 12.1602917 0.7924542 -0.0326802 0.2421146 0.5588639
1740547757.592628 -0.0361128 -17.2467403 12.1662807 0.7935763 -0.0325794 0.2391399 0.5585582
1740547757.700294 -0.0309706 -17.2502499 12.1668177 0.7935027 -0.0346068 0.2382040 0.5589407
1740547757.799753 -0.0236948 -17.2500477 12.1641760 0.7940379 -0.0337976 0.2349052 0.5596257
1740547757.909969 -0.0249507 -17.2692776 12.1647787 0.7958728 -0.0336769 0.2350408 0.5569633
1740547758.009286 -0.0170491 -17.2696533 12.1633596 0.7960685 -0.0356262 0.2341877 0.5569217
1740547758.109400 -0.0108604 -17.2684116 12.1695070 0.7968988 -0.0379964 0.2330857 0.5560392
1740547758.219587 -0.0131040 -17.2748013 12.1640196 0.7970338 -0.0385241 0.2327747 0.5559397
1740547758.316175 -0.0118718 -17.2809296 12.1724567 0.7977046 -0.0400502 0.2320927 0.5551544
1740547758.421816 -0.0117483 -17.2712612 12.1639729 0.7972855 -0.0398589 0.2305207 0.5564237
1740547758.519652 -0.0125475 -17.2785034 12.1617508 0.7969915 -0.0386234 0.2304542 0.5569594
1740547758.622684 -0.0089300 -17.2883415 12.1634359 0.7977559 -0.0391690 0.2299509 0.5560341
1740547758.722344 -0.0110784 -17.2766056 12.1672926 0.7970951 -0.0407013 0.2284048 0.5575070
1740547758.821949 -0.0059052 -17.2831593 12.1605577 0.7976458 -0.0409595 0.2267117 0.5573915
1740547758.923492 -0.0071762 -17.2809124 12.1669703 0.7982911 -0.0433106 0.2252097 0.5568987
1740547759.024832 0.0189307 -17.2730217 12.1519070 0.7967941 -0.0445762 0.2230136 0.5598188
1740547759.134058 -0.0005729 -17.2854404 12.1303787 0.7961292 -0.0454574 0.2253602 0.5597542
1740547759.229190 0.0324109 -17.2825108 12.1378088 0.7967378 -0.0438311 0.2200004 0.5611484
1740547759.327621 0.0260103 -17.2885208 12.1323576 0.7963501 -0.0451940 0.2208119 0.5612719
1740547759.434811 0.0522881 -17.2715683 12.0982990 0.7941856 -0.0467876 0.2174844 0.5654915
1740547759.532495 0.0936270 -17.2760944 12.1127243 0.7948744 -0.0499573 0.2137055 0.5656934
1740547759.641127 0.1116424 -17.2779236 12.1334972 0.7968475 -0.0498303 0.2092951 0.5645765
1740547759.740301 0.1147528 -17.2772675 12.1250725 0.7962208 -0.0517102 0.2084475 0.5656040
1740547759.839897 0.1411917 -17.2518349 12.1054888 0.7946056 -0.0545395 0.2060398 0.5684849
1740547759.946531 0.1376061 -17.2596264 12.0832167 0.7932479 -0.0537571 0.2071507 0.5700496
1740547760.042914 0.1820283 -17.2412548 12.0698690 0.7926200 -0.0572652 0.2018817 0.5724666
1740547760.143188 0.1780732 -17.2445679 12.0527983 0.7910366 -0.0590012 0.2043603 0.5735999
1740547760.247370 0.2396384 -17.2284069 12.0862150 0.7937837 -0.0628242 0.1950415 0.5726426
1740547760.448459 0.2024488 -17.2299690 12.0293407 0.7892433 -0.0645606 0.2024187 0.5761542
1740547760.548390 0.2069106 -17.2458553 12.0016441 0.7880757 -0.0654933 0.2030465 0.5774248
1740547760.652410 0.2023318 -17.2478790 11.9846992 0.7869366 -0.0626682 0.2011296 0.5799572
1740547760.749467 0.2056482 -17.2391853 11.9714069 0.7850929 -0.0662715 0.2019639 0.5817627
1740547760.846997 0.2260633 -17.2513351 11.9733486 0.7859647 -0.0667374 0.1996581 0.5813280
1740547760.948720 0.2712271 -17.2296867 11.9795780 0.7853550 -0.0727010 0.1949711 0.5830252
1740547761.046217 0.2820048 -17.2361450 11.9691620 0.7851292 -0.0735681 0.1951811 0.5831503
1740547761.147256 0.2816807 -17.2427559 11.9594879 0.7841532 -0.0760344 0.1953933 0.5840753
1740547761.245665 0.2821916 -17.2293987 11.9072342 0.7815076 -0.0760031 0.1946426 0.5878636
1740547761.341818 0.2709348 -17.2217541 11.9046574 0.7809154 -0.0760327 0.1955668 0.5883399
1740547761.445555 0.2799253 -17.2384129 11.9067726 0.7804007 -0.0769859 0.1941337 0.5893726
1740547761.541971 0.2983755 -17.2224751 11.8721790 0.7788473 -0.0794160 0.1938021 0.5912114
1740547761.640964 0.3291582 -17.2241402 11.8916149 0.7798535 -0.0826899 0.1916069 0.5901507
1740547761.741120 0.3473359 -17.2136536 11.8677025 0.7776570 -0.0867640 0.1904831 0.5928220
1740547761.839073 0.3286538 -17.2150154 11.8362408 0.7755283 -0.0874837 0.1936918 0.5944628
1740547761.945386 0.3516492 -17.2211475 11.8271389 0.7750409 -0.0886423 0.1899865 0.5961202
1740547762.042313 0.3407295 -17.2102451 11.8145790 0.7731273 -0.0895599 0.1919032 0.5978515
1740547762.141730 0.3453220 -17.2149467 11.8136139 0.7727603 -0.0887076 0.1902322 0.5989860
1740547762.241316 0.3710819 -17.2067032 11.7998238 0.7717442 -0.0918627 0.1897815 0.5999626
1740547762.336188 0.3720551 -17.2139587 11.7827797 0.7701203 -0.0912845 0.1892423 0.6023033
1740547762.441157 0.3969998 -17.1955414 11.7783928 0.7699089 -0.0935914 0.1857526 0.6033051
1740547762.535502 0.3803092 -17.1944599 11.7515011 0.7681147 -0.0950069 0.1886736 0.6044632
1740547762.651798 0.3958623 -17.1941071 11.7618008 0.7684130 -0.0965225 0.1865947 0.6044893
1740547762.746265 0.4038968 -17.1931019 11.7407856 0.7662960 -0.0965267 0.1849526 0.6076723
1740547762.843897 0.4132570 -17.1918335 11.7395134 0.7663885 -0.0956920 0.1819083 0.6086059
1740547762.947581 0.4100404 -17.1988697 11.7147865 0.7653786 -0.0969049 0.1832090 0.6092943
1740547763.043685 0.4117286 -17.1898251 11.6893425 0.7627082 -0.0972354 0.1822431 0.6128694
1740547763.151843 0.4054050 -17.1980953 11.7010326 0.7636595 -0.0962959 0.1821958 0.6118464
1740547763.249492 0.3692988 -17.1946735 11.6368237 0.7589814 -0.0994432 0.1897072 0.6148736
1740547763.348146 0.3824160 -17.1952629 11.6314583 0.7580393 -0.1005133 0.1883732 0.6162703
1740547763.450441 0.3737906 -17.1891861 11.6216984 0.7572328 -0.1020698 0.1892428 0.6167394
1740547763.548026 0.3795927 -17.1867352 11.5951347 0.7551115 -0.1020512 0.1883917 0.6195973
1740547763.659682 0.3509206 -17.1941509 11.5697689 0.7538467 -0.1022068 0.1931794 0.6196375
1740547763.759468 0.3298526 -17.1981564 11.5703316 0.7535716 -0.1028919 0.1958160 0.6190308
1740547763.854938 0.3500723 -17.1995487 11.5136528 0.7496142 -0.1048218 0.1945443 0.6238937
1740547763.959024 0.3620751 -17.1884518 11.5139179 0.7496083 -0.1055544 0.1927941 0.6243205
1740547764.055381 0.3839080 -17.1871758 11.5029564 0.7482604 -0.1061375 0.1892741 0.6269103
1740547764.160598 0.3596511 -17.1887875 11.4838314 0.7463202 -0.1047998 0.1926733 0.6284108
1740547764.255714 0.3757652 -17.1946373 11.4718971 0.7457369 -0.1050183 0.1890258 0.6301721
1740547764.351462 0.3258975 -17.2012501 11.4520683 0.7434578 -0.1064750 0.1966054 0.6303015
1740547764.458483 0.3204764 -17.2107773 11.4210510 0.7404843 -0.1090388 0.2002703 0.6322067
1740547764.553948 0.2954142 -17.2154922 11.3943481 0.7387075 -0.1101968 0.2050912 0.6325389
1740547764.664167 0.3145528 -17.2140255 11.3859425 0.7372202 -0.1100025 0.2014900 0.6354585
1740547764.758754 0.2922585 -17.2139492 11.3631954 0.7349397 -0.1080023 0.2042150 0.6375699
1740547764.856358 0.3255312 -17.2115250 11.3593254 0.7345037 -0.1095037 0.2000251 0.6391425
1740547764.957973 0.3368243 -17.2085705 11.3705883 0.7345618 -0.1122244 0.2002948 0.6385191
1740547765.055847 0.3455483 -17.2125511 11.3748970 0.7341120 -0.1144689 0.1985262 0.6391899
1740547765.165217 0.3209792 -17.2042904 11.3577080 0.7310609 -0.1129258 0.2030422 0.6415385
1740547765.261637 0.3742403 -17.2093849 11.3815327 0.7326917 -0.1161237 0.1955241 0.6414425
1740547765.358404 0.3679560 -17.2044716 11.3776360 0.7312483 -0.1154946 0.1957251 0.6431396
1740547765.461323 0.3528291 -17.2084351 11.3838806 0.7304482 -0.1200440 0.1998544 0.6419448
1740547765.557559 0.3638133 -17.2115192 11.3993893 0.7314528 -0.1202135 0.1976374 0.6414554
1740547765.667762 0.3007472 -17.2022152 11.4103394 0.7299292 -0.1202078 0.2063466 0.6404487
1740547765.762741 0.2869781 -17.1893082 11.4019775 0.7275506 -0.1228608 0.2065803 0.6425731
1740547765.864904 0.2737844 -17.1817608 11.3578224 0.7219564 -0.1238309 0.2105874 0.6473777
1740547765.972985 0.3139937 -17.1852150 11.3661022 0.7218884 -0.1266904 0.2047761 0.6487631
1740547766.070882 0.2976018 -17.1882896 11.3921795 0.7233981 -0.1253322 0.2064158 0.6468226
1740547766.178003 0.3527383 -17.1872940 11.3901329 0.7223241 -0.1267167 0.1989885 0.6500726
1740547766.275947 0.3814832 -17.1702023 11.3950310 0.7201320 -0.1296602 0.1956569 0.6529293
1740547766.371592 0.4218491 -17.1686039 11.3827381 0.7182907 -0.1327146 0.1917226 0.6555058
1740547766.476616 0.3751123 -17.1785412 11.4001122 0.7182655 -0.1341488 0.1997545 0.6528376
1740547766.573048 0.3736391 -17.1888428 11.4010048 0.7179557 -0.1336633 0.2000533 0.6531864
1740547766.678594 0.3517448 -17.1939011 11.4023170 0.7177151 -0.1343431 0.2025797 0.6525323
1740547766.775984 0.3570133 -17.1770630 11.3986206 0.7154480 -0.1342271 0.2026479 0.6550201
1740547766.871725 0.3921183 -17.1694698 11.3651390 0.7097916 -0.1375435 0.2013228 0.6608683
1740547766.973464 0.3912820 -17.1875706 11.4168396 0.7140189 -0.1375465 0.1983242 0.6572104
1740547767.068528 0.3822509 -17.1818771 11.4140453 0.7129190 -0.1369913 0.1987382 0.6583943
1740547767.178423 0.3968284 -17.1838970 11.4265575 0.7119213 -0.1361890 0.1968220 0.6602134
1740547767.275980 0.4227960 -17.1730747 11.4108467 0.7087990 -0.1387978 0.1952536 0.6634871
1740547767.371954 0.3411666 -17.1878204 11.3871555 0.7071210 -0.1396215 0.2071089 0.6615072
1740547767.476873 0.3439353 -17.1915512 11.3797035 0.7056408 -0.1399902 0.2067989 0.6631048
1740547767.573339 0.3689344 -17.1923962 11.3937778 0.7060594 -0.1427822 0.2046770 0.6627222
1740547767.679403 0.3696285 -17.1864738 11.4062977 0.7046924 -0.1436661 0.2047754 0.6639547
1740547767.777726 0.3746544 -17.1903934 11.3983612 0.7030526 -0.1443072 0.2056470 0.6652833
1740547767.877817 0.3651025 -17.1886845 11.3919029 0.7005902 -0.1465313 0.2086301 0.6664649
1740547767.985262 0.3623407 -17.1822205 11.4083195 0.7008418 -0.1474200 0.2078385 0.6662516
1740547768.084592 0.3738106 -17.1703129 11.4049397 0.6989796 -0.1482736 0.2078049 0.6680266
1740547768.189075 0.3631986 -17.1776314 11.4089928 0.6985571 -0.1500737 0.2087954 0.6677576
1740547768.285239 0.3873371 -17.1736412 11.3892326 0.6948953 -0.1523005 0.2082300 0.6712417
1740547768.384356 0.4284254 -17.1748161 11.3559647 0.6909490 -0.1529532 0.2037318 0.6765266
1740547768.488532 0.4213015 -17.1698647 11.3637505 0.6901078 -0.1528575 0.2031193 0.6775901
1740547768.584792 0.4271475 -17.1715107 11.3696098 0.6901544 -0.1534431 0.2031417 0.6774037
1740547768.695859 0.4378798 -17.1732750 11.3743649 0.6890593 -0.1566436 0.2035291 0.6776695
1740547768.794391 0.4494480 -17.1767120 11.3736706 0.6894715 -0.1561431 0.2007163 0.6782045
1740547768.891193 0.4625070 -17.1775436 11.3637600 0.6874871 -0.1578732 0.2004259 0.6799023
1740547768.993946 0.4665380 -17.1822777 11.3807735 0.6885154 -0.1565685 0.1983250 0.6797795
1740547769.094229 0.4686456 -17.1834869 11.3847656 0.6889455 -0.1567761 0.1976806 0.6794835
1740547769.199660 0.5097390 -17.1882839 11.3933353 0.6883744 -0.1594733 0.1934492 0.6806514
1740547769.299567 0.5342890 -17.1953602 11.3909187 0.6887668 -0.1588108 0.1882565 0.6818643
1740547769.399233 0.5829784 -17.1937866 11.3719482 0.6856782 -0.1640052 0.1866128 0.6841954
1740547769.503119 0.5854642 -17.2011986 11.3491688 0.6838587 -0.1624787 0.1849358 0.6868309
1740547769.603083 0.6135585 -17.2027912 11.3349934 0.6832991 -0.1620886 0.1797325 0.6888585
1740547769.710919 0.6356802 -17.2047844 11.3434906 0.6833978 -0.1633414 0.1774720 0.6890506
1740547769.807452 0.6394453 -17.2109642 11.3086300 0.6809363 -0.1610237 0.1752327 0.6925970
1740547769.909123 0.6852270 -17.2167721 11.3314819 0.6809620 -0.1666353 0.1726492 0.6918929
1740547770.017945 0.6853459 -17.2187309 11.3229027 0.6804559 -0.1643754 0.1698735 0.6936162
1740547770.117930 0.7235233 -17.2213058 11.3228817 0.6795021 -0.1668477 0.1670373 0.6946490
1740547770.227492 0.7560002 -17.2184639 11.3225498 0.6787053 -0.1692745 0.1639091 0.6955854
1740547770.324915 0.7776645 -17.2239037 11.3359337 0.6787496 -0.1702249 0.1609318 0.6960053
1740547770.423623 0.8201712 -17.2287598 11.3457680 0.6772122 -0.1750191 0.1577747 0.6970359
1740547770.526728 0.8551779 -17.2246552 11.3840828 0.6792254 -0.1789715 0.1553140 0.6946220
1740547770.628820 0.8938515 -17.2258053 11.3982773 0.6787813 -0.1838564 0.1552958 0.6937839
1740547770.734843 0.9298276 -17.2253265 11.3792667 0.6762018 -0.1851045 0.1512278 0.6968626
1740547770.835450 0.9953333 -17.2327347 11.3663960 0.6724809 -0.1911497 0.1482966 0.6994564
1740547770.935433 1.0328612 -17.2366791 11.3766651 0.6715260 -0.1945885 0.1451575 0.7000840
1740547771.042817 1.0531669 -17.2290955 11.3159771 0.6671224 -0.1905048 0.1411086 0.7062181
1740547771.142616 1.0567381 -17.2349186 11.2877865 0.6652714 -0.1870656 0.1369043 0.7097025
1740547771.242840 1.0946046 -17.2369652 11.2985735 0.6639609 -0.1898411 0.1346592 0.7106217
1740547771.341148 1.1826127 -17.2478924 11.3570185 0.6653014 -0.1999084 0.1289491 0.7076601
1740547771.441441 1.2337164 -17.2636337 11.3432007 0.6611108 -0.2054948 0.1269981 0.7103350
1740547771.644165 1.3069398 -17.2548523 11.3924761 0.6620600 -0.2154754 0.1240787 0.7070017
1740547771.751583 1.3497429 -17.2590122 11.4047318 0.6611246 -0.2205610 0.1218042 0.7067043
1740547771.852371 1.4077799 -17.2681465 11.4340401 0.6608959 -0.2270585 0.1184314 0.7054325
1740547771.961632 1.4688443 -17.2817459 11.4213238 0.6562310 -0.2337173 0.1151864 0.7081449
1740547772.060881 1.5140847 -17.3011608 11.4406672 0.6542602 -0.2402226 0.1133469 0.7080884
1740547772.159864 1.5264162 -17.3018074 11.4668732 0.6551573 -0.2430625 0.1127617 0.7063811
1740547772.267237 1.5390476 -17.3086739 11.4724426 0.6543631 -0.2440429 0.1112987 0.7070110
1740547772.366734 1.5388387 -17.3118877 11.4843359 0.6544724 -0.2448429 0.1111644 0.7066543
1740547772.472442 1.5194347 -17.3156261 11.4585314 0.6520064 -0.2427666 0.1128383 0.7093797
1740547772.573086 1.5041163 -17.3184681 11.4610834 0.6520308 -0.2412944 0.1131124 0.7098158
1740547772.776322 1.4453981 -17.3098335 11.4054241 0.6467059 -0.2388366 0.1196153 0.7144374
1740547772.876536 1.4198997 -17.3095341 11.3957510 0.6464716 -0.2363492 0.1210510 0.7152343
1740547772.981570 1.3812213 -17.3015251 11.3737154 0.6461127 -0.2324401 0.1233527 0.7164454
1740547773.180790 1.2942313 -17.2725067 11.3629494 0.6490125 -0.2252941 0.1296384 0.7149960
1740547773.285627 1.2760558 -17.2664452 11.3670502 0.6501307 -0.2236162 0.1304336 0.7143619
1740547773.388211 1.2416157 -17.2603645 11.3383665 0.6494322 -0.2187354 0.1318282 0.7162499
1740547773.493736 1.2183435 -17.2533455 11.3499432 0.6512014 -0.2176638 0.1339618 0.7145722
1740547773.594586 1.1900954 -17.2522621 11.3566771 0.6527520 -0.2154712 0.1363905 0.7133615
1740547773.698616 1.1525209 -17.2492733 11.3684273 0.6549221 -0.2118142 0.1374415 0.7122651
1740547773.817857 1.1378165 -17.2484856 11.3777905 0.6563733 -0.2099880 0.1386018 0.7112445
1740547773.919395 1.1056637 -17.2477074 11.3785076 0.6575028 -0.2070069 0.1405149 0.7106995
1740547774.030443 1.0819389 -17.2433033 11.3932657 0.6600294 -0.2051352 0.1413390 0.7087341
1740547774.131010 1.0350724 -17.2344437 11.4020767 0.6624578 -0.2001960 0.1443225 0.7072781
1740547774.243783 0.9928836 -17.2293053 11.4357176 0.6670575 -0.1978447 0.1462524 0.7032083
1740547774.344776 0.9544760 -17.2232151 11.4331942 0.6679022 -0.1934713 0.1492122 0.7030016
1740547774.447024 0.9343455 -17.2197075 11.4256763 0.6682627 -0.1915531 0.1508745 0.7028295
1740547774.550689 0.8980549 -17.2092133 11.4408379 0.6712780 -0.1882745 0.1539553 0.7001689
1740547774.650658 0.8765438 -17.2114601 11.4477329 0.6727086 -0.1866929 0.1551027 0.6989650
1740547774.758623 0.8441647 -17.2068119 11.4515018 0.6735367 -0.1847883 0.1586758 0.6978708
1740547774.857413 0.7914503 -17.2009907 11.4451122 0.6758942 -0.1793981 0.1618753 0.6962613
1740547774.961385 0.7528754 -17.1994228 11.4563847 0.6782408 -0.1755821 0.1633971 0.6945946
1740547775.063407 0.7104311 -17.2003689 11.4691067 0.6809808 -0.1722071 0.1668923 0.6919225
1740547775.162623 0.6674460 -17.1952209 11.4571247 0.6822321 -0.1675709 0.1696890 0.6911476
1740547775.273255 0.6118537 -17.2023640 11.4298038 0.6810473 -0.1598939 0.1717295 0.6936263
1740547775.371871 0.5695224 -17.2040405 11.4345055 0.6833997 -0.1550512 0.1736177 0.6919399
1740547775.479689 0.5521697 -17.2069740 11.4595890 0.6857301 -0.1535610 0.1753204 0.6895332
1740547775.580158 0.5121523 -17.2090111 11.4589348 0.6871242 -0.1492008 0.1785417 0.6882750
1740547775.679835 0.4739575 -17.2060738 11.4762611 0.6894683 -0.1460947 0.1825093 0.6855510
1740547775.783689 0.4431930 -17.2072906 11.5107632 0.6945080 -0.1430608 0.1836645 0.6807787
1740547775.883663 0.4361484 -17.2017365 11.5321541 0.6974625 -0.1432825 0.1860404 0.6770563
1740547775.999622 0.4157010 -17.2082825 11.5573025 0.7009860 -0.1416339 0.1871678 0.6734439
1740547776.101412 0.3940291 -17.2070656 11.6439915 0.7090257 -0.1439522 0.1896521 0.6637714
1740547776.214552 0.3774564 -17.2142563 11.6790600 0.7134719 -0.1433755 0.1892520 0.6592307
1740547776.311841 0.3703248 -17.2261887 11.7376499 0.7181473 -0.1468125 0.1922835 0.6524857
1740547776.411579 0.3409838 -17.2322712 11.7706623 0.7228647 -0.1442163 0.1903687 0.6484042
1740547776.516751 0.2994457 -17.2379951 11.7928829 0.7265151 -0.1401172 0.1930353 0.6444226
1740547776.618364 0.2550956 -17.2559929 11.8218403 0.7300875 -0.1359453 0.1955998 0.6404935
1740547776.724194 0.2197244 -17.2839203 11.8645935 0.7330983 -0.1335417 0.1986538 0.6366084
1740547776.825052 0.1763823 -17.3082466 11.8990154 0.7361528 -0.1314578 0.2032222 0.6320590
1740547776.924542 0.1168393 -17.3433590 11.9354496 0.7394186 -0.1267801 0.2089838 0.6273060
1740547777.032830 0.0929657 -17.3704433 11.9797821 0.7420132 -0.1270473 0.2136199 0.6226090
1740547777.134598 0.0469919 -17.3991489 11.9895477 0.7421713 -0.1218759 0.2191140 0.6215440
1740547777.245141 0.0161099 -17.4372044 12.0375938 0.7446909 -0.1229354 0.2255817 0.6159832
1740547777.346213 -0.0323596 -17.4722195 12.0794220 0.7475512 -0.1211101 0.2325481 0.6102631
1740547777.445966 -0.0906122 -17.5139732 12.0746994 0.7472730 -0.1142964 0.2391677 0.6093588
1740547777.560703 -0.1029232 -17.5533791 12.0554676 0.7458697 -0.1118425 0.2438717 0.6096689
1740547777.971334 -0.0835512 -17.7846317 12.0283394 0.7488977 -0.1011415 0.2546282 0.6033962
1740547778.180944 -0.0698833 -17.8926010 12.0549164 0.7514270 -0.0964121 0.2597205 0.5988384
1740547778.386873 -0.0326688 -18.0159225 12.0762653 0.7555218 -0.0890471 0.2635096 0.5931442
1740547778.595744 -0.0246186 -18.1241188 12.0706100 0.7546694 -0.0832541 0.2750734 0.5898114
1740547778.799782 0.0198832 -18.2286320 12.0844746 0.7550861 -0.0758523 0.2807312 0.5876065
1740547779.009736 0.0192108 -18.3405247 12.0696125 0.7519808 -0.0638791 0.2979762 0.5845122
1740547779.321038 0.2341676 -18.4731693 12.1505718 0.7521132 -0.0614214 0.2945383 0.5863450
1740547779.537180 0.3107166 -18.5722122 12.1715870 0.7495288 -0.0573507 0.3019995 0.5862712
1740547779.640619 0.3540945 -18.6180515 12.1680965 0.7481109 -0.0568972 0.3062434 0.5859247
1740547779.850303 0.4949603 -18.7116032 12.1564407 0.7479087 -0.0555524 0.3034394 0.5877678
1740547779.954978 0.5389080 -18.7595882 12.1789455 0.7487293 -0.0534680 0.3038966 0.5866793
1740547780.060241 0.5688591 -18.7992268 12.2131481 0.7478075 -0.0525557 0.3075137 0.5860522
