1740549551.999291 0.0000000 0.0000000 0.0000000 -0.0000000 -0.0000000 -0.0000000 1.0000000
1740549552.261147 0.0010477 0.0622748 0.0793407 0.0024967 -0.0000684 -0.0001137 0.9999969
1740549552.384330 -0.0058939 0.0412795 0.1786684 0.0041028 -0.0011743 0.0003088 0.9999909
1740549552.573975 -0.0046044 0.0000803 0.2728463 0.0069651 -0.0031753 -0.0004460 0.9999706
1740549552.758377 -0.0201068 -0.0275694 0.3643068 0.0109658 -0.0045662 -0.0001850 0.9999294
1740549552.940622 -0.0339074 -0.0543813 0.4573109 0.0155380 -0.0061015 -0.0005940 0.9998605
1740549553.125874 -0.0391312 -0.0751580 0.5468569 0.0215013 -0.0085433 -0.0002394 0.9997323
1740549553.259152 -0.0458805 -0.1103453 0.6437025 0.0265861 -0.0111872 0.0002164 0.9995839
1740549553.366987 -0.0517135 -0.1363873 0.7310552 0.0330217 -0.0140016 0.0003136 0.9993565
1740549553.577982 -0.0395343 -0.1750160 0.9349879 0.0484246 -0.0218177 0.0005067 0.9985884
1740549553.799650 -0.0652881 -0.2327813 1.1182282 0.0624862 -0.0303946 0.0006440 0.9975827
1740549553.924561 -0.0849811 -0.2536217 1.2082034 0.0697498 -0.0347772 0.0015015 0.9969570
1740549554.151511 -0.1276952 -0.3151724 1.3825066 0.0838479 -0.0427568 0.0012397 0.9955601
1740549554.263627 -0.1619192 -0.3575581 1.4663894 0.0897755 -0.0465375 0.0005671 0.9948740
1740549554.393836 -0.1659654 -0.3712712 1.5702429 0.0957628 -0.0520688 0.0009634 0.9940410
1740549554.608032 -0.2315579 -0.4273838 1.7471523 0.1056148 -0.0598510 0.0004757 0.9926043
1740549554.826680 -0.2642789 -0.4607637 1.9375926 0.1145801 -0.0671828 0.0004651 0.9911396
1740549555.048594 -0.2918648 -0.5310901 2.1102054 0.1196072 -0.0737080 -0.0001843 0.9900814
1740549555.272242 -0.3421154 -0.5831740 2.2932789 0.1237109 -0.0789419 -0.0008437 0.9891729
1740549555.476540 -0.3965569 -0.6400965 2.4750803 0.1258193 -0.0834937 -0.0013132 0.9885325
1740549555.680215 -0.4368730 -0.6886376 2.6511388 0.1266484 -0.0867932 -0.0008483 0.9881429
1740549555.895437 -0.4866042 -0.7428902 2.8341150 0.1264378 -0.0885401 -0.0020956 0.9880130
1740549556.209114 -0.5417685 -0.8013556 3.1134641 0.1259023 -0.0899912 -0.0021225 0.9879503
1740549556.524344 -0.5991195 -0.8794336 3.3817220 0.1255581 -0.0878460 -0.0021203 0.9881871
1740549556.857083 -0.6683046 -0.9582356 3.6474767 0.1247887 -0.0834203 -0.0016261 0.9886689
1740549557.186979 -0.7691409 -0.9953042 3.9205039 0.1256180 -0.0755343 -0.0008566 0.9891987
1740549557.516241 -0.7830009 -1.0639439 4.1977186 0.1274045 -0.0663535 0.0004088 0.9896288
1740549557.843446 -0.8082398 -1.1546561 4.4701967 0.1291867 -0.0559904 0.0016814 0.9900369
1740549558.058881 -0.8166393 -1.2032332 4.6625042 0.1316703 -0.0490729 0.0029475 0.9900738
1740549558.172200 -0.8379855 -1.2240814 4.7460384 0.1334142 -0.0447227 0.0033988 0.9900450
1740549558.275393 -0.8522604 -1.2471234 4.8397079 0.1342625 -0.0409377 0.0038443 0.9900924
1740549558.394297 -0.8793530 -1.2529752 4.9249792 0.1366765 -0.0362845 0.0045520 0.9899405
1740549558.494578 -0.8746732 -1.2822312 5.0067043 0.1379045 -0.0337366 0.0050059 0.9898582
1740549558.596442 -0.8731069 -1.3255091 5.0992723 0.1381423 -0.0308422 0.0050851 0.9899190
1740549558.707198 -0.8962036 -1.3336258 5.1754885 0.1402979 -0.0273787 0.0057937 0.9897138
1740549558.807840 -0.9062015 -1.3439376 5.2540035 0.1425193 -0.0245875 0.0061274 0.9894676
1740549558.922765 -0.9288855 -1.3637903 5.3216329 0.1433944 -0.0211648 0.0064673 0.9894181
1740549559.025853 -0.9151497 -1.4136859 5.3843246 0.1427653 -0.0204659 0.0068207 0.9895215
1740549559.145281 -0.9014490 -1.4266622 5.4639792 0.1443327 -0.0204255 0.0069658 0.9892939
1740549559.245722 -0.9121832 -1.4468843 5.5432425 0.1456023 -0.0184360 0.0072647 0.9891447
1740549559.348489 -0.8865110 -1.4708751 5.6096945 0.1458301 -0.0197920 0.0071095 0.9890862
1740549559.458791 -0.8981696 -1.5130155 5.6811571 0.1457575 -0.0187191 0.0079250 0.9891115
1740549559.562197 -0.9163496 -1.5400441 5.7449803 0.1459892 -0.0174520 0.0081167 0.9890989
1740549559.677922 -0.9166057 -1.5500361 5.8312693 0.1475343 -0.0174994 0.0079023 0.9888706
1740549559.778307 -0.9211428 -1.5909787 5.9056106 0.1472848 -0.0170789 0.0082560 0.9889122
1740549559.896796 -0.9244779 -1.6007006 5.9793367 0.1484820 -0.0171512 0.0077820 0.9887357
1740549559.998777 -0.9004411 -1.5987664 6.0533371 0.1503162 -0.0188580 0.0073080 0.9884311
1740549560.099831 -0.9084233 -1.6216363 6.1343546 0.1510205 -0.0187855 0.0074437 0.9883241
1740549560.203830 -0.9151011 -1.6670265 6.1989932 0.1496161 -0.0182564 0.0083296 0.9885405
1740549560.304772 -0.8961987 -1.6908262 6.2699142 0.1497576 -0.0205434 0.0081465 0.9884757
1740549560.413145 -0.8863388 -1.7267126 6.3522792 0.1489923 -0.0218524 0.0072062 0.9885706
1740549560.513649 -0.8686260 -1.7270854 6.4218702 0.1513955 -0.0237795 0.0080451 0.9881545
1740549560.612265 -0.9025785 -1.7519139 6.4836960 0.1507442 -0.0220094 0.0085034 0.9882912
1740549560.715392 -0.9046127 -1.7645816 6.5630865 0.1526938 -0.0228300 0.0083875 0.9879742
1740549560.814831 -0.8916841 -1.7716671 6.6462364 0.1545837 -0.0244473 0.0072855 0.9876503
1740549560.928106 -0.8986009 -1.7998197 6.7360826 0.1558494 -0.0240018 0.0074469 0.9874611
1740549561.025623 -0.9195363 -1.8460597 6.7782845 0.1532807 -0.0221789 0.0087577 0.9878950
1740549561.129512 -0.9161381 -1.8710414 6.8268657 0.1530444 -0.0226438 0.0084188 0.9879240
1740549561.240496 -0.9160296 -1.9015225 6.8996305 0.1551020 -0.0231576 0.0087993 0.9875878
1740549561.341023 -0.8785247 -1.9247131 6.9734693 0.1561829 -0.0246465 0.0076791 0.9873908
1740549561.447739 -0.8525276 -1.9568369 7.0329432 0.1568504 -0.0261680 0.0073213 0.9872485
1740549561.546558 -0.8456002 -1.9825521 7.1074295 0.1574838 -0.0270784 0.0064290 0.9871293
1740549561.651367 -0.8357541 -2.0107501 7.1748819 0.1575003 -0.0272048 0.0075946 0.9871150
1740549561.754213 -0.8156906 -2.0177643 7.2387609 0.1593356 -0.0285515 0.0072420 0.9867849
1740549561.856342 -0.7995975 -2.0128694 7.3044739 0.1629615 -0.0284194 0.0071782 0.9861969
1740549561.962205 -0.7960684 -2.0296190 7.3497186 0.1619731 -0.0293002 0.0070784 0.9863347
1740549562.375752 -0.8627680 -2.0796940 7.4039383 0.1530825 -0.0135111 0.0100815 0.9880696
1740549562.480711 -0.8602801 -2.0777712 7.4228258 0.1525583 -0.0137984 0.0096217 0.9881513
1740549562.579774 -0.8587840 -2.0820706 7.4191818 0.1515795 -0.0132727 0.0114262 0.9882899
1740549562.685141 -0.8909459 -2.0628715 7.4250431 0.1530881 -0.0076993 0.0097991 0.9881340
1740549562.788571 -0.8954414 -2.0717099 7.4373221 0.1504325 -0.0065587 0.0117248 0.9885290
1740549562.900672 -0.8854675 -2.0726919 7.4595456 0.1492186 -0.0099908 0.0153094 0.9886352
1740549563.006756 -0.8747413 -2.0780299 7.4760628 0.1466667 -0.0145695 0.0154425 0.9889581
1740549563.109366 -0.8522323 -2.0768425 7.4972816 0.1469971 -0.0199387 0.0160693 0.9888054
1740549563.434381 -0.8400403 -2.0908864 7.5173373 0.1397498 -0.0221138 0.0134931 0.9898480
1740549563.757631 -0.8640923 -2.0972443 7.5263572 0.1295889 -0.0182908 0.0117712 0.9913293
1740549563.860615 -0.8768445 -2.0991895 7.5375938 0.1276035 -0.0168773 0.0118138 0.9916113
1740549563.970249 -0.8885366 -2.1007910 7.5519824 0.1269059 -0.0160905 0.0128741 0.9917007
1740549564.079351 -0.8920126 -2.1041653 7.5589876 0.1248337 -0.0179405 0.0157174 0.9918910
1740549564.188178 -0.8819534 -2.1145866 7.5583854 0.1183189 -0.0220994 0.0111503 0.9926671
1740549564.293737 -0.8461223 -2.1371090 7.5699291 0.1143686 -0.0323351 0.0111811 0.9928491
1740549564.402604 -0.8399021 -2.1453087 7.5656800 0.1078678 -0.0346016 0.0072048 0.9935368
1740549564.510811 -0.8359448 -2.1542058 7.5731139 0.1040311 -0.0358681 0.0073818 0.9938997
1740549564.611849 -0.8564653 -2.1389484 7.5749369 0.1071431 -0.0314641 0.0071880 0.9937196
1740549564.716660 -0.8757150 -2.1432087 7.5956607 0.1060930 -0.0282526 0.0077012 0.9939249
1740549564.818679 -0.8893965 -2.1482217 7.6157503 0.1021688 -0.0245023 0.0074919 0.9944371
1740549564.931425 -0.8949214 -2.1571486 7.6191483 0.0958347 -0.0214168 0.0055734 0.9951513
1740549565.034394 -0.9061546 -2.1824441 7.6486840 0.0914312 -0.0180292 0.0050184 0.9956356
1740549565.151593 -0.9193096 -2.1927581 7.6677136 0.0879475 -0.0153606 0.0052248 0.9959930
1740549565.253798 -0.9269075 -2.1953115 7.6793561 0.0851484 -0.0124040 0.0057233 0.9962747
1740549565.360599 -0.9351097 -2.2053003 7.6851315 0.0843785 -0.0084318 0.0068226 0.9963748
1740549565.470094 -0.9351566 -2.2159655 7.7054849 0.0835921 -0.0046533 0.0073379 0.9964622
1740549565.576818 -0.9305148 -2.2134991 7.7328300 0.0870861 -0.0031806 0.0068240 0.9961724
1740549565.686350 -0.9501916 -2.2189057 7.7462249 0.0877220 0.0008252 0.0062566 0.9961250
1740549565.793226 -0.9529699 -2.2077913 7.7821093 0.0906538 0.0020553 0.0059052 0.9958628
1740549565.902668 -0.9657468 -2.2095704 7.8101554 0.0902398 0.0059359 0.0065888 0.9958806
1740549566.011524 -0.9813755 -2.2045152 7.8423500 0.0918597 0.0088017 0.0068304 0.9957097
1740549566.118685 -0.9827766 -2.2010198 7.8855529 0.0946937 0.0099590 0.0065796 0.9954349
1740549566.227209 -0.9995453 -2.2110636 7.9279795 0.0954173 0.0121320 0.0062456 0.9953439
1740549566.329881 -0.9955803 -2.2162504 7.9708910 0.0960356 0.0137881 0.0066564 0.9952601
1740549566.437045 -1.0077945 -2.2207868 8.0248508 0.0965027 0.0155116 0.0066205 0.9951898
1740549566.542111 -1.0107303 -2.2303905 8.0596924 0.0973930 0.0178131 0.0062610 0.9950669
1740549566.652253 -1.0089585 -2.2333038 8.1019392 0.0979096 0.0200904 0.0060855 0.9949739
1740549566.758441 -1.0026087 -2.2373805 8.1701813 0.0977730 0.0208964 0.0072768 0.9949628
1740549566.860478 -1.0021235 -2.2384150 8.2521276 0.0972384 0.0213401 0.0074838 0.9950042
1740549566.969224 -0.9961804 -2.2457621 8.3353672 0.0972094 0.0207456 0.0070953 0.9950224
1740549567.074817 -0.9986293 -2.2557309 8.4223833 0.0968846 0.0203903 0.0066298 0.9950647
1740549567.184999 -1.0070049 -2.2698736 8.5127468 0.0959850 0.0202821 0.0066898 0.9951537
1740549567.294038 -1.0267177 -2.2862897 8.6105604 0.0945507 0.0204346 0.0070660 0.9952852
1740549567.404389 -1.0449551 -2.2965431 8.6992340 0.0934665 0.0208066 0.0062873 0.9953852
1740549567.510867 -1.0591671 -2.3032954 8.7918310 0.0921500 0.0206315 0.0070064 0.9955068
1740549567.613446 -1.0632544 -2.3040819 8.8880186 0.0913488 0.0198107 0.0067259 0.9955992
1740549567.720664 -1.0796500 -2.3138094 8.9863691 0.0898648 0.0199945 0.0069398 0.9957291
1740549567.826075 -1.0896671 -2.3082604 9.0810766 0.0893691 0.0198749 0.0068749 0.9957765
1740549567.935008 -1.1267091 -2.3195870 9.1655560 0.0878633 0.0224600 0.0070336 0.9958545
1740549568.038799 -1.1392666 -2.3468935 9.2555132 0.0853529 0.0237272 0.0064953 0.9960471
1740549568.152957 -1.1377516 -2.3640518 9.3513889 0.0842789 0.0247312 0.0061573 0.9961162
1740549568.261375 -1.1347122 -2.3748989 9.4478569 0.0831199 0.0259450 0.0057425 0.9961852
1740549568.362463 -1.1271516 -2.3811169 9.5403576 0.0826527 0.0273193 0.0056357 0.9961879
1740549568.470711 -1.0765245 -2.3912976 9.6394777 0.0815825 0.0267071 0.0061767 0.9962896
1740549568.578564 -1.0729138 -2.4025836 9.7373600 0.0807028 0.0275224 0.0063697 0.9963378
1740549568.685599 -1.0848871 -2.4236181 9.8337440 0.0790487 0.0285090 0.0059067 0.9964455
1740549568.789665 -1.0897374 -2.4162762 9.9258194 0.0793931 0.0295400 0.0060038 0.9963875
1740549568.903802 -1.0882912 -2.4246297 10.0205517 0.0789328 0.0298303 0.0060538 0.9964151
1740549569.013420 -1.0767771 -2.4421279 10.1213760 0.0777614 0.0297231 0.0060946 0.9965102
1740549569.116627 -1.0718235 -2.4607370 10.2170649 0.0770879 0.0301319 0.0057060 0.9965525
1740549569.226867 -1.0717394 -2.4727647 10.3073654 0.0765640 0.0307142 0.0057176 0.9965751
1740549569.331909 -1.0762030 -2.4935231 10.4082737 0.0751897 0.0304380 0.0051721 0.9966912
1740549569.442826 -1.0802864 -2.5003417 10.5082178 0.0749983 0.0297195 0.0047580 0.9967294
1740549569.543885 -1.0687131 -2.5160348 10.6065435 0.0742956 0.0281799 0.0048800 0.9968261
1740549569.658855 -1.0623730 -2.5275571 10.7062254 0.0737428 0.0264043 0.0046187 0.9969170
1740549569.761025 -1.0484681 -2.5498657 10.8046913 0.0727737 0.0242296 0.0046727 0.9970432
1740549569.862663 -1.0490047 -2.5623553 10.9059877 0.0718139 0.0220230 0.0044026 0.9971652
1740549569.969853 -1.0483973 -2.5751460 11.0045252 0.0712999 0.0194584 0.0040263 0.9972570
1740549570.072383 -1.0489789 -2.5828428 11.1047211 0.0704267 0.0165420 0.0039479 0.9973720
1740549570.189505 -1.0541282 -2.5960312 11.2051249 0.0697956 0.0135652 0.0038167 0.9974618
1740549570.294677 -1.0650467 -2.6065781 11.3061733 0.0693846 0.0103962 0.0032673 0.9975305
1740549570.407586 -1.0547211 -2.6241395 11.4019842 0.0681773 0.0062456 0.0033739 0.9976480
1740549570.513748 -1.0766749 -2.6187706 11.5036259 0.0680069 0.0027188 0.0032885 0.9976757
1740549570.611794 -1.0732750 -2.6319685 11.6032696 0.0673668 -0.0014722 0.0024747 0.9977241
1740549570.716835 -1.0836453 -2.6489396 11.7032652 0.0670415 -0.0055705 0.0024613 0.9977316
1740549570.817254 -1.0811107 -2.6594219 11.8005018 0.0671822 -0.0097331 0.0023640 0.9976905
1740549570.926096 -1.0987790 -2.6712739 11.8993902 0.0667697 -0.0135312 0.0020349 0.9976746
1740549571.029395 -1.1130717 -2.6900256 11.9962378 0.0660448 -0.0180748 0.0019947 0.9976510
1740549571.127935 -1.0969334 -2.6939070 12.0998116 0.0663974 -0.0229365 0.0012701 0.9975289
1740549571.234927 -1.1120942 -2.6995797 12.2015944 0.0669148 -0.0272071 0.0010614 0.9973871
1740549571.335412 -1.1432980 -2.7184594 12.2946339 0.0664150 -0.0308434 0.0010646 0.9973148
1740549571.442806 -1.1421628 -2.7264519 12.3973131 0.0674850 -0.0355313 0.0005700 0.9970872
1740549571.542787 -1.1554065 -2.7341828 12.4995623 0.0680668 -0.0398822 0.0005637 0.9968832
1740549571.656675 -1.1789654 -2.7392645 12.5948563 0.0692871 -0.0442352 -0.0001874 0.9966155
1740549571.753849 -1.1922168 -2.7605178 12.6947842 0.0695365 -0.0487251 -0.0003723 0.9963887
1740549571.854974 -1.2032042 -2.7794318 12.7932377 0.0695974 -0.0534407 -0.0002789 0.9961427
1740549571.975109 -1.2279910 -2.8070631 12.8863735 0.0691273 -0.0577581 -0.0006677 0.9959342
1740549572.076187 -1.2356799 -2.8301637 12.9831028 0.0697328 -0.0626752 -0.0009680 0.9955944
1740549572.185639 -1.2588751 -2.8401589 13.0798149 0.0705855 -0.0672063 -0.0013998 0.9952382
1740549572.291396 -1.2739629 -2.8628273 13.1745205 0.0697325 -0.0716479 -0.0016210 0.9949881
1740549572.391948 -1.2839516 -2.8806005 13.2714481 0.0689110 -0.0768755 -0.0020748 0.9946543
1740549572.500693 -1.3049361 -2.8932416 13.3683472 0.0685979 -0.0813813 -0.0022142 0.9943171
1740549572.600727 -1.3247308 -2.9146042 13.4644537 0.0681876 -0.0860028 -0.0023667 0.9939560
1740549572.709512 -1.3487468 -2.9278493 13.5611734 0.0671585 -0.0906949 -0.0028699 0.9936075
1740549572.808888 -1.3616791 -2.9341750 13.6626339 0.0665304 -0.0955171 -0.0033720 0.9931962
1740549572.915777 -1.3973459 -2.9394970 13.7524166 0.0655516 -0.0998668 -0.0038118 0.9928319
1740549573.017015 -1.4292595 -2.9474866 13.8456411 0.0641900 -0.1044086 -0.0043770 0.9924512
1740549573.114831 -1.4510971 -2.9593885 13.9396276 0.0626270 -0.1091526 -0.0045552 0.9920397
1740549573.230414 -1.4883482 -2.9545667 14.0338879 0.0610240 -0.1135272 -0.0055449 0.9916435
1740549573.329143 -1.5361052 -2.9754667 14.1167908 0.0581581 -0.1173538 -0.0056266 0.9913698
1740549573.430385 -1.5640283 -2.9721322 14.2128811 0.0574391 -0.1212997 -0.0060303 0.9909343
1740549573.529387 -1.6013496 -2.9757779 14.3026638 0.0560189 -0.1248393 -0.0063784 0.9905738
1740549573.628319 -1.6362711 -2.9823217 14.3958817 0.0538916 -0.1281557 -0.0070921 0.9902633
1740549573.731646 -1.6717752 -2.9977660 14.4896078 0.0506739 -0.1313342 -0.0072395 0.9900157
1740549573.829008 -1.7110758 -2.9927645 14.5817871 0.0492256 -0.1339859 -0.0076739 0.9897301
1740549573.929865 -1.7505414 -2.9916830 14.6772957 0.0464833 -0.1363226 -0.0084623 0.9895372
1740549574.028522 -1.7888532 -2.9977975 14.7722969 0.0433888 -0.1383011 -0.0086070 0.9894019
1740549574.127949 -1.8209372 -2.9958763 14.8679934 0.0408522 -0.1400096 -0.0091851 0.9892644
1740549574.233699 -1.8565979 -2.9948876 14.9640589 0.0378297 -0.1412031 -0.0096462 0.9892106
1740549574.333072 -1.8954098 -3.0017006 15.0564070 0.0342654 -0.1420162 -0.0100363 0.9892202
1740549574.435453 -1.9207994 -3.0020566 15.1520309 0.0313030 -0.1429065 -0.0109152 0.9891809
1740549574.535053 -1.9537075 -3.0083022 15.2490520 0.0275527 -0.1431449 -0.0110608 0.9892563
1740549574.632188 -1.9716129 -3.0200226 15.3469963 0.0236435 -0.1438411 -0.0117567 0.9892485
1740549574.735246 -1.9911923 -3.0363152 15.4457941 0.0189177 -0.1441183 -0.0126110 0.9892993
1740549574.834593 -2.0044603 -3.0529683 15.5442123 0.0139623 -0.1446799 -0.0133575 0.9892899
1740549574.940900 -2.0301797 -3.0616944 15.6440363 0.0094646 -0.1449641 -0.0141186 0.9892910
1740549575.042864 -2.0588706 -3.0775666 15.7375374 0.0034402 -0.1455122 -0.0143144 0.9892470
1740549575.140737 -2.0830429 -3.0824606 15.8348017 -0.0023130 -0.1462731 -0.0149615 0.9891284
1740549575.247953 -2.0981293 -3.0712621 15.9396849 -0.0076896 -0.1477024 -0.0160610 0.9888715
1740549575.348306 -2.1087351 -3.0654988 16.0391006 -0.0141898 -0.1497891 -0.0171257 0.9884678
1740549575.451140 -2.1301651 -3.0570250 16.1377316 -0.0211001 -0.1521077 -0.0181457 0.9879720
1740549575.549328 -2.1519110 -3.0469522 16.2289810 -0.0286052 -0.1552604 -0.0191156 0.9872743
1740549575.647004 -2.1575797 -3.0430579 16.3341484 -0.0371633 -0.1595000 -0.0205083 0.9862850
1740549575.751012 -2.1861026 -3.0168314 16.4319057 -0.0444718 -0.1638039 -0.0214411 0.9852567
1740549575.849166 -2.2148881 -2.9914498 16.5276585 -0.0522817 -0.1691412 -0.0229413 0.9839368
1740549575.952689 -2.2429402 -2.9660718 16.6176319 -0.0604843 -0.1749778 -0.0242791 0.9824128
1740549576.053751 -2.2745500 -2.9327443 16.7035789 -0.0688921 -0.1820030 -0.0257538 0.9805435
1740549576.153571 -2.3216500 -2.8952713 16.7839718 -0.0770756 -0.1889731 -0.0261997 0.9786021
1740549576.266056 -2.3796453 -2.8500533 16.8591671 -0.0848204 -0.1961773 -0.0272697 0.9765123
1740549576.363510 -2.4381220 -2.8108475 16.9331417 -0.0930242 -0.2038591 -0.0281605 0.9741637
1740549576.468586 -2.4928074 -2.7741547 17.0122795 -0.1005529 -0.2122473 -0.0291723 0.9715911
1740549576.567534 -2.5560098 -2.7367525 17.0828972 -0.1076058 -0.2205630 -0.0299151 0.9689572
1740549576.673088 -2.6181514 -2.7099340 17.1596928 -0.1144176 -0.2287592 -0.0307324 0.9662470
1740549576.774334 -2.6754255 -2.6793935 17.2313499 -0.1210546 -0.2371555 -0.0313265 0.9633908
1740549576.874174 -2.7461753 -2.6526604 17.2985115 -0.1269682 -0.2447709 -0.0312551 0.9607234
1740549576.986878 -2.8148818 -2.6302285 17.3733616 -0.1322970 -0.2523574 -0.0318210 0.9580192
1740549577.085037 -2.8843849 -2.6101804 17.4410133 -0.1374772 -0.2595060 -0.0323916 0.9553573
1740549577.186773 -2.9461441 -2.5863504 17.5178204 -0.1420765 -0.2663287 -0.0323672 0.9528041
1740549577.287106 -3.0110569 -2.5527225 17.5862560 -0.1459039 -0.2724137 -0.0325060 0.9504979
1740549577.385936 -3.0658906 -2.5149848 17.6555042 -0.1493457 -0.2780244 -0.0322335 0.9483455
1740549577.490568 -3.1211088 -2.4748869 17.7251282 -0.1522115 -0.2826920 -0.0323796 0.9465033
1740549577.590921 -3.1637838 -2.4324689 17.8103294 -0.1545188 -0.2872936 -0.0326519 0.9447329
1740549577.700923 -3.2087569 -2.3774586 17.8842087 -0.1559284 -0.2908068 -0.0321410 0.9434431
1740549577.800907 -3.2540882 -2.3320880 17.9631748 -0.1572665 -0.2939280 -0.0321039 0.9422542
1740549577.899170 -3.3005662 -2.2885313 18.0375328 -0.1584098 -0.2964588 -0.0319356 0.9412751
1740549578.002101 -3.3532319 -2.2463603 18.1157875 -0.1585206 -0.2983653 -0.0317315 0.9406607
1740549578.101741 -3.4144201 -2.2188692 18.1927586 -0.1585313 -0.2998433 -0.0312820 0.9402039
1740549578.212596 -3.4773450 -2.1979206 18.2666893 -0.1585564 -0.3007811 -0.0311182 0.9399055
1740549578.317798 -3.5381103 -2.1742680 18.3444462 -0.1580059 -0.3015721 -0.0308572 0.9397533
1740549578.433959 -3.6019697 -2.1434278 18.4167900 -0.1572341 -0.3016904 -0.0303367 0.9398617
1740549578.535922 -3.6604378 -2.1230044 18.4960403 -0.1563442 -0.3019062 -0.0301752 0.9399461
1740549578.741658 -3.7822719 -2.0890596 18.6540928 -0.1545440 -0.3013419 -0.0298144 0.9404362
1740549578.949495 -3.8981626 -2.0338631 18.8124123 -0.1523070 -0.3001778 -0.0294553 0.9411845
1740549579.147976 -4.0040827 -1.9698510 18.9712677 -0.1500745 -0.2983260 -0.0290425 0.9421442
1740549579.249711 -4.0552349 -1.9420025 19.0541916 -0.1492885 -0.2974578 -0.0287179 0.9425535
1740549579.451796 -4.1620607 -1.8894564 19.2184048 -0.1479919 -0.2959774 -0.0290358 0.9432141
1740549579.649742 -4.2753558 -1.8329399 19.3748150 -0.1474138 -0.2939814 -0.0291805 0.9439241
1740549579.965343 -4.4227285 -1.7284598 19.6177139 -0.1476214 -0.2911368 -0.0297611 0.9447548
1740549580.270681 -4.5815859 -1.6286223 19.8573914 -0.1478897 -0.2889919 -0.0300626 0.9453616
1740549580.580550 -4.7399483 -1.5427520 20.1005383 -0.1486317 -0.2883253 -0.0303693 0.9454390
1740549580.988946 -4.9462547 -1.4113069 20.4257908 -0.1474388 -0.2899089 -0.0295242 0.9451683
1740549581.398369 -5.1687074 -1.2746000 20.7279987 -0.1414311 -0.2927664 -0.0274151 0.9452690
1740549581.606245 -5.3086243 -1.2504803 20.8548222 -0.1373003 -0.2938358 -0.0275477 0.9455423
1740549581.815176 -5.4633102 -1.2155885 20.9800949 -0.1315110 -0.2960508 -0.0254030 0.9457344
1740549581.914590 -5.5308189 -1.1881816 21.0422363 -0.1271273 -0.2976452 -0.0232891 0.9458877
1740549582.023180 -5.5999179 -1.1812016 21.0906277 -0.1232269 -0.2976955 -0.0224732 0.9464077
1740549582.122293 -5.6800203 -1.1732775 21.1447964 -0.1202898 -0.2991546 -0.0208328 0.9463630
1740549582.233376 -5.7378817 -1.1557461 21.2184391 -0.1158772 -0.3016394 -0.0186167 0.9461710
1740549582.332173 -5.8001070 -1.1491799 21.2812862 -0.1116135 -0.3043800 -0.0164227 0.9458465
1740549582.440774 -5.8779535 -1.1498897 21.3332710 -0.1072033 -0.3064210 -0.0147198 0.9457256
1740549582.541206 -5.9480076 -1.1558254 21.3898506 -0.1032534 -0.3087157 -0.0127063 0.9454480
1740549582.642500 -6.0269923 -1.1608725 21.4489422 -0.0986223 -0.3118577 -0.0091584 0.9449522
1740549582.750976 -6.0864549 -1.1665184 21.4865665 -0.0949058 -0.3161668 -0.0058586 0.9439265
1740549582.855389 -6.1294127 -1.1642523 21.5289154 -0.0914039 -0.3206697 -0.0035520 0.9427639
1740549582.972400 -6.1639175 -1.1636791 21.5685806 -0.0861750 -0.3286698 0.0019082 0.9405032
1740549583.070462 -6.1878357 -1.1721883 21.5876007 -0.0835128 -0.3356307 0.0067299 0.9382603
1740549583.174720 -6.2028465 -1.1759626 21.5969162 -0.0809467 -0.3415209 0.0099980 0.9363285
1740549583.274590 -6.2038755 -1.1772574 21.5962048 -0.0755446 -0.3463328 0.0115592 0.9349936
1740549583.371926 -6.2283669 -1.1795721 21.6244926 -0.0707123 -0.3557933 0.0162410 0.9317442
1740549583.473674 -6.2484388 -1.1976042 21.6522179 -0.0696342 -0.3639801 0.0155648 0.9286696
1740549583.569172 -6.2443748 -1.1938598 21.6480904 -0.0673210 -0.3684074 0.0231701 0.9269342
1740549583.665177 -6.2409163 -1.1960700 21.6495857 -0.0671407 -0.3757654 0.0263860 0.9239028
1740549583.769696 -6.2434292 -1.1949608 21.6548786 -0.0625170 -0.3837237 0.0306606 0.9208190
1740549583.867268 -6.2589512 -1.1924647 21.6691055 -0.0556318 -0.3948992 0.0370527 0.9162897
1740549583.972982 -6.2968283 -1.2006280 21.6959267 -0.0535589 -0.4036621 0.0371717 0.9125824
1740549584.069567 -6.3168650 -1.1986587 21.7156487 -0.0525624 -0.4128828 0.0422632 0.9082835
1740549584.164397 -6.3785543 -1.1972485 21.7611275 -0.0453665 -0.4195109 0.0483377 0.9053264
1740549584.264249 -6.4352851 -1.2041210 21.8003483 -0.0420326 -0.4263754 0.0515448 0.9020978
1740549584.359872 -6.4727683 -1.2168086 21.8481083 -0.0385583 -0.4358962 0.0537539 0.8975624
1740549584.469444 -6.5262346 -1.2161943 21.8829098 -0.0347480 -0.4433255 0.0564171 0.8939084
1740549584.565629 -6.5828342 -1.2244120 21.9240723 -0.0320030 -0.4508680 0.0576749 0.8901502
1740549584.689309 -6.6321130 -1.2255623 21.9569283 -0.0288651 -0.4590101 0.0586084 0.8860257
1740549584.783166 -6.6973591 -1.2258136 22.0084934 -0.0244825 -0.4659136 0.0611730 0.8823736
1740549584.877913 -6.7553854 -1.2341026 22.0450249 -0.0224931 -0.4735098 0.0628532 0.8782551
1740549584.982753 -6.8126612 -1.2457137 22.0982132 -0.0196016 -0.4808461 0.0641360 0.8742365
1740549585.076481 -6.8503475 -1.2575406 22.1366386 -0.0174107 -0.4896581 0.0655484 0.8692728
1740549585.182990 -6.8933177 -1.2595181 22.1702213 -0.0149174 -0.4981148 0.0657424 0.8644866
1740549585.279807 -6.9328713 -1.2769332 22.2103271 -0.0149854 -0.5055933 0.0668738 0.8600459
1740549585.374134 -7.0127349 -1.2961754 22.2536945 -0.0136951 -0.5106562 0.0683462 0.8569549
1740549585.476497 -7.0473347 -1.3076631 22.2774773 -0.0127511 -0.5191079 0.0678924 0.8519126
1740549585.573694 -7.1117411 -1.3313935 22.3080997 -0.0123723 -0.5256135 0.0693414 0.8478026
1740549585.669715 -7.1657257 -1.3463008 22.3504066 -0.0119626 -0.5324300 0.0691211 0.8435624
1740549585.774376 -7.2135172 -1.3541487 22.3786240 -0.0100733 -0.5397475 0.0694134 0.8388999
1740549585.871292 -7.2551975 -1.3569031 22.4094353 -0.0082286 -0.5481009 0.0690508 0.8335164
1740549585.972520 -7.3116608 -1.3708419 22.4403992 -0.0085001 -0.5544952 0.0685206 0.8293176
1740549586.068617 -7.3289242 -1.4112700 22.4684219 -0.0122135 -0.5631521 0.0674478 0.8235055
1740549586.164653 -7.3674321 -1.4177644 22.5001984 -0.0100280 -0.5710466 0.0675413 0.8180730
1740549586.268137 -7.4108753 -1.4191418 22.5246391 -0.0088828 -0.5776899 0.0682471 0.8133498
1740549586.364347 -7.4642501 -1.4219120 22.5539036 -0.0082973 -0.5844504 0.0675232 0.8085725
1740549586.475446 -7.4963031 -1.4304371 22.5804729 -0.0065899 -0.5925765 0.0681262 0.8026011
1740549586.574052 -7.5505180 -1.4182132 22.6062889 -0.0041953 -0.5992641 0.0679987 0.7976472
1740549586.670443 -7.5835123 -1.4279895 22.6260529 -0.0033583 -0.6064947 0.0674991 0.7922100
1740549586.774516 -7.6341028 -1.4316316 22.6358929 -0.0013715 -0.6109509 0.0681626 0.7887274
1740549586.870557 -7.6351528 -1.4249274 22.6649990 0.0025181 -0.6201210 0.0683828 0.7815161
1740549587.069207 -7.6788578 -1.4460815 22.6594353 0.0039414 -0.6214352 0.0623066 0.7809742
1740549587.165590 -7.7062263 -1.4582320 22.6551552 0.0027496 -0.6229963 0.0607463 0.7798576
1740549587.269601 -7.7276182 -1.4563558 22.6620636 0.0023439 -0.6253991 0.0620725 0.7778287
1740549587.365475 -7.7528114 -1.4618202 22.6606636 0.0005097 -0.6266226 0.0631837 0.7767572
1740549587.470066 -7.8089781 -1.4732673 22.6554298 -0.0003771 -0.6263972 0.0595193 0.7772283
1740549587.661935 -7.9418812 -1.4692196 22.7122993 -0.0012217 -0.6306908 0.0609554 0.7736357
1740549587.764572 -8.0062180 -1.4436052 22.7282047 0.0019254 -0.6330284 0.0608445 0.7717314
1740549587.859344 -8.0742598 -1.4651451 22.7279434 -0.0010999 -0.6330509 0.0589269 0.7718633
1740549587.968794 -8.1684141 -1.4809558 22.7328491 -0.0024775 -0.6334565 0.0583878 0.7715682
1740549588.163294 -8.3087683 -1.5196778 22.7664108 -0.0065220 -0.6343488 0.0559292 0.7709935
1740549588.265396 -8.3246593 -1.5359092 22.7602425 -0.0103984 -0.6349226 0.0550522 0.7705416
1740549588.368293 -8.3909712 -1.5376036 22.7516365 -0.0102119 -0.6338816 0.0536388 0.7715003
1740549588.471354 -8.4445562 -1.5580677 22.7412872 -0.0138779 -0.6331050 0.0520932 0.7721863
1740549588.572629 -8.5122366 -1.5707912 22.7654896 -0.0159778 -0.6353001 0.0505156 0.7704458
1740549588.775443 -8.6347866 -1.5737665 22.7953358 -0.0187884 -0.6360434 0.0483105 0.7699103
1740549588.873086 -8.6682615 -1.5751770 22.8094292 -0.0219260 -0.6364337 0.0451947 0.7696940
1740549588.975843 -8.7459860 -1.5757661 22.8313332 -0.0231561 -0.6372356 0.0440805 0.7690588
1740549589.073570 -8.8064232 -1.5707219 22.8284302 -0.0246835 -0.6355283 0.0430842 0.7704793
1740549589.170506 -8.8564434 -1.5683008 22.8353233 -0.0252617 -0.6351257 0.0424605 0.7708271
1740549589.277518 -8.8870411 -1.5845728 22.8481770 -0.0300725 -0.6359168 0.0396738 0.7701502
1740549589.374346 -8.9494848 -1.5935448 22.8738689 -0.0340352 -0.6370885 0.0363522 0.7691804
1740549589.476251 -8.9578362 -1.5938704 22.8807945 -0.0358907 -0.6369203 0.0349355 0.7693009
1740549589.573607 -8.9787312 -1.5913602 22.8804436 -0.0384752 -0.6359414 0.0334950 0.7700496
1740549589.669183 -9.0130844 -1.5906975 22.8754692 -0.0399370 -0.6345895 0.0309108 0.7711976
1740549589.772180 -9.0269003 -1.5823178 22.8766327 -0.0427504 -0.6335867 0.0315307 0.7718459
1740549589.867091 -9.0107460 -1.5925111 22.8836384 -0.0488006 -0.6338002 0.0312816 0.7713218
1740549589.973305 -9.0849380 -1.5766909 22.8830662 -0.0490391 -0.6347750 0.0300437 0.7705539
1740549590.069965 -9.1198444 -1.5774360 22.8872700 -0.0523050 -0.6342620 0.0301637 0.7707568
1740549590.165874 -9.1053228 -1.5780965 22.8869820 -0.0531822 -0.6350067 0.0239078 0.7703029
1740549590.269440 -9.1046314 -1.5798600 22.8817768 -0.0544945 -0.6331676 0.0228350 0.7717563
1740549590.368685 -9.0910397 -1.5747637 22.8922958 -0.0563588 -0.6344754 0.0215007 0.7705858
1740549590.472422 -9.0742283 -1.5607054 22.9018955 -0.0593087 -0.6381689 0.0213695 0.7673110
1740549590.573394 -9.0895071 -1.5612897 22.9031143 -0.0620917 -0.6381424 0.0211267 0.7671196
1740549590.670964 -9.0620604 -1.5688915 22.9007874 -0.0599668 -0.6370428 0.0137381 0.7683695
1740549590.778040 -9.0669785 -1.5772035 22.8990421 -0.0639698 -0.6402366 0.0103073 0.7654402
1740549590.876012 -9.0833149 -1.5720779 22.8984604 -0.0655801 -0.6399202 0.0125495 0.7655350
1740549590.981360 -9.1462975 -1.5808295 22.9186954 -0.0674889 -0.6440504 0.0132300 0.7618854
1740549591.075125 -9.1516981 -1.5631984 22.9175224 -0.0647807 -0.6453249 0.0124435 0.7610548
1740549591.171246 -9.1588030 -1.5533123 22.9200783 -0.0650295 -0.6472229 0.0127227 0.7594154
1740549591.278592 -9.1606627 -1.5689727 22.9178295 -0.0665338 -0.6494599 0.0085154 0.7574316
1740549591.375769 -9.1710262 -1.5666021 22.9251976 -0.0675477 -0.6530349 0.0067356 0.7542794
1740549591.478705 -9.1755800 -1.5697811 22.9264927 -0.0681317 -0.6545753 0.0029632 0.7529147
1740549591.576715 -9.1786366 -1.5718594 22.9261684 -0.0712774 -0.6567787 0.0029183 0.7507015
1740549591.677955 -9.1782579 -1.5716677 22.9265633 -0.0761375 -0.6594297 0.0046385 0.7478864
1740549591.778752 -9.1785383 -1.5741346 22.9290390 -0.0763439 -0.6614254 0.0017476 0.7461133
1740549591.874543 -9.2183266 -1.5834205 22.9337082 -0.0796979 -0.6643569 0.0019412 0.7431517
1740549591.976286 -9.2315445 -1.5836535 22.9356689 -0.0802750 -0.6663216 0.0004674 0.7413307
1740549592.071819 -9.2613964 -1.5906763 22.9391575 -0.0831874 -0.6682056 -0.0008024 0.7393108
1740549592.166677 -9.3105049 -1.5962663 22.9355621 -0.0856070 -0.6700420 -0.0020243 0.7373677
1740549592.266619 -9.3874693 -1.6025379 22.9257164 -0.0863230 -0.6707096 -0.0036948 0.7366705
1740549592.363303 -9.4698668 -1.6023006 22.9173737 -0.0877302 -0.6712596 -0.0049041 0.7359959
1740549592.471284 -9.5407963 -1.5970953 22.9121895 -0.0892041 -0.6721270 -0.0064242 0.7350147
1740549592.569896 -9.6047220 -1.5963519 22.9076214 -0.0901768 -0.6729892 -0.0072095 0.7340993
1740549592.667667 -9.6364632 -1.5986917 22.9095078 -0.0893100 -0.6743003 -0.0093948 0.7329765
1740549592.772498 -9.6685658 -1.6021702 22.9015503 -0.0875345 -0.6738840 -0.0136913 0.7335057
1740549592.886119 -9.7462807 -1.6175690 22.9060059 -0.0898257 -0.6747133 -0.0171219 0.7323935
1740549592.990250 -9.8385925 -1.6202729 22.9010124 -0.0912364 -0.6757999 -0.0182073 0.7311901
1740549593.090265 -9.9218988 -1.6189868 22.8994350 -0.0922366 -0.6777426 -0.0182887 0.7292619
1740549593.195164 -9.9848595 -1.6177392 22.8961678 -0.0926661 -0.6783140 -0.0178719 0.7286863
1740549593.297964 -10.0402460 -1.6203880 22.8970222 -0.0918484 -0.6802515 -0.0184425 0.7269674
1740549593.396186 -10.1156826 -1.6284876 22.8820152 -0.0918088 -0.6798860 -0.0205319 0.7272584
1740549593.502496 -10.1956844 -1.6317737 22.8744240 -0.0910058 -0.6796311 -0.0209487 0.7275855
1740549593.602579 -10.2760096 -1.6338305 22.8673782 -0.0899899 -0.6793975 -0.0226207 0.7278799
1740549593.703968 -10.3723173 -1.6441293 22.8653603 -0.0899823 -0.6804470 -0.0239794 0.7268563
1740549593.803564 -10.4702673 -1.6432102 22.8654518 -0.0894109 -0.6821278 -0.0230384 0.7253804
1740549593.902278 -10.5385504 -1.6502101 22.8707771 -0.0900867 -0.6851392 -0.0213788 0.7225038
1740549594.005601 -10.6044397 -1.6531429 22.8730488 -0.0897438 -0.6878279 -0.0184189 0.7200692
1740549594.104457 -10.6930237 -1.6605246 22.8686028 -0.0880749 -0.6882679 -0.0174831 0.7198781
1740549594.209677 -10.7876883 -1.6718814 22.8687057 -0.0880680 -0.6889830 -0.0167877 0.7192112
1740549594.310876 -10.8789577 -1.6825676 22.8677864 -0.0865879 -0.6903436 -0.0155920 0.7181123
1740549594.412168 -10.9655533 -1.6926880 22.8690510 -0.0866717 -0.6905321 -0.0164089 0.7179027
1740549594.519589 -11.0452271 -1.6780262 22.8702621 -0.0843980 -0.6913685 -0.0134461 0.7174300
1740549594.621113 -11.1397791 -1.6673326 22.8615036 -0.0820853 -0.6919412 -0.0126627 0.7171605
1740549594.722700 -11.2192411 -1.6719098 22.8590813 -0.0823374 -0.6927503 -0.0109313 0.7163785
1740549594.823592 -11.2745647 -1.6570737 22.8577728 -0.0795108 -0.6930290 -0.0097076 0.7164458
1740549594.923319 -11.2847843 -1.6682613 22.8502464 -0.0802519 -0.6922718 -0.0087909 0.7171069
1740549595.027628 -11.2842560 -1.6777027 22.8617687 -0.0799987 -0.6931067 -0.0093754 0.7163208
1740549595.128309 -11.2862196 -1.6678360 22.8515358 -0.0792911 -0.6920782 -0.0078605 0.7174112
1740549595.237640 -11.2898331 -1.6683297 22.8518639 -0.0786828 -0.6923692 -0.0085468 0.7171896
1740549595.336077 -11.3057442 -1.6704853 22.8505402 -0.0789948 -0.6919985 -0.0069086 0.7175306
1740549595.435238 -11.3159189 -1.6672785 22.8464165 -0.0777645 -0.6899043 -0.0043780 0.7196983
1740549595.540256 -11.3324795 -1.6754751 22.8507977 -0.0772445 -0.6891948 -0.0058500 0.7204233
1740549595.639467 -11.3546467 -1.6846023 22.8653984 -0.0780664 -0.6899220 -0.0063940 0.7196335
1740549595.743363 -11.3714771 -1.6777613 22.8672867 -0.0759194 -0.6883286 -0.0048923 0.7213987
1740549595.842512 -11.3704147 -1.6779644 22.8655968 -0.0770492 -0.6872073 -0.0045369 0.7223496
1740549595.947773 -11.3784485 -1.6806736 22.8631363 -0.0775851 -0.6853593 -0.0052049 0.7240415
1740549596.052034 -11.3893423 -1.6849411 22.8595543 -0.0763141 -0.6812121 -0.0063844 0.7280697
1740549596.151593 -11.3956375 -1.6854494 22.8618698 -0.0773201 -0.6803189 -0.0044867 0.7288126
1740549596.254467 -11.4135628 -1.6929188 22.8683739 -0.0748696 -0.6783367 -0.0093094 0.7308674
1740549596.352479 -11.4126244 -1.6941578 22.8733177 -0.0752139 -0.6763650 -0.0093236 0.7326570
1740549596.461704 -11.4266272 -1.6901829 22.8784351 -0.0726810 -0.6748749 -0.0093885 0.7342842
1740549596.563966 -11.4345331 -1.6953669 22.8771362 -0.0734055 -0.6723022 -0.0081452 0.7365834
1740549596.667751 -11.4347801 -1.6988978 22.8776054 -0.0748306 -0.6706768 -0.0078317 0.7379239
1740549596.773275 -11.4461403 -1.6955729 22.8773060 -0.0730294 -0.6685861 -0.0042144 0.7400281
1740549596.872706 -11.4539776 -1.6962519 22.8790131 -0.0726337 -0.6667457 -0.0037332 0.7417281
1740549596.977194 -11.4567738 -1.6972342 22.8791466 -0.0712305 -0.6647939 -0.0036991 0.7436140
1740549597.080413 -11.4631090 -1.7006867 22.8841381 -0.0695749 -0.6637031 -0.0054766 0.7447332
1740549597.181967 -11.4741783 -1.6987860 22.8916779 -0.0680905 -0.6625271 -0.0050408 0.7459198
1740549597.288518 -11.4668837 -1.7001853 22.8815765 -0.0678663 -0.6593735 -0.0024158 0.7487423
1740549597.387661 -11.4608727 -1.7049520 22.8789597 -0.0721801 -0.6562788 -0.0023903 0.7510543
1740549597.493298 -11.4731007 -1.6993831 22.8894749 -0.0692348 -0.6556664 -0.0001293 0.7518699
1740549597.593267 -11.4864807 -1.6962197 22.8852119 -0.0697963 -0.6530187 0.0019067 0.7541164
1740549597.698241 -11.4967976 -1.7050979 22.8854828 -0.0743675 -0.6513286 0.0004380 0.7551426
1740549597.804422 -11.5057554 -1.7043681 22.8851013 -0.0712611 -0.6492724 0.0012074 0.7572092
1740549597.901567 -11.5159540 -1.7171779 22.8820496 -0.0759826 -0.6465447 -0.0024622 0.7590787
1740549598.009073 -11.5251493 -1.7375295 22.8784180 -0.0822126 -0.6419769 -0.0059943 0.7622800
1740549598.110683 -11.5633211 -1.7636454 22.8717766 -0.0852711 -0.6370828 -0.0102118 0.7659961
1740549598.216482 -11.6281195 -1.7553027 22.8875713 -0.0860736 -0.6341947 -0.0114743 0.7682817
1740549598.320343 -11.7098017 -1.8058865 22.8888016 -0.0863430 -0.6298145 -0.0161051 0.7717637
1740549598.418463 -11.7761536 -1.8394225 22.8906555 -0.0882544 -0.6260048 -0.0190661 0.7745745
1740549598.525959 -11.8702993 -1.8214955 22.9207268 -0.0862225 -0.6250093 -0.0182725 0.7756256
1740549598.627233 -11.9684906 -1.8267348 22.9419403 -0.0854892 -0.6229957 -0.0177156 0.7773378
1740549598.742189 -12.0646782 -1.8051729 22.9670334 -0.0839451 -0.6214551 -0.0169464 0.7787551
1740549598.843565 -12.1558208 -1.7981732 22.9918327 -0.0840257 -0.6199434 -0.0159315 0.7799718
1740549598.948912 -12.2533236 -1.7724490 23.0100403 -0.0812195 -0.6177515 -0.0148168 0.7820274
1740549599.053520 -12.3496189 -1.7622306 23.0427132 -0.0802126 -0.6162583 -0.0143606 0.7833170
1740549599.153585 -12.4475307 -1.7422473 23.0625610 -0.0787425 -0.6139248 -0.0129992 0.7853197
1740549599.254608 -12.5419521 -1.7319200 23.0943642 -0.0775689 -0.6125134 -0.0126478 0.7865434
1740549599.352558 -12.6401892 -1.7140925 23.1222286 -0.0759282 -0.6107761 -0.0111270 0.7880760
1740549599.463743 -12.7325335 -1.6965376 23.1497192 -0.0740362 -0.6087251 -0.0103269 0.7898518
1740549599.558643 -12.8243828 -1.6987240 23.1715317 -0.0737496 -0.6069142 -0.0102044 0.7912725
1740549599.657604 -12.9189453 -1.6815161 23.2138596 -0.0720262 -0.6057487 -0.0095798 0.7923313
1740549599.774217 -13.0165558 -1.6645452 23.2454109 -0.0700540 -0.6041989 -0.0077195 0.7937106
1740549599.873653 -13.1127787 -1.6630692 23.2754135 -0.0688150 -0.6027235 -0.0066821 0.7949492
1740549599.977785 -13.2059212 -1.6394049 23.2984734 -0.0667783 -0.6008663 -0.0048067 0.7965409
1740549600.082789 -13.3035975 -1.6413982 23.3290787 -0.0650151 -0.5997599 -0.0045813 0.7975213
1740549600.286734 -13.4925747 -1.6278201 23.3929138 -0.0614925 -0.5974116 -0.0022673 0.7995705
1740549600.387798 -13.5884800 -1.6182662 23.4222794 -0.0600515 -0.5963179 -0.0018158 0.8004971
1740549600.495796 -13.6869793 -1.6014696 23.4479065 -0.0586217 -0.5952818 0.0000275 0.8013758
1740549600.595937 -13.7778645 -1.6067344 23.4726448 -0.0568916 -0.5937203 0.0008820 0.8026572
1740549600.703749 -13.8726339 -1.6036328 23.5042801 -0.0557153 -0.5929538 0.0018950 0.8033044
1740549600.806066 -13.9645567 -1.6049093 23.5472088 -0.0545057 -0.5928855 0.0026209 0.8034358
1740549600.905631 -14.0592890 -1.6120241 23.5708351 -0.0533355 -0.5915430 0.0027655 0.8045027
1740549601.012490 -14.1548615 -1.6147829 23.6005707 -0.0524544 -0.5909991 0.0035377 0.8049572
1740549601.115463 -14.2463408 -1.6133945 23.6317482 -0.0502630 -0.5903968 0.0050178 0.8055310
1740549601.221525 -14.3402576 -1.6183751 23.6656494 -0.0496161 -0.5900634 0.0055471 0.8058118
1740549601.322917 -14.4351425 -1.6257641 23.7030563 -0.0494562 -0.5898858 0.0055904 0.8059514
1740549601.422752 -14.5222502 -1.6058643 23.7132645 -0.0486696 -0.5879837 0.0066925 0.8073795
1740549601.528301 -14.6035748 -1.5949709 23.7416229 -0.0472036 -0.5868239 0.0060411 0.8083150
1740549601.632156 -14.7007284 -1.5791705 23.7570610 -0.0464702 -0.5858235 0.0069672 0.8090753
1740549601.746946 -14.7863827 -1.5725461 23.7794933 -0.0447446 -0.5847343 0.0072530 0.8099575
1740549601.852447 -14.8721724 -1.5522676 23.8060532 -0.0441454 -0.5839000 0.0068873 0.8105952
1740549601.970471 -14.9480724 -1.5173610 23.8425274 -0.0436656 -0.5838604 0.0062938 0.8106545
1740549602.072962 -15.0346460 -1.5027022 23.8637810 -0.0424552 -0.5828087 0.0068074 0.8114711
1740549602.175642 -15.1280718 -1.5175924 23.8916588 -0.0422869 -0.5821193 0.0062794 0.8119788
1740549602.285086 -15.2224731 -1.5290530 23.9258652 -0.0417164 -0.5820243 0.0062408 0.8120767
1740549602.387645 -15.3145609 -1.5030856 23.9557190 -0.0412542 -0.5816830 0.0065383 0.8123424
1740549602.500368 -15.4108753 -1.5006789 23.9672585 -0.0400263 -0.5800447 0.0076399 0.8135648
1740549602.603081 -15.5000648 -1.4837310 23.9931984 -0.0385279 -0.5791472 0.0085531 0.8142672
1740549602.722085 -15.5969067 -1.4924197 24.0314064 -0.0384793 -0.5793720 0.0082069 0.8141131
1740549602.832157 -15.6915474 -1.4882454 24.0622063 -0.0372873 -0.5786712 0.0089682 0.8146588
1740549602.937626 -15.7839231 -1.4866312 24.0901737 -0.0359432 -0.5777212 0.0097754 0.8153838
1740549603.046716 -15.8801632 -1.4854717 24.1133842 -0.0360911 -0.5758705 0.0103875 0.8166779
1740549603.152694 -15.9752245 -1.4806706 24.1492195 -0.0350201 -0.5754292 0.0114283 0.8170215
1740549603.261804 -16.0685730 -1.4768003 24.1808701 -0.0345099 -0.5739951 0.0113203 0.8180529
1740549603.368717 -16.1652660 -1.4843620 24.2169304 -0.0338075 -0.5731184 0.0118731 0.8186888
1740549603.474724 -16.2568188 -1.4935074 24.2462730 -0.0341871 -0.5712001 0.0117729 0.8200141
1740549603.578238 -16.3535233 -1.4971204 24.2780380 -0.0338006 -0.5697756 0.0116810 0.8210218
1740549603.680582 -16.4462128 -1.4967642 24.3206825 -0.0334543 -0.5689559 0.0120594 0.8215988
1740549603.786911 -16.5413570 -1.4964373 24.3565102 -0.0333910 -0.5669721 0.0118682 0.8229744
1740549603.888708 -16.6334934 -1.5041118 24.3975258 -0.0345544 -0.5652195 0.0106219 0.8241482
1740549604.001754 -16.7244797 -1.4909152 24.4322701 -0.0343145 -0.5632041 0.0110177 0.8255315
1740549604.106622 -16.8168125 -1.4802101 24.4710102 -0.0348565 -0.5610343 0.0104220 0.8269928
1740549604.223929 -16.9058228 -1.4683763 24.5124435 -0.0367655 -0.5588382 0.0097203 0.8284044
1740549604.323721 -16.9954948 -1.4554189 24.5594082 -0.0375991 -0.5566798 0.0088248 0.8298289
1740549604.425573 -17.0856190 -1.4427067 24.5969448 -0.0384927 -0.5541235 0.0085262 0.8315003
1740549604.539645 -17.1762695 -1.4300092 24.6430435 -0.0397857 -0.5520757 0.0073929 0.8328115
1740549604.642332 -17.2653809 -1.4175189 24.6861935 -0.0410411 -0.5493881 0.0069092 0.8345302
1740549604.758769 -17.3557320 -1.4161955 24.7328186 -0.0425828 -0.5469661 0.0055445 0.8360527
1740549604.863831 -17.4482155 -1.4105161 24.7747822 -0.0437359 -0.5443638 0.0043133 0.8376973
1740549604.976128 -17.5375175 -1.3976655 24.8198700 -0.0450890 -0.5422173 0.0035009 0.8390204
1740549605.188762 -17.7121811 -1.3583753 24.9104118 -0.0480488 -0.5374938 0.0014558 0.8418964
1740549605.299030 -17.8015385 -1.3505201 24.9539948 -0.0488671 -0.5351415 0.0006308 0.8433477
1740549605.405715 -17.8912201 -1.3404114 25.0014381 -0.0497931 -0.5329443 0.0002096 0.8446841
1740549605.622334 -18.0684357 -1.3517182 25.0896454 -0.0510260 -0.5290863 -0.0013323 0.8470314
1740549605.944646 -18.3333416 -1.2793996 25.2247467 -0.0514327 -0.5233774 -0.0017840 0.8505455
1740549606.389782 -18.6864376 -1.2336445 25.4180908 -0.0482263 -0.5175617 -0.0003122 0.8542857
1740549606.621880 -18.8631363 -1.2127919 25.5124931 -0.0447670 -0.5147415 0.0019544 0.8561736
1740549607.064087 -19.2212524 -1.2101252 25.6998520 -0.0364518 -0.5099711 0.0067512 0.8593924
1740549607.300446 -19.3949890 -1.2079391 25.8034878 -0.0303477 -0.5074319 0.0102639 0.8610962
1740549607.622478 -19.6538429 -1.2197795 25.9545631 -0.0224395 -0.5041507 0.0151361 0.8631914
1740549607.839612 -19.8249092 -1.2336555 26.0625076 -0.0170742 -0.5014852 0.0187619 0.8647942
1740549607.943894 -19.9098740 -1.2323189 26.1144981 -0.0139840 -0.4999417 0.0206693 0.8656995
1740549608.054074 -19.9917374 -1.2369797 26.1803131 -0.0115079 -0.4991012 0.0221316 0.8661847
1740549608.157273 -20.0826530 -1.2378323 26.2210083 -0.0079134 -0.4974768 0.0237691 0.8671156
1740549608.266060 -20.1767750 -1.2350204 26.2612381 -0.0042510 -0.4957559 0.0244965 0.8681059
1740549608.371818 -20.2525635 -1.2523277 26.3236485 -0.0025824 -0.4955642 0.0271030 0.8681446
1740549608.481633 -20.3327522 -1.2469177 26.3679543 0.0017868 -0.4943771 0.0287643 0.8687697
1740549608.606303 -20.4262486 -1.2513946 26.4150352 0.0045413 -0.4923608 0.0300051 0.8698621
1740549608.711864 -20.5057583 -1.2692058 26.4764633 0.0061422 -0.4920859 0.0316141 0.8699508
1740549608.931714 -20.6780319 -1.2908204 26.5828590 0.0106286 -0.4894488 0.0347572 0.8712743
1740549609.158597 -20.8443508 -1.3088924 26.6843300 0.0159243 -0.4871212 0.0374598 0.8723853
1740549609.272563 -20.9291935 -1.3108993 26.7339973 0.0184358 -0.4862507 0.0378473 0.8728046
1740549609.377274 -21.0162125 -1.3178061 26.7849693 0.0208867 -0.4849392 0.0394679 0.8734072
1740549609.500426 -21.0916824 -1.3234438 26.8344193 0.0231951 -0.4849094 0.0401094 0.8733362
1740549609.603194 -21.1734715 -1.3372345 26.8920555 0.0255972 -0.4835703 0.0421674 0.8739144
1740549609.704701 -21.2466240 -1.3514445 26.9539566 0.0273208 -0.4835952 0.0440662 0.8737549
1740549609.813377 -21.3355827 -1.3553200 27.0078392 0.0296997 -0.4819754 0.0442181 0.8745642
1740549609.917269 -21.4176464 -1.3614337 27.0643501 0.0320386 -0.4804515 0.0458931 0.8752336
1740549610.027174 -21.4826698 -1.3721418 27.1142540 0.0345236 -0.4813707 0.0466224 0.8745952
1740549610.130355 -21.5565643 -1.3977671 27.1787910 0.0349634 -0.4805083 0.0493146 0.8749042
1740549610.250427 -21.6289291 -1.4071565 27.2285824 0.0375779 -0.4805188 0.0504642 0.8747244
1740549610.348857 -21.7026443 -1.4220353 27.2735748 0.0404320 -0.4800852 0.0515863 0.8747699
1740549610.452896 -21.7635727 -1.4346256 27.3156662 0.0435262 -0.4809539 0.0528495 0.8740685
1740549610.558445 -21.8522110 -1.4485869 27.3638000 0.0451816 -0.4788147 0.0534672 0.8751208
1740549610.657297 -21.9313564 -1.4681854 27.4227200 0.0465912 -0.4774493 0.0550427 0.8756950
1740549610.760285 -21.9880295 -1.4908590 27.4697762 0.0483336 -0.4786545 0.0571600 0.8748065
1740549610.860327 -22.0707493 -1.5154262 27.5326462 0.0488451 -0.4770055 0.0594790 0.8755239
1740549610.967629 -22.1363640 -1.5444192 27.5877075 0.0498048 -0.4769737 0.0621217 0.8753036
1740549611.073374 -22.1873703 -1.5556248 27.6405201 0.0532591 -0.4786923 0.0649013 0.8739594
1740549611.174085 -22.2389030 -1.5449167 27.6825562 0.0599191 -0.4802642 0.0669162 0.8725126
1740549611.273845 -22.2760735 -1.5473984 27.7388458 0.0638095 -0.4843216 0.0684732 0.8698692
1740549611.374537 -22.3179550 -1.5560783 27.8048344 0.0669459 -0.4870769 0.0713626 0.8678605
1740549611.469900 -22.3552017 -1.5456219 27.8559017 0.0734784 -0.4901177 0.0744369 0.8653581
1740549611.574816 -22.3837662 -1.5398781 27.9071274 0.0805345 -0.4935986 0.0793682 0.8623081
1740549611.674357 -22.4110336 -1.5401254 27.9716492 0.0854539 -0.4984654 0.0832975 0.8586568
1740549611.774553 -22.4500141 -1.5276189 28.0282516 0.0920286 -0.5012787 0.0868362 0.8559847
1740549611.874399 -22.4851112 -1.5219712 28.0731201 0.0997488 -0.5035008 0.0917004 0.8533043
1740549612.073085 -22.5823879 -1.5160940 28.1905537 0.1107688 -0.5078360 0.0973697 0.8487356
1740549612.170016 -22.6063747 -1.4894676 28.2381916 0.1212733 -0.5122157 0.1004714 0.8442946
1740549612.273117 -22.6416931 -1.4854984 28.2948990 0.1255430 -0.5159195 0.1039801 0.8409840
1740549612.572426 -22.6126232 -1.5085983 28.2628288 0.1180296 -0.5072482 0.0972751 0.8481190
1740549612.668312 -22.6189461 -1.5127962 28.2599831 0.1169090 -0.5036644 0.0984081 0.8502766
1740549612.867854 -22.6300201 -1.5177839 28.2707558 0.1169844 -0.5014170 0.1004484 0.8513553
1740549612.968235 -22.6318226 -1.5170634 28.2698307 0.1153097 -0.5002166 0.1007719 0.8522512
1740549613.073073 -22.6352062 -1.5177183 28.2712479 0.1157210 -0.4982632 0.0989098 0.8535568
1740549613.169233 -22.6408558 -1.5210323 28.2749195 0.1159991 -0.4963776 0.0988792 0.8546206
1740549613.274762 -22.6489239 -1.5278530 28.2790012 0.1133488 -0.4936223 0.0997265 0.8564717
1740549613.368575 -22.6515713 -1.5314636 28.2768288 0.1130733 -0.4915891 0.1003837 0.8576000
1740549613.463822 -22.6466961 -1.5321496 28.2703972 0.1074061 -0.4888465 0.1021364 0.8596867
1740549613.564029 -22.6547909 -1.5360985 28.2758961 0.1070213 -0.4864849 0.1010120 0.8612059
1740549613.660677 -22.6572170 -1.5369394 28.2779388 0.1077793 -0.4842445 0.0972307 0.8628078
1740549613.761470 -22.6610336 -1.5405982 28.2809658 0.1092826 -0.4813027 0.0891119 0.8651382
1740549613.858912 -22.6676750 -1.5461273 28.2859325 0.1099278 -0.4785312 0.0857455 0.8669323
1740549613.953841 -22.6690083 -1.5477076 28.2867756 0.1086907 -0.4766342 0.0881666 0.8678899
1740549614.059061 -22.6631012 -1.5452907 28.2827873 0.1087454 -0.4752798 0.0886416 0.8685771
1740549614.153695 -22.6563759 -1.5439796 28.2762985 0.1085206 -0.4742006 0.0877031 0.8692901
1740549614.259520 -22.6470070 -1.5429878 28.2720280 0.1070865 -0.4753658 0.0889535 0.8687043
1740549614.354134 -22.6450539 -1.5420976 28.2697239 0.1055540 -0.4730568 0.0911860 0.8699200
1740549614.448169 -22.6527214 -1.5409875 28.2697563 0.1047021 -0.4712271 0.0944830 0.8706638
1740549614.553466 -22.6661263 -1.5421326 28.2797413 0.1044782 -0.4695557 0.0962102 0.8714042
1740549614.647489 -22.6740742 -1.5456319 28.2952118 0.1026679 -0.4698155 0.0990952 0.8711560
1740549614.748961 -22.6901302 -1.5481327 28.3074875 0.1033983 -0.4686947 0.1029651 0.8712246
1740549614.847327 -22.7202759 -1.5559154 28.3347931 0.1042403 -0.4714194 0.1046336 0.8694535
1740549614.943044 -22.7431107 -1.5574853 28.3583145 0.1053622 -0.4755563 0.1076964 0.8666871
1740549615.057189 -22.7451096 -1.5550847 28.3606758 0.1042578 -0.4735706 0.1087771 0.8677723
1740549615.152833 -22.7504921 -1.5584781 28.3621540 0.1043479 -0.4722441 0.1062739 0.8687940
1740549615.254438 -22.7531681 -1.5601056 28.3659935 0.1045361 -0.4714499 0.1005001 0.8698891
1740549615.349637 -22.7423058 -1.5605381 28.3624153 0.1038683 -0.4721823 0.1005512 0.8695658
1740549615.445628 -22.7261276 -1.5622733 28.3600769 0.1046518 -0.4721296 0.0969591 0.8699084
1740549615.547668 -22.7466793 -1.5618649 28.3758297 0.1057527 -0.4726200 0.0956502 0.8696538
1740549615.643548 -22.7840328 -1.5827241 28.4099846 0.1052782 -0.4736811 0.0994029 0.8687128
1740549615.752803 -22.8100395 -1.6009021 28.4368134 0.1051492 -0.4767180 0.0979283 0.8672333
1740549615.846265 -22.8368034 -1.6297503 28.4636402 0.1016310 -0.4777748 0.0979519 0.8670685
1740549615.944021 -22.8959618 -1.6664131 28.5149345 0.1019647 -0.4748108 0.0972091 0.8687395
1740549616.047260 -22.9515591 -1.6852882 28.5537682 0.1030130 -0.4714707 0.0956273 0.8706085
1740549616.143185 -22.9386959 -1.6980724 28.5527477 0.1018696 -0.4716950 0.0941891 0.8707783
1740549616.241848 -22.9213753 -1.6870255 28.5507755 0.1038768 -0.4716386 0.0906337 0.8709490
1740549616.341248 -22.9210167 -1.6883729 28.5489750 0.1038705 -0.4694368 0.0892534 0.8722809
1740549616.438199 -22.9305191 -1.6962528 28.5557537 0.1027432 -0.4685486 0.0905837 0.8727546
1740549616.539372 -22.9415073 -1.7182608 28.5747585 0.0994930 -0.4700223 0.0878109 0.8726222
1740549616.634068 -22.9589062 -1.7349989 28.5965328 0.0991108 -0.4684681 0.0845110 0.8738264
1740549616.732043 -22.9669857 -1.7377405 28.5922279 0.0964781 -0.4666169 0.0873883 0.8748280
1740549616.839631 -22.9760551 -1.7502158 28.5893784 0.0960966 -0.4650406 0.0861183 0.8758346
1740549616.935308 -22.9701118 -1.7575099 28.5921478 0.0954306 -0.4660068 0.0847194 0.8755303
1740549617.040743 -22.9925194 -1.7906412 28.5837173 0.0949176 -0.4635728 0.0817171 0.8771620
1740549617.138731 -23.0230217 -1.8251358 28.6329861 0.0910477 -0.4658249 0.0784738 0.8766752
1740549617.236179 -23.0651608 -1.8734863 28.6813240 0.0873121 -0.4674510 0.0776379 0.8762640
1740549617.341592 -23.1071739 -1.9068128 28.7320004 0.0866592 -0.4692692 0.0757927 0.8755182
1740549617.436265 -23.1538563 -1.9210503 28.7885265 0.0893000 -0.4698738 0.0777260 0.8747587
1740549617.540739 -23.2108402 -1.9571673 28.8418407 0.0880718 -0.4705351 0.0759175 0.8746866
1740549617.639475 -23.2346020 -1.9989074 28.8953972 0.0841892 -0.4750426 0.0738983 0.8728034
1740549617.739789 -23.2727051 -2.0157990 28.9631805 0.0856935 -0.4805967 0.0751404 0.8695041
1740549617.843270 -23.3193989 -2.0474186 29.0130081 0.0835300 -0.4827309 0.0726702 0.8687420
1740549617.938823 -23.3746185 -2.0784256 29.0666237 0.0839508 -0.4841141 0.0720866 0.8679800
1740549618.040628 -23.4465084 -2.1085029 29.1130257 0.0836270 -0.4839557 0.0734098 0.8679888
1740549618.141452 -23.4791374 -2.1275773 29.1729717 0.0864421 -0.4873556 0.0721889 0.8659106
1740549618.241658 -23.5370903 -2.1563601 29.2200146 0.0867205 -0.4888843 0.0720523 0.8650318
1740549618.342637 -23.5936928 -2.1921315 29.2688160 0.0881342 -0.4904188 0.0732015 0.8639233
1740549618.441358 -23.6650620 -2.2116084 29.3146400 0.0915741 -0.4916326 0.0741086 0.8627975
1740549618.545709 -23.7297554 -2.2512703 29.3697510 0.0935907 -0.4934697 0.0745662 0.8614920
1740549618.645109 -23.7860947 -2.2718034 29.4270840 0.0975412 -0.4948908 0.0763960 0.8600770
1740549618.757622 -23.8515663 -2.2972522 29.4995213 0.1017542 -0.4975972 0.0777925 0.8578995
1740549618.858716 -23.9428082 -2.3217297 29.5252457 0.1062645 -0.4962785 0.0798602 0.8579265
1740549618.955652 -24.0272923 -2.3590267 29.5657349 0.1100639 -0.4960914 0.0821866 0.8573358
1740549619.074203 -24.1182861 -2.3895566 29.6025105 0.1138503 -0.4956040 0.0854025 0.8568087
1740549619.176067 -24.1914654 -2.4143300 29.6676006 0.1194048 -0.4968454 0.0870673 0.8551646
1740549619.280278 -24.2578392 -2.4509425 29.7324276 0.1228565 -0.4984272 0.0872081 0.8537396
1740549619.384351 -24.3227615 -2.4812458 29.7888718 0.1276599 -0.5004621 0.0882686 0.8517331
1740549619.487283 -24.3898144 -2.5104399 29.8386154 0.1318053 -0.5026894 0.0883634 0.8497780
1740549619.594655 -24.4766617 -2.5453594 29.8761196 0.1355051 -0.5019174 0.0912370 0.8493487
1740549619.695069 -24.5416508 -2.5688696 29.9223213 0.1393254 -0.5021116 0.0927897 0.8484471
1740549619.803017 -24.6239185 -2.6113138 29.9841022 0.1426883 -0.5022928 0.0940666 0.8476400
1740549619.906075 -24.7122993 -2.6545448 30.0213490 0.1453436 -0.5003510 0.0961557 0.8481027
1740549620.013335 -24.7803383 -2.6915843 30.0525799 0.1476993 -0.5004773 0.0979962 0.8474103
1740549620.115288 -24.8636856 -2.7258956 30.0914726 0.1508243 -0.4988674 0.0991522 0.8476746
1740549620.215356 -24.9381561 -2.7745163 30.1430321 0.1518874 -0.4985552 0.1006448 0.8474925
1740549620.324522 -25.0125389 -2.8065131 30.1955357 0.1550117 -0.4976293 0.1022814 0.8472751
1740549620.426030 -25.0917206 -2.8378057 30.2424641 0.1567652 -0.4971743 0.1034229 0.8470810
1740549620.529843 -25.1698189 -2.8780875 30.2934856 0.1583270 -0.4956956 0.1040706 0.8475776
1740549620.634164 -25.2520828 -2.9210496 30.3280792 0.1593337 -0.4934221 0.1055146 0.8485364
1740549620.737197 -25.3200855 -2.9453492 30.3823471 0.1607559 -0.4929281 0.1063740 0.8484480
1740549620.846714 -25.4021301 -2.9865937 30.4427967 0.1611448 -0.4923993 0.1061700 0.8487068
1740549620.949138 -25.4817181 -3.0241435 30.4817829 0.1616588 -0.4894556 0.1073226 0.8501656
1740549621.060401 -25.5594501 -3.0558038 30.5352459 0.1629369 -0.4872859 0.1086537 0.8509985
1740549621.161922 -25.6351051 -3.0935686 30.5915928 0.1632334 -0.4852241 0.1092512 0.8520426
1740549621.268264 -25.6966057 -3.1289551 30.6451530 0.1638023 -0.4846554 0.1087183 0.8523252
1740549621.377157 -25.7729912 -3.1725471 30.6994152 0.1636555 -0.4830647 0.1096138 0.8531414
1740549621.478189 -25.8639069 -3.2189469 30.7318306 0.1627742 -0.4788343 0.1097699 0.8556710
1740549621.584529 -25.9281502 -3.2600353 30.7822285 0.1611791 -0.4770342 0.1099189 0.8569584
1740549621.688830 -25.9780788 -3.2970352 30.8726292 0.1608288 -0.4781726 0.1109751 0.8562532
1740549621.796913 -26.0337143 -3.3248699 30.9434319 0.1604980 -0.4777311 0.1111435 0.8565398
1740549621.900149 -26.0859394 -3.3687680 31.0145359 0.1585806 -0.4778762 0.1114002 0.8567827
1740549622.012600 -26.1423626 -3.4030638 31.0964222 0.1573374 -0.4777786 0.1130424 0.8568512
1740549622.111900 -26.1937828 -3.4376099 31.1709290 0.1562371 -0.4778169 0.1131668 0.8570147
1740549622.213149 -26.2676659 -3.4600005 31.2210827 0.1562416 -0.4753091 0.1142554 0.8582631
1740549622.329160 -26.3595295 -3.4948478 31.2686310 0.1540958 -0.4704224 0.1143658 0.8613232
1740549622.430175 -26.4187794 -3.5323138 31.3381615 0.1525470 -0.4684404 0.1149222 0.8626041
1740549622.544734 -26.4903336 -3.5642278 31.3978558 0.1515758 -0.4652616 0.1147074 0.8645223
1740549622.644675 -26.5539284 -3.5891120 31.4635773 0.1504786 -0.4636843 0.1147917 0.8655496
1740549622.747260 -26.6188240 -3.6259077 31.5380783 0.1482186 -0.4623051 0.1147367 0.8666838
1740549622.861282 -26.7045078 -3.6595953 31.5834484 0.1465216 -0.4575004 0.1145795 0.8695380
1740549623.081765 -26.8553314 -3.7215505 31.6986446 0.1431346 -0.4496765 0.1150577 0.8741084
1740549623.302645 -26.9943867 -3.8018229 31.8248177 0.1385990 -0.4427161 0.1143807 0.8784702
1740549623.524911 -27.1421967 -3.8558562 31.9453926 0.1346133 -0.4349380 0.1153972 0.8828317
1740549623.626317 -27.2099705 -3.8901901 32.0070190 0.1328469 -0.4311410 0.1144396 0.8850834
1740549623.729157 -27.2850208 -3.9175406 32.0738831 0.1316653 -0.4276652 0.1151544 0.8868519
1740549623.944000 -27.4190769 -3.9847612 32.2079697 0.1279585 -0.4209626 0.1144868 0.8906795
1740549624.275217 -27.6238461 -4.0679083 32.4034576 0.1241730 -0.4088777 0.1162913 0.8965915
1740549624.479008 -27.7534313 -4.1269684 32.5371132 0.1216706 -0.4018932 0.1168081 0.9000189
1740549624.910107 -28.0115528 -4.2377467 32.8040771 0.1181646 -0.3869548 0.1177855 0.9068791
1740549625.343003 -28.2563763 -4.3813334 33.0765686 0.1147147 -0.3725638 0.1193104 0.9131275
1740549625.777746 -28.5038605 -4.4904270 33.3653183 0.1115194 -0.3589846 0.1207230 0.9187598
1740549626.107692 -28.6858959 -4.5746140 33.5909500 0.1084892 -0.3509865 0.1213724 0.9221211
1740549626.414947 -28.8552494 -4.6598668 33.8261948 0.1045567 -0.3440442 0.1207218 0.9252717
1740549626.726050 -29.0314636 -4.7257466 34.0649643 0.1017724 -0.3379648 0.1209120 0.9277944
1740549627.145534 -29.2946281 -4.8104572 34.3679962 0.0984605 -0.3310831 0.1205600 0.9306744
1740549627.442278 -29.4689732 -4.8807516 34.6089935 0.0975231 -0.3261373 0.1210643 0.9324523
1740549627.640780 -29.5880775 -4.9274659 34.7674522 0.0979592 -0.3229113 0.1217265 0.9334426
1740549627.845388 -29.7078915 -4.9788718 34.9262505 0.0987538 -0.3188991 0.1224238 0.9346462
1740549628.144665 -29.9031391 -5.0705929 35.1505623 0.1021049 -0.3096497 0.1244530 0.9371250
1740549628.243753 -29.9212055 -5.1122546 35.2419701 0.1025994 -0.3083059 0.1233428 0.9376606
1740549628.448303 -30.0308571 -5.1597724 35.4035568 0.1058277 -0.3003905 0.1247370 0.9396844
1740549628.656731 -30.1476669 -5.2248726 35.5611610 0.1100649 -0.2909795 0.1280549 0.9417105
1740549628.863061 -30.2347298 -5.2883968 35.7281647 0.1144772 -0.2814643 0.1306497 0.9437179
1740549628.960029 -30.2554760 -5.3329945 35.8175087 0.1153139 -0.2782688 0.1303107 0.9446102
1740549629.164326 -30.3507633 -5.3903904 35.9792786 0.1201314 -0.2664387 0.1344218 0.9468420
1740549629.373502 -30.4210415 -5.4586535 36.1604462 0.1233774 -0.2560997 0.1365932 0.9489643
1740549629.579227 -30.4941444 -5.5265517 36.3333855 0.1263677 -0.2460210 0.1389221 0.9508973
1740549629.787175 -30.5759640 -5.5942063 36.5098953 0.1284116 -0.2351671 0.1420146 0.9529107
1740549629.981311 -30.6426601 -5.6483941 36.6771278 0.1312558 -0.2244771 0.1440327 0.9547966
1740549630.094164 -30.6442127 -5.6958151 36.7726631 0.1302661 -0.2223372 0.1436955 0.9554834
1740549630.295244 -30.7270222 -5.7530589 36.9489212 0.1311809 -0.2115685 0.1463724 0.9573951
1740549630.392033 -30.7524948 -5.7790513 37.0425339 0.1315076 -0.2082345 0.1467547 0.9580226
1740549630.590472 -30.8222446 -5.8474703 37.2173882 0.1307229 -0.1999271 0.1479713 0.9597110
1740549630.800888 -30.8711739 -5.9092655 37.3993950 0.1293324 -0.1941192 0.1485083 0.9610079
1740549630.995912 -30.9524574 -5.9597054 37.5740356 0.1281197 -0.1877865 0.1492987 0.9623053
1740549631.201226 -31.0129433 -6.0117736 37.7563171 0.1264018 -0.1825480 0.1499449 0.9634393
1740549631.407585 -31.0634995 -6.0734396 37.9339142 0.1249386 -0.1783064 0.1502672 0.9643739
1740549631.614023 -31.1255932 -6.1265402 38.1164169 0.1229192 -0.1731400 0.1504623 0.9655436
1740549631.814425 -31.1711044 -6.1759453 38.2989464 0.1220548 -0.1693272 0.1505670 0.9663128
1740549632.015391 -31.2250652 -6.2240028 38.4834404 0.1216726 -0.1641272 0.1515161 0.9671096
1740549632.215508 -31.2858562 -6.2705679 38.6674881 0.1216569 -0.1599077 0.1523816 0.9676823
1740549632.420449 -31.3326988 -6.3361526 38.8492393 0.1222642 -0.1552172 0.1528560 0.9682944
1740549632.520519 -31.3598957 -6.3667388 38.9395943 0.1227350 -0.1528450 0.1532411 0.9685513
1740549632.730045 -31.4150276 -6.4183006 39.1230698 0.1247332 -0.1473273 0.1544376 0.9689609
1740549632.936332 -31.4476776 -6.4728498 39.3129349 0.1271796 -0.1418423 0.1553107 0.9693218
1740549633.147375 -31.4869232 -6.5316939 39.4991379 0.1306306 -0.1356737 0.1571011 0.9694573
1740549633.376445 -31.5340748 -6.5992846 39.6801529 0.1347553 -0.1293657 0.1583552 0.9695510
1740549633.590641 -31.5736465 -6.6585732 39.8677330 0.1396919 -0.1223491 0.1601380 0.9694704
1740549633.816286 -31.6015072 -6.7241917 40.0573044 0.1457188 -0.1168991 0.1613073 0.9690617
1740549634.021491 -31.6265488 -6.7874436 40.2427063 0.1524843 -0.1097081 0.1632642 0.9685337
1740549634.232577 -31.6437626 -6.8571758 40.4308395 0.1597408 -0.1040442 0.1648071 0.9677274
1740549634.443398 -31.6601677 -6.9340801 40.6148529 0.1678083 -0.0978923 0.1666477 0.9666882
1740549634.646683 -31.6812935 -7.0081530 40.7992630 0.1763987 -0.0918306 0.1684741 0.9654362
1740549634.850532 -31.6983852 -7.0941753 40.9794083 0.1854706 -0.0863170 0.1697491 0.9640204
1740549635.065327 -31.7105865 -7.1751404 41.1625595 0.1952641 -0.0813987 0.1712270 0.9622512
1740549635.365620 -31.7217216 -7.3116074 41.4274940 0.2112725 -0.0746791 0.1733308 0.9590325
1740549635.671105 -31.7274780 -7.4628305 41.6838875 0.2279106 -0.0685595 0.1753043 0.9553140
1740549635.974606 -31.7230186 -7.6221008 41.9348221 0.2448518 -0.0628171 0.1770444 0.9511871
1740549636.380129 -31.7383137 -7.8431759 42.2577667 0.2662597 -0.0560399 0.1792460 0.9454291
1740549636.682703 -31.7455120 -8.0148220 42.4874611 0.2823949 -0.0489927 0.1806704 0.9408566
1740549636.989706 -31.7320328 -8.1977530 42.7196426 0.2960464 -0.0441831 0.1818350 0.9366645
1740549637.292889 -31.7023392 -8.3865986 42.9450455 0.3063733 -0.0376284 0.1837087 0.9332581
1740549637.706130 -31.6448631 -8.6426449 43.2257233 0.3160538 -0.0283198 0.1847700 0.9301441
1740549637.913583 -31.6344299 -8.7715006 43.3711891 0.3179827 -0.0232848 0.1861170 0.9293575
1740549638.210696 -31.5953045 -8.9625568 43.5984001 0.3179044 -0.0177940 0.1876058 0.9292063
1740549638.409200 -31.5689106 -9.0880051 43.7480965 0.3154095 -0.0136906 0.1882363 0.9299982
1740549638.705222 -31.5319309 -9.2648697 43.9856606 0.3092069 -0.0092376 0.1903702 0.9317001
1740549638.905530 -31.5077133 -9.3824787 44.1478729 0.3024069 -0.0072837 0.1910911 0.9337993
1740549639.106789 -31.4856701 -9.4876585 44.3161926 0.2941636 -0.0062131 0.1918919 0.9362727
1740549639.310236 -31.4504147 -9.5818901 44.4886742 0.2848110 -0.0073872 0.1924492 0.9390375
1740549639.507769 -31.4112854 -9.6659756 44.6657677 0.2746587 -0.0110168 0.1919404 0.9421253
1740549639.713759 -31.3625069 -9.7454805 44.8442421 0.2639323 -0.0183885 0.1909431 0.9452737
1740549640.015219 -31.3404121 -9.8606367 45.1194038 0.2469611 -0.0345053 0.1866728 0.9502488
1740549640.324592 -31.3475704 -9.9765720 45.3946838 0.2313738 -0.0585476 0.1808254 0.9541177
1740549640.635535 -31.4081383 -10.0964518 45.6644821 0.2190330 -0.0914187 0.1723302 0.9560175
1740549640.943924 -31.5137806 -10.2166815 45.9214020 0.2098350 -0.1307978 0.1620289 0.9553051
1740549641.148563 -31.6010246 -10.3050327 46.0806847 0.2045793 -0.1593630 0.1549440 0.9532802
1740549641.359940 -31.6944084 -10.3817835 46.2428932 0.2019985 -0.1891080 0.1472549 0.9496056
1740549641.569905 -31.7941704 -10.4705906 46.3947601 0.1995014 -0.2183609 0.1402148 0.9449114
1740549641.782973 -31.8976326 -10.5499249 46.5480804 0.1990168 -0.2472541 0.1324624 0.9389949
1740549641.995753 -32.0145149 -10.6307659 46.6891861 0.1992095 -0.2751147 0.1263223 0.9320248
1740549642.209983 -32.1440125 -10.7141743 46.8171997 0.2000648 -0.3024398 0.1196194 0.9242270
1740549642.438559 -32.2811050 -10.8086090 46.9312973 0.2007982 -0.3264143 0.1141338 0.9165737
1740549642.659700 -32.4204140 -10.9006462 47.0416946 0.2046097 -0.3491161 0.1087436 0.9079800
1740549642.865395 -32.5697479 -10.9887705 47.1399384 0.2092134 -0.3699970 0.1039790 0.8991776
1740549643.063432 -32.7259445 -11.0878153 47.2337189 0.2103608 -0.3862408 0.1011875 0.8923718
1740549643.265390 -32.8775826 -11.1794186 47.3243294 0.2139481 -0.4022478 0.0979214 0.8847793
1740549643.469826 -33.0290909 -11.2610960 47.4230499 0.2183723 -0.4155501 0.0943191 0.8779154
1740549643.681568 -33.1870346 -11.3618803 47.5137520 0.2201524 -0.4257205 0.0937880 0.8726390
1740549643.890033 -33.3368645 -11.4459057 47.6055145 0.2235173 -0.4330261 0.0928436 0.8682790
1740549644.100193 -33.4803391 -11.5449381 47.6980057 0.2259348 -0.4385955 0.0935428 0.8647758
1740549644.296247 -33.6229248 -11.6378527 47.8045654 0.2305297 -0.4416526 0.0931217 0.8620484
1740549644.499808 -33.7625046 -11.7478971 47.8935585 0.2316833 -0.4420817 0.0940232 0.8614210
1740549644.703569 -33.9071274 -11.8441467 47.9854317 0.2319948 -0.4413232 0.0975968 0.8613287
1740549644.902162 -34.0384941 -11.9608631 48.0655594 0.2338569 -0.4372934 0.0954232 0.8631222
1740549645.105384 -34.1780167 -12.0650997 48.1748505 0.2354572 -0.4337678 0.0954212 0.8644653
1740549645.303426 -34.3093948 -12.1493521 48.2759933 0.2369182 -0.4301302 0.1002264 0.8653395
1740549645.507326 -34.4299202 -12.2642727 48.3788452 0.2371289 -0.4246531 0.0970401 0.8683449
1740549645.716765 -34.5603981 -12.3552780 48.4863968 0.2358657 -0.4209017 0.1009834 0.8700640
1740549645.917618 -34.6926193 -12.4654512 48.5910339 0.2360117 -0.4144706 0.0986424 0.8733741
1740549646.120419 -34.7975006 -12.5684986 48.7069473 0.2336498 -0.4117830 0.0945828 0.8757263
1740549646.336909 -34.9089584 -12.6682005 48.8034821 0.2303609 -0.4047401 0.0922387 0.8801201
1740549646.433342 -34.9791260 -12.7104797 48.8577576 0.2273956 -0.4016463 0.0937674 0.8821446
1740549646.535317 -35.0223503 -12.7502832 48.9174805 0.2267529 -0.4003484 0.0918573 0.8831005
1740549646.641778 -35.0928650 -12.7980232 48.9716835 0.2264019 -0.3971539 0.0917125 0.8846468
1740549646.744200 -35.1556587 -12.8388577 49.0341644 0.2233671 -0.3947426 0.0927119 0.8863915
1740549646.851672 -35.2166939 -12.8833160 49.0962906 0.2216434 -0.3927644 0.0913169 0.8878466
1740549646.951820 -35.2752838 -12.9292974 49.1529236 0.2192059 -0.3901640 0.0887771 0.8898536
1740549647.153473 -35.4096451 -13.0203419 49.2849693 0.2132779 -0.3869359 0.0884805 0.8927286
1740549647.364696 -35.5316048 -13.1064129 49.4147263 0.2090027 -0.3819314 0.0881545 0.8959213
1740549647.565797 -35.6540375 -13.1821356 49.5462875 0.2049198 -0.3785554 0.0871771 0.8983896
1740549647.771508 -35.7617874 -13.2690372 49.6843033 0.1982838 -0.3773355 0.0839719 0.9006943
1740549647.979796 -35.8981552 -13.3411875 49.8135605 0.1932757 -0.3742324 0.0832835 0.9031382
1740549648.188091 -36.0184822 -13.4154339 49.9511337 0.1882459 -0.3730961 0.0811375 0.9048644
1740549648.396467 -36.1444435 -13.4952736 50.0760880 0.1808543 -0.3725739 0.0788271 0.9067892
1740549648.495223 -36.1990471 -13.5292740 50.1494408 0.1780410 -0.3741967 0.0770271 0.9068325
1740549648.699824 -36.2671204 -13.6157427 50.2547302 0.1700799 -0.3782343 0.0732354 0.9069996
1740549648.800244 -36.2894096 -13.6603327 50.3211708 0.1661983 -0.3809990 0.0693518 0.9068673
1740549648.904836 -36.2865753 -13.6899643 50.3862915 0.1652731 -0.3855280 0.0625509 0.9056160
1740549649.119499 -36.2653770 -13.7316504 50.4576187 0.1599930 -0.3944152 0.0519373 0.9034054
1740549649.216774 -36.2599335 -13.7686634 50.5047035 0.1562191 -0.4006788 0.0467269 0.9015923
1740549649.320224 -36.2390862 -13.8100739 50.5743408 0.1508497 -0.4104248 0.0377811 0.8985369
1740549649.423973 -36.2398949 -13.8546410 50.6171570 0.1451692 -0.4170144 0.0322118 0.8966534
1740549649.525301 -36.2276421 -13.8604469 50.6749496 0.1438498 -0.4255977 0.0265180 0.8930121
1740549649.652052 -36.2185059 -13.8798923 50.7304153 0.1405311 -0.4334430 0.0203977 0.8899226
1740549649.751437 -36.2248268 -13.8997440 50.7964134 0.1378000 -0.4417518 0.0152614 0.8863598
1740549649.854495 -36.2562332 -13.9405422 50.8572693 0.1346185 -0.4485258 0.0116250 0.8834973
1740549649.958183 -36.2567062 -13.9441099 50.9271698 0.1346157 -0.4581070 0.0052303 0.8786292
1740549650.056503 -36.2593384 -13.9381609 50.9851761 0.1366116 -0.4662856 -0.0004453 0.8740222
1740549650.158216 -36.2644310 -13.9100046 51.0488739 0.1425001 -0.4756866 -0.0041836 0.8679853
1740549650.257781 -36.2880096 -13.8884315 51.1046295 0.1467121 -0.4810505 -0.0095329 0.8642772
1740549650.368215 -36.2814445 -13.8809471 51.1690559 0.1488544 -0.4911537 -0.0152141 0.8581253
1740549650.469107 -36.2956543 -13.8607950 51.2385406 0.1519697 -0.4996049 -0.0204458 0.8525739
1740549650.564791 -36.3017044 -13.8263550 51.3058472 0.1594381 -0.5077279 -0.0243490 0.8462854
1740549650.674701 -36.3050652 -13.7967548 51.3697968 0.1656878 -0.5150738 -0.0304086 0.8404295
1740549650.775154 -36.3100739 -13.7927551 51.4352493 0.1688238 -0.5241231 -0.0352284 0.8339978
1740549650.881970 -36.3257179 -13.7724705 51.4777756 0.1739087 -0.5302786 -0.0395671 0.8288515
1740549650.980436 -36.3472557 -13.7881165 51.5197105 0.1748789 -0.5361781 -0.0430581 0.8246675
1740549651.095987 -36.3696136 -13.7815313 51.5692635 0.1782712 -0.5417367 -0.0485705 0.8199889
1740549651.191947 -36.3752823 -13.7746153 51.6263580 0.1806895 -0.5504510 -0.0517545 0.8134350
1740549651.290850 -36.4097328 -13.7091656 51.6748009 0.1927376 -0.5535446 -0.0508862 0.8086107
1740549651.400609 -36.4366112 -13.6557369 51.7130814 0.2017736 -0.5576997 -0.0513870 0.8035035
1740549651.501920 -36.4638557 -13.6391802 51.7302666 0.2063654 -0.5606363 -0.0533547 0.8001584
1740549651.605497 -36.4769058 -13.5890064 51.7657585 0.2134557 -0.5654895 -0.0527657 0.7949051
1740549651.714925 -36.4986954 -13.5596790 51.8395119 0.2189116 -0.5736684 -0.0509379 0.7876469
1740549651.816501 -36.5257034 -13.4901543 51.9102974 0.2307062 -0.5809060 -0.0479113 0.7791197
1740549651.928633 -36.5536232 -13.4132881 51.9606247 0.2418005 -0.5854895 -0.0455285 0.7724389
1740549652.029412 -36.5752678 -13.3690262 52.0248108 0.2510153 -0.5922273 -0.0434902 0.7644389
1740549652.135803 -36.5893402 -13.3352261 52.0936012 0.2588699 -0.6020269 -0.0405465 0.7542585
1740549652.235466 -36.6140404 -13.2938919 52.0953407 0.2674889 -0.6029598 -0.0384758 0.7506056
1740549652.339200 -36.6184654 -13.2339869 52.0817490 0.2800821 -0.6020929 -0.0360509 0.7468189
1740549652.440713 -36.6692848 -13.1766872 52.0549889 0.2903310 -0.5970864 -0.0345479 0.7469955
1740549652.540389 -36.6989975 -13.1971769 52.0075645 0.2871394 -0.5943998 -0.0351648 0.7503355
1740549652.652171 -36.7300453 -13.1884813 51.9493141 0.2911882 -0.5890739 -0.0364249 0.7529108
1740549652.751279 -36.7766457 -13.1750469 51.9110832 0.2957166 -0.5844341 -0.0355806 0.7547997
1740549652.853428 -36.8270683 -13.1887150 51.8969460 0.2970954 -0.5836058 -0.0335896 0.7549903
1740549652.953707 -36.9136963 -13.2439089 51.8886414 0.2955831 -0.5846837 -0.0352595 0.7546737
1740549653.052607 -36.9856758 -13.2122250 51.8604469 0.3088484 -0.5790085 -0.0357443 0.7537135
1740549653.156767 -37.0293350 -13.1890173 51.8128738 0.3156123 -0.5712057 -0.0370939 0.7567938
1740549653.256675 -37.0683060 -13.1642256 51.8190842 0.3230355 -0.5685683 -0.0334701 0.7558160
1740549653.366024 -37.1179199 -13.1275349 51.8154030 0.3337680 -0.5650299 -0.0288192 0.7539958
1740549653.464716 -37.1565819 -13.0815697 51.8242760 0.3406261 -0.5651603 -0.0183356 0.7511536
1740549653.563357 -37.2144089 -13.1015224 51.8473015 0.3461874 -0.5683042 -0.0155120 0.7462869
1740549653.677867 -37.2938499 -13.0971966 51.8816032 0.3601509 -0.5686945 -0.0113294 0.7394251
1740549653.785865 -37.3011932 -13.0842056 51.8991318 0.3657117 -0.5708526 -0.0070672 0.7350730
1740549653.888787 -37.3271790 -13.0501699 51.9213524 0.3754209 -0.5698265 -0.0029246 0.7309914
1740549653.989970 -37.3371811 -13.0397930 51.9416199 0.3803342 -0.5736696 0.0035549 0.7254216
1740549654.097219 -37.3702011 -13.0107250 51.9966125 0.3921714 -0.5759929 0.0075781 0.7172003
1740549654.197119 -37.4077377 -12.9720345 52.0343819 0.4014141 -0.5772379 0.0144478 0.7109531
1740549654.296767 -37.4303360 -13.0049267 52.0514679 0.4069100 -0.5815744 0.0134297 0.7042834
1740549654.407119 -37.4202461 -13.0488567 52.0940781 0.4105587 -0.5865232 0.0071939 0.6981263
1740549654.507953 -37.4282799 -13.1007786 52.1083412 0.4127304 -0.5899544 0.0037667 0.6939691
1740549654.715942 -37.4712982 -13.3552570 52.3002434 0.4073589 -0.6192834 -0.0137175 0.6710876
1740549654.922844 -37.5900574 -13.5226898 52.2755585 0.4012311 -0.6203973 -0.0275387 0.6733220
1740549655.025707 -37.6666946 -13.5674515 52.3397408 0.4062707 -0.6256031 -0.0288526 0.6653814
1740549655.236899 -37.8408394 -13.6666908 52.3144760 0.4000049 -0.6257538 -0.0293650 0.6690037
1740549655.345828 -37.9342499 -13.6924419 52.2995911 0.4001235 -0.6231753 -0.0279057 0.6713978
1740549655.553084 -38.0726433 -13.8367329 52.3176575 0.3923712 -0.6291164 -0.0385309 0.6699051
1740549655.772427 -38.2555923 -13.9085140 52.3324280 0.3921863 -0.6302600 -0.0382145 0.6689558
1740549655.885460 -38.3407135 -13.9516735 52.3510513 0.3906362 -0.6330687 -0.0377734 0.6672335
1740549656.097600 -38.5118027 -14.0441780 52.3578949 0.3880907 -0.6351789 -0.0413588 0.6665004
1740549656.296118 -38.6927643 -14.1008530 52.3953743 0.3870014 -0.6347340 -0.0434704 0.6674227
