1740549551.999291 0.0000000 0.0000000 0.0000000 -0.0000000 -0.0000000 -0.0000000 1.0000000
1740549552.261147 0.0064970 0.0502059 0.0822995 0.0012840 -0.0003139 -0.0001754 0.9999991
1740549552.384330 -0.0037954 0.0361326 0.1776861 0.0039891 -0.0013809 -0.0000490 0.9999911
1740549552.573975 -0.0153308 0.0046926 0.2709906 0.0069871 -0.0026014 0.0000081 0.9999722
1740549552.758377 -0.0223278 -0.0265238 0.3628934 0.0107588 -0.0042811 0.0000090 0.9999330
1740549552.940622 -0.0221241 -0.0551956 0.4554472 0.0154280 -0.0063795 0.0002723 0.9998606
1740549553.125874 -0.0224916 -0.0798860 0.5489188 0.0207135 -0.0089434 0.0002225 0.9997454
1740549553.259152 -0.0305143 -0.1044903 0.6439577 0.0267626 -0.0116208 0.0003421 0.9995742
1740549553.366987 -0.0331702 -0.1309553 0.7371010 0.0332201 -0.0147341 0.0002728 0.9993395
1740549553.577982 -0.0303592 -0.1854062 0.9274542 0.0476592 -0.0222428 0.0004687 0.9986159
1740549553.799650 -0.0630910 -0.2372552 1.1118610 0.0621206 -0.0301198 0.0005089 0.9976140
1740549553.924561 -0.0876934 -0.2623902 1.2028832 0.0695810 -0.0342125 0.0006250 0.9969893
1740549554.151511 -0.1294410 -0.3282597 1.3824754 0.0829444 -0.0428225 0.0004378 0.9956336
1740549554.263627 -0.1414029 -0.3549119 1.4750572 0.0897437 -0.0477940 0.0004722 0.9948174
1740549554.393836 -0.1723142 -0.3775723 1.5647215 0.0958060 -0.0518396 0.0005481 0.9940491
1740549554.608032 -0.2124939 -0.4212716 1.7471317 0.1058234 -0.0605711 0.0002034 0.9925385
1740549554.826680 -0.2426030 -0.4737707 1.9328856 0.1139499 -0.0680027 -0.0002266 0.9911564
1740549555.048594 -0.2655141 -0.5348311 2.1155689 0.1194478 -0.0748613 -0.0006323 0.9900140
1740549555.272242 -0.3172013 -0.5884647 2.2950807 0.1234849 -0.0802230 -0.0010288 0.9890980
1740549555.476540 -0.3668928 -0.6449240 2.4753172 0.1258718 -0.0846408 -0.0016642 0.9884278
1740549555.680215 -0.4216295 -0.6947803 2.6511884 0.1267684 -0.0874969 -0.0016848 0.9880644
1740549555.895437 -0.4571920 -0.7417472 2.8377256 0.1267515 -0.0899724 -0.0019618 0.9878438
1740549556.209114 -0.5215591 -0.7988394 3.1117980 0.1264326 -0.0907418 -0.0024335 0.9878132
1740549556.524344 -0.5820646 -0.8853558 3.3842897 0.1256066 -0.0888933 -0.0024577 0.9880865
1740549556.857083 -0.6470866 -0.9588864 3.6515136 0.1252598 -0.0844697 -0.0017232 0.9885200
1740549557.186979 -0.7388703 -1.0036998 3.9235384 0.1258563 -0.0770519 -0.0009665 0.9890512
1740549557.516241 -0.7581886 -1.0762905 4.1977444 0.1273865 -0.0676816 0.0000099 0.9895413
1740549557.843446 -0.7962255 -1.1526588 4.4714417 0.1302944 -0.0567848 0.0016539 0.9898465
1740549558.058881 -0.8007115 -1.2079474 4.6620698 0.1325805 -0.0503610 0.0027540 0.9898882
1740549558.172200 -0.8212555 -1.2255100 4.7476974 0.1341007 -0.0457668 0.0029958 0.9899058
1740549558.275393 -0.8425294 -1.2381773 4.8408933 0.1362082 -0.0416873 0.0036222 0.9897962
1740549558.394297 -0.8544413 -1.2665920 4.9261785 0.1376610 -0.0376646 0.0037169 0.9897560
1740549558.494578 -0.8455044 -1.2959284 5.0194345 0.1388793 -0.0350869 0.0044080 0.9896777
1740549558.596442 -0.8495473 -1.3388799 5.1047220 0.1392332 -0.0318392 0.0047791 0.9897361
1740549558.707198 -0.8336790 -1.3385280 5.1967130 0.1417240 -0.0306338 0.0048452 0.9894202
1740549558.807840 -0.8203894 -1.3391433 5.2862039 0.1441586 -0.0292807 0.0046334 0.9891105
1740549558.922765 -0.8502882 -1.3711579 5.3671060 0.1452787 -0.0255903 0.0055004 0.9890445
1740549559.025853 -0.8783739 -1.3828367 5.4349065 0.1472913 -0.0226868 0.0058339 0.9888157
1740549559.145281 -0.8664710 -1.4359665 5.5243368 0.1470485 -0.0221051 0.0063591 0.9888619
1740549559.245722 -0.8715869 -1.4695255 5.6047950 0.1482736 -0.0210793 0.0071122 0.9886961
1740549559.348489 -0.8639395 -1.4932661 5.7009363 0.1485746 -0.0201859 0.0067712 0.9886720
1740549559.458791 -0.8624783 -1.5479677 5.7670007 0.1482767 -0.0207226 0.0080364 0.9886961
1740549559.562197 -0.8599565 -1.6019491 5.8330998 0.1475225 -0.0213247 0.0089216 0.9887885
1740549559.677922 -0.8737122 -1.5969806 5.9260855 0.1497255 -0.0208291 0.0084489 0.9884720
1740549559.778307 -0.8660002 -1.6237423 6.0203371 0.1501935 -0.0211877 0.0076675 0.9883998
1740549559.896796 -0.8600059 -1.6452004 6.0976777 0.1510250 -0.0216014 0.0082247 0.9882597
1740549559.998777 -0.8374636 -1.6443217 6.1930594 0.1530815 -0.0227247 0.0071313 0.9879265
1740549560.099831 -0.8393604 -1.6726043 6.2832408 0.1534524 -0.0230099 0.0074727 0.9878598
1740549560.203830 -0.8414451 -1.7236780 6.3507423 0.1516917 -0.0235525 0.0083940 0.9881116
1740549560.304772 -0.8194229 -1.7314932 6.4216595 0.1528371 -0.0265174 0.0069341 0.9878712
1740549560.413145 -0.8289250 -1.7649519 6.4947453 0.1528381 -0.0265987 0.0074135 0.9878654
1740549560.513649 -0.8108751 -1.7677268 6.5733271 0.1544620 -0.0285683 0.0066664 0.9875631
1740549560.612265 -0.7982218 -1.7983558 6.6523457 0.1543476 -0.0305948 0.0068318 0.9875192
1740549560.715392 -0.7862765 -1.8235031 6.7136717 0.1544539 -0.0322467 0.0062897 0.9874536
1740549560.814831 -0.8054966 -1.8425466 6.8029723 0.1559948 -0.0315310 0.0059051 0.9872369
1740549560.928106 -0.7896085 -1.8524306 6.8860884 0.1591611 -0.0326792 0.0067146 0.9866888
1740549561.025623 -0.8108928 -1.8691584 6.9573317 0.1601213 -0.0315412 0.0072804 0.9865664
1740549561.129512 -0.8019784 -1.8704975 7.0098672 0.1623524 -0.0321184 0.0064269 0.9861891
1740549561.240496 -0.8200116 -1.9154257 7.0761833 0.1630746 -0.0305264 0.0064673 0.9861202
1740549561.341023 -0.8156610 -1.9559442 7.1168065 0.1615965 -0.0303778 0.0065480 0.9863675
1740549561.447739 -0.8144550 -1.9997306 7.1530900 0.1593926 -0.0293264 0.0062279 0.9867600
1740549561.546558 -0.7854204 -2.0312483 7.1973615 0.1588995 -0.0319258 0.0051766 0.9867649
1740549561.651367 -0.7688922 -2.0262611 7.2626419 0.1639857 -0.0325359 0.0053500 0.9859115
1740549561.754213 -0.7440537 -2.0266442 7.3087635 0.1661168 -0.0361184 0.0045071 0.9854341
1740549561.856342 -0.7163699 -2.0167794 7.3663216 0.1714899 -0.0378455 0.0050722 0.9844456
1740549561.962205 -0.6942453 -2.0194736 7.4070063 0.1739239 -0.0415441 0.0047613 0.9838709
1740549562.065340 -0.6922969 -2.0239637 7.4158654 0.1717780 -0.0414917 0.0030750 0.9842567
1740549562.276774 -0.7259812 -2.0528283 7.4162645 0.1647312 -0.0308984 0.0049509 0.9858420
1740549562.375752 -0.7167636 -2.0494719 7.4313021 0.1649028 -0.0302280 0.0058235 0.9858293
1740549562.480711 -0.6711704 -2.0630980 7.4507914 0.1646849 -0.0364002 0.0075324 0.9856456
1740549562.579774 -0.6349081 -2.0864391 7.4744077 0.1613023 -0.0428493 0.0073522 0.9859470
1740549562.685141 -0.6151122 -2.1037862 7.5166025 0.1584740 -0.0462587 0.0051924 0.9862653
1740549562.788571 -0.6074415 -2.1273773 7.5774164 0.1570270 -0.0490221 0.0060503 0.9863583
1740549562.900672 -0.5584906 -2.1373100 7.5906544 0.1538273 -0.0569173 0.0056794 0.9864407
1740549563.006756 -0.5335841 -2.1646292 7.6097817 0.1498493 -0.0626313 0.0059467 0.9867052
1740549563.109366 -0.5026249 -2.1796117 7.6618609 0.1487546 -0.0680752 0.0056031 0.9865122
1740549563.220101 -0.4974706 -2.1892409 7.6665282 0.1436351 -0.0693378 0.0056504 0.9871826
1740549563.328539 -0.4929093 -2.1970048 7.6766734 0.1399166 -0.0709851 0.0053772 0.9876009
1740549563.434381 -0.4858068 -2.2069702 7.6881280 0.1375186 -0.0740283 0.0046860 0.9877179
1740549563.538834 -0.4875441 -2.2118304 7.6983604 0.1343191 -0.0747979 0.0036057 0.9881046
1740549563.650731 -0.4740818 -2.2155669 7.7068977 0.1329646 -0.0779644 0.0017391 0.9880481
1740549563.757631 -0.4671419 -2.2191679 7.7133999 0.1324771 -0.0817254 0.0044835 0.9878010
1740549563.860615 -0.4664239 -2.2221608 7.7186046 0.1298509 -0.0831656 0.0034980 0.9880334
1740549563.970249 -0.4823101 -2.2242160 7.7328749 0.1286979 -0.0819011 0.0027883 0.9882921
1740549564.079351 -0.4857243 -2.2282038 7.7372370 0.1247822 -0.0806488 -0.0003848 0.9889009
1740549564.188178 -0.5054923 -2.2383611 7.7515621 0.1215198 -0.0776176 -0.0019271 0.9895477
1740549564.293737 -0.5251647 -2.2494552 7.7652297 0.1174095 -0.0738619 -0.0017749 0.9903314
1740549564.402604 -0.5475759 -2.2468653 7.7846160 0.1193874 -0.0712062 0.0004834 0.9902909
1740549564.510811 -0.5648242 -2.2543366 7.7967930 0.1161834 -0.0682226 0.0008457 0.9908816
1740549564.611849 -0.5858368 -2.2561648 7.8195987 0.1167658 -0.0651465 0.0013777 0.9910195
1740549564.716660 -0.5973777 -2.2598414 7.8303094 0.1140750 -0.0611437 0.0024688 0.9915857
1740549564.818679 -0.6164962 -2.2648649 7.8539886 0.1125831 -0.0583520 0.0036806 0.9919207
1740549564.931425 -0.6346347 -2.2647824 7.8757262 0.1130156 -0.0556312 0.0042803 0.9920254
1740549565.034394 -0.6465883 -2.2689655 7.8907704 0.1097593 -0.0512820 0.0061931 0.9926151
1740549565.151593 -0.6599334 -2.2704275 7.9050875 0.1090748 -0.0478065 0.0072688 0.9928567
1740549565.253798 -0.6804616 -2.2747908 7.9341536 0.1093289 -0.0459816 0.0074324 0.9929137
1740549565.360599 -0.6945134 -2.2843895 7.9567242 0.1068233 -0.0415545 0.0090775 0.9933678
1740549565.470094 -0.7163550 -2.2873511 7.9770269 0.1057998 -0.0371288 0.0089967 0.9936534
1740549565.576818 -0.7231252 -2.2802839 8.0071831 0.1092010 -0.0355181 0.0084136 0.9933493
1740549565.686350 -0.7409284 -2.2791669 8.0280628 0.1082948 -0.0308520 0.0101574 0.9935881
1740549565.793226 -0.7501157 -2.2659283 8.0466986 0.1113687 -0.0285450 0.0092506 0.9933261
1740549565.902668 -0.7537009 -2.2793941 8.0762873 0.1120157 -0.0255164 0.0088952 0.9933390
1740549566.011524 -0.7526443 -2.2849050 8.1205425 0.1132647 -0.0244593 0.0090444 0.9932226
1740549566.118685 -0.7668127 -2.3038311 8.1775608 0.1140421 -0.0232361 0.0082780 0.9931697
1740549566.227209 -0.7838006 -2.3178074 8.2280912 0.1140055 -0.0209007 0.0078895 0.9932289
1740549566.329881 -0.8039463 -2.3190479 8.2703915 0.1149318 -0.0188347 0.0079926 0.9931627
1740549566.437045 -0.8127965 -2.3327241 8.3266010 0.1150250 -0.0173920 0.0078960 0.9931790
1740549566.542111 -0.8105047 -2.3296564 8.3834543 0.1173037 -0.0173512 0.0077343 0.9929144
1740549566.652253 -0.8151675 -2.3408632 8.4308004 0.1176014 -0.0154732 0.0072764 0.9929137
1740549566.758441 -0.8170789 -2.3600359 8.4902468 0.1174000 -0.0146043 0.0070517 0.9929523
1740549566.860478 -0.8256863 -2.3730202 8.5610580 0.1173270 -0.0138250 0.0062078 0.9929777
1740549566.969224 -0.8288321 -2.3904524 8.6468182 0.1175406 -0.0147478 0.0056923 0.9929423
1740549567.074817 -0.8561735 -2.3955126 8.7324638 0.1166028 -0.0134305 0.0059027 0.9930703
1740549567.184999 -0.8747358 -2.4129071 8.8062859 0.1154651 -0.0122346 0.0056689 0.9932200
1740549567.294038 -0.9042838 -2.4295828 8.8894672 0.1140989 -0.0110280 0.0061328 0.9933893
1740549567.404389 -0.9246401 -2.4406698 8.9717417 0.1128263 -0.0105197 0.0061024 0.9935403
1740549567.510867 -0.9462689 -2.4424868 9.0557413 0.1129454 -0.0100416 0.0061975 0.9935311
1740549567.613446 -0.9678800 -2.4534354 9.1394176 0.1120713 -0.0097533 0.0061262 0.9936334
1740549567.720664 -0.9975352 -2.4624045 9.2371073 0.1106516 -0.0093813 0.0061714 0.9937958
1740549567.826075 -1.0360805 -2.4613371 9.3111296 0.1101740 -0.0073334 0.0058473 0.9938681
1740549567.935008 -1.0491335 -2.4745533 9.4027185 0.1087549 -0.0067224 0.0065324 0.9940245
1740549568.038799 -1.0583597 -2.4814019 9.4919319 0.1083978 -0.0057712 0.0067812 0.9940677
1740549568.152957 -1.0729042 -2.4936676 9.5747986 0.1078826 -0.0035768 0.0067593 0.9941342
1740549568.261375 -1.0586157 -2.5010374 9.6655073 0.1080151 -0.0027139 0.0065572 0.9941239
1740549568.362463 -1.0443877 -2.5238533 9.7491159 0.1073905 -0.0013047 0.0058199 0.9941990
1740549568.470711 -1.0477898 -2.5371630 9.8435907 0.1057187 0.0002420 0.0060666 0.9943776
1740549568.578564 -1.0429249 -2.5619581 9.9364109 0.1040666 0.0012195 0.0058689 0.9945523
1740549568.685599 -1.0431025 -2.5716155 10.0359535 0.1036424 0.0014943 0.0062130 0.9945942
1740549568.789665 -1.0686679 -2.5781746 10.1307955 0.1036349 0.0028454 0.0056639 0.9945952
1740549568.903802 -1.0584319 -2.5965803 10.2132130 0.1026257 0.0034128 0.0056977 0.9946979
1740549569.013420 -1.0542548 -2.6100535 10.3118753 0.1021058 0.0035473 0.0059239 0.9947496
1740549569.116627 -1.0581851 -2.6334672 10.4072151 0.1013188 0.0040820 0.0055727 0.9948300
1740549569.226867 -1.0825355 -2.6475255 10.5064325 0.1009303 0.0044626 0.0056956 0.9948672
1740549569.331909 -1.0570512 -2.6716919 10.6052256 0.0998058 0.0031345 0.0056538 0.9949859
1740549569.442826 -1.0631872 -2.6958013 10.7042761 0.0990065 0.0021869 0.0050556 0.9950715
1740549569.543885 -1.0718030 -2.7219210 10.7982550 0.0975340 0.0015188 0.0045548 0.9952206
1740549569.658855 -1.0538412 -2.7367973 10.8952398 0.0972778 -0.0007314 0.0048181 0.9952453
1740549569.761025 -1.0633895 -2.7629950 10.9938517 0.0959874 -0.0023498 0.0043849 0.9953701
1740549569.862663 -1.0590311 -2.7706223 11.0932732 0.0958055 -0.0048017 0.0044010 0.9953788
1740549569.969853 -1.0838177 -2.7818308 11.1887398 0.0951824 -0.0069189 0.0038649 0.9954283
1740549570.072383 -1.0850756 -2.8043816 11.2880774 0.0943267 -0.0097384 0.0031950 0.9954886
1740549570.189505 -1.0903388 -2.8244846 11.3898535 0.0935635 -0.0131601 0.0030089 0.9955218
1740549570.294677 -1.0915462 -2.8478463 11.4882307 0.0926304 -0.0166983 0.0028683 0.9955564
1740549570.407586 -1.1120362 -2.8559799 11.5844049 0.0923348 -0.0200886 0.0024526 0.9955224
1740549570.513748 -1.1269821 -2.8591588 11.6862316 0.0918805 -0.0241311 0.0022527 0.9954751
1740549570.611794 -1.1337470 -2.8658402 11.7896032 0.0916011 -0.0283791 0.0019908 0.9953893
1740549570.716835 -1.1496841 -2.8857374 11.8871088 0.0914100 -0.0323160 0.0015489 0.9952877
1740549570.817254 -1.1493373 -2.9087942 11.9841509 0.0908865 -0.0367543 0.0010042 0.9951823
1740549570.926096 -1.1607568 -2.9256456 12.0816870 0.0903998 -0.0410011 0.0006913 0.9950610
1740549571.029395 -1.1787475 -2.9355628 12.1789465 0.0902836 -0.0451393 0.0004376 0.9948925
1740549571.127935 -1.1763084 -2.9572887 12.2798548 0.0901786 -0.0496647 0.0000124 0.9946865
1740549571.234927 -1.1950264 -2.9650555 12.3820400 0.0907224 -0.0541214 -0.0004984 0.9944044
1740549571.335412 -1.2167722 -2.9806089 12.4760170 0.0908148 -0.0581514 -0.0011001 0.9941679
1740549571.442806 -1.2398269 -3.0000122 12.5725946 0.0912303 -0.0620967 -0.0011449 0.9938912
1740549571.542787 -1.2476468 -3.0286231 12.6687746 0.0910048 -0.0667704 -0.0011678 0.9936088
1740549571.656675 -1.2708676 -3.0418389 12.7684488 0.0919071 -0.0711734 -0.0017309 0.9932193
1740549571.753849 -1.2950463 -3.0651379 12.8608379 0.0917158 -0.0755052 -0.0023226 0.9929158
1740549571.854974 -1.3215336 -3.0852044 12.9613066 0.0923089 -0.0799262 -0.0027191 0.9925138
1740549571.975109 -1.3600253 -3.1157699 13.0491028 0.0920657 -0.0838907 -0.0029505 0.9922084
1740549572.076187 -1.3698955 -3.1425121 13.1449366 0.0922055 -0.0889553 -0.0031993 0.9917535
1740549572.185639 -1.3779324 -3.1589565 13.2460566 0.0926777 -0.0936865 -0.0043788 0.9912692
1740549572.291396 -1.4005139 -3.1850109 13.3411427 0.0924093 -0.0982020 -0.0044402 0.9908568
1740549572.391948 -1.4311252 -3.2040434 13.4370747 0.0920532 -0.1028997 -0.0049295 0.9904108
1740549572.500693 -1.4504286 -3.2319741 13.5276852 0.0906329 -0.1076861 -0.0054513 0.9900301
1740549572.600727 -1.4725547 -3.2459135 13.6255960 0.0906834 -0.1122258 -0.0062397 0.9895166
1740549572.709512 -1.5001516 -3.2687194 13.7200680 0.0892085 -0.1169414 -0.0066406 0.9891019
1740549572.808888 -1.5134747 -3.2917039 13.8192101 0.0880828 -0.1218214 -0.0072884 0.9886091
1740549572.915777 -1.5539923 -3.3056793 13.9099283 0.0867028 -0.1262741 -0.0076479 0.9881696
1740549573.017015 -1.5898662 -3.3183486 14.0016966 0.0852387 -0.1306329 -0.0085257 0.9877230
1740549573.114831 -1.6257446 -3.3249161 14.0944386 0.0841172 -0.1351831 -0.0089085 0.9872034
1740549573.230414 -1.6691829 -3.3399985 14.1839333 0.0818100 -0.1392455 -0.0095338 0.9868267
1740549573.329143 -1.7061014 -3.3695009 14.2680750 0.0786459 -0.1433959 -0.0099232 0.9864857
1740549573.430385 -1.7416397 -3.3668103 14.3641291 0.0775348 -0.1474433 -0.0105114 0.9859708
1740549573.529387 -1.7831423 -3.3770027 14.4541626 0.0758125 -0.1510393 -0.0109338 0.9855558
1740549573.628319 -1.8164387 -3.3920109 14.5490894 0.0732131 -0.1544696 -0.0119039 0.9852093
1740549573.731646 -1.8601207 -3.4037051 14.6417274 0.0704780 -0.1573620 -0.0126351 0.9849418
1740549573.829008 -1.9009004 -3.4069169 14.7347307 0.0684931 -0.1600054 -0.0132987 0.9846472
1740549573.929865 -1.9456007 -3.4178774 14.8245468 0.0655615 -0.1623147 -0.0136554 0.9844639
1740549574.028522 -1.9874847 -3.4175262 14.9166212 0.0632540 -0.1644562 -0.0143464 0.9842496
1740549574.127949 -2.0250673 -3.4159238 15.0102272 0.0609430 -0.1660099 -0.0149483 0.9841256
1740549574.233699 -2.0705478 -3.4205742 15.1026402 0.0580179 -0.1671572 -0.0154351 0.9841007
1740549574.333072 -2.1134329 -3.4304628 15.1921120 0.0544845 -0.1679366 -0.0159469 0.9841618
1740549574.435453 -2.1587188 -3.4398327 15.2794914 0.0505886 -0.1685655 -0.0164799 0.9842535
1740549574.535053 -2.1793437 -3.4482775 15.3778572 0.0470182 -0.1692684 -0.0172049 0.9842975
1740549574.632188 -2.2021422 -3.4648256 15.4781303 0.0429199 -0.1696659 -0.0180757 0.9844006
1740549574.940900 -2.2850888 -3.5042067 15.7682238 0.0295369 -0.1706659 -0.0207453 0.9846677
1740549575.042864 -2.3172641 -3.5157514 15.8606319 0.0243412 -0.1714426 -0.0214454 0.9846599
1740549575.140737 -2.3421926 -3.5263724 15.9576092 0.0184970 -0.1723058 -0.0223221 0.9846168
1740549575.247953 -2.3668675 -3.5322948 16.0457420 0.0116600 -0.1733419 -0.0234431 0.9845136
1740549575.348306 -2.3876162 -3.5259774 16.1495342 0.0058196 -0.1751624 -0.0245377 0.9842165
1740549575.451140 -2.4104190 -3.5221448 16.2485199 -0.0010033 -0.1776279 -0.0257503 0.9837603
1740549575.751012 -2.4819989 -3.4915278 16.5454845 -0.0240388 -0.1891222 -0.0301058 0.9811975
1740549575.849166 -2.5147097 -3.4687171 16.6391850 -0.0317323 -0.1941831 -0.0314876 0.9799462
1740549575.952689 -2.5416093 -3.4481397 16.7346554 -0.0399895 -0.2002750 -0.0333365 0.9783555
1740549576.053751 -2.5919449 -3.4148920 16.8140926 -0.0483349 -0.2065587 -0.0349624 0.9766140
1740549576.153571 -2.6384201 -3.3768730 16.8973427 -0.0563225 -0.2136191 -0.0359193 0.9746304
1740549576.266056 -2.6950226 -3.3344769 16.9710598 -0.0641418 -0.2208840 -0.0372952 0.9724737
1740549576.363510 -2.7492533 -3.2998562 17.0457916 -0.0724987 -0.2286628 -0.0386033 0.9700345
1740549576.468586 -2.8139625 -3.2635396 17.1189537 -0.0798639 -0.2367853 -0.0397654 0.9674571
1740549576.567534 -2.8816934 -3.2312624 17.1896706 -0.0870574 -0.2447751 -0.0409640 0.9647944
1740549576.673088 -2.9394820 -3.2062185 17.2673740 -0.0938199 -0.2531898 -0.0417993 0.9619488
1740549576.774334 -3.0041189 -3.1776257 17.3372192 -0.1004706 -0.2613326 -0.0425823 0.9590608
1740549576.874174 -3.0725143 -3.1575663 17.4066887 -0.1070490 -0.2693460 -0.0431680 0.9561014
1740549576.986878 -3.1505122 -3.1358237 17.4725132 -0.1121685 -0.2766691 -0.0440944 0.9533772
1740549577.085037 -3.2222395 -3.1177728 17.5387764 -0.1171955 -0.2837276 -0.0446098 0.9506702
1740549577.186773 -3.2917891 -3.0931816 17.6122551 -0.1216135 -0.2904154 -0.0450896 0.9480696
1740549577.287106 -3.3579867 -3.0654004 17.6823940 -0.1256637 -0.2964221 -0.0453441 0.9456673
1740549577.385936 -3.4187746 -3.0275984 17.7527142 -0.1291929 -0.3018441 -0.0452305 0.9434795
1740549577.490568 -3.4735003 -2.9948149 17.8266125 -0.1323236 -0.3068040 -0.0456228 0.9414247
1740549577.590921 -3.5227637 -2.9483471 17.9038010 -0.1341976 -0.3110240 -0.0457933 0.9397649
1740549577.700923 -3.5710187 -2.9015856 17.9798126 -0.1360869 -0.3146295 -0.0455896 0.9383018
1740549577.800907 -3.6242585 -2.8594835 18.0530186 -0.1376363 -0.3175986 -0.0456640 0.9370710
1740549577.899170 -3.6744900 -2.8192677 18.1298141 -0.1387873 -0.3200035 -0.0454904 0.9360911
1740549578.002101 -3.7280192 -2.7762799 18.2056179 -0.1387940 -0.3220541 -0.0452942 0.9353961
1740549578.101741 -3.7910891 -2.7521141 18.2818127 -0.1388945 -0.3235214 -0.0449488 0.9348914
1740549578.212596 -3.8614755 -2.7328801 18.3526192 -0.1386435 -0.3244178 -0.0447516 0.9346274
1740549578.317798 -3.9245746 -2.7138178 18.4269638 -0.1383357 -0.3252082 -0.0445115 0.9344097
1740549578.433959 -3.9917750 -2.6852791 18.4980392 -0.1375282 -0.3253226 -0.0438649 0.9345197
1740549578.535922 -4.0559425 -2.6672370 18.5732288 -0.1365343 -0.3254639 -0.0435885 0.9346292
1740549578.635139 -4.1204567 -2.6553431 18.6504402 -0.1357454 -0.3253826 -0.0436443 0.9347698
1740549578.741658 -4.1859279 -2.6388078 18.7290230 -0.1344285 -0.3249811 -0.0433057 0.9351155
1740549578.841753 -4.2488213 -2.6164880 18.8041229 -0.1333816 -0.3245190 -0.0427831 0.9354499
1740549578.949495 -4.3103414 -2.5870972 18.8798695 -0.1322218 -0.3237374 -0.0425427 0.9358962
1740549579.049250 -4.3692341 -2.5604978 18.9577904 -0.1312453 -0.3228816 -0.0423392 0.9363384
1740549579.147976 -4.4224644 -2.5339322 19.0375385 -0.1304615 -0.3220962 -0.0422135 0.9367241
1740549579.249711 -4.4808350 -2.5099845 19.1199532 -0.1295187 -0.3212467 -0.0420965 0.9371517
1740549579.451796 -4.5998273 -2.4601724 19.2743702 -0.1281136 -0.3191316 -0.0420586 0.9380687
1740549579.751853 -4.7704210 -2.3715634 19.5098267 -0.1271608 -0.3166510 -0.0423848 0.9390239
1740549580.066016 -4.9262843 -2.2850742 19.7547970 -0.1278681 -0.3144963 -0.0428030 0.9396328
1740549580.482663 -5.1509199 -2.1729794 20.0699482 -0.1289497 -0.3126221 -0.0430642 0.9400983
1740549580.682743 -5.2727127 -2.1186688 20.2222786 -0.1288212 -0.3122324 -0.0433397 0.9402328
1740549581.090243 -5.5062838 -1.9982557 20.5275860 -0.1265225 -0.3136140 -0.0422263 0.9401358
1740549581.298005 -5.6105556 -1.9297976 20.6884003 -0.1243540 -0.3160106 -0.0412529 0.9396657
1740549581.504731 -5.7287416 -1.8707354 20.8379478 -0.1195563 -0.3184940 -0.0392942 0.9395339
1740549581.716815 -5.8545513 -1.8129133 20.9892864 -0.1136302 -0.3221697 -0.0365571 0.9391264
1740549581.815176 -5.9313440 -1.7976177 21.0501213 -0.1097072 -0.3234622 -0.0352097 0.9392001
1740549581.914590 -6.0147848 -1.7829630 21.1037502 -0.1062526 -0.3247086 -0.0335501 0.9392280
1740549582.023180 -6.0845127 -1.7867407 21.1436729 -0.1039105 -0.3247583 -0.0330918 0.9394890
1740549582.233376 -6.2339373 -1.7526174 21.2661781 -0.0956104 -0.3292708 -0.0279130 0.9389676
1740549582.332173 -6.2933855 -1.7503272 21.3319988 -0.0910147 -0.3318178 -0.0263971 0.9385716
1740549582.440774 -6.3718872 -1.7437614 21.3969440 -0.0857951 -0.3349815 -0.0243991 0.9379932
1740549582.541206 -6.4430628 -1.7357401 21.4607201 -0.0810987 -0.3382613 -0.0221880 0.9372886
1740549582.750976 -6.5888968 -1.7547133 21.5603390 -0.0739341 -0.3457455 -0.0163149 0.9352688
1740549582.855389 -6.6629481 -1.7511327 21.6212254 -0.0686613 -0.3496549 -0.0139806 0.9342546
1740549582.972400 -6.6936455 -1.7449551 21.6557274 -0.0627009 -0.3581916 -0.0094381 0.9314925
1740549583.070462 -6.7385674 -1.7541833 21.6807709 -0.0598496 -0.3641210 -0.0036121 0.9294197
1740549583.174720 -6.7192354 -1.7536044 21.6739349 -0.0581694 -0.3716376 0.0002688 0.9265537
1740549583.274590 -6.7093124 -1.7541369 21.6687889 -0.0576611 -0.3784847 0.0057713 0.9237918
1740549583.371926 -6.7329082 -1.7513750 21.6826477 -0.0512072 -0.3848912 0.0093619 0.9214928
1740549583.473674 -6.7233691 -1.7545829 21.6724548 -0.0501166 -0.3871593 0.0125817 0.9205638
1740549583.569172 -6.7027264 -1.7454799 21.6618614 -0.0448942 -0.3916232 0.0190351 0.9188327
1740549583.665177 -6.7216997 -1.7562132 21.6723270 -0.0440649 -0.3973815 0.0187127 0.9164039
1740549583.769696 -6.7313662 -1.7538482 21.6870308 -0.0407803 -0.4076129 0.0218556 0.9119819
1740549583.867268 -6.7518959 -1.7592009 21.7046738 -0.0425504 -0.4161875 0.0297294 0.9077960
1740549583.972982 -6.7835355 -1.7665753 21.7320824 -0.0378255 -0.4244793 0.0317110 0.9040913
1740549584.069567 -6.8539419 -1.7700651 21.7654915 -0.0347468 -0.4293573 0.0375662 0.9016839
1740549584.164397 -6.9066505 -1.7666142 21.7901096 -0.0288800 -0.4365442 0.0403564 0.8983132
1740549584.264249 -6.9734945 -1.7837697 21.8334427 -0.0264410 -0.4426930 0.0421686 0.8952908
1740549584.359872 -7.0397582 -1.7999156 21.8793926 -0.0233099 -0.4498072 0.0456532 0.8916535
1740549584.469444 -7.1060390 -1.8099434 21.9257984 -0.0196248 -0.4558687 0.0484765 0.8885093
1740549584.565629 -7.1795492 -1.8158128 21.9704247 -0.0164117 -0.4617938 0.0509555 0.8853704
1740549584.689309 -7.2347527 -1.8251897 22.0100269 -0.0139984 -0.4689809 0.0522731 0.8815489
1740549584.877913 -7.4291916 -1.8592710 22.1186886 -0.0082629 -0.4773025 0.0569830 0.8768507
1740549584.982753 -7.5086660 -1.8638005 22.1674767 -0.0043354 -0.4827089 0.0583832 0.8738219
1740549585.076481 -7.5677824 -1.8826492 22.2099533 -0.0027577 -0.4895765 0.0599509 0.8698927
1740549585.182990 -7.6104918 -1.8970373 22.2426605 -0.0020405 -0.4972331 0.0599538 0.8655407
1740549585.279807 -7.6668944 -1.9144912 22.2755318 -0.0014325 -0.5040085 0.0607741 0.8615567
1740549585.374134 -7.7327404 -1.9250003 22.3215981 0.0001258 -0.5103143 0.0615142 0.8577851
1740549585.573694 -7.8460941 -1.9576206 22.4019814 0.0036241 -0.5239713 0.0624567 0.8494352
1740549585.669715 -7.9026380 -1.9670955 22.4353218 0.0044922 -0.5308113 0.0625174 0.8451691
1740549585.774376 -7.9552822 -1.9818604 22.4648418 0.0060794 -0.5376477 0.0631396 0.8407803
1740549585.871292 -8.0037451 -1.9861926 22.4933491 0.0070813 -0.5443709 0.0621229 0.8365111
1740549585.972520 -8.0774384 -2.0066514 22.5280991 0.0073633 -0.5496410 0.0627625 0.8330076
1740549586.068617 -8.1290283 -2.0125866 22.5668755 0.0089284 -0.5566213 0.0633113 0.8283023
1740549586.164653 -8.1877499 -2.0239379 22.5823364 0.0101746 -0.5626256 0.0636342 0.8241963
1740549586.268137 -8.2519245 -2.0354266 22.6021252 0.0105705 -0.5673226 0.0632566 0.8209945
1740549586.364347 -8.3022795 -2.0601544 22.6290359 0.0096999 -0.5741640 0.0635108 0.8162156
1740549586.475446 -8.3620358 -2.0780461 22.6557999 0.0094984 -0.5790150 0.0629933 0.8128242
1740549586.574052 -8.4234705 -2.0979548 22.6785641 0.0091554 -0.5847659 0.0624652 0.8087418
1740549586.774516 -8.4938183 -2.1230998 22.7144299 0.0065257 -0.5948599 0.0617953 0.8014240
1740549586.870557 -8.5332375 -2.1250110 22.7101765 0.0086877 -0.5946910 0.0630378 0.8014322
1740549586.972249 -8.5946960 -2.1263895 22.7028351 0.0085783 -0.5957794 0.0643308 0.8005217
1740549587.069207 -8.6427269 -2.1329074 22.7207832 0.0094313 -0.5976582 0.0634765 0.7991787
1740549587.165590 -8.6749859 -2.1297231 22.7132854 0.0103577 -0.5981621 0.0649423 0.7986723
1740549587.269601 -8.7000523 -2.1386132 22.7239418 0.0079297 -0.6009823 0.0647772 0.7965935
1740549587.470066 -8.8311539 -2.1719408 22.7755108 0.0058611 -0.6059163 0.0624059 0.7930552
1740549587.566076 -8.8841248 -2.1937704 22.7939892 0.0032299 -0.6092132 0.0613976 0.7906196
1740549587.661935 -8.8942566 -2.1902494 22.7977562 0.0016774 -0.6095107 0.0623404 0.7903212
1740549587.764572 -8.9153595 -2.1803267 22.7998924 0.0040862 -0.6096440 0.0619951 0.7902367
1740549587.859344 -9.0000801 -2.1912127 22.8165436 0.0035938 -0.6105959 0.0605617 0.7896152
1740549588.068293 -9.1745663 -2.2051246 22.8704338 -0.0001321 -0.6133471 0.0599025 0.7875386
1740549588.163294 -9.2430019 -2.2419264 22.9037590 -0.0043368 -0.6160997 0.0573650 0.7855645
1740549588.265396 -9.3214788 -2.2492573 22.9236145 -0.0058260 -0.6175441 0.0567275 0.7844663
1740549588.368293 -9.3931141 -2.2342916 22.9264812 -0.0066965 -0.6169081 0.0566272 0.7849668
1740549588.471354 -9.4692850 -2.2546129 22.9528503 -0.0084567 -0.6186783 0.0538225 0.7837530
1740549588.572629 -9.5332642 -2.2657030 22.9596939 -0.0098279 -0.6196160 0.0535363 0.7830155
1740549588.671264 -9.6275291 -2.2821584 22.9848480 -0.0118455 -0.6202165 0.0520787 0.7826103
1740549588.775443 -9.7012482 -2.2944098 22.9973907 -0.0141886 -0.6194645 0.0484322 0.7834007
1740549588.873086 -9.7100830 -2.3037586 23.0026360 -0.0186473 -0.6194765 0.0455728 0.7834694
1740549588.975843 -9.7715807 -2.3036730 23.0022507 -0.0192441 -0.6170193 0.0437184 0.7854971
1740549589.073570 -9.7862854 -2.3142033 22.9970188 -0.0248164 -0.6156896 0.0423150 0.7864603
1740549589.170506 -9.7915316 -2.3068142 23.0068741 -0.0253016 -0.6163148 0.0427186 0.7859332
1740549589.277518 -9.8122406 -2.3097653 23.0088577 -0.0277704 -0.6155303 0.0410641 0.7865525
1740549589.374346 -9.8123894 -2.3176064 23.0013256 -0.0313850 -0.6131688 0.0384567 0.7883908
1740549589.476251 -9.8176279 -2.3135870 23.0074425 -0.0353050 -0.6139917 0.0374453 0.7876329
1740549589.573607 -9.8485422 -2.3133531 23.0035038 -0.0377150 -0.6137130 0.0391524 0.7876555
1740549589.669183 -9.8271618 -2.3142905 23.0056763 -0.0405689 -0.6129988 0.0369787 0.7881746
1740549589.772180 -9.8238192 -2.3152072 23.0057449 -0.0430424 -0.6131015 0.0340820 0.7880942
1740549589.867091 -9.8882656 -2.2953353 23.0125504 -0.0432373 -0.6124468 0.0352289 0.7885420
1740549589.973305 -9.9642296 -2.2848895 23.0096455 -0.0434446 -0.6120798 0.0356858 0.7887949
1740549590.069965 -9.9807854 -2.2988994 23.0257645 -0.0468179 -0.6119570 0.0311144 0.7888908
1740549590.165874 -9.9709206 -2.2936702 23.0219631 -0.0483430 -0.6121821 0.0290014 0.7887046
1740549590.269440 -9.9609051 -2.2965016 23.0201168 -0.0501534 -0.6121576 0.0253612 0.7887360
1740549590.368685 -9.9819527 -2.3007393 23.0116692 -0.0537347 -0.6102459 0.0244786 0.7900084
1740549590.472422 -9.9939356 -2.2882638 23.0251541 -0.0548628 -0.6122984 0.0249291 0.7883269
1740549590.573394 -10.0239382 -2.2859058 23.0314617 -0.0562507 -0.6141606 0.0208743 0.7868971
1740549590.670964 -10.0099621 -2.2915015 23.0315590 -0.0583450 -0.6152165 0.0179194 0.7859921
1740549590.778040 -9.9860039 -2.2982101 23.0179119 -0.0642821 -0.6150531 0.0180746 0.7856531
1740549590.876012 -9.9783840 -2.3070769 23.0071030 -0.0705834 -0.6156859 0.0169691 0.7846407
1740549590.981360 -9.9661455 -2.3080492 23.0010948 -0.0658846 -0.6175470 0.0107863 0.7836955
1740549591.075125 -9.9448576 -2.3096080 23.0002823 -0.0712045 -0.6195695 0.0130379 0.7815968
1740549591.171246 -9.9373665 -2.3018785 22.9997253 -0.0746394 -0.6218634 0.0145937 0.7794241
1740549591.278592 -9.9441986 -2.3011684 22.9992638 -0.0773701 -0.6226972 0.0179615 0.7784210
1740549591.375769 -9.9319077 -2.2933517 23.0057487 -0.0684741 -0.6259609 0.0114753 0.7767578
1740549591.478705 -9.9098587 -2.2903528 23.0035706 -0.0655795 -0.6269259 0.0039570 0.7763038
1740549591.576715 -9.8992519 -2.2923279 22.9960136 -0.0700067 -0.6256240 -0.0004884 0.7769771
1740549591.677955 -9.9028807 -2.2910419 22.9964523 -0.0713156 -0.6274896 0.0011735 0.7753512
1740549591.778752 -9.8996010 -2.3030400 22.9934959 -0.0692011 -0.6299057 -0.0050529 0.7735662
1740549591.874543 -9.9034681 -2.3119516 22.9961624 -0.0771436 -0.6326255 -0.0050104 0.7705898
1740549591.976286 -9.9072437 -2.3121274 22.9950218 -0.0769368 -0.6334221 -0.0067183 0.7699429
1740549592.071819 -9.9331455 -2.3116333 22.9980392 -0.0784545 -0.6348836 -0.0066076 0.7685857
1740549592.166677 -9.9616718 -2.3251433 22.9863930 -0.0820929 -0.6321983 -0.0107496 0.7703705
1740549592.266619 -10.0480728 -2.3399968 22.9879837 -0.0847721 -0.6337469 -0.0130482 0.7687708
1740549592.363303 -10.1296425 -2.3482096 22.9859352 -0.0867711 -0.6341663 -0.0157201 0.7681515
1740549592.471284 -10.1887894 -2.3496494 22.9773636 -0.0885213 -0.6336456 -0.0175899 0.7683409
1740549592.569896 -10.2432728 -2.3564093 22.9804039 -0.0905853 -0.6347161 -0.0191637 0.7671783
1740549592.667667 -10.2736492 -2.3618088 22.9847984 -0.0920527 -0.6359358 -0.0204720 0.7659589
1740549592.772498 -10.3330231 -2.3654215 22.9757919 -0.0914675 -0.6340184 -0.0236705 0.7675247
1740549592.886119 -10.4087658 -2.3766451 22.9736423 -0.0939237 -0.6335567 -0.0266425 0.7675118
1740549592.990250 -10.4968567 -2.3733399 22.9779472 -0.0952277 -0.6345173 -0.0271814 0.7665381
1740549593.090265 -10.5763798 -2.3713143 22.9855347 -0.0958432 -0.6365446 -0.0269340 0.7647873
1740549593.195164 -10.6574497 -2.3673327 22.9899826 -0.0951841 -0.6362343 -0.0290708 0.7650496
1740549593.297964 -10.7415915 -2.3641808 22.9912930 -0.0949851 -0.6363121 -0.0301304 0.7649686
1740549593.396186 -10.8327885 -2.3681531 23.0008812 -0.0955709 -0.6383697 -0.0305523 0.7631624
1740549593.502496 -10.9156065 -2.3652146 23.0036793 -0.0948251 -0.6384469 -0.0324719 0.7631116
1740549593.602579 -10.9800682 -2.3681519 23.0030518 -0.0938008 -0.6368324 -0.0338253 0.7645271
1740549593.703968 -11.0705709 -2.3736320 23.0121193 -0.0941673 -0.6379383 -0.0343097 0.7635379
1740549593.803564 -11.1624908 -2.3787482 23.0226402 -0.0934091 -0.6397833 -0.0354458 0.7620339
1740549593.902278 -11.2393961 -2.3883653 23.0365639 -0.0947686 -0.6430597 -0.0331387 0.7592068
1740549594.005601 -11.3212471 -2.3869913 23.0410576 -0.0932063 -0.6432642 -0.0320684 0.7592729
1740549594.104457 -11.4242439 -2.3786356 23.0523243 -0.0924771 -0.6446534 -0.0319509 0.7581880
1740549594.209677 -11.5212917 -2.3642793 23.0539341 -0.0915800 -0.6452783 -0.0312466 0.7577946
1740549594.310876 -11.6224804 -2.3634269 23.0636520 -0.0913787 -0.6463051 -0.0306245 0.7569688
1740549594.412168 -11.7084274 -2.3370967 23.0661583 -0.0894502 -0.6471408 -0.0286528 0.7565623
1740549594.519589 -11.7928562 -2.3189287 23.0727386 -0.0864776 -0.6474879 -0.0253398 0.7567291
1740549594.621113 -11.8676834 -2.3018146 23.0893440 -0.0828614 -0.6483287 -0.0236830 0.7564675
1740549594.722700 -11.9451580 -2.2887864 23.0856361 -0.0805423 -0.6483783 -0.0210461 0.7567533
1740549594.823592 -12.0002060 -2.2779036 23.0902176 -0.0761558 -0.6472871 -0.0202283 0.7581626
1740549594.923319 -12.0372505 -2.2575755 23.0848770 -0.0728788 -0.6466750 -0.0177615 0.7590684
1740549595.027628 -12.0530758 -2.2751424 23.0918732 -0.0730131 -0.6465864 -0.0208832 0.7590514
1740549595.128309 -12.0567703 -2.2692983 23.0957832 -0.0723478 -0.6463296 -0.0224500 0.7592891
1740549595.237640 -12.0554094 -2.2699594 23.0946960 -0.0725348 -0.6463920 -0.0224957 0.7592167
1740549595.336077 -12.0495157 -2.2823567 23.1036530 -0.0738328 -0.6469167 -0.0233664 0.7586181
1740549595.435238 -12.0722141 -2.2819560 23.1138306 -0.0730558 -0.6465573 -0.0223577 0.7590300
1740549595.540256 -12.0833340 -2.2903695 23.1196404 -0.0734416 -0.6460187 -0.0213140 0.7594814
1740549595.639467 -12.1043072 -2.2966316 23.1234589 -0.0734613 -0.6444358 -0.0218926 0.7608066
1740549595.743363 -12.1174498 -2.2966497 23.1338863 -0.0743827 -0.6445194 -0.0199699 0.7606991
1740549595.842512 -12.1282978 -2.2976363 23.1333084 -0.0738673 -0.6424795 -0.0190280 0.7624970
1740549595.947773 -12.1232014 -2.2982051 23.1291695 -0.0737385 -0.6404438 -0.0198883 0.7641981
1740549596.052034 -12.1377277 -2.3006895 23.1351986 -0.0738621 -0.6391504 -0.0200409 0.7652645
1740549596.151593 -12.1512814 -2.3044133 23.1428490 -0.0747074 -0.6381996 -0.0211255 0.7659464
1740549596.254467 -12.1597357 -2.2990084 23.1422482 -0.0703439 -0.6353724 -0.0219287 0.7686825
1740549596.352479 -12.1708927 -2.3045473 23.1422195 -0.0727370 -0.6324447 -0.0200720 0.7709216
1740549596.461704 -12.1736565 -2.3044326 23.1431408 -0.0729620 -0.6306501 -0.0184709 0.7724091
1740549596.563966 -12.1711426 -2.3057635 23.1371365 -0.0704777 -0.6269568 -0.0204209 0.7755908
1740549596.667751 -12.1800604 -2.3039510 23.1399059 -0.0687430 -0.6247656 -0.0201073 0.7775205
1740549596.773275 -12.1882763 -2.3041914 23.1444473 -0.0685314 -0.6234873 -0.0183942 0.7786069
1740549596.872706 -12.1961565 -2.3049903 23.1469460 -0.0683770 -0.6221691 -0.0181505 0.7796800
1740549596.977194 -12.1985664 -2.3028908 23.1451645 -0.0670744 -0.6191773 -0.0140159 0.7822557
1740549597.080413 -12.2039671 -2.3051515 23.1492958 -0.0683286 -0.6180501 -0.0140888 0.7830369
1740549597.181967 -12.2047081 -2.3041058 23.1481724 -0.0679522 -0.6166390 -0.0116899 0.7842208
1740549597.288518 -12.2197514 -2.3186510 23.1439152 -0.0690387 -0.6130855 -0.0166865 0.7868172
1740549597.387661 -12.2207212 -2.3141196 23.1440964 -0.0664543 -0.6091415 -0.0152353 0.7901255
1740549597.493298 -12.2233944 -2.3098657 23.1479874 -0.0609333 -0.6091188 -0.0182178 0.7905248
1740549597.593267 -12.2317057 -2.3173175 23.1416016 -0.0620502 -0.6029481 -0.0207913 0.7950920
1740549597.698241 -12.2399607 -2.3157387 23.1323109 -0.0594212 -0.5980773 -0.0196402 0.7989912
1740549597.804422 -12.2449856 -2.3172817 23.1314049 -0.0587746 -0.5929265 -0.0227166 0.8027874
1740549597.901567 -12.2474031 -2.3197327 23.1309395 -0.0629102 -0.5883366 -0.0263326 0.8057350
1740549598.009073 -12.2687645 -2.3316960 23.1303596 -0.0684307 -0.5840955 -0.0284035 0.8082963
1740549598.110683 -12.3023453 -2.3467667 23.1428413 -0.0736408 -0.5810924 -0.0316235 0.8098819
1740549598.216482 -12.3755770 -2.3460474 23.1576023 -0.0750852 -0.5776163 -0.0318816 0.8122225
1740549598.320343 -12.4701586 -2.3630037 23.1690140 -0.0746687 -0.5740571 -0.0329742 0.8147366
1740549598.418463 -12.5599375 -2.3367944 23.2016640 -0.0727732 -0.5724303 -0.0311968 0.8161215
1740549598.525959 -12.6332312 -2.3338950 23.2692986 -0.0719524 -0.5726395 -0.0320657 0.8160139
1740549598.627233 -12.7290382 -2.3259788 23.3020420 -0.0699227 -0.5700526 -0.0317239 0.8180126
1740549598.742189 -12.8215103 -2.3178763 23.3319168 -0.0694837 -0.5682874 -0.0310778 0.8193020
1740549598.843565 -12.9234991 -2.3105397 23.3518200 -0.0680505 -0.5656214 -0.0301266 0.8213001
1740549598.948912 -13.0137024 -2.2957363 23.3949738 -0.0662357 -0.5637814 -0.0294349 0.8227375
1740549599.053520 -13.1007128 -2.2808576 23.4412479 -0.0649290 -0.5624014 -0.0288049 0.8238077
1740549599.153585 -13.1905260 -2.2619839 23.4831085 -0.0633214 -0.5605428 -0.0278582 0.8252310
1740549599.254608 -13.2803535 -2.2498717 23.5254784 -0.0618360 -0.5586825 -0.0271989 0.8266259
1740549599.352558 -13.3771420 -2.2348528 23.5608940 -0.0601550 -0.5567272 -0.0258675 0.8281106
1740549599.463743 -13.4647665 -2.2204165 23.6011677 -0.0589080 -0.5548545 -0.0250322 0.8294817
1740549599.558643 -13.5537109 -2.2237649 23.6390343 -0.0583733 -0.5531874 -0.0250508 0.8306315
1740549599.657604 -13.6440611 -2.2104964 23.6894436 -0.0565736 -0.5518538 -0.0247922 0.8316503
1740549599.873653 -13.8300705 -2.1906400 23.7767429 -0.0532450 -0.5489476 -0.0218031 0.8338742
1740549599.977785 -13.9195671 -2.1775923 23.8160229 -0.0510515 -0.5473226 -0.0208530 0.8351029
1740549600.082789 -14.0052967 -2.1649854 23.8633919 -0.0492776 -0.5458855 -0.0196657 0.8361782
1740549600.180401 -14.1008558 -2.1623328 23.8991451 -0.0472515 -0.5440935 -0.0185394 0.8374878
1740549600.286734 -14.1891832 -2.1620193 23.9459057 -0.0448683 -0.5431656 -0.0173122 0.8382472
1740549600.387798 -14.2823582 -2.1542301 23.9859238 -0.0437555 -0.5422222 -0.0168479 0.8389259
1740549600.495796 -14.3692760 -2.1330521 24.0194626 -0.0415920 -0.5402634 -0.0146306 0.8403401
1740549600.595937 -14.4623032 -2.1419191 24.0563698 -0.0399154 -0.5390925 -0.0140510 0.8411828
1740549600.703749 -14.5505886 -2.1378336 24.1046104 -0.0382528 -0.5385510 -0.0132877 0.8416193
1740549600.806066 -14.6350403 -2.1366317 24.1447620 -0.0361685 -0.5372704 -0.0120062 0.8425487
1740549600.905631 -14.7293301 -2.1486170 24.1988583 -0.0357650 -0.5374739 -0.0124958 0.8424289
1740549601.012490 -14.8208275 -2.1503940 24.2322788 -0.0346908 -0.5363199 -0.0116656 0.8432209
1740549601.115463 -14.9081764 -2.1527479 24.2739983 -0.0328371 -0.5356746 -0.0105968 0.8437193
1740549601.221525 -14.9947491 -2.1545572 24.3275032 -0.0318544 -0.5356736 -0.0094637 0.8437710
1740549601.322917 -15.0865536 -2.1651013 24.3620071 -0.0314060 -0.5345588 -0.0097968 0.8444908
1740549601.422752 -15.1723309 -2.1482730 24.3823509 -0.0307875 -0.5321397 -0.0088725 0.8460502
1740549601.528301 -15.2583790 -2.1330359 24.4300232 -0.0301572 -0.5321068 -0.0091942 0.8460901
1740549601.632156 -15.3472290 -2.1278434 24.4724159 -0.0292572 -0.5321348 -0.0095037 0.8461006
1740549601.746946 -15.4336128 -2.1140525 24.5113182 -0.0278363 -0.5320731 -0.0078834 0.8462040
1740549601.852447 -15.5154057 -2.0859098 24.5523949 -0.0262418 -0.5317571 -0.0072805 0.8464590
1740549601.970471 -15.5900478 -2.0462637 24.5957451 -0.0257849 -0.5314125 -0.0069557 0.8466921
1740549602.072962 -15.6741524 -2.0412741 24.6436272 -0.0255385 -0.5315596 -0.0080676 0.8465974
1740549602.175642 -15.7727985 -2.0449915 24.6786175 -0.0250520 -0.5311498 -0.0068348 0.8468799
1740549602.285086 -15.8617010 -2.0537624 24.7167282 -0.0243182 -0.5305329 -0.0066777 0.8472891
1740549602.387645 -15.9438257 -2.0372219 24.7644920 -0.0234299 -0.5303887 -0.0068063 0.8474034
1740549602.500368 -16.0389519 -2.0333028 24.7959213 -0.0230849 -0.5296484 -0.0057053 0.8478840
1740549602.603081 -16.1314812 -2.0218294 24.8317280 -0.0223331 -0.5288202 -0.0052981 0.8484235
1740549602.722085 -16.2210007 -2.0305181 24.8773956 -0.0223412 -0.5284696 -0.0052468 0.8486420
1740549602.832157 -16.3119068 -2.0211999 24.9200554 -0.0203736 -0.5280269 -0.0042497 0.8489726
1740549602.937626 -16.4040947 -2.0201488 24.9497223 -0.0197041 -0.5263974 -0.0037200 0.8500022
1740549603.046716 -16.4931011 -2.0213332 24.9915733 -0.0190181 -0.5250633 -0.0032164 0.8508446
1740549603.152694 -16.5799255 -2.0250552 25.0453529 -0.0182006 -0.5248063 -0.0029151 0.8510221
1740549603.261804 -16.6729870 -2.0193059 25.0916195 -0.0181124 -0.5240824 -0.0024926 0.8514714
1740549603.368717 -16.7640343 -2.0281367 25.1346321 -0.0173234 -0.5228444 -0.0018346 0.8522500
1740549603.474724 -16.8506775 -2.0381827 25.1748848 -0.0172275 -0.5210481 -0.0020538 0.8533510
1740549603.578238 -16.9394264 -2.0462425 25.2236710 -0.0173009 -0.5199570 -0.0026309 0.8540131
1740549603.680582 -17.0295296 -2.0445087 25.2690563 -0.0169120 -0.5186638 -0.0019011 0.8548089
1740549603.786911 -17.1149368 -2.0436156 25.3245659 -0.0170853 -0.5168871 -0.0021291 0.8558805
1740549603.888708 -17.2047272 -2.0486422 25.3694000 -0.0177302 -0.5150712 -0.0026478 0.8569599
1740549604.001754 -17.2935543 -2.0403032 25.4149189 -0.0177244 -0.5127187 -0.0023962 0.8583703
1740549604.106622 -17.3818893 -2.0367765 25.4601822 -0.0188939 -0.5099975 -0.0030853 0.8599629
1740549604.223929 -17.4636135 -2.0221777 25.5160427 -0.0197564 -0.5079566 -0.0035570 0.8611487
1740549604.323721 -17.5468044 -2.0077457 25.5696373 -0.0206536 -0.5051515 -0.0039505 0.8627745
1740549604.425573 -17.6324177 -1.9963945 25.6220245 -0.0220429 -0.5029129 -0.0045074 0.8640442
1740549604.539645 -17.7165585 -1.9869517 25.6794434 -0.0233450 -0.5007175 -0.0055463 0.8652781
1740549604.642332 -17.8013000 -1.9773402 25.7340660 -0.0249923 -0.4981913 -0.0062084 0.8666847
1740549604.758769 -17.8839760 -1.9744626 25.7899246 -0.0261085 -0.4954666 -0.0072059 0.8682047
1740549604.863831 -17.9693604 -1.9718540 25.8434925 -0.0275693 -0.4928131 -0.0082739 0.8696590
1740549605.085762 -18.1356621 -1.9448488 25.9557304 -0.0298080 -0.4878725 -0.0098364 0.8723503
1740549605.299030 -18.3010597 -1.9163247 26.0662556 -0.0324389 -0.4830489 -0.0115165 0.8749165
1740549605.622334 -18.5531731 -1.9233699 26.2270164 -0.0346878 -0.4761812 -0.0129464 0.8785673
1740549605.839977 -18.7096386 -1.8632193 26.3468533 -0.0349643 -0.4725882 -0.0131893 0.8804907
1740549606.056899 -18.8751316 -1.8446472 26.4614449 -0.0343980 -0.4689843 -0.0132882 0.8824364
1740549606.621880 -19.2856941 -1.7988460 26.7531204 -0.0277518 -0.4617641 -0.0096188 0.8865164
1740549606.842595 -19.4497910 -1.7966955 26.8735676 -0.0236805 -0.4596461 -0.0079875 0.8877505
1740549607.173319 -19.6967125 -1.8030815 27.0438156 -0.0166273 -0.4557430 -0.0041509 0.8899465
1740549607.405807 -19.8576126 -1.8086174 27.1635246 -0.0110510 -0.4534640 -0.0016118 0.8912047
1740549607.622478 -20.0192680 -1.8177116 27.2845917 -0.0044438 -0.4507995 0.0016426 0.8926127
1740549607.839612 -20.1719112 -1.8256009 27.4107494 0.0017284 -0.4491140 0.0043775 0.8934621
1740549608.054074 -20.3260574 -1.8225244 27.5410385 0.0087520 -0.4464536 0.0067066 0.8947389
1740549608.266060 -20.4871140 -1.8376768 27.6568604 0.0148614 -0.4441371 0.0102017 0.8957775
1740549608.481633 -20.6498146 -1.8502901 27.7832413 0.0203048 -0.4415360 0.0129134 0.8969208
1740549608.606303 -20.7222157 -1.8645285 27.8487473 0.0227903 -0.4406801 0.0143852 0.8972595
1740549608.931714 -20.9574337 -1.8912947 28.0336037 0.0311242 -0.4375246 0.0182012 0.8984833
1740549609.057779 -21.0305023 -1.8972440 28.0925179 0.0342730 -0.4368871 0.0191534 0.8986591
1740549609.158597 -21.0983562 -1.9059577 28.1593323 0.0369594 -0.4365370 0.0202408 0.8986990
1740549609.272563 -21.1740093 -1.9138250 28.2217293 0.0393074 -0.4358830 0.0214889 0.8988878
1740549609.500426 -21.3239841 -1.9471034 28.3566284 0.0420263 -0.4343670 0.0242128 0.8994291
1740549609.603194 -21.4037666 -1.9607394 28.4174576 0.0442363 -0.4328972 0.0252211 0.9000039
1740549609.704701 -21.4624996 -1.9601915 28.4746037 0.0490369 -0.4334841 0.0266863 0.8994303
1740549609.813377 -21.5388489 -1.9580817 28.5416393 0.0518267 -0.4326394 0.0265269 0.8996852
1740549610.130355 -21.7684441 -2.0283585 28.7414036 0.0547497 -0.4281690 0.0311260 0.9015015
1740549610.348857 -21.9130459 -2.0544093 28.8616180 0.0595654 -0.4271637 0.0328182 0.9016131
1740549610.657297 -22.1550026 -2.1117911 29.0545692 0.0636539 -0.4211337 0.0352312 0.9040760
1740549610.967629 -22.3765755 -2.1855569 29.2593803 0.0661694 -0.4169791 0.0399586 0.9056232
1740549611.273845 -22.5241032 -2.3011057 29.4645290 0.0663649 -0.4199792 0.0506724 0.9036844
1740549611.469900 -22.5857544 -2.3111763 29.5936699 0.0744326 -0.4265834 0.0563629 0.8996164
1740549611.674357 -22.6264458 -2.2829106 29.7151604 0.0895665 -0.4352849 0.0633765 0.8935817
1740549611.774553 -22.6549072 -2.2742617 29.7656059 0.0974141 -0.4379331 0.0673758 0.8911709
1740549611.968776 -22.7109184 -2.2636182 29.9008636 0.1083733 -0.4459287 0.0718180 0.8855761
1740549612.073085 -22.7375221 -2.2606697 29.9545898 0.1148190 -0.4504163 0.0748439 0.8822359
1740549612.273117 -22.7896423 -2.2467527 30.0749378 0.1268234 -0.4590711 0.0795340 0.8756962
1740549612.773525 -22.8115330 -2.2772408 30.0863609 0.1232292 -0.4480496 0.0787265 0.8819684
1740549612.867854 -22.8214016 -2.2821932 30.0756760 0.1230202 -0.4449226 0.0771190 0.8837209
1740549613.073073 -22.8271713 -2.2756405 30.0886650 0.1237115 -0.4430581 0.0842770 0.8839074
1740549613.274762 -22.8404770 -2.2859821 30.1008530 0.1215944 -0.4385506 0.0819040 0.8866679
1740549613.463822 -22.8572502 -2.2882996 30.1201000 0.1227347 -0.4346831 0.0817719 0.8884256
1740549613.564029 -22.8632259 -2.2903192 30.1287365 0.1236054 -0.4330833 0.0802466 0.8892249
1740549613.660677 -22.8658657 -2.2914970 30.1301365 0.1248178 -0.4305294 0.0763441 0.8906383
1740549613.761470 -22.8728504 -2.2990108 30.1343460 0.1255497 -0.4275942 0.0656563 0.8927988
1740549613.858912 -22.8747997 -2.3034062 30.1382561 0.1239294 -0.4261820 0.0611779 0.8940177
1740549613.953841 -22.8773899 -2.3057673 30.1410980 0.1229654 -0.4235019 0.0613018 0.8954148
1740549614.059061 -22.8780556 -2.3049283 30.1417923 0.1227312 -0.4218127 0.0620655 0.8961914
1740549614.153695 -22.8637657 -2.3021326 30.1325111 0.1219556 -0.4223928 0.0622630 0.8960103
1740549614.259520 -22.8612404 -2.3005464 30.1314888 0.1206792 -0.4219322 0.0652027 0.8961911
1740549614.354134 -22.8613834 -2.2994342 30.1310997 0.1199217 -0.4212191 0.0680553 0.8964160
1740549614.448169 -22.8671322 -2.3025398 30.1350842 0.1189231 -0.4196827 0.0686061 0.8972273
1740549614.553466 -22.8697929 -2.3032289 30.1380196 0.1187892 -0.4164849 0.0678338 0.8987926
1740549614.647489 -22.8765125 -2.3075981 30.1454964 0.1188051 -0.4190247 0.0726476 0.8972324
1740549614.748961 -22.8766460 -2.3105879 30.1464233 0.1166610 -0.4197906 0.0751649 0.8969483
1740549614.847327 -22.8888206 -2.3127656 30.1612968 0.1153518 -0.4198407 0.0782319 0.8968319
1740549614.943044 -22.8893948 -2.3049397 30.1616020 0.1152252 -0.4202392 0.0786684 0.8966234
1740549615.057189 -22.8957882 -2.3115931 30.1686497 0.1139577 -0.4179693 0.0774334 0.8979529
1740549615.152833 -22.9178677 -2.3116660 30.1911545 0.1150152 -0.4193221 0.0767318 0.8972473
1740549615.254438 -22.9171906 -2.3143182 30.1915646 0.1142068 -0.4187647 0.0735184 0.8978797
1740549615.349637 -22.9088726 -2.3229718 30.1873703 0.1119560 -0.4174086 0.0771010 0.8984940
1740549615.445628 -22.9006519 -2.3284550 30.1824760 0.1111389 -0.4148443 0.0762463 0.8998550
1740549615.547668 -22.9286327 -2.3425827 30.2162743 0.1078753 -0.4164687 0.0725610 0.8998065
1740549615.643548 -22.9445496 -2.3638263 30.2652016 0.1071021 -0.4212789 0.0714300 0.8977478
1740549615.752803 -22.9921951 -2.4081445 30.3265285 0.1036678 -0.4216941 0.0708186 0.8980044
1740549615.846265 -23.0649166 -2.4314947 30.3864212 0.1039407 -0.4202121 0.0723424 0.8985459
1740549615.944021 -23.1314030 -2.4550214 30.4576454 0.1049256 -0.4192991 0.0723045 0.8988609
1740549616.047260 -23.1906052 -2.4872096 30.5227356 0.1046571 -0.4191364 0.0731174 0.8989024
1740549616.143185 -23.1963882 -2.4968979 30.5359726 0.1050877 -0.4190860 0.0718064 0.8989813
1740549616.241848 -23.2055511 -2.5031881 30.5507507 0.1050574 -0.4181652 0.0697833 0.8995727
1740549616.341248 -23.2138062 -2.5100498 30.5608940 0.1057301 -0.4174780 0.0683377 0.8999240
1740549616.438199 -23.2435112 -2.5436583 30.5848770 0.1028124 -0.4182459 0.0684537 0.8998967
1740549616.539372 -23.2502022 -2.5442142 30.5714989 0.1027169 -0.4135675 0.0681381 0.9020911
1740549616.634068 -23.2596092 -2.5395033 30.5796604 0.1047532 -0.4127189 0.0668866 0.9023393
1740549616.732043 -23.2489204 -2.5295937 30.5668659 0.1064110 -0.4130224 0.0667484 0.9020165
1740549616.839631 -23.2583408 -2.5508244 30.5845165 0.1034321 -0.4156182 0.0657246 0.9012456
1740549616.935308 -23.2722454 -2.5819271 30.5966415 0.0997474 -0.4149912 0.0610769 0.9022762
1740549617.040743 -23.2795143 -2.5834575 30.6080647 0.1027742 -0.4132775 0.0574584 0.9029605
1740549617.138731 -23.2987137 -2.6171806 30.6419468 0.0973207 -0.4158703 0.0542055 0.9025754
1740549617.236179 -23.3057747 -2.6517882 30.6941471 0.0933007 -0.4189812 0.0495393 0.9018290
1740549617.341592 -23.3304901 -2.6825821 30.7119865 0.0902074 -0.4194825 0.0462631 0.9020847
1740549617.436265 -23.3412037 -2.6636200 30.7307034 0.0948518 -0.4199598 0.0471843 0.9013382
1740549617.540739 -23.4021740 -2.6880426 30.8020992 0.0970803 -0.4203961 0.0471468 0.9008994
1740549617.639475 -23.4632702 -2.7151475 30.8771210 0.0982470 -0.4213322 0.0476287 0.9003101
1740549617.739789 -23.5330772 -2.7338171 30.9425240 0.1001150 -0.4215164 0.0498786 0.8998961
1740549617.843270 -23.5909119 -2.7683563 31.0089245 0.1012621 -0.4221998 0.0491842 0.8994855
1740549617.938823 -23.6410408 -2.7994235 31.0732670 0.1019097 -0.4240301 0.0490437 0.8985587
1740549618.040628 -23.7034836 -2.8217280 31.1438789 0.1041499 -0.4250177 0.0502802 0.8977665
1740549618.141452 -23.7581673 -2.8267136 31.2055969 0.1085968 -0.4266455 0.0510165 0.8964249
1740549618.241658 -23.8295059 -2.8491969 31.2706490 0.1120277 -0.4271302 0.0523284 0.8956960
1740549618.342637 -23.8974953 -2.8760159 31.3383331 0.1163124 -0.4274880 0.0534778 0.8949109
1740549618.441358 -23.9783783 -2.9039741 31.3919868 0.1200069 -0.4274383 0.0550335 0.8943524
1740549618.545709 -24.0322666 -2.9470315 31.4550781 0.1219959 -0.4293786 0.0548558 0.8931640
1740549618.645109 -24.0747643 -2.9667833 31.5169964 0.1258426 -0.4327711 0.0546065 0.8910056
1740549618.757622 -24.1174374 -2.9966657 31.5841179 0.1292041 -0.4366237 0.0550665 0.8886134
1740549618.858716 -24.1636982 -3.0430133 31.6384869 0.1298695 -0.4389951 0.0537369 0.8874286
1740549618.955652 -24.2235565 -3.0858552 31.7008476 0.1331091 -0.4410594 0.0548122 0.8858579
1740549619.074203 -24.3060989 -3.1138415 31.7409306 0.1362139 -0.4408365 0.0571111 0.8853515
1740549619.176067 -24.3633652 -3.1420982 31.8175659 0.1417326 -0.4429129 0.0572575 0.8834374
1740549619.280278 -24.4206448 -3.1807179 31.8872528 0.1460119 -0.4445165 0.0579346 0.8818896
1740549619.384351 -24.4940968 -3.2130017 31.9399166 0.1499481 -0.4446940 0.0590697 0.8810639
1740549619.487283 -24.5546379 -3.2385406 32.0000877 0.1547393 -0.4469982 0.0598455 0.8790148
1740549619.594655 -24.6064987 -3.2739275 32.0682983 0.1584158 -0.4498874 0.0601056 0.8768656
1740549619.695069 -24.6868114 -3.3106833 32.1207008 0.1617596 -0.4485199 0.0622931 0.8768029
1740549619.803017 -24.7609520 -3.3500252 32.1715012 0.1647297 -0.4475776 0.0639485 0.8766122
1740549619.906075 -24.8445415 -3.3896184 32.2215195 0.1677815 -0.4460589 0.0661449 0.8766446
1740549620.013335 -24.9167595 -3.4284954 32.2701874 0.1706929 -0.4462195 0.0676787 0.8758834
1740549620.115288 -24.9892921 -3.4721308 32.3202629 0.1728103 -0.4453461 0.0689698 0.8758121
1740549620.215356 -25.0389423 -3.5124202 32.3963394 0.1747439 -0.4466527 0.0675699 0.8748716
1740549620.324522 -25.1083603 -3.5381351 32.4527550 0.1787356 -0.4459976 0.0697670 0.8742267
1740549620.426030 -25.1799202 -3.5753598 32.5069885 0.1806807 -0.4457232 0.0698156 0.8739629
1740549620.529843 -25.2479820 -3.6098139 32.5713539 0.1825561 -0.4450608 0.0706553 0.8738433
1740549620.634164 -25.3226280 -3.6517406 32.6234856 0.1839447 -0.4432355 0.0714377 0.8744160
1740549620.737197 -25.3891258 -3.6798630 32.6877174 0.1855634 -0.4429824 0.0716316 0.8741863
1740549620.846714 -25.4646492 -3.7185631 32.7393036 0.1852719 -0.4409011 0.0725889 0.8752208
1740549620.949138 -25.5366955 -3.7633817 32.7928886 0.1858338 -0.4385105 0.0736617 0.8762125
1740549621.060401 -25.5969276 -3.7959466 32.8645973 0.1871490 -0.4377609 0.0754787 0.8761528
1740549621.161922 -25.6719303 -3.8360410 32.9216309 0.1873448 -0.4350248 0.0758243 0.8774429
1740549621.268264 -25.7473297 -3.8796816 32.9715042 0.1869247 -0.4321556 0.0765652 0.8788848
1740549621.377157 -25.8041344 -3.9150734 33.0293159 0.1881249 -0.4315745 0.0764236 0.8789266
1740549621.478189 -25.8820114 -3.9624009 33.0788116 0.1876670 -0.4285037 0.0769685 0.8804780
1740549621.584529 -25.9457474 -3.9952788 33.1422043 0.1868268 -0.4264377 0.0773883 0.8816222
1740549621.688830 -26.0192299 -4.0328574 33.1976242 0.1864919 -0.4226772 0.0784793 0.8834057
1740549621.796913 -26.0747070 -4.0757766 33.2685242 0.1851785 -0.4214913 0.0787719 0.8842223
1740549621.900149 -26.1457348 -4.1170506 33.3235245 0.1841195 -0.4174455 0.0796981 0.8862774
1740549622.012600 -26.2182484 -4.1514268 33.3821220 0.1837808 -0.4140140 0.0798551 0.8879416
1740549622.111900 -26.2602634 -4.1946306 33.4685974 0.1813675 -0.4143746 0.0804971 0.8882115
1740549622.213149 -26.3165836 -4.2269673 33.5379333 0.1807876 -0.4128770 0.0811648 0.8889661
1740549622.329160 -26.3864098 -4.2576199 33.6018257 0.1797228 -0.4091821 0.0814990 0.8908578
1740549622.430175 -26.4269524 -4.2937155 33.6849823 0.1783369 -0.4080164 0.0831979 0.8915137
1740549622.544734 -26.4993839 -4.3320217 33.7460022 0.1767853 -0.4036585 0.0831874 0.8938046
1740549622.644675 -26.5676956 -4.3696198 33.8117332 0.1752576 -0.4002673 0.0833143 0.8956169
1740549622.861282 -26.7077141 -4.4319453 33.9372406 0.1726480 -0.3921131 0.0831353 0.8997381
1740549622.963896 -26.7721786 -4.4660416 34.0085258 0.1706506 -0.3888267 0.0835836 0.9015021
1740549623.081765 -26.8253880 -4.5039001 34.0846062 0.1688823 -0.3861757 0.0839268 0.9029415
1740549623.189873 -26.8840389 -4.5427575 34.1552887 0.1672073 -0.3821505 0.0841491 0.9049429
1740549623.302645 -26.9523506 -4.5770402 34.2238693 0.1655663 -0.3782330 0.0839569 0.9069062
1740549623.410612 -27.0184250 -4.6105304 34.2927780 0.1634769 -0.3743675 0.0843026 0.9088550
1740549623.524911 -27.0832634 -4.6381168 34.3639984 0.1623325 -0.3701429 0.0848157 0.9107407
1740549623.626317 -27.1452179 -4.6738348 34.4368134 0.1605686 -0.3660828 0.0846835 0.9127047
1740549623.729157 -27.2100658 -4.7059073 34.5056038 0.1589697 -0.3611343 0.0853830 0.9148882
1740549623.837676 -27.2709103 -4.7358966 34.5774002 0.1579855 -0.3573036 0.0855573 0.9165450
1740549623.944000 -27.3271828 -4.7739873 34.6536293 0.1557478 -0.3535814 0.0859494 0.9183331
1740549624.055198 -27.3833370 -4.8043242 34.7309723 0.1550166 -0.3497235 0.0863089 0.9198989
1740549624.160603 -27.4449215 -4.8406453 34.8040657 0.1534978 -0.3454964 0.0862777 0.9217520
1740549624.275217 -27.5040169 -4.8695464 34.8770714 0.1527247 -0.3416955 0.0864431 0.9232805
1740549624.377112 -27.5609150 -4.9045420 34.9540634 0.1515233 -0.3376451 0.0873099 0.9248857
1740549624.479008 -27.6106663 -4.9300270 35.0350113 0.1512052 -0.3342859 0.0881895 0.9260737
1740549624.585449 -27.6689110 -4.9574442 35.1121750 0.1504929 -0.3301481 0.0886713 0.9276268
1740549624.691920 -27.7154503 -4.9912071 35.1873665 0.1494780 -0.3267669 0.0895811 0.9288999
1740549624.803878 -27.7791176 -5.0205317 35.2702789 0.1489247 -0.3228453 0.0898166 0.9303362
1740549625.026745 -27.8873768 -5.0974207 35.4197235 0.1475980 -0.3150888 0.0907831 0.9331090
1740549625.343003 -28.0383301 -5.2103462 35.6506805 0.1459456 -0.3035767 0.0933413 0.9369251
1740549625.558559 -28.1413383 -5.2846437 35.8157654 0.1443306 -0.2976374 0.0933215 0.9390802
1740549625.898194 -28.2751522 -5.3685188 36.0572662 0.1420530 -0.2878617 0.0947742 0.9423240
1740549626.313960 -28.4575901 -5.4897890 36.3875656 0.1376727 -0.2787380 0.0949944 0.9456888
1740549626.726050 -28.6264324 -5.5979719 36.7124786 0.1312405 -0.2715532 0.0947982 0.9487087
1740549627.043572 -28.8022804 -5.6765862 36.9796257 0.1303724 -0.2645520 0.0961628 0.9506671
1740549627.344627 -28.9427032 -5.7646632 37.2383461 0.1287558 -0.2599520 0.0952975 0.9522423
1740549627.640780 -29.0918064 -5.8447685 37.4949112 0.1289956 -0.2540170 0.0966033 0.9536788
1740549627.845388 -29.1022530 -5.9155726 37.6370010 0.1283750 -0.2510747 0.0946469 0.9547373
1740549628.044589 -29.1047459 -5.9863763 37.7910080 0.1290540 -0.2521314 0.0968240 0.9541488
1740549628.243753 -29.1711998 -6.0520678 37.9610138 0.1318060 -0.2472212 0.0979304 0.9549443
1740549628.448303 -29.2773972 -6.1079712 38.1259003 0.1345524 -0.2384995 0.1006732 0.9564928
1740549628.656731 -29.3494225 -6.1846256 38.2954178 0.1393300 -0.2300215 0.1024056 0.9577006
1740549628.863061 -29.3868313 -6.2372351 38.4638214 0.1446915 -0.2211013 0.1048625 0.9587401
1740549628.960029 -29.3996029 -6.2774191 38.5511703 0.1453294 -0.2172218 0.1053336 0.9594785
1740549629.065217 -29.4056988 -6.3234453 38.6326790 0.1465865 -0.2124843 0.1048358 0.9604021
1740549629.264604 -29.4555473 -6.3853836 38.8206177 0.1523183 -0.2027313 0.1087023 0.9611883
1740549629.373502 -29.4847927 -6.4292326 38.9072189 0.1535310 -0.1970067 0.1090040 0.9621511
1740549629.579227 -29.5447769 -6.5001459 39.0823631 0.1577153 -0.1863036 0.1124107 0.9632137
1740549629.678558 -29.5794964 -6.5449352 39.1639977 0.1582570 -0.1795272 0.1129967 0.9643425
1740549629.787175 -29.5946198 -6.5819206 39.2605019 0.1594176 -0.1757682 0.1141564 0.9647072
1740549629.882483 -29.6212311 -6.6095581 39.3484039 0.1613782 -0.1701129 0.1155365 0.9652305
1740549629.981311 -29.6419106 -6.6471424 39.4447403 0.1621061 -0.1656025 0.1170919 0.9657055
1740549630.094164 -29.6630402 -6.6906400 39.5292130 0.1627211 -0.1601168 0.1175407 0.9664723
1740549630.192051 -29.6732159 -6.7312694 39.6224480 0.1631326 -0.1559215 0.1173603 0.9671106
1740549630.295244 -29.7020302 -6.7584834 39.7161331 0.1640842 -0.1510586 0.1197038 0.9674340
1740549630.392033 -29.7314453 -6.7882271 39.8145790 0.1642206 -0.1466373 0.1207804 0.9679573
1740549630.487705 -29.7503452 -6.8256016 39.9055023 0.1636721 -0.1433220 0.1210815 0.9685089
1740549630.687453 -29.7928867 -6.8981795 40.0885963 0.1634147 -0.1358210 0.1219925 0.9695185
1740549630.896248 -29.8253326 -6.9621935 40.2850876 0.1627180 -0.1300108 0.1231601 0.9702843
1740549630.995912 -29.8507786 -6.9962482 40.3717957 0.1618066 -0.1279785 0.1231081 0.9707134
1740549631.201226 -29.8821220 -7.0553875 40.5677071 0.1604632 -0.1234935 0.1235866 0.9714563
1740549631.308718 -29.9004784 -7.0981874 40.6605301 0.1590215 -0.1206711 0.1242944 0.9719576
1740549631.407585 -29.9228745 -7.1373940 40.7534332 0.1582031 -0.1176818 0.1245281 0.9724277
1740549631.506662 -29.9427948 -7.1664891 40.8493385 0.1576814 -0.1158281 0.1248275 0.9726965
1740549631.712364 -29.9684315 -7.2201457 41.0403671 0.1566790 -0.1117500 0.1252414 0.9732822
1740549631.915447 -29.9964409 -7.2884731 41.2330780 0.1555320 -0.1070903 0.1261300 0.9738751
1740549632.015391 -30.0092335 -7.3165445 41.3290672 0.1551946 -0.1044628 0.1266636 0.9741451
1740549632.215508 -30.0525742 -7.3657937 41.5170670 0.1561579 -0.0997487 0.1283654 0.9742624
1740549632.319440 -30.0671043 -7.4064484 41.6134262 0.1558394 -0.0976669 0.1279240 0.9745823
1740549632.420449 -30.0709553 -7.4469609 41.7085953 0.1562186 -0.0958799 0.1284461 0.9746304
1740549632.520519 -30.0901947 -7.4822707 41.7998543 0.1567785 -0.0930243 0.1289143 0.9747554
1740549632.730045 -30.1203690 -7.5439634 41.9890404 0.1586075 -0.0877322 0.1298675 0.9748237
1740549632.835118 -30.1193962 -7.5746188 42.0870361 0.1600423 -0.0853618 0.1304269 0.9747249
1740549632.936332 -30.1321354 -7.6057901 42.1812096 0.1616999 -0.0816772 0.1311803 0.9746659
1740549633.147375 -30.1471252 -7.6768093 42.3746681 0.1649016 -0.0762025 0.1328608 0.9743453
1740549633.376445 -30.1698780 -7.7507858 42.5605698 0.1694363 -0.0700217 0.1339944 0.9738757
1740549633.697433 -30.1876202 -7.8557358 42.8458557 0.1775442 -0.0605314 0.1363505 0.9727397
1740549633.916716 -30.1920872 -7.9364519 43.0317574 0.1837944 -0.0542045 0.1381433 0.9716985
1740549634.130187 -30.1860600 -8.0142241 43.2198715 0.1906155 -0.0482661 0.1394607 0.9705086
1740549634.343637 -30.1826649 -8.0995207 43.4012604 0.1981210 -0.0419493 0.1407384 0.9691135
1740549634.545236 -30.1797771 -8.1833782 43.5867691 0.2066154 -0.0363796 0.1420826 0.9673672
1740549634.850532 -30.1687088 -8.3213396 43.8592567 0.2205741 -0.0291050 0.1437068 0.9642864
1740549635.163154 -30.1582069 -8.4630747 44.1243019 0.2356555 -0.0215937 0.1453563 0.9606622
1740549635.570403 -30.1284065 -8.6748295 44.4649277 0.2571787 -0.0142775 0.1471350 0.9549904
1740549635.974606 -30.0768757 -8.9044781 44.7876816 0.2792872 -0.0087719 0.1478717 0.9487126
1740549636.278555 -30.0675774 -9.0838346 45.0299911 0.2961095 -0.0047515 0.1481547 0.9435819
1740549636.682703 -30.0297718 -9.3403645 45.3338928 0.3164517 0.0017895 0.1489624 0.9368379
1740549636.989706 -29.9984150 -9.5372982 45.5603104 0.3302456 0.0072956 0.1499288 0.9318830
1740549637.292889 -29.9451714 -9.7398643 45.7746925 0.3412226 0.0133024 0.1512614 0.9276369
1740549637.609856 -29.8733044 -9.9494667 45.9855423 0.3498096 0.0178368 0.1523268 0.9241816
1740549637.913583 -29.8325653 -10.1574993 46.2004967 0.3542676 0.0249244 0.1541223 0.9220193
1740549638.210696 -29.7717247 -10.3616428 46.4161682 0.3547820 0.0296917 0.1556025 0.9214315
1740549638.504917 -29.7153282 -10.5616646 46.6313438 0.3515145 0.0360502 0.1579504 0.9220573
1740549638.705222 -29.6749420 -10.6915092 46.7807236 0.3465032 0.0395749 0.1596046 0.9235236
1740549638.905530 -29.6362629 -10.8163986 46.9313278 0.3396505 0.0423183 0.1613346 0.9256446
1740549639.106789 -29.5944977 -10.9347296 47.0930443 0.3314790 0.0427923 0.1627456 0.9283342
1740549639.310236 -29.5409145 -11.0406199 47.2543030 0.3219282 0.0419069 0.1634058 0.9316140
1740549639.507769 -29.4800949 -11.1343479 47.4221497 0.3123389 0.0382480 0.1631472 0.9350746
1740549639.713759 -29.4113007 -11.2266397 47.5883980 0.3013202 0.0314106 0.1623955 0.9390672
1740549639.915498 -29.3666973 -11.3102102 47.7643013 0.2904418 0.0220459 0.1608176 0.9430245
1740549640.116367 -29.3492050 -11.3973513 47.9449310 0.2794674 0.0086695 0.1574767 0.9471135
1740549640.324592 -29.3332710 -11.4856148 48.1256561 0.2689754 -0.0081772 0.1535522 0.9507928
1740549640.519632 -29.3575172 -11.5765667 48.3063202 0.2595163 -0.0291720 0.1477131 0.9539293
1740549640.735477 -29.3862839 -11.6661901 48.4827347 0.2515443 -0.0528652 0.1410980 0.9560450
1740549640.943924 -29.4414024 -11.7575140 48.6521721 0.2444467 -0.0791663 0.1339249 0.9571012
1740549641.148563 -29.5103893 -11.8509092 48.8163910 0.2388575 -0.1076820 0.1260272 0.9568014
1740549641.359940 -29.5859852 -11.9358320 48.9829979 0.2349676 -0.1369593 0.1177061 0.9550800
1740549641.569905 -29.6668396 -12.0296068 49.1408920 0.2317280 -0.1664125 0.1100925 0.9520970
1740549641.782973 -29.7516632 -12.1161995 49.3012772 0.2302744 -0.1956197 0.1018627 0.9478031
1740549641.995753 -29.8503170 -12.2036524 49.4514465 0.2292284 -0.2242615 0.0944340 0.9424667
1740549642.209983 -29.9718170 -12.2933407 49.5890656 0.2288655 -0.2504054 0.0870083 0.9366682
1740549642.438559 -30.0916901 -12.3852787 49.7150116 0.2303797 -0.2763407 0.0807215 0.9295403
1740549642.659700 -30.2173748 -12.4877443 49.8348846 0.2311688 -0.2989953 0.0743929 0.9228373
1740549642.865395 -30.3545189 -12.5813255 49.9436913 0.2336053 -0.3201981 0.0689523 0.9155039
1740549643.063432 -30.4951248 -12.6799660 50.0538254 0.2347360 -0.3381016 0.0657721 0.9089887
1740549643.265390 -30.6390686 -12.7767563 50.1550446 0.2362852 -0.3534327 0.0627374 0.9029500
1740549643.469826 -30.7884178 -12.8569603 50.2611542 0.2412408 -0.3655452 0.0590150 0.8970490
1740549643.681568 -30.9266205 -12.9553223 50.3801498 0.2433948 -0.3791517 0.0587527 0.8908149
1740549643.890033 -31.0652428 -13.0457087 50.4859161 0.2457386 -0.3863495 0.0559269 0.8872535
1740549644.100193 -31.1958714 -13.1544037 50.6032715 0.2464710 -0.3940985 0.0580972 0.8834949
1740549644.296247 -31.3434410 -13.2591305 50.6976662 0.2503620 -0.3939306 0.0551306 0.8826654
1740549644.499808 -31.4712982 -13.3498325 50.8072662 0.2521130 -0.3957539 0.0573702 0.8812074
1740549644.703569 -31.6084557 -13.4554434 50.9083939 0.2539500 -0.3946168 0.0588271 0.8810939
1740549644.902162 -31.7417736 -13.5705795 51.0190353 0.2555150 -0.3925473 0.0601766 0.8814746
1740549645.105384 -31.8558044 -13.6723328 51.1394043 0.2573288 -0.3897069 0.0594248 0.8822579
1740549645.303426 -31.9868355 -13.7735882 51.2408676 0.2566362 -0.3841107 0.0625293 0.8846960
1740549645.507326 -32.0955849 -13.8949718 51.3723717 0.2589617 -0.3802145 0.0585789 0.8859708
1740549645.716765 -32.2295074 -14.0078363 51.4847794 0.2571399 -0.3748249 0.0607389 0.8886485
1740549645.917618 -32.3510971 -14.1118374 51.6145935 0.2569461 -0.3694347 0.0597041 0.8910288
1740549646.120419 -32.4754181 -14.2218390 51.7382278 0.2551963 -0.3647358 0.0603651 0.8934196
1740549646.336909 -32.5996094 -14.3272324 51.8636780 0.2524808 -0.3578980 0.0591474 0.8970308
1740549646.433342 -32.6502686 -14.3913612 51.9246979 0.2500042 -0.3558067 0.0561089 0.8987498
1740549646.535317 -32.7086220 -14.4330769 51.9860382 0.2488061 -0.3528210 0.0577298 0.9001557
1740549646.641778 -32.7608871 -14.4862976 52.0485992 0.2475089 -0.3503997 0.0554846 0.9015990
1740549646.744200 -32.8161430 -14.5346298 52.1203995 0.2459634 -0.3480069 0.0554341 0.9029509
1740549646.851672 -32.8773613 -14.5804396 52.1847038 0.2437730 -0.3455626 0.0550291 0.9045070
1740549646.951820 -32.9390831 -14.6202450 52.2535172 0.2418018 -0.3429363 0.0555148 0.9060048
1740549647.153473 -33.0595818 -14.7251930 52.3946228 0.2364080 -0.3388346 0.0535906 0.9090822
1740549647.364696 -33.1609459 -14.8126621 52.5251007 0.2313115 -0.3336960 0.0526774 0.9123415
1740549647.565797 -33.2680511 -14.8984184 52.6712265 0.2269005 -0.3303805 0.0516350 0.9147124
1740549647.771508 -33.3647690 -14.9911165 52.8151741 0.2203205 -0.3290871 0.0496470 0.9168946
1740549647.979796 -33.4829407 -15.0672760 52.9558258 0.2160092 -0.3249475 0.0473251 0.9195159
1740549648.188091 -33.5889206 -15.1486254 53.0967407 0.2104058 -0.3237692 0.0445433 0.9213679
1740549648.396467 -33.6953773 -15.2202883 53.2510376 0.2059558 -0.3241168 0.0409393 0.9224178
1740549648.495223 -33.7461472 -15.2599049 53.3177261 0.2021891 -0.3253491 0.0385647 0.9229195
1740549648.602912 -33.7773781 -15.3006134 53.3702354 0.1979289 -0.3265251 0.0377441 0.9234614
1740549648.699824 -33.8127975 -15.3401661 53.4383812 0.1956950 -0.3281781 0.0353455 0.9234464
1740549648.800244 -33.8134384 -15.3876095 53.5084343 0.1933825 -0.3319504 0.0281150 0.9228335
1740549648.904836 -33.8267059 -15.4371300 53.5737381 0.1905231 -0.3355353 0.0238880 0.9222507
1740549649.006163 -33.8355942 -15.4608517 53.6263351 0.1887179 -0.3379502 0.0193001 0.9218475
1740549649.119499 -33.8347359 -15.4877090 53.6878815 0.1867719 -0.3430978 0.0144137 0.9204305
1740549649.320224 -33.8416901 -15.4995270 53.8040314 0.1890602 -0.3529456 0.0050141 0.9163299
1740549649.423973 -33.8515778 -15.5250559 53.8495636 0.1869996 -0.3571507 -0.0010047 0.9151358
1740549649.525301 -33.8442841 -15.5405598 53.9015503 0.1863104 -0.3638081 -0.0071709 0.9126230
1740549649.652052 -33.8327141 -15.5525646 53.9768372 0.1873708 -0.3720172 -0.0153843 0.9089878
1740549649.751437 -33.8168030 -15.5746355 54.0395622 0.1845984 -0.3812715 -0.0240236 0.9055266
1740549649.854495 -33.8303528 -15.5812073 54.0858841 0.1841123 -0.3858199 -0.0283014 0.9035733
1740549649.958183 -33.8321304 -15.5684233 54.1254997 0.1846720 -0.3911214 -0.0344932 0.9009609
1740549650.056503 -33.8218460 -15.5675907 54.1824112 0.1840869 -0.4006208 -0.0405973 0.8966420
1740549650.158216 -33.8092499 -15.5606070 54.2409401 0.1862625 -0.4108088 -0.0467462 0.8912672
1740549650.257781 -33.8116112 -15.5542278 54.2944183 0.1889843 -0.4175397 -0.0528613 0.8872154
1740549650.368215 -33.8030548 -15.5846443 54.3444214 0.1868092 -0.4262774 -0.0599372 0.8830614
1740549650.469107 -33.7972641 -15.5673103 54.4018936 0.1901653 -0.4339022 -0.0651830 0.8782467
1740549650.564791 -33.7972336 -15.5555172 54.4435959 0.1943217 -0.4398468 -0.0706125 0.8739495
1740549650.674701 -33.7966881 -15.5275154 54.5104599 0.2005255 -0.4469707 -0.0767826 0.8683957
1740549650.775154 -33.7973747 -15.5039377 54.5643768 0.2069195 -0.4541345 -0.0818987 0.8626928
1740549650.881970 -33.8039017 -15.4618483 54.6253624 0.2156626 -0.4598910 -0.0878807 0.8568938
1740549650.980436 -33.8048973 -15.4616137 54.6680374 0.2177374 -0.4669934 -0.0921685 0.8520637
1740549651.095987 -33.8152847 -15.4602652 54.7014656 0.2193175 -0.4712842 -0.0956234 0.8489094
1740549651.191947 -33.8150482 -15.4302120 54.7616310 0.2267122 -0.4796802 -0.1001498 0.8417116
1740549651.290850 -33.8327713 -15.3583851 54.8335304 0.2399087 -0.4848221 -0.1021885 0.8348346
1740549651.400609 -33.8290634 -15.3658333 54.8742180 0.2415406 -0.4914937 -0.1065331 0.8299053
1740549651.501920 -33.8443909 -15.3171015 54.9203873 0.2496219 -0.4957299 -0.1065991 0.8249711
1740549651.605497 -33.8404617 -15.2836313 54.9837761 0.2550939 -0.5047169 -0.1062181 0.8178664
1740549651.714925 -33.8352280 -15.2652473 55.0676041 0.2605109 -0.5152799 -0.1071118 0.8094120
1740549651.816501 -33.8326759 -15.2634058 55.1310959 0.2641191 -0.5251727 -0.1082096 0.8017016
1740549651.928633 -33.8261070 -15.2654934 55.1869774 0.2659284 -0.5346061 -0.1102066 0.7945646
1740549652.029412 -33.8346291 -15.2505264 55.2433815 0.2711191 -0.5422843 -0.1101547 0.7875838
1740549652.135803 -33.8487778 -15.2053747 55.3130226 0.2799432 -0.5494874 -0.1086431 0.7796744
1740549652.235466 -33.8811798 -15.1401978 55.3445740 0.2903226 -0.5507740 -0.1039941 0.7755939
1740549652.339200 -33.8887405 -15.0701103 55.4234467 0.3041410 -0.5572622 -0.0982796 0.7663538
1740549652.440713 -33.9195747 -15.0074396 55.4607925 0.3169334 -0.5589443 -0.0949087 0.7603465
1740549652.540389 -33.9529648 -14.9595289 55.5267372 0.3276627 -0.5646259 -0.0887739 0.7522992
1740549652.652171 -33.9728317 -14.9240799 55.5487099 0.3378534 -0.5661789 -0.0880342 0.7466904
1740549652.751279 -34.0231247 -14.8590746 55.5926132 0.3542438 -0.5650344 -0.0840267 0.7403964
1740549652.853428 -34.0664711 -14.8718262 55.6207542 0.3557328 -0.5701696 -0.0784026 0.7363517
1740549652.953707 -34.0984039 -14.8251820 55.6458168 0.3665037 -0.5704224 -0.0716073 0.7315502
1740549653.052607 -34.1301727 -14.8001060 55.6490173 0.3735160 -0.5684026 -0.0688673 0.7298367
1740549653.156767 -34.1424332 -14.7792950 55.7352028 0.3867663 -0.5773125 -0.0648637 0.7161807
1740549653.256675 -34.2144279 -14.7928448 55.7503738 0.3935766 -0.5776266 -0.0643626 0.7122518
1740549653.366024 -34.2961502 -14.8102903 55.7508469 0.4016631 -0.5787009 -0.0638080 0.7068951
1740549653.464716 -34.3504944 -14.8708982 55.8156738 0.4025618 -0.5939792 -0.0599513 0.6939299
1740549653.563357 -34.3898315 -14.9308720 55.8769951 0.4023489 -0.6090866 -0.0555369 0.6812081
1740549653.677867 -34.4303474 -14.9650841 55.9179688 0.4067418 -0.6205888 -0.0515291 0.6684127
1740549653.785865 -34.3708611 -15.0250320 55.7585526 0.3955377 -0.6160381 -0.0550564 0.6789814
1740549653.888787 -34.3601532 -15.1059036 55.7522697 0.3967746 -0.6204348 -0.0652369 0.6733311
1740549653.989970 -34.3341904 -15.1552868 55.6771507 0.3940069 -0.6182593 -0.0704967 0.6764202
1740549654.097219 -34.3394012 -15.1690502 55.7223167 0.4003504 -0.6238285 -0.0710983 0.6674598
1740549654.197119 -34.3097916 -15.2482185 55.8350945 0.4025279 -0.6388185 -0.0793600 0.6508335
1740549654.296767 -34.2889061 -15.3275795 55.8438950 0.4097934 -0.6388311 -0.0933607 0.6443974
1740549654.407119 -34.3686676 -15.1604900 55.6956253 0.4134292 -0.6229566 -0.0626962 0.6611130
1740549654.507953 -34.4036026 -15.0905724 55.6020584 0.4141134 -0.6102911 -0.0502550 0.6734459
1740549654.615599 -34.4307556 -15.0581970 55.5370331 0.4155151 -0.5996517 -0.0450376 0.6824490
1740549654.715942 -34.5259247 -14.9589157 55.3377304 0.4159895 -0.5719277 -0.0301194 0.7063599
1740549654.815002 -34.6325111 -14.9041710 55.2645187 0.4205543 -0.5587990 -0.0169495 0.7145562
1740549654.922844 -34.7011452 -14.9555397 55.3137474 0.4269198 -0.5602083 -0.0207390 0.7095605
1740549655.025707 -34.8206177 -14.9261684 55.2003670 0.4237765 -0.5455137 -0.0069007 0.7230358
1740549655.135587 -34.8994751 -14.9899616 55.2242851 0.4236583 -0.5462230 -0.0079024 0.7225591
1740549655.236899 -34.9944572 -15.0335083 55.2785378 0.4271552 -0.5475577 -0.0062524 0.7194998
1740549655.452805 -35.1535912 -15.1453648 55.2865524 0.4257391 -0.5424528 -0.0079778 0.7241737
1740549655.662498 -35.3157196 -15.2567959 55.3198853 0.4247456 -0.5409355 -0.0085230 0.7258838
1740549655.772427 -35.4049530 -15.2952118 55.3287048 0.4252014 -0.5381955 -0.0062852 0.7276743
1740549655.885460 -35.4985046 -15.3326054 55.3441849 0.4264380 -0.5358280 -0.0020443 0.7287214
1740549655.985913 -35.5695496 -15.3972111 55.3847046 0.4269357 -0.5377816 -0.0031398 0.7269849
1740549656.199417 -35.7416267 -15.4891033 55.4198494 0.4277160 -0.5333717 -0.0002647 0.7297764
1740549656.400440 -35.8321266 -15.5085945 55.4747391 0.4302807 -0.5312394 0.0004832 0.7298239
