1740549551.999291 0.0000000 0.0000000 0.0000000 -0.0000000 -0.0000000 -0.0000000 1.0000000
1740549552.261147 0.0117223 0.0486916 0.0829500 0.0013040 -0.0005668 -0.0001796 0.9999990
1740549552.384330 0.0000939 0.0355814 0.1772190 0.0039553 -0.0015000 -0.0000651 0.9999911
1740549552.573975 -0.0055616 0.0033519 0.2701177 0.0068535 -0.0028694 0.0001070 0.9999724
1740549552.758377 -0.0165911 -0.0260955 0.3619180 0.0108965 -0.0045176 0.0000796 0.9999304
1740549552.940622 -0.0169765 -0.0545978 0.4553327 0.0155354 -0.0066160 0.0001217 0.9998575
1740549553.125874 -0.0236779 -0.0827863 0.5490442 0.0206363 -0.0089926 0.0003115 0.9997466
1740549553.259152 -0.0297830 -0.1082952 0.6429107 0.0265891 -0.0116340 0.0003276 0.9995787
1740549553.366987 -0.0301803 -0.1313035 0.7368693 0.0332311 -0.0147789 0.0005035 0.9993383
1740549553.473751 -0.0248646 -0.1611327 0.8294606 0.0397146 -0.0184478 0.0006254 0.9990406
1740549553.690087 -0.0434395 -0.2122521 1.0163848 0.0543987 -0.0258053 0.0007320 0.9981856
1740549553.924561 -0.0824885 -0.2712473 1.1970348 0.0689817 -0.0340470 0.0004796 0.9970367
1740549554.151511 -0.1229794 -0.3288407 1.3792925 0.0827224 -0.0427783 0.0005968 0.9956539
1740549554.263627 -0.1458018 -0.3588275 1.4676014 0.0891942 -0.0470975 0.0006592 0.9948999
1740549554.393836 -0.1715486 -0.3800807 1.5585154 0.0951255 -0.0512419 0.0007812 0.9941453
1740549554.608032 -0.2147250 -0.4318948 1.7372111 0.1051288 -0.0596097 0.0001817 0.9926705
1740549554.826680 -0.2544891 -0.4772982 1.9237033 0.1130092 -0.0666953 -0.0000746 0.9913530
1740549555.048594 -0.2662655 -0.5390268 2.1077900 0.1189529 -0.0741243 -0.0003272 0.9901291
1740549555.272242 -0.3155732 -0.6017009 2.2855043 0.1223103 -0.0793592 -0.0009547 0.9893136
1740549555.476540 -0.3695551 -0.6558185 2.4641352 0.1245259 -0.0835521 -0.0013934 0.9886913
1740549555.780290 -0.4438055 -0.7280209 2.7354908 0.1257529 -0.0878098 -0.0018511 0.9881661
1740549555.995216 -0.4843192 -0.7650210 2.9199419 0.1257191 -0.0891640 -0.0023588 0.9880480
1740549556.313476 -0.5585448 -0.8310395 3.1902809 0.1253103 -0.0888052 -0.0025428 0.9881318
1740549556.645134 -0.6004789 -0.9181803 3.4629641 0.1242531 -0.0862640 -0.0022546 0.9884911
1740549556.966144 -0.6869366 -0.9795386 3.7309642 0.1239920 -0.0808205 -0.0016066 0.9889851
1740549557.294914 -0.7449033 -1.0288030 4.0061660 0.1248742 -0.0728025 -0.0007579 0.9894977
1740549557.628279 -0.7678962 -1.1057227 4.2809353 0.1267872 -0.0630497 0.0007241 0.9899238
1740549557.957747 -0.7957922 -1.1830413 4.5475783 0.1296448 -0.0517764 0.0019426 0.9902059
1740549558.172200 -0.8046405 -1.2411262 4.7419448 0.1317464 -0.0451396 0.0031864 0.9902501
1740549558.275393 -0.8121738 -1.2618495 4.8296342 0.1335615 -0.0415160 0.0035458 0.9901642
1740549558.394297 -0.8354033 -1.2920837 4.9162326 0.1345719 -0.0370840 0.0036307 0.9902030
1740549558.494578 -0.8366610 -1.3166217 5.0081353 0.1358653 -0.0339998 0.0044345 0.9901338
1740549558.596442 -0.8356132 -1.3530283 5.0976372 0.1363948 -0.0313242 0.0047274 0.9901479
1740549558.707198 -0.8612310 -1.3597938 5.1763334 0.1380860 -0.0278386 0.0052405 0.9900150
1740549558.807840 -0.8836556 -1.3679615 5.2533259 0.1400045 -0.0246633 0.0060235 0.9898253
1740549558.922765 -0.9177282 -1.3714446 5.3370595 0.1424821 -0.0205015 0.0070603 0.9895598
1740549559.025853 -0.9347767 -1.3966343 5.4020133 0.1434605 -0.0183996 0.0078256 0.9894540
1740549559.145281 -0.9021578 -1.4311600 5.4892855 0.1444376 -0.0189316 0.0072020 0.9893066
1740549559.245722 -0.8928611 -1.4683708 5.5821700 0.1441602 -0.0176968 0.0073022 0.9893692
1740549559.348489 -0.8775510 -1.5014617 5.6559715 0.1444472 -0.0183389 0.0073857 0.9893150
1740549559.458791 -0.8755680 -1.5618211 5.7402868 0.1436938 -0.0185871 0.0085238 0.9894109
1740549559.562197 -0.8891237 -1.5784421 5.8292403 0.1450234 -0.0172820 0.0081951 0.9892433
1740549559.677922 -0.8720479 -1.5592654 5.9049754 0.1487015 -0.0188861 0.0080032 0.9886694
1740549559.778307 -0.8834352 -1.6018592 5.9973264 0.1488090 -0.0182549 0.0073985 0.9886698
1740549559.896796 -0.8792012 -1.6278714 6.0741534 0.1491379 -0.0191803 0.0073499 0.9886031
1740549559.998777 -0.8861915 -1.6439286 6.1507430 0.1503322 -0.0184479 0.0073475 0.9884361
1740549560.099831 -0.8824171 -1.6672434 6.2262988 0.1518595 -0.0199960 0.0077599 0.9881694
1740549560.203830 -0.8824567 -1.6998521 6.3138847 0.1511910 -0.0200550 0.0080459 0.9882684
1740549560.304772 -0.8615444 -1.7118989 6.3811531 0.1524938 -0.0229371 0.0080487 0.9880055
1740549560.413145 -0.8699114 -1.7501329 6.4534264 0.1521496 -0.0231191 0.0085577 0.9880500
1740549560.513649 -0.8491836 -1.7379870 6.5338569 0.1558739 -0.0253879 0.0080670 0.9874177
1740549560.612265 -0.8438555 -1.7697110 6.6032944 0.1550816 -0.0275742 0.0077819 0.9874861
1740549560.715392 -0.8667364 -1.8027430 6.6851263 0.1552574 -0.0267105 0.0078115 0.9874820
1740549560.814831 -0.8413079 -1.8048804 6.7475142 0.1573638 -0.0295768 0.0072076 0.9870714
1740549560.928106 -0.8357558 -1.8031088 6.8256392 0.1606174 -0.0295645 0.0066755 0.9865513
1740549561.025623 -0.8165090 -1.8208606 6.8940315 0.1615339 -0.0321000 0.0063619 0.9863245
1740549561.129512 -0.7971649 -1.8464862 6.9293098 0.1609636 -0.0350741 0.0058048 0.9863198
1740549561.240496 -0.7797076 -1.8896255 6.9582214 0.1586624 -0.0360695 0.0047244 0.9866626
1740549561.341023 -0.7890679 -1.9013214 7.0080500 0.1611765 -0.0344920 0.0064310 0.9863017
1740549561.447739 -0.7882494 -1.9417255 7.0410600 0.1587158 -0.0345832 0.0057116 0.9867019
1740549561.546558 -0.8012784 -1.9676428 7.1186628 0.1600917 -0.0333555 0.0052286 0.9865246
1740549561.651367 -0.7898190 -2.0019760 7.1795812 0.1604404 -0.0349203 0.0055203 0.9864122
1740549561.754213 -0.7618879 -2.0145600 7.2495270 0.1619523 -0.0371456 0.0046504 0.9860883
1740549561.856342 -0.7324526 -2.0256500 7.3151002 0.1629450 -0.0392939 0.0057780 0.9858355
1740549561.962205 -0.7169702 -2.0284777 7.3536119 0.1638594 -0.0421032 0.0056106 0.9855688
1740549562.065340 -0.7100677 -2.0339563 7.3624902 0.1626211 -0.0424698 0.0070963 0.9857486
1740549562.375752 -0.7566723 -2.0649929 7.3747578 0.1545973 -0.0275030 0.0068156 0.9875712
1740549562.480711 -0.7526585 -2.0604317 7.3970175 0.1547348 -0.0265099 0.0065799 0.9875784
1740549562.579774 -0.7748287 -2.0394912 7.4108357 0.1570784 -0.0240261 0.0082302 0.9872596
1740549562.685141 -0.7942299 -2.0504007 7.4307289 0.1549356 -0.0202550 0.0094948 0.9876713
1740549562.788571 -0.8013797 -2.0593216 7.4449663 0.1520648 -0.0191180 0.0143134 0.9880820
1740549562.900672 -0.8032390 -2.0602911 7.4596572 0.1521159 -0.0181837 0.0132119 0.9881071
1740549563.006756 -0.8068466 -2.0472436 7.4770727 0.1526405 -0.0165410 0.0117855 0.9880731
1740549563.109366 -0.8033059 -2.0554457 7.4817915 0.1474609 -0.0171647 0.0112090 0.9888554
1740549563.220101 -0.7999128 -2.0719860 7.4894409 0.1421100 -0.0158241 0.0091958 0.9896817
1740549563.328539 -0.7934991 -2.0780275 7.4944363 0.1396141 -0.0191148 0.0097070 0.9899739
1740549563.434381 -0.7927867 -2.1078756 7.5229783 0.1346648 -0.0218014 0.0077891 0.9906207
1740549563.538834 -0.7737607 -2.1267586 7.5433903 0.1300217 -0.0247512 0.0058331 0.9911850
1740549563.650731 -0.7653586 -2.1281023 7.5516748 0.1292428 -0.0288936 0.0053817 0.9911774
1740549563.860615 -0.7643850 -2.1403520 7.5648823 0.1223858 -0.0309867 0.0053216 0.9919845
1740549564.293737 -0.7544103 -2.1510425 7.5985408 0.1151220 -0.0397325 0.0008041 0.9925561
1740549564.402604 -0.7532554 -2.1620069 7.6001658 0.1096847 -0.0400411 0.0009320 0.9931592
1740549564.510811 -0.7502828 -2.1690724 7.6078482 0.1071968 -0.0410114 -0.0001897 0.9933916
1740549564.611849 -0.7589176 -2.1686790 7.6216640 0.1063286 -0.0396919 -0.0005436 0.9935384
1740549564.716660 -0.7723917 -2.1722486 7.6389694 0.1046053 -0.0362548 0.0002655 0.9938527
1740549564.818679 -0.7818069 -2.1743834 7.6508331 0.1019549 -0.0319698 0.0008780 0.9942748
1740549564.931425 -0.7905740 -2.1752582 7.6609974 0.1029601 -0.0287299 0.0005052 0.9942704
1740549565.034394 -0.8108718 -2.1846669 7.6855865 0.0989834 -0.0245194 0.0024064 0.9947841
1740549565.151593 -0.8153270 -2.1991210 7.7018585 0.0949544 -0.0221863 0.0033523 0.9952288
1740549565.253798 -0.8242947 -2.2111263 7.7188382 0.0913057 -0.0199082 0.0030414 0.9956193
1740549565.360599 -0.8290582 -2.2238169 7.7386298 0.0877035 -0.0168794 0.0026600 0.9960001
1740549565.470094 -0.8499469 -2.2337704 7.7566919 0.0855961 -0.0133956 0.0038910 0.9962323
1740549565.576818 -0.8610403 -2.2374351 7.7771988 0.0852899 -0.0095202 0.0039864 0.9963027
1740549565.686350 -0.8806654 -2.2282586 7.7899013 0.0847197 -0.0042143 0.0057120 0.9963796
1740549565.793226 -0.8922328 -2.2180257 7.7857528 0.0858750 0.0010302 0.0060070 0.9962873
1740549565.902668 -0.9000434 -2.2154541 7.7854037 0.0873096 0.0060053 0.0062846 0.9961433
1740549566.011524 -0.9050193 -2.2094100 7.8047438 0.0895555 0.0090532 0.0063726 0.9959203
1740549566.118685 -0.9161496 -2.2139652 7.8277302 0.0886677 0.0139424 0.0075607 0.9959350
1740549566.227209 -0.9311421 -2.2226427 7.8600860 0.0869100 0.0185676 0.0085927 0.9960061
1740549566.329881 -0.9337744 -2.2176449 7.8804440 0.0887491 0.0215471 0.0090999 0.9957794
1740549566.437045 -0.9386390 -2.2202148 7.9200072 0.0904571 0.0238223 0.0087197 0.9955772
1740549566.542111 -0.9414073 -2.2265322 7.9479995 0.0898395 0.0279181 0.0098331 0.9955164
1740549566.652253 -0.9352773 -2.2298000 7.9930167 0.0906827 0.0293565 0.0091462 0.9954051
1740549566.758441 -0.9350154 -2.2412918 8.0484314 0.0897378 0.0316419 0.0099380 0.9954131
1740549566.860478 -0.9420094 -2.2649827 8.1291523 0.0879703 0.0324858 0.0089851 0.9955527
1740549566.969224 -0.9366575 -2.2784305 8.2185001 0.0871417 0.0322600 0.0087247 0.9956352
1740549567.074817 -0.9395913 -2.2909651 8.3079433 0.0858890 0.0328208 0.0087522 0.9957255
1740549567.184999 -0.9424044 -2.3053632 8.3998451 0.0847080 0.0325847 0.0090082 0.9958322
1740549567.294038 -0.9515037 -2.3220723 8.4997492 0.0831503 0.0321422 0.0090488 0.9959775
1740549567.404389 -0.9633077 -2.3289115 8.5875778 0.0823872 0.0324160 0.0090273 0.9960322
1740549567.510867 -0.9719297 -2.3374300 8.6827354 0.0807902 0.0319049 0.0092507 0.9961774
1740549567.613446 -0.9761999 -2.3351064 8.7802677 0.0793460 0.0316762 0.0094622 0.9962988
1740549567.720664 -0.9918079 -2.3489954 8.8766346 0.0775609 0.0316827 0.0094561 0.9964392
1740549567.826075 -0.9979289 -2.3470140 8.9787226 0.0763683 0.0312702 0.0096434 0.9965426
1740549567.935008 -1.0062797 -2.3486445 9.0751333 0.0756117 0.0318601 0.0100285 0.9965778
1740549568.038799 -1.0142335 -2.3738050 9.1671247 0.0731995 0.0330543 0.0093707 0.9967254
1740549568.152957 -1.0080633 -2.3793550 9.2633276 0.0723737 0.0337112 0.0095116 0.9967623
1740549568.261375 -0.9947314 -2.3871210 9.3560867 0.0718429 0.0347973 0.0088677 0.9967694
1740549568.362463 -0.9765105 -2.4058990 9.4461346 0.0706751 0.0357375 0.0083105 0.9968244
1740549568.470711 -0.9363119 -2.4023037 9.5478783 0.0699852 0.0354259 0.0093550 0.9968749
1740549568.578564 -0.9212300 -2.4221680 9.6455832 0.0684648 0.0357823 0.0095100 0.9969663
1740549568.685599 -0.9293327 -2.4265685 9.7424908 0.0678210 0.0367690 0.0094306 0.9969751
1740549568.789665 -0.9354761 -2.4261479 9.8369398 0.0674822 0.0378640 0.0088260 0.9969627
1740549568.903802 -0.9535911 -2.4319987 9.9362450 0.0667872 0.0387682 0.0091589 0.9969717
1740549569.013420 -0.9717036 -2.4410844 10.0309629 0.0666346 0.0402254 0.0087766 0.9969277
1740549569.116627 -0.9398453 -2.4592927 10.1246052 0.0657375 0.0396233 0.0084373 0.9970142
1740549569.226867 -0.9317938 -2.4703193 10.2209606 0.0648061 0.0395265 0.0087301 0.9970766
1740549569.331909 -0.9298719 -2.4867218 10.3140059 0.0642162 0.0396021 0.0084342 0.9971142
1740549569.442826 -0.9265398 -2.4971805 10.4152603 0.0634763 0.0383727 0.0081990 0.9972117
1740549569.543885 -0.9220011 -2.5092046 10.5120745 0.0626555 0.0371024 0.0082638 0.9973111
1740549569.658855 -0.9127222 -2.5188563 10.6137648 0.0619949 0.0351783 0.0082741 0.9974220
1740549569.761025 -0.9010876 -2.5395393 10.7113152 0.0613124 0.0331524 0.0078914 0.9975367
1740549569.862663 -0.9025007 -2.5448577 10.8117990 0.0606656 0.0312653 0.0076721 0.9976389
1740549569.969853 -0.8899153 -2.5456872 10.9102058 0.0606273 0.0281148 0.0072801 0.9977379
1740549570.072383 -0.8883549 -2.5604842 11.0094299 0.0597434 0.0252806 0.0069140 0.9978697
1740549570.189505 -0.8980031 -2.5716395 11.1119576 0.0587408 0.0224192 0.0067668 0.9979985
1740549570.294677 -0.9034076 -2.5833054 11.2124624 0.0582134 0.0191789 0.0067364 0.9980972
1740549570.407586 -0.9004333 -2.5873902 11.3127422 0.0575992 0.0150385 0.0070758 0.9982015
1740549570.513748 -0.9221383 -2.5831282 11.4126482 0.0571343 0.0116006 0.0063718 0.9982787
1740549570.611794 -0.9226850 -2.5907781 11.5081997 0.0571179 0.0078623 0.0058910 0.9983191
1740549570.716835 -0.9234057 -2.6055639 11.6091194 0.0563339 0.0036910 0.0059425 0.9983875
1740549570.817254 -0.9180572 -2.6258221 11.7084913 0.0557918 -0.0005392 0.0056636 0.9984262
1740549570.926096 -0.9262869 -2.6307838 11.8096838 0.0558313 -0.0047840 0.0057845 0.9984120
1740549571.029395 -0.9340501 -2.6381104 11.9076748 0.0556844 -0.0091916 0.0054065 0.9983915
1740549571.127935 -0.9417738 -2.6472499 12.0087271 0.0556194 -0.0133808 0.0053160 0.9983482
1740549571.234927 -0.9490373 -2.6521335 12.1097345 0.0559658 -0.0177559 0.0047205 0.9982637
1740549571.335412 -0.9712842 -2.6608660 12.2082386 0.0560754 -0.0217306 0.0047098 0.9981789
1740549571.442806 -0.9745930 -2.6720378 12.3072233 0.0564115 -0.0260711 0.0044891 0.9980571
1740549571.542787 -0.9696489 -2.6793568 12.4088497 0.0571787 -0.0308289 0.0041314 0.9978793
1740549571.656675 -0.9941940 -2.6838627 12.5089493 0.0581024 -0.0352128 0.0037155 0.9976825
1740549571.753849 -1.0089465 -2.7115760 12.6011496 0.0572249 -0.0395969 0.0033577 0.9975702
1740549571.854974 -1.0252708 -2.7194319 12.7010088 0.0581832 -0.0442120 0.0033346 0.9973209
1740549571.975109 -1.0319457 -2.7420726 12.7991371 0.0584269 -0.0487677 0.0031384 0.9970949
1740549572.076187 -1.0370415 -2.7529383 12.8991880 0.0590794 -0.0536497 0.0027919 0.9968067
1740549572.185639 -1.0506287 -2.7786226 12.9973221 0.0587652 -0.0581262 0.0021587 0.9965758
1740549572.291396 -1.0730737 -2.7835248 13.0932665 0.0594997 -0.0626752 0.0022209 0.9962564
1740549572.391948 -1.0946316 -2.8042147 13.1921844 0.0588764 -0.0672095 0.0018484 0.9959985
1740549572.500693 -1.1077648 -2.8177919 13.2849684 0.0578947 -0.0719418 0.0017019 0.9957257
1740549572.600727 -1.1248242 -2.8261721 13.3829355 0.0577572 -0.0765359 0.0011479 0.9953919
1740549572.709512 -1.1524744 -2.8493543 13.4790659 0.0565014 -0.0811108 0.0012498 0.9951015
1740549572.808888 -1.1757531 -2.8629773 13.5770082 0.0550858 -0.0857223 0.0008500 0.9947947
1740549572.915777 -1.1981559 -2.8580084 13.6694145 0.0543456 -0.0906240 0.0004828 0.9944012
1740549573.017015 -1.2122343 -2.8756804 13.7638760 0.0527160 -0.0954552 -0.0001210 0.9940369
1740549573.114831 -1.2630355 -2.8702264 13.8590031 0.0515655 -0.0992733 -0.0003436 0.9937232
1740549573.230414 -1.3012391 -2.8944283 13.9420977 0.0482172 -0.1037218 -0.0003698 0.9934368
1740549573.329143 -1.3246202 -2.9024427 14.0385675 0.0461087 -0.1079147 -0.0006668 0.9930901
1740549573.430385 -1.3550210 -2.8997495 14.1354132 0.0448707 -0.1118000 -0.0012447 0.9927164
1740549573.529387 -1.3871443 -2.9026265 14.2282047 0.0433915 -0.1154333 -0.0016634 0.9923657
1740549573.628319 -1.4205395 -2.9109473 14.3234787 0.0407912 -0.1188248 -0.0021523 0.9920747
1740549573.731646 -1.4536794 -2.9178243 14.4193459 0.0378850 -0.1219851 -0.0026730 0.9918050
1740549573.829008 -1.4881464 -2.9122851 14.5162334 0.0361464 -0.1245973 -0.0031528 0.9915438
1740549573.929865 -1.5220754 -2.9170742 14.6092634 0.0332096 -0.1271010 -0.0036002 0.9913272
1740549574.028522 -1.5583241 -2.9161541 14.7020111 0.0305263 -0.1292098 -0.0036850 0.9911405
1740549574.127949 -1.5897202 -2.9063673 14.8005466 0.0280726 -0.1309187 -0.0045186 0.9909853
1740549574.233699 -1.6227181 -2.8997598 14.8998518 0.0257678 -0.1321765 -0.0049610 0.9908788
1740549574.333072 -1.6659858 -2.9086993 14.9870157 0.0216779 -0.1329987 -0.0052527 0.9908652
1740549574.435453 -1.6931003 -2.9191525 15.0792646 0.0173371 -0.1339792 -0.0054159 0.9908177
1740549574.535053 -1.7144085 -2.9164386 15.1799145 0.0144740 -0.1343555 -0.0060755 0.9908089
1740549574.632188 -1.7319711 -2.9189234 15.2809038 0.0108401 -0.1347654 -0.0069871 0.9907936
1740549574.735246 -1.7508948 -2.9340281 15.3786297 0.0059914 -0.1351391 -0.0073942 0.9907809
1740549574.834593 -1.7754259 -2.9391665 15.4736643 0.0014867 -0.1353073 -0.0082316 0.9907684
1740549574.940900 -1.7932308 -2.9497666 15.5768127 -0.0029589 -0.1357469 -0.0087149 0.9907008
1740549575.042864 -1.8159237 -2.9466953 15.6722422 -0.0078834 -0.1364548 -0.0094938 0.9905695
1740549575.140737 -1.8259917 -2.9564488 15.7738047 -0.0141536 -0.1376144 -0.0102276 0.9903319
1740549575.247953 -1.8435149 -2.9541082 15.8768711 -0.0203760 -0.1391353 -0.0110710 0.9900019
1740549575.348306 -1.8523812 -2.9459848 15.9767838 -0.0267130 -0.1412263 -0.0118550 0.9895459
1740549575.451140 -1.8725436 -2.9346583 16.0702744 -0.0337502 -0.1434707 -0.0128084 0.9889960
1740549575.549328 -1.8869325 -2.9251127 16.1719418 -0.0413722 -0.1467045 -0.0138943 0.9882171
1740549575.647004 -1.9021950 -2.9099007 16.2750301 -0.0489849 -0.1505290 -0.0148882 0.9872790
1740549575.751012 -1.9301770 -2.8825412 16.3696918 -0.0566630 -0.1549141 -0.0158076 0.9861749
1740549575.849166 -1.9514337 -2.8548913 16.4667606 -0.0645679 -0.1605642 -0.0171607 0.9847617
1740549575.952689 -1.9812065 -2.8224094 16.5595531 -0.0724295 -0.1665965 -0.0178547 0.9831992
1740549576.053751 -2.0245225 -2.7870607 16.6385307 -0.0806023 -0.1730902 -0.0189753 0.9814189
1740549576.266056 -2.1148076 -2.6989708 16.8008175 -0.0960818 -0.1880639 -0.0206201 0.9772283
1740549576.468586 -2.2307751 -2.6193755 16.9490910 -0.1117741 -0.2038645 -0.0218677 0.9723516
1740549576.567534 -2.2927008 -2.5759103 17.0185432 -0.1186702 -0.2120877 -0.0226353 0.9697545
1740549576.673088 -2.3482594 -2.5473695 17.0961742 -0.1254669 -0.2206398 -0.0230316 0.9669777
1740549576.774334 -2.4057455 -2.5163114 17.1694927 -0.1317285 -0.2291234 -0.0235117 0.9641563
1740549576.874174 -2.4761949 -2.4918854 17.2392235 -0.1379763 -0.2369164 -0.0235550 0.9613940
1740549576.986878 -2.5443244 -2.4698272 17.3119488 -0.1435435 -0.2444217 -0.0242355 0.9586793
1740549577.085037 -2.6086493 -2.4447465 17.3845825 -0.1483782 -0.2517558 -0.0241543 0.9560437
1740549577.186773 -2.6755638 -2.4207909 17.4590988 -0.1529017 -0.2585586 -0.0242699 0.9535091
1740549577.385936 -2.7971220 -2.3509865 17.6029816 -0.1598791 -0.2702616 -0.0236831 0.9491240
1740549577.490568 -2.8534479 -2.3089733 17.6736050 -0.1626131 -0.2749783 -0.0238164 0.9472997
1740549577.590921 -2.8933947 -2.2574775 17.7547913 -0.1644010 -0.2795113 -0.0238007 0.9456635
1740549577.700923 -2.9348869 -2.2064285 17.8337212 -0.1660518 -0.2832579 -0.0234447 0.9442680
1740549577.800907 -2.9811907 -2.1561723 17.9073544 -0.1672740 -0.2862807 -0.0232916 0.9431438
1740549577.899170 -3.0285921 -2.1120028 17.9832954 -0.1682979 -0.2887930 -0.0230974 0.9422001
1740549578.002101 -3.0773444 -2.0661261 18.0603828 -0.1685560 -0.2908278 -0.0229184 0.9415322
1740549578.101741 -3.1337233 -2.0396888 18.1438503 -0.1684242 -0.2924116 -0.0225883 0.9410731
1740549578.212596 -3.1982274 -2.0149832 18.2172394 -0.1682585 -0.2933148 -0.0223310 0.9408277
1740549578.317798 -3.2572055 -1.9935932 18.2928257 -0.1682340 -0.2939920 -0.0220377 0.9406276
1740549578.433959 -3.3198085 -1.9662735 18.3658657 -0.1677943 -0.2942485 -0.0216240 0.9406356
1740549578.535922 -3.3776665 -1.9440928 18.4462166 -0.1667866 -0.2943391 -0.0214863 0.9407896
1740549578.635139 -3.4400017 -1.9209604 18.5249786 -0.1654278 -0.2940522 -0.0212360 0.9411249
1740549578.741658 -3.4981830 -1.9027815 18.6064262 -0.1644216 -0.2937298 -0.0210346 0.9414063
1740549578.841753 -3.5583005 -1.8771825 18.6838303 -0.1632414 -0.2931803 -0.0206986 0.9417904
1740549578.949495 -3.6113486 -1.8467577 18.7660999 -0.1623300 -0.2925961 -0.0206245 0.9421312
1740549579.049250 -3.6666164 -1.8138554 18.8427315 -0.1613943 -0.2915635 -0.0202646 0.9426197
1740549579.249711 -3.7670093 -1.7530940 19.0085411 -0.1596284 -0.2898380 -0.0200735 0.9434564
1740549579.551565 -3.9320629 -1.6681494 19.2483749 -0.1580470 -0.2869723 -0.0201607 0.9445960
1740549579.751853 -4.0275755 -1.5907553 19.4107170 -0.1573367 -0.2853902 -0.0203306 0.9451901
1740549579.965343 -4.1163864 -1.5218928 19.5787144 -0.1575273 -0.2840694 -0.0207931 0.9455461
1740549580.372597 -4.3232036 -1.3887522 19.9002857 -0.1585113 -0.2816878 -0.0216803 0.9460741
1740549580.580550 -4.4285164 -1.3293613 20.0627403 -0.1588973 -0.2813071 -0.0217592 0.9461207
1740549580.881081 -4.5865493 -1.2296168 20.3002567 -0.1587922 -0.2819437 -0.0214433 0.9459561
1740549581.090243 -4.7253885 -1.1664135 20.4383469 -0.1567897 -0.2814286 -0.0207838 0.9464581
1740549581.398369 -4.8912392 -1.0567778 20.6548767 -0.1519091 -0.2830599 -0.0184765 0.9468154
1740549581.716815 -5.0362601 -0.9691167 20.9058437 -0.1444768 -0.2893301 -0.0156912 0.9461334
1740549581.914590 -5.1589484 -0.9193186 21.0486183 -0.1367365 -0.2927997 -0.0123863 0.9462653
1740549582.023180 -5.2302113 -0.9207906 21.0951576 -0.1342530 -0.2929235 -0.0118154 0.9465899
1740549582.122293 -5.3055172 -0.8994701 21.1564827 -0.1294269 -0.2944917 -0.0096696 0.9467998
1740549582.233376 -5.3743405 -0.8854280 21.2243595 -0.1249979 -0.2967938 -0.0076005 0.9466949
1740549582.332173 -5.4408846 -0.8780341 21.2862778 -0.1201324 -0.2989565 -0.0058282 0.9466569
1740549582.440774 -5.5136690 -0.8757527 21.3454037 -0.1155491 -0.3020859 -0.0029601 0.9462472
1740549582.541206 -5.5901461 -0.8795851 21.3975677 -0.1118008 -0.3041724 -0.0011008 0.9460331
1740549582.642500 -5.6649499 -0.8873381 21.4532871 -0.1080067 -0.3073661 0.0009464 0.9454416
1740549582.750976 -5.7302208 -0.8894539 21.5088615 -0.1030654 -0.3114913 0.0042621 0.9446335
1740549582.855389 -5.8083606 -0.8904772 21.5602417 -0.0985150 -0.3145728 0.0065380 0.9440848
1740549582.972400 -5.8231764 -0.8850305 21.5968704 -0.0939983 -0.3238556 0.0144002 0.9413154
1740549583.070462 -5.8222075 -0.8875627 21.6021080 -0.0923693 -0.3322565 0.0214715 0.9384096
1740549583.174720 -5.8232794 -0.8881313 21.6024971 -0.0892005 -0.3377477 0.0230532 0.9367168
1740549583.274590 -5.8286142 -0.8946214 21.6107693 -0.0844904 -0.3439690 0.0240098 0.9348638
1740549583.371926 -5.8371205 -0.8969714 21.6233101 -0.0809482 -0.3507401 0.0259692 0.9326062
1740549583.473674 -5.8476706 -0.8977028 21.6325111 -0.0778993 -0.3571648 0.0297540 0.9303116
1740549583.569172 -5.8452606 -0.8946505 21.6317329 -0.0765278 -0.3635486 0.0393528 0.9275922
1740549583.665177 -5.8416939 -0.8959472 21.6307697 -0.0745686 -0.3701596 0.0439899 0.9249250
1740549583.769696 -5.8383074 -0.8942772 21.6277237 -0.0692135 -0.3752502 0.0468278 0.9231489
1740549583.867268 -5.8273010 -0.8930269 21.6167183 -0.0613130 -0.3768384 0.0459162 0.9231063
1740549583.972982 -5.8661771 -0.8991981 21.6490364 -0.0572460 -0.3854039 0.0479241 0.9197229
1740549584.069567 -5.9391251 -0.9032265 21.6963024 -0.0553709 -0.3906763 0.0505240 0.9174712
1740549584.164397 -5.9588485 -0.9024253 21.7267303 -0.0486533 -0.4017100 0.0528564 0.9129448
1740549584.264249 -5.9875069 -0.9000850 21.7482471 -0.0434331 -0.4112709 0.0565838 0.9087179
1740549584.359872 -6.0636473 -0.9055705 21.8020515 -0.0396847 -0.4170073 0.0575058 0.9062136
1740549584.469444 -6.1296682 -0.9050786 21.8460941 -0.0353601 -0.4235665 0.0606689 0.9031392
1740549584.565629 -6.1785407 -0.9042569 21.9086819 -0.0317474 -0.4312024 0.0617225 0.8995816
1740549584.689309 -6.2387996 -0.9098467 21.9500694 -0.0287577 -0.4383636 0.0632728 0.8961066
1740549584.783166 -6.3156247 -0.9207100 22.0069008 -0.0254097 -0.4440726 0.0657654 0.8932127
1740549584.877913 -6.3701015 -0.9297637 22.0632935 -0.0231481 -0.4516289 0.0665031 0.8894228
1740549584.982753 -6.4382582 -0.9321615 22.1093903 -0.0195081 -0.4570804 0.0678691 0.8866176
1740549585.076481 -6.4931884 -0.9356425 22.1467247 -0.0162551 -0.4645229 0.0691884 0.8827046
1740549585.279807 -6.6411176 -1.0120764 22.2501831 -0.0166860 -0.4749961 0.0742193 0.8766937
1740549585.374134 -6.6962662 -1.0367461 22.2975044 -0.0159314 -0.4817899 0.0759305 0.8728455
1740549585.476497 -6.7591014 -1.0496149 22.3398838 -0.0143664 -0.4876418 0.0764349 0.8695728
1740549585.573694 -6.7901149 -1.0672098 22.3766060 -0.0134977 -0.4969574 0.0774688 0.8642047
1740549585.669715 -6.8524628 -1.0801294 22.4180870 -0.0124927 -0.5028662 0.0782173 0.8607274
1740549585.871292 -6.9545026 -1.1390225 22.4920597 -0.0139887 -0.5160273 0.0778874 0.8529090
1740549585.972520 -7.0053225 -1.1488303 22.5267296 -0.0135506 -0.5227442 0.0769843 0.8488983
1740549586.068617 -7.0552340 -1.1561644 22.5586414 -0.0134111 -0.5295503 0.0769151 0.8446780
1740549586.164653 -7.0916109 -1.1628143 22.5912132 -0.0115601 -0.5375406 0.0772164 0.8396155
1740549586.364347 -7.1750193 -1.2090335 22.6555824 -0.0149382 -0.5517312 0.0759868 0.8304190
1740549586.475446 -7.2211423 -1.2154408 22.6826363 -0.0138882 -0.5583966 0.0763859 0.8259331
1740549586.574052 -7.2655869 -1.2086813 22.7205162 -0.0123961 -0.5660254 0.0757626 0.8208055
1740549586.670443 -7.2930231 -1.2220225 22.7498150 -0.0142392 -0.5735109 0.0719665 0.8159064
1740549586.774516 -7.3278255 -1.2204154 22.7662048 -0.0113879 -0.5790795 0.0729170 0.8119239
1740549586.870557 -7.3657451 -1.2212677 22.7757835 -0.0085829 -0.5829610 0.0748407 0.8090005
1740549586.972249 -7.3792796 -1.2237233 22.7789459 -0.0072526 -0.5851963 0.0724627 0.8076149
1740549587.069207 -7.4078293 -1.2285763 22.7775173 -0.0086704 -0.5863006 0.0735749 0.8066989
1740549587.165590 -7.4680629 -1.2383180 22.7986908 -0.0076639 -0.5893123 0.0742435 0.8044503
1740549587.269601 -7.5084047 -1.2546724 22.8120193 -0.0121985 -0.5926307 0.0721589 0.8021429
1740549587.365475 -7.5603681 -1.2726514 22.8298531 -0.0153165 -0.5973058 0.0704437 0.7987671
1740549587.470066 -7.6201696 -1.2614751 22.8610878 -0.0142851 -0.6012723 0.0706510 0.7957864
1740549587.566076 -7.6722126 -1.2731545 22.8945713 -0.0160104 -0.6062279 0.0693671 0.7920982
1740549587.661935 -7.7166200 -1.2795515 22.9263077 -0.0186515 -0.6108835 0.0671993 0.7886429
1740549587.764572 -7.7583895 -1.2709651 22.9595108 -0.0188991 -0.6157464 0.0676894 0.7848040
1740549587.968794 -7.8119545 -1.2203214 23.0123196 -0.0122338 -0.6239585 0.0714803 0.7780852
1740549588.068293 -7.8796711 -1.1981539 23.0386086 -0.0098229 -0.6251225 0.0724420 0.7770956
1740549588.163294 -7.9748440 -1.1912799 23.0404739 -0.0094201 -0.6242308 0.0727907 0.7777845
1740549588.265396 -8.0754061 -1.2052615 23.0370789 -0.0110804 -0.6239299 0.0716385 0.7781110
1740549588.368293 -8.1430712 -1.2261229 23.0463181 -0.0149586 -0.6245490 0.0696157 0.7777329
1740549588.471354 -8.2290087 -1.2485435 23.0630417 -0.0167591 -0.6256264 0.0685199 0.7769271
1740549588.671264 -8.2655325 -1.2643539 23.0701809 -0.0206545 -0.6254160 0.0641054 0.7773795
1740549588.775443 -8.2688484 -1.2674383 23.0761375 -0.0239203 -0.6253124 0.0628239 0.7774737
1740549588.873086 -8.3389673 -1.2765228 23.0720978 -0.0271016 -0.6241456 0.0614863 0.7784132
1740549588.975843 -8.4132824 -1.2897583 23.0800171 -0.0288080 -0.6236414 0.0591980 0.7789333
1740549589.073570 -8.4615536 -1.2910340 23.0943661 -0.0314155 -0.6238096 0.0581358 0.7787778
1740549589.170506 -8.5232582 -1.2935913 23.1119690 -0.0321726 -0.6250932 0.0577087 0.7777488
1740549589.374346 -8.5411777 -1.3128092 23.1147232 -0.0376670 -0.6227316 0.0484333 0.7800263
1740549589.476251 -8.5606928 -1.3064132 23.1192627 -0.0383031 -0.6219941 0.0481762 0.7805993
1740549589.573607 -8.5961475 -1.3075032 23.1292992 -0.0407802 -0.6217670 0.0479405 0.7806692
1740549589.669183 -8.5982819 -1.3086636 23.1300278 -0.0437766 -0.6215481 0.0471746 0.7807280
1740549589.772180 -8.5916967 -1.3104873 23.1302757 -0.0466894 -0.6216881 0.0427768 0.7807011
1740549589.867091 -8.6071253 -1.3059692 23.1311855 -0.0473648 -0.6209276 0.0400778 0.7814085
1740549589.973305 -8.5648890 -1.2958474 23.1248417 -0.0507319 -0.6198779 0.0416625 0.7819476
1740549590.069965 -8.5692778 -1.2979562 23.1303596 -0.0533008 -0.6203061 0.0398960 0.7815291
1740549590.165874 -8.5935268 -1.3016946 23.1270676 -0.0573155 -0.6193539 0.0401440 0.7819872
1740549590.368685 -8.6106758 -1.2967193 23.1230392 -0.0640470 -0.6189373 0.0389322 0.7818561
1740549590.472422 -8.6113605 -1.2887138 23.1267548 -0.0635145 -0.6209116 0.0370699 0.7804233
1740549590.670964 -8.6236286 -1.2890468 23.1282120 -0.0687311 -0.6224359 0.0318371 0.7789968
1740549590.876012 -8.6720467 -1.2827299 23.1401634 -0.0730376 -0.6278505 0.0338072 0.7741617
1740549590.981360 -8.6574574 -1.2731421 23.1614265 -0.0735084 -0.6324791 0.0331487 0.7703687
1740549591.075125 -8.6346264 -1.2896826 23.1538429 -0.0745855 -0.6344373 0.0255541 0.7689429
1740549591.171246 -8.6258392 -1.2715969 23.1395226 -0.0732193 -0.6339208 0.0249697 0.7695192
1740549591.278592 -8.6203089 -1.2767187 23.1377449 -0.0761088 -0.6341946 0.0229661 0.7690756
1740549591.375769 -8.6276731 -1.2728409 23.1416779 -0.0790868 -0.6373648 0.0238192 0.7661228
1740549591.478705 -8.6234255 -1.2713120 23.1397438 -0.0755750 -0.6384435 0.0191292 0.7657104
1740549591.677955 -8.6226454 -1.2715547 23.1378956 -0.0840151 -0.6429071 0.0210736 0.7610309
1740549591.778752 -8.6189413 -1.2734227 23.1389351 -0.0866282 -0.6444135 0.0211442 0.7594602
1740549591.874543 -8.6158600 -1.2757847 23.1409569 -0.0891911 -0.6478923 0.0204489 0.7562158
1740549591.976286 -8.6305704 -1.2768888 23.1436691 -0.0922885 -0.6500302 0.0212361 0.7539845
1740549592.071819 -8.6436272 -1.2749705 23.1497269 -0.0926705 -0.6525194 0.0192956 0.7518366
1740549592.166677 -8.6835346 -1.2955499 23.1399498 -0.0982185 -0.6515664 0.0172567 0.7520083
1740549592.266619 -8.7534103 -1.3149266 23.1342125 -0.1016509 -0.6525077 0.0129398 0.7508218
1740549592.363303 -8.8204622 -1.3408146 23.1359367 -0.1059099 -0.6534570 0.0091058 0.7494626
1740549592.471284 -8.8582668 -1.3402162 23.1314049 -0.1072389 -0.6537963 0.0063918 0.7490056
1740549592.569896 -8.9078083 -1.3476741 23.1335411 -0.1088266 -0.6551341 0.0035818 0.7476251
1740549592.667667 -8.9451637 -1.3505960 23.1351185 -0.1101682 -0.6562297 0.0022977 0.7464720
1740549592.772498 -8.9942369 -1.3543286 23.1213264 -0.1102454 -0.6537556 -0.0007925 0.7486314
1740549592.886119 -9.0552292 -1.3615565 23.1081181 -0.1135949 -0.6531441 -0.0036870 0.7486557
1740549592.990250 -9.1429920 -1.3629034 23.1081753 -0.1149008 -0.6539692 -0.0044094 0.7477317
1740549593.090265 -9.2016001 -1.3564618 23.1123791 -0.1142669 -0.6568056 -0.0051561 0.7453341
1740549593.195164 -9.2474232 -1.3570910 23.1162491 -0.1144581 -0.6572867 -0.0048356 0.7448826
1740549593.297964 -9.2918882 -1.3512433 23.1147270 -0.1135431 -0.6585954 -0.0037180 0.7438725
1740549593.396186 -9.3527308 -1.3529475 23.1156063 -0.1146610 -0.6599764 -0.0031737 0.7424783
1740549593.502496 -9.4396667 -1.3539491 23.1159248 -0.1138375 -0.6605766 -0.0047066 0.7420629
1740549593.602579 -9.5085983 -1.3568718 23.1151180 -0.1121963 -0.6599050 -0.0063204 0.7428980
1740549593.703968 -9.6014767 -1.3601673 23.1164894 -0.1122416 -0.6606266 -0.0062046 0.7422505
1740549593.803564 -9.6920156 -1.3334010 23.1121655 -0.1102560 -0.6615842 -0.0044694 0.7417076
1740549593.902278 -9.7903566 -1.3394089 23.1160545 -0.1105052 -0.6625473 -0.0034806 0.7408155
1740549594.005601 -9.8874073 -1.3413906 23.1150417 -0.1104699 -0.6637751 -0.0034006 0.7397212
1740549594.104457 -9.9664888 -1.3442383 23.1178284 -0.1072184 -0.6641304 -0.0028261 0.7398831
1740549594.209677 -10.0427532 -1.3512123 23.1209564 -0.1061670 -0.6635799 -0.0037593 0.7405242
1740549594.310876 -10.1311255 -1.3513014 23.1246109 -0.1052886 -0.6644410 -0.0011517 0.7398859
1740549594.412168 -10.2242250 -1.3432250 23.1230659 -0.1035067 -0.6649963 -0.0001157 0.7396393
1740549594.519589 -10.3035975 -1.3214056 23.1334381 -0.1007116 -0.6659768 0.0029735 0.7391368
1740549594.621113 -10.3831549 -1.3065085 23.1542664 -0.0994635 -0.6688421 0.0037586 0.7367110
1740549594.722700 -10.4658165 -1.3121336 23.1628418 -0.0982864 -0.6691732 0.0043011 0.7365654
1740549594.823592 -10.5097942 -1.2997139 23.1585941 -0.0938613 -0.6681025 0.0048910 0.7381092
1740549594.923319 -10.5138178 -1.2990034 23.1578636 -0.0905835 -0.6676908 0.0045660 0.7388930
1740549595.027628 -10.5131273 -1.3209865 23.1643867 -0.0930486 -0.6681530 -0.0000662 0.7381825
1740549595.128309 -10.5414810 -1.3140850 23.1663742 -0.0911353 -0.6678866 0.0004787 0.7386621
1740549595.237640 -10.5489025 -1.3244598 23.1646004 -0.0938042 -0.6672746 0.0010406 0.7388805
1740549595.336077 -10.5621099 -1.3221793 23.1655769 -0.0931466 -0.6667609 0.0030825 0.7394216
1740549595.435238 -10.5778885 -1.3217127 23.1712971 -0.0925588 -0.6665877 0.0047964 0.7396423
1740549595.540256 -10.5883312 -1.3177581 23.1729565 -0.0910886 -0.6647127 0.0061150 0.7415002
1740549595.639467 -10.5926962 -1.3193419 23.1695366 -0.0913006 -0.6633775 0.0070584 0.7426606
1740549595.743363 -10.6172085 -1.3139298 23.1783409 -0.0910122 -0.6624430 0.0072230 0.7435279
1740549595.842512 -10.6282568 -1.3161993 23.1865025 -0.0915300 -0.6623283 0.0089796 0.7435475
1740549595.947773 -10.6288939 -1.3075252 23.1874657 -0.0894761 -0.6604642 0.0102061 0.7454373
1740549596.052034 -10.6438847 -1.3139827 23.1925392 -0.0913901 -0.6593772 0.0115016 0.7461483
1740549596.151593 -10.6540928 -1.3212295 23.1926727 -0.0933734 -0.6577080 0.0105848 0.7473886
1740549596.254467 -10.6650095 -1.3215518 23.1877537 -0.0913642 -0.6537104 0.0102822 0.7511389
1740549596.352479 -10.6659498 -1.3188891 23.1914368 -0.0925577 -0.6523302 0.0109639 0.7521822
1740549596.461704 -10.6743107 -1.3236895 23.1945877 -0.0940900 -0.6495499 0.0116377 0.7543849
1740549596.563966 -10.6810188 -1.3227568 23.1960049 -0.0927713 -0.6470023 0.0123361 0.7567228
1740549596.667751 -10.6817503 -1.3250663 23.1952267 -0.0908333 -0.6461472 0.0107709 0.7577118
1740549596.773275 -10.6938868 -1.3206813 23.1959114 -0.0890665 -0.6436107 0.0145560 0.7600135
1740549596.872706 -10.7140846 -1.3236065 23.1921730 -0.0899510 -0.6407690 0.0155616 0.7622872
1740549596.977194 -10.7212429 -1.3204129 23.1952877 -0.0883696 -0.6387154 0.0168345 0.7641663
1740549597.080413 -10.7268448 -1.3206894 23.1923599 -0.0866285 -0.6344681 0.0163739 0.7679048
1740549597.181967 -10.7281828 -1.3215926 23.1924229 -0.0851661 -0.6299358 0.0139359 0.7718377
1740549597.288518 -10.7298727 -1.3227339 23.1924038 -0.0861150 -0.6278839 0.0150640 0.7733815
1740549597.387661 -10.7363853 -1.3215492 23.1973667 -0.0830967 -0.6270880 0.0149824 0.7743585
1740549597.493298 -10.7581348 -1.3211673 23.2118835 -0.0842625 -0.6311299 0.0197449 0.7708340
1740549597.593267 -10.7562332 -1.3245740 23.2210464 -0.0853786 -0.6311752 0.0175372 0.7707275
1740549597.698241 -10.7649488 -1.3284376 23.2196312 -0.0863654 -0.6290715 0.0140118 0.7724078
1740549597.804422 -10.7699127 -1.3301489 23.2164650 -0.0883894 -0.6240628 0.0107738 0.7762841
1740549597.901567 -10.7827549 -1.3380511 23.2115135 -0.0904753 -0.6177871 0.0065895 0.7810954
1740549598.009073 -10.7975473 -1.3488381 23.2089958 -0.0935213 -0.6116898 0.0034323 0.7855428
1740549598.110683 -10.8257542 -1.3655863 23.2071304 -0.0989779 -0.6077304 -0.0000684 0.7879512
1740549598.216482 -10.8789062 -1.3970838 23.2004013 -0.1024755 -0.6026399 -0.0037155 0.7913976
1740549598.320343 -10.9662762 -1.4326074 23.1975365 -0.1024036 -0.5974903 -0.0065177 0.7952839
1740549598.418463 -11.0274992 -1.4655304 23.1910610 -0.1058848 -0.5927036 -0.0092562 0.7983766
1740549598.525959 -11.1198521 -1.4742973 23.1773872 -0.1070373 -0.5882455 -0.0083862 0.8015235
1740549598.627233 -11.2166500 -1.4597681 23.1978149 -0.1056765 -0.5858518 -0.0074501 0.8034641
1740549598.742189 -11.3090467 -1.4422178 23.2356415 -0.1042886 -0.5843952 -0.0066009 0.8047127
1740549598.843565 -11.4034262 -1.4358065 23.2663536 -0.1037296 -0.5826848 -0.0059930 0.8060290
1740549598.948912 -11.4947996 -1.4104080 23.3063774 -0.1015083 -0.5809758 -0.0052223 0.8075492
1740549599.053520 -11.5829754 -1.3893645 23.3489799 -0.1000485 -0.5795991 -0.0048902 0.8087220
1740549599.153585 -11.6776276 -1.3688002 23.3785896 -0.0985721 -0.5776278 -0.0034996 0.8103193
1740549599.254608 -11.7684374 -1.3570538 23.4191437 -0.0971159 -0.5758417 -0.0033694 0.8117657
1740549599.352558 -11.8698254 -1.3391328 23.4374676 -0.0959006 -0.5732763 -0.0016811 0.8137287
1740549599.463743 -11.9585810 -1.3154383 23.4763298 -0.0941909 -0.5714569 -0.0007607 0.8152083
1740549599.558643 -12.0576239 -1.3113437 23.5097771 -0.0924639 -0.5697947 -0.0001399 0.8165687
1740549599.774217 -12.2386599 -1.2744122 23.5927734 -0.0891679 -0.5664805 0.0013902 0.8192356
1740549599.873653 -12.3300333 -1.2714719 23.6315422 -0.0878656 -0.5649658 0.0024473 0.8204190
1740549599.977785 -12.4242401 -1.2509888 23.6628876 -0.0860257 -0.5631696 0.0034860 0.8218439
1740549600.082789 -12.5156250 -1.2401170 23.6970940 -0.0844513 -0.5612494 0.0040258 0.8233171
1740549600.180401 -12.6083679 -1.2299857 23.7385330 -0.0825958 -0.5602362 0.0054940 0.8241864
1740549600.286734 -12.7022791 -1.2264694 23.7786789 -0.0802506 -0.5591516 0.0068742 0.8251437
1740549600.387798 -12.7955246 -1.2190162 23.8116016 -0.0794028 -0.5579430 0.0068306 0.8260437
1740549600.495796 -12.8859978 -1.1919466 23.8447418 -0.0773842 -0.5566615 0.0090612 0.8270777
1740549600.595937 -12.9735832 -1.2003739 23.8893337 -0.0759455 -0.5558684 0.0092940 0.8277416
1740549600.703749 -13.0651016 -1.1935172 23.9242134 -0.0744304 -0.5546790 0.0101708 0.8286663
1740549600.806066 -13.1568127 -1.1931990 23.9691105 -0.0737224 -0.5545378 0.0109408 0.8288143
1740549600.905631 -13.2450733 -1.1936446 23.9969749 -0.0720034 -0.5525863 0.0113694 0.8302619
1740549601.012490 -13.3382912 -1.1893791 24.0413361 -0.0707113 -0.5524085 0.0124175 0.8304762
1740549601.115463 -13.4303970 -1.1879947 24.0656509 -0.0686259 -0.5509610 0.0133575 0.8315973
1740549601.221525 -13.5232258 -1.1893786 24.1114254 -0.0684901 -0.5506778 0.0137360 0.8317899
1740549601.322917 -13.6106281 -1.1979015 24.1594677 -0.0686405 -0.5504004 0.0129669 0.8319734
1740549601.422752 -13.7005367 -1.1750830 24.1753960 -0.0669577 -0.5483774 0.0143611 0.8334222
1740549601.528301 -13.7780342 -1.1645243 24.2069016 -0.0656830 -0.5469375 0.0133898 0.8344854
1740549601.632156 -13.8630352 -1.1584415 24.2393646 -0.0649036 -0.5459375 0.0124120 0.8352160
1740549601.746946 -13.9577169 -1.1451163 24.2685928 -0.0641344 -0.5452995 0.0141721 0.8356640
1740549601.852447 -14.0394917 -1.1170881 24.3148804 -0.0629141 -0.5455552 0.0141788 0.8355898
1740549601.970471 -14.1220741 -1.0719426 24.3510132 -0.0623645 -0.5453457 0.0144939 0.8357623
1740549602.072962 -14.2052517 -1.0591458 24.3910275 -0.0621927 -0.5448758 0.0141350 0.8360878
1740549602.175642 -14.3004189 -1.0611213 24.4347992 -0.0613255 -0.5451649 0.0150932 0.8359466
1740549602.285086 -14.3928337 -1.0691669 24.4644527 -0.0604860 -0.5443173 0.0149506 0.8365623
1740549602.387645 -14.4791565 -1.0469298 24.5086632 -0.0605121 -0.5443210 0.0146784 0.8365629
1740549602.500368 -14.5703182 -1.0367423 24.5318890 -0.0595260 -0.5428441 0.0154152 0.8375795
1740549602.603081 -14.6679688 -1.0234669 24.5639420 -0.0588027 -0.5422379 0.0160939 0.8380103
1740549602.722085 -14.7560425 -1.0251315 24.6036263 -0.0575664 -0.5418470 0.0161941 0.8383470
1740549602.832157 -14.8464336 -1.0095311 24.6337376 -0.0565283 -0.5402587 0.0175306 0.8394151
1740549602.937626 -14.9378452 -1.0150964 24.6737137 -0.0561637 -0.5393099 0.0173510 0.8400533
1740549603.046716 -15.0306997 -1.0210136 24.7218132 -0.0569054 -0.5385860 0.0170571 0.8404737
1740549603.152694 -15.1237679 -1.0130162 24.7620544 -0.0557194 -0.5379660 0.0181663 0.8409268
1740549603.261804 -15.2139788 -1.0016352 24.8004417 -0.0545429 -0.5364357 0.0186345 0.8419707
1740549603.368717 -15.3062572 -1.0099976 24.8408966 -0.0541320 -0.5353706 0.0189883 0.8426669
1740549603.474724 -15.3950891 -1.0171981 24.8809948 -0.0547099 -0.5336151 0.0188472 0.8437456
1740549603.578238 -15.4845676 -1.0199547 24.9324150 -0.0543715 -0.5329981 0.0183397 0.8441685
1740549603.680582 -15.5769997 -1.0151386 24.9691257 -0.0540145 -0.5312997 0.0188190 0.8452509
1740549603.786911 -15.6644173 -1.0058591 25.0232468 -0.0539241 -0.5297565 0.0187861 0.8462254
1740549603.888708 -15.7532215 -1.0062830 25.0650635 -0.0543637 -0.5273969 0.0186570 0.8476728
1740549604.001754 -15.8434029 -0.9988459 25.1103115 -0.0546089 -0.5254255 0.0180674 0.8488931
1740549604.106622 -15.9340916 -0.9842026 25.1492157 -0.0552419 -0.5225255 0.0177146 0.8506478
1740549604.223929 -16.0172024 -0.9696217 25.2018204 -0.0566117 -0.5204910 0.0167747 0.8518232
1740549604.323721 -16.1040745 -0.9489051 25.2509346 -0.0570320 -0.5178423 0.0163366 0.8534166
1740549604.425573 -16.1920166 -0.9349225 25.2976265 -0.0585514 -0.5153660 0.0157699 0.8548222
1740549604.539645 -16.2791519 -0.9178955 25.3486404 -0.0599719 -0.5130181 0.0147483 0.8561532
1740549604.642332 -16.3652706 -0.9072886 25.3985291 -0.0618902 -0.5102557 0.0137514 0.8576827
1740549604.758769 -16.4511909 -0.8972622 25.4473877 -0.0625568 -0.5074638 0.0125968 0.8593069
1740549604.863831 -16.5373840 -0.8912087 25.5020676 -0.0642000 -0.5050066 0.0115728 0.8606468
1740549604.976128 -16.6217632 -0.8754096 25.5550861 -0.0657534 -0.5028567 0.0108053 0.8617975
1740549605.085762 -16.7060356 -0.8567562 25.6066551 -0.0671233 -0.5003192 0.0097303 0.8631805
1740549605.188762 -16.7869301 -0.8279278 25.6585197 -0.0685253 -0.4979963 0.0089737 0.8644209
1740549605.299030 -16.8739586 -0.8193434 25.7080612 -0.0696131 -0.4955290 0.0079709 0.8657606
1740549605.405715 -16.9576759 -0.8065674 25.7659740 -0.0707496 -0.4934756 0.0073441 0.8668462
1740549605.516344 -17.0447140 -0.8154716 25.8148079 -0.0714106 -0.4911740 0.0065539 0.8681046
1740549605.622334 -17.1277409 -0.8107322 25.8669014 -0.0720233 -0.4893016 0.0060341 0.8691146
1740549605.731151 -17.2065239 -0.7744292 25.9206161 -0.0724262 -0.4873014 0.0058059 0.8702058
1740549605.839977 -17.2902126 -0.7446352 25.9722881 -0.0724889 -0.4853461 0.0054469 0.8712949
1740549605.944646 -17.3736801 -0.7278510 26.0272980 -0.0726585 -0.4839160 0.0052691 0.8720770
1740549606.056899 -17.4566803 -0.7114848 26.0826302 -0.0720506 -0.4820598 0.0052996 0.8731546
1740549606.162488 -17.5407486 -0.7028897 26.1379166 -0.0717254 -0.4804990 0.0051658 0.8740421
1740549606.389782 -17.7078667 -0.6717023 26.2490005 -0.0694260 -0.4778185 0.0061549 0.8756893
1740549606.731555 -17.9644432 -0.6414019 26.4078693 -0.0639762 -0.4733654 0.0088667 0.8784952
1740549607.064087 -18.2151432 -0.6297650 26.5724468 -0.0577860 -0.4696422 0.0121903 0.8808793
1740549607.300446 -18.3756561 -0.6223105 26.6973400 -0.0523843 -0.4678135 0.0145674 0.8821532
1740549607.622478 -18.6237602 -0.6175642 26.8700924 -0.0429916 -0.4637980 0.0197492 0.8846768
1740549607.839612 -18.7834759 -0.6204584 26.9908562 -0.0370069 -0.4614861 0.0223640 0.8860931
1740549607.943894 -18.8621044 -0.6196871 27.0558701 -0.0345168 -0.4601420 0.0241581 0.8868452
1740549608.054074 -18.9310379 -0.6203085 27.1269989 -0.0318702 -0.4600328 0.0256236 0.8869598
1740549608.157273 -19.0219746 -0.6165309 27.1725388 -0.0280050 -0.4579650 0.0269387 0.8881205
1740549608.266060 -19.0974064 -0.6157278 27.2311363 -0.0246234 -0.4575895 0.0284077 0.8883685
1740549608.371818 -19.1814270 -0.6191311 27.2893677 -0.0218393 -0.4559118 0.0301793 0.8892450
1740549608.481633 -19.2576599 -0.6222532 27.3553715 -0.0194323 -0.4550962 0.0318581 0.8896600
1740549608.711864 -19.4154263 -0.6427562 27.4858608 -0.0157539 -0.4529155 0.0346843 0.8907393
1740549608.931714 -19.5756569 -0.6461707 27.5981884 -0.0094778 -0.4506704 0.0371821 0.8918654
1740549609.057779 -19.6510048 -0.6499593 27.6548309 -0.0065758 -0.4502522 0.0379229 0.8920715
1740549609.272563 -19.8128490 -0.6656053 27.7759285 -0.0029165 -0.4478545 0.0400429 0.8932046
1740549609.500426 -19.9681396 -0.6761739 27.9032097 0.0012351 -0.4460247 0.0428210 0.8939949
1740549609.603194 -20.0426369 -0.6805264 27.9661064 0.0038272 -0.4450682 0.0442371 0.8943952
1740549609.704701 -20.1116161 -0.6820790 28.0228252 0.0067550 -0.4453452 0.0445812 0.8942229
1740549609.813377 -20.1955833 -0.6792291 28.0795479 0.0095858 -0.4436897 0.0446220 0.8950176
1740549609.917269 -20.2739468 -0.6805274 28.1404953 0.0123965 -0.4419823 0.0459572 0.8957600
1740549610.027174 -20.3337765 -0.6826757 28.1840515 0.0166458 -0.4419302 0.0472531 0.8956494
1740549610.348857 -20.5808830 -0.7254376 28.3715363 0.0210226 -0.4368342 0.0503417 0.8978862
1740549610.558445 -20.7203350 -0.7419298 28.5024643 0.0251157 -0.4354301 0.0534628 0.8982825
1740549610.967629 -20.9921951 -0.8576448 28.7942257 0.0233664 -0.4331417 0.0628931 0.8988252
1740549611.273845 -21.1464272 -0.9423414 29.0200138 0.0243835 -0.4347699 0.0756008 0.8970312
1740549611.574816 -21.3557377 -0.9801015 29.2353973 0.0286923 -0.4313272 0.0807737 0.8981143
1740549611.874399 -21.4883347 -0.9463239 29.4452591 0.0437713 -0.4357701 0.0897032 0.8945065
1740549612.170016 -21.5711842 -0.8566394 29.6401081 0.0683247 -0.4469438 0.0967101 0.8866906
1740549612.467506 -21.5913677 -0.8900378 29.6546936 0.0626885 -0.4407588 0.0963966 0.8902301
1740549612.668312 -21.6029167 -0.8974509 29.6624832 0.0630290 -0.4374928 0.0973664 0.8917102
1740549612.867854 -21.6117172 -0.9131732 29.6811142 0.0594017 -0.4353917 0.1024305 0.8924201
1740549613.073073 -21.6303101 -0.9218967 29.7082825 0.0582714 -0.4339211 0.1036733 0.8930671
1740549613.169233 -21.6369171 -0.9263523 29.7168560 0.0580792 -0.4322808 0.1021139 0.8940542
1740549613.368575 -21.6519089 -0.9362075 29.7446938 0.0567926 -0.4303722 0.0988092 0.8954279
1740549613.564029 -21.6538792 -0.9388704 29.7444401 0.0564277 -0.4260650 0.0945394 0.8979682
1740549613.660677 -21.6568699 -0.9411752 29.7466278 0.0561474 -0.4245781 0.0928438 0.8988665
1740549613.761470 -21.6612988 -0.9442720 29.7505379 0.0568884 -0.4224989 0.0842167 0.9006475
1740549613.858912 -21.6688328 -0.9503440 29.7591190 0.0552511 -0.4208844 0.0816430 0.9017417
1740549613.953841 -21.6710835 -0.9517450 29.7616348 0.0544919 -0.4180174 0.0799475 0.9032722
1740549614.059061 -21.6825924 -0.9582219 29.7750587 0.0527086 -0.4162788 0.0799044 0.9041842
1740549614.153695 -21.6811771 -0.9594325 29.7741547 0.0541195 -0.4158613 0.0790489 0.9043682
1740549614.259520 -21.6802845 -0.9599720 29.7746124 0.0521306 -0.4147036 0.0815410 0.9047952
1740549614.354134 -21.6774750 -0.9600631 29.7733154 0.0518830 -0.4170691 0.0806426 0.9038021
1740549614.448169 -21.6764965 -0.9595002 29.7706470 0.0517717 -0.4147262 0.0824482 0.9047232
1740549614.553466 -21.6766243 -0.9599057 29.7704735 0.0524237 -0.4131354 0.0831216 0.9053518
1740549614.647489 -21.6809502 -0.9601302 29.7770309 0.0510274 -0.4166273 0.0910003 0.9030708
1740549614.748961 -21.6908989 -0.9634712 29.7859993 0.0503497 -0.4155589 0.0923699 0.9034620
1740549614.847327 -21.7035122 -0.9647453 29.8003578 0.0497573 -0.4143111 0.0971636 0.9035650
1740549614.943044 -21.7211971 -0.9434326 29.8520889 0.0540599 -0.4201240 0.0975014 0.9005925
1740549615.057189 -21.7409344 -0.9517555 29.8921642 0.0530280 -0.4231314 0.0965289 0.8993498
1740549615.152833 -21.7929707 -0.9710355 29.9409256 0.0533960 -0.4245282 0.0986517 0.8984389
1740549615.254438 -21.8095360 -0.9686103 29.9650536 0.0539030 -0.4257686 0.0991895 0.8977622
1740549615.349637 -21.8111439 -0.9691000 29.9724102 0.0531184 -0.4262035 0.1023509 0.8972476
1740549615.445628 -21.8182011 -0.9761446 29.9559021 0.0514480 -0.4212876 0.1024640 0.8996505
1740549615.547668 -21.8179855 -0.9675999 29.9565239 0.0517359 -0.4186778 0.1048284 0.9005795
1740549615.643548 -21.8317146 -0.9654801 29.9732628 0.0531870 -0.4185449 0.1043789 0.9006089
1740549615.752803 -21.8400650 -0.9877799 29.9886360 0.0501266 -0.4185061 0.1032773 0.9009295
1740549615.846265 -21.8617134 -0.9900389 30.0015678 0.0510228 -0.4161923 0.1016173 0.9021389
1740549615.944021 -21.8579254 -0.9868181 29.9988327 0.0534442 -0.4146196 0.0966870 0.9032640
1740549616.047260 -21.8584328 -0.9871409 29.9993706 0.0550596 -0.4121408 0.0916778 0.9048224
1740549616.143185 -21.8711395 -0.9585767 29.9895611 0.0572593 -0.4099827 0.0933307 0.9054971
1740549616.241848 -21.8746948 -0.9739392 29.9831333 0.0531316 -0.4074398 0.0888729 0.9073431
1740549616.341248 -21.8984528 -0.9963552 30.0149517 0.0507738 -0.4077218 0.0857621 0.9076507
1740549616.438199 -21.9201984 -1.0108453 30.0494118 0.0506639 -0.4095515 0.0817045 0.9072073
1740549616.539372 -21.9397449 -1.0420588 30.0577335 0.0481131 -0.4090004 0.0808383 0.9076723
1740549616.634068 -21.9410686 -1.0395266 30.0682621 0.0496506 -0.4095299 0.0817575 0.9072683
1740549616.732043 -21.9414120 -1.0517075 30.0745258 0.0461695 -0.4108945 0.0851653 0.9065214
1740549616.839631 -21.9577503 -1.0712296 30.1065502 0.0432485 -0.4120869 0.0836294 0.9062672
1740549616.935308 -21.9692154 -1.0773722 30.1152802 0.0429768 -0.4110486 0.0832781 0.9067838
1740549617.040743 -21.9750652 -1.0813730 30.1283035 0.0430798 -0.4104082 0.0829734 0.9070969
1740549617.138731 -22.0057240 -1.1132445 30.1739464 0.0383274 -0.4109730 0.0795818 0.9073582
1740549617.236179 -22.0578461 -1.1399887 30.2377281 0.0376001 -0.4118043 0.0805828 0.9069233
1740549617.341592 -22.1008911 -1.1430218 30.2693768 0.0398055 -0.4106723 0.0822618 0.9071917
1740549617.436265 -22.1283588 -1.1505328 30.2966537 0.0401754 -0.4112732 0.0829853 0.9068372
1740549617.540739 -22.1894341 -1.1677274 30.3546238 0.0406204 -0.4116156 0.0835274 0.9066122
1740549617.639475 -22.2477188 -1.1788173 30.4410477 0.0436754 -0.4126278 0.0845415 0.9059159
1740549617.739789 -22.2955971 -1.1894807 30.5226669 0.0456816 -0.4140992 0.0849625 0.9051058
1740549617.843270 -22.3506126 -1.2099885 30.5945015 0.0470633 -0.4147675 0.0845087 0.9047714
1740549617.938823 -22.3797760 -1.2204045 30.6501141 0.0479363 -0.4166590 0.0838810 0.9039145
1740549618.040628 -22.4268627 -1.2326388 30.7059059 0.0503087 -0.4163049 0.0865215 0.9036998
1740549618.141452 -22.4811306 -1.2495768 30.7713413 0.0526518 -0.4179536 0.0865945 0.9027979
1740549618.241658 -22.5491772 -1.2714812 30.8092346 0.0536430 -0.4171689 0.0888420 0.9028841
1740549618.342637 -22.6144028 -1.2927339 30.8858299 0.0577378 -0.4179502 0.0895912 0.9021959
1740549618.441358 -22.6607952 -1.3162196 30.9565392 0.0604271 -0.4212521 0.0881237 0.9006273
1740549618.545709 -22.7023430 -1.3527381 31.0266228 0.0612411 -0.4248192 0.0880467 0.8989027
1740549618.645109 -22.7438850 -1.3624890 31.0808353 0.0661211 -0.4273286 0.0883977 0.8973317
1740549618.757622 -22.7945976 -1.3812487 31.1457634 0.0699758 -0.4310767 0.0884362 0.8952404
1740549618.858716 -22.8395195 -1.4047990 31.2015114 0.0734850 -0.4351268 0.0891797 0.8929231
1740549618.955652 -22.8840752 -1.4201198 31.2618484 0.0793828 -0.4383302 0.0878024 0.8909858
1740549619.074203 -22.9070435 -1.4288733 31.3061218 0.0835495 -0.4427742 0.0862110 0.8885597
1740549619.176067 -22.9413033 -1.4365370 31.3647137 0.0891587 -0.4488623 0.0861996 0.8849537
1740549619.280278 -22.9937057 -1.4577045 31.4385166 0.0937478 -0.4504885 0.0846982 0.8837973
1740549619.384351 -23.0598888 -1.4758806 31.4975929 0.0983023 -0.4515398 0.0867867 0.8825625
1740549619.487283 -23.1234627 -1.5139050 31.5574913 0.1009681 -0.4529634 0.0877591 0.8814352
1740549619.594655 -23.1751461 -1.5401754 31.6308613 0.1047953 -0.4560222 0.0885193 0.8793328
1740549619.695069 -23.2466354 -1.5645792 31.6979694 0.1089070 -0.4561230 0.0906188 0.8785667
1740549619.803017 -23.3197632 -1.5945945 31.7468987 0.1119309 -0.4556927 0.0916772 0.8783001
1740549619.906075 -23.3841438 -1.6254063 31.8120632 0.1149923 -0.4565350 0.0925174 0.8773785
1740549620.013335 -23.4446831 -1.6609814 31.8762283 0.1175047 -0.4575478 0.0927639 0.8764916
1740549620.115288 -23.5315247 -1.6900413 31.9148636 0.1196316 -0.4553829 0.0948965 0.8771029
1740549620.215356 -23.6059399 -1.7328026 31.9702244 0.1209708 -0.4537785 0.0960561 0.8776243
1740549620.324522 -23.6822262 -1.7662566 32.0185089 0.1233467 -0.4522436 0.0970700 0.8779742
1740549620.426030 -23.7522411 -1.7948370 32.0779724 0.1251989 -0.4521928 0.0978754 0.8776488
1740549620.529843 -23.8306885 -1.8292177 32.1383438 0.1260958 -0.4504044 0.0994460 0.8782632
1740549620.634164 -23.9054222 -1.8660140 32.1953239 0.1273397 -0.4489016 0.0998748 0.8788043
1740549620.737197 -23.9645081 -1.8888679 32.2641487 0.1282676 -0.4489287 0.0997943 0.8786647
1740549620.846714 -24.0364246 -1.9135027 32.3243484 0.1288306 -0.4479091 0.1001677 0.8790600
1740549620.949138 -24.1113358 -1.9481957 32.3764648 0.1296706 -0.4454269 0.1004942 0.8801599
1740549621.060401 -24.1881237 -1.9808664 32.4390945 0.1300169 -0.4432034 0.1016589 0.8810970
1740549621.161922 -24.2599792 -2.0128870 32.5026169 0.1301719 -0.4410504 0.1020107 0.8821132
1740549621.268264 -24.3362198 -2.0446668 32.5589218 0.1301673 -0.4381754 0.1031135 0.8834175
1740549621.377157 -24.4113407 -2.0804911 32.6121597 0.1308874 -0.4351970 0.1035786 0.8847280
1740549621.478189 -24.4841385 -2.1207213 32.6716080 0.1303314 -0.4328970 0.1032678 0.8859739
1740549621.584529 -24.5506420 -2.1442752 32.7378273 0.1301946 -0.4312572 0.1036478 0.8867490
1740549621.688830 -24.6225281 -2.1785204 32.7988739 0.1293237 -0.4282971 0.1043395 0.8882287
1740549621.796913 -24.6937733 -2.2171164 32.8644714 0.1280328 -0.4250804 0.1041448 0.8899821
1740549621.900149 -24.7441959 -2.2384164 32.9400940 0.1275691 -0.4243366 0.1047708 0.8903301
1740549622.012600 -24.7815399 -2.2629843 33.0266571 0.1269906 -0.4252944 0.1054042 0.8898809
1740549622.111900 -24.8551846 -2.2921047 33.0844917 0.1253213 -0.4217274 0.1057405 0.8917733
1740549622.213149 -24.9286537 -2.3197954 33.1428375 0.1244150 -0.4182743 0.1052127 0.8935871
1740549622.329160 -24.9705467 -2.3433831 33.2324333 0.1226371 -0.4183740 0.1061552 0.8936747
1740549622.430175 -25.0388908 -2.3746302 33.3013649 0.1203591 -0.4147075 0.1062775 0.8956766
1740549622.544734 -25.1078033 -2.4018564 33.3673706 0.1196065 -0.4112563 0.1057714 0.8974268
1740549622.644675 -25.1752892 -2.4269090 33.4339638 0.1178534 -0.4078386 0.1058041 0.8992128
1740549622.747260 -25.2481575 -2.4515789 33.4997406 0.1163092 -0.4039797 0.1059435 0.9011374
1740549622.861282 -25.3074837 -2.4740925 33.5748138 0.1146586 -0.4017560 0.1058941 0.9023480
1740549622.963896 -25.3855457 -2.5015028 33.6373940 0.1123787 -0.3967560 0.1057108 0.9048651
1740549623.081765 -25.4463291 -2.5289648 33.7114906 0.1106062 -0.3936261 0.1056319 0.9064583
1740549623.189873 -25.5055084 -2.5561442 33.7877388 0.1090788 -0.3902536 0.1054565 0.9081206
1740549623.302645 -25.5724068 -2.5807214 33.8585243 0.1073335 -0.3861638 0.1060100 0.9100104
1740549623.410612 -25.6418438 -2.6030543 33.9277306 0.1052764 -0.3821087 0.1059746 0.9119645
1740549623.524911 -25.7073956 -2.6221037 34.0011063 0.1038943 -0.3783368 0.1059449 0.9136974
1740549623.626317 -25.7734947 -2.6494851 34.0737648 0.1019145 -0.3740089 0.1055759 0.9157426
1740549623.729157 -25.8407993 -2.6746938 34.1486435 0.1001054 -0.3698601 0.1052894 0.9176582
1740549623.944000 -25.9627380 -2.7273936 34.2978363 0.0965363 -0.3618298 0.1051526 0.9212507
1740549624.275217 -26.1500854 -2.7942264 34.5219116 0.0929563 -0.3491071 0.1062124 0.9263921
1740549624.479008 -26.2579918 -2.8364310 34.6847229 0.0910097 -0.3420924 0.1069684 0.9291114
1740549624.803878 -26.4436340 -2.8983135 34.9207878 0.0884991 -0.3295701 0.1079441 0.9337556
1740549625.026745 -26.5546474 -2.9526610 35.0776024 0.0871566 -0.3222214 0.1081259 0.9364219
1740549625.231873 -26.6552315 -3.0138450 35.2442970 0.0854245 -0.3155897 0.1083507 0.9388109
1740549625.444635 -26.7614441 -3.0654697 35.4021835 0.0839756 -0.3082076 0.1088782 0.9413298
1740549625.777746 -26.9194851 -3.1272078 35.6562119 0.0821149 -0.2979707 0.1095610 0.9447048
1740549625.999493 -27.0166664 -3.1663318 35.8288574 0.0805298 -0.2929622 0.1095840 0.9464034
1740549626.210153 -27.1184158 -3.2067401 35.9863129 0.0779970 -0.2867120 0.1103346 0.9484403
1740549626.414947 -27.2104549 -3.2420635 36.1619453 0.0757513 -0.2824811 0.1099955 0.9499301
1740549626.726050 -27.3537769 -3.2970417 36.4113617 0.0715233 -0.2754667 0.1095084 0.9523709
1740549627.043572 -27.5093613 -3.3277600 36.6712646 0.0692805 -0.2711649 0.1095765 0.9537625
1740549627.243398 -27.6192970 -3.3603110 36.8307114 0.0669124 -0.2661562 0.1099919 0.9552934
1740549627.442278 -27.7121315 -3.3951516 37.0091896 0.0669836 -0.2634119 0.1092119 0.9561381
1740549627.640780 -27.8133392 -3.4261622 37.1833229 0.0674614 -0.2600844 0.1101820 0.9569039
1740549627.845388 -27.8285675 -3.4715543 37.3437843 0.0687279 -0.2580675 0.1109803 0.9572675
1740549627.944180 -27.8298378 -3.4963965 37.4150581 0.0682136 -0.2583647 0.1086323 0.9574934
1740549628.144665 -27.8434525 -3.5606875 37.5891228 0.0676808 -0.2567739 0.1057153 0.9582853
1740549628.243753 -27.8631668 -3.5855665 37.6757660 0.0688580 -0.2543983 0.1067920 0.9587156
1740549628.448303 -27.9761581 -3.6168122 37.8440285 0.0726943 -0.2452242 0.1075996 0.9607304
1740549628.656731 -28.0752068 -3.6487751 38.0129166 0.0788243 -0.2351788 0.1113721 0.9623274
1740549628.754553 -28.0851536 -3.6802919 38.1015511 0.0801049 -0.2307715 0.1105737 0.9633801
1740549628.863061 -28.0942020 -3.7069991 38.1868210 0.0813433 -0.2287714 0.1098808 0.9638326
1740549628.960029 -28.1058464 -3.7344756 38.2636337 0.0824773 -0.2238527 0.1106191 0.9648061
1740549629.065217 -28.1201153 -3.7666492 38.3419991 0.0838521 -0.2191465 0.1112597 0.9656940
1740549629.264604 -28.1803398 -3.8100948 38.5312843 0.0886494 -0.2089835 0.1136561 0.9672381
1740549629.373502 -28.2068634 -3.8393281 38.6187363 0.0905474 -0.2026300 0.1138360 0.9683923
1740549629.471020 -28.2343121 -3.8649120 38.7008171 0.0918369 -0.1969466 0.1144971 0.9693649
1740549629.678558 -28.3124828 -3.9011335 38.8808022 0.0963548 -0.1859632 0.1183727 0.9706293
1740549629.787175 -28.3305988 -3.9347730 38.9730721 0.0962502 -0.1815955 0.1174690 0.9715760
1740549629.882483 -28.3526459 -3.9526711 39.0554428 0.0976778 -0.1756606 0.1188639 0.9723548
1740549629.981311 -28.3753891 -3.9747801 39.1473846 0.0989641 -0.1704796 0.1207402 0.9729155
1740549630.094164 -28.4043999 -4.0039358 39.2366142 0.0987145 -0.1646378 0.1207555 0.9739445
1740549630.192051 -28.4251881 -4.0276752 39.3283882 0.0997839 -0.1599313 0.1214720 0.9745305
1740549630.295244 -28.4503975 -4.0482287 39.4243050 0.1001356 -0.1554155 0.1224659 0.9751005
1740549630.392033 -28.4808636 -4.0630159 39.5145416 0.1009993 -0.1505268 0.1227303 0.9757449
1740549630.487705 -28.4980602 -4.0901008 39.6145782 0.0998923 -0.1474300 0.1237368 0.9762045
1740549630.590472 -28.5207939 -4.1160860 39.7073860 0.0995260 -0.1435313 0.1242732 0.9767546
1740549630.687453 -28.5207100 -4.1455092 39.7987900 0.0988777 -0.1424672 0.1235626 0.9770663
1740549630.800888 -28.5501518 -4.1627364 39.8958664 0.0984060 -0.1380952 0.1242229 0.9776577
1740549630.896248 -28.5789223 -4.1733642 39.9929276 0.0986561 -0.1346591 0.1244296 0.9780855
1740549630.995912 -28.6127357 -4.1953940 40.0788994 0.0975117 -0.1318997 0.1248206 0.9785264
1740549631.100505 -28.6373940 -4.2117538 40.1713409 0.0967720 -0.1294087 0.1247425 0.9789422
1740549631.201226 -28.6607075 -4.2290206 40.2664032 0.0962645 -0.1262445 0.1250723 0.9793633
1740549631.308718 -28.6730385 -4.2530923 40.3637085 0.0950827 -0.1242068 0.1252689 0.9797141
1740549631.407585 -28.6951370 -4.2665496 40.4566956 0.0960766 -0.1217210 0.1252859 0.9799269
1740549631.506662 -28.7193069 -4.2938948 40.5537186 0.0945906 -0.1191739 0.1255694 0.9803482
1740549631.614023 -28.7400341 -4.3117552 40.6493759 0.0933382 -0.1164166 0.1253995 0.9808211
1740549631.712364 -28.7508278 -4.3267064 40.7464180 0.0930027 -0.1147535 0.1254041 0.9810484
1740549631.814425 -28.7631435 -4.3456054 40.8435974 0.0928429 -0.1132807 0.1256958 0.9811974
1740549631.915447 -28.7816353 -4.3617716 40.9393997 0.0927858 -0.1105661 0.1257230 0.9815089
1740549632.015391 -28.7993736 -4.3752871 41.0367126 0.0927037 -0.1077694 0.1262098 0.9817652
1740549632.118543 -28.8136692 -4.3972654 41.1348534 0.0918985 -0.1059450 0.1260067 0.9820656
1740549632.215508 -28.8410740 -4.4109607 41.2313347 0.0921588 -0.1035710 0.1268226 0.9821894
1740549632.319440 -28.8562775 -4.4298019 41.3269157 0.0928155 -0.1016005 0.1267706 0.9823400
1740549632.420449 -28.8721733 -4.4606953 41.4232597 0.0929398 -0.0987497 0.1272542 0.9825564
1740549632.520519 -28.8859673 -4.4839897 41.5201340 0.0932678 -0.0968093 0.1271851 0.9827273
1740549632.629722 -28.9117584 -4.4991994 41.6160736 0.0945455 -0.0942526 0.1277623 0.9827789
1740549632.835118 -28.9253025 -4.5382876 41.8134460 0.0971371 -0.0889960 0.1284776 0.9829230
1740549633.045254 -28.9434814 -4.5748539 42.0089188 0.1006979 -0.0835516 0.1288166 0.9829981
1740549633.376445 -28.9815960 -4.6540327 42.3002129 0.1068816 -0.0747096 0.1301071 0.9828871
1740549633.480268 -28.9972305 -4.6788797 42.3963051 0.1091120 -0.0710436 0.1310096 0.9827939
1740549633.697433 -29.0076656 -4.7218280 42.5926399 0.1148435 -0.0650785 0.1322281 0.9823908
1740549633.916716 -29.0187397 -4.7795725 42.7867165 0.1210459 -0.0588988 0.1331486 0.9819115
1740549634.130187 -29.0168381 -4.8310518 42.9801445 0.1280359 -0.0529204 0.1345133 0.9811791
1740549634.443398 -29.0175514 -4.9236445 43.2673111 0.1402095 -0.0443744 0.1360022 0.9797324
1740549634.646683 -29.0242119 -4.9889321 43.4596786 0.1484062 -0.0382320 0.1372912 0.9786036
1740549634.850532 -29.0224857 -5.0594702 43.6488724 0.1582004 -0.0333686 0.1378364 0.9771696
1740549635.163154 -29.0161533 -5.1675863 43.9301910 0.1735563 -0.0265754 0.1389489 0.9746103
1740549635.463416 -29.0080395 -5.2935009 44.2041626 0.1896003 -0.0205525 0.1400770 0.9716007
1740549635.770038 -28.9833279 -5.4281359 44.4759140 0.2069955 -0.0165391 0.1408844 0.9680036
1740549636.181538 -28.9742126 -5.6281147 44.8254204 0.2290878 -0.0095640 0.1417824 0.9629772
1740549636.581309 -28.9542141 -5.8411989 45.1699142 0.2501001 -0.0029112 0.1423665 0.9576917
1740549637.098612 -28.9043388 -6.1245294 45.5903130 0.2737795 0.0041349 0.1437933 0.9509738
1740549637.706130 -28.8008060 -6.4859776 46.0630226 0.2915359 0.0155492 0.1456533 0.9452778
1740549638.009745 -28.7654514 -6.6671491 46.3135223 0.2950715 0.0217846 0.1474760 0.9437739
1740549638.314052 -28.7196312 -6.8465877 46.5554390 0.2943223 0.0283782 0.1498082 0.9434652
1740549638.610124 -28.6719189 -7.0211868 46.7952042 0.2886106 0.0346255 0.1519566 0.9446768
1740549638.808581 -28.6378727 -7.1267648 46.9634399 0.2838011 0.0372795 0.1532051 0.9458305
1740549639.002820 -28.5965157 -7.2265325 47.1337891 0.2761938 0.0385980 0.1544503 0.9478251
1740549639.205420 -28.5536270 -7.3168530 47.3073120 0.2677077 0.0388539 0.1551730 0.9501286
1740549639.410666 -28.5103321 -7.3978124 47.4857979 0.2576055 0.0376831 0.1560653 0.9528185
1740549639.615287 -28.4523315 -7.4754758 47.6632576 0.2462469 0.0329359 0.1550335 0.9561602
1740549639.821453 -28.3954449 -7.5421433 47.8425560 0.2347164 0.0257606 0.1544490 0.9593697
1740549640.116367 -28.3705482 -7.6357985 48.1249390 0.2180104 0.0075553 0.1512590 0.9641240
1740549640.324592 -28.3551235 -7.7027903 48.3155861 0.2070839 -0.0104699 0.1474729 0.9670876
1740549640.635535 -28.3944874 -7.8033142 48.5968704 0.1927934 -0.0434440 0.1410320 0.9700791
1740549640.840229 -28.4422722 -7.8671188 48.7776604 0.1853908 -0.0685641 0.1355967 0.9708465
1740549641.043533 -28.5200481 -7.9405217 48.9497147 0.1783617 -0.0960661 0.1295759 0.9706537
1740549641.248886 -28.5963898 -8.0057259 49.1223679 0.1733586 -0.1253220 0.1229791 0.9690807
1740549641.466483 -28.6756859 -8.0742521 49.2926369 0.1693292 -0.1549693 0.1170330 0.9662378
1740549641.681064 -28.7661228 -8.1422539 49.4579086 0.1667542 -0.1845647 0.1109678 0.9621929
1740549641.890509 -28.8604259 -8.2074718 49.6224785 0.1657166 -0.2138491 0.1047820 0.9569887
1740549642.104654 -28.9719849 -8.2742825 49.7723999 0.1653805 -0.2416658 0.0995396 0.9509673
1740549642.321831 -29.1029549 -8.3397713 49.9085159 0.1670761 -0.2682208 0.0944526 0.9440455
1740549642.552773 -29.2213249 -8.4244785 50.0486565 0.1687351 -0.2928181 0.0900813 0.9368412
1740549642.760035 -29.3670406 -8.4998837 50.1653442 0.1707341 -0.3146298 0.0858028 0.9297827
1740549642.964132 -29.5056839 -8.5729923 50.2863083 0.1747352 -0.3354695 0.0819858 0.9220662
1740549643.166798 -29.6489582 -8.6556234 50.4036484 0.1765625 -0.3522532 0.0794457 0.9156592
1740549643.369634 -29.7957954 -8.7295446 50.5134430 0.1788973 -0.3671348 0.0778610 0.9094754
1740549643.469826 -29.8691559 -8.7499399 50.5727997 0.1837178 -0.3735484 0.0747019 0.9061617
1740549643.681568 -30.0141411 -8.8394976 50.6789360 0.1836109 -0.3846125 0.0743577 0.9015716
1740549643.890033 -30.1599541 -8.9216194 50.7933044 0.1862196 -0.3915632 0.0738283 0.8980812
1740549644.100193 -30.2899799 -8.9988499 50.9140701 0.1889261 -0.3987367 0.0755741 0.8942062
1740549644.296247 -30.4277306 -9.0776567 51.0368118 0.1915635 -0.4020179 0.0765563 0.8920898
1740549644.499808 -30.5625076 -9.1650705 51.1442337 0.1926565 -0.4021956 0.0774703 0.8916953
1740549644.703569 -30.6970520 -9.2428923 51.2528801 0.1946742 -0.4012565 0.0799139 0.8914645
1740549644.902162 -30.8199883 -9.3350792 51.3712921 0.1975423 -0.3999205 0.0800795 0.8914191
1740549645.105384 -30.9405365 -9.4187899 51.4777222 0.1961202 -0.3953712 0.0809755 0.8936786
1740549645.303426 -31.0574341 -9.5023670 51.5995102 0.1982467 -0.3919547 0.0797027 0.8948281
1740549645.507326 -31.1674232 -9.6004362 51.7260818 0.1986580 -0.3874016 0.0773219 0.8969260
1740549645.716765 -31.2979088 -9.6778173 51.8410492 0.1984672 -0.3815857 0.0796108 0.8992583
1740549645.917618 -31.4170456 -9.7564707 51.9771881 0.1970881 -0.3765905 0.0804030 0.9015937
1740549646.015891 -31.4695702 -9.8029175 52.0368767 0.1963684 -0.3740989 0.0787892 0.9029296
1740549646.220241 -31.5979347 -9.8852901 52.1717529 0.1934587 -0.3685279 0.0794036 0.9057903
1740549646.336909 -31.6549568 -9.9271507 52.2325020 0.1921096 -0.3652101 0.0784566 0.9075022
1740549646.535317 -31.7718163 -10.0076332 52.3638916 0.1880688 -0.3600266 0.0779180 0.9104613
1740549646.744200 -31.8976593 -10.0843296 52.4953690 0.1839235 -0.3546934 0.0773511 0.9134449
1740549646.951820 -32.0091553 -10.1491547 52.6228867 0.1802188 -0.3496525 0.0762706 0.9162135
1740549647.153473 -32.1103821 -10.2163458 52.7627144 0.1741692 -0.3466509 0.0752791 0.9186029
1740549647.364696 -32.2057724 -10.2852249 52.9016800 0.1703317 -0.3435678 0.0718945 0.9207494
1740549647.463601 -32.2753372 -10.3141527 52.9612732 0.1674667 -0.3392567 0.0720533 0.9228587
1740549647.670778 -32.3694534 -10.3752880 53.1103134 0.1626819 -0.3384447 0.0701302 0.9241599
1740549647.879328 -32.4810944 -10.4395905 53.2518921 0.1562245 -0.3348269 0.0669057 0.9268271
1740549648.086280 -32.5921555 -10.4986725 53.4027786 0.1506556 -0.3335762 0.0650742 0.9283292
1740549648.288701 -32.6996422 -10.5488224 53.5501099 0.1459424 -0.3332433 0.0624179 0.9293835
1740549648.495223 -32.8216057 -10.6026392 53.6900444 0.1403742 -0.3324948 0.0606504 0.9306255
1740549648.699824 -32.9364929 -10.6561241 53.8495941 0.1342427 -0.3362670 0.0571348 0.9303973
1740549648.904836 -33.0666885 -10.7088852 53.9947128 0.1284881 -0.3381102 0.0553339 0.9306506
1740549649.006163 -33.1208344 -10.7293310 54.0711517 0.1276343 -0.3413005 0.0552648 0.9296070
1740549649.119499 -33.1367874 -10.7520504 54.1375504 0.1240611 -0.3460451 0.0520546 0.9285214
1740549649.216774 -33.1397705 -10.7622433 54.1931763 0.1235668 -0.3503192 0.0462506 0.9272910
1740549649.320224 -33.1346931 -10.7806625 54.2408333 0.1208025 -0.3553063 0.0410835 0.9260002
1740549649.423973 -33.1413612 -10.7871742 54.2851410 0.1189711 -0.3605170 0.0362282 0.9244246
1740549649.525301 -33.1216240 -10.7996645 54.3429413 0.1166286 -0.3696001 0.0299387 0.9213562
1740549649.652052 -33.1029816 -10.8040447 54.4005737 0.1146565 -0.3792258 0.0246243 0.9178427
1740549649.751437 -33.0808640 -10.8064709 54.4702911 0.1130279 -0.3908572 0.0188378 0.9132910
1740549649.854495 -33.0823364 -10.8441429 54.5238800 0.1068024 -0.3980955 0.0121832 0.9110240
1740549649.958183 -33.0718269 -10.8394775 54.5702972 0.1060526 -0.4067082 0.0065036 0.9073583
1740549650.056503 -33.0585327 -10.8458643 54.6160202 0.1030175 -0.4166318 0.0010431 0.9032189
1740549650.158216 -33.0495186 -10.8353977 54.6760674 0.1043870 -0.4271802 -0.0046015 0.8981087
1740549650.257781 -33.0435371 -10.8355742 54.7246857 0.1037152 -0.4359318 -0.0099191 0.8939286
1740549650.368215 -33.0365295 -10.8461189 54.7811737 0.1027448 -0.4455774 -0.0159657 0.8891847
1740549650.469107 -33.0331078 -10.8319664 54.8281708 0.1054189 -0.4539109 -0.0210233 0.8845393
1740549650.564791 -33.0365028 -10.8110256 54.8761597 0.1090451 -0.4612864 -0.0276645 0.8800902
1740549650.674701 -33.0354538 -10.7626677 54.9402390 0.1177684 -0.4692721 -0.0327300 0.8745531
1740549650.775154 -33.0431480 -10.7373104 54.9886475 0.1236526 -0.4761248 -0.0374637 0.8698343
1740549650.881970 -33.0498009 -10.6973200 55.0387878 0.1306471 -0.4824189 -0.0424195 0.8651034
1740549650.980436 -33.0683861 -10.6896582 55.0410233 0.1349766 -0.4837352 -0.0512897 0.8632213
1740549651.095987 -33.0983505 -10.7017536 55.0801811 0.1329080 -0.4880683 -0.0560544 0.8608035
1740549651.191947 -33.0974884 -10.6866713 55.1226921 0.1360749 -0.4961529 -0.0591547 0.8554628
1740549651.290850 -33.1174011 -10.6073122 55.1532745 0.1487171 -0.4996240 -0.0603984 0.8512409
1740549651.400609 -33.1399765 -10.5463228 55.1473770 0.1589858 -0.4999690 -0.0626804 0.8490145
1740549651.501920 -33.1540222 -10.5178785 55.1574631 0.1654464 -0.5026069 -0.0663224 0.8459405
1740549651.605497 -33.1725540 -10.4585915 55.1801529 0.1736226 -0.5053619 -0.0646111 0.8427870
1740549651.714925 -33.1867790 -10.4204168 55.2022820 0.1817233 -0.5094124 -0.0678298 0.8383763
1740549651.816501 -33.2009354 -10.3851500 55.2352448 0.1900338 -0.5148171 -0.0691529 0.8331078
1740549651.928633 -33.2340927 -10.3066978 55.2451019 0.2021979 -0.5146597 -0.0691432 0.8303376
1740549652.029412 -33.2527275 -10.2483406 55.3050919 0.2115613 -0.5211607 -0.0666979 0.8241266
1740549652.135803 -33.2760010 -10.1786232 55.3362999 0.2237113 -0.5248040 -0.0643328 0.8187767
1740549652.235466 -33.2915382 -10.1421242 55.3581429 0.2322044 -0.5284356 -0.0647693 0.8140282
1740549652.339200 -33.3244591 -10.0238514 55.3829308 0.2538020 -0.5269784 -0.0623245 0.8086990
1740549652.440713 -33.3397598 -9.9939098 55.4284897 0.2603405 -0.5324122 -0.0596165 0.8032472
1740549652.540389 -33.3717117 -9.9668112 55.4540901 0.2652958 -0.5343257 -0.0543514 0.8007247
1740549652.652171 -33.4098396 -9.9085484 55.4852982 0.2785605 -0.5350983 -0.0502798 0.7959559
1740549652.751279 -33.4476929 -9.8647137 55.5167236 0.2872289 -0.5380405 -0.0470342 0.7910751
1740549652.853428 -33.4947052 -9.8454151 55.5742378 0.2949409 -0.5431730 -0.0379547 0.7851958
1740549652.953707 -33.5754166 -9.8429279 55.5800056 0.3043013 -0.5426527 -0.0414450 0.7817999
1740549653.052607 -33.5996513 -9.8157406 55.6303558 0.3119340 -0.5486134 -0.0366778 0.7748389
1740549653.156767 -33.6060753 -9.8263311 55.6712379 0.3153761 -0.5544984 -0.0368263 0.7692291
1740549653.256675 -33.6623726 -9.7939329 55.7172508 0.3259050 -0.5556660 -0.0300909 0.7642746
1740549653.366024 -33.7410583 -9.8087473 55.7129822 0.3316072 -0.5520356 -0.0295269 0.7644746
1740549653.464716 -33.8056984 -9.8131981 55.7842712 0.3414827 -0.5597994 -0.0250858 0.7545760
1740549653.563357 -33.8710556 -9.8330545 55.8029594 0.3475923 -0.5618608 -0.0224217 0.7503262
1740549653.677867 -33.9441299 -9.8554659 55.8423615 0.3573581 -0.5664720 -0.0194863 0.7423106
1740549653.785865 -33.9641457 -9.8375912 55.8732567 0.3638783 -0.5696592 -0.0161779 0.7367626
1740549653.888787 -33.9784737 -9.8037300 55.9149857 0.3742143 -0.5697940 -0.0130419 0.7315247
1740549653.989970 -33.9683380 -9.8082638 55.9310646 0.3808739 -0.5710874 -0.0147194 0.7270334
1740549654.097219 -33.9945107 -9.7773380 55.9524422 0.3885081 -0.5722421 -0.0080415 0.7221743
1740549654.197119 -33.9938812 -9.7817631 55.9557076 0.3929906 -0.5729830 -0.0060510 0.7191747
1740549654.296767 -34.0008125 -9.7781544 55.9193573 0.3970556 -0.5665585 -0.0036239 0.7220424
1740549654.407119 -34.0503159 -9.7252960 55.8002663 0.4006681 -0.5510597 0.0076395 0.7319426
1740549654.507953 -34.1014977 -9.7028522 55.7821236 0.4064455 -0.5459992 0.0169804 0.7323923
1740549654.615599 -34.1577492 -9.6697369 55.8182869 0.4148205 -0.5475533 0.0286720 0.7261454
1740549654.715942 -34.2323036 -9.6819229 55.7976685 0.4162265 -0.5462016 0.0375696 0.7259530
1740549654.815002 -34.3202667 -9.6826153 55.8320236 0.4248034 -0.5436742 0.0431130 0.7225661
1740549655.025707 -34.4864998 -9.8189907 55.8312454 0.4218748 -0.5400183 0.0437069 0.7269744
1740549655.135587 -34.5679436 -9.8617973 55.8749695 0.4245944 -0.5418051 0.0461527 0.7239038
1740549655.345828 -34.7095451 -10.0046597 55.8716507 0.4198790 -0.5378712 0.0426074 0.7297813
1740549655.553084 -34.8991966 -10.0718327 55.9502029 0.4268136 -0.5370115 0.0514233 0.7258130
1740549655.772427 -35.0677795 -10.1738472 55.9658203 0.4274215 -0.5314324 0.0535241 0.7294009
1740549655.985913 -35.2279854 -10.2805614 56.0061989 0.4292768 -0.5282071 0.0566596 0.7304167
1740549656.199417 -35.3952637 -10.3878365 56.0613518 0.4320004 -0.5259869 0.0586057 0.7302595
1740549656.296118 -35.4800034 -10.4177113 56.1184578 0.4331433 -0.5256088 0.0590818 0.7298163
