1740549551.999291 0.0000000 0.0000000 0.0000000 -0.0000000 -0.0000000 -0.0000000 1.0000000
1740549552.261147 0.0058344 0.0493184 0.0832886 0.0013941 -0.0002999 -0.0001929 0.9999990
1740549552.384330 -0.0055335 0.0350333 0.1807375 0.0039580 -0.0013298 -0.0001637 0.9999913
1740549552.573975 -0.0126576 0.0047367 0.2707692 0.0068691 -0.0026348 0.0000939 0.9999729
1740549552.758377 -0.0203823 -0.0222312 0.3654120 0.0110950 -0.0044020 -0.0000761 0.9999288
1740549552.940622 -0.0219210 -0.0528286 0.4576340 0.0158046 -0.0065264 0.0001949 0.9998538
1740549553.125874 -0.0281849 -0.0799331 0.5503522 0.0210083 -0.0088058 0.0000512 0.9997405
1740549553.259152 -0.0349185 -0.1048485 0.6461580 0.0266690 -0.0114771 0.0001782 0.9995784
1740549553.366987 -0.0302875 -0.1272576 0.7394213 0.0334455 -0.0149371 0.0004412 0.9993289
1740549553.473751 -0.0321471 -0.1612818 0.8319615 0.0400601 -0.0182994 0.0005958 0.9990295
1740549553.690087 -0.0462053 -0.2105741 1.0213014 0.0548200 -0.0260792 0.0004240 0.9981555
1740549553.924561 -0.0829146 -0.2625550 1.2057797 0.0694813 -0.0345461 0.0004412 0.9969848
1740549554.151511 -0.1216881 -0.3339405 1.3847401 0.0827897 -0.0433212 0.0001846 0.9956250
1740549554.263627 -0.1384206 -0.3540073 1.4760741 0.0896929 -0.0478363 0.0005992 0.9948199
1740549554.393836 -0.1751943 -0.3858535 1.5652326 0.0951900 -0.0517441 0.0004330 0.9941133
1740549554.608032 -0.2185040 -0.4335767 1.7466100 0.1055607 -0.0602956 0.0000433 0.9925832
1740549554.826680 -0.2494474 -0.4788320 1.9341018 0.1135256 -0.0677587 -0.0003939 0.9912218
1740549555.048594 -0.2642743 -0.5359289 2.1207490 0.1193718 -0.0750021 -0.0005533 0.9900125
1740549555.272242 -0.3158782 -0.5948993 2.3005273 0.1232480 -0.0804092 -0.0010394 0.9891124
1740549555.476540 -0.3612296 -0.6532403 2.4788907 0.1252018 -0.0848375 -0.0016150 0.9884961
1740549555.680215 -0.4138695 -0.7047459 2.6584861 0.1262474 -0.0880725 -0.0018671 0.9880796
1740549555.895437 -0.4575257 -0.7479303 2.8432927 0.1263345 -0.0900098 -0.0023064 0.9878930
1740549556.209114 -0.5259787 -0.8032967 3.1171761 0.1260367 -0.0907638 -0.0023916 0.9878618
1740549556.524344 -0.5840466 -0.8871142 3.3894386 0.1254646 -0.0889656 -0.0023016 0.9880984
1740549556.857083 -0.6450389 -0.9649547 3.6578803 0.1247961 -0.0848218 -0.0019652 0.9885481
1740549557.186979 -0.7431817 -1.0044925 3.9320471 0.1257591 -0.0771824 -0.0011188 0.9890532
1740549557.516241 -0.7572042 -1.0796276 4.2050104 0.1269275 -0.0679759 0.0002706 0.9895800
1740549557.843446 -0.7901365 -1.1611714 4.4818602 0.1294400 -0.0575909 0.0014561 0.9899124
1740549558.058881 -0.7968969 -1.2217944 4.6738129 0.1310875 -0.0510220 0.0027192 0.9900532
1740549558.172200 -0.7960656 -1.2321720 4.7662549 0.1331784 -0.0476723 0.0031166 0.9899400
1740549558.275393 -0.8124564 -1.2643043 4.8565693 0.1341024 -0.0437792 0.0035534 0.9899936
1740549558.394297 -0.8264882 -1.2868371 4.9467783 0.1356383 -0.0400152 0.0038314 0.9899426
1740549558.494578 -0.8283290 -1.3153486 5.0349665 0.1371265 -0.0371331 0.0045255 0.9898469
1740549558.596442 -0.8373019 -1.3561420 5.1220694 0.1375133 -0.0341071 0.0049804 0.9899000
1740549558.707198 -0.8428801 -1.3711916 5.2044716 0.1388810 -0.0315268 0.0056311 0.9897911
1740549558.807840 -0.8298680 -1.4145987 5.2930188 0.1390574 -0.0301103 0.0059428 0.9898086
1740549558.922765 -0.8165619 -1.4166275 5.3812203 0.1415556 -0.0291054 0.0060905 0.9894837
1740549559.025853 -0.8491265 -1.4274986 5.4633298 0.1436516 -0.0253610 0.0056694 0.9892871
1740549559.145281 -0.8804927 -1.4293827 5.5449643 0.1464227 -0.0225281 0.0056771 0.9889492
1740549559.245722 -0.8549812 -1.4712813 5.6170564 0.1463249 -0.0231057 0.0063100 0.9889466
1740549559.348489 -0.8401820 -1.4956083 5.7034912 0.1469502 -0.0232687 0.0063778 0.9888496
1740549559.458791 -0.8424322 -1.5328175 5.7823162 0.1474871 -0.0226139 0.0080988 0.9887723
1740549559.562197 -0.8348946 -1.5984882 5.8476982 0.1460304 -0.0230978 0.0079092 0.9889788
1740549559.677922 -0.8483933 -1.6043757 5.9389038 0.1475549 -0.0228104 0.0076196 0.9887615
1740549559.778307 -0.8476778 -1.6391622 6.0320525 0.1478332 -0.0226687 0.0078744 0.9887212
1740549559.896796 -0.8318074 -1.6648047 6.1125436 0.1477649 -0.0237902 0.0072707 0.9887096
1740549559.998777 -0.8227605 -1.6573553 6.2043843 0.1500540 -0.0242577 0.0067872 0.9883569
1740549560.099831 -0.8410243 -1.6857793 6.2893648 0.1509472 -0.0237838 0.0078168 0.9882248
1740549560.203830 -0.8417560 -1.7337483 6.3556027 0.1498064 -0.0244097 0.0075901 0.9883849
1740549560.304772 -0.8267735 -1.7710055 6.4096403 0.1489199 -0.0259167 0.0086652 0.9884716
1740549560.413145 -0.8469161 -1.7815568 6.4902735 0.1495952 -0.0248814 0.0079071 0.9884026
1740549560.513649 -0.8412190 -1.7907610 6.5721378 0.1503329 -0.0266456 0.0071339 0.9882506
1740549560.612265 -0.8271693 -1.8120004 6.6569147 0.1513888 -0.0281391 0.0072682 0.9880470
1740549560.715392 -0.8244660 -1.8298656 6.7464004 0.1526837 -0.0293089 0.0065433 0.9878188
1740549560.814831 -0.8016863 -1.8389260 6.8210244 0.1536047 -0.0317550 0.0055937 0.9876062
1740549560.928106 -0.7773216 -1.8449845 6.8948359 0.1567830 -0.0339124 0.0053715 0.9870360
1740549561.025623 -0.7582982 -1.8443230 6.9584379 0.1593367 -0.0360153 0.0049086 0.9865549
1740549561.129512 -0.7618425 -1.8776164 6.9873772 0.1582941 -0.0367784 0.0048397 0.9866949
1740549561.240496 -0.7547677 -1.8955847 7.0406733 0.1614059 -0.0369873 0.0047758 0.9861832
1740549561.341023 -0.7318417 -1.9094697 7.0909514 0.1627247 -0.0388263 0.0036560 0.9859005
1740549561.447739 -0.7116554 -1.9253957 7.1488013 0.1656250 -0.0411834 0.0048331 0.9853167
1740549561.546558 -0.7116076 -1.9631937 7.2314992 0.1662334 -0.0404312 0.0043285 0.9852477
1740549561.651367 -0.7331625 -1.9647831 7.2820134 0.1680653 -0.0373568 0.0049232 0.9850555
1740549561.754213 -0.7370040 -1.9633033 7.3318954 0.1716490 -0.0370522 0.0056485 0.9844450
1740549561.856342 -0.7310456 -1.9574349 7.3814516 0.1745262 -0.0356157 0.0068865 0.9839841
1740549561.962205 -0.7214624 -1.9666932 7.4079695 0.1731449 -0.0360187 0.0065068 0.9842160
1740549562.375752 -0.7340446 -1.9803034 7.4188943 0.1691885 -0.0290971 0.0083172 0.9851190
1740549562.480711 -0.7036893 -2.0045919 7.4646215 0.1682289 -0.0306249 0.0079988 0.9852397
1740549562.579774 -0.6793359 -2.0308235 7.5019960 0.1647753 -0.0328266 0.0078958 0.9857531
1740549562.685141 -0.6804920 -2.0446200 7.5213265 0.1618597 -0.0303293 0.0081074 0.9863143
1740549562.788571 -0.6938608 -2.0566154 7.5314865 0.1577207 -0.0278370 0.0078187 0.9870604
1740549562.900672 -0.6965784 -2.0627816 7.5435834 0.1562014 -0.0269973 0.0076459 0.9873266
1740549563.006756 -0.6898993 -2.0720227 7.5476351 0.1526256 -0.0269453 0.0093001 0.9878730
1740549563.220101 -0.6780691 -2.0911191 7.5487876 0.1425817 -0.0299317 0.0073601 0.9893030
1740549563.328539 -0.6784129 -2.0925591 7.5526972 0.1408377 -0.0301666 0.0084152 0.9895372
1740549563.538834 -0.6777280 -2.1037626 7.5650034 0.1334562 -0.0300356 0.0035101 0.9905933
1740549563.650731 -0.6709304 -2.1036041 7.5686584 0.1325636 -0.0322992 0.0026004 0.9906447
1740549563.757631 -0.6645284 -2.1017790 7.5773516 0.1349851 -0.0367381 0.0036901 0.9901595
1740549563.860615 -0.6642652 -2.1039474 7.5834045 0.1335153 -0.0386332 0.0054488 0.9902785
1740549563.970249 -0.6700999 -2.1071801 7.5894642 0.1303445 -0.0387308 0.0037016 0.9907051
1740549564.079351 -0.6826793 -2.1124468 7.5958161 0.1263680 -0.0377341 0.0048353 0.9912537
1740549564.188178 -0.6981766 -2.1270974 7.6144838 0.1214356 -0.0343387 0.0043352 0.9919957
1740549564.402604 -0.6956143 -2.1277838 7.6114259 0.1160004 -0.0379421 0.0030062 0.9925197
1740549564.510811 -0.6938874 -2.1362238 7.6204944 0.1131854 -0.0369308 0.0023473 0.9928846
1740549564.611849 -0.7076592 -2.1324759 7.6295385 0.1130597 -0.0347899 0.0037533 0.9929718
1740549564.716660 -0.7173706 -2.1327538 7.6369038 0.1131358 -0.0318369 0.0037582 0.9930623
1740549564.818679 -0.7319621 -2.1377017 7.6574178 0.1096223 -0.0279438 0.0037101 0.9935735
1740549564.931425 -0.7415590 -2.1439357 7.6720419 0.1052223 -0.0259404 0.0017377 0.9941089
1740549565.034394 -0.7352526 -2.1566334 7.6916323 0.1028996 -0.0258842 0.0016617 0.9943535
1740549565.151593 -0.7391253 -2.1726487 7.7048278 0.0983132 -0.0241762 0.0017938 0.9948602
1740549565.253798 -0.7382174 -2.1773369 7.7122703 0.0953794 -0.0243340 0.0024497 0.9951405
1740549565.360599 -0.7345556 -2.1821215 7.7169428 0.0918869 -0.0245684 0.0003364 0.9954663
1740549565.470094 -0.7297701 -2.1885474 7.7138519 0.0868098 -0.0234151 -0.0019754 0.9959478
1740549565.576818 -0.7323012 -2.1851122 7.7056952 0.0882336 -0.0186282 -0.0016179 0.9959243
1740549565.686350 -0.7250350 -2.1939714 7.7215495 0.0879194 -0.0144873 -0.0011334 0.9960216
1740549565.793226 -0.7268295 -2.1972985 7.7308121 0.0873726 -0.0097267 -0.0005141 0.9961281
1740549565.902668 -0.7323009 -2.1958501 7.7342515 0.0893869 -0.0049182 -0.0006372 0.9959846
1740549566.011524 -0.7364041 -2.2013607 7.7530227 0.0905146 -0.0020066 -0.0009860 0.9958926
1740549566.118685 -0.7404842 -2.1996055 7.7827578 0.0929955 0.0002609 -0.0008329 0.9956661
1740549566.227209 -0.7477409 -2.2023277 7.8101950 0.0932100 0.0042192 0.0000144 0.9956375
1740549566.329881 -0.7598022 -2.1933768 7.8352246 0.0961100 0.0068617 0.0001111 0.9953471
1740549566.437045 -0.7618401 -2.1906469 7.8541107 0.0980447 0.0102098 0.0004736 0.9951295
1740549566.542111 -0.7693649 -2.1977937 7.8874431 0.0976550 0.0140470 0.0010501 0.9951206
1740549566.652253 -0.7641674 -2.2003596 7.9220228 0.0987085 0.0166244 0.0010411 0.9949770
1740549566.758441 -0.7561585 -2.2049470 7.9725161 0.0982845 0.0186855 0.0020339 0.9949808
1740549566.860478 -0.7620917 -2.2104802 8.0238781 0.0989500 0.0208328 0.0012236 0.9948736
1740549566.969224 -0.7711553 -2.2261083 8.0919056 0.0990054 0.0220961 0.0000747 0.9948416
1740549567.074817 -0.7818013 -2.2171438 8.1571798 0.0999093 0.0237155 0.0002091 0.9947138
1740549567.184999 -0.7994871 -2.2252889 8.2303734 0.0988232 0.0251580 0.0009700 0.9947865
1740549567.294038 -0.8310918 -2.2334361 8.2999973 0.0983661 0.0275014 0.0012961 0.9947694
1740549567.404389 -0.8542919 -2.2421749 8.3727150 0.0973398 0.0291546 0.0011406 0.9948235
1740549567.510867 -0.8725011 -2.2439780 8.4484034 0.0973521 0.0302513 0.0014450 0.9947891
1740549567.613446 -0.8907496 -2.2567112 8.5346498 0.0950921 0.0312926 0.0011882 0.9949758
1740549567.720664 -0.9134834 -2.2604117 8.6172447 0.0944036 0.0324648 0.0013912 0.9950035
1740549567.826075 -0.9394072 -2.2641392 8.6767645 0.0930652 0.0359770 0.0014198 0.9950088
1740549567.935008 -0.9726750 -2.2741299 8.7600355 0.0913366 0.0384942 0.0019894 0.9950738
1740549568.038799 -0.9915901 -2.2916844 8.8414021 0.0902046 0.0406372 0.0014294 0.9950928
1740549568.152957 -0.9976382 -2.2988136 8.9310675 0.0896677 0.0424176 0.0016132 0.9950668
1740549568.261375 -0.9801602 -2.3154082 9.0147848 0.0880218 0.0438443 0.0019308 0.9951513
1740549568.362463 -0.9912746 -2.3260667 9.0840101 0.0873776 0.0476865 0.0010210 0.9950327
1740549568.470711 -0.9665668 -2.3234398 9.1780319 0.0874312 0.0481835 0.0013866 0.9950036
1740549568.578564 -0.9576368 -2.3405535 9.2649479 0.0865058 0.0496614 0.0011161 0.9950122
1740549568.685599 -0.9512909 -2.3524258 9.3655386 0.0854479 0.0500899 0.0015832 0.9950815
1740549568.789665 -0.9364452 -2.3499501 9.4557028 0.0859893 0.0506317 0.0012353 0.9950079
1740549568.903802 -0.9388757 -2.3686602 9.5373716 0.0850697 0.0520464 0.0016070 0.9950135
1740549569.013420 -0.9456891 -2.3855767 9.6351433 0.0843565 0.0529430 0.0011020 0.9950275
1740549569.116627 -0.9292526 -2.4017801 9.7318811 0.0835834 0.0530054 0.0012090 0.9950894
1740549569.226867 -0.9162589 -2.4172347 9.8289633 0.0825752 0.0525998 0.0012072 0.9951950
1740549569.331909 -0.9030998 -2.4290464 9.9299650 0.0819927 0.0517301 0.0013163 0.9952887
1740549569.442826 -0.8938217 -2.4444954 10.0274162 0.0817895 0.0505058 0.0008894 0.9953687
1740549569.543885 -0.8972183 -2.4598482 10.1228790 0.0816243 0.0493846 0.0005506 0.9954388
1740549569.658855 -0.8680512 -2.4840729 10.2211161 0.0802918 0.0472115 0.0004776 0.9956526
1740549569.761025 -0.8633002 -2.5047951 10.3229122 0.0788856 0.0453944 0.0005330 0.9958495
1740549569.862663 -0.8685351 -2.5092824 10.4230757 0.0787259 0.0436256 0.0003103 0.9959413
1740549569.969853 -0.8667083 -2.5225101 10.5224838 0.0779479 0.0411486 0.0002436 0.9961079
1740549570.072383 -0.8480136 -2.5385747 10.6198521 0.0769686 0.0378514 -0.0003911 0.9963147
1740549570.189505 -0.8592347 -2.5505400 10.7213011 0.0766863 0.0350483 -0.0007034 0.9964388
1740549570.294677 -0.8687884 -2.5658376 10.8210859 0.0762280 0.0320950 -0.0015970 0.9965725
1740549570.407586 -0.8650056 -2.5786111 10.9198408 0.0753354 0.0280581 -0.0011523 0.9967628
1740549570.513748 -0.8603209 -2.5786033 11.0215654 0.0747236 0.0237103 -0.0009167 0.9969220
1740549570.611794 -0.8622384 -2.5820158 11.1216555 0.0745733 0.0197398 -0.0019217 0.9970183
1740549570.716835 -0.8741206 -2.6012297 11.2231150 0.0740641 0.0160296 -0.0021815 0.9971223
1740549570.817254 -0.8681839 -2.6195629 11.3203430 0.0738716 0.0117117 -0.0023403 0.9971963
1740549570.926096 -0.8815088 -2.6302736 11.4191179 0.0732809 0.0077470 -0.0030527 0.9972766
1740549571.029395 -0.8781316 -2.6384780 11.5158787 0.0732304 0.0034762 -0.0030552 0.9973043
1740549571.127935 -0.8684532 -2.6471710 11.6168509 0.0734544 -0.0009600 -0.0033474 0.9972925
1740549571.234927 -0.8890067 -2.6586900 11.7189960 0.0736504 -0.0051600 -0.0037489 0.9972637
1740549571.335412 -0.9001985 -2.6771185 11.8162374 0.0736995 -0.0093001 -0.0040045 0.9972291
1740549571.442806 -0.8937074 -2.6910191 11.9149323 0.0739345 -0.0138156 -0.0043255 0.9971581
1740549571.542787 -0.9159707 -2.6957057 12.0153131 0.0754281 -0.0178144 -0.0047643 0.9969807
1740549571.656675 -0.9357899 -2.7075076 12.1102772 0.0758471 -0.0221575 -0.0052521 0.9968594
1740549571.753849 -0.9436533 -2.7290962 12.2066517 0.0756666 -0.0265983 -0.0055413 0.9967630
1740549571.854974 -0.9613327 -2.7538729 12.3053942 0.0757793 -0.0309518 -0.0056531 0.9966281
1740549571.975109 -0.9749952 -2.7823298 12.3985071 0.0754633 -0.0352333 -0.0058903 0.9965085
1740549572.076187 -0.9803040 -2.8040810 12.4986868 0.0759086 -0.0401515 -0.0061787 0.9962869
1740549572.185639 -0.9775013 -2.8251402 12.5921907 0.0754453 -0.0453878 -0.0069423 0.9960923
1740549572.291396 -1.0080320 -2.8491054 12.6856298 0.0749867 -0.0496438 -0.0067854 0.9959249
1740549572.391948 -1.0141606 -2.8638935 12.7856464 0.0746127 -0.0544530 -0.0074412 0.9956970
1740549572.500693 -1.0223932 -2.8807838 12.8850927 0.0743090 -0.0593796 -0.0077346 0.9954358
1740549572.600727 -1.0366495 -2.8975263 12.9843903 0.0738835 -0.0638993 -0.0081912 0.9951839
1740549572.709512 -1.0469701 -2.9150331 13.0839453 0.0725177 -0.0687923 -0.0086054 0.9949546
1740549572.808888 -1.0626346 -2.9225781 13.1868610 0.0718085 -0.0735609 -0.0092483 0.9946591
1740549572.915777 -1.0914626 -2.9353900 13.2777319 0.0700400 -0.0781558 -0.0094988 0.9944324
1740549573.017015 -1.1208261 -2.9523787 13.3710222 0.0681661 -0.0825371 -0.0098825 0.9942049
1740549573.114831 -1.1469933 -2.9630308 13.4689445 0.0663297 -0.0870399 -0.0101571 0.9939423
1740549573.230414 -1.1815333 -2.9800563 13.5569525 0.0634896 -0.0913807 -0.0105773 0.9937338
1740549573.329143 -1.2108400 -2.9885297 13.6529646 0.0613624 -0.0953033 -0.0111862 0.9934922
1740549573.430385 -1.2350543 -2.9852233 13.7508507 0.0606261 -0.0993132 -0.0115544 0.9931405
1740549573.529387 -1.2648134 -2.9976916 13.8439369 0.0582255 -0.1031637 -0.0118365 0.9928882
1740549573.628319 -1.2970372 -3.0111544 13.9404669 0.0555586 -0.1063684 -0.0122525 0.9926978
1740549573.731646 -1.3352859 -3.0160327 14.0360899 0.0529381 -0.1091060 -0.0128021 0.9925370
1740549573.829008 -1.3677399 -3.0150504 14.1327677 0.0508907 -0.1119398 -0.0132611 0.9923224
1740549573.929865 -1.4012825 -3.0229895 14.2270985 0.0481208 -0.1143236 -0.0134117 0.9921868
1740549574.028522 -1.4335712 -3.0252807 14.3223724 0.0452997 -0.1164321 -0.0138516 0.9920684
1740549574.127949 -1.4648048 -3.0208855 14.4196186 0.0428332 -0.1179784 -0.0143078 0.9919888
1740549574.233699 -1.4948927 -3.0142910 14.5207872 0.0404520 -0.1192461 -0.0149448 0.9919277
1740549574.333072 -1.5255039 -3.0236652 14.6142225 0.0364618 -0.1200985 -0.0153927 0.9919727
1740549574.435453 -1.5646360 -3.0302255 14.7092133 0.0330200 -0.1205354 -0.0157097 0.9920354
1740549574.535053 -1.5779370 -3.0335798 14.8091021 0.0295291 -0.1211744 -0.0162232 0.9920593
1740549574.632188 -1.5955534 -3.0426681 14.9119806 0.0258146 -0.1215672 -0.0166420 0.9921079
1740549574.735246 -1.6012095 -3.0582142 15.0103941 0.0212450 -0.1221357 -0.0174077 0.9921333
1740549574.834593 -1.6236342 -3.0715277 15.1032934 0.0160375 -0.1224551 -0.0178880 0.9921832
1740549574.940900 -1.6415119 -3.0834105 15.2036972 0.0115463 -0.1227253 -0.0185955 0.9921993
1740549575.042864 -1.6564417 -3.0877569 15.3041420 0.0067432 -0.1233273 -0.0192228 0.9921570
1740549575.140737 -1.6712109 -3.0966871 15.4029474 0.0005676 -0.1243595 -0.0198630 0.9920382
1740549575.247953 -1.6758808 -3.0971749 15.5067968 -0.0059018 -0.1262596 -0.0208914 0.9917597
1740549575.348306 -1.6952627 -3.0888877 15.6088572 -0.0121133 -0.1278170 -0.0214736 0.9914913
1740549575.451140 -1.7098212 -3.0818255 15.7045174 -0.0190529 -0.1299783 -0.0223030 0.9910828
1740549575.549328 -1.7247789 -3.0756092 15.8039665 -0.0266583 -0.1330812 -0.0232125 0.9904746
1740549575.647004 -1.7328447 -3.0585954 15.9088135 -0.0346068 -0.1371516 -0.0244900 0.9896424
1740549575.751012 -1.7557997 -3.0361173 16.0033970 -0.0423460 -0.1414699 -0.0252368 0.9887144
1740549575.849166 -1.7779516 -3.0112717 16.0997696 -0.0502370 -0.1468025 -0.0263049 0.9875391
1740549575.952689 -1.7978902 -2.9914124 16.1931953 -0.0587502 -0.1528233 -0.0275338 0.9861214
1740549576.053751 -1.8351829 -2.9595866 16.2806339 -0.0673958 -0.1594481 -0.0288049 0.9844818
1740549576.153571 -1.8773466 -2.9229987 16.3631573 -0.0755956 -0.1666673 -0.0292756 0.9826751
1740549576.266056 -1.9281052 -2.8784750 16.4437637 -0.0833287 -0.1739409 -0.0302492 0.9807578
1740549576.363510 -1.9826703 -2.8376434 16.5197048 -0.0914089 -0.1816773 -0.0308221 0.9786152
1740549576.468586 -2.0340171 -2.7984135 16.6000996 -0.0989101 -0.1901368 -0.0316042 0.9762510
1740549576.567534 -2.0908711 -2.7601199 16.6741428 -0.1059436 -0.1983663 -0.0321870 0.9738535
1740549576.673088 -2.1469605 -2.7305167 16.7529297 -0.1128130 -0.2067301 -0.0327955 0.9713188
1740549576.774334 -2.2014792 -2.7057576 16.8300285 -0.1194061 -0.2150674 -0.0332759 0.9687006
1740549576.874174 -2.2765307 -2.6808665 16.8981667 -0.1254951 -0.2225316 -0.0331008 0.9662479
1740549576.986878 -2.3366880 -2.6607919 16.9762154 -0.1311224 -0.2302531 -0.0338517 0.9636620
1740549577.085037 -2.4002523 -2.6349587 17.0475578 -0.1360102 -0.2373352 -0.0337925 0.9612654
1740549577.186773 -2.4619915 -2.6176858 17.1272869 -0.1410851 -0.2442621 -0.0342055 0.9587810
1740549577.287106 -2.5232465 -2.5820255 17.2002029 -0.1446607 -0.2504210 -0.0340813 0.9566614
1740549577.385936 -2.5755122 -2.5425935 17.2731857 -0.1479325 -0.2559347 -0.0337478 0.9547117
1740549577.490568 -2.6273103 -2.5026891 17.3454075 -0.1506993 -0.2606770 -0.0335885 0.9530000
1740549577.590921 -2.6665950 -2.4578309 17.4270554 -0.1530481 -0.2651538 -0.0338765 0.9513791
1740549577.700923 -2.7059426 -2.4019604 17.5077438 -0.1543506 -0.2688362 -0.0334830 0.9501483
1740549577.800907 -2.7502205 -2.3563955 17.5866184 -0.1557234 -0.2718985 -0.0333520 0.9490570
1740549577.899170 -2.7931688 -2.3167119 17.6640205 -0.1571129 -0.2745143 -0.0332461 0.9480782
1740549578.002101 -2.8413162 -2.2709908 17.7437687 -0.1571695 -0.2764054 -0.0330304 0.9475267
1740549578.101741 -2.8996644 -2.2454526 17.8218365 -0.1571045 -0.2778422 -0.0326455 0.9471305
1740549578.212596 -2.9583178 -2.2233930 17.9028587 -0.1568708 -0.2789342 -0.0324603 0.9468546
1740549578.317798 -3.0142369 -2.2001061 17.9802322 -0.1567282 -0.2796622 -0.0322129 0.9466719
1740549578.433959 -3.0748382 -2.1707606 18.0563946 -0.1559177 -0.2798077 -0.0317185 0.9467794
1740549578.535922 -3.1292062 -2.1525288 18.1373463 -0.1552892 -0.2800553 -0.0316392 0.9468122
1740549578.741658 -3.2432737 -2.1169171 18.3024406 -0.1532315 -0.2794055 -0.0312633 0.9473518
1740549579.049250 -3.4016027 -2.0298922 18.5482883 -0.1499170 -0.2775081 -0.0306755 0.9484584
1740549579.347189 -3.5479708 -1.9456321 18.7980251 -0.1477072 -0.2744904 -0.0303816 0.9496919
1740549579.551565 -3.6521759 -1.8941306 18.9643745 -0.1467241 -0.2729002 -0.0304431 0.9503003
1740549579.850919 -3.7912512 -1.7875853 19.2132416 -0.1463471 -0.2700773 -0.0308648 0.9511510
1740549580.166938 -3.9309702 -1.6941075 19.4673576 -0.1470104 -0.2680152 -0.0312806 0.9516183
1740549580.580550 -4.1375322 -1.5841473 19.7960510 -0.1485973 -0.2664359 -0.0317938 0.9517983
1740549580.782146 -4.2397089 -1.5126711 19.9585323 -0.1474987 -0.2665675 -0.0314019 0.9519453
1740549581.197969 -4.4374237 -1.3772705 20.2836800 -0.1442200 -0.2688904 -0.0300989 0.9518365
1740549581.398369 -4.5421338 -1.3091148 20.4414005 -0.1403340 -0.2707914 -0.0285939 0.9519248
1740549581.606245 -4.6410208 -1.2496272 20.5974865 -0.1354728 -0.2736728 -0.0269924 0.9518517
1740549581.815176 -4.7786212 -1.2203207 20.7216778 -0.1303635 -0.2749709 -0.0252778 0.9522381
1740549581.914590 -4.8502531 -1.2099669 20.7890644 -0.1267158 -0.2765640 -0.0242726 0.9522953
1740549582.122293 -4.9906039 -1.1846913 20.9050179 -0.1190087 -0.2786871 -0.0210858 0.9527465
1740549582.233376 -5.0579615 -1.1727026 20.9772034 -0.1147077 -0.2811880 -0.0192346 0.9525784
1740549582.332173 -5.1172061 -1.1665983 21.0540867 -0.1097768 -0.2845006 -0.0173025 0.9522128
1740549582.440774 -5.1887374 -1.1626236 21.1140747 -0.1051395 -0.2869025 -0.0156475 0.9520440
1740549582.541206 -5.2661076 -1.1634443 21.1690788 -0.1019647 -0.2891478 -0.0138075 0.9517385
1740549582.750976 -5.3368258 -1.1796993 21.2245579 -0.0951279 -0.2998267 -0.0034946 0.9492325
1740549582.855389 -5.3374605 -1.1814932 21.2259064 -0.0916676 -0.3055065 -0.0004566 0.9477672
1740549582.972400 -5.3377829 -1.1814961 21.2283745 -0.0889138 -0.3103121 0.0026585 0.9464638
1740549583.070462 -5.3398862 -1.1824063 21.2269802 -0.0853166 -0.3141259 0.0075427 0.9455100
1740549583.174720 -5.3376026 -1.1816431 21.2248325 -0.0811624 -0.3192957 0.0118913 0.9440983
1740549583.274590 -5.3285513 -1.1848878 21.2235184 -0.0774847 -0.3269710 0.0150518 0.9417322
1740549583.371926 -5.3585343 -1.1923406 21.2465134 -0.0746305 -0.3312857 0.0174780 0.9404119
1740549583.569172 -5.3579311 -1.1893551 21.2659492 -0.0661819 -0.3461101 0.0259115 0.9354979
1740549583.769696 -5.3499870 -1.1975746 21.2413330 -0.0399158 -0.3484234 0.0091242 0.9364426
1740549583.867268 -5.3327341 -1.1902467 21.2175026 -0.0368565 -0.3510906 0.0132627 0.9355219
1740549583.972982 -5.3382521 -1.1956949 21.2279682 -0.0362502 -0.3574966 0.0169036 0.9330575
1740549584.069567 -5.3769751 -1.1879196 21.2553673 -0.0294310 -0.3674019 0.0212684 0.9293532
1740549584.264249 -5.4919691 -1.2010059 21.3585930 -0.0220821 -0.3831162 0.0246005 0.9231085
1740549584.359872 -5.5393496 -1.2147406 21.4080639 -0.0191934 -0.3915796 0.0265314 0.9195614
1740549584.469444 -5.5925794 -1.2139223 21.4499435 -0.0143808 -0.3994040 0.0295589 0.9161855
1740549584.565629 -5.6254911 -1.2215939 21.4870491 -0.0122900 -0.4091874 0.0298819 0.9118782
1740549584.783166 -5.7225590 -1.2658277 21.5998592 -0.0091289 -0.4253759 0.0333501 0.9043561
1740549584.877913 -5.7961469 -1.2754582 21.6557064 -0.0071710 -0.4308461 0.0338664 0.9017613
1740549584.982753 -5.8705969 -1.2784842 21.7118416 -0.0031510 -0.4364321 0.0357501 0.8990211
1740549585.076481 -5.9062781 -1.2869716 21.7593155 -0.0009097 -0.4453085 0.0370335 0.8946105
1740549585.279807 -6.0082645 -1.3034676 21.8421001 0.0026617 -0.4599295 0.0382413 0.8871276
1740549585.374134 -6.0831957 -1.3125308 21.8973999 0.0048980 -0.4653601 0.0396991 0.8842171
1740549585.476497 -6.1346774 -1.3226533 21.9381084 0.0075359 -0.4723687 0.0413996 0.8803960
1740549585.573694 -6.2085199 -1.3453004 21.9869576 0.0085859 -0.4772434 0.0425552 0.8776982
1740549585.669715 -6.2648969 -1.3559394 22.0276928 0.0097295 -0.4841567 0.0431781 0.8738611
1740549585.871292 -6.3940458 -1.3977814 22.1235676 0.0098027 -0.4950023 0.0424698 0.8677978
1740549585.972520 -6.4693089 -1.4201152 22.1685753 0.0102118 -0.5001134 0.0436442 0.8647991
1740549586.068617 -6.5134358 -1.4302385 22.1968288 0.0109938 -0.5073045 0.0442673 0.8605589
1740549586.164653 -6.5920930 -1.4369993 22.2513351 0.0136202 -0.5113828 0.0452492 0.8580528
1740549586.268137 -6.6492476 -1.4494996 22.3126659 0.0141661 -0.5174416 0.0460363 0.8543619
1740549586.475446 -6.7946291 -1.5008527 22.3735237 0.0127656 -0.5262846 0.0453042 0.8490048
1740549586.574052 -6.8584185 -1.5262132 22.4189606 0.0119247 -0.5319169 0.0453015 0.8454999
1740549586.670443 -6.9265280 -1.5241137 22.4573936 0.0132138 -0.5360177 0.0451839 0.8428931
1740549586.774516 -6.9752645 -1.5218050 22.5041485 0.0149745 -0.5418726 0.0458375 0.8390762
1740549586.870557 -7.0424628 -1.5206926 22.5327415 0.0149903 -0.5455668 0.0437667 0.8367895
1740549587.069207 -7.0468292 -1.5142640 22.5320511 0.0153540 -0.5485992 0.0477053 0.8345822
1740549587.165590 -7.0662265 -1.5073305 22.5304642 0.0154907 -0.5483106 0.0486908 0.8347124
1740549587.269601 -7.1166153 -1.5202589 22.5373116 0.0120882 -0.5505334 0.0473523 0.8333815
1740549587.365475 -7.1844749 -1.5427351 22.5598984 0.0099204 -0.5530784 0.0468852 0.8317497
1740549587.470066 -7.2508326 -1.5383041 22.5933456 0.0105374 -0.5564257 0.0469236 0.8295044
1740549587.566076 -7.2958932 -1.5478806 22.6376286 0.0091113 -0.5619568 0.0453408 0.8258728
1740549587.661935 -7.3827634 -1.5616341 22.6640091 0.0072550 -0.5631737 0.0456013 0.8250474
1740549587.764572 -7.4660578 -1.5518720 22.6861076 0.0085743 -0.5640509 0.0457306 0.8244283
1740549587.859344 -7.5081129 -1.5537974 22.7084274 0.0072174 -0.5663518 0.0450980 0.8228971
1740549587.968794 -7.5269427 -1.5618641 22.6899910 0.0045021 -0.5618853 0.0431916 0.8260745
1740549588.163294 -7.5602207 -1.5674930 22.7205048 0.0026287 -0.5658423 0.0416809 0.8234552
1740549588.265396 -7.6425490 -1.5866404 22.7355309 0.0008824 -0.5645986 0.0388934 0.8244483
1740549588.368293 -7.7320161 -1.5883164 22.7504330 0.0007152 -0.5640837 0.0386803 0.8248108
1740549588.471354 -7.8075471 -1.6079457 22.7878952 -0.0011104 -0.5661838 0.0372322 0.8234370
1740549588.671264 -7.9057255 -1.6244411 22.8326969 -0.0076245 -0.5685213 0.0341991 0.8219220
1740549588.775443 -7.9567723 -1.6234626 22.8379135 -0.0067451 -0.5654221 0.0313088 0.8241796
1740549588.873086 -7.9937272 -1.6204569 22.8532066 -0.0098628 -0.5644445 0.0283292 0.8249259
1740549588.975843 -8.0606737 -1.6326877 22.8879642 -0.0126407 -0.5652344 0.0265870 0.8244050
1740549589.073570 -8.1171188 -1.6294234 22.9120979 -0.0132419 -0.5666626 0.0264875 0.8234176
1740549589.170506 -8.1598387 -1.6345472 22.9464951 -0.0161426 -0.5696797 0.0252874 0.8213191
1740549589.374346 -8.1642704 -1.6468415 22.9368629 -0.0250032 -0.5648195 0.0224771 0.8245293
1740549589.476251 -8.1402340 -1.6543207 22.9176235 -0.0289684 -0.5627400 0.0210017 0.8258593
1740549589.573607 -8.1653137 -1.6390733 22.9297447 -0.0289166 -0.5635293 0.0187922 0.8253759
1740549589.669183 -8.1578808 -1.6501747 22.9351540 -0.0339765 -0.5634416 0.0160747 0.8253005
1740549589.772180 -8.1567516 -1.6524298 22.9301376 -0.0421320 -0.5614312 0.0173840 0.8262673
1740549589.867091 -8.2088194 -1.6342466 22.9428635 -0.0409644 -0.5608594 0.0202290 0.8266494
1740549589.973305 -8.2559128 -1.6196969 22.9549198 -0.0396648 -0.5635329 0.0204232 0.8248879
1740549590.069965 -8.2444468 -1.6214586 22.9586716 -0.0424361 -0.5630797 0.0159175 0.8251588
1740549590.165874 -8.2630844 -1.6244655 22.9531746 -0.0481015 -0.5628313 0.0176028 0.8249832
1740549590.269440 -8.2480888 -1.6182659 22.9510880 -0.0495208 -0.5623940 0.0185872 0.8251759
1740549590.368685 -8.2338343 -1.6142690 22.9469128 -0.0495824 -0.5616350 0.0152868 0.8257566
1740549590.472422 -8.2298775 -1.6111476 22.9539738 -0.0518844 -0.5627540 0.0127994 0.8248953
1740549590.573394 -8.2507582 -1.6125633 22.9551926 -0.0561914 -0.5636176 0.0110167 0.8240488
1740549590.670964 -8.2370291 -1.6213222 22.9505939 -0.0625186 -0.5651091 0.0089888 0.8225949
1740549590.778040 -8.2323895 -1.6210974 22.9475060 -0.0627676 -0.5656530 0.0063716 0.8222265
1740549590.876012 -8.2689199 -1.6345142 22.9660339 -0.0684214 -0.5682870 0.0082691 0.8199390
1740549590.981360 -8.2690716 -1.6171783 22.9771500 -0.0635663 -0.5726941 0.0088680 0.8172528
1740549591.075125 -8.2853584 -1.6113940 22.9812775 -0.0687023 -0.5748672 0.0082737 0.8153154
1740549591.171246 -8.3302584 -1.5765013 23.0002556 -0.0659497 -0.5778092 0.0107614 0.8134319
1740549591.278592 -8.3220768 -1.5820082 23.0057049 -0.0676010 -0.5808880 0.0046861 0.8111579
1740549591.375769 -8.3388920 -1.5773368 23.0078430 -0.0658173 -0.5831755 0.0023454 0.8096721
1740549591.478705 -8.3274384 -1.5814759 23.0051422 -0.0718152 -0.5862813 0.0045348 0.8069053
1740549591.576715 -8.3364229 -1.5851390 23.0039558 -0.0719941 -0.5867704 0.0008264 0.8065462
1740549591.677955 -8.3245621 -1.5830234 23.0173454 -0.0764916 -0.5924084 0.0070166 0.8019677
1740549591.778752 -8.3328495 -1.5850482 23.0218315 -0.0777873 -0.5946862 0.0050686 0.8001699
1740549591.874543 -8.3437080 -1.5817276 23.0252190 -0.0793293 -0.5956897 0.0045752 0.7992745
1740549591.976286 -8.3405228 -1.5867574 23.0101299 -0.0830222 -0.5926501 -0.0001705 0.8011699
1740549592.071819 -8.3605299 -1.5866377 23.0160236 -0.0843331 -0.5948842 -0.0023176 0.7993719
1740549592.166677 -8.3819532 -1.6051395 23.0179443 -0.0882107 -0.5960417 -0.0075223 0.7980580
1740549592.266619 -8.4373455 -1.6221542 23.0383987 -0.0908167 -0.5995104 -0.0115689 0.7951138
1740549592.363303 -8.5226488 -1.6240475 23.0470619 -0.0922645 -0.6003203 -0.0136011 0.7943034
1740549592.471284 -8.5895357 -1.6250308 23.0436478 -0.0936555 -0.5998751 -0.0156141 0.7944399
1740549592.569896 -8.6621132 -1.6228688 23.0432243 -0.0944820 -0.5991778 -0.0169964 0.7948397
1740549592.667667 -8.7325268 -1.6325803 23.0507393 -0.0946246 -0.5986061 -0.0201373 0.7951801
1740549592.772498 -8.7781849 -1.6274807 23.0402260 -0.0939864 -0.5953832 -0.0213842 0.7976391
1740549592.886119 -8.8484974 -1.6373119 23.0426540 -0.0976952 -0.5955781 -0.0230829 0.7970003
1740549592.990250 -8.9299736 -1.6318727 23.0530472 -0.0990511 -0.5960777 -0.0232907 0.7964532
1740549593.090265 -9.0166550 -1.6246715 23.0661087 -0.0997064 -0.5977861 -0.0234345 0.7950857
1740549593.195164 -9.0634270 -1.6228940 23.0808563 -0.1008507 -0.5991595 -0.0221749 0.7939429
1740549593.297964 -9.1217728 -1.6193783 23.0908947 -0.0993650 -0.6004630 -0.0231492 0.7931172
1740549593.396186 -9.2155666 -1.6254091 23.1067486 -0.1000618 -0.6010965 -0.0243267 0.7925143
1740549593.502496 -9.3113050 -1.6228015 23.1202488 -0.0996827 -0.6017348 -0.0254107 0.7920435
1740549593.602579 -9.3897943 -1.6255245 23.1294289 -0.0988077 -0.6013322 -0.0276286 0.7923846
1740549593.703968 -9.4730358 -1.6337428 23.1467896 -0.0987497 -0.6023486 -0.0285834 0.7915856
1740549593.803564 -9.5732174 -1.6365073 23.1642685 -0.0985006 -0.6037418 -0.0282190 0.7905676
1740549593.902278 -9.6508265 -1.6463206 23.1848030 -0.0996350 -0.6064624 -0.0269077 0.7883858
1740549594.005601 -9.7071171 -1.6425717 23.1955910 -0.0984537 -0.6086115 -0.0231510 0.7869961
1740549594.104457 -9.7933846 -1.6479611 23.2094498 -0.0970389 -0.6089118 -0.0236870 0.7869236
1740549594.209677 -9.8785286 -1.6516721 23.2238140 -0.0968617 -0.6089154 -0.0241259 0.7869294
1740549594.310876 -9.9730310 -1.6596613 23.2406082 -0.0959684 -0.6098385 -0.0232120 0.7863512
1740549594.412168 -10.0579128 -1.6560483 23.2562866 -0.0943823 -0.6099508 -0.0239511 0.7864339
1740549594.722700 -10.2226028 -1.5049070 23.3291855 -0.0732945 -0.6134933 -0.0065239 0.7862641
1740549594.823592 -10.2531300 -1.4643859 23.3629913 -0.0670955 -0.6166495 -0.0018528 0.7843712
1740549594.923319 -10.2689285 -1.4726338 23.3854599 -0.0677267 -0.6200816 -0.0031929 0.7816020
1740549595.027628 -10.2790556 -1.4997419 23.3923492 -0.0711551 -0.6208321 -0.0062285 0.7806829
1740549595.128309 -10.2993479 -1.4866263 23.3984909 -0.0683414 -0.6200488 -0.0056787 0.7815604
1740549595.237640 -10.3094730 -1.5029297 23.3892365 -0.0687885 -0.6181422 -0.0077841 0.7830119
1740549595.336077 -10.3200245 -1.5059096 23.3893375 -0.0689903 -0.6169049 -0.0069802 0.7839772
1740549595.435238 -10.3478422 -1.5145286 23.3988972 -0.0691261 -0.6160434 -0.0061050 0.7846495
1740549595.540256 -10.3552332 -1.5143275 23.4073868 -0.0689257 -0.6159852 -0.0054687 0.7847176
1740549595.639467 -10.3727722 -1.5225667 23.4063492 -0.0673492 -0.6134024 -0.0061033 0.7868700
1740549595.743363 -10.3860025 -1.5268261 23.4070110 -0.0672342 -0.6115829 -0.0057934 0.7882972
1740549595.842512 -10.3912392 -1.5271331 23.4129906 -0.0662328 -0.6110800 -0.0058478 0.7887714
1740549595.947773 -10.4054527 -1.5288424 23.4124985 -0.0679068 -0.6102265 -0.0047877 0.7892967
1740549596.052034 -10.4167929 -1.5331486 23.4131508 -0.0691888 -0.6078246 -0.0042339 0.7910400
1740549596.151593 -10.4180250 -1.5357524 23.4108543 -0.0661082 -0.6046328 -0.0074124 0.7937216
1740549596.254467 -10.4235802 -1.5421646 23.4040794 -0.0670155 -0.6006052 -0.0075311 0.7966967
1740549596.352479 -10.4380798 -1.5481148 23.4049377 -0.0675691 -0.5970919 -0.0073945 0.7992879
1740549596.461704 -10.4411583 -1.5453064 23.4163246 -0.0663336 -0.5966334 -0.0076385 0.7997313
1740549596.563966 -10.4458065 -1.5436889 23.4121342 -0.0646218 -0.5924583 -0.0066770 0.8029774
1740549596.667751 -10.4546747 -1.5433648 23.4133587 -0.0654037 -0.5914218 -0.0011193 0.8037047
1740549596.773275 -10.4677773 -1.5377539 23.4203281 -0.0630179 -0.5904952 0.0018400 0.8045750
1740549596.872706 -10.4731808 -1.5371329 23.4207993 -0.0616718 -0.5875466 0.0048248 0.8068223
1740549596.977194 -10.4885979 -1.5413132 23.4317894 -0.0649005 -0.5862027 0.0073154 0.8075275
1740549597.080413 -10.4873867 -1.5398409 23.4341106 -0.0644088 -0.5846869 0.0086122 0.8086523
1740549597.181967 -10.5002365 -1.5388290 23.4465256 -0.0619492 -0.5841122 0.0081085 0.8092648
1740549597.288518 -10.5045624 -1.5422758 23.4473953 -0.0626127 -0.5819315 0.0055971 0.8108045
1740549597.387661 -10.5085087 -1.5416403 23.4506912 -0.0624041 -0.5805122 0.0074978 0.8118221
1740549597.493298 -10.5132256 -1.5491961 23.4715195 -0.0644326 -0.5846041 0.0065702 0.8087294
1740549597.593267 -10.5256281 -1.5522200 23.4797363 -0.0648209 -0.5840939 0.0083671 0.8090504
1740549597.698241 -10.5403328 -1.5616045 23.4856167 -0.0660590 -0.5846190 0.0046910 0.8086005
1740549597.804422 -10.5748472 -1.5776488 23.4849987 -0.0686458 -0.5829973 0.0033320 0.8095621
1740549597.901567 -10.6123610 -1.5988934 23.4834938 -0.0719290 -0.5768737 0.0011284 0.8136595
1740549598.009073 -10.6795235 -1.6409131 23.4767418 -0.0749533 -0.5719829 -0.0014347 0.8168327
1740549598.110683 -10.7679672 -1.6841557 23.4782543 -0.0777986 -0.5681216 -0.0028243 0.8192540
1740549598.216482 -10.8465462 -1.6939678 23.4964561 -0.0773101 -0.5640930 -0.0039480 0.8220746
1740549598.320343 -10.9406672 -1.6939812 23.5180893 -0.0766586 -0.5612637 -0.0040604 0.8240691
1740549598.418463 -11.0281000 -1.6664639 23.5468025 -0.0749034 -0.5589578 -0.0018527 0.8258041
1740549598.525959 -11.1066933 -1.6488087 23.6063919 -0.0726742 -0.5584515 -0.0018496 0.8263456
1740549598.627233 -11.1942921 -1.6498803 23.6442413 -0.0720162 -0.5561825 -0.0016280 0.8279325
1740549598.742189 -11.2872658 -1.6365706 23.6859741 -0.0701213 -0.5545000 -0.0009088 0.8292237
1740549598.843565 -11.3743181 -1.6381837 23.7119217 -0.0704926 -0.5519362 -0.0005339 0.8309013
1740549598.948912 -11.4682455 -1.6341579 23.7445107 -0.0690098 -0.5490169 -0.0000169 0.8329575
1740549599.053520 -11.5589199 -1.6195168 23.7950706 -0.0674605 -0.5481420 0.0011948 0.8336594
1740549599.153585 -11.6459045 -1.6034967 23.8357525 -0.0656249 -0.5456233 0.0019860 0.8354547
1740549599.352558 -11.8318186 -1.5892928 23.9127846 -0.0634214 -0.5416977 0.0034344 0.8381703
1740549599.463743 -11.9207010 -1.5748792 23.9575882 -0.0616826 -0.5397680 0.0043876 0.8395395
1740549599.558643 -12.0099497 -1.5728958 23.9968033 -0.0606140 -0.5378129 0.0051231 0.8408668
1740549599.657604 -12.0954247 -1.5612098 24.0524597 -0.0586926 -0.5363481 0.0053202 0.8419368
1740549599.774217 -12.1888475 -1.5539480 24.0969543 -0.0569217 -0.5344007 0.0067001 0.8432858
1740549599.873653 -12.2753782 -1.5543058 24.1453304 -0.0555462 -0.5329546 0.0077701 0.8442829
1740549600.082789 -12.4567327 -1.5445218 24.2156525 -0.0519024 -0.5282807 0.0097244 0.8474262
1740549600.180401 -12.5481062 -1.5370839 24.2697144 -0.0504712 -0.5274993 0.0106314 0.8479884
1740549600.286734 -12.6359177 -1.5371320 24.3192329 -0.0482706 -0.5264030 0.0121633 0.8487768
1740549600.387798 -12.7291126 -1.5253873 24.3599319 -0.0471228 -0.5251821 0.0130747 0.8495836
1740549600.495796 -12.8237352 -1.5161763 24.3982162 -0.0451802 -0.5238322 0.0146430 0.8504964
1740549600.595937 -12.9085646 -1.5274074 24.4410248 -0.0438129 -0.5220733 0.0147901 0.8516462
1740549600.703749 -12.9938059 -1.5184449 24.4944000 -0.0417503 -0.5217971 0.0164507 0.8518886
1740549600.806066 -13.0793819 -1.5253348 24.5386353 -0.0403946 -0.5207317 0.0172887 0.8525890
1740549600.905631 -13.1675053 -1.5278380 24.5759544 -0.0391795 -0.5190474 0.0177479 0.8536626
1740549601.012490 -13.2552624 -1.5340984 24.6282864 -0.0381412 -0.5188470 0.0184397 0.8538168
1740549601.115463 -13.3413181 -1.5394087 24.6678009 -0.0365060 -0.5177315 0.0192890 0.8545462
1740549601.221525 -13.4312630 -1.5480065 24.7199249 -0.0361803 -0.5174265 0.0195167 0.8547397
1740549601.322917 -13.5145168 -1.5596128 24.7620964 -0.0349634 -0.5161178 0.0194415 0.8555828
1740549601.422752 -13.6030693 -1.5423208 24.7914352 -0.0341690 -0.5144963 0.0206242 0.8565633
1740549601.528301 -13.6765738 -1.5437150 24.8295670 -0.0325543 -0.5128486 0.0189257 0.8576528
1740549601.632156 -13.7610540 -1.5474851 24.8745575 -0.0317450 -0.5123266 0.0180001 0.8580151
1740549601.746946 -13.8479967 -1.5338248 24.9002762 -0.0296619 -0.5106507 0.0196429 0.8590519
1740549601.852447 -13.9201584 -1.5187631 24.9515533 -0.0290713 -0.5102971 0.0189834 0.8592970
1740549601.970471 -13.9982090 -1.4752573 24.9993687 -0.0274772 -0.5104404 0.0195674 0.8592513
1740549602.072962 -14.0747528 -1.4659266 25.0300217 -0.0260503 -0.5085317 0.0193867 0.8604308
1740549602.175642 -14.1666164 -1.4688880 25.0694618 -0.0251936 -0.5078048 0.0210784 0.8608457
1740549602.285086 -14.2535667 -1.4822328 25.1189575 -0.0244192 -0.5078375 0.0210074 0.8608505
1740549602.387645 -14.3370409 -1.4612488 25.1621399 -0.0233637 -0.5070029 0.0213686 0.8613626
1740549602.500368 -14.4282112 -1.4547565 25.1830139 -0.0215048 -0.5049657 0.0226349 0.8625746
1740549602.603081 -14.5171080 -1.4460186 25.2313843 -0.0207647 -0.5045213 0.0230881 0.8628407
1740549602.722085 -14.6036987 -1.4515029 25.2758465 -0.0194556 -0.5038437 0.0237490 0.8632491
1740549602.832157 -14.6926136 -1.4491132 25.3208847 -0.0185532 -0.5030518 0.0242424 0.8637170
1740549602.937626 -14.7806931 -1.4569567 25.3603363 -0.0179339 -0.5014774 0.0243785 0.8646413
1740549603.046716 -14.8649940 -1.4605560 25.4140816 -0.0168572 -0.5006477 0.0251761 0.8651207
1740549603.152694 -14.9547873 -1.4636109 25.4699116 -0.0166220 -0.5003650 0.0258379 0.8652693
1740549603.261804 -15.0417614 -1.4619119 25.5149403 -0.0161421 -0.4986376 0.0260182 0.8662696
1740549603.368717 -15.1326675 -1.4750582 25.5589066 -0.0155887 -0.4971709 0.0264687 0.8671087
1740549603.474724 -15.2114258 -1.4909635 25.6097679 -0.0160054 -0.4958810 0.0263640 0.8678426
1740549603.578238 -15.3009768 -1.4983824 25.6601982 -0.0156920 -0.4945611 0.0261291 0.8686083
1740549603.680582 -15.3888092 -1.5022742 25.7139053 -0.0155192 -0.4932527 0.0267593 0.8693359
1740549603.786911 -15.4707155 -1.5034636 25.7755241 -0.0154243 -0.4916308 0.0264394 0.8702656
1740549603.888708 -15.5567837 -1.5124308 25.8231468 -0.0159040 -0.4890174 0.0260906 0.8717387
1740549604.001754 -15.6408119 -1.5073205 25.8765583 -0.0159025 -0.4870597 0.0261170 0.8728333
1740549604.106622 -15.7272196 -1.5064901 25.9281464 -0.0169418 -0.4844423 0.0256934 0.8742817
1740549604.223929 -15.8041706 -1.4966205 25.9858761 -0.0183812 -0.4822459 0.0248849 0.8754895
1740549604.323721 -15.8854113 -1.4841640 26.0471115 -0.0192512 -0.4799332 0.0246213 0.8767481
1740549604.425573 -15.9706783 -1.4796158 26.1014175 -0.0208875 -0.4771612 0.0238351 0.8782442
1740549604.539645 -16.0520020 -1.4688256 26.1619606 -0.0225451 -0.4751403 0.0229534 0.8793216
1740549604.642332 -16.1328850 -1.4629056 26.2210979 -0.0242238 -0.4725587 0.0221092 0.8806887
1740549604.758769 -16.2125492 -1.4631599 26.2831459 -0.0254104 -0.4699275 0.0213278 0.8820814
1740549604.863831 -16.2948170 -1.4610754 26.3417130 -0.0268418 -0.4672124 0.0205765 0.8834980
1740549605.085762 -16.4547424 -1.4400675 26.4615822 -0.0293323 -0.4621827 0.0188963 0.8860981
1740549605.405715 -16.6923771 -1.4116420 26.6483307 -0.0332171 -0.4553657 0.0168293 0.8895254
1740549605.731151 -16.9301014 -1.4007729 26.8262634 -0.0349776 -0.4489214 0.0155409 0.8927512
1740549605.944646 -17.0877533 -1.3683369 26.9482594 -0.0351701 -0.4453873 0.0152468 0.8945171
1740549606.162488 -17.2450199 -1.3526480 27.0754108 -0.0341358 -0.4418104 0.0159181 0.8963175
1740549606.621880 -17.5627708 -1.3266420 27.3255081 -0.0282133 -0.4358572 0.0186683 0.8993798
1740549606.842595 -17.7216377 -1.3293812 27.4505005 -0.0241973 -0.4331682 0.0206054 0.9007526
1740549607.173319 -17.9576797 -1.3444601 27.6371765 -0.0169156 -0.4290276 0.0240636 0.9028123
1740549607.405807 -18.1146240 -1.3552375 27.7619820 -0.0112880 -0.4260665 0.0269598 0.9042196
1740549607.622478 -18.2639523 -1.3664324 27.8968945 -0.0045853 -0.4233259 0.0303147 0.9054586
1740549607.839612 -18.4121838 -1.3822384 28.0316906 0.0016019 -0.4211173 0.0328914 0.9064083
1740549608.054074 -18.5530052 -1.3853416 28.1729965 0.0080969 -0.4191153 0.0347008 0.9072335
1740549608.266060 -18.7114391 -1.4128509 28.2984886 0.0131829 -0.4159767 0.0376149 0.9085014
1740549608.481633 -18.8640480 -1.4282379 28.4353027 0.0186747 -0.4132134 0.0403061 0.9095501
1740549608.606303 -18.9282608 -1.4460483 28.5055161 0.0207950 -0.4127033 0.0418797 0.9096646
1740549608.711864 -19.0058250 -1.4574897 28.5707397 0.0234278 -0.4111683 0.0426322 0.9102606
1740549608.824971 -19.0792694 -1.4671888 28.6353416 0.0266801 -0.4100406 0.0438735 0.9106206
1740549608.931714 -19.1479950 -1.4824886 28.7037582 0.0286603 -0.4094141 0.0452150 0.9107768
1740549609.158597 -19.2919312 -1.5110945 28.8436966 0.0330829 -0.4070609 0.0474937 0.9115654
1740549609.377274 -19.4422951 -1.5442027 28.9794216 0.0365248 -0.4044221 0.0504986 0.9124465
1740549609.500426 -19.5010681 -1.5486577 29.0482903 0.0392291 -0.4054378 0.0506523 0.9118748
1740549609.813377 -19.7268143 -1.5934001 29.2541924 0.0449938 -0.4002979 0.0534518 0.9137177
1740549610.027174 -19.8546371 -1.6096449 29.3878479 0.0509903 -0.3986541 0.0559041 0.9139746
1740549610.348857 -20.0472183 -1.6899914 29.6110382 0.0533282 -0.3968494 0.0617150 0.9142527
1740549610.657297 -20.2685127 -1.7454987 29.7994747 0.0589303 -0.3912316 0.0633813 0.9162139
1740549610.967629 -20.4638424 -1.8323380 30.0183983 0.0606835 -0.3878129 0.0689944 0.9171469
1740549611.174085 -20.5649300 -1.8929434 30.1655121 0.0624290 -0.3881642 0.0750868 0.9164023
1740549611.374537 -20.6770897 -1.9471076 30.3202572 0.0642004 -0.3867897 0.0792606 0.9165096
1740549611.574816 -20.7254219 -1.9553362 30.4461632 0.0732437 -0.3945238 0.0849041 0.9120184
1740549611.774553 -20.7708549 -1.9476757 30.5775509 0.0843841 -0.4024377 0.0905511 0.9070412
1740549611.874399 -20.7877483 -1.9359167 30.6336498 0.0911362 -0.4078161 0.0921801 0.9038159
1740549612.073085 -20.8275547 -1.9232931 30.7830906 0.1006407 -0.4179217 0.0958986 0.8977842
1740549612.170016 -20.8566494 -1.9104047 30.8435287 0.1085009 -0.4206743 0.0987801 0.8952671
1740549612.467506 -20.8557377 -1.9146485 30.8427429 0.1068366 -0.4148978 0.1009377 0.8979183
1740549612.773525 -20.8598900 -1.9286761 30.8507233 0.1066663 -0.4094155 0.0968542 0.9008998
1740549612.968235 -20.8530216 -1.9317396 30.8424835 0.1034643 -0.4070610 0.1053117 0.9013911
1740549613.073073 -20.8572941 -1.9356163 30.8471966 0.1020157 -0.4042545 0.1033328 0.9030467
1740549613.169233 -20.8614025 -1.9361885 30.8528404 0.1030991 -0.4031439 0.1038307 0.9033630
1740549613.274762 -20.8649464 -1.9411633 30.8556404 0.1023127 -0.4010733 0.1036404 0.9043953
1740549613.368575 -20.8698349 -1.9450676 30.8604355 0.1016926 -0.3990597 0.1033237 0.9053918
1740549613.463822 -20.8732452 -1.9455352 30.8585644 0.1024152 -0.3963666 0.1013482 0.9067156
1740549613.564029 -20.8789196 -1.9479160 30.8685379 0.1024705 -0.3947015 0.0992170 0.9076710
1740549613.660677 -20.8812790 -1.9487325 30.8710918 0.1020551 -0.3921650 0.0960237 0.9091594
1740549613.761470 -20.8844032 -1.9521888 30.8747215 0.1007622 -0.3904750 0.0958252 0.9100515
1740549613.858912 -20.8848858 -1.9551119 30.8775711 0.0990016 -0.3877006 0.0923836 0.9117851
1740549613.953841 -20.8871136 -1.9560359 30.8799496 0.1033076 -0.3863557 0.0881398 0.9122983
1740549614.059061 -20.8927612 -1.9608262 30.8831749 0.1006324 -0.3838477 0.0856426 0.9138924
1740549614.153695 -20.9015388 -1.9619738 30.8957748 0.1014849 -0.3829086 0.0846938 0.9142805
1740549614.259520 -20.9206200 -1.9670813 30.9161110 0.0994061 -0.3842447 0.0822271 0.9141735
1740549614.354134 -20.9158039 -1.9667702 30.9151077 0.0999426 -0.3851690 0.0836810 0.9135939
1740549614.448169 -20.9149952 -1.9653132 30.9120026 0.0993460 -0.3824746 0.0859214 0.9145825
1740549614.553466 -20.9199600 -1.9652473 30.9163475 0.0969138 -0.3803624 0.0837489 0.9159248
1740549614.647489 -20.9228897 -1.9660783 30.9209270 0.0964700 -0.3794172 0.0852152 0.9162284
1740549614.748961 -20.9368057 -1.9721917 30.9364738 0.0968287 -0.3766014 0.0827157 0.9175804
1740549614.847327 -20.9494114 -1.9754378 30.9539261 0.0966339 -0.3769830 0.0881378 0.9169392
1740549614.943044 -20.9809093 -1.9812948 30.9979324 0.0987727 -0.3798507 0.0874789 0.9155899
1740549615.057189 -20.9911137 -1.9958222 31.0398521 0.0971348 -0.3834484 0.0877702 0.9142367
1740549615.152833 -21.0175362 -1.9987268 31.0903397 0.0985211 -0.3883198 0.0878303 0.9120237
1740549615.254438 -21.0391636 -1.9957547 31.1263275 0.1002379 -0.3924397 0.0889897 0.9099584
1740549615.349637 -21.0646534 -1.9974618 31.1670799 0.1043031 -0.3940297 0.0907563 0.9086390
1740549615.445628 -21.0633831 -2.0084162 31.1671391 0.1011285 -0.3925184 0.0893767 0.9097880
1740549615.547668 -21.0655861 -2.0121319 31.1696625 0.1006726 -0.3904178 0.0913962 0.9105415
1740549615.643548 -21.0684547 -2.0229595 31.1808796 0.0988380 -0.3891031 0.0902022 0.9114238
1740549615.752803 -21.0901375 -2.0334771 31.2068672 0.1002185 -0.3899309 0.0922519 0.9107139
1740549615.846265 -21.0927830 -2.0431786 31.2076950 0.0988313 -0.3901972 0.0915801 0.9108192
1740549615.944021 -21.0860901 -2.0315001 31.1954956 0.0996234 -0.3877479 0.0916728 0.9117692
1740549616.047260 -21.0724602 -2.0127521 31.1712875 0.1035491 -0.3863599 0.0910789 0.9119804
1740549616.143185 -21.0697784 -2.0041904 31.1638069 0.1042734 -0.3848068 0.0902136 0.9126403
1740549616.241848 -21.0745831 -2.0129261 31.1689568 0.1032989 -0.3819943 0.0892646 0.9140249
1740549616.341248 -21.0802841 -2.0092173 31.1495819 0.1007879 -0.3785926 0.0887726 0.9157669
1740549616.438199 -21.0730190 -2.0466280 31.1834297 0.0964634 -0.3814118 0.0835931 0.9155502
1740549616.539372 -21.0939732 -2.0773046 31.2229767 0.0931882 -0.3829785 0.0799819 0.9155580
1740549616.634068 -21.1047173 -2.1055050 31.2530823 0.0877021 -0.3845555 0.0761684 0.9157640
1740549616.732043 -21.1183872 -2.1313012 31.2746582 0.0817486 -0.3846467 0.0752459 0.9163526
1740549616.839631 -21.1429234 -2.1429982 31.2914886 0.0823212 -0.3827061 0.0757899 0.9170688
1740549616.935308 -21.1393166 -2.1528232 31.2925758 0.0811160 -0.3821621 0.0735011 0.9175892
1740549617.040743 -21.1564426 -2.1701596 31.3251495 0.0816983 -0.3840594 0.0749181 0.9166303
1740549617.138731 -21.1854210 -2.2054501 31.3823433 0.0778305 -0.3868328 0.0738695 0.9158854
1740549617.236179 -21.2361469 -2.2402906 31.4462643 0.0764071 -0.3868415 0.0742225 0.9159731
1740549617.341592 -21.2841892 -2.2623825 31.5093384 0.0779344 -0.3868565 0.0734757 0.9158983
1740549617.436265 -21.3423195 -2.2755365 31.5808239 0.0796066 -0.3869399 0.0748180 0.9156106
1740549617.540739 -21.3991280 -2.2982924 31.6648502 0.0814682 -0.3875849 0.0745310 0.9151973
1740549617.639475 -21.4460449 -2.3150916 31.7118416 0.0827819 -0.3870132 0.0746703 0.9153100
1740549617.739789 -21.4685001 -2.3089025 31.7106285 0.0863269 -0.3863522 0.0760411 0.9151489
1740549617.843270 -21.5106697 -2.3359630 31.7669754 0.0851447 -0.3877314 0.0752914 0.9147382
1740549617.938823 -21.5534248 -2.3519511 31.8233757 0.0875540 -0.3889984 0.0752679 0.9139745
1740549618.040628 -21.5993538 -2.3854101 31.8811989 0.0865742 -0.3905545 0.0756966 0.9133685
1740549618.141452 -21.6277618 -2.4059386 31.9600105 0.0899266 -0.3934010 0.0746361 0.9119092
1740549618.241658 -21.6609535 -2.4315605 32.0237160 0.0907070 -0.3964104 0.0761927 0.9103987
1740549618.342637 -21.6908092 -2.4512057 32.0670280 0.0930320 -0.3977662 0.0789720 0.9093353
1740549618.441358 -21.7191105 -2.4575915 32.0988350 0.0991510 -0.4006379 0.0803857 0.9073017
1740549618.545709 -21.7769299 -2.4873030 32.1448174 0.1006149 -0.4003938 0.0818088 0.9071212
1740549618.645109 -21.8108311 -2.5022759 32.2113686 0.1051063 -0.4040625 0.0823049 0.9049376
1740549618.757622 -21.8455086 -2.5333118 32.2833176 0.1081676 -0.4088542 0.0815952 0.9024855
1740549618.858716 -21.9084854 -2.5554457 32.3525620 0.1146298 -0.4099899 0.0822665 0.9011107
1740549618.955652 -21.9874725 -2.5997477 32.3947487 0.1174134 -0.4094061 0.0841898 0.9008400
1740549619.074203 -22.0640259 -2.6312366 32.4592361 0.1219147 -0.4098260 0.0870451 0.8997792
1740549619.176067 -22.1250572 -2.6652050 32.5237999 0.1251553 -0.4110635 0.0885871 0.8986185
1740549619.280278 -22.1723022 -2.6989975 32.5996399 0.1292532 -0.4122875 0.0872232 0.8976105
1740549619.384351 -22.2428780 -2.7394054 32.6520462 0.1327107 -0.4123628 0.0892237 0.8968745
1740549619.487283 -22.2849331 -2.7613964 32.7353745 0.1378292 -0.4162465 0.0884423 0.8943824
1740549619.594655 -22.3378220 -2.7928402 32.8068123 0.1424614 -0.4186695 0.0890336 0.8924649
1740549619.695069 -22.3962669 -2.8198555 32.8776169 0.1473888 -0.4197720 0.0897857 0.8910704
1740549619.803017 -22.4695320 -2.8584311 32.9333839 0.1504267 -0.4182882 0.0915356 0.8910826
1740549619.906075 -22.5435925 -2.9037929 32.9881821 0.1526489 -0.4165846 0.0935829 0.8912900
1740549620.013335 -22.6147022 -2.9383829 33.0420799 0.1565969 -0.4165406 0.0949304 0.8904828
1740549620.115288 -22.6883240 -2.9776285 33.0932426 0.1591764 -0.4148174 0.0964622 0.8906652
1740549620.215356 -22.7344627 -3.0237324 33.1665649 0.1599845 -0.4162444 0.0963717 0.8898641
1740549620.324522 -22.8123302 -3.0605249 33.2185593 0.1626407 -0.4136727 0.0980717 0.8903959
1740549620.426030 -22.8779202 -3.0974131 33.2800674 0.1646678 -0.4132634 0.0983548 0.8901821
1740549620.529843 -22.9415627 -3.1350348 33.3532639 0.1661549 -0.4125736 0.0989367 0.8901613
1740549620.634164 -23.0097237 -3.1779189 33.4113426 0.1674742 -0.4108587 0.0998579 0.8906043
1740549620.737197 -23.0735607 -3.2033236 33.4765778 0.1686568 -0.4097399 0.1002577 0.8908516
1740549620.846714 -23.1395683 -3.2404106 33.5403595 0.1689173 -0.4087018 0.1008983 0.8912067
1740549620.949138 -23.2012806 -3.2852683 33.5984726 0.1695149 -0.4067117 0.1013738 0.8919494
1740549621.060401 -23.2560234 -3.3168280 33.6818275 0.1709069 -0.4059295 0.1008449 0.8921000
1740549621.161922 -23.3271446 -3.3536146 33.7451515 0.1710466 -0.4032855 0.1017917 0.8931642
1740549621.268264 -23.3992767 -3.3948131 33.7993279 0.1706737 -0.4001102 0.1034752 0.8944692
1740549621.377157 -23.4484634 -3.4261942 33.8676376 0.1725669 -0.4000837 0.1023029 0.8942527
1740549621.478189 -23.5170212 -3.4706616 33.9285660 0.1718322 -0.3972861 0.1025863 0.8956079
1740549621.584529 -23.5807343 -3.5046830 33.9947929 0.1716949 -0.3945575 0.1040606 0.8966697
1740549621.688830 -23.6372490 -3.5442238 34.0647202 0.1701459 -0.3928070 0.1039919 0.8977409
1740549621.796913 -23.6989861 -3.5856016 34.1306038 0.1687086 -0.3904436 0.1038413 0.8990597
1740549621.900149 -23.7643661 -3.6220458 34.1932755 0.1682736 -0.3864806 0.1043155 0.9007969
1740549622.012600 -23.7985840 -3.6500564 34.2807007 0.1676557 -0.3869886 0.1051814 0.9005933
1740549622.111900 -23.8621788 -3.6913838 34.3455772 0.1660253 -0.3834896 0.1062689 0.9022629
1740549622.213149 -23.9228096 -3.7218170 34.4161682 0.1654599 -0.3810309 0.1060521 0.9034331
1740549622.329160 -23.9522114 -3.7540474 34.5090408 0.1631919 -0.3818341 0.1066956 0.9034308
1740549622.430175 -23.9882355 -3.7838533 34.5958786 0.1616063 -0.3811657 0.1068977 0.9039740
1740549622.544734 -24.0496559 -3.8227344 34.6639328 0.1605330 -0.3775951 0.1065796 0.9056997
1740549622.644675 -24.1163158 -3.8518720 34.7310028 0.1591102 -0.3735823 0.1074762 0.9075071
1740549622.747260 -24.1697044 -3.8827021 34.8106613 0.1572246 -0.3716208 0.1072559 0.9086664
1740549622.861282 -24.2116318 -3.9152746 34.8946266 0.1552123 -0.3702508 0.1071382 0.9095850
1740549622.963896 -24.2815380 -3.9487355 34.9608498 0.1536317 -0.3656403 0.1073008 0.9116968
1740549623.081765 -24.3381500 -3.9905260 35.0320702 0.1507486 -0.3617116 0.1071334 0.9137626
1740549623.189873 -24.3923874 -4.0214300 35.1093941 0.1499214 -0.3580648 0.1075789 0.9152814
1740549623.302645 -24.4568291 -4.0582695 35.1802216 0.1473440 -0.3537395 0.1083726 0.9172860
1740549623.410612 -24.5182362 -4.0853229 35.2533340 0.1457859 -0.3498714 0.1081708 0.9190406
1740549623.524911 -24.5723858 -4.1120067 35.3339844 0.1440499 -0.3466458 0.1084346 0.9205043
1740549623.626317 -24.6327133 -4.1408358 35.4086609 0.1423989 -0.3422884 0.1087021 0.9223585
1740549623.729157 -24.6947460 -4.1751537 35.4841690 0.1406083 -0.3376663 0.1086568 0.9243400
1740549623.944000 -24.8045578 -4.2380643 35.6384201 0.1373188 -0.3294390 0.1093347 0.9277173
1740549624.160603 -24.9115887 -4.3005919 35.7971268 0.1346012 -0.3212771 0.1099296 0.9309022
1740549624.377112 -25.0176277 -4.3600788 35.9537125 0.1320539 -0.3142596 0.1104132 0.9336014
1740549624.691920 -25.1658344 -4.4402137 36.1961975 0.1290834 -0.3031262 0.1122274 0.9374738
1740549624.910107 -25.2679920 -4.4987464 36.3553734 0.1278600 -0.2948470 0.1139550 0.9400699
1740549625.231873 -25.4055138 -4.6096883 36.5965462 0.1253975 -0.2833438 0.1148438 0.9438235
1740549625.663149 -25.5877953 -4.7382050 36.9310150 0.1219881 -0.2704174 0.1151350 0.9480176
1740549625.999493 -25.7186737 -4.8071051 37.1902962 0.1204023 -0.2613955 0.1165039 0.9505802
1740549626.313960 -25.8462105 -4.8950305 37.4425583 0.1156570 -0.2530878 0.1173354 0.9533113
1740549626.726050 -26.0072441 -4.9869699 37.7839241 0.1111451 -0.2452065 0.1172782 0.9559113
1740549627.145534 -26.2010555 -5.0697103 38.1274681 0.1078256 -0.2378740 0.1172393 0.9581464
1740549627.544636 -26.3628330 -5.1715965 38.4751282 0.1051151 -0.2315878 0.1177927 0.9599181
1740549627.737180 -26.4442101 -5.2089100 38.6465607 0.1073703 -0.2269313 0.1191609 0.9606115
1740549627.944180 -26.4518890 -5.2715673 38.8069839 0.1062499 -0.2256807 0.1163489 0.9613751
1740549628.044589 -26.4536724 -5.2993670 38.9007301 0.1077313 -0.2262677 0.1171047 0.9609804
1740549628.243753 -26.5379829 -5.3632507 39.0751114 0.1102987 -0.2192209 0.1181542 0.9621934
1740549628.448303 -26.6239853 -5.4179869 39.2520676 0.1129323 -0.2108289 0.1197390 0.9635663
1740549628.656731 -26.7056751 -5.4751306 39.4214134 0.1184961 -0.2010346 0.1219769 0.9647100
1740549628.754553 -26.7165413 -5.5114737 39.5139084 0.1194874 -0.1973442 0.1236509 0.9651365
1740549628.863061 -26.7202358 -5.5510526 39.6017838 0.1203368 -0.1935815 0.1230654 0.9658676
1740549629.065217 -26.7822380 -5.6251335 39.7843590 0.1240490 -0.1827289 0.1241990 0.9673658
1740549629.264604 -26.8221855 -5.6826653 39.9661827 0.1292005 -0.1714462 0.1267058 0.9684312
1740549629.373502 -26.8399429 -5.7199435 40.0633736 0.1303027 -0.1666006 0.1269698 0.9690945
1740549629.471020 -26.8712349 -5.7508888 40.1455650 0.1320976 -0.1595480 0.1290829 0.9697589
1740549629.579227 -26.8981018 -5.7828970 40.2415924 0.1339964 -0.1547474 0.1301328 0.9701359
1740549629.678558 -26.9200497 -5.8121786 40.3363190 0.1359684 -0.1497164 0.1319124 0.9704106
1740549629.787175 -26.9441051 -5.8434396 40.4257622 0.1367950 -0.1435796 0.1325766 0.9711310
1740549629.882483 -26.9480820 -5.8722820 40.5214691 0.1378918 -0.1392131 0.1331422 0.9715342
1740549629.981311 -26.9750538 -5.8994379 40.6141510 0.1394686 -0.1330801 0.1351908 0.9718856
1740549630.094164 -26.9729462 -5.9357109 40.7125320 0.1395648 -0.1300272 0.1352937 0.9722707
1740549630.192051 -26.9876099 -5.9733119 40.8021431 0.1398347 -0.1246249 0.1357947 0.9728693
1740549630.295244 -27.0088062 -5.9994202 40.8963547 0.1403947 -0.1197430 0.1369522 0.9732395
1740549630.487705 -27.0402832 -6.0621858 41.0912209 0.1395381 -0.1120802 0.1379600 0.9741325
1740549630.687453 -27.0617065 -6.1226587 41.2765579 0.1394583 -0.1053685 0.1393433 0.9746960
1740549630.800888 -27.0689487 -6.1537943 41.3754921 0.1381256 -0.1023197 0.1394272 0.9751984
1740549630.896248 -27.0841427 -6.1767807 41.4733887 0.1376092 -0.0992960 0.1401391 0.9754820
1740549630.995912 -27.1215210 -6.2079086 41.5616837 0.1366666 -0.0953088 0.1404925 0.9759613
1740549631.100505 -27.1339436 -6.2327957 41.6567841 0.1357652 -0.0934797 0.1405536 0.9762551
1740549631.201226 -27.1389065 -6.2582722 41.7579384 0.1347068 -0.0912640 0.1409126 0.9765596
1740549631.407585 -27.1536102 -6.3235412 41.9462051 0.1330579 -0.0867702 0.1412893 0.9771407
1740549631.614023 -27.1865730 -6.3702316 42.1422539 0.1316815 -0.0814147 0.1416900 0.9777298
1740549631.814425 -27.1946373 -6.4234581 42.3383217 0.1301628 -0.0776562 0.1423927 0.9781367
1740549631.915447 -27.2001991 -6.4484410 42.4368973 0.1300679 -0.0756544 0.1426691 0.9782660
1740549632.015391 -27.2050285 -6.4683700 42.5354309 0.1300668 -0.0735166 0.1429584 0.9783869
1740549632.215508 -27.2318020 -6.5206795 42.7305832 0.1290203 -0.0690145 0.1438289 0.9787257
1740549632.319440 -27.2391014 -6.5491066 42.8275108 0.1293243 -0.0672174 0.1440970 0.9787712
1740549632.520519 -27.2536659 -6.6145473 43.0188828 0.1301956 -0.0622523 0.1447629 0.9788858
1740549632.730045 -27.2763233 -6.6627989 43.2129250 0.1321704 -0.0564728 0.1454926 0.9788635
1740549632.936332 -27.2761116 -6.7185688 43.4099998 0.1343623 -0.0504544 0.1464657 0.9787487
1740549633.045254 -27.2784233 -6.7427826 43.5077515 0.1362955 -0.0475194 0.1469371 0.9785576
1740549633.249310 -27.2822895 -6.8056726 43.7014771 0.1400647 -0.0414867 0.1481437 0.9781176
1740549633.376445 -27.2916527 -6.8389087 43.7966042 0.1424353 -0.0384932 0.1485863 0.9778306
1740549633.590641 -27.2893524 -6.8991022 43.9916954 0.1471153 -0.0323011 0.1494385 0.9772317
1740549633.816286 -27.2856178 -6.9613218 44.1832123 0.1531038 -0.0265229 0.1502856 0.9763554
1740549634.021491 -27.2706871 -7.0270548 44.3751869 0.1592474 -0.0200944 0.1513921 0.9753548
1740549634.232577 -27.2545338 -7.0954914 44.5652924 0.1667815 -0.0145462 0.1521062 0.9740822
1740549634.443398 -27.2386093 -7.1735973 44.7547836 0.1747722 -0.0082236 0.1529873 0.9726160
1740549634.545236 -27.2345562 -7.2089529 44.8477936 0.1786062 -0.0048867 0.1534431 0.9718699
1740549634.850532 -27.2100277 -7.3256960 45.1276817 0.1929832 0.0030608 0.1545822 0.9689440
1740549635.163154 -27.1782265 -7.4512320 45.4020081 0.2079268 0.0101719 0.1555929 0.9656366
1740549635.463416 -27.1435680 -7.5888252 45.6669388 0.2240546 0.0163670 0.1561451 0.9618474
1740549635.770038 -27.0991478 -7.7366362 45.9265289 0.2416735 0.0217793 0.1561439 0.9574647
1740549635.974606 -27.0604763 -7.8474035 46.0940094 0.2527690 0.0251625 0.1556642 0.9545907
1740549636.480143 -27.0037041 -8.1282730 46.5081940 0.2800117 0.0330821 0.1554563 0.9467483
1740549636.893617 -26.9393539 -8.3634758 46.8309250 0.2998483 0.0394819 0.1553878 0.9404184
1740549637.292889 -26.8539257 -8.6138897 47.1312447 0.3151929 0.0484057 0.1565495 0.9347741
1740549637.706130 -26.7459145 -8.8729954 47.4248924 0.3258774 0.0563725 0.1579726 0.9304143
1740549638.009745 -26.6871395 -9.0641136 47.6527405 0.3287471 0.0632973 0.1600381 0.9286047
1740549638.314052 -26.6113567 -9.2520876 47.8753014 0.3279563 0.0697362 0.1621831 0.9280508
1740549638.504917 -26.5623932 -9.3762054 48.0275192 0.3254376 0.0737788 0.1640612 0.9282947
1740549638.705222 -26.5070953 -9.4920082 48.1851540 0.3209877 0.0764738 0.1657728 0.9293213
1740549638.905530 -26.4510117 -9.6071386 48.3400612 0.3142750 0.0784456 0.1666622 0.9312901
1740549639.106789 -26.3961582 -9.7123718 48.5036354 0.3060348 0.0794355 0.1681662 0.9336771
1740549639.310236 -26.3298988 -9.8070621 48.6663704 0.2963000 0.0786368 0.1693541 0.9366653
1740549639.507769 -26.2577553 -9.8879452 48.8361588 0.2864535 0.0750212 0.1697113 0.9399544
1740549639.713759 -26.1757507 -9.9671516 49.0036774 0.2757527 0.0677802 0.1692331 0.9437830
1740549639.915498 -26.1191750 -10.0413113 49.1790771 0.2643625 0.0588597 0.1674767 0.9479449
1740549640.214014 -26.0710297 -10.1522713 49.4549675 0.2485376 0.0366602 0.1636410 0.9539952
1740549640.420347 -26.0632095 -10.2308159 49.6386528 0.2386725 0.0176139 0.1592361 0.9577939
1740549640.735477 -26.0863380 -10.3469095 49.9147453 0.2271526 -0.0178100 0.1515469 0.9618306
1740549640.943924 -26.1297340 -10.4270763 50.0929260 0.2208602 -0.0444552 0.1449915 0.9634428
1740549641.148563 -26.1858578 -10.5133553 50.2638626 0.2152173 -0.0727255 0.1384889 0.9639571
1740549641.359940 -26.2509041 -10.5918198 50.4367332 0.2111486 -0.1019329 0.1312117 0.9632287
1740549641.569905 -26.3178310 -10.6793280 50.6046295 0.2081533 -0.1319570 0.1246319 0.9611069
1740549641.782973 -26.3913155 -10.7587795 50.7735138 0.2069336 -0.1612945 0.1171117 0.9578348
1740549641.995753 -26.4794922 -10.8375368 50.9318466 0.2066416 -0.1898909 0.1109402 0.9533798
1740549642.209983 -26.5886745 -10.9166679 51.0816650 0.2077982 -0.2168767 0.1038985 0.9481506
1740549642.438559 -26.7005367 -11.0109720 51.2215843 0.2082783 -0.2422113 0.0985971 0.9424608
1740549642.659700 -26.8132973 -11.1065464 51.3558998 0.2108130 -0.2662835 0.0929606 0.9359537
1740549642.865395 -26.9470062 -11.2017040 51.4796028 0.2131503 -0.2862650 0.0882915 0.9299591
1740549643.063432 -27.0717697 -11.2948227 51.6058464 0.2153500 -0.3058530 0.0846281 0.9235348
1740549643.265390 -27.2070160 -11.3919630 51.7237778 0.2177214 -0.3217478 0.0818933 0.9178068
1740549643.469826 -27.3363285 -11.4662867 51.8491364 0.2234407 -0.3356827 0.0776678 0.9117889
1740549643.681568 -27.4645844 -11.5529728 51.9657173 0.2267688 -0.3474819 0.0774609 0.9065496
1740549643.890033 -27.5915890 -11.6562214 52.0922852 0.2272481 -0.3567449 0.0762548 0.9029267
1740549644.100193 -27.7303467 -11.7512493 52.2022629 0.2303352 -0.3600360 0.0766989 0.9007980
1740549644.296247 -27.8556175 -11.8435907 52.3326874 0.2338421 -0.3629987 0.0770266 0.8986750
1740549644.499808 -27.9968605 -11.9573002 52.4732819 0.2353805 -0.3653399 0.0795866 0.8971002
1740549644.703569 -28.1034718 -12.0202103 52.5760460 0.2406482 -0.3633557 0.0806645 0.8964119
1740549644.902162 -28.2399902 -12.1503839 52.6977234 0.2412717 -0.3605584 0.0806573 0.8973740
1740549645.105384 -28.3248463 -12.2469406 52.8166046 0.2382825 -0.3590418 0.0849397 0.8983850
1740549645.303426 -28.4332504 -12.3763390 52.9436264 0.2403137 -0.3539102 0.0795927 0.9003676
1740549645.507326 -28.5524788 -12.4818430 53.0911331 0.2416538 -0.3499008 0.0799749 0.9015414
1740549645.716765 -28.6639118 -12.5797138 53.1902084 0.2383782 -0.3440367 0.0835665 0.9043402
1740549645.917618 -28.7675514 -12.6714344 53.3345642 0.2387734 -0.3383549 0.0842117 0.9063177
1740549646.015891 -28.8163128 -12.7304573 53.4027863 0.2368912 -0.3364805 0.0832768 0.9075949
1740549646.120419 -28.8763733 -12.8005524 53.4598160 0.2351195 -0.3331161 0.0807289 0.9095248
1740549646.220241 -28.9168797 -12.8421116 53.5368195 0.2336343 -0.3310119 0.0798244 0.9107548
1740549646.336909 -28.9775696 -12.8843861 53.6080399 0.2338071 -0.3276241 0.0811073 0.9118214
1740549646.433342 -29.0421448 -12.9421844 53.6711807 0.2301404 -0.3239255 0.0813828 0.9140484
1740549646.535317 -29.0775757 -12.9795361 53.7433701 0.2282956 -0.3230674 0.0820241 0.9147571
1740549646.641778 -29.1273136 -13.0327988 53.8125801 0.2278261 -0.3202220 0.0794340 0.9161023
1740549646.744200 -29.1744461 -13.0761271 53.8811188 0.2241723 -0.3179121 0.0789708 0.9178466
1740549646.851672 -29.2196674 -13.1194038 53.9540863 0.2221487 -0.3164256 0.0780658 0.9189290
1740549646.951820 -29.2709885 -13.1650677 54.0291138 0.2199116 -0.3145329 0.0778225 0.9201368
1740549647.049127 -29.3203545 -13.2091789 54.0977783 0.2182941 -0.3113050 0.0757701 0.9217895
1740549647.153473 -29.3854618 -13.2463379 54.1684990 0.2147791 -0.3085434 0.0786550 0.9233007
1740549647.252764 -29.4245377 -13.2877026 54.2424545 0.2133873 -0.3063186 0.0765507 0.9245403
1740549647.364696 -29.4816189 -13.3285179 54.3283463 0.2116368 -0.3045073 0.0764721 0.9255470
1740549647.565797 -29.5345211 -13.4200220 54.4649734 0.2047744 -0.3025075 0.0710480 0.9281750
1740549647.670778 -29.5766335 -13.4591198 54.5456810 0.2024097 -0.3015585 0.0689119 0.9291630
1740549647.771508 -29.6182690 -13.4946432 54.6239052 0.2004292 -0.3010711 0.0686957 0.9297662
1740549647.879328 -29.6672344 -13.5344791 54.6981392 0.1971213 -0.2996329 0.0675323 0.9310225
1740549647.979796 -29.7255974 -13.5690422 54.7768364 0.1946875 -0.2972407 0.0673602 0.9323129
1740549648.188091 -29.7630062 -13.5988197 54.8884888 0.1922082 -0.2973098 0.0629384 0.9331139
1740549648.288701 -29.7566414 -13.6269388 54.9586868 0.1896698 -0.3013008 0.0603914 0.9325214
1740549648.396467 -29.8165760 -13.6585693 55.0267105 0.1874648 -0.3001452 0.0608637 0.9333088
1740549648.495223 -29.8680172 -13.6950722 55.1043396 0.1841982 -0.3006367 0.0591595 0.9339105
1740549648.602912 -29.9164410 -13.7279463 55.1724854 0.1815979 -0.3011938 0.0592780 0.9342327
1740549648.904836 -30.0786648 -13.8321400 55.3999023 0.1718608 -0.3054463 0.0545823 0.9349798
1740549649.006163 -30.1407566 -13.8614531 55.4765701 0.1704426 -0.3059903 0.0532885 0.9351361
1740549649.119499 -30.1435089 -13.8943520 55.5425568 0.1670610 -0.3120418 0.0489332 0.9339840
1740549649.216774 -30.1484585 -13.9263544 55.5943336 0.1634134 -0.3173412 0.0472280 0.9329309
1740549649.320224 -30.1321487 -13.9500561 55.6454239 0.1599363 -0.3242148 0.0406507 0.9314787
1740549649.423973 -30.1313324 -13.9647226 55.6985321 0.1578646 -0.3308064 0.0360696 0.9297015
1740549649.525301 -30.1187229 -13.9583883 55.7562904 0.1592730 -0.3387121 0.0305429 0.9268082
1740549649.652052 -30.0989819 -13.9576378 55.8100700 0.1586969 -0.3471407 0.0242440 0.9239702
1740549649.751437 -30.0824814 -13.9894867 55.8563156 0.1532295 -0.3556568 0.0172903 0.9218080
1740549649.854495 -30.0804176 -14.0076694 55.8916397 0.1496116 -0.3617843 0.0122415 0.9200971
1740549649.958183 -30.0772400 -14.0026197 55.9461098 0.1490175 -0.3694980 0.0061266 0.9171846
1740549650.056503 -30.0683632 -13.9838219 55.9879189 0.1519041 -0.3775939 0.0026543 0.9134226
1740549650.158216 -30.0528221 -13.9656849 56.0481415 0.1558053 -0.3883664 -0.0033935 0.9082317
1740549650.257781 -30.0422211 -13.9585056 56.1031876 0.1569522 -0.3974701 -0.0097913 0.9040396
1740549650.368215 -30.0289230 -13.9673882 56.1546021 0.1578381 -0.4065725 -0.0164166 0.8997313
1740549650.469107 -30.0221004 -13.9552984 56.2037086 0.1599530 -0.4142367 -0.0214823 0.8957464
1740549650.564791 -30.0120220 -13.9380064 56.2603798 0.1638590 -0.4232202 -0.0306425 0.8905593
1740549650.674701 -30.0149956 -13.8915205 56.3096581 0.1729641 -0.4292622 -0.0377231 0.8856605
1740549650.775154 -30.0059013 -13.8727436 56.3655891 0.1784103 -0.4381787 -0.0436171 0.8799243
1740549650.881970 -30.0030441 -13.8715353 56.4128113 0.1799507 -0.4459698 -0.0486575 0.8754206
1740549650.980436 -30.0202675 -13.8828669 56.4415970 0.1802394 -0.4500921 -0.0562574 0.8727921
1740549651.095987 -30.0300179 -13.8734732 56.4999084 0.1831132 -0.4572085 -0.0585389 0.8683335
1740549651.191947 -30.0355225 -13.8798523 56.5571938 0.1847865 -0.4657314 -0.0609875 0.8632663
1740549651.290850 -30.0471039 -13.8368816 56.6131477 0.1925304 -0.4717449 -0.0631885 0.8581352
1740549651.400609 -30.0524063 -13.8138819 56.6389618 0.1970218 -0.4765110 -0.0656320 0.8542904
1740549651.501920 -30.0422211 -13.8241482 56.7029037 0.1972155 -0.4877715 -0.0684919 0.8476402
1740549651.605497 -30.0233994 -13.8602238 56.7463379 0.1934328 -0.4978750 -0.0726603 0.8422735
1740549651.714925 -30.0146790 -13.8525448 56.8071251 0.1964158 -0.5085596 -0.0745584 0.8350024
1740549651.816501 -29.9976883 -13.8709612 56.8737526 0.1950887 -0.5217286 -0.0766198 0.8269638
1740549651.928633 -30.0040131 -13.8366766 56.9099312 0.2007431 -0.5276513 -0.0775362 0.8217508
1740549652.029412 -30.0209370 -13.7684765 56.9626236 0.2109519 -0.5332868 -0.0747385 0.8157933
1740549652.135803 -30.0265865 -13.7276859 57.0051003 0.2185604 -0.5396942 -0.0726871 0.8097395
1740549652.235466 -30.0537224 -13.6742096 57.0084686 0.2272720 -0.5407985 -0.0697907 0.8068542
1740549652.339200 -30.0756454 -13.5964546 56.9659500 0.2422239 -0.5362393 -0.0703998 0.8054929
1740549652.440713 -30.1084499 -13.5453033 56.9703445 0.2526046 -0.5357931 -0.0684035 0.8027688
1740549652.540389 -30.1416264 -13.5324907 56.9412346 0.2559695 -0.5328585 -0.0681059 0.8036810
1740549652.652171 -30.1876087 -13.5246382 56.9224739 0.2592080 -0.5302584 -0.0683989 0.8043375
1740549652.751279 -30.2441597 -13.4734945 56.9218941 0.2701773 -0.5249451 -0.0656207 0.8044444
1740549652.853428 -30.2994843 -13.4895821 56.9355812 0.2714028 -0.5257495 -0.0637142 0.8036594
1740549652.953707 -30.3657780 -13.4955492 56.9589500 0.2757373 -0.5283387 -0.0631575 0.8005238
1740549653.052607 -30.4507732 -13.5379992 56.9692955 0.2765965 -0.5279031 -0.0615426 0.8006404
1740549653.156767 -30.5354824 -13.5832443 56.9856682 0.2767700 -0.5270933 -0.0615106 0.8011163
1740549653.256675 -30.6172943 -13.6114864 57.0069084 0.2800351 -0.5264415 -0.0616142 0.8004020
1740549653.366024 -30.7065639 -13.6403933 57.0260811 0.2835954 -0.5261117 -0.0617523 0.7993540
1740549653.464716 -30.7729950 -13.6677961 57.0565834 0.2863388 -0.5286708 -0.0563795 0.7970813
1740549653.563357 -30.8313408 -13.6710024 57.0841560 0.2935657 -0.5301089 -0.0544837 0.7936217
1740549653.677867 -30.9054356 -13.6915731 57.1106758 0.3012233 -0.5316388 -0.0528874 0.7898277
1740549653.785865 -30.9120750 -13.6888208 57.1040077 0.3047419 -0.5314904 -0.0523532 0.7886124
1740549653.888787 -30.9276924 -13.6657600 57.1318741 0.3139850 -0.5321034 -0.0500731 0.7847115
1740549653.989970 -30.9282951 -13.6594009 57.1398201 0.3193921 -0.5332706 -0.0488670 0.7818077
1740549654.097219 -30.9787712 -13.6033964 57.1848335 0.3327910 -0.5346056 -0.0389161 0.7758431
1740549654.197119 -31.0456848 -13.5062065 57.2390709 0.3476277 -0.5348433 -0.0254824 0.7697067
1740549654.296767 -31.0537205 -13.5361252 57.3122063 0.3593239 -0.5410515 -0.0323056 0.7596749
1740549654.407119 -31.1079674 -13.4898224 57.2996635 0.3649128 -0.5386015 -0.0198308 0.7591798
1740549654.507953 -31.0852718 -13.5858927 57.3051987 0.3617286 -0.5436260 -0.0319920 0.7567033
1740549654.615599 -31.1275215 -13.5921869 57.4073524 0.3697194 -0.5534874 -0.0274936 0.7457904
1740549654.715942 -31.1348343 -13.7062569 57.4182091 0.3651452 -0.5586120 -0.0386452 0.7437258
1740549654.815002 -31.1722031 -13.7770844 57.4738235 0.3647286 -0.5653908 -0.0427652 0.7385645
1740549654.922844 -31.2470589 -13.8714495 57.4785767 0.3588799 -0.5669419 -0.0499297 0.7397900
1740549655.025707 -31.3187180 -13.8972816 57.5291214 0.3637418 -0.5694394 -0.0501497 0.7354698
1740549655.135587 -31.4099007 -13.9450665 57.5360603 0.3618189 -0.5693474 -0.0501186 0.7364908
1740549655.236899 -31.4964027 -13.9833212 57.5635185 0.3611936 -0.5701904 -0.0497711 0.7361692
1740549655.452805 -31.6634178 -14.0685778 57.5953865 0.3586452 -0.5698909 -0.0515824 0.7375210
1740549655.662498 -31.8244267 -14.1488562 57.6474762 0.3565090 -0.5734000 -0.0532708 0.7357146
1740549655.885460 -31.9983521 -14.2109585 57.7201424 0.3575157 -0.5782816 -0.0508499 0.7315650
1740549656.097600 -32.1519623 -14.3169365 57.7705994 0.3540426 -0.5831892 -0.0574574 0.7288641
1740549656.199417 -32.2438049 -14.3445625 57.8021545 0.3534769 -0.5841002 -0.0555354 0.7285580
1740549656.296118 -32.3325081 -14.3522453 57.8490181 0.3525675 -0.5846153 -0.0543157 0.7286775
