1740548123.257494 0.0000000 0.0000000 0.0000000 -0.0000000 -0.0000000 -0.0000000 1.0000000
1740548123.600834 0.0243778 0.0347593 0.0560002 0.0017250 -0.0012370 -0.0005773 0.9999976
1740548123.767802 0.0112353 0.0424854 0.1187461 0.0036797 -0.0033420 -0.0005100 0.9999875
1740548123.967808 0.0056944 0.0296046 0.1901937 0.0058887 -0.0070255 -0.0002859 0.9999580
1740548124.168156 -0.0114718 0.0134845 0.2536087 0.0086777 -0.0109146 -0.0002748 0.9999027
1740548124.367837 -0.0328595 -0.0072967 0.3168680 0.0119491 -0.0153390 0.0000187 0.9998110
1740548124.492200 -0.0594074 -0.0132712 0.3804308 0.0164699 -0.0208130 -0.0000631 0.9996477
1740548124.600967 -0.0786012 -0.0241660 0.4448009 0.0209373 -0.0266393 0.0002048 0.9994258
1740548124.712500 -0.0896787 -0.0432975 0.5103716 0.0252432 -0.0334135 0.0002714 0.9991227
1740548124.822809 -0.0990456 -0.0641326 0.5784972 0.0298159 -0.0409948 0.0004112 0.9987143
1740548124.953260 -0.1136016 -0.0785056 0.6433204 0.0346858 -0.0486305 0.0007999 0.9982141
1740548125.179352 -0.1437764 -0.1136735 0.7748927 0.0446908 -0.0649923 0.0005764 0.9968843
1740548125.289541 -0.1566262 -0.1274938 0.8384765 0.0494213 -0.0733508 0.0006479 0.9960807
1740548125.415850 -0.1678501 -0.1435301 0.9017613 0.0539568 -0.0817174 0.0010247 0.9951934
1740548125.524364 -0.1864268 -0.1571888 0.9659790 0.0580863 -0.0897589 0.0009726 0.9942678
1740548125.638710 -0.2109670 -0.1630985 1.0309894 0.0617515 -0.0977432 0.0007688 0.9932937
1740548125.750586 -0.2342057 -0.1666435 1.0947666 0.0653312 -0.1055932 0.0008621 0.9922606
1740548125.857788 -0.2510571 -0.1854987 1.1574233 0.0677180 -0.1130230 0.0007562 0.9912817
1740548125.976015 -0.2788229 -0.1901688 1.2195673 0.0702475 -0.1198641 0.0006318 0.9903017
1740548126.083580 -0.3123033 -0.2053754 1.2795947 0.0717762 -0.1259673 0.0004913 0.9894343
1740548126.202245 -0.3403728 -0.2090227 1.3398373 0.0735695 -0.1318485 0.0001810 0.9885360
1740548126.302605 -0.3631510 -0.2248319 1.4022468 0.0743066 -0.1375957 0.0000962 0.9876973
1740548126.418423 -0.3988275 -0.2282222 1.4590293 0.0752279 -0.1420794 -0.0004830 0.9869924
1740548126.523335 -0.4228398 -0.2297852 1.5218395 0.0758414 -0.1466962 -0.0006794 0.9862697
1740548126.636805 -0.4514792 -0.2414237 1.5845734 0.0754451 -0.1507152 -0.0015447 0.9856930
1740548126.746065 -0.4795170 -0.2407930 1.6420759 0.0751535 -0.1540020 -0.0016357 0.9852070
1740548126.852478 -0.5039971 -0.2325143 1.7105031 0.0753699 -0.1574212 -0.0015649 0.9846500
1740548126.966245 -0.5291088 -0.2456845 1.7717986 0.0744742 -0.1600812 -0.0023257 0.9842877
1740548127.072243 -0.5589059 -0.2523277 1.8294078 0.0742020 -0.1619135 -0.0024274 0.9840083
1740548127.188076 -0.5792134 -0.2515231 1.8954991 0.0742469 -0.1643598 -0.0025496 0.9835989
1740548127.298715 -0.6117441 -0.2552400 1.9501613 0.0734047 -0.1652478 -0.0024736 0.9835135
1740548127.419831 -0.6382154 -0.2692294 2.0059025 0.0727799 -0.1664263 -0.0031166 0.9833594
1740548127.524199 -0.6592971 -0.2792346 2.0726194 0.0716933 -0.1683052 -0.0037260 0.9831173
1740548127.638293 -0.6877160 -0.2892165 2.1382701 0.0710838 -0.1693414 -0.0033695 0.9829849
1740548127.738134 -0.7109511 -0.3000635 2.1985888 0.0698332 -0.1704196 -0.0036051 0.9828873
1740548127.837375 -0.7305331 -0.2835053 2.2595830 0.0706589 -0.1716457 -0.0031030 0.9826166
1740548127.943958 -0.7678444 -0.3149954 2.3158338 0.0685870 -0.1718218 -0.0039941 0.9827294
1740548128.043946 -0.8010744 -0.3238930 2.3758922 0.0674300 -0.1721824 -0.0043504 0.9827449
1740548128.155850 -0.8214794 -0.3239190 2.4433434 0.0670217 -0.1729679 -0.0043375 0.9826350
1740548128.260129 -0.8530363 -0.3249775 2.5001373 0.0664934 -0.1728051 -0.0047406 0.9826976
1740548128.360034 -0.8773652 -0.3335374 2.5584576 0.0659588 -0.1726538 -0.0045962 0.9827609
1740548128.468807 -0.9071819 -0.3236880 2.6146960 0.0662920 -0.1723766 -0.0044136 0.9827880
1740548128.570396 -0.9295782 -0.3229308 2.6815012 0.0658224 -0.1725376 -0.0044515 0.9827911
1740548128.671881 -0.9501699 -0.3460590 2.7471805 0.0646231 -0.1723250 -0.0054147 0.9829032
1740548128.769964 -0.9668216 -0.3450506 2.8049860 0.0645114 -0.1715787 -0.0050361 0.9830431
1740548128.885708 -0.9931090 -0.3343360 2.8689783 0.0649116 -0.1717980 -0.0059265 0.9829735
1740548128.987390 -1.0139344 -0.3338059 2.9326012 0.0648046 -0.1715264 -0.0054438 0.9830308
1740548129.087638 -1.0463139 -0.3364884 2.9905322 0.0644313 -0.1704499 -0.0050894 0.9832444
1740548129.194873 -1.0828434 -0.3492203 3.0423563 0.0638012 -0.1685549 -0.0051624 0.9836117
1740548129.295569 -1.1071750 -0.3608733 3.1049416 0.0641529 -0.1681014 -0.0053125 0.9836656
1740548129.405489 -1.1304468 -0.3704349 3.1674209 0.0640329 -0.1672275 -0.0048969 0.9838246
1740548129.505319 -1.1552304 -0.3886786 3.2340145 0.0638308 -0.1664089 -0.0048774 0.9839766
1740548129.603457 -1.1815521 -0.3900796 3.2953970 0.0650829 -0.1650862 -0.0042259 0.9841204
1740548129.705925 -1.2061967 -0.3972096 3.3597333 0.0657654 -0.1638371 -0.0044619 0.9842827
1740548129.806282 -1.2307898 -0.3999866 3.4283166 0.0667164 -0.1629715 -0.0042828 0.9843632
1740548129.916671 -1.2536315 -0.4003062 3.4966109 0.0674248 -0.1619681 -0.0037188 0.9844828
1740548130.019258 -1.2906952 -0.4040377 3.5575831 0.0685266 -0.1601153 -0.0035521 0.9847104
1740548130.137242 -1.3077534 -0.4009080 3.6196737 0.0698419 -0.1582876 -0.0037698 0.9849127
1740548130.238321 -1.3431305 -0.4003824 3.6827655 0.0714037 -0.1561120 -0.0034607 0.9851490
1740548130.340650 -1.3575363 -0.3978158 3.7439120 0.0736976 -0.1555374 -0.0032277 0.9850718
1740548130.446483 -1.3670787 -0.4042279 3.8142877 0.0759327 -0.1539042 -0.0025886 0.9851604
1740548130.547619 -1.3917189 -0.4182582 3.8716984 0.0783934 -0.1508046 -0.0020670 0.9854482
1740548130.654367 -1.4094160 -0.4165139 3.9405289 0.0815487 -0.1485243 -0.0010163 0.9855402
1740548130.757010 -1.4230340 -0.4326334 4.0050755 0.0841297 -0.1463490 -0.0000673 0.9856491
1740548130.860462 -1.4474461 -0.4636257 4.0589237 0.0869101 -0.1432059 0.0000631 0.9858695
1740548130.970002 -1.4766505 -0.4678490 4.1186037 0.0898213 -0.1399386 0.0009803 0.9860773
1740548131.072482 -1.4912405 -0.4795903 4.1845675 0.0934852 -0.1378472 0.0017254 0.9860303
1740548131.182337 -1.4966966 -0.4866472 4.2481256 0.0974847 -0.1363366 0.0028679 0.9858503
1740548131.285251 -1.5255580 -0.4852403 4.3126616 0.1013553 -0.1332406 0.0040119 0.9858793
1740548131.391613 -1.5454081 -0.5058488 4.3743982 0.1045459 -0.1311945 0.0044550 0.9858186
1740548131.497764 -1.5413835 -0.5088711 4.4160395 0.1069654 -0.1315349 0.0035882 0.9855172
1740548131.600954 -1.5320083 -0.5091316 4.4614992 0.1112731 -0.1326193 0.0036940 0.9848943
1740548131.706591 -1.5284910 -0.5138304 4.5050302 0.1131992 -0.1321244 0.0031582 0.9847432
1740548131.809406 -1.5400518 -0.5035768 4.5467329 0.1180745 -0.1311574 0.0038841 0.9842973
1740548131.921936 -1.5489093 -0.5034150 4.5859876 0.1220879 -0.1295633 0.0048369 0.9840145
1740548132.023068 -1.5453019 -0.5025328 4.6246934 0.1247463 -0.1309412 0.0041462 0.9835017
1740548132.139478 -1.5354135 -0.5186591 4.6791034 0.1263779 -0.1317024 0.0037386 0.9831933
1740548132.237021 -1.5370154 -0.5453511 4.7135463 0.1279085 -0.1334907 0.0046045 0.9827505
1740548132.340472 -1.5357462 -0.5579642 4.7404408 0.1295359 -0.1342165 0.0038409 0.9824417
1740548132.449287 -1.5331950 -0.5605623 4.7469587 0.1301463 -0.1352233 0.0057051 0.9822139
1740548132.549325 -1.5614607 -0.5695769 4.7805681 0.1327065 -0.1319074 0.0057108 0.9823222
1740548132.656811 -1.5584471 -0.5723448 4.8201604 0.1346321 -0.1336684 0.0045510 0.9818280
1740548132.759862 -1.5532798 -0.5743926 4.8628039 0.1361718 -0.1360749 0.0034597 0.9812894
1740548132.863276 -1.5518372 -0.5748304 4.9029374 0.1389010 -0.1357333 0.0022913 0.9809576
1740548132.977784 -1.5496591 -0.5751619 4.9422746 0.1397700 -0.1377115 0.0015899 0.9805597
1740548133.081616 -1.5529395 -0.5739127 4.9879532 0.1415268 -0.1383297 0.0009213 0.9802215
1740548133.200546 -1.5559953 -0.5919459 5.0273600 0.1408486 -0.1401594 0.0004294 0.9800596
1740548133.301357 -1.5914825 -0.6135157 5.0423164 0.1394904 -0.1391292 0.0025647 0.9803973
1740548133.407281 -1.5949224 -0.6445100 5.0892820 0.1383972 -0.1402731 0.0022210 0.9803901
1740548133.510489 -1.5924308 -0.6643104 5.1215591 0.1371020 -0.1423420 0.0017945 0.9802747
1740548133.610924 -1.6303297 -0.6761463 5.1488051 0.1369416 -0.1404968 0.0018154 0.9805633
1740548133.721013 -1.6345943 -0.6811719 5.1983972 0.1375683 -0.1423085 0.0005890 0.9802157
1740548133.819009 -1.6482930 -0.6936641 5.2407660 0.1375216 -0.1438448 0.0007566 0.9799979
1740548133.926073 -1.6518618 -0.7176121 5.2778654 0.1360560 -0.1452242 0.0009159 0.9799989
1740548134.028574 -1.6745920 -0.7390811 5.2873759 0.1336312 -0.1429668 0.0019579 0.9806627
1740548134.141720 -1.6853788 -0.7402284 5.3132820 0.1348197 -0.1429347 0.0017194 0.9805052
1740548134.240001 -1.6916709 -0.7455226 5.3706627 0.1353560 -0.1445263 0.0009814 0.9801989
1740548134.343888 -1.6889197 -0.7636896 5.3984947 0.1331630 -0.1472911 0.0009188 0.9800878
1740548134.461985 -1.6813117 -0.7593856 5.4457774 0.1346058 -0.1498668 0.0009088 0.9795001
1740548134.564868 -1.6707466 -0.7804925 5.4821105 0.1324676 -0.1532302 0.0001103 0.9792716
1740548134.672967 -1.6793041 -0.7912515 5.5425129 0.1323192 -0.1541482 -0.0004707 0.9791474
1740548134.774825 -1.6757606 -0.7873616 5.5886421 0.1341531 -0.1569654 -0.0016513 0.9784489
1740548134.876841 -1.6721699 -0.7990415 5.6189709 0.1345248 -0.1603375 -0.0010049 0.9778517
1740548134.985596 -1.6842496 -0.8128465 5.6640949 0.1346063 -0.1629883 -0.0012701 0.9774019
1740548135.089036 -1.7129550 -0.8206700 5.7189803 0.1355341 -0.1633819 -0.0015925 0.9772074
1740548135.193120 -1.7075984 -0.8355931 5.7535295 0.1349845 -0.1662479 -0.0022073 0.9767988
1740548135.296097 -1.6938732 -0.8508320 5.7928271 0.1347152 -0.1704677 -0.0028770 0.9761067
1740548135.405683 -1.6955658 -0.8588126 5.8366127 0.1352270 -0.1725572 -0.0022312 0.9756704
1740548135.508684 -1.6873407 -0.8709973 5.8734336 0.1358128 -0.1765494 -0.0027336 0.9748732
1740548135.610395 -1.6830240 -0.8741872 5.9118390 0.1382274 -0.1800008 -0.0035834 0.9738994
1740548135.717580 -1.7042044 -0.9102325 5.9307380 0.1362018 -0.1797854 -0.0037725 0.9742238
1740548135.822147 -1.7061149 -0.9206126 5.9605174 0.1376830 -0.1818940 -0.0035472 0.9736249
1740548135.931577 -1.7163055 -0.9337179 5.9957771 0.1393795 -0.1831474 -0.0036403 0.9731480
1740548136.035793 -1.7192645 -0.9274817 6.0211768 0.1417012 -0.1840452 -0.0030452 0.9726453
1740548136.140282 -1.7488480 -0.9387715 6.0361133 0.1427362 -0.1808881 -0.0034709 0.9730847
1740548136.252615 -1.7801907 -0.9466283 6.0420790 0.1450969 -0.1763330 -0.0026915 0.9735740
1740548136.356613 -1.7951597 -0.9464808 6.0465031 0.1459498 -0.1740026 -0.0023792 0.9738666
1740548136.465374 -1.7912257 -0.9598770 6.0746846 0.1463132 -0.1761196 -0.0025494 0.9734310
1740548136.571447 -1.7835705 -0.9786570 6.1185026 0.1476467 -0.1787134 -0.0029418 0.9727556
1740548136.684530 -1.8114730 -1.0130596 6.1681561 0.1468691 -0.1781138 -0.0025551 0.9729843
1740548136.787151 -1.8229264 -1.0228076 6.2180338 0.1485466 -0.1784161 -0.0021287 0.9726752
1740548136.906937 -1.8245620 -1.0418199 6.2490664 0.1488436 -0.1782324 -0.0022537 0.9726632
1740548137.009178 -1.8516183 -1.0618308 6.2740312 0.1476663 -0.1746027 -0.0011312 0.9735026
1740548137.114542 -1.8767763 -1.0858690 6.2761836 0.1454625 -0.1679413 -0.0017077 0.9750044
1740548137.223638 -1.9111179 -1.0890274 6.2997189 0.1460203 -0.1618966 -0.0002206 0.9759445
1740548137.328346 -1.9408280 -1.0933684 6.3075218 0.1453900 -0.1546744 0.0010010 0.9772086
1740548137.438851 -1.9608433 -1.1054302 6.3303189 0.1443502 -0.1508585 0.0007728 0.9779592
1740548137.543700 -1.9604347 -1.1004223 6.3577900 0.1451725 -0.1518205 0.0012740 0.9776880
1740548137.654196 -1.9940653 -1.1189775 6.4038315 0.1447435 -0.1473885 0.0024448 0.9784273
1740548137.759895 -2.0219176 -1.1356112 6.4200974 0.1425802 -0.1413531 0.0030465 0.9796330
1740548137.866459 -2.0598953 -1.1397544 6.4526272 0.1415567 -0.1358493 0.0045670 0.9805539
1740548137.975226 -2.0893910 -1.1462994 6.4835229 0.1409179 -0.1304310 0.0049165 0.9813795
1740548138.080147 -2.1191714 -1.1486120 6.5147839 0.1401323 -0.1266817 0.0063335 0.9819748
1740548138.191715 -2.1458714 -1.1555632 6.5548191 0.1377713 -0.1232839 0.0070364 0.9827363
1740548138.298192 -2.1561167 -1.1787045 6.5794911 0.1340063 -0.1221472 0.0068009 0.9834003
1740548138.411783 -2.1468768 -1.1845773 6.5978041 0.1317781 -0.1250813 0.0073334 0.9833288
1740548138.522462 -2.1574733 -1.2061778 6.6157289 0.1261243 -0.1230879 0.0077839 0.9843178
1740548138.624930 -2.1656954 -1.2375132 6.6336336 0.1215446 -0.1197519 0.0065978 0.9853136
1740548138.737712 -2.1814814 -1.2673900 6.6639218 0.1175153 -0.1178642 0.0054994 0.9860365
1740548138.839892 -2.1938839 -1.2735810 6.6678495 0.1138246 -0.1156048 0.0068055 0.9867285
1740548138.950413 -2.1860034 -1.2765989 6.6667738 0.1110953 -0.1158665 0.0047921 0.9870207
1740548139.053494 -2.1897082 -1.2771280 6.6718760 0.1080158 -0.1161537 0.0068038 0.9873169
1740548139.160967 -2.1801112 -1.2944249 6.6961684 0.1039806 -0.1200461 0.0069573 0.9872834
1740548139.268755 -2.1986592 -1.3051627 6.7129698 0.1010715 -0.1162516 0.0064968 0.9880425
1740548139.371309 -2.2082531 -1.3195570 6.7189393 0.0967985 -0.1159295 0.0075128 0.9885009
1740548139.479039 -2.2063437 -1.3167920 6.7245936 0.0951921 -0.1172750 0.0076476 0.9884971
1740548139.585129 -2.2019589 -1.3265241 6.7200885 0.0891865 -0.1190137 0.0054851 0.9888637
1740548139.694165 -2.2059891 -1.3344603 6.7223206 0.0851254 -0.1179782 0.0042783 0.9893516
1740548139.798981 -2.2106373 -1.3248825 6.7305179 0.0852681 -0.1184367 0.0044932 0.9892836
1740548139.907966 -2.2148867 -1.3207607 6.7359552 0.0857735 -0.1171423 0.0048185 0.9893925
1740548140.013614 -2.2244225 -1.3323466 6.7490563 0.0819618 -0.1146871 0.0039446 0.9900069
1740548140.119893 -2.2433846 -1.3391292 6.7600656 0.0782732 -0.1112013 0.0036915 0.9907038
1740548140.226370 -2.2507074 -1.3435590 6.7687922 0.0750885 -0.1077317 0.0031023 0.9913355
1740548140.331386 -2.2493467 -1.3440684 6.7742567 0.0738629 -0.1083932 0.0016988 0.9913588
1740548140.447216 -2.2466736 -1.3347479 6.7842560 0.0754530 -0.1098222 0.0021517 0.9910809
1740548140.554445 -2.2502849 -1.3401606 6.7914124 0.0712708 -0.1095773 0.0044406 0.9914099
1740548140.685568 -2.2545323 -1.3384448 6.7967782 0.0700066 -0.1063384 0.0028406 0.9918585
1740548140.789939 -2.2598968 -1.3305475 6.7992325 0.0702751 -0.1042040 0.0029192 0.9920657
1740548140.910589 -2.2593830 -1.3372873 6.8054547 0.0670343 -0.1051287 0.0030002 0.9921922
1740548141.012404 -2.2555223 -1.3367624 6.8069077 0.0648269 -0.1056938 0.0028000 0.9922795
1740548141.119383 -2.2564499 -1.3423485 6.8109779 0.0614274 -0.1047858 0.0030035 0.9925914
1740548141.227920 -2.2623000 -1.3427275 6.8194404 0.0592052 -0.1023091 0.0038422 0.9929818
1740548141.333179 -2.2766340 -1.3418354 6.8404050 0.0593134 -0.0997906 0.0042800 0.9932298
1740548141.444320 -2.2682805 -1.3432744 6.8461223 0.0577761 -0.1033539 0.0043577 0.9929556
1740548141.550253 -2.2563663 -1.3450087 6.8636904 0.0563379 -0.1085663 0.0050407 0.9924787
1740548141.659685 -2.2528987 -1.3490584 6.8750634 0.0539796 -0.1095858 0.0056681 0.9924944
1740548141.767670 -2.2551808 -1.3505932 6.8884563 0.0533030 -0.1082448 0.0050070 0.9926816
1740548141.872120 -2.2554247 -1.3510613 6.8872890 0.0512839 -0.1072824 0.0036064 0.9928985
1740548141.982247 -2.2498794 -1.3567023 6.8845720 0.0475452 -0.1082821 0.0049810 0.9929701
1740548142.091942 -2.2507584 -1.3581203 6.9014449 0.0472915 -0.1086679 0.0044030 0.9929428
1740548142.207111 -2.2466028 -1.3660004 6.9103117 0.0450444 -0.1097445 0.0054734 0.9929236
1740548142.311436 -2.2397575 -1.3730743 6.9137921 0.0425688 -0.1113333 0.0047708 0.9928595
1740548142.425131 -2.2400818 -1.3730668 6.9143729 0.0413748 -0.1093185 0.0062873 0.9931254
1740548142.538142 -2.2389388 -1.3747022 6.9181790 0.0400767 -0.1093782 0.0048781 0.9931800
1740548142.663790 -2.2394347 -1.3806862 6.9258823 0.0384761 -0.1070865 0.0005648 0.9935048
1740548142.769889 -2.2406240 -1.3861876 6.9349389 0.0361340 -0.1061707 -0.0020033 0.9936892
1740548142.875152 -2.2441230 -1.3985770 6.9637051 0.0307673 -0.1064846 -0.0022763 0.9938356
1740548142.990354 -2.2473652 -1.4107022 6.9918637 0.0254737 -0.1078404 -0.0009174 0.9938414
1740548143.095129 -2.2408290 -1.4122062 7.0073957 0.0245109 -0.1116011 -0.0008874 0.9934503
1740548143.222753 -2.2380157 -1.4052688 7.0251269 0.0289260 -0.1129122 -0.0046066 0.9931731
1740548143.324592 -2.2366261 -1.4031242 7.0480676 0.0317238 -0.1140107 -0.0047707 0.9929615
1740548143.439028 -2.2408431 -1.3995917 7.0733509 0.0340895 -0.1147367 -0.0057224 0.9927944
1740548143.543820 -2.2451837 -1.4026308 7.1150670 0.0348227 -0.1164734 -0.0085083 0.9925467
1740548143.663519 -2.2472639 -1.4027003 7.1600490 0.0343692 -0.1181927 -0.0080051 0.9923635
1740548143.764904 -2.2547879 -1.4086295 7.1946311 0.0318138 -0.1182777 -0.0088087 0.9924317
1740548143.871416 -2.2625659 -1.4066139 7.2264938 0.0343996 -0.1180376 -0.0090197 0.9923722
1740548143.979631 -2.2597816 -1.4055811 7.2493892 0.0336333 -0.1214727 -0.0093167 0.9919810
1740548144.085873 -2.2682836 -1.4111537 7.2989469 0.0291312 -0.1220830 -0.0098939 0.9920430
1740548144.194210 -2.2826402 -1.4181857 7.3604355 0.0261432 -0.1227486 -0.0098043 0.9920450
1740548144.301134 -2.3023067 -1.4207728 7.4253368 0.0250431 -0.1228586 -0.0104220 0.9920534
1740548144.411222 -2.3207326 -1.4238782 7.4872222 0.0235385 -0.1236870 -0.0113781 0.9919768
1740548144.524790 -2.3414297 -1.4239491 7.5592241 0.0211948 -0.1237926 -0.0111660 0.9920189
1740548144.627746 -2.3806717 -1.4399889 7.6287322 0.0189068 -0.1233643 -0.0119219 0.9921097
1740548144.740773 -2.4066768 -1.4336601 7.6926608 0.0172606 -0.1235682 -0.0119323 0.9921142
1740548144.842194 -2.4135561 -1.4234692 7.7618728 0.0153125 -0.1239738 -0.0113224 0.9921027
1740548144.954263 -2.4539123 -1.4148837 7.8263054 0.0137007 -0.1233808 -0.0122523 0.9921892
1740548145.058416 -2.4684784 -1.4068847 7.8952374 0.0116669 -0.1235918 -0.0122923 0.9921884
1740548145.170726 -2.4829669 -1.3982543 7.9664178 0.0104343 -0.1236945 -0.0123900 0.9921882
1740548145.277337 -2.5045679 -1.3904989 8.0343065 0.0088986 -0.1229801 -0.0125941 0.9922893
1740548145.386619 -2.5204873 -1.3747337 8.1035862 0.0080160 -0.1225647 -0.0125408 0.9923489
1740548145.508470 -2.5404291 -1.3671088 8.1737909 0.0070712 -0.1218917 -0.0129235 0.9924341
1740548145.612559 -2.5607758 -1.3593518 8.2443247 0.0062690 -0.1207380 -0.0126177 0.9925844
1740548145.726044 -2.5814698 -1.3658122 8.3127527 0.0052825 -0.1190979 -0.0129737 0.9927837
1740548145.832302 -2.6155608 -1.3631356 8.3759680 0.0055009 -0.1166698 -0.0134591 0.9930643
1740548145.947360 -2.6115329 -1.3666719 8.4496975 0.0057713 -0.1156784 -0.0130625 0.9931841
1740548146.054935 -2.6133878 -1.3805505 8.5234966 0.0054937 -0.1138017 -0.0131610 0.9934011
1740548146.166626 -2.6174290 -1.3964514 8.5920668 0.0056384 -0.1117000 -0.0130157 0.9936408
1740548146.277886 -2.6295812 -1.3973881 8.6636944 0.0063621 -0.1098763 -0.0129362 0.9938408
1740548146.387491 -2.6374884 -1.4071541 8.7318382 0.0067805 -0.1077833 -0.0130991 0.9940650
1740548146.509603 -2.6492331 -1.4081219 8.8039742 0.0075043 -0.1062860 -0.0130818 0.9942212
1740548146.617220 -2.6638291 -1.4039718 8.8745966 0.0078652 -0.1045813 -0.0131534 0.9943982
1740548146.732357 -2.6579220 -1.4144595 8.9480333 0.0086105 -0.1040246 -0.0125296 0.9944586
1740548146.841451 -2.6669703 -1.4056342 9.0199814 0.0091815 -0.1030023 -0.0125594 0.9945595
1740548146.957563 -2.6970141 -1.3935066 9.0830040 0.0103352 -0.1016438 -0.0130000 0.9946823
1740548147.063306 -2.7068646 -1.3977019 9.1536932 0.0101953 -0.1006115 -0.0127247 0.9947922
1740548147.178078 -2.7071190 -1.3932197 9.2220592 0.0112026 -0.1015377 -0.0125061 0.9946900
1740548147.289000 -2.7100544 -1.4059401 9.2922907 0.0107845 -0.1015494 -0.0127888 0.9946899
1740548147.416166 -2.7208741 -1.4191253 9.3644047 0.0100526 -0.1016635 -0.0128072 0.9946856
1740548147.525186 -2.7483330 -1.4085422 9.4304657 0.0095905 -0.1012261 -0.0129811 0.9947326
1740548147.629851 -2.7741654 -1.4151686 9.4969521 0.0078741 -0.1010490 -0.0128617 0.9947672
1740548147.745089 -2.7788758 -1.4071735 9.5707636 0.0077868 -0.1023697 -0.0132332 0.9946280
1740548147.854822 -2.7942348 -1.4090501 9.6429491 0.0065356 -0.1033594 -0.0131645 0.9945355
1740548147.974618 -2.8093479 -1.4148771 9.7069855 0.0045781 -0.1049704 -0.0133412 0.9943753
1740548148.088260 -2.8357832 -1.4200722 9.7784491 0.0027128 -0.1058309 -0.0131865 0.9942930
1740548148.200301 -2.8454099 -1.4173054 9.8487358 0.0009465 -0.1075389 -0.0137643 0.9941052
1740548148.309916 -2.8530047 -1.4092656 9.9169474 -0.0004526 -0.1096985 -0.0142120 0.9938632
1740548148.424196 -2.8550403 -1.4119635 9.9896183 -0.0038144 -0.1118600 -0.0138912 0.9936196
1740548148.530082 -2.8833869 -1.4117297 10.0586109 -0.0062323 -0.1130597 -0.0141185 0.9934683
1740548148.641320 -2.9000154 -1.4093177 10.1285744 -0.0090170 -0.1153011 -0.0146170 0.9931821
1740548148.758983 -2.9180756 -1.4071795 10.2004128 -0.0117209 -0.1175797 -0.0147748 0.9928844
1740548148.864821 -2.9373364 -1.3993602 10.2663574 -0.0143746 -0.1198106 -0.0152746 0.9925752
1740548148.987339 -2.9578133 -1.4025137 10.3350010 -0.0175294 -0.1216958 -0.0152824 0.9922950
1740548149.091830 -2.9773064 -1.3920670 10.4055433 -0.0200936 -0.1237692 -0.0157854 0.9919820
1740548149.211049 -2.9955471 -1.3757460 10.4739990 -0.0226493 -0.1263677 -0.0161569 0.9915932
1740548149.314475 -3.0165379 -1.3655891 10.5413303 -0.0255341 -0.1284357 -0.0161545 0.9912575
1740548149.426378 -3.0384057 -1.3554990 10.6079674 -0.0283473 -0.1307082 -0.0162499 0.9908823
1740548149.534521 -3.0634606 -1.3409991 10.6730289 -0.0306534 -0.1328091 -0.0167878 0.9905252
1740548149.642015 -3.0841277 -1.3402234 10.7428923 -0.0334214 -0.1352073 -0.0171692 0.9901046
1740548149.750810 -3.1052134 -1.3401833 10.8120050 -0.0356295 -0.1377313 -0.0171248 0.9896805
1740548149.858582 -3.1278300 -1.3264295 10.8805103 -0.0373680 -0.1402916 -0.0175483 0.9892492
1740548149.970123 -3.1481688 -1.3212533 10.9508047 -0.0394368 -0.1428643 -0.0172923 0.9888051
1740548150.074230 -3.1687276 -1.3162128 11.0186281 -0.0414890 -0.1453360 -0.0177712 0.9883523
1740548150.185827 -3.1891160 -1.3083938 11.0869217 -0.0430195 -0.1478345 -0.0179292 0.9879134
1740548150.294778 -3.2071376 -1.2943650 11.1572104 -0.0446877 -0.1507550 -0.0180072 0.9873964
1740548150.402144 -3.2302220 -1.2869254 11.2239647 -0.0460100 -0.1532727 -0.0180933 0.9869464
1740548150.522177 -3.2454717 -1.2835175 11.2942610 -0.0470538 -0.1561413 -0.0180580 0.9864480
1740548150.627375 -3.2769806 -1.2718785 11.3596487 -0.0482127 -0.1587311 -0.0180430 0.9859789
1740548150.743309 -3.3153551 -1.2611164 11.4185686 -0.0487815 -0.1610050 -0.0180735 0.9855816
1740548150.846718 -3.3158004 -1.2549331 11.4950657 -0.0494564 -0.1648663 -0.0183118 0.9849050
1740548150.958301 -3.3542192 -1.2505802 11.5578070 -0.0507536 -0.1673814 -0.0181497 0.9844177
1740548151.064274 -3.3882201 -1.2459493 11.6230373 -0.0515838 -0.1700266 -0.0182206 0.9839198
1740548151.176161 -3.4061720 -1.2339514 11.6899948 -0.0523215 -0.1733849 -0.0183504 0.9832922
1740548151.282163 -3.4319468 -1.2269177 11.7577925 -0.0533116 -0.1763637 -0.0182406 0.9827111
1740548151.389150 -3.4616957 -1.2152971 11.8191624 -0.0538840 -0.1795177 -0.0182302 0.9821088
1740548151.498243 -3.4807775 -1.2119117 11.8885012 -0.0551090 -0.1827368 -0.0184402 0.9814430
1740548151.609073 -3.5100448 -1.2088299 11.9529982 -0.0569806 -0.1853769 -0.0187344 0.9808352
1740548151.717193 -3.5429478 -1.1922593 12.0143986 -0.0580510 -0.1881463 -0.0188362 0.9802430
1740548151.823800 -3.5789447 -1.1917151 12.0748653 -0.0601282 -0.1906331 -0.0189405 0.9796351
1740548151.932287 -3.6015980 -1.1820753 12.1437416 -0.0613376 -0.1934501 -0.0192586 0.9790015
1740548152.039907 -3.6309369 -1.1783454 12.2094870 -0.0637034 -0.1961335 -0.0195347 0.9783108
1740548152.144036 -3.6598711 -1.1665473 12.2749348 -0.0658740 -0.1987062 -0.0197893 0.9776425
1740548152.252019 -3.7003148 -1.1624252 12.3217649 -0.0688271 -0.1998793 -0.0202751 0.9771899
1740548152.358152 -3.7349558 -1.1579082 12.3847885 -0.0721139 -0.2018809 -0.0206666 0.9765330
1740548152.468689 -3.7658861 -1.1476967 12.4468365 -0.0752997 -0.2041305 -0.0209735 0.9758180
1740548152.574204 -3.7987304 -1.1442922 12.5046453 -0.0790469 -0.2058554 -0.0216860 0.9751436
1740548152.685294 -3.8262210 -1.1312301 12.5675602 -0.0823485 -0.2079364 -0.0224895 0.9744103
1740548152.791518 -3.8663201 -1.1116620 12.6188793 -0.0867245 -0.2093392 -0.0223660 0.9737329
1740548152.895166 -3.8989882 -1.1020707 12.6767006 -0.0906897 -0.2107970 -0.0234237 0.9730321
1740548153.004584 -3.9362946 -1.0892096 12.7365236 -0.0947738 -0.2129095 -0.0243557 0.9721596
1740548153.107955 -3.9734461 -1.0752186 12.7919226 -0.0993003 -0.2143983 -0.0249444 0.9713653
1740548153.219210 -4.0026789 -1.0500453 12.8533554 -0.1030111 -0.2163023 -0.0257423 0.9705356
1740548153.325379 -4.0357852 -1.0414340 12.9082689 -0.1081115 -0.2178408 -0.0269060 0.9696048
1740548153.436115 -4.0794559 -1.0167072 12.9632587 -0.1116874 -0.2192529 -0.0272852 0.9688703
1740548153.543803 -4.0949736 -0.9906586 13.0306931 -0.1150659 -0.2211582 -0.0278913 0.9680243
1740548153.649017 -4.1350870 -0.9749393 13.0870581 -0.1194653 -0.2225211 -0.0286777 0.9671557
1740548153.763169 -4.1769547 -0.9593346 13.1400709 -0.1234224 -0.2232472 -0.0293316 0.9664716
1740548153.869406 -4.2175727 -0.9503217 13.1953287 -0.1271815 -0.2239505 -0.0301038 0.9657975
1740548153.992370 -4.2502751 -0.9225802 13.2509480 -0.1308276 -0.2246251 -0.0305944 0.9651382
1740548154.096933 -4.2870946 -0.9017910 13.3085985 -0.1339121 -0.2252917 -0.0311930 0.9645404
1740548154.214597 -4.3153291 -0.8778682 13.3702507 -0.1366232 -0.2260682 -0.0319234 0.9639545
1740548154.319511 -4.3440804 -0.8464662 13.4323397 -0.1387418 -0.2266156 -0.0322940 0.9635109
1740548154.433132 -4.3868752 -0.8248677 13.4845581 -0.1413328 -0.2261231 -0.0327838 0.9632334
1740548154.541712 -4.4143372 -0.7956194 13.5459223 -0.1431548 -0.2260796 -0.0332967 0.9629569
1740548154.646461 -4.4490843 -0.7700537 13.6027622 -0.1446991 -0.2254049 -0.0337123 0.9628698
1740548154.768032 -4.4829683 -0.7437328 13.6616325 -0.1458319 -0.2244178 -0.0342706 0.9629098
1740548154.876865 -4.5075989 -0.7185372 13.7261343 -0.1469035 -0.2233999 -0.0347090 0.9629679
1740548154.995560 -4.5312223 -0.6989143 13.7900743 -0.1476524 -0.2221516 -0.0352648 0.9631220
1740548155.098315 -4.5701299 -0.6802140 13.8441401 -0.1490145 -0.2198732 -0.0355687 0.9634237
1740548155.215643 -4.6034164 -0.6612260 13.9016953 -0.1496318 -0.2175080 -0.0361408 0.9638436
1740548155.321929 -4.6399713 -0.6350458 13.9593973 -0.1497341 -0.2149075 -0.0359464 0.9644181
1740548155.435767 -4.6567178 -0.6245052 14.0313482 -0.1502536 -0.2128223 -0.0370248 0.9647589
1740548155.542811 -4.6747732 -0.6007042 14.1045685 -0.1494951 -0.2102154 -0.0373958 0.9654337
1740548155.644450 -4.7074618 -0.5793056 14.1651506 -0.1498590 -0.2069888 -0.0377220 0.9660616
1740548155.749187 -4.7363482 -0.5650360 14.2295809 -0.1504783 -0.2036142 -0.0384932 0.9666519
1740548155.851245 -4.7680016 -0.5595560 14.2917051 -0.1521463 -0.1998967 -0.0394194 0.9671292
1740548155.964217 -4.8040290 -0.5495126 14.3502817 -0.1540069 -0.1959738 -0.0403670 0.9675984
1740548156.066414 -4.8278403 -0.5296456 14.4173870 -0.1554413 -0.1924530 -0.0411925 0.9680408
1740548156.173627 -4.8461947 -0.5132617 14.4853497 -0.1582580 -0.1890334 -0.0421772 0.9682158
1740548156.276265 -4.8722878 -0.4970893 14.5484686 -0.1613585 -0.1851375 -0.0434700 0.9683997
1740548156.378184 -4.8830662 -0.4724281 14.6198349 -0.1647201 -0.1819981 -0.0447426 0.9683709
1740548156.495640 -4.9137168 -0.4525937 14.6780539 -0.1693704 -0.1780839 -0.0461977 0.9682280
1740548156.596328 -4.9240618 -0.4304311 14.7483883 -0.1747980 -0.1753178 -0.0476408 0.9676982
1740548156.711961 -4.9306512 -0.4113209 14.8198843 -0.1809628 -0.1728464 -0.0491970 0.9669314
1740548156.811321 -4.9520926 -0.3849921 14.8829203 -0.1880767 -0.1701464 -0.0507123 0.9659739
1740548156.911100 -4.9668307 -0.3550248 14.9508171 -0.1955108 -0.1682662 -0.0522541 0.9647443
1740548157.016791 -4.9802580 -0.3275909 15.0150785 -0.2036671 -0.1666509 -0.0540116 0.9632393
1740548157.117909 -4.9966402 -0.2944223 15.0787497 -0.2126403 -0.1656374 -0.0556772 0.9613784
1740548157.224814 -5.0106287 -0.2587441 15.1383572 -0.2222487 -0.1649042 -0.0572873 0.9592342
1740548157.328299 -5.0217533 -0.2156254 15.1963406 -0.2319849 -0.1650376 -0.0586661 0.9568197
1740548157.437029 -5.0448270 -0.1765922 15.2509995 -0.2423755 -0.1654054 -0.0604510 0.9540654
1740548157.540100 -5.0597382 -0.1325048 15.3049335 -0.2530605 -0.1665262 -0.0620673 0.9509874
1740548157.639656 -5.0773015 -0.0802119 15.3505545 -0.2638766 -0.1680478 -0.0635088 0.9476791
1740548157.747042 -5.0912151 -0.0271431 15.3971386 -0.2748298 -0.1703394 -0.0647053 0.9440690
1740548157.846183 -5.1073647 0.0249888 15.4441166 -0.2858618 -0.1729010 -0.0658754 0.9402387
1740548157.949461 -5.1288714 0.0877891 15.4827232 -0.2961064 -0.1756432 -0.0666239 0.9364997
1740548158.051083 -5.1537061 0.1417978 15.5232038 -0.3063480 -0.1788383 -0.0678410 0.9325049
1740548158.157013 -5.1775575 0.1979876 15.5621405 -0.3165223 -0.1821519 -0.0684286 0.9284136
1740548158.263184 -5.2089262 0.2484469 15.5991735 -0.3260311 -0.1855897 -0.0688034 0.9244059
1740548158.362079 -5.2294765 0.3029475 15.6419106 -0.3352043 -0.1892918 -0.0690714 0.9203455
1740548158.468812 -5.2615299 0.3548665 15.6807632 -0.3435827 -0.1928992 -0.0693276 0.9164794
1740548158.570758 -5.2861919 0.4103243 15.7184258 -0.3511414 -0.1963564 -0.0693638 0.9128705
1740548158.686661 -5.3207231 0.4623976 15.7556229 -0.3584416 -0.1996197 -0.0692284 0.9093289
1740548158.787162 -5.3529053 0.5105274 15.7960777 -0.3650409 -0.2028791 -0.0694529 0.9059589
1740548158.893168 -5.3899584 0.5616956 15.8303833 -0.3710582 -0.2054034 -0.0692673 0.9029548
1740548158.998100 -5.4261985 0.6113372 15.8693390 -0.3763801 -0.2079506 -0.0693704 0.9001569
1740548159.098748 -5.4530554 0.6631908 15.9079580 -0.3807502 -0.2100070 -0.0694394 0.8978332
1740548159.207752 -5.4886594 0.7117193 15.9454384 -0.3850211 -0.2115412 -0.0695898 0.8956374
1740548159.307722 -5.5164270 0.7728333 15.9819279 -0.3877058 -0.2130750 -0.0693879 0.8941301
1740548159.406240 -5.5420690 0.8278027 16.0230198 -0.3905830 -0.2140195 -0.0692381 0.8926628
1740548159.510459 -5.5587440 0.8806238 16.0685349 -0.3927461 -0.2148707 -0.0696101 0.8914794
1740548159.609511 -5.5740442 0.9370322 16.1095791 -0.3942131 -0.2153313 -0.0696151 0.8907201
1740548159.724154 -5.5880289 0.9897203 16.1575603 -0.3954794 -0.2156450 -0.0699395 0.8900571
1740548159.823974 -5.5999660 1.0403326 16.1986275 -0.3965175 -0.2152659 -0.0701349 0.8896717
1740548159.928386 -5.6040168 1.0993311 16.2481575 -0.3965949 -0.2157503 -0.0700890 0.8895234
1740548160.032656 -5.6203918 1.1531940 16.2909641 -0.3965181 -0.2155133 -0.0701350 0.8896114
1740548160.137662 -5.6361556 1.2087202 16.3360233 -0.3962004 -0.2154002 -0.0700987 0.8897832
1740548160.252925 -5.6521521 1.2626631 16.3772659 -0.3957949 -0.2153046 -0.0700701 0.8899891
1740548160.354623 -5.6727495 1.3106508 16.4233952 -0.3949601 -0.2151332 -0.0699916 0.8904074
1740548160.464076 -5.7036428 1.3580415 16.4686050 -0.3938824 -0.2153528 -0.0698307 0.8908443
1740548160.565637 -5.7297544 1.4124129 16.5084190 -0.3921177 -0.2158018 -0.0689087 0.8915856
1740548160.666971 -5.7621827 1.4593985 16.5528336 -0.3908864 -0.2162813 -0.0685809 0.8920352
1740548160.771377 -5.7952771 1.5107834 16.5942268 -0.3892391 -0.2168456 -0.0680547 0.8926587
1740548160.982609 -5.8576174 1.6063445 16.6794243 -0.3861496 -0.2181292 -0.0669335 0.8937718
1740548161.202181 -5.9215565 1.7005041 16.7665024 -0.3825478 -0.2198369 -0.0654483 0.8950114
1740548161.511246 -6.0112844 1.8480299 16.8994846 -0.3774054 -0.2220578 -0.0630663 0.8968156
1740548161.822306 -6.0841312 1.9978796 17.0389271 -0.3731943 -0.2230121 -0.0619111 0.8984200
1740548161.924281 -6.1043844 2.0486398 17.0864697 -0.3718824 -0.2231050 -0.0614302 0.8989738
1740548162.134334 -6.1546311 2.1445069 17.1810913 -0.3701322 -0.2222062 -0.0614411 0.8999175
1740548162.344733 -6.2052813 2.2447104 17.2715397 -0.3688042 -0.2205515 -0.0616372 0.9008559
1740548162.761476 -6.3019466 2.4441192 17.4549789 -0.3679089 -0.2160403 -0.0636442 0.9021747
1740548162.969770 -6.3399868 2.5464871 17.5514317 -0.3679900 -0.2136474 -0.0647809 0.9026304
1740548163.379675 -6.4239879 2.7460051 17.7416267 -0.3690675 -0.2092318 -0.0667052 0.9030845
1740548163.794165 -6.5219417 2.9444668 17.9277382 -0.3703124 -0.2066049 -0.0681419 0.9030725
1740548164.096726 -6.5947762 3.0953465 18.0651512 -0.3716143 -0.2057843 -0.0688381 0.9026721
1740548164.611987 -6.7107458 3.3500893 18.2947311 -0.3727672 -0.2074522 -0.0686315 0.9018303
1740548165.024849 -6.7980986 3.5651748 18.4679451 -0.3717323 -0.2112007 -0.0665465 0.9015436
1740548165.427148 -6.8760719 3.7671118 18.6359310 -0.3677497 -0.2183822 -0.0619339 0.9017947
1740548165.630761 -6.9622893 3.8474193 18.7058125 -0.3653799 -0.2223432 -0.0614550 0.9018227
1740548165.835067 -7.0050626 3.9536273 18.7929745 -0.3621017 -0.2291977 -0.0566964 0.9017407
1740548166.035062 -7.0842199 4.0368791 18.8795052 -0.3589665 -0.2367263 -0.0534806 0.9012455
1740548166.133083 -7.1179118 4.0808263 18.9102440 -0.3564004 -0.2402758 -0.0512266 0.9014556
1740548166.245738 -7.1592236 4.1285253 18.9482536 -0.3541574 -0.2445713 -0.0483852 0.9013414
1740548166.345566 -7.1965694 4.1710272 18.9849205 -0.3517502 -0.2491605 -0.0465085 0.9011258
1740548166.550337 -7.2686424 4.2719870 19.0598526 -0.3475462 -0.2590753 -0.0396273 0.9002895
1740548166.649354 -7.3217897 4.3083258 19.0829887 -0.3459968 -0.2630140 -0.0376193 0.8998304
1740548166.754056 -7.3676815 4.3416972 19.1039829 -0.3443007 -0.2667063 -0.0350163 0.8994991
1740548166.854044 -7.4171104 4.3852615 19.1292458 -0.3426333 -0.2713559 -0.0326365 0.8988345
1740548166.964621 -7.4682264 4.4266109 19.1510715 -0.3402096 -0.2762420 -0.0300656 0.8983562
1740548167.063783 -7.5122738 4.4533591 19.1673317 -0.3384609 -0.2805362 -0.0283735 0.8977408
1740548167.162191 -7.5621386 4.4939032 19.1938858 -0.3373736 -0.2851346 -0.0258495 0.8967771
1740548167.265215 -7.5947599 4.5537405 19.2341099 -0.3360399 -0.2919120 -0.0218657 0.8952019
1740548167.362566 -7.6412311 4.6041141 19.2645016 -0.3345610 -0.2977451 -0.0183743 0.8939123
1740548167.469723 -7.6902018 4.6388421 19.2832527 -0.3339361 -0.3018486 -0.0167907 0.8928002
1740548167.569470 -7.7373047 4.6658087 19.3077240 -0.3339763 -0.3063135 -0.0146938 0.8913001
1740548167.668738 -7.7915382 4.7037230 19.3380909 -0.3334773 -0.3115114 -0.0125501 0.8897169
1740548167.774924 -7.8373156 4.7470603 19.3553104 -0.3321998 -0.3164352 -0.0105724 0.8884820
1740548167.870927 -7.8918476 4.7813487 19.3804989 -0.3327538 -0.3206977 -0.0078435 0.8867730
1740548167.979870 -7.9207554 4.8010869 19.4014378 -0.3347555 -0.3277078 -0.0042547 0.8834751
1740548168.076629 -7.9519629 4.8183050 19.4162025 -0.3360882 -0.3322878 -0.0019662 0.8812637
1740548168.173191 -7.9726734 4.8295212 19.4261436 -0.3377415 -0.3364832 0.0006758 0.8790389
1740548168.276848 -8.0241308 4.8512979 19.4509354 -0.3395881 -0.3409618 0.0006496 0.8765983
1740548168.373157 -8.0748749 4.8871756 19.4765377 -0.3400772 -0.3456377 0.0032407 0.8745694
1740548168.486814 -8.1261330 4.9344635 19.4985352 -0.3406204 -0.3502415 0.0057812 0.8725109
1740548168.581576 -8.1705170 4.9716244 19.5176182 -0.3407469 -0.3546685 0.0074514 0.8706586
1740548168.678792 -8.2161350 4.9739575 19.5385437 -0.3443271 -0.3579308 0.0079368 0.8679063
1740548168.793631 -8.2301340 4.9806499 19.5487976 -0.3462800 -0.3637254 0.0096298 0.8646973
1740548168.889846 -8.2377796 4.9854593 19.5512123 -0.3482622 -0.3661837 0.0132124 0.8628142
1740548168.996631 -8.2662048 5.0096140 19.5716572 -0.3497378 -0.3724950 0.0159400 0.8594632
1740548169.094963 -8.2935772 5.0299120 19.5894642 -0.3510116 -0.3776035 0.0172232 0.8566853
1740548169.192457 -8.3224525 5.0543537 19.6042023 -0.3522944 -0.3816735 0.0192363 0.8543091
1740548169.296232 -8.3479681 5.0713468 19.6203461 -0.3548935 -0.3870117 0.0190957 0.8508278
1740548169.397532 -8.3829556 5.1051555 19.6366348 -0.3548205 -0.3928635 0.0234124 0.8480641
1740548169.497751 -8.4136963 5.1311688 19.6487007 -0.3554009 -0.3965519 0.0253513 0.8460462
1740548169.595588 -8.4405642 5.1452665 19.6639290 -0.3567779 -0.4018390 0.0276095 0.8428954
1740548169.692142 -8.4585066 5.1645427 19.6752186 -0.3587176 -0.4080849 0.0294206 0.8390012
1740548169.795736 -8.4865170 5.1716490 19.6908150 -0.3609508 -0.4112898 0.0299034 0.8364574
1740548169.892466 -8.5202923 5.1996427 19.7070999 -0.3620203 -0.4166476 0.0327216 0.8332319
1740548169.993221 -8.5402803 5.2052431 19.7229919 -0.3655224 -0.4222602 0.0317679 0.8289033
1740548170.088619 -8.5716944 5.2281122 19.7383823 -0.3668493 -0.4277252 0.0343002 0.8254067
1740548170.186601 -8.5930424 5.2515049 19.7856979 -0.3680513 -0.4344472 0.0352861 0.8213092
1740548170.288126 -8.6404009 5.2904897 19.8104172 -0.3689535 -0.4386682 0.0362623 0.8186138
1740548170.385971 -8.6521187 5.2949462 19.8241005 -0.3724375 -0.4445128 0.0369872 0.8138370
1740548170.494961 -8.6729641 5.3053007 19.8437004 -0.3748855 -0.4500842 0.0378899 0.8095983
1740548170.590475 -8.7087488 5.3219562 19.8565445 -0.3764228 -0.4549477 0.0390428 0.8061043
1740548170.687455 -8.7426329 5.3349438 19.8787556 -0.3801162 -0.4596057 0.0409135 0.8016236
1740548170.790389 -8.7825003 5.3612771 19.8958969 -0.3810974 -0.4639139 0.0422949 0.7985986
1740548170.887139 -8.8221273 5.3934946 19.9098244 -0.3818786 -0.4674144 0.0431833 0.7961330
1740548171.000530 -8.8401432 5.3930173 19.9288712 -0.3850300 -0.4713207 0.0443740 0.7922371
1740548171.097988 -8.8792753 5.4135432 19.9446144 -0.3872590 -0.4747154 0.0444689 0.7891124
1740548171.191500 -8.9264498 5.4408836 19.9762650 -0.3887501 -0.4793083 0.0450041 0.7855645
1740548171.297753 -8.9817867 5.4582148 19.9784698 -0.3916650 -0.4807210 0.0459755 0.7831936
1740548171.392672 -9.0201855 5.4533420 20.0056229 -0.3956535 -0.4844836 0.0451835 0.7789046
1740548171.499409 -9.0623531 5.4772506 20.0129662 -0.3977292 -0.4865146 0.0459780 0.7765315
1740548171.597522 -9.0898294 5.4981804 20.0238914 -0.3976713 -0.4903645 0.0464465 0.7741079
1740548171.697010 -9.1235332 5.5231075 20.0372658 -0.4003356 -0.4942696 0.0485183 0.7701136
1740548171.798069 -9.1291857 5.5267401 20.0404415 -0.4002032 -0.4979897 0.0490190 0.7677505
1740548171.896960 -9.1276016 5.5317278 20.0375671 -0.4006277 -0.4979206 0.0512925 0.7674254
1740548172.005592 -9.1241131 5.5062151 20.0253792 -0.4023515 -0.4965642 0.0503031 0.7674678
1740548172.107443 -9.1443596 5.5454235 20.0377731 -0.4018449 -0.5017538 0.0533618 0.7641442
1740548172.207038 -9.1823063 5.5667472 20.0471535 -0.4036637 -0.5046351 0.0523971 0.7613499
1740548172.314355 -9.2029514 5.5751038 20.0556908 -0.4062205 -0.5071496 0.0532958 0.7582505
1740548172.413116 -9.2394228 5.6047945 20.0739422 -0.4074965 -0.5103883 0.0541692 0.7553251
1740548172.514470 -9.2676954 5.6293235 20.0907364 -0.4087628 -0.5143791 0.0540266 0.7519363
1740548172.614811 -9.2832327 5.6457720 20.0985794 -0.4084226 -0.5178694 0.0541506 0.7497134
1740548172.714027 -9.3118153 5.6674051 20.1071014 -0.4095235 -0.5201508 0.0546394 0.7474946
1740548172.819854 -9.3369484 5.6953068 20.1130791 -0.4103352 -0.5237033 0.0546227 0.7445645
1740548172.920129 -9.3654690 5.7171340 20.1460686 -0.4132480 -0.5269396 0.0540353 0.7407030
1740548173.032996 -9.3993702 5.7356238 20.1357002 -0.4120552 -0.5250620 0.0531151 0.7427645
1740548173.129370 -9.4323540 5.7541046 20.1338463 -0.4131632 -0.5251299 0.0528120 0.7421224
1740548173.227164 -9.4809122 5.7708273 20.1351318 -0.4155813 -0.5259842 0.0515434 0.7402541
1740548173.330566 -9.5326109 5.7991328 20.1208496 -0.4159567 -0.5241522 0.0515439 0.7413418
1740548173.427623 -9.5462151 5.8080912 20.1158810 -0.4165353 -0.5226824 0.0508302 0.7421036
1740548173.530347 -9.5517654 5.8083701 20.1182938 -0.4167151 -0.5234876 0.0504217 0.7414626
1740548173.628513 -9.5641994 5.8085718 20.1180611 -0.4191428 -0.5225943 0.0503477 0.7407291
1740548173.722866 -9.5787849 5.8233867 20.1205711 -0.4207714 -0.5239881 0.0505531 0.7388046
1740548173.824345 -9.6049080 5.8432250 20.1182384 -0.4223942 -0.5235387 0.0490783 0.7382964
1740548173.921919 -9.6612167 5.8725352 20.1198158 -0.4246334 -0.5229811 0.0484848 0.7374459
1740548174.030024 -9.6878185 5.9072113 20.1212139 -0.4239228 -0.5237215 0.0493519 0.7372718
1740548174.128199 -9.7291842 5.9271350 20.1297989 -0.4254316 -0.5243456 0.0480471 0.7360442
1740548174.222544 -9.7574825 5.9499917 20.1325340 -0.4261690 -0.5239214 0.0477267 0.7359406
1740548174.322782 -9.8124886 5.9771748 20.1328430 -0.4273548 -0.5234535 0.0463679 0.7356728
1740548174.420399 -9.8715868 6.0141745 20.1361847 -0.4293743 -0.5225586 0.0456226 0.7351794
1740548174.522972 -9.9215927 6.0570421 20.1538372 -0.4301595 -0.5231282 0.0451870 0.7343418
1740548174.622666 -9.9555740 6.0800724 20.1601944 -0.4304406 -0.5233358 0.0437209 0.7341179
1740548174.719335 -9.9939766 6.1053944 20.1635189 -0.4323033 -0.5239352 0.0433868 0.7326141
1740548174.819832 -10.0127144 6.1146798 20.1605740 -0.4330816 -0.5232131 0.0429683 0.7326950
1740548174.915494 -10.0398130 6.1276588 20.1550694 -0.4340574 -0.5222241 0.0418852 0.7328860
1740548175.017787 -10.0842810 6.1566315 20.1435127 -0.4340753 -0.5212827 0.0401942 0.7336398
1740548175.118657 -10.1232100 6.1823511 20.1367588 -0.4341815 -0.5200621 0.0390877 0.7345025
1740548175.215083 -10.1725206 6.1946287 20.1242409 -0.4359545 -0.5175204 0.0373288 0.7353386
1740548175.315912 -10.2130270 6.2185960 20.1220322 -0.4368185 -0.5160173 0.0360856 0.7359440
1740548175.411533 -10.2367096 6.2328649 20.1251945 -0.4394993 -0.5146689 0.0345912 0.7353637
1740548175.510775 -10.2709932 6.2611804 20.1240540 -0.4392861 -0.5130866 0.0340590 0.7366206
1740548175.606838 -10.3222771 6.3029647 20.1319771 -0.4408417 -0.5114606 0.0326847 0.7368842
1740548175.706256 -10.3683147 6.3301005 20.1336040 -0.4428651 -0.5081394 0.0305066 0.7380611
1740548175.810249 -10.4246330 6.3594098 20.1392975 -0.4444280 -0.5063615 0.0292163 0.7383957
1740548175.908370 -10.4476147 6.3864198 20.1451111 -0.4441780 -0.5049399 0.0281891 0.7395587
1740548176.013634 -10.4765835 6.4123583 20.1367798 -0.4457670 -0.5020385 0.0274789 0.7406039
1740548176.116295 -10.5239344 6.4335446 20.1528549 -0.4481486 -0.5007155 0.0264673 0.7400989
1740548176.213737 -10.5799599 6.4598618 20.1633816 -0.4495583 -0.4984631 0.0230307 0.7408789
1740548176.339167 -10.6370707 6.4929943 20.1688862 -0.4513721 -0.4957699 0.0205475 0.7416558
1740548176.439847 -10.6691990 6.5242128 20.1754799 -0.4530771 -0.4948344 0.0187785 0.7412877
1740548176.547990 -10.7164602 6.5588779 20.1614819 -0.4539236 -0.4917541 0.0171935 0.7428564
1740548176.646779 -10.7437601 6.5932059 20.1567993 -0.4535004 -0.4909207 0.0159477 0.7436935
1740548176.746346 -10.7852983 6.6128478 20.1608543 -0.4547707 -0.4887915 0.0141070 0.7443571
1740548176.852998 -10.8270044 6.6277151 20.1645355 -0.4584978 -0.4854708 0.0106266 0.7443017
1740548176.953297 -10.8902254 6.6628828 20.1633415 -0.4601598 -0.4834411 0.0088413 0.7446204
1740548177.059308 -10.9276524 6.6959367 20.1464386 -0.4583632 -0.4817878 0.0080431 0.7468058
1740548177.162560 -10.9255934 6.6838937 20.1514740 -0.4622334 -0.4804408 0.0051093 0.7453125
1740548177.271326 -10.9345884 6.7008047 20.1472740 -0.4641720 -0.4789534 0.0047503 0.7450674
1740548177.367561 -10.9362993 6.7053003 20.1434002 -0.4622600 -0.4793638 0.0025173 0.7460025
1740548177.466746 -10.9228420 6.6946402 20.1514626 -0.4678577 -0.4785581 0.0029458 0.7430227
1740548177.570580 -10.9118090 6.6790967 20.1530075 -0.4674863 -0.4790958 -0.0008588 0.7429153
1740548177.669869 -10.9132328 6.6810870 20.1526966 -0.4673616 -0.4799713 -0.0025111 0.7424246
1740548177.773895 -10.9264069 6.7037706 20.1540031 -0.4676513 -0.4803657 -0.0031775 0.7419845
1740548177.875473 -10.9307251 6.7075434 20.1507816 -0.4703367 -0.4782803 -0.0048511 0.7416252
1740548177.978981 -10.9336758 6.7028823 20.1539288 -0.4734785 -0.4776715 -0.0054834 0.7400122
1740548178.087221 -10.9281750 6.7014232 20.1522408 -0.4721488 -0.4801531 -0.0099277 0.7392090
1740548178.187095 -10.9583750 6.7226567 20.1430664 -0.4723625 -0.4804650 -0.0106805 0.7388592
1740548178.291184 -10.9584150 6.7455926 20.1412125 -0.4721134 -0.4830309 -0.0098661 0.7373552
1740548178.393287 -10.9854002 6.7594037 20.1511230 -0.4774132 -0.4842447 -0.0107936 0.7331215
1740548178.492223 -11.0031309 6.7715693 20.1463814 -0.4796967 -0.4825764 -0.0111379 0.7327259
1740548178.599427 -11.0259209 6.7856040 20.1414223 -0.4813223 -0.4833347 -0.0136034 0.7311165
1740548178.699243 -11.0078764 6.7829666 20.1472912 -0.4808771 -0.4870424 -0.0150861 0.7289165
1740548178.807204 -11.0047550 6.7718482 20.1525555 -0.4845072 -0.4875529 -0.0158174 0.7261507
1740548178.907040 -11.0059052 6.7696700 20.1524925 -0.4876808 -0.4868517 -0.0169950 0.7244681
1740548179.006968 -11.0119085 6.7822967 20.1522903 -0.4871500 -0.4902296 -0.0165314 0.7225557
1740548179.114271 -11.0187540 6.7845130 20.1521873 -0.4876978 -0.4922991 -0.0197833 0.7206948
1740548179.214951 -11.0238228 6.7837696 20.1525021 -0.4906617 -0.4919058 -0.0200570 0.7189420
1740548179.316834 -11.0253820 6.7820616 20.1521053 -0.4934986 -0.4920261 -0.0214473 0.7168748
1740548179.510848 -11.0303555 6.7933865 20.1631660 -0.5015984 -0.4934942 -0.0206240 0.7102375
1740548179.613929 -11.0229807 6.7795167 20.1552925 -0.5008637 -0.4934675 -0.0233507 0.7106899
1740548179.707884 -11.0270872 6.7807627 20.1571503 -0.5023327 -0.4934126 -0.0261102 0.7095944
1740548179.811829 -11.0430069 6.7900753 20.1503601 -0.5043882 -0.4926323 -0.0259691 0.7086830
1740548179.905878 -11.0619106 6.7971945 20.1458817 -0.5055732 -0.4922786 -0.0294767 0.7079468
1740548180.001659 -11.0678740 6.7879772 20.1351776 -0.5055935 -0.4890444 -0.0328735 0.7100212
1740548180.104865 -11.0546885 6.7711272 20.1194687 -0.5041317 -0.4867963 -0.0369420 0.7124015
1740548180.203589 -11.0468531 6.7591314 20.0991364 -0.5020077 -0.4838339 -0.0391644 0.7157927
1740548180.309750 -11.0813341 6.7753859 20.1000824 -0.5046107 -0.4826518 -0.0429187 0.7145441
1740548180.410053 -11.1196260 6.8006291 20.0808372 -0.5060862 -0.4798225 -0.0453672 0.7152544
1740548180.513818 -11.1433697 6.8186111 20.0726910 -0.5057591 -0.4786455 -0.0473305 0.7161466
1740548180.616135 -11.2028713 6.8398256 20.0657425 -0.5066354 -0.4769042 -0.0507254 0.7164565
1740548180.715041 -11.2244301 6.8668480 20.0600624 -0.5075737 -0.4771307 -0.0511823 0.7156086
1740548180.821246 -11.2538338 6.8964005 20.0477982 -0.5073671 -0.4751334 -0.0530285 0.7169483
1740548180.921331 -11.2978859 6.9362907 20.0372295 -0.5074421 -0.4749857 -0.0540636 0.7169158
1740548181.035027 -11.3352985 6.9687457 20.0291061 -0.5078064 -0.4734450 -0.0563923 0.7174973
1740548181.132666 -11.3686295 7.0044479 20.0216675 -0.5079214 -0.4726152 -0.0573034 0.7178907
1740548181.234102 -11.3981838 7.0292711 20.0137901 -0.5060269 -0.4722973 -0.0590977 0.7192910
1740548181.339979 -11.4224367 7.0495577 20.0078812 -0.5061290 -0.4714738 -0.0607360 0.7196228
1740548181.440198 -11.4579659 7.0844455 19.9930305 -0.5052226 -0.4708954 -0.0604736 0.7206598
1740548181.548652 -11.4892130 7.1056852 19.9817772 -0.5058112 -0.4684854 -0.0629185 0.7216078
1740548181.649026 -11.5199795 7.1313334 19.9765224 -0.5049245 -0.4681912 -0.0641838 0.7223079
1740548181.750589 -11.5431805 7.1505165 19.9729919 -0.5036455 -0.4684522 -0.0662441 0.7228455
1740548181.856881 -11.5757875 7.1800375 19.9669075 -0.5029219 -0.4690734 -0.0677932 0.7228027
1740548181.953504 -11.6118937 7.2138047 19.9685001 -0.5016627 -0.4704203 -0.0671902 0.7228588
1740548182.059658 -11.6623459 7.2568431 19.9586697 -0.5017166 -0.4706301 -0.0676112 0.7226455
1740548182.156155 -11.7094660 7.2946286 19.9574928 -0.5013694 -0.4715422 -0.0678810 0.7222665
1740548182.251940 -11.7546539 7.3319030 19.9540062 -0.5003376 -0.4726125 -0.0690056 0.7221758
1740548182.352136 -11.8082886 7.3744807 19.9528522 -0.5017415 -0.4736716 -0.0699383 0.7204161
1740548182.449955 -11.8612795 7.4118814 19.9501190 -0.5015686 -0.4753288 -0.0702480 0.7194141
1740548182.552329 -11.9170132 7.4544892 19.9470749 -0.5028957 -0.4766585 -0.0697439 0.7176548
1740548182.651670 -11.9812689 7.4935961 19.9463711 -0.5040255 -0.4777326 -0.0703015 0.7160919
1740548182.745465 -12.0274334 7.5303974 19.9463577 -0.5048550 -0.4797410 -0.0692690 0.7142631
1740548182.849608 -12.0751171 7.5651703 19.9464531 -0.5051873 -0.4803589 -0.0683953 0.7136968
1740548182.946681 -12.1315594 7.6067419 19.9445686 -0.5061355 -0.4818019 -0.0688466 0.7120070
1740548183.050700 -12.1867933 7.6487331 19.9406624 -0.5063399 -0.4828873 -0.0682297 0.7111852
1740548183.150577 -12.2362633 7.6871219 19.9397316 -0.5070205 -0.4840975 -0.0664102 0.7100490
1740548183.247745 -12.2924500 7.7262902 19.9371090 -0.5074714 -0.4850490 -0.0659657 0.7091182
1740548183.348479 -12.3408079 7.7608123 19.9374256 -0.5077817 -0.4866599 -0.0643389 0.7079409
1740548183.446026 -12.3896561 7.7955089 19.9377804 -0.5087776 -0.4879571 -0.0623375 0.7065107
1740548183.551696 -12.4346542 7.8266096 19.9377708 -0.5079510 -0.4889018 -0.0618545 0.7064947
1740548183.651384 -12.4724655 7.8547544 19.9298267 -0.5073734 -0.4892880 -0.0613896 0.7066830
1740548183.748536 -12.4828081 7.8651848 19.9297676 -0.5065409 -0.4904371 -0.0625107 0.7063853
1740548183.853260 -12.4884596 7.8721933 19.9295902 -0.5060765 -0.4913458 -0.0617625 0.7061525
1740548183.952075 -12.5006542 7.8782024 19.9303932 -0.5052560 -0.4918602 -0.0632910 0.7062466
1740548184.061630 -12.5187216 7.8910737 19.9314995 -0.5061914 -0.4915893 -0.0630929 0.7057829
1740548184.162781 -12.5663967 7.9298887 19.9260902 -0.5042605 -0.4916875 -0.0615387 0.7072324
1740548184.267797 -12.6147623 7.9730573 19.9312077 -0.5044432 -0.4922061 -0.0604374 0.7068363
1740548184.368435 -12.6075602 7.9879231 19.9295063 -0.5026823 -0.4926810 -0.0596419 0.7078268
1740548184.467199 -12.6048336 7.9812570 19.9235535 -0.5020415 -0.4918662 -0.0596132 0.7088500
1740548184.572166 -12.6200047 7.9863768 19.9260864 -0.5027754 -0.4910043 -0.0601307 0.7088836
1740548184.672224 -12.6177654 7.9876742 19.9258995 -0.4999980 -0.4912193 -0.0628108 0.7104649
1740548184.785486 -12.6307898 7.9935775 19.9266205 -0.5001746 -0.4904749 -0.0623173 0.7108982
1740548184.882759 -12.6409912 8.0033684 19.9238434 -0.4979407 -0.4903432 -0.0630737 0.7124888
1740548184.984509 -12.6500397 8.0151711 19.9213009 -0.4963698 -0.4889790 -0.0620184 0.7146120
1740548185.093038 -12.6535320 8.0199385 19.9279881 -0.4970708 -0.4878379 -0.0619987 0.7149062
1740548185.196515 -12.6579266 8.0242329 19.9244366 -0.4935337 -0.4871776 -0.0637509 0.7176478
1740548185.308848 -12.6685314 8.0233784 19.9178753 -0.4938502 -0.4837152 -0.0637116 0.7197725
1740548185.412253 -12.6636162 8.0257759 19.9219360 -0.4937730 -0.4836363 -0.0617128 0.7200526
1740548185.515361 -12.6851234 8.0437059 19.9151421 -0.4892330 -0.4817480 -0.0624838 0.7243381
1740548185.620109 -12.6815519 8.0493736 19.9028206 -0.4864216 -0.4797354 -0.0613624 0.7276556
1740548185.716304 -12.6882248 8.0439415 19.9108009 -0.4881194 -0.4796090 -0.0620309 0.7265445
1740548185.819522 -12.6942568 8.0642710 19.9114304 -0.4835139 -0.4794940 -0.0613184 0.7297533
1740548185.917130 -12.7022676 8.0645561 19.9188919 -0.4854748 -0.4779429 -0.0602839 0.7295551
1740548186.019919 -12.7069283 8.0650673 19.9181023 -0.4851299 -0.4757462 -0.0584254 0.7313693
1740548186.120614 -12.7131834 8.0747738 19.9156418 -0.4822895 -0.4751084 -0.0597056 0.7335558
1740548186.218747 -12.7162590 8.0824413 19.9194756 -0.4809819 -0.4745900 -0.0591481 0.7347940
1740548186.325411 -12.7323112 8.0975647 19.9141731 -0.4792741 -0.4731559 -0.0580756 0.7369173
1740548186.425192 -12.7312412 8.1115532 19.9111958 -0.4749217 -0.4729926 -0.0564461 0.7399604
1740548186.536424 -12.7358007 8.1070528 19.9142914 -0.4749393 -0.4734408 -0.0587360 0.7394840
1740548186.635599 -12.7452698 8.1189861 19.9088497 -0.4719178 -0.4727419 -0.0577602 0.7419383
1740548186.734787 -12.7420940 8.1064796 19.9090843 -0.4719649 -0.4720832 -0.0609053 0.7420762
1740548186.834853 -12.7462635 8.1012936 19.9096909 -0.4741646 -0.4707121 -0.0615306 0.7414931
1740548186.934573 -12.7515030 8.1079845 19.9129410 -0.4730653 -0.4707482 -0.0605785 0.7422504
1740548187.041945 -12.7582245 8.1133299 19.9176102 -0.4723579 -0.4717452 -0.0632573 0.7418443
1740548187.135850 -12.7577372 8.1161528 19.9161453 -0.4705516 -0.4700413 -0.0612838 0.7442356
1740548187.235875 -12.7615910 8.1194000 19.9244385 -0.4699531 -0.4721890 -0.0604299 0.7433236
1740548187.355466 -12.7649479 8.1233692 19.9215527 -0.4668334 -0.4710818 -0.0617609 0.7458781
1740548187.456151 -12.7658463 8.1284637 19.9221764 -0.4643432 -0.4713966 -0.0591758 0.7474416
1740548187.564190 -12.7703228 8.1327124 19.9266224 -0.4662800 -0.4706580 -0.0564206 0.7469141
1740548187.664824 -12.7796001 8.1350327 19.9291573 -0.4666310 -0.4701631 -0.0589327 0.7468126
1740548187.764054 -12.7806826 8.1380310 19.9321766 -0.4621875 -0.4713334 -0.0633956 0.7484708
1740548187.867076 -12.7812939 8.1386471 19.9321117 -0.4624152 -0.4734256 -0.0617343 0.7471475
1740548187.967749 -12.7814817 8.1378832 19.9310760 -0.4621079 -0.4693849 -0.0636562 0.7497213
1740548188.073812 -12.7852430 8.1398506 19.9298363 -0.4607423 -0.4651296 -0.0663055 0.7529771
1740548188.173328 -12.7872334 8.1404877 19.9300385 -0.4602111 -0.4617341 -0.0688206 0.7551630
1740548188.274494 -12.7943230 8.1447086 19.9298553 -0.4623814 -0.4579997 -0.0697189 0.7560284
1740548188.378699 -12.8133440 8.1459055 19.9228058 -0.4605352 -0.4541408 -0.0727462 0.7591914
1740548188.476371 -12.8204002 8.1449499 19.9209499 -0.4614291 -0.4485597 -0.0755104 0.7616926
1740548188.582064 -12.8318062 8.1477966 19.9181938 -0.4581975 -0.4437161 -0.0771879 0.7662983
1740548188.677653 -12.8545055 8.1533613 19.9151936 -0.4558383 -0.4405209 -0.0810352 0.7691464
1740548188.782977 -12.8934498 8.1624746 19.9071960 -0.4570479 -0.4367936 -0.0831917 0.7703231
1740548188.884843 -12.9601641 8.1821537 19.8989449 -0.4558641 -0.4338711 -0.0853985 0.7724318
1740548188.980768 -13.0252686 8.2164078 19.8932190 -0.4538322 -0.4318091 -0.0862358 0.7746874
1740548189.086058 -13.0925980 8.2414322 19.8857117 -0.4540229 -0.4288725 -0.0867240 0.7761511
1740548189.184577 -13.1471796 8.2606697 19.8809528 -0.4526211 -0.4261211 -0.0884960 0.7782823
1740548189.294230 -13.2085495 8.2893381 19.8814201 -0.4489364 -0.4238919 -0.0896829 0.7814913
1740548189.490785 -13.2696095 8.4437008 19.9307861 -0.4441456 -0.4273930 -0.0839710 0.7829552
1740548189.607054 -13.3105106 8.4921713 19.9543839 -0.4422330 -0.4276911 -0.0835527 0.7839192
1740548189.705311 -13.3592129 8.5350780 19.9738312 -0.4411265 -0.4273865 -0.0826125 0.7848079
1740548189.807203 -13.3966732 8.5919266 19.9941730 -0.4376977 -0.4281239 -0.0811609 0.7864754
1740548189.906747 -13.4430971 8.6552887 20.0082664 -0.4349107 -0.4288697 -0.0792041 0.7878135
1740548190.110292 -13.5309324 8.7510157 20.0387554 -0.4295116 -0.4285844 -0.0768282 0.7911590
1740548190.210180 -13.5723743 8.8118753 20.0592766 -0.4257194 -0.4299319 -0.0743812 0.7927099
1740548190.419022 -13.6674070 8.9058104 20.1002998 -0.4198219 -0.4311576 -0.0703956 0.7955484
1740548190.620978 -13.7523594 9.0099306 20.1501064 -0.4124439 -0.4325311 -0.0656588 0.7990593
1740548190.827925 -13.8510818 9.1097889 20.1967545 -0.4050801 -0.4355553 -0.0600113 0.8016236
1740548191.031627 -13.9581280 9.1853685 20.2440338 -0.3982763 -0.4385232 -0.0556942 0.8037235
1740548191.236677 -14.0548859 9.2848997 20.2900925 -0.3903410 -0.4427439 -0.0491321 0.8057281
1740548191.555917 -14.2062893 9.4286900 20.3612556 -0.3799382 -0.4486377 -0.0401761 0.8079339
1740548191.754876 -14.3159294 9.5143433 20.4003677 -0.3734503 -0.4530043 -0.0338323 0.8088123
1740548191.966041 -14.4193306 9.5915298 20.4527149 -0.3672816 -0.4574828 -0.0287515 0.8093128
1740548192.169969 -14.5372391 9.6681461 20.4942055 -0.3626328 -0.4630296 -0.0239682 0.8084099
1740548192.368706 -14.6542721 9.7390566 20.5406380 -0.3594377 -0.4687495 -0.0195071 0.8066585
1740548192.576307 -14.7629299 9.8238182 20.5829391 -0.3562683 -0.4754682 -0.0144134 0.8042358
1740548192.677184 -14.8169765 9.8645945 20.6071968 -0.3551794 -0.4783614 -0.0128939 0.8030266
1740548193.000249 -14.9751577 9.9848518 20.6638222 -0.3543106 -0.4898990 -0.0067555 0.7965032
1740548193.104800 -15.0437565 10.0162506 20.6819630 -0.3549789 -0.4946609 -0.0055637 0.7932652
1740548193.310701 -15.1616173 10.0973511 20.7150173 -0.3560858 -0.5046343 -0.0012811 0.7864766
1740548193.415220 -15.2150965 10.1380215 20.7367382 -0.3573675 -0.5101010 0.0002541 0.7823589
1740548193.620107 -15.3279247 10.2120323 20.7632599 -0.3606597 -0.5210602 0.0025821 0.7735724
1740548193.718256 -15.3874550 10.2531567 20.7837391 -0.3633869 -0.5276492 0.0040149 0.7678022
1740548193.819521 -15.4413700 10.2957659 20.8062019 -0.3653841 -0.5342242 0.0048863 0.7622828
1740548194.020526 -15.5496216 10.3827505 20.8223877 -0.3706709 -0.5480706 0.0085785 0.7497653
1740548194.123971 -15.6171980 10.4064207 20.8134193 -0.3738554 -0.5549769 0.0097983 0.7430590
1740548194.224847 -15.6797981 10.4366131 20.7996502 -0.3768879 -0.5623789 0.0113405 0.7359056
1740548194.336409 -15.7400656 10.4654675 20.7921047 -0.3800989 -0.5702201 0.0119537 0.7281696
1740548194.436301 -15.8053474 10.4978104 20.7685471 -0.3834935 -0.5773178 0.0130738 0.7207399
1740548194.536343 -15.8674459 10.5304508 20.7541103 -0.3872157 -0.5847402 0.0137027 0.7127098
1740548194.651981 -15.9278994 10.5661964 20.7294445 -0.3901962 -0.5918765 0.0145698 0.7051361
1740548194.753675 -15.9862289 10.6044436 20.7092915 -0.3934742 -0.5987210 0.0154025 0.6974769
1740548194.872171 -16.0461807 10.6389675 20.6892338 -0.3976109 -0.6050076 0.0155361 0.6896594
1740548194.970279 -16.1081543 10.6690912 20.6789417 -0.4018559 -0.6111361 0.0145561 0.6817716
1740548195.076138 -16.1646690 10.7113152 20.6623669 -0.4048927 -0.6169682 0.0152572 0.6746698
1740548195.180357 -16.2280102 10.7443266 20.6510334 -0.4084205 -0.6232065 0.0154337 0.6667594
1740548195.284035 -16.2836151 10.7894382 20.6375656 -0.4114139 -0.6284396 0.0161021 0.6599569
1740548195.394363 -16.3407631 10.8260813 20.6292686 -0.4144405 -0.6333140 0.0163983 0.6533633
1740548195.503507 -16.3987255 10.8592119 20.6112862 -0.4171725 -0.6376691 0.0162268 0.6473654
1740548195.619600 -16.4583435 10.8858805 20.5894661 -0.4200988 -0.6416293 0.0153796 0.6415545
1740548195.721472 -16.5165062 10.9263868 20.5736046 -0.4234642 -0.6458403 0.0150352 0.6350924
1740548195.831712 -16.5696316 10.9674835 20.5501442 -0.4258411 -0.6499081 0.0148330 0.6293321
1740548195.936494 -16.6290398 11.0050545 20.5314350 -0.4283296 -0.6537499 0.0145592 0.6236448
1740548196.037362 -16.6804829 11.0470963 20.5022392 -0.4300476 -0.6570156 0.0149497 0.6190042
1740548196.148152 -16.7418633 11.0842800 20.4847965 -0.4326049 -0.6607029 0.0145318 0.6132809
1740548196.252040 -16.8000450 11.1208134 20.4654255 -0.4349096 -0.6639435 0.0142060 0.6081372
1740548196.473393 -16.9232330 11.1872959 20.4253330 -0.4386849 -0.6701546 0.0136194 0.5985507
1740548196.688331 -17.0355759 11.2574816 20.3702450 -0.4426636 -0.6766316 0.0135451 0.5882474
1740548196.902931 -17.1497307 11.3262672 20.3138313 -0.4453520 -0.6828603 0.0146342 0.5789208
1740548197.125109 -17.2614307 11.3996220 20.2564602 -0.4478208 -0.6893083 0.0162602 0.5692505
1740548197.345340 -17.3695297 11.4656210 20.2011051 -0.4500302 -0.6953334 0.0177578 0.5600615
1740548197.568681 -17.4801521 11.5290279 20.1348915 -0.4516440 -0.7019666 0.0207880 0.5502985
1740548197.772720 -17.5888367 11.5994015 20.0710926 -0.4530188 -0.7085043 0.0243945 0.5405558
1740548197.983593 -17.6963463 11.6490765 19.9878235 -0.4530754 -0.7150286 0.0290464 0.5316136
1740548198.202769 -17.8096733 11.6952496 19.9076118 -0.4528433 -0.7211410 0.0340047 0.5231943
1740548198.415502 -17.9177685 11.7547150 19.8362732 -0.4517478 -0.7269475 0.0404091 0.5155951
1740548198.626981 -18.0272923 11.8157864 19.7668877 -0.4504522 -0.7323279 0.0468314 0.5085228
1740548198.843137 -18.1391716 11.8663836 19.6890373 -0.4477204 -0.7374682 0.0543634 0.5027243
1740548199.049394 -18.2563725 11.9092331 19.6148796 -0.4447742 -0.7417170 0.0617361 0.4982174
1740548199.254381 -18.3768082 11.9352293 19.5381870 -0.4417223 -0.7451830 0.0695575 0.4947176
1740548199.575139 -18.5513744 11.9649038 19.4125557 -0.4364393 -0.7490653 0.0812493 0.4917524
1740548200.199973 -18.9127197 12.1011944 19.2124252 -0.4219513 -0.7532249 0.1079581 0.4929040
1740548200.728565 -19.2269421 12.1732063 19.0433083 -0.4076595 -0.7528617 0.1301423 0.5000759
1740548201.250822 -19.5612049 12.1973867 18.8990192 -0.3942072 -0.7492945 0.1515146 0.5100997
1740548201.773048 -19.8980560 12.2479668 18.7429104 -0.3819807 -0.7413749 0.1681853 0.5255166
1740548202.292274 -20.2488594 12.2859364 18.6418724 -0.3729214 -0.7292580 0.1790788 0.5450166
1740548202.808578 -20.5986691 12.3486719 18.5372028 -0.3663363 -0.7135292 0.1855092 0.5676796
1740548203.233820 -20.8845711 12.4082718 18.4901581 -0.3633798 -0.6993129 0.1875145 0.5863061
1740548203.647503 -21.1699276 12.4647760 18.4347439 -0.3600970 -0.6838671 0.1876416 0.6061738
1740548203.975469 -21.3881283 12.5121145 18.4296856 -0.3579515 -0.6726447 0.1871472 0.6199966
1740548204.387709 -21.6671867 12.5816116 18.4004097 -0.3535119 -0.6572213 0.1891303 0.6382157
1740548204.694171 -21.8822536 12.6239824 18.3844624 -0.3497293 -0.6463190 0.1910273 0.6507456
1740548205.000816 -22.0978050 12.6635437 18.4003201 -0.3451564 -0.6369895 0.1936535 0.6615208
1740548205.309144 -22.3106117 12.7190952 18.4045525 -0.3401234 -0.6274934 0.1963997 0.6723059
1740548205.627979 -22.5173435 12.7780380 18.4107933 -0.3346182 -0.6191043 0.2001158 0.6816848
1740548205.933939 -22.7312012 12.8044510 18.4273319 -0.3301066 -0.6105304 0.2029844 0.6907095
1740548206.239923 -22.9453983 12.8379517 18.4527035 -0.3256978 -0.6024842 0.2053803 0.6991084
1740548206.549772 -23.1593304 12.8387995 18.4780674 -0.3227625 -0.5933288 0.2067163 0.7078514
1740548206.861253 -23.3603401 12.8993483 18.5157700 -0.3210030 -0.5855047 0.2064152 0.7152161
1740548207.169844 -23.5619278 12.9692621 18.5498028 -0.3197224 -0.5775775 0.2049109 0.7226295
1740548207.487029 -23.7653904 13.0362902 18.5858231 -0.3200163 -0.5695801 0.2033095 0.7292691
1740548207.798766 -23.9707680 13.0869608 18.6325264 -0.3202299 -0.5633882 0.2017597 0.7343974
1740548208.112715 -24.1734505 13.1514778 18.6771584 -0.3195424 -0.5602847 0.2020914 0.7369754
1740548208.432712 -24.3703613 13.2232971 18.7240829 -0.3177790 -0.5611517 0.2038445 0.7365953
1740548208.743733 -24.5791016 13.2503777 18.7852764 -0.3145633 -0.5681184 0.2080849 0.7314315
1740548209.069677 -24.7824841 13.3057899 18.8345737 -0.3101850 -0.5812457 0.2138598 0.7212508
1740548209.394345 -24.9892406 13.3589611 18.8694267 -0.3047687 -0.6001532 0.2216074 0.7055653
1740548209.711004 -25.2071075 13.3559437 18.8542442 -0.2980909 -0.6245111 0.2306843 0.6840413
1740548210.025322 -25.4208050 13.3521957 18.8116169 -0.2902652 -0.6512053 0.2408278 0.6585436
1740548210.359875 -25.6325645 13.3370647 18.7709179 -0.2814765 -0.6789919 0.2506852 0.6299984
1740548210.691103 -25.8416328 13.3023272 18.7200375 -0.2720760 -0.7057182 0.2605408 0.6000459
1740548210.998516 -26.0386143 13.2464571 18.6429787 -0.2623376 -0.7294138 0.2696138 0.5713518
1740548211.325193 -26.2393684 13.2048416 18.5727844 -0.2530910 -0.7496524 0.2783466 0.5445083
1740548211.648415 -26.4441738 13.1606865 18.5072193 -0.2448116 -0.7665047 0.2852553 0.5207372
1740548211.974313 -26.6345711 13.1033688 18.4240856 -0.2373157 -0.7809041 0.2909046 0.4992441
1740548212.289282 -26.8083305 13.0153408 18.3275471 -0.2304266 -0.7921771 0.2963335 0.4811918
1740548212.607863 -26.9846058 12.9368019 18.2260628 -0.2241057 -0.8009615 0.3012301 0.4663665
1740548213.009636 -27.2363930 12.8710556 18.0982780 -0.2169601 -0.8094003 0.3077138 0.4506791
1740548213.421429 -27.4845428 12.7986927 17.9683323 -0.2089257 -0.8141611 0.3177696 0.4387646
1740548213.839544 -27.7068729 12.6593761 17.8449039 -0.2002749 -0.8152824 0.3294439 0.4320548
1740548214.147436 -27.8794937 12.5530415 17.7597198 -0.1947190 -0.8142661 0.3381327 0.4297924
1740548214.458633 -28.0558281 12.4489822 17.6914616 -0.1904909 -0.8123738 0.3451656 0.4296774
1740548214.875478 -28.2938290 12.3172741 17.5919285 -0.1883701 -0.8086584 0.3510662 0.4328289
1740548215.280365 -28.5412273 12.1930714 17.5078220 -0.1907569 -0.8060787 0.3492340 0.4380463
1740548215.592295 -28.7297955 12.1183758 17.4310284 -0.1949757 -0.8052108 0.3445489 0.4414816
1740548215.912047 -28.9159489 12.0562973 17.3486786 -0.2016375 -0.8055755 0.3349693 0.4451808
1740548216.222846 -29.1052036 12.0014400 17.2612019 -0.2086124 -0.8070948 0.3239404 0.4473718
1740548216.526106 -29.2926388 11.9431887 17.1725960 -0.2166296 -0.8099194 0.3118775 0.4470287
1740548216.738379 -29.4097824 11.9006100 17.1077366 -0.2214163 -0.8119255 0.3038243 0.4465901
1740548216.941827 -29.5353470 11.8649406 17.0509930 -0.2261156 -0.8140261 0.2955138 0.4459876
1740548217.359062 -29.7729702 11.7937870 16.9106407 -0.2347666 -0.8190640 0.2791876 0.4428015
1740548217.558427 -29.8875389 11.7562819 16.8328838 -0.2391020 -0.8211752 0.2717837 0.4411747
1740548217.881798 -30.0766716 11.7328024 16.7348518 -0.2455987 -0.8243185 0.2598286 0.4389414
1740548218.086783 -30.1849937 11.7004147 16.6446457 -0.2495240 -0.8252036 0.2525775 0.4392965
1740548218.399336 -30.3681660 11.6852283 16.5379276 -0.2559402 -0.8252479 0.2428305 0.4410146
1740548218.711679 -30.5504169 11.6543961 16.4299774 -0.2610698 -0.8240307 0.2343914 0.4448333
1740548219.022485 -30.7340984 11.6297817 16.3227348 -0.2656022 -0.8202684 0.2281864 0.4522679
1740548219.238424 -30.8598576 11.6124802 16.2557774 -0.2678037 -0.8168941 0.2249892 0.4586340
1740548219.545696 -31.0527344 11.6101055 16.1601601 -0.2707579 -0.8101868 0.2220949 0.4700653
1740548219.877267 -31.2429676 11.5961771 16.0649300 -0.2726317 -0.8016987 0.2203707 0.4841362
1740548220.200953 -31.4404964 11.5739880 15.9923477 -0.2733343 -0.7921165 0.2208117 0.4990813
1740548220.417851 -31.5740318 11.5652599 15.9413471 -0.2734897 -0.7852507 0.2215523 0.5094108
1740548220.827903 -31.8461380 11.5402184 15.8657532 -0.2737601 -0.7693439 0.2221979 0.5327227
1740548221.141386 -32.0538292 11.5523682 15.8165970 -0.2737094 -0.7564981 0.2235775 0.5502790
1740548221.444124 -32.2629814 11.5469341 15.7829018 -0.2734481 -0.7433173 0.2240524 0.5678962
1740548221.748730 -32.4726257 11.5529642 15.7541962 -0.2740601 -0.7302600 0.2245767 0.5841034
1740548221.965542 -32.6125488 11.5603714 15.7420425 -0.2749824 -0.7216513 0.2232484 0.5947808
1740548222.269660 -32.8239212 11.5692234 15.7166481 -0.2754525 -0.7087592 0.2228605 0.6100160
1740548222.476882 -32.9666634 11.5788240 15.7061424 -0.2764467 -0.7008058 0.2216551 0.6191264
1740548222.784454 -33.1807022 11.5834932 15.6978111 -0.2794866 -0.6906858 0.2181243 0.6302873
1740548222.993144 -33.3177948 11.5644169 15.6947021 -0.2829153 -0.6846017 0.2147207 0.6365331
1740548223.414237 -33.6027031 11.5699644 15.6921425 -0.2925151 -0.6737646 0.2046105 0.6470013
1740548223.622810 -33.7414780 11.5813551 15.6887321 -0.2987254 -0.6684693 0.1965057 0.6521485
1740548223.823362 -33.8801460 11.6040916 15.6934586 -0.3071444 -0.6642085 0.1869911 0.6553806
1740548224.250734 -34.1444511 11.6825714 15.6778183 -0.3270337 -0.6551038 0.1636508 0.6611402
1740548224.460638 -34.2757835 11.7327642 15.6633606 -0.3382626 -0.6505988 0.1512970 0.6628791
1740548224.679840 -34.4069595 11.7802181 15.6568756 -0.3505146 -0.6472155 0.1375653 0.6628177
1740548224.883651 -34.5244446 11.8378143 15.6452675 -0.3607757 -0.6440766 0.1241442 0.6630192
1740548225.091083 -34.6535797 11.8809357 15.6298294 -0.3735672 -0.6396573 0.1095487 0.6627859
1740548225.306955 -34.7791061 11.9444389 15.6182785 -0.3843940 -0.6368522 0.0969398 0.6612588
1740548225.510290 -34.9106712 11.9874964 15.6406517 -0.3945569 -0.6370788 0.0804186 0.6572583
1740548225.622809 -34.9713898 12.0073996 15.6403503 -0.4002368 -0.6362091 0.0728366 0.6555480
1740548225.828025 -35.0965462 12.0677948 15.6472549 -0.4106731 -0.6352428 0.0604067 0.6512797
1740548226.046832 -35.2229347 12.1261263 15.6260567 -0.4185229 -0.6322001 0.0479735 0.6502770
1740548226.257018 -35.3435974 12.1943836 15.6783028 -0.4273500 -0.6387032 0.0365799 0.6388209
1740548226.469096 -35.4234085 12.3076324 15.7000656 -0.4302816 -0.6436314 0.0358225 0.6319123
1740548226.684778 -35.5213470 12.4189682 15.7817955 -0.4340881 -0.6550084 0.0317599 0.6176753
1740548226.898305 -35.5978470 12.5386705 15.7416840 -0.4358533 -0.6543003 0.0352205 0.6169948
1740548227.110746 -35.7218742 12.6295156 15.7754478 -0.4424951 -0.6594779 0.0320432 0.6068445
1740548227.213697 -35.7452660 12.6986160 15.7694206 -0.4417306 -0.6621943 0.0381472 0.6040841
1740548227.314656 -35.7827797 12.7251043 15.7627449 -0.4416391 -0.6620806 0.0370560 0.6043434
1740548227.425373 -35.8228836 12.7841616 15.7780037 -0.4408241 -0.6662245 0.0401701 0.6001712
1740548227.526123 -35.8703384 12.8342857 15.7529068 -0.4405685 -0.6658418 0.0415526 0.6006892
1740548227.642616 -35.9219551 12.8594036 15.7019272 -0.4395657 -0.6627827 0.0394835 0.6049315
1740548227.744576 -35.9836655 12.9058952 15.7173347 -0.4416231 -0.6662529 0.0391676 0.5996183
1740548227.843948 -36.0511436 12.9439468 15.7232018 -0.4449106 -0.6675550 0.0375343 0.5958322
1740548228.166743 -36.2086945 13.0394173 15.6232414 -0.4429817 -0.6639776 0.0350113 0.6013944
1740548228.381336 -36.3325462 13.1066971 15.6126099 -0.4457168 -0.6655990 0.0338928 0.5976337
1740548228.582494 -36.4427719 13.1831675 15.5754356 -0.4465018 -0.6651250 0.0349031 0.5975171
1740548228.791685 -36.5699158 13.2358847 15.5506706 -0.4481232 -0.6641041 0.0325009 0.5975743
