1740548123.257494 0.0000000 0.0000000 0.0000000 -0.0000000 -0.0000000 -0.0000000 1.0000000
1740548123.600834 0.0089842 0.0433545 0.0527683 0.0020824 -0.0004750 -0.0007633 0.9999974
1740548123.767802 0.0155009 0.0431478 0.1172609 0.0037833 -0.0032776 -0.0005413 0.9999874
1740548123.967808 0.0095033 0.0405252 0.1897427 0.0065816 -0.0071626 -0.0000058 0.9999527
1740548124.168156 -0.0200784 0.0335722 0.2489540 0.0094639 -0.0102420 0.0002196 0.9999028
1740548124.367837 -0.0376444 0.0135865 0.3116820 0.0130381 -0.0149778 0.0003006 0.9998028
1740548124.492200 -0.0680592 -0.0045384 0.3761177 0.0168863 -0.0202171 0.0001600 0.9996530
1740548124.600967 -0.0716018 -0.0161058 0.4429746 0.0214835 -0.0267227 0.0006876 0.9994118
1740548124.712500 -0.0853126 -0.0416966 0.5114791 0.0255187 -0.0335490 0.0003749 0.9991112
1740548124.822809 -0.1031310 -0.0537623 0.5747288 0.0306811 -0.0408560 0.0003965 0.9986938
1740548124.953260 -0.1193992 -0.0705077 0.6405668 0.0349452 -0.0483052 0.0010063 0.9982206
1740548125.061246 -0.1343686 -0.0808861 0.7078835 0.0401802 -0.0562792 0.0007189 0.9976060
1740548125.179352 -0.1469629 -0.1009798 0.7703285 0.0450971 -0.0644232 0.0007402 0.9969029
1740548125.289541 -0.1683469 -0.1111081 0.8311203 0.0505137 -0.0725420 0.0007762 0.9960850
1740548125.415850 -0.1753740 -0.1318791 0.8983120 0.0543725 -0.0810041 0.0008476 0.9952292
1740548125.524364 -0.1945182 -0.1445207 0.9624234 0.0588809 -0.0893991 0.0011510 0.9942533
1740548125.638710 -0.2065075 -0.1545780 1.0318837 0.0620704 -0.0978180 0.0009088 0.9932664
1740548125.750586 -0.2395308 -0.1503228 1.0902650 0.0663257 -0.1050351 0.0014655 0.9922532
1740548125.857788 -0.2629026 -0.1619095 1.1527640 0.0687170 -0.1121876 0.0013209 0.9913073
1740548125.976015 -0.2984149 -0.1731458 1.2076480 0.0712040 -0.1185570 0.0008725 0.9903905
1740548126.083580 -0.3280742 -0.1792035 1.2693388 0.0732261 -0.1249859 0.0009654 0.9894521
1740548126.202245 -0.3526149 -0.1905930 1.3282586 0.0748017 -0.1308778 0.0003514 0.9885725
1740548126.302605 -0.3640814 -0.1905301 1.3946377 0.0761861 -0.1369036 0.0012398 0.9876495
1740548126.418423 -0.3915558 -0.1989278 1.4527768 0.0770880 -0.1417573 0.0005466 0.9868951
1740548126.523335 -0.4277019 -0.1997672 1.5087169 0.0772495 -0.1455827 0.0000011 0.9863256
1740548126.636805 -0.4618916 -0.2115568 1.5648555 0.0771710 -0.1491230 -0.0004941 0.9858026
1740548126.746065 -0.4880731 -0.2314743 1.6263374 0.0763080 -0.1527728 -0.0015734 0.9853097
1740548126.852478 -0.5153190 -0.2277229 1.6967156 0.0755054 -0.1559453 -0.0013276 0.9848747
1740548126.966245 -0.5373315 -0.2124489 1.7569178 0.0764645 -0.1588053 -0.0009576 0.9843440
1740548127.072243 -0.5679159 -0.2275797 1.8204566 0.0753658 -0.1607808 -0.0015021 0.9841074
1740548127.188076 -0.5812272 -0.2320595 1.8858602 0.0751411 -0.1634277 -0.0012978 0.9836888
1740548127.298715 -0.6083299 -0.2270244 1.9340364 0.0755325 -0.1642364 -0.0011899 0.9835242
1740548127.419831 -0.6430424 -0.2229230 1.9871354 0.0754732 -0.1648878 -0.0011972 0.9834198
1740548127.524199 -0.6808294 -0.2386348 2.0455601 0.0743727 -0.1657573 -0.0021664 0.9833558
1740548127.638293 -0.6988403 -0.2454125 2.1023939 0.0740920 -0.1666438 -0.0017201 0.9832280
1740548127.738134 -0.7260907 -0.2347108 2.1590748 0.0743222 -0.1673050 -0.0015913 0.9830985
1740548127.837375 -0.7555346 -0.2476257 2.2155924 0.0735626 -0.1678098 -0.0016851 0.9830695
1740548127.943958 -0.7857337 -0.2641554 2.2715709 0.0723921 -0.1679739 -0.0021407 0.9831275
1740548128.043946 -0.8157014 -0.2583040 2.3360949 0.0722984 -0.1685628 -0.0020296 0.9830338
1740548128.155850 -0.8343469 -0.2644042 2.4002264 0.0716116 -0.1693747 -0.0025050 0.9829434
1740548128.260129 -0.8623392 -0.2585118 2.4550748 0.0715832 -0.1689814 -0.0021559 0.9830140
1740548128.360034 -0.8943498 -0.2749751 2.5213544 0.0706306 -0.1692130 -0.0027751 0.9830415
1740548128.468807 -0.9094254 -0.2678384 2.5758383 0.0708443 -0.1691354 -0.0024074 0.9830405
1740548128.570396 -0.9337835 -0.2653567 2.6401486 0.0709907 -0.1689851 -0.0024689 0.9830556
1740548128.671881 -0.9691857 -0.2659159 2.6969361 0.0705151 -0.1677916 -0.0025934 0.9832940
1740548128.769964 -0.9806644 -0.2737596 2.7648132 0.0697523 -0.1679955 -0.0024393 0.9833139
1740548128.885708 -1.0070918 -0.2907453 2.8190382 0.0693981 -0.1670131 -0.0031309 0.9835044
1740548128.987390 -1.0295638 -0.2827899 2.8798864 0.0696939 -0.1665651 -0.0028077 0.9835604
1740548129.087638 -1.0603281 -0.2817270 2.9400847 0.0695394 -0.1658271 -0.0028427 0.9836959
1740548129.194873 -1.0889127 -0.2762344 2.9935107 0.0707529 -0.1646730 -0.0023982 0.9838044
1740548129.295569 -1.1301240 -0.2839592 3.0453229 0.0717333 -0.1627668 -0.0032152 0.9840483
1740548129.405489 -1.1422158 -0.2995774 3.1143532 0.0711577 -0.1625844 -0.0024134 0.9841225
1740548129.505319 -1.1655304 -0.3183853 3.1748309 0.0717248 -0.1618429 -0.0025086 0.9842033
1740548129.603457 -1.1880838 -0.3173678 3.2260118 0.0732408 -0.1597209 -0.0017635 0.9844399
1740548129.705925 -1.2151269 -0.3229882 3.2933941 0.0740374 -0.1586871 -0.0020273 0.9845470
1740548129.806282 -1.2536484 -0.3297907 3.3509603 0.0750087 -0.1566064 -0.0016648 0.9848073
1740548129.916671 -1.2703233 -0.3302999 3.4134510 0.0754812 -0.1554126 -0.0014899 0.9849606
1740548130.019258 -1.2954805 -0.3273254 3.4740639 0.0766916 -0.1536017 -0.0009053 0.9851518
1740548130.137242 -1.3259687 -0.3196368 3.5370836 0.0788933 -0.1518400 -0.0005747 0.9852514
1740548130.238321 -1.3591111 -0.3213552 3.6002574 0.0801132 -0.1495938 -0.0002809 0.9854966
1740548130.340650 -1.3720553 -0.3261519 3.6714129 0.0816455 -0.1482146 0.0001183 0.9855793
1740548130.446483 -1.3852752 -0.3312396 3.7366269 0.0840885 -0.1460130 0.0009246 0.9857020
1740548130.547619 -1.4001592 -0.3526257 3.7928431 0.0863225 -0.1443453 0.0015587 0.9857538
1740548130.654367 -1.4183674 -0.3527819 3.8504505 0.0895927 -0.1410296 0.0025334 0.9859399
1740548130.757010 -1.4346917 -0.3528152 3.9095478 0.0943079 -0.1382319 0.0031669 0.9858945
1740548130.860462 -1.4600019 -0.3568319 3.9707272 0.0976852 -0.1353464 0.0036990 0.9859641
1740548130.970002 -1.4595873 -0.3714060 4.0279422 0.1015410 -0.1337660 0.0042616 0.9857880
1740548131.072482 -1.4810517 -0.3830575 4.0955033 0.1049214 -0.1315765 0.0051630 0.9857243
1740548131.182337 -1.4980725 -0.3774875 4.1590409 0.1096544 -0.1290548 0.0063871 0.9855354
1740548131.285251 -1.5195838 -0.3780208 4.2171426 0.1136931 -0.1261724 0.0070014 0.9854468
1740548131.391613 -1.5474026 -0.3699507 4.2759533 0.1179657 -0.1234698 0.0068623 0.9852879
1740548131.497764 -1.5878278 -0.3750400 4.3313017 0.1219941 -0.1201529 0.0064496 0.9852102
1740548131.600954 -1.6000371 -0.3801231 4.3811083 0.1246883 -0.1197238 0.0071931 0.9849200
1740548131.706591 -1.5904975 -0.3908791 4.4128757 0.1271785 -0.1187352 0.0072735 0.9847206
1740548131.809406 -1.5879478 -0.3994152 4.4462357 0.1297092 -0.1193733 0.0080736 0.9843071
1740548131.921936 -1.5848550 -0.4026054 4.4844069 0.1327165 -0.1192106 0.0072151 0.9839325
1740548132.023068 -1.5772078 -0.4123253 4.5389767 0.1365498 -0.1189919 0.0067180 0.9834378
1740548132.139478 -1.5662662 -0.4204265 4.5774646 0.1390545 -0.1212640 0.0060913 0.9828132
1740548132.237021 -1.5644869 -0.4242285 4.6089058 0.1409049 -0.1219979 0.0064715 0.9824564
1740548132.340472 -1.5686493 -0.4442470 4.6529531 0.1425362 -0.1223987 0.0067329 0.9821694
1740548132.449287 -1.5655990 -0.4530663 4.6666660 0.1422321 -0.1240627 0.0074792 0.9819993
1740548132.549325 -1.5647417 -0.4625687 4.7070103 0.1445338 -0.1256276 0.0073659 0.9814650
1740548132.656811 -1.5633497 -0.4612694 4.7579169 0.1472526 -0.1266980 0.0059202 0.9809328
1740548132.759862 -1.5568320 -0.4742266 4.7987299 0.1481970 -0.1294985 0.0057189 0.9804260
1740548132.863276 -1.5553514 -0.4725672 4.8401756 0.1512712 -0.1313544 0.0057401 0.9797092
1740548132.977784 -1.5688013 -0.5079205 4.8739429 0.1499261 -0.1322625 0.0064764 0.9797892
1740548133.081616 -1.5621419 -0.5355464 4.9194074 0.1489537 -0.1340680 0.0049910 0.9797009
1740548133.200546 -1.5519420 -0.5426384 4.9588141 0.1497248 -0.1373409 0.0047455 0.9791310
1740548133.301357 -1.5504278 -0.5473027 5.0021219 0.1502580 -0.1393901 0.0038883 0.9787634
1740548133.407281 -1.5473573 -0.5722104 5.0404916 0.1492351 -0.1422139 0.0039986 0.9785132
1740548133.510489 -1.5541540 -0.6051834 5.0676794 0.1470702 -0.1438424 0.0043454 0.9786015
1740548133.610924 -1.5605910 -0.6366221 5.0993681 0.1451626 -0.1458405 0.0034380 0.9785942
1740548133.721013 -1.5657645 -0.6279245 5.1459384 0.1466738 -0.1477801 0.0032994 0.9780782
1740548133.819009 -1.5745486 -0.6166571 5.1966257 0.1486745 -0.1496907 0.0026410 0.9774874
1740548133.926073 -1.5857385 -0.6441050 5.2261453 0.1470380 -0.1509127 0.0029118 0.9775463
1740548134.028574 -1.6040096 -0.6780977 5.2612228 0.1446185 -0.1509847 0.0032071 0.9778951
1740548134.141720 -1.6070954 -0.6806036 5.2642140 0.1438375 -0.1499901 0.0036116 0.9781619
1740548134.240001 -1.6327635 -0.6791472 5.3109674 0.1463473 -0.1498732 0.0030413 0.9778094
1740548134.343888 -1.6282506 -0.6947647 5.3631330 0.1450250 -0.1519779 0.0017030 0.9776848
1740548134.461985 -1.6176310 -0.7104319 5.3991652 0.1447977 -0.1550704 0.0019464 0.9772323
1740548134.564868 -1.6131738 -0.7267236 5.4300337 0.1434579 -0.1573299 0.0004788 0.9770706
1740548134.672967 -1.6432284 -0.7389626 5.4924898 0.1436728 -0.1570387 0.0007951 0.9770856
1740548134.774825 -1.6348643 -0.7283031 5.5409217 0.1457085 -0.1604334 0.0004829 0.9762325
1740548134.876841 -1.6313874 -0.7315434 5.5738907 0.1472288 -0.1629427 0.0004519 0.9755886
1740548134.985596 -1.6416980 -0.7630493 5.6233983 0.1461182 -0.1651995 0.0007791 0.9753758
1740548135.089036 -1.6393507 -0.7621158 5.6714845 0.1468523 -0.1684037 -0.0001588 0.9747177
1740548135.193120 -1.6380926 -0.7646369 5.7182221 0.1486224 -0.1718999 -0.0004983 0.9738386
1740548135.296097 -1.6463680 -0.7803373 5.7650409 0.1488441 -0.1747440 -0.0007682 0.9732982
1740548135.405683 -1.6385255 -0.7774684 5.8096361 0.1513777 -0.1788479 -0.0011354 0.9721609
1740548135.508684 -1.6324435 -0.7984453 5.8429847 0.1515311 -0.1820866 -0.0023364 0.9715335
1740548135.610395 -1.6221951 -0.7986623 5.8889508 0.1535064 -0.1863792 -0.0030391 0.9704068
1740548135.717580 -1.6203915 -0.8159271 5.9130301 0.1542480 -0.1894189 -0.0034701 0.9696990
1740548135.822147 -1.6153053 -0.8275251 5.9358387 0.1548754 -0.1921562 -0.0029878 0.9690617
1740548135.931577 -1.6445575 -0.8385316 5.9474244 0.1571522 -0.1911286 -0.0034174 0.9688970
1740548136.035793 -1.6439741 -0.8530554 5.9497967 0.1557419 -0.1923546 -0.0030047 0.9688835
1740548136.140282 -1.6507363 -0.8503542 5.9641457 0.1572157 -0.1886551 -0.0043162 0.9693677
1740548136.252615 -1.6647732 -0.8588731 5.9649439 0.1577368 -0.1861406 -0.0039198 0.9697708
1740548136.356613 -1.6675994 -0.8753487 5.9673152 0.1569912 -0.1853719 -0.0064331 0.9700256
1740548136.465374 -1.6639521 -0.8960073 5.9937229 0.1569829 -0.1882025 -0.0055699 0.9694871
1740548136.571447 -1.6519766 -0.9217044 6.0394759 0.1579956 -0.1908419 -0.0057943 0.9688051
1740548136.684530 -1.6402611 -0.9309573 6.0657992 0.1586522 -0.1941912 -0.0065106 0.9680273
1740548136.787151 -1.6382130 -0.9532908 6.0917559 0.1591913 -0.1958688 -0.0070314 0.9675971
1740548136.906937 -1.6372870 -0.9511750 6.1269951 0.1596794 -0.1971011 -0.0076970 0.9672613
1740548137.009178 -1.6663247 -0.9780368 6.1698422 0.1586154 -0.1944860 -0.0077280 0.9679652
1740548137.114542 -1.6601171 -1.0302565 6.1785874 0.1514116 -0.1944671 -0.0089635 0.9691113
1740548137.223638 -1.6699841 -1.0511340 6.1846943 0.1479789 -0.1903891 -0.0094101 0.9704461
1740548137.328346 -1.7088224 -1.0631317 6.1866679 0.1474789 -0.1828957 -0.0086902 0.9719689
1740548137.438851 -1.7326226 -1.0823770 6.2025738 0.1456467 -0.1783802 -0.0091125 0.9730799
1740548137.543700 -1.7522526 -1.0863551 6.2243876 0.1439055 -0.1750091 -0.0073977 0.9739652
1740548137.654196 -1.7728429 -1.1191957 6.2430811 0.1395752 -0.1702806 -0.0071505 0.9754343
1740548137.759895 -1.8136936 -1.1214145 6.2823424 0.1391186 -0.1655680 -0.0068081 0.9763129
1740548137.866459 -1.8522365 -1.1353725 6.3092899 0.1369661 -0.1599820 -0.0056320 0.9775553
1740548137.975226 -1.8874499 -1.1433405 6.3437939 0.1361675 -0.1548905 -0.0050596 0.9784895
1740548138.080147 -1.9139978 -1.1515825 6.3729935 0.1343065 -0.1504020 -0.0038000 0.9794522
1740548138.191715 -1.9379451 -1.1560875 6.4010210 0.1317775 -0.1469561 -0.0037044 0.9803188
1740548138.298192 -1.9576161 -1.1673504 6.4300041 0.1288139 -0.1442534 -0.0019754 0.9811188
1740548138.411783 -1.9619504 -1.1704707 6.4444637 0.1279421 -0.1421443 -0.0024077 0.9815396
1740548138.522462 -1.9721045 -1.1755362 6.4487238 0.1244898 -0.1373662 -0.0030828 0.9826614
1740548138.624930 -1.9938515 -1.1710041 6.4682546 0.1242042 -0.1331658 -0.0012419 0.9832796
1740548138.737712 -2.0093377 -1.1731079 6.4807324 0.1228263 -0.1295383 -0.0021802 0.9839354
1740548138.839892 -2.0156028 -1.1704066 6.4883838 0.1213128 -0.1285586 -0.0029061 0.9842497
1740548138.950413 -2.0075696 -1.1719482 6.4968352 0.1186337 -0.1301551 -0.0026155 0.9843673
1740548139.053494 -2.0261800 -1.1903226 6.5256963 0.1130746 -0.1302066 -0.0030259 0.9850133
1740548139.160967 -2.0494518 -1.2152345 6.5699682 0.1071724 -0.1303401 -0.0027912 0.9856560
1740548139.268755 -2.0688906 -1.2455516 6.5965309 0.1023024 -0.1290249 -0.0028405 0.9863462
1740548139.371309 -2.0664630 -1.2505249 6.5962343 0.1002471 -0.1297418 -0.0039032 0.9864595
1740548139.479039 -2.0680182 -1.2494795 6.6009035 0.0982718 -0.1306908 -0.0029367 0.9865364
1740548139.585129 -2.0658581 -1.2563149 6.6100235 0.0952546 -0.1318061 -0.0038736 0.9866807
1740548139.694165 -2.0792489 -1.2670634 6.6228538 0.0916959 -0.1310792 -0.0037487 0.9871150
1740548139.798981 -2.0797601 -1.2577996 6.6276679 0.0908961 -0.1322844 -0.0046559 0.9870244
1740548139.907966 -2.0785382 -1.2593722 6.6288352 0.0876971 -0.1329947 -0.0050861 0.9872162
1740548140.013614 -2.0901003 -1.2592323 6.6367579 0.0860723 -0.1292564 -0.0052164 0.9878548
1740548140.119893 -2.1004410 -1.2615851 6.6473913 0.0860922 -0.1276252 -0.0051136 0.9880657
1740548140.226370 -2.1117611 -1.2485542 6.6614795 0.0872305 -0.1260853 -0.0039054 0.9881691
1740548140.331386 -2.1102519 -1.2500427 6.6656942 0.0854163 -0.1269027 -0.0041916 0.9882218
1740548140.447216 -2.1108420 -1.2469971 6.6697321 0.0836252 -0.1278716 -0.0017824 0.9882573
1740548140.554445 -2.1091840 -1.2485688 6.6692953 0.0800945 -0.1289080 0.0017414 0.9884152
1740548140.685568 -2.1123195 -1.2492038 6.6711259 0.0783664 -0.1254327 -0.0004188 0.9890021
1740548140.789939 -2.1119237 -1.2519107 6.6685805 0.0759790 -0.1236126 -0.0027691 0.9894137
1740548140.910589 -2.1118896 -1.2646409 6.6763477 0.0716030 -0.1239425 -0.0018829 0.9897009
1740548141.012404 -2.1109154 -1.2650893 6.6793551 0.0685490 -0.1244518 -0.0021709 0.9898525
1740548141.119383 -2.1158161 -1.2635562 6.6857624 0.0678024 -0.1222604 -0.0007756 0.9901791
1740548141.227920 -2.1202009 -1.2629664 6.6913781 0.0659831 -0.1201569 -0.0002979 0.9905597
1740548141.333179 -2.1269717 -1.2676208 6.6991444 0.0641587 -0.1164362 0.0010923 0.9911231
1740548141.444320 -2.1191700 -1.2712772 6.7027144 0.0604501 -0.1201813 0.0028622 0.9909056
1740548141.550253 -2.1133523 -1.2884035 6.7287893 0.0580887 -0.1230067 0.0010610 0.9907038
1740548141.767670 -2.1111765 -1.2934595 6.7261872 0.0534131 -0.1200827 0.0003747 0.9913259
1740548141.872120 -2.1108847 -1.2972949 6.7214441 0.0509823 -0.1180791 -0.0007826 0.9916943
1740548141.982247 -2.1051424 -1.3059584 6.7171102 0.0464505 -0.1191670 -0.0008411 0.9917867
1740548142.091942 -2.0999906 -1.3112003 6.7247434 0.0445940 -0.1213151 -0.0006811 0.9916116
1740548142.207111 -2.0904531 -1.3114396 6.7274399 0.0425620 -0.1234384 -0.0009517 0.9914386
1740548142.311436 -2.0883491 -1.3168583 6.7279644 0.0401483 -0.1235494 -0.0009820 0.9915255
1740548142.425131 -2.0892205 -1.3204482 6.7340164 0.0386200 -0.1231716 -0.0014032 0.9916326
1740548142.538142 -2.0861602 -1.3242615 6.7394948 0.0369647 -0.1233805 -0.0000280 0.9916708
1740548142.663790 -2.1014469 -1.3219434 6.7616081 0.0375324 -0.1196036 -0.0042139 0.9921031
1740548142.769889 -2.1028779 -1.3260955 6.7703886 0.0355652 -0.1184414 -0.0058973 0.9923064
1740548142.875152 -2.1020169 -1.3334285 6.7813535 0.0326102 -0.1189580 -0.0083022 0.9923289
1740548142.990354 -2.1034846 -1.3350707 6.7871714 0.0307537 -0.1170873 -0.0062820 0.9926255
1740548143.095129 -2.0990994 -1.3353801 6.8014116 0.0308099 -0.1196258 -0.0050454 0.9923281
1740548143.222753 -2.1006308 -1.3395953 6.8413591 0.0281979 -0.1212212 -0.0067173 0.9922022
1740548143.324592 -2.1039693 -1.3437015 6.8909388 0.0277786 -0.1233032 -0.0078530 0.9919491
1740548143.439028 -2.1188924 -1.3419073 6.9517579 0.0275353 -0.1226833 -0.0060638 0.9920453
1740548143.543820 -2.1185715 -1.3414320 6.9864130 0.0275755 -0.1249885 -0.0065682 0.9917532
1740548143.663519 -2.1190381 -1.3451699 7.0052247 0.0262403 -0.1266955 -0.0072750 0.9915679
1740548143.764904 -2.1305494 -1.3473314 7.0477977 0.0247982 -0.1276746 -0.0071294 0.9914804
1740548143.871416 -2.1336143 -1.3459935 7.0768514 0.0248988 -0.1278185 -0.0051494 0.9914716
1740548143.979631 -2.1540816 -1.3497865 7.1334443 0.0234194 -0.1268968 -0.0066265 0.9916173
1740548144.085873 -2.1646869 -1.3539896 7.1889610 0.0231134 -0.1282318 -0.0077746 0.9914444
1740548144.194210 -2.1747525 -1.3580579 7.2401609 0.0201578 -0.1295872 -0.0081087 0.9913300
1740548144.301134 -2.1821878 -1.3572924 7.2824464 0.0206902 -0.1305048 -0.0084694 0.9911956
1740548144.411222 -2.1845570 -1.3568188 7.3155904 0.0188337 -0.1320342 -0.0085872 0.9910290
1740548144.524790 -2.1987622 -1.3578212 7.3596187 0.0179274 -0.1329114 -0.0085435 0.9909289
1740548144.627746 -2.2000210 -1.3509868 7.3917832 0.0166125 -0.1344239 -0.0084705 0.9907485
1740548144.740773 -2.2028213 -1.3411292 7.4359140 0.0154616 -0.1365543 -0.0081248 0.9904786
1740548144.842194 -2.2236440 -1.3409891 7.4919577 0.0140503 -0.1361784 -0.0085783 0.9905475
1740548144.954263 -2.2506292 -1.3194619 7.5301580 0.0140568 -0.1354332 -0.0093133 0.9906430
1740548145.058416 -2.2477014 -1.2976482 7.5647626 0.0146209 -0.1368829 -0.0085737 0.9904422
1740548145.170726 -2.2730639 -1.2836914 7.6296673 0.0134385 -0.1365935 -0.0092604 0.9904928
1740548145.277337 -2.2945228 -1.2797860 7.6970701 0.0124999 -0.1363486 -0.0093700 0.9905378
1740548145.386619 -2.3314412 -1.2521425 7.7530618 0.0128368 -0.1348780 -0.0096691 0.9907319
1740548145.508470 -2.3494713 -1.2350098 7.8162484 0.0132873 -0.1344350 -0.0098096 0.9907848
1740548145.612559 -2.3828804 -1.2267338 7.8789730 0.0123661 -0.1325190 -0.0098737 0.9910542
1740548145.726044 -2.3833916 -1.2266047 7.9520893 0.0123076 -0.1320375 -0.0094714 0.9911231
1740548145.832302 -2.4071312 -1.2244413 8.0156164 0.0125068 -0.1298769 -0.0093608 0.9914071
1740548145.947360 -2.4163218 -1.2343789 8.0867176 0.0123790 -0.1282444 -0.0097747 0.9916172
1740548146.054935 -2.4331267 -1.2435666 8.1551285 0.0129041 -0.1263427 -0.0103064 0.9918492
1740548146.166626 -2.4261701 -1.2607825 8.2319393 0.0126967 -0.1248188 -0.0097387 0.9920505
1740548146.277886 -2.4432833 -1.2641010 8.2969027 0.0135285 -0.1225338 -0.0096928 0.9923248
1740548146.387491 -2.4638100 -1.2734264 8.3642168 0.0137649 -0.1202660 -0.0102310 0.9925936
1740548146.509603 -2.4757922 -1.2766010 8.4377899 0.0145748 -0.1188521 -0.0097150 0.9927575
1740548146.617220 -2.4908769 -1.2732002 8.5061913 0.0150409 -0.1171245 -0.0096784 0.9929562
1740548146.732357 -2.4988055 -1.2761136 8.5794125 0.0156445 -0.1161602 -0.0096978 0.9930599
1740548146.841451 -2.5252206 -1.2695286 8.6446295 0.0162965 -0.1146914 -0.0094839 0.9932222
1740548146.957563 -2.5371325 -1.2724133 8.7140493 0.0166620 -0.1138064 -0.0094557 0.9933182
1740548147.063306 -2.5545156 -1.2669491 8.7799807 0.0174939 -0.1126887 -0.0097457 0.9934285
1740548147.178078 -2.5711353 -1.2552911 8.8514185 0.0183447 -0.1125104 -0.0097981 0.9934329
1740548147.289000 -2.5885701 -1.2829312 8.9243956 0.0177241 -0.1119460 -0.0095922 0.9935099
1740548147.416166 -2.6042788 -1.2895501 8.9927235 0.0168141 -0.1117291 -0.0096476 0.9935496
1740548147.525186 -2.6256495 -1.2919875 9.0584459 0.0160914 -0.1118414 -0.0096590 0.9935489
1740548147.629851 -2.6463099 -1.2951591 9.1288109 0.0156135 -0.1122191 -0.0097038 0.9935134
1740548147.745089 -2.6587019 -1.2946101 9.1995554 0.0144691 -0.1130186 -0.0098045 0.9934391
1740548147.854822 -2.6713965 -1.2902009 9.2725325 0.0138034 -0.1142269 -0.0101458 0.9933070
1740548147.974618 -2.6903372 -1.2949964 9.3399944 0.0118219 -0.1154675 -0.0103508 0.9931870
1740548148.088260 -2.7039013 -1.2944080 9.4130020 0.0101740 -0.1169940 -0.0104312 0.9930257
1740548148.200301 -2.7360854 -1.2978227 9.4776335 0.0077163 -0.1179844 -0.0110795 0.9929237
1740548148.309916 -2.7371495 -1.3006771 9.5515156 0.0060732 -0.1202659 -0.0110148 0.9926621
1740548148.424196 -2.7490032 -1.3032832 9.6291904 0.0029605 -0.1221446 -0.0110673 0.9924462
1740548148.530082 -2.7748258 -1.2956548 9.6932335 0.0009025 -0.1236568 -0.0114973 0.9922581
1740548148.641320 -2.8041980 -1.2978711 9.7592649 -0.0020607 -0.1251436 -0.0120016 0.9920639
1740548148.758983 -2.8152235 -1.2928089 9.8308945 -0.0043074 -0.1276023 -0.0124681 0.9917377
1740548148.864821 -2.8378451 -1.2835013 9.8978720 -0.0069095 -0.1298513 -0.0127874 0.9914269
1740548148.987339 -2.8598416 -1.2912921 9.9651356 -0.0100656 -0.1318297 -0.0129692 0.9911364
1740548149.091830 -2.8831832 -1.2879812 10.0316744 -0.0131315 -0.1337782 -0.0136444 0.9908304
1740548149.211049 -2.9151356 -1.2754947 10.0966625 -0.0159999 -0.1358070 -0.0138430 0.9905094
1740548149.314475 -2.9356239 -1.2620627 10.1651258 -0.0186564 -0.1379724 -0.0138890 0.9901630
1740548149.426378 -2.9614477 -1.2573428 10.2323885 -0.0216402 -0.1400509 -0.0143328 0.9898040
1740548149.534521 -2.9817686 -1.2426184 10.2985420 -0.0237324 -0.1424406 -0.0148419 0.9894075
1740548149.642015 -2.9944472 -1.2385588 10.3714752 -0.0260646 -0.1453197 -0.0151150 0.9889259
1740548149.750810 -3.0295901 -1.2455095 10.4345131 -0.0288473 -0.1470882 -0.0154674 0.9885817
1740548149.858582 -3.0543206 -1.2394252 10.4998484 -0.0306358 -0.1495914 -0.0159902 0.9881439
1740548149.970123 -3.0811739 -1.2277546 10.5686016 -0.0323061 -0.1521644 -0.0158725 0.9876996
1740548150.074230 -3.0895286 -1.2134330 10.6438036 -0.0338980 -0.1553968 -0.0158284 0.9871435
1740548150.185827 -3.1177444 -1.2133803 10.7074547 -0.0360356 -0.1575066 -0.0160087 0.9867304
1740548150.294778 -3.1410758 -1.2040505 10.7738581 -0.0373898 -0.1600390 -0.0165043 0.9862643
1740548150.402144 -3.1713872 -1.1974996 10.8411026 -0.0389549 -0.1625180 -0.0163809 0.9858002
1740548150.522177 -3.1904619 -1.1896251 10.9093494 -0.0399619 -0.1654558 -0.0165494 0.9852683
1740548150.627375 -3.2231672 -1.1866894 10.9745646 -0.0412951 -0.1679712 -0.0164102 0.9847899
1740548150.743309 -3.2551107 -1.1785390 11.0358820 -0.0420472 -0.1704316 -0.0163672 0.9843360
1740548150.846718 -3.2678444 -1.1707070 11.1080074 -0.0429500 -0.1737949 -0.0164152 0.9837079
1740548150.958301 -3.3044412 -1.1671312 11.1701651 -0.0439924 -0.1763968 -0.0167892 0.9831922
1740548151.064274 -3.3268785 -1.1589644 11.2380104 -0.0447537 -0.1794396 -0.0166957 0.9826087
1740548151.176161 -3.3559082 -1.1557420 11.3032761 -0.0460108 -0.1823732 -0.0167272 0.9820098
1740548151.282163 -3.3821542 -1.1390144 11.3714924 -0.0470635 -0.1855202 -0.0167384 0.9813700
1740548151.389150 -3.4127359 -1.1342551 11.4342117 -0.0478822 -0.1885254 -0.0166028 0.9807598
1740548151.498243 -3.4476812 -1.1294572 11.4991665 -0.0489416 -0.1911924 -0.0169806 0.9801846
1740548151.609073 -3.4789321 -1.1294982 11.5606890 -0.0507189 -0.1939024 -0.0169899 0.9795616
1740548151.717193 -3.5073969 -1.1182954 11.6271076 -0.0514739 -0.1969286 -0.0171755 0.9789150
1740548151.823800 -3.5316062 -1.1077523 11.6928167 -0.0529978 -0.1999954 -0.0174264 0.9782072
1740548151.932287 -3.5564451 -1.1031457 11.7573309 -0.0550720 -0.2026914 -0.0175853 0.9775347
1740548152.039907 -3.5926213 -1.0983562 11.8196363 -0.0575537 -0.2050290 -0.0180732 0.9768952
1740548152.144036 -3.6222749 -1.0932335 11.8825645 -0.0598218 -0.2075692 -0.0185822 0.9762127
1740548152.252019 -3.6624272 -1.0920500 11.9363422 -0.0633067 -0.2090948 -0.0189982 0.9756591
1740548152.358152 -3.7045221 -1.0847088 11.9937134 -0.0663267 -0.2108725 -0.0192620 0.9750705
1740548152.468689 -3.7312424 -1.0759681 12.0554838 -0.0696845 -0.2131133 -0.0197165 0.9743398
1740548152.574204 -3.7630656 -1.0682268 12.1154270 -0.0728875 -0.2150132 -0.0206013 0.9736695
1740548152.685294 -3.7920473 -1.0561954 12.1784201 -0.0762868 -0.2171906 -0.0211808 0.9729131
1740548152.791518 -3.8366287 -1.0386040 12.2328262 -0.0803982 -0.2187367 -0.0213868 0.9722309
1740548152.895166 -3.8655412 -1.0292914 12.2885132 -0.0843048 -0.2205691 -0.0225419 0.9714596
1740548153.004584 -3.9040146 -1.0170646 12.3461552 -0.0886603 -0.2223334 -0.0231928 0.9706541
1740548153.107955 -3.9358313 -1.0055903 12.4011383 -0.0930691 -0.2237861 -0.0242172 0.9698822
1740548153.219210 -3.9712195 -0.9859009 12.4600143 -0.0971030 -0.2255759 -0.0250097 0.9690517
1740548153.325379 -4.0058508 -0.9618709 12.5186901 -0.1012950 -0.2274184 -0.0256202 0.9681755
1740548153.436115 -4.0448527 -0.9505638 12.5786247 -0.1055176 -0.2288884 -0.0263734 0.9673575
1740548153.543803 -4.0693407 -0.9283166 12.6408873 -0.1088902 -0.2306328 -0.0272070 0.9665461
1740548153.649017 -4.1092396 -0.9154802 12.6982813 -0.1130840 -0.2319134 -0.0279778 0.9657357
1740548153.763169 -4.1483817 -0.8889245 12.7527351 -0.1164230 -0.2330752 -0.0282327 0.9650516
1740548153.869406 -4.1872010 -0.8702778 12.8100786 -0.1200943 -0.2340411 -0.0290631 0.9643431
1740548153.992370 -4.2247357 -0.8433330 12.8641768 -0.1235246 -0.2347303 -0.0294943 0.9637290
1740548154.096933 -4.2670155 -0.8203759 12.9194145 -0.1266860 -0.2351658 -0.0301011 0.9631935
1740548154.214597 -4.2991271 -0.8033885 12.9779930 -0.1297950 -0.2357979 -0.0309644 0.9625974
1740548154.319511 -4.3241186 -0.7731157 13.0421171 -0.1315887 -0.2364839 -0.0314960 0.9621683
1740548154.433132 -4.3506866 -0.7448344 13.1062202 -0.1333223 -0.2367564 -0.0318970 0.9618493
1740548154.541712 -4.3822794 -0.7191091 13.1653032 -0.1354135 -0.2365664 -0.0323350 0.9615893
1740548154.646461 -4.4174247 -0.6942006 13.2217331 -0.1370901 -0.2359285 -0.0329790 0.9614866
1740548154.768032 -4.4528570 -0.6687242 13.2805119 -0.1384656 -0.2350554 -0.0335110 0.9614849
1740548154.876865 -4.4824076 -0.6459215 13.3401842 -0.1396614 -0.2337824 -0.0337340 0.9616145
1740548154.995560 -4.5217476 -0.6263534 13.3986416 -0.1402172 -0.2322302 -0.0340594 0.9618983
1740548155.098315 -4.5609221 -0.6024737 13.4522314 -0.1411595 -0.2299806 -0.0343679 0.9622899
1740548155.215643 -4.5935869 -0.5864269 13.5104313 -0.1418034 -0.2276104 -0.0348535 0.9627412
1740548155.321929 -4.6175365 -0.5675063 13.5778818 -0.1419312 -0.2256432 -0.0353853 0.9631659
1740548155.435767 -4.6433411 -0.5491301 13.6442585 -0.1420265 -0.2231691 -0.0358894 0.9637095
1740548155.542811 -4.6717334 -0.5368599 13.7089739 -0.1426556 -0.2202395 -0.0363997 0.9642712
1740548155.644450 -4.7085853 -0.5298869 13.7659531 -0.1440778 -0.2167560 -0.0369319 0.9648287
1740548155.749187 -4.7314034 -0.5178417 13.8362398 -0.1448439 -0.2138365 -0.0378055 0.9653315
1740548155.851245 -4.7609472 -0.5071912 13.9002390 -0.1460301 -0.2102598 -0.0385902 0.9659073
1740548155.964217 -4.7990818 -0.4970003 13.9562082 -0.1479445 -0.2062495 -0.0395295 0.9664425
1740548156.066414 -4.8191233 -0.4787719 14.0252619 -0.1495645 -0.2029621 -0.0404655 0.9668502
1740548156.173627 -4.8400168 -0.4629316 14.0912828 -0.1520758 -0.1994753 -0.0414883 0.9671408
1740548156.276265 -4.8711491 -0.4438030 14.1525354 -0.1551136 -0.1954773 -0.0424394 0.9674333
1740548156.378184 -4.8912954 -0.4256620 14.2196846 -0.1588384 -0.1920414 -0.0437714 0.9674578
1740548156.495640 -4.9112687 -0.4074942 14.2848377 -0.1634471 -0.1886256 -0.0451599 0.9672983
1740548156.596328 -4.9264522 -0.3834519 14.3522615 -0.1686064 -0.1856963 -0.0467030 0.9669062
1740548156.811321 -4.9557929 -0.3370594 14.4889803 -0.1814631 -0.1806121 -0.0498878 0.9653816
1740548156.911100 -4.9721899 -0.3081476 14.5553980 -0.1890065 -0.1787761 -0.0516275 0.9641837
1740548157.016791 -4.9863229 -0.2815369 14.6192732 -0.1973772 -0.1771669 -0.0535254 0.9626989
1740548157.117909 -5.0052156 -0.2477830 14.6811447 -0.2060931 -0.1759733 -0.0552007 0.9609953
1740548157.224814 -5.0198789 -0.2149569 14.7429113 -0.2155790 -0.1754247 -0.0571478 0.9588983
1740548157.437029 -5.0548759 -0.1377202 14.8568058 -0.2363252 -0.1760566 -0.0605422 0.9536714
1740548157.540100 -5.0667548 -0.0870278 14.9105225 -0.2466823 -0.1773140 -0.0620585 0.9507136
1740548157.639656 -5.0902095 -0.0387404 14.9565287 -0.2578212 -0.1786995 -0.0637553 0.9473806
1740548157.747042 -5.1036792 0.0171630 15.0015030 -0.2683260 -0.1809108 -0.0650436 0.9439501
1740548157.846183 -5.1264124 0.0661823 15.0473175 -0.2797267 -0.1834053 -0.0663166 0.9400625
1740548157.949461 -5.1520629 0.1228615 15.0866451 -0.2903931 -0.1861608 -0.0674164 0.9362003
1740548158.051083 -5.1739445 0.1775608 15.1293116 -0.3005162 -0.1894446 -0.0684905 0.9322606
1740548158.157013 -5.2003078 0.2350299 15.1663628 -0.3106381 -0.1926583 -0.0692110 0.9282223
1740548158.263184 -5.2322340 0.2863123 15.2034283 -0.3201765 -0.1960310 -0.0697107 0.9242290
1740548158.362079 -5.2513680 0.3380289 15.2497044 -0.3294333 -0.2000385 -0.0704165 0.9200543
1740548158.468812 -5.2860894 0.3883615 15.2884779 -0.3377686 -0.2035574 -0.0707974 0.9162229
1740548158.570758 -5.3103371 0.4446001 15.3269787 -0.3453551 -0.2071476 -0.0707895 0.9125834
1740548158.686661 -5.3491092 0.4949944 15.3649597 -0.3529290 -0.2103523 -0.0708134 0.9089437
1740548158.787162 -5.3828382 0.5438783 15.4045420 -0.3594361 -0.2135223 -0.0710654 0.9056289
1740548158.893168 -5.4196410 0.5932641 15.4387074 -0.3652726 -0.2160157 -0.0709999 0.9027027
1740548158.998100 -5.4497881 0.6419895 15.4803810 -0.3708638 -0.2187225 -0.0712226 0.8997488
1740548159.098748 -5.4815154 0.6971848 15.5155668 -0.3749700 -0.2208124 -0.0712437 0.8975321
1740548159.207752 -5.5145702 0.7496850 15.5539675 -0.3792249 -0.2225034 -0.0712601 0.8953227
1740548159.307722 -5.5454245 0.8057506 15.5934505 -0.3820498 -0.2240134 -0.0712571 0.8937441
1740548159.406240 -5.5693450 0.8561497 15.6292543 -0.3851725 -0.2246602 -0.0714168 0.8922273
1740548159.510459 -5.5896106 0.9106803 15.6712666 -0.3872618 -0.2253705 -0.0714181 0.8911430
1740548159.609511 -5.6079683 0.9619112 15.7170658 -0.3889524 -0.2257612 -0.0717926 0.8902773
1740548159.724154 -5.6219659 1.0129979 15.7596664 -0.3902624 -0.2257183 -0.0718209 0.8897125
1740548159.823974 -5.6403971 1.0643899 15.8014660 -0.3914175 -0.2254303 -0.0721753 0.8892493
1740548160.032656 -5.6634121 1.1773009 15.8946991 -0.3914886 -0.2257168 -0.0721752 0.8891453
1740548160.137662 -5.6804962 1.2306600 15.9394817 -0.3910506 -0.2255660 -0.0721882 0.8893752
1740548160.252925 -5.6974258 1.2848423 15.9801321 -0.3904361 -0.2253506 -0.0720223 0.8897132
1740548160.666971 -5.8116641 1.4818816 16.1587772 -0.3853883 -0.2266427 -0.0706462 0.8916939
1740548160.878113 -5.8743544 1.5816684 16.2427368 -0.3821189 -0.2279926 -0.0692023 0.8928693
1740548160.982609 -5.9062481 1.6291177 16.2837715 -0.3804345 -0.2286439 -0.0686346 0.8934657
1740548161.084463 -5.9378886 1.6780198 16.3257236 -0.3785448 -0.2296026 -0.0676951 0.8940939
1740548161.299780 -6.0097218 1.7693396 16.4116192 -0.3750635 -0.2310526 -0.0662236 0.8952969
1740548161.611950 -6.0962420 1.9150056 16.5483532 -0.3704344 -0.2330010 -0.0643534 0.8968543
1740548161.924281 -6.1696701 2.0638242 16.6886711 -0.3665362 -0.2333068 -0.0633208 0.8984485
1740548162.134334 -6.2233915 2.1581311 16.7824497 -0.3648529 -0.2324480 -0.0632848 0.8993583
1740548162.547684 -6.3322358 2.3519745 16.9656906 -0.3629197 -0.2291341 -0.0643176 0.9009162
1740548162.761476 -6.3756318 2.4535017 17.0593204 -0.3626135 -0.2268766 -0.0654785 0.9015271
1740548163.280081 -6.4823642 2.7013662 17.2992325 -0.3633206 -0.2209561 -0.0681305 0.9025158
1740548163.692807 -6.5823183 2.9010205 17.4856548 -0.3646648 -0.2180351 -0.0697881 0.9025574
1740548164.205446 -6.7100444 3.1508811 17.7114143 -0.3666089 -0.2165938 -0.0705437 0.9020580
1740548164.715268 -6.8281784 3.4043698 17.9413452 -0.3674404 -0.2189034 -0.0697344 0.9012247
1740548165.024849 -6.8906636 3.5594616 18.0699921 -0.3668497 -0.2217225 -0.0681214 0.9008995
1740548165.329989 -6.9751840 3.7030642 18.1950531 -0.3650883 -0.2264404 -0.0663316 0.9005751
1740548165.529046 -7.0200925 3.7842710 18.2765751 -0.3619624 -0.2305274 -0.0645682 0.9009280
1740548165.734235 -7.0901089 3.8723946 18.3691959 -0.3594769 -0.2367441 -0.0622845 0.9004717
1740548165.933114 -7.1633334 3.9760532 18.4141941 -0.3546053 -0.2420350 -0.0575358 0.9013122
1740548166.035062 -7.2026553 4.0182877 18.4467297 -0.3531264 -0.2449685 -0.0559006 0.9012033
1740548166.245738 -7.2714853 4.1037159 18.5323753 -0.3488750 -0.2541266 -0.0510478 0.9006109
1740548166.345566 -7.3129992 4.1484475 18.5725441 -0.3473544 -0.2584522 -0.0488503 0.9000895
1740548166.443120 -7.3469610 4.1874504 18.6126308 -0.3446340 -0.2637663 -0.0461840 0.8997343
1740548166.550337 -7.3966084 4.2274408 18.6367111 -0.3423959 -0.2677535 -0.0435833 0.8995408
1740548166.649354 -7.4504237 4.2594275 18.6605797 -0.3410744 -0.2716541 -0.0420563 0.8989458
1740548166.754056 -7.4875307 4.3096280 18.6913528 -0.3390932 -0.2765217 -0.0383999 0.8983746
1740548166.854044 -7.5271740 4.3534040 18.7295208 -0.3371988 -0.2819431 -0.0355755 0.8975186
1740548166.964621 -7.5695343 4.4013271 18.7648163 -0.3359272 -0.2874207 -0.0322502 0.8963828
1740548167.063783 -7.6191025 4.4368100 18.7824593 -0.3339256 -0.2920771 -0.0297425 0.8957120
1740548167.162191 -7.6717901 4.4759102 18.7969379 -0.3326706 -0.2960970 -0.0270653 0.8949438
1740548167.265215 -7.7128687 4.5203495 18.8091736 -0.3314712 -0.3007262 -0.0238544 0.8939360
1740548167.362566 -7.7542105 4.5511665 18.8358288 -0.3306014 -0.3052332 -0.0216775 0.8927853
1740548167.469723 -7.8043480 4.5985622 18.8556099 -0.3290104 -0.3106239 -0.0188443 0.8915772
1740548167.569470 -7.8500180 4.6229162 18.8771133 -0.3293188 -0.3145368 -0.0177911 0.8901119
1740548167.668738 -7.9004240 4.6628046 18.9082870 -0.3287750 -0.3200744 -0.0156829 0.8883768
1740548167.774924 -7.9455824 4.7046714 18.9336262 -0.3277908 -0.3251517 -0.0126675 0.8869437
1740548167.870927 -8.0006218 4.7379789 18.9635429 -0.3283984 -0.3299682 -0.0105221 0.8849660
1740548167.979870 -8.0476189 4.7769156 18.9888039 -0.3291875 -0.3353611 -0.0080763 0.8826683
1740548168.076629 -8.0905170 4.8116779 19.0068741 -0.3289770 -0.3399506 -0.0062920 0.8810040
1740548168.173191 -8.1312590 4.8457279 19.0223885 -0.3284753 -0.3449312 -0.0034317 0.8792694
1740548168.276848 -8.1782112 4.8806725 19.0498276 -0.3295295 -0.3498785 -0.0029047 0.8769190
1740548168.373157 -8.2322378 4.9174595 19.0755501 -0.3302798 -0.3540939 -0.0010018 0.8749468
1740548168.486814 -8.2735872 4.9501510 19.0949020 -0.3308053 -0.3591754 0.0014607 0.8726733
1740548168.581576 -8.3041515 4.9669113 19.1126251 -0.3321792 -0.3640085 0.0023963 0.8701431
1740548168.678792 -8.3259544 4.9811826 19.1244373 -0.3346426 -0.3687303 0.0054271 0.8671925
1740548168.793631 -8.3576441 5.0008211 19.1440620 -0.3358074 -0.3747737 0.0078232 0.8641278
1740548168.889846 -8.3845921 5.0076971 19.1597748 -0.3398224 -0.3785746 0.0076015 0.8608974
1740548168.996631 -8.4194050 5.0318050 19.1796837 -0.3411030 -0.3840863 0.0091289 0.8579296
1740548169.094963 -8.4560585 5.0603547 19.1953831 -0.3407869 -0.3878452 0.0109109 0.8563418
1740548169.192457 -8.4925995 5.0876112 19.2141209 -0.3429796 -0.3928685 0.0114879 0.8531631
1740548169.296232 -8.5196943 5.1055088 19.2326336 -0.3454080 -0.3981057 0.0121282 0.8497400
1740548169.397532 -8.5623341 5.1381807 19.2507668 -0.3456551 -0.4025495 0.0149803 0.8474976
1740548169.497751 -8.5819139 5.1543665 19.2695904 -0.3465103 -0.4080531 0.0161984 0.8444886
1740548169.595588 -8.6037540 5.1747642 19.2808495 -0.3475635 -0.4134034 0.0186953 0.8413963
1740548169.692142 -8.6252804 5.1922846 19.2961540 -0.3497608 -0.4194509 0.0206085 0.8374388
1740548169.795736 -8.6722288 5.2299018 19.3163452 -0.3502936 -0.4236605 0.0220648 0.8350565
1740548169.892466 -8.7209711 5.2714024 19.3369904 -0.3499842 -0.4281253 0.0239913 0.8328530
1740548169.993221 -8.7691565 5.3122110 19.3557224 -0.3498671 -0.4325958 0.0260838 0.8305261
1740548170.088619 -8.7773170 5.3191772 19.3592052 -0.3505930 -0.4371896 0.0282237 0.8277398
1740548170.186601 -8.8012199 5.3371964 19.3724709 -0.3525307 -0.4415600 0.0281745 0.8245927
1740548170.288126 -8.8228397 5.3545666 19.3842049 -0.3538471 -0.4478284 0.0306674 0.8205495
1740548170.385971 -8.8584146 5.3837614 19.3987389 -0.3545921 -0.4532016 0.0318483 0.8172261
1740548170.494961 -8.8834009 5.3892531 19.4336090 -0.3583268 -0.4585446 0.0323116 0.8125852
1740548170.590475 -8.9161634 5.4037199 19.4488220 -0.3612167 -0.4633606 0.0330579 0.8085336
1740548170.687455 -8.9606142 5.4192820 19.4518967 -0.3642017 -0.4666752 0.0340382 0.8052408
1740548170.790389 -8.9780750 5.4247375 19.4618092 -0.3679853 -0.4714337 0.0344331 0.8007193
1740548170.887139 -9.0378723 5.4384184 19.4947815 -0.3694905 -0.4752073 0.0344767 0.7977884
1740548171.000530 -9.0540171 5.4448347 19.5029373 -0.3709187 -0.4784853 0.0339503 0.7951846
1740548171.097988 -9.0834951 5.4460878 19.5164948 -0.3746857 -0.4813171 0.0338117 0.7917078
1740548171.191500 -9.1177330 5.4504538 19.5400658 -0.3790264 -0.4848347 0.0324773 0.7875402
1740548171.297753 -9.1655493 5.4761553 19.5408039 -0.3812442 -0.4861881 0.0331684 0.7856041
1740548171.392672 -9.2161102 5.4844403 19.5586662 -0.3847066 -0.4891991 0.0341302 0.7819976
1740548171.499409 -9.2373848 5.4911337 19.5714321 -0.3874486 -0.4929473 0.0341658 0.7782797
1740548171.597522 -9.2833071 5.5114422 19.5634804 -0.3873253 -0.4937189 0.0351177 0.7778094
1740548171.697010 -9.2960701 5.5113831 19.5530968 -0.3908172 -0.4930449 0.0373585 0.7763846
1740548171.798069 -9.3128910 5.5263262 19.5558662 -0.3910601 -0.4959540 0.0391350 0.7743191
1740548171.896960 -9.3084383 5.5241270 19.5611382 -0.3934779 -0.4985453 0.0403301 0.7713633
1740548172.005592 -9.3238554 5.5249066 19.5627632 -0.3958768 -0.4994128 0.0410456 0.7695348
1740548172.107443 -9.3340435 5.5368290 19.5701752 -0.3976796 -0.5024417 0.0443404 0.7664445
1740548172.207038 -9.3333712 5.5303574 19.5725288 -0.3990589 -0.5027705 0.0441351 0.7655233
1740548172.314355 -9.3428125 5.5350904 19.5703449 -0.3995968 -0.5041088 0.0446317 0.7643329
1740548172.413116 -9.3766460 5.5540590 19.5822868 -0.4020118 -0.5073801 0.0450307 0.7608707
1740548172.514470 -9.4110556 5.5778351 19.5982437 -0.4035529 -0.5111370 0.0444490 0.7575673
1740548172.614811 -9.4312019 5.5975533 19.6075783 -0.4036650 -0.5138098 0.0453026 0.7556466
1740548172.714027 -9.4561005 5.6107512 19.5997925 -0.4043832 -0.5128093 0.0426163 0.7560984
1740548172.819854 -9.5034122 5.6347666 19.6055450 -0.4066114 -0.5139316 0.0409846 0.7542292
1740548172.920129 -9.5629721 5.6431007 19.6022205 -0.4096192 -0.5131367 0.0408992 0.7531468
1740548173.032996 -9.5957375 5.6666074 19.5993137 -0.4088534 -0.5136113 0.0410884 0.7532292
1740548173.129370 -9.6303434 5.6936278 19.5931244 -0.4091348 -0.5137686 0.0422873 0.7529026
1740548173.227164 -9.6773920 5.7200508 19.5895844 -0.4110612 -0.5139003 0.0417927 0.7517903
1740548173.330566 -9.7013330 5.7214746 19.5902538 -0.4136955 -0.5122687 0.0398713 0.7515633
1740548173.427623 -9.7431383 5.7381377 19.5920048 -0.4159164 -0.5113671 0.0388240 0.7510059
1740548173.530347 -9.7641029 5.7559090 19.5982361 -0.4161155 -0.5119721 0.0385905 0.7504954
1740548173.628513 -9.7900925 5.7669306 19.5929585 -0.4175037 -0.5096901 0.0378998 0.7513123
1740548173.722866 -9.8440418 5.7975898 19.5812683 -0.4197830 -0.5089815 0.0381031 0.7505119
1740548173.824345 -9.8746157 5.8235779 19.5771046 -0.4214227 -0.5084109 0.0385623 0.7499562
1740548173.921919 -9.9177008 5.8567734 19.5886116 -0.4227250 -0.5093645 0.0388310 0.7485610
1740548174.030024 -9.9400263 5.8806777 19.5809441 -0.4223365 -0.5093310 0.0388033 0.7488044
1740548174.128199 -9.9769154 5.8881025 19.5913544 -0.4253677 -0.5085480 0.0376137 0.7476807
1740548174.222544 -9.9980087 5.9145613 19.5924664 -0.4249012 -0.5089840 0.0373054 0.7476648
1740548174.322782 -10.0538292 5.9373846 19.6129227 -0.4274809 -0.5085726 0.0362221 0.7465265
1740548174.420399 -10.1101933 5.9788895 19.6075554 -0.4287637 -0.5076535 0.0351529 0.7464676
1740548174.522972 -10.1462555 6.0229015 19.6163025 -0.4285761 -0.5081116 0.0360784 0.7462195
1740548174.622666 -10.1608677 6.0269718 19.6250038 -0.4299330 -0.5081777 0.0345232 0.7454672
1740548174.719335 -10.1828003 6.0584230 19.6311188 -0.4308678 -0.5089971 0.0346388 0.7443622
1740548174.819832 -10.2346926 6.0849657 19.6293869 -0.4324575 -0.5082291 0.0329292 0.7440426
1740548174.915494 -10.2792130 6.1234808 19.6440239 -0.4335075 -0.5087996 0.0329349 0.7430407
1740548175.017787 -10.3319530 6.1663008 19.6263237 -0.4322545 -0.5078121 0.0328780 0.7444475
1740548175.118657 -10.3743048 6.1973505 19.6249523 -0.4330140 -0.5073147 0.0319273 0.7443865
1740548175.215083 -10.3794270 6.1996036 19.6243210 -0.4355554 -0.5057225 0.0311413 0.7440205
1740548175.315912 -10.3959646 6.2378330 19.6202660 -0.4331965 -0.5056791 0.0326070 0.7453632
1740548175.411533 -10.4242640 6.2649298 19.6180840 -0.4368024 -0.5038496 0.0317400 0.7445347
1740548175.510775 -10.4797478 6.3003664 19.6290436 -0.4387527 -0.5026923 0.0294866 0.7442627
1740548175.606838 -10.5386124 6.3283691 19.6414604 -0.4408422 -0.5009184 0.0274176 0.7443032
1740548175.706256 -10.5889206 6.3730140 19.6498413 -0.4424443 -0.4989761 0.0265072 0.7446900
1740548175.810249 -10.6467733 6.4084334 19.6539841 -0.4436477 -0.4969191 0.0253313 0.7453901
1740548175.908370 -10.7023582 6.4448934 19.6598206 -0.4450811 -0.4945907 0.0233219 0.7461494
1740548176.013634 -10.7720737 6.4748263 19.6645164 -0.4460219 -0.4925654 0.0209869 0.7469962
1740548176.116295 -10.8307962 6.5068436 19.6715488 -0.4482349 -0.4901184 0.0192110 0.7473288
1740548176.213737 -10.8858547 6.5569391 19.6723881 -0.4482552 -0.4883333 0.0177933 0.7485194
1740548176.339167 -10.9300442 6.5968285 19.6882343 -0.4499688 -0.4870611 0.0174270 0.7483287
1740548176.439847 -10.9661493 6.6244526 19.6923828 -0.4523010 -0.4853114 0.0145643 0.7481207
1740548176.547990 -11.0086575 6.6608696 19.6744633 -0.4534673 -0.4820136 0.0147491 0.7495417
1740548176.646779 -11.0092525 6.6614151 19.6725197 -0.4536338 -0.4799970 0.0117908 0.7507864
1740548176.746346 -11.0540209 6.6809416 19.6725807 -0.4555222 -0.4776054 0.0098672 0.7511960
1740548176.852998 -11.1055164 6.7076168 19.6780319 -0.4577204 -0.4756638 0.0061459 0.7511312
1740548176.953297 -11.1581154 6.7510462 19.6880379 -0.4591862 -0.4742766 0.0046768 0.7511244
1740548177.059308 -11.1812525 6.7554340 19.6893806 -0.4605995 -0.4724405 0.0010912 0.7514299
1740548177.162560 -11.1900663 6.7576685 19.6922779 -0.4630332 -0.4707550 -0.0012451 0.7509918
1740548177.271326 -11.1917915 6.7627416 19.6966095 -0.4662049 -0.4695079 -0.0019089 0.7498078
1740548177.367561 -11.2042389 6.7785482 19.6927376 -0.4667073 -0.4688232 -0.0030562 0.7499198
1740548177.466746 -11.2046394 6.7864347 19.6939240 -0.4673036 -0.4694629 -0.0027568 0.7491491
1740548177.570580 -11.1947765 6.7760291 19.6926422 -0.4641803 -0.4714731 -0.0073004 0.7497977
1740548177.669869 -11.2038212 6.7847276 19.6905136 -0.4682626 -0.4703834 -0.0084155 0.7479297
1740548177.773895 -11.1661062 6.7690516 19.6969757 -0.4675436 -0.4723927 -0.0100477 0.7470925
1740548177.875473 -11.1606627 6.7602777 19.6969604 -0.4696049 -0.4708907 -0.0122955 0.7467142
1740548177.978981 -11.1536951 6.7629528 19.6980209 -0.4719529 -0.4714274 -0.0129880 0.7448812
1740548178.087221 -11.1554251 6.7687879 19.6990662 -0.4723250 -0.4729053 -0.0150177 0.7436694
1740548178.187095 -11.1447668 6.7584271 19.7015533 -0.4725484 -0.4717320 -0.0133263 0.7443046
1740548178.291184 -11.1658783 6.7759976 19.6963882 -0.4732886 -0.4735559 -0.0159846 0.7426219
1740548178.393287 -11.1807461 6.7912388 19.7033463 -0.4772448 -0.4748494 -0.0169065 0.7392358
1740548178.492223 -11.2093906 6.8005495 19.7105465 -0.4813047 -0.4755412 -0.0205954 0.7360585
1740548178.599427 -11.2214975 6.8148909 19.6959419 -0.4823734 -0.4740992 -0.0216977 0.7362574
1740548178.699243 -11.2051144 6.8120785 19.6949139 -0.4800876 -0.4767680 -0.0215084 0.7360337
1740548178.807204 -11.2071362 6.8116226 19.6984558 -0.4854338 -0.4765862 -0.0207635 0.7326585
1740548178.907040 -11.2082462 6.8118076 19.6981487 -0.4896744 -0.4755248 -0.0176338 0.7306054
1740548179.006968 -11.2157879 6.8165216 19.6936131 -0.4921446 -0.4765506 -0.0163879 0.7283027
1740548179.114271 -11.2108803 6.7954149 19.6945190 -0.4938774 -0.4767367 -0.0206826 0.7268971
1740548179.214951 -11.2193985 6.7952561 19.6936188 -0.4969770 -0.4766769 -0.0230230 0.7247503
1740548179.316834 -11.2223568 6.8020988 19.6956291 -0.5014299 -0.4769184 -0.0199052 0.7216098
1740548179.414538 -11.2091875 6.7913351 19.6972771 -0.5054175 -0.4758852 -0.0201106 0.7195012
1740548179.510848 -11.2110291 6.7909937 19.6904755 -0.5067436 -0.4761976 -0.0220108 0.7183052
1740548179.613929 -11.2067175 6.7920074 19.6930103 -0.5084686 -0.4765404 -0.0217280 0.7168661
1740548179.707884 -11.2212229 6.7865429 19.6933079 -0.5090396 -0.4773040 -0.0252900 0.7158352
1740548179.811829 -11.2257032 6.7891254 19.6923904 -0.5112199 -0.4760844 -0.0270814 0.7150276
1740548179.905878 -11.2178402 6.7833490 19.6925087 -0.5149466 -0.4749566 -0.0246986 0.7131873
1740548180.001659 -11.2141829 6.7789788 19.6909122 -0.5154491 -0.4757393 -0.0282195 0.7121714
1740548180.104865 -11.2248316 6.7719350 19.6743603 -0.5166277 -0.4715672 -0.0316601 0.7139452
1740548180.203589 -11.2541752 6.7915983 19.6558342 -0.5158218 -0.4700604 -0.0332494 0.7154478
1740548180.309750 -11.2983818 6.8191180 19.6438141 -0.5169612 -0.4685450 -0.0349604 0.7155379
1740548180.410053 -11.3135128 6.8327789 19.6312466 -0.5159920 -0.4665633 -0.0361128 0.7174724
1740548180.513818 -11.3243179 6.8423829 19.6241837 -0.5148457 -0.4654560 -0.0377889 0.7189274
1740548180.616135 -11.3668156 6.8790898 19.6115627 -0.5149869 -0.4646097 -0.0387111 0.7193245
1740548180.715041 -11.4016514 6.9103451 19.5981579 -0.5148398 -0.4638390 -0.0397880 0.7198682
1740548180.821246 -11.4370413 6.9350586 19.5880623 -0.5153954 -0.4614491 -0.0426178 0.7208440
1740548180.921331 -11.4772406 6.9718113 19.5790443 -0.5147486 -0.4617682 -0.0435402 0.7210467
1740548181.035027 -11.5115519 7.0010233 19.5711231 -0.5152401 -0.4601905 -0.0456342 0.7215745
1740548181.132666 -11.5431309 7.0190721 19.5688477 -0.5145704 -0.4591265 -0.0473259 0.7226207
1740548181.234102 -11.5865355 7.0505595 19.5580196 -0.5152081 -0.4574806 -0.0501347 0.7230205
1740548181.339979 -11.6173887 7.0793686 19.5507030 -0.5146931 -0.4564675 -0.0509787 0.7239680
1740548181.440198 -11.6593952 7.1161318 19.5417480 -0.5148399 -0.4559939 -0.0514668 0.7241276
1740548181.548652 -11.6806355 7.1364236 19.5362835 -0.5145483 -0.4548953 -0.0523254 0.7249637
1740548181.649026 -11.7200623 7.1681919 19.5333672 -0.5136100 -0.4553619 -0.0546260 0.7251664
1740548181.750589 -11.7591715 7.2034688 19.5290146 -0.5127156 -0.4554868 -0.0561245 0.7256064
1740548181.856881 -11.7918491 7.2325087 19.5263290 -0.5121250 -0.4555706 -0.0577513 0.7258431
1740548181.953504 -11.8175945 7.2702050 19.5221977 -0.5101333 -0.4573186 -0.0557632 0.7263017
1740548182.059658 -11.8834343 7.3169384 19.5181580 -0.5109099 -0.4586781 -0.0572933 0.7247779
1740548182.156155 -11.9281454 7.3464651 19.5191383 -0.5109116 -0.4587218 -0.0582423 0.7246733
1740548182.251940 -11.9794197 7.3869004 19.5174847 -0.5111549 -0.4592085 -0.0594627 0.7240942
1740548182.352136 -12.0283508 7.4250965 19.5149803 -0.5105380 -0.4612114 -0.0600272 0.7232094
1740548182.449955 -12.0821390 7.4660382 19.5119190 -0.5107043 -0.4629772 -0.0600652 0.7219595
1740548182.552329 -12.1371870 7.5096822 19.5104408 -0.5113019 -0.4643719 -0.0595781 0.7206800
1740548182.651670 -12.1917181 7.5553951 19.5067787 -0.5131791 -0.4651652 -0.0592592 0.7188581
1740548182.745465 -12.2348661 7.5935574 19.5068207 -0.5125420 -0.4670980 -0.0587981 0.7180967
1740548182.849608 -12.2812796 7.6278415 19.5061531 -0.5124825 -0.4688082 -0.0576055 0.7171207
1740548182.946681 -12.3377657 7.6679525 19.5060215 -0.5130849 -0.4698372 -0.0579326 0.7159894
1740548183.050700 -12.3971052 7.7115541 19.5046387 -0.5134121 -0.4713041 -0.0575141 0.7148235
1740548183.150577 -12.4436560 7.7482147 19.5048962 -0.5142863 -0.4724090 -0.0555087 0.7136233
1740548183.247745 -12.4916964 7.7835479 19.5046082 -0.5151590 -0.4737222 -0.0543107 0.7122140
1740548183.348479 -12.5414944 7.8190160 19.5051422 -0.5154214 -0.4752040 -0.0526140 0.7111636
1740548183.446026 -12.5859451 7.8555760 19.5071182 -0.5161349 -0.4766895 -0.0503145 0.7098171
1740548183.551696 -12.6287594 7.9026556 19.4984856 -0.5145010 -0.4780088 -0.0490006 0.7102079
1740548183.651384 -12.6757746 7.9504280 19.4978962 -0.5141808 -0.4787159 -0.0482279 0.7100164
1740548183.748536 -12.7038021 7.9789367 19.4999733 -0.5130041 -0.4793627 -0.0469514 0.7105166
1740548183.853260 -12.7208471 7.9937220 19.4995937 -0.5133699 -0.4806271 -0.0459379 0.7094637
1740548183.952075 -12.7402439 8.0074005 19.5007324 -0.5121288 -0.4811791 -0.0480757 0.7098447
1740548184.061630 -12.7946444 8.0477552 19.5046387 -0.5116066 -0.4810943 -0.0479308 0.7102884
1740548184.162781 -12.8350105 8.1004381 19.5185318 -0.5104401 -0.4821371 -0.0468632 0.7104918
1740548184.267797 -12.8860750 8.1472340 19.5253601 -0.5098575 -0.4825898 -0.0456100 0.7106842
1740548184.368435 -12.8949862 8.1513910 19.5264626 -0.5106454 -0.4811835 -0.0454485 0.7110824
1740548184.467199 -12.9050426 8.1532173 19.5204544 -0.5094509 -0.4810961 -0.0455911 0.7119886
1740548184.572166 -12.8921070 8.1513062 19.5245495 -0.5094270 -0.4814338 -0.0438555 0.7118865
1740548184.672224 -12.9061804 8.1598883 19.5235672 -0.5077411 -0.4809536 -0.0456213 0.7133031
1740548184.785486 -12.9199162 8.1688299 19.5262337 -0.5073673 -0.4804288 -0.0461006 0.7138917
1740548184.882759 -12.9196510 8.1739521 19.5237503 -0.5047605 -0.4802154 -0.0456778 0.7159075
1740548184.984509 -12.9185638 8.1729479 19.5236664 -0.5020462 -0.4802397 -0.0483138 0.7176247
1740548185.093038 -12.9335146 8.1751547 19.5192680 -0.5019400 -0.4777170 -0.0485170 0.7193669
1740548185.196515 -12.9414072 8.1858091 19.5175266 -0.4993336 -0.4764573 -0.0489517 0.7219821
1740548185.308848 -12.9393129 8.1941261 19.5190754 -0.4981701 -0.4764407 -0.0478311 0.7228714
1740548185.412253 -12.9447851 8.1987123 19.5100613 -0.4968783 -0.4736785 -0.0455312 0.7257186
1740548185.515361 -12.9602070 8.2174425 19.4998169 -0.4922728 -0.4718971 -0.0460851 0.7299705
1740548185.620109 -12.9644547 8.2282505 19.5204773 -0.4936217 -0.4733656 -0.0435843 0.7282603
1740548185.716304 -12.9794636 8.2302303 19.5260429 -0.4950289 -0.4704250 -0.0421742 0.7292929
1740548185.819522 -12.9826937 8.2362099 19.5202770 -0.4935383 -0.4681039 -0.0410946 0.7318539
1740548185.917130 -12.9917250 8.2423038 19.5200806 -0.4922690 -0.4661249 -0.0417454 0.7339320
1740548186.019919 -13.0016241 8.2385807 19.5217247 -0.4942521 -0.4628701 -0.0405744 0.7347243
1740548186.120614 -13.0064926 8.2411366 19.5204849 -0.4923895 -0.4620726 -0.0424331 0.7363702
1740548186.218747 -13.0123148 8.2424030 19.5254040 -0.4933672 -0.4610759 -0.0418416 0.7363743
1740548186.325411 -13.0167255 8.2632351 19.5391350 -0.4927560 -0.4634788 -0.0376548 0.7355005
1740548186.425192 -13.0181913 8.2753220 19.5505791 -0.4915634 -0.4650923 -0.0366258 0.7353320
1740548186.536424 -13.0267105 8.2806416 19.5518341 -0.4910975 -0.4638267 -0.0360542 0.7364700
1740548186.635599 -13.0288830 8.2860756 19.5576019 -0.4908888 -0.4655625 -0.0366416 0.7354842
1740548186.734787 -13.0294104 8.2905636 19.5615654 -0.4911287 -0.4657804 -0.0322652 0.7353911
1740548186.834853 -13.0333233 8.2884464 19.5580864 -0.4897667 -0.4648918 -0.0349663 0.7367371
1740548186.934573 -13.0340080 8.2938385 19.5563927 -0.4872056 -0.4648606 -0.0336951 0.7385120
1740548187.041945 -13.0426970 8.3007755 19.5574646 -0.4873044 -0.4639889 -0.0337243 0.7389935
1740548187.135850 -13.0435066 8.3036213 19.5581131 -0.4836307 -0.4641482 -0.0363320 0.7411801
1740548187.235875 -13.0460386 8.3068714 19.5621948 -0.4835275 -0.4652215 -0.0361992 0.7405807
1740548187.355466 -13.0495615 8.3048725 19.5633793 -0.4832897 -0.4639831 -0.0392848 0.7413551
1740548187.456151 -13.0490770 8.3101950 19.5641022 -0.4810254 -0.4650449 -0.0361975 0.7423190
1740548187.564190 -13.0475569 8.3073330 19.5659218 -0.4834510 -0.4643485 -0.0355355 0.7412104
1740548187.664824 -13.0468950 8.3057022 19.5639000 -0.4829128 -0.4615041 -0.0353702 0.7433426
1740548187.764054 -13.0444593 8.3031034 19.5645332 -0.4810112 -0.4608758 -0.0374020 0.7448643
1740548187.867076 -13.0488548 8.3054295 19.5627193 -0.4818564 -0.4563149 -0.0391024 0.7470356
1740548187.967749 -13.0517359 8.3088179 19.5653191 -0.4803846 -0.4576285 -0.0421161 0.7470161
1740548188.073812 -13.0558739 8.3140240 19.5648899 -0.4754702 -0.4582602 -0.0418692 0.7497818
1740548188.173328 -13.0578995 8.3153038 19.5663910 -0.4753120 -0.4564964 -0.0447982 0.7507881
1740548188.274494 -13.0701218 8.3203011 19.5622692 -0.4748366 -0.4541916 -0.0444123 0.7525077
1740548188.378699 -13.0865192 8.3247108 19.5585022 -0.4727514 -0.4500500 -0.0471232 0.7561352
1740548188.476371 -13.1281195 8.3417311 19.5499935 -0.4698658 -0.4480284 -0.0487605 0.7590251
1740548188.582064 -13.1773872 8.3598022 19.5409470 -0.4681296 -0.4437126 -0.0505179 0.7625102
1740548188.677653 -13.2375402 8.3892879 19.5226326 -0.4684769 -0.4404066 -0.0500152 0.7642447
1740548188.782977 -13.2898903 8.4120636 19.5134163 -0.4687651 -0.4375656 -0.0508665 0.7656424
1740548188.884843 -13.3335476 8.4132671 19.5090637 -0.4676542 -0.4338978 -0.0548242 0.7681319
1740548188.980768 -13.3937817 8.4289932 19.5001545 -0.4646212 -0.4308654 -0.0571400 0.7715032
1740548189.086058 -13.4580173 8.4522791 19.4930897 -0.4645810 -0.4280731 -0.0575267 0.7730515
1740548189.184577 -13.4887943 8.5213804 19.5099831 -0.4617092 -0.4289505 -0.0554580 0.7744356
1740548189.294230 -13.5138226 8.5860624 19.5453091 -0.4584035 -0.4305725 -0.0541269 0.7755926
1740548189.391953 -13.5656595 8.6393661 19.5510941 -0.4562247 -0.4303090 -0.0527137 0.7771193
1740548189.490785 -13.6077595 8.6950874 19.5714684 -0.4541806 -0.4303955 -0.0518671 0.7783248
1740548189.607054 -13.6528931 8.7316198 19.5868378 -0.4533764 -0.4298879 -0.0515248 0.7790966
1740548189.705311 -13.7064848 8.7857876 19.6036415 -0.4512213 -0.4298567 -0.0504071 0.7804369
1740548189.807203 -13.7496033 8.8323870 19.6167870 -0.4486419 -0.4295075 -0.0492510 0.7821881
1740548190.005479 -13.8334255 8.9511013 19.6451378 -0.4416955 -0.4310701 -0.0451676 0.7855212
1740548190.210180 -13.9277267 9.0568275 19.6894989 -0.4368901 -0.4321468 -0.0418708 0.7877963
1740548190.419022 -14.0228710 9.1536808 19.7219086 -0.4298198 -0.4332328 -0.0375126 0.7913009
1740548190.620978 -14.1195498 9.2488832 19.7726269 -0.4234302 -0.4350942 -0.0333517 0.7939065
1740548190.827925 -14.2158995 9.3515921 19.8237267 -0.4153036 -0.4377369 -0.0277155 0.7969574
1740548191.031627 -14.3206978 9.4242554 19.8701134 -0.4088092 -0.4399070 -0.0238510 0.7992422
1740548191.236677 -14.4227180 9.5169163 19.9089470 -0.4003093 -0.4430911 -0.0175065 0.8019454
1740548191.441111 -14.5269260 9.6030102 19.9549866 -0.3934501 -0.4464355 -0.0119221 0.8035858
1740548191.754876 -14.6939535 9.7294197 20.0148010 -0.3827376 -0.4525705 -0.0027879 0.8054093
1740548191.966041 -14.8083878 9.8106613 20.0571404 -0.3769048 -0.4572817 0.0027952 0.8054988
1740548192.169969 -14.9257946 9.8891144 20.1083279 -0.3716126 -0.4634100 0.0081885 0.8044180
1740548192.368706 -15.0407763 9.9595757 20.1555901 -0.3687936 -0.4695056 0.0128306 0.8021167
1740548192.576307 -15.1555004 10.0394096 20.1990623 -0.3650403 -0.4751669 0.0172490 0.8004152
1740548192.777668 -15.2740459 10.1063480 20.2455063 -0.3639728 -0.4822010 0.0200508 0.7966203
1740548193.000249 -15.3788834 10.1900692 20.2796154 -0.3630834 -0.4896590 0.0248219 0.7923310
1740548193.204217 -15.5064211 10.2616444 20.3182392 -0.3639406 -0.4993123 0.0287233 0.7857541
1740548193.310701 -15.5629616 10.2940006 20.3354244 -0.3649717 -0.5040119 0.0298380 0.7822259
1740548193.415220 -15.6222153 10.3327847 20.3534393 -0.3661305 -0.5097016 0.0311804 0.7779335
1740548193.620107 -15.7387753 10.4200287 20.3934479 -0.3690587 -0.5222430 0.0351811 0.7679974
1740548193.718256 -15.7978077 10.4526930 20.4094162 -0.3708075 -0.5288110 0.0360493 0.7626016
1740548193.919751 -15.9112663 10.5469322 20.4380169 -0.3745361 -0.5422522 0.0390910 0.7511040
1740548194.020526 -15.9732170 10.5763817 20.4442749 -0.3770216 -0.5496385 0.0404597 0.7443893
1740548194.123971 -16.0389576 10.6034279 20.4292412 -0.3797369 -0.5565426 0.0425452 0.7377331
1740548194.224847 -16.1063366 10.6261482 20.4214153 -0.3828122 -0.5641319 0.0433215 0.7302967
1740548194.336409 -16.1692162 10.6527233 20.4083958 -0.3852463 -0.5718889 0.0446373 0.7228665
1740548194.436301 -16.2288704 10.6786661 20.3894577 -0.3891816 -0.5788011 0.0448815 0.7152011
1740548194.536343 -16.2969208 10.7085543 20.3685989 -0.3914629 -0.5865178 0.0468219 0.7075036
1740548194.651981 -16.3617344 10.7402983 20.3464890 -0.3947188 -0.5937735 0.0473181 0.6995649
1740548194.872171 -16.4813251 10.8104324 20.3055763 -0.4013641 -0.6075319 0.0484824 0.6837114
1740548194.970279 -16.5432987 10.8439999 20.2876053 -0.4043093 -0.6140556 0.0489956 0.6760688
1740548195.076138 -16.6014137 10.8759270 20.2685471 -0.4073865 -0.6198557 0.0490715 0.6688850
1740548195.180357 -16.6626759 10.9077339 20.2655010 -0.4106885 -0.6261711 0.0488017 0.6609563
1740548195.284035 -16.7254486 10.9447165 20.2518444 -0.4135441 -0.6315487 0.0490175 0.6540068
1740548195.394363 -16.7885342 10.9790020 20.2392826 -0.4162866 -0.6366993 0.0493605 0.6472117
1740548195.503507 -16.8481407 11.0120029 20.2264595 -0.4187328 -0.6415465 0.0492353 0.6408251
1740548195.619600 -16.9098339 11.0371342 20.2044144 -0.4216147 -0.6458837 0.0487839 0.6345828
1740548195.721472 -16.9731712 11.0737839 20.1872005 -0.4243690 -0.6502723 0.0482045 0.6282781
1740548195.831712 -17.0283279 11.1133652 20.1595078 -0.4264850 -0.6544564 0.0480553 0.6224853
1740548195.936494 -17.0870781 11.1486578 20.1394444 -0.4289633 -0.6582019 0.0476802 0.6168366
1740548196.148152 -17.2015572 11.2177010 20.0909348 -0.4330461 -0.6651324 0.0476696 0.6064632
1740548196.371774 -17.3236427 11.2807236 20.0518303 -0.4368732 -0.6719422 0.0470978 0.5961689
1740548196.587780 -17.4381523 11.3452263 19.9934273 -0.4398648 -0.6782081 0.0474927 0.5867683
1740548196.790773 -17.5579948 11.4058819 19.9379730 -0.4424698 -0.6846163 0.0481538 0.5772367
1740548197.005902 -17.6746941 11.4687643 19.8853779 -0.4444617 -0.6912059 0.0497122 0.5676416
1740548197.228802 -17.7860641 11.5349522 19.8244057 -0.4463239 -0.6975601 0.0519105 0.5581310
1740548197.454239 -17.9049187 11.5897369 19.7651463 -0.4482914 -0.7041790 0.0535586 0.5479947
1740548197.671249 -18.0215111 11.6513853 19.6949234 -0.4492597 -0.7107800 0.0570679 0.5382386
1740548197.983593 -18.1896362 11.7213650 19.5799122 -0.4496598 -0.7205250 0.0628764 0.5241148
1740548198.202769 -18.3058167 11.7599974 19.4998951 -0.4489591 -0.7267061 0.0678557 0.5154898
1740548198.415502 -18.4202271 11.8113136 19.4284973 -0.4477110 -0.7324033 0.0738885 0.5076227
1740548198.626981 -18.5359058 11.8648062 19.3556290 -0.4459578 -0.7376522 0.0804236 0.5005225
1740548198.843137 -18.6524811 11.9023819 19.2763634 -0.4432525 -0.7424219 0.0874440 0.4946621
1740548199.154795 -18.8321438 11.9497499 19.1638412 -0.4380657 -0.7481527 0.0991768 0.4883952
1740548199.780905 -19.1964760 12.0158548 18.9353638 -0.4253735 -0.7553015 0.1238547 0.4829461
1740548200.407426 -19.5760384 12.1168251 18.7301159 -0.4095796 -0.7565312 0.1502447 0.4871670
1740548201.145700 -20.0401764 12.1362171 18.5181293 -0.3902048 -0.7526209 0.1808928 0.4985778
1740548201.773048 -20.4394817 12.1602993 18.3297672 -0.3766814 -0.7417954 0.2018579 0.5168211
1740548202.292274 -20.7934875 12.1794882 18.2322426 -0.3681871 -0.7296014 0.2126531 0.5356293
1740548202.706792 -21.0718098 12.2102652 18.1527309 -0.3634998 -0.7171683 0.2182070 0.5531033
1740548203.011205 -21.2907257 12.2293749 18.1037178 -0.3610769 -0.7060173 0.2191976 0.5684325
1740548203.647503 -21.7119083 12.2925482 18.0179806 -0.3577266 -0.6823437 0.2199923 0.5983663
1740548204.080385 -22.0007362 12.3503838 18.0041409 -0.3550191 -0.6664334 0.2208921 0.6172800
1740548204.281951 -22.1418686 12.3758698 17.9903164 -0.3533875 -0.6587864 0.2210131 0.6263154
1740548204.591720 -22.3580112 12.4069729 17.9778500 -0.3503443 -0.6477477 0.2222401 0.6389766
1740548204.899099 -22.5750160 12.4310284 17.9773598 -0.3467590 -0.6371708 0.2240219 0.6508346
1740548205.206742 -22.7884846 12.4699993 17.9915981 -0.3426898 -0.6273941 0.2272352 0.6612900
1740548205.516185 -22.9953480 12.5379105 17.9890823 -0.3374403 -0.6184375 0.2307350 0.6711411
1740548205.834313 -23.2136078 12.5501795 18.0089455 -0.3330377 -0.6096399 0.2331987 0.6804730
1740548206.141196 -23.4259548 12.5801916 18.0358810 -0.3282944 -0.6020944 0.2365009 0.6883113
1740548206.447114 -23.6412163 12.6006250 18.0596123 -0.3248183 -0.5931991 0.2385662 0.6969176
1740548206.756732 -23.8480148 12.6099072 18.0981865 -0.3237188 -0.5842779 0.2381675 0.7050545
1740548207.066478 -24.0530853 12.6673841 18.1308060 -0.3231203 -0.5758384 0.2372504 0.7125416
1740548207.382288 -24.2575989 12.7355556 18.1669025 -0.3236336 -0.5674767 0.2353165 0.7196233
1740548207.695531 -24.4637489 12.7830133 18.2107887 -0.3241369 -0.5605789 0.2332997 0.7254363
1740548208.006600 -24.6693573 12.8326101 18.2532425 -0.3239575 -0.5557467 0.2328029 0.7293833
1740548208.328835 -24.8691902 12.9025030 18.2992630 -0.3225348 -0.5552958 0.2338220 0.7300309
1740548208.641800 -25.0749836 12.9384537 18.3627586 -0.3191854 -0.5602387 0.2372636 0.7266080
1740548208.961893 -25.2812557 12.9764223 18.4153595 -0.3147163 -0.5709306 0.2431758 0.7182322
1740548209.275675 -25.4881554 13.0285015 18.4584198 -0.3087779 -0.5880396 0.2508906 0.7042156
1740548209.609493 -25.7036324 13.0380125 18.4641743 -0.3011130 -0.6101791 0.2599367 0.6851608
1740548209.924239 -25.9167233 13.0166235 18.4281540 -0.2924139 -0.6364275 0.2694589 0.6609433
1740548210.246433 -26.1304588 13.0016117 18.3958740 -0.2827127 -0.6636706 0.2797969 0.6335051
1740548210.587173 -26.3367996 12.9604874 18.3462067 -0.2721129 -0.6905078 0.2900587 0.6041685
1740548210.998516 -26.6033096 12.8790817 18.2627945 -0.2573785 -0.7228876 0.3024714 0.5654210
1740548211.325193 -26.8047085 12.8237610 18.1999569 -0.2468336 -0.7430131 0.3107794 0.5389071
1740548211.648415 -27.0087681 12.7733593 18.1401291 -0.2369878 -0.7599358 0.3180310 0.5149668
1740548211.974313 -27.1977901 12.7039089 18.0627022 -0.2284915 -0.7739642 0.3236395 0.4939926
1740548212.289282 -27.3682232 12.6004992 17.9755726 -0.2214109 -0.7852285 0.3285798 0.4758453
1740548212.708735 -27.6028385 12.4824734 17.8501835 -0.2123970 -0.7964022 0.3347666 0.4566863
1740548213.112337 -27.8590755 12.4203262 17.7339401 -0.2029452 -0.8038312 0.3428647 0.4417153
1740548213.421429 -28.0397434 12.3411789 17.6416817 -0.1968915 -0.8067783 0.3503031 0.4331633
1740548213.730018 -28.2010994 12.2229271 17.5556908 -0.1899906 -0.8079179 0.3584871 0.4273866
1740548214.043155 -28.3710823 12.1048632 17.4827309 -0.1843292 -0.8070800 0.3664565 0.4246816
1740548214.354368 -28.5399113 11.9837151 17.4127579 -0.1788905 -0.8048211 0.3745861 0.4242010
1740548214.663250 -28.7140369 11.8731728 17.3436508 -0.1759486 -0.8018718 0.3804395 0.4258046
1740548214.977230 -28.8906231 11.7632256 17.2840595 -0.1759296 -0.7990824 0.3825061 0.4291914
1740548215.387043 -29.1354408 11.6313343 17.2056465 -0.1791542 -0.7969105 0.3796231 0.4344235
1740548215.692016 -29.3153534 11.5438709 17.1290264 -0.1849716 -0.7966175 0.3728986 0.4383294
1740548216.012656 -29.5071449 11.4773655 17.0576324 -0.1914331 -0.7978776 0.3634038 0.4412282
1740548216.321427 -29.6958122 11.4107456 16.9759712 -0.1992897 -0.8000392 0.3525717 0.4426218
1740548216.526106 -29.8177872 11.3626957 16.9173279 -0.2035649 -0.8021314 0.3446912 0.4430966
1740548216.738379 -29.9377270 11.3121014 16.8599529 -0.2084359 -0.8048316 0.3368118 0.4419936
1740548216.941827 -30.0622997 11.2679758 16.8075962 -0.2135656 -0.8072181 0.3289739 0.4410950
1740548217.359062 -30.2983208 11.1784191 16.6775455 -0.2221391 -0.8128046 0.3128635 0.4383143
1740548217.558427 -30.4116383 11.1294794 16.6045399 -0.2268549 -0.8150094 0.3050362 0.4373209
1740548217.881798 -30.6004314 11.0925579 16.5101166 -0.2331368 -0.8183401 0.2935000 0.4356885
1740548218.192530 -30.7678375 11.0378799 16.3865261 -0.2395059 -0.8196813 0.2833685 0.4364192
1740548218.501750 -30.9529228 11.0094633 16.2863998 -0.2454403 -0.8194600 0.2741751 0.4394000
1740548218.812307 -31.1302109 10.9618330 16.1771584 -0.2502344 -0.8174319 0.2670090 0.4448528
1740548219.134131 -31.3212605 10.9274578 16.0865345 -0.2544176 -0.8135997 0.2616411 0.4526270
1740548219.445292 -31.5138454 10.9039574 15.9992981 -0.2581209 -0.8077558 0.2580040 0.4629667
1740548219.765412 -31.7022305 10.8782330 15.9038315 -0.2607231 -0.7993969 0.2562217 0.4768004
1740548220.091249 -31.8979645 10.8432055 15.8298111 -0.2622274 -0.7904422 0.2562220 0.4907018
1740548220.417851 -32.0987053 10.8132000 15.7634220 -0.2631249 -0.7798889 0.2571203 0.5063871
1740548220.628222 -32.2359962 10.7900906 15.7298470 -0.2637109 -0.7715872 0.2576925 0.5183671
1740548220.827903 -32.3738365 10.7722855 15.6937752 -0.2642772 -0.7632697 0.2584223 0.5299008
1740548221.034154 -32.5098877 10.7729120 15.6557312 -0.2646729 -0.7541209 0.2588839 0.5424289
1740548221.342674 -32.7219429 10.7576189 15.6306458 -0.2657979 -0.7404954 0.2601314 0.5597765
1740548221.542727 -32.8634567 10.7496929 15.6118927 -0.2655384 -0.7312777 0.2607528 0.5716033
1740548221.748730 -33.0057831 10.7477884 15.5971947 -0.2662440 -0.7226428 0.2609049 0.5820912
1740548221.965542 -33.1462326 10.7482195 15.5850601 -0.2675875 -0.7134905 0.2600671 0.5930374
1740548222.169131 -33.2855873 10.7470398 15.5688782 -0.2680582 -0.7048577 0.2600959 0.6030511
1740548222.377971 -33.4285698 10.7447643 15.5668831 -0.2692494 -0.6969793 0.2592475 0.6119765
1740548222.576804 -33.5684509 10.7455959 15.5596542 -0.2711580 -0.6894472 0.2575977 0.6203059
1740548222.784454 -33.7119484 10.7390480 15.5554085 -0.2730477 -0.6823999 0.2548297 0.6283606
1740548222.993144 -33.8507462 10.7228451 15.5598793 -0.2765612 -0.6766279 0.2521017 0.6341399
1740548223.208187 -33.9924126 10.7228642 15.5591087 -0.2797753 -0.6711023 0.2488129 0.6398748
1740548223.414237 -34.1346512 10.7117481 15.5651550 -0.2868523 -0.6662626 0.2422352 0.6443076
1740548223.622810 -34.2750015 10.7164173 15.5617256 -0.2935658 -0.6609247 0.2339917 0.6498043
1740548223.823362 -34.4137802 10.7359619 15.5649261 -0.3019728 -0.6567661 0.2255408 0.6531478
1740548224.035839 -34.5536919 10.7674694 15.5676231 -0.3119759 -0.6532943 0.2147210 0.6555703
1740548224.250734 -34.6907883 10.8017111 15.5600128 -0.3223463 -0.6494983 0.2015298 0.6585063
1740548224.460638 -34.8235245 10.8397341 15.5444183 -0.3343984 -0.6449078 0.1892239 0.6606557
1740548224.679840 -34.9516144 10.8832960 15.5377464 -0.3464667 -0.6418395 0.1760741 0.6610604
1740548224.883651 -35.0854225 10.9274216 15.5311966 -0.3581828 -0.6395732 0.1616126 0.6607062
1740548225.091083 -35.2178802 10.9730091 15.5080948 -0.3708268 -0.6349375 0.1487787 0.6612162
1740548225.306955 -35.3393364 11.0051250 15.5323753 -0.3832044 -0.6351832 0.1324511 0.6573839
1740548225.510290 -35.4742203 11.0330372 15.5540047 -0.3951425 -0.6351619 0.1153684 0.6535456
1740548225.622809 -35.5571594 11.0461254 15.5552711 -0.4015049 -0.6339925 0.1065491 0.6522995
1740548225.728357 -35.6028862 11.0652885 15.5397148 -0.4075414 -0.6309939 0.1011852 0.6523176
1740548225.935390 -35.7255096 11.1355991 15.5177612 -0.4151463 -0.6285780 0.0921019 0.6511993
1740548226.156208 -35.8226547 11.2232246 15.4932175 -0.4191069 -0.6284720 0.0861079 0.6495829
1740548226.370920 -35.9314651 11.2794733 15.4883347 -0.4245227 -0.6284890 0.0773466 0.6471472
1740548226.573793 -35.9693909 11.4768801 15.4918785 -0.4213529 -0.6361811 0.0885510 0.6402298
1740548226.684778 -36.0186157 11.5074139 15.5375595 -0.4231566 -0.6416422 0.0842291 0.6341445
1740548226.898305 -36.1203003 11.5915775 15.4771385 -0.4278000 -0.6359716 0.0865095 0.6364302
1740548227.001773 -36.1698189 11.6177273 15.4868851 -0.4290320 -0.6380779 0.0835738 0.6338798
1740548227.110746 -36.2196236 11.6443176 15.4624176 -0.4301148 -0.6361802 0.0826031 0.6351793
1740548227.213697 -36.2576218 11.7028980 15.4500580 -0.4284967 -0.6381398 0.0850200 0.6339872
1740548227.314656 -36.3075066 11.7370014 15.4205856 -0.4287145 -0.6357343 0.0855830 0.6361772
1740548227.425373 -36.3823166 11.7613535 15.4250641 -0.4313361 -0.6373568 0.0803014 0.6334645
1740548227.526123 -36.4333115 11.8096895 15.4041595 -0.4307460 -0.6369734 0.0814612 0.6341032
1740548227.642616 -36.4985428 11.8327503 15.3891983 -0.4328317 -0.6357830 0.0785899 0.6342400
1740548227.744576 -36.5348282 11.8908186 15.3841743 -0.4301644 -0.6383833 0.0830326 0.6328751
1740548227.843948 -36.6078568 11.9085541 15.3830528 -0.4335802 -0.6382520 0.0786091 0.6312394
1740548228.061363 -36.7336693 11.9706230 15.3616638 -0.4355001 -0.6384242 0.0754795 0.6301246
1740548228.269287 -36.8459549 12.0383949 15.3208160 -0.4352746 -0.6371875 0.0759646 0.6314725
1740548228.481019 -36.9707031 12.1048651 15.3183517 -0.4376242 -0.6388945 0.0762584 0.6280792
1740548228.695818 -37.0958672 12.1567287 15.2832756 -0.4375789 -0.6379341 0.0717382 0.6296176
1740548228.894174 -37.1497688 12.1964331 15.2947998 -0.4376892 -0.6391306 0.0753814 0.6278996
