1740548123.257494 0.0000000 0.0000000 0.0000000 -0.0000000 -0.0000000 -0.0000000 1.0000000
1740548123.600834 0.0335628 0.0358068 0.0592300 0.0016514 -0.0015999 -0.0003014 0.9999973
1740548123.767802 0.0239069 0.0356677 0.1249466 0.0033879 -0.0039448 -0.0000906 0.9999865
1740548123.967808 0.0149332 0.0292507 0.1927919 0.0060510 -0.0074217 0.0000744 0.9999542
1740548124.168156 -0.0036459 0.0168057 0.2584879 0.0089644 -0.0114025 0.0000178 0.9998949
1740548124.367837 -0.0271525 -0.0030901 0.3210624 0.0122660 -0.0159053 0.0001502 0.9997982
1740548124.492200 -0.0484937 -0.0210002 0.3844749 0.0162050 -0.0212797 0.0002585 0.9996422
1740548124.600967 -0.0580525 -0.0312499 0.4521491 0.0206678 -0.0276191 0.0007728 0.9994045
1740548124.712500 -0.0774726 -0.0452677 0.5159988 0.0253515 -0.0343294 0.0006995 0.9990888
1740548124.822809 -0.0913069 -0.0610802 0.5822811 0.0300624 -0.0415290 0.0008779 0.9986846
1740548124.953260 -0.1013744 -0.0819492 0.6481681 0.0345346 -0.0493042 0.0011335 0.9981859
1740548125.179352 -0.1413799 -0.1204903 0.7746127 0.0442665 -0.0650045 0.0006439 0.9969025
1740548125.289541 -0.1498777 -0.1224648 0.8425574 0.0496584 -0.0738028 0.0008763 0.9960353
1740548125.415850 -0.1664688 -0.1513158 0.9029194 0.0535730 -0.0818083 0.0008053 0.9952069
1740548125.524364 -0.1827206 -0.1522100 0.9670878 0.0582837 -0.0899941 0.0010755 0.9942349
1740548125.638710 -0.2087207 -0.1626011 1.0318000 0.0618610 -0.0979538 0.0008652 0.9932661
1740548125.750586 -0.2327407 -0.1633197 1.0941038 0.0657443 -0.1056617 0.0009776 0.9922259
1740548125.857788 -0.2561151 -0.1798324 1.1581153 0.0677575 -0.1128771 0.0010612 0.9912955
1740548125.976015 -0.2821764 -0.1837864 1.2175995 0.0706070 -0.1196319 0.0007690 0.9903042
1740548126.083580 -0.3161403 -0.1927714 1.2753625 0.0724685 -0.1256501 0.0007277 0.9894240
1740548126.202245 -0.3380531 -0.2115531 1.3369553 0.0734610 -0.1316960 0.0001717 0.9885644
1740548126.302605 -0.3669041 -0.2198224 1.3963599 0.0745329 -0.1369456 0.0002408 0.9877706
1740548126.418423 -0.4045923 -0.2098618 1.4532583 0.0759185 -0.1414949 0.0000119 0.9870237
1740548126.523335 -0.4266604 -0.2073237 1.5159235 0.0767260 -0.1461148 0.0001985 0.9862878
1740548126.636805 -0.4497289 -0.2293911 1.5806394 0.0756695 -0.1503361 -0.0006462 0.9857346
1740548126.746065 -0.4789650 -0.2378198 1.6377394 0.0752393 -0.1535164 -0.0009869 0.9852771
1740548126.852478 -0.5041113 -0.2283200 1.7044829 0.0752883 -0.1568470 -0.0011004 0.9847484
1740548126.966245 -0.5250226 -0.2299853 1.7627835 0.0750448 -0.1594058 -0.0011069 0.9843561
1740548127.072243 -0.5573949 -0.2476161 1.8246032 0.0740729 -0.1615033 -0.0019136 0.9840865
1740548127.188076 -0.5724884 -0.2454484 1.8873730 0.0739672 -0.1638830 -0.0018729 0.9837011
1740548127.298715 -0.5989046 -0.2546465 1.9465930 0.0731806 -0.1653894 -0.0023050 0.9835068
1740548127.419831 -0.6354775 -0.2587154 2.0068400 0.0734000 -0.1666289 -0.0026680 0.9832803
1740548127.524199 -0.6656967 -0.2788712 2.0704329 0.0719646 -0.1680043 -0.0034632 0.9831499
1740548127.638293 -0.6861421 -0.2922453 2.1333544 0.0710251 -0.1692369 -0.0036528 0.9830061
1740548127.738134 -0.7066420 -0.2951210 2.1951087 0.0706211 -0.1705594 -0.0033020 0.9828078
1740548127.837375 -0.7375870 -0.3023062 2.2509048 0.0698819 -0.1710094 -0.0035216 0.9827818
1740548127.943958 -0.7561035 -0.2862528 2.3139071 0.0703088 -0.1720482 -0.0028651 0.9825721
1740548128.043946 -0.7802377 -0.2926525 2.3804631 0.0692107 -0.1729154 -0.0023785 0.9824991
1740548128.155850 -0.8085837 -0.3015822 2.4409580 0.0686685 -0.1732340 -0.0030563 0.9824792
1740548128.260129 -0.8419822 -0.3027320 2.4975390 0.0680237 -0.1727776 -0.0032876 0.9826037
1740548128.360034 -0.8735600 -0.3188434 2.5610578 0.0667921 -0.1727158 -0.0038399 0.9826970
1740548128.468807 -0.9047508 -0.3256621 2.6180298 0.0658661 -0.1722182 -0.0039635 0.9828463
1740548128.570396 -0.9257329 -0.3232411 2.6840057 0.0658755 -0.1723361 -0.0037156 0.9828260
1740548128.671881 -0.9504173 -0.3394289 2.7408023 0.0648737 -0.1719378 -0.0042588 0.9829602
1740548128.769964 -0.9644206 -0.3297301 2.8021824 0.0651337 -0.1717481 -0.0042373 0.9829763
1740548128.885708 -0.9905370 -0.3289959 2.8662934 0.0653687 -0.1715724 -0.0043099 0.9829910
1740548128.987390 -1.0136194 -0.3269540 2.9262142 0.0648608 -0.1709872 -0.0042749 0.9831268
1740548129.087638 -1.0528641 -0.3394060 2.9822447 0.0642942 -0.1697878 -0.0045656 0.9833705
1740548129.194873 -1.0760580 -0.3476924 3.0441763 0.0640036 -0.1687737 -0.0043739 0.9835649
1740548129.295569 -1.1028768 -0.3625173 3.1062326 0.0638308 -0.1682005 -0.0050364 0.9836711
1740548129.405489 -1.1323581 -0.3622760 3.1664188 0.0647912 -0.1675460 -0.0045442 0.9837224
1740548129.505319 -1.1488008 -0.3743716 3.2271619 0.0656371 -0.1665601 -0.0043039 0.9838349
1740548129.603457 -1.1636240 -0.3724693 3.2949984 0.0665992 -0.1658131 -0.0033591 0.9839001
1740548129.705925 -1.1916294 -0.3783494 3.3605568 0.0678263 -0.1644301 -0.0039190 0.9840462
1740548129.806282 -1.2261959 -0.3860104 3.4226799 0.0683902 -0.1629513 -0.0038670 0.9842534
1740548129.916671 -1.2526749 -0.3770317 3.4798465 0.0696902 -0.1614564 -0.0035820 0.9844096
1740548130.019258 -1.2763773 -0.3808547 3.5445430 0.0700948 -0.1599744 -0.0033972 0.9846235
1740548130.137242 -1.3043602 -0.3799753 3.6036067 0.0723111 -0.1582299 -0.0023356 0.9847482
1740548130.238321 -1.3322811 -0.3785440 3.6658483 0.0741400 -0.1562835 -0.0019005 0.9849239
1740548130.340650 -1.3540313 -0.3767024 3.7258360 0.0760826 -0.1541489 -0.0018924 0.9851122
1740548130.446483 -1.3691245 -0.3883750 3.7935867 0.0781375 -0.1521569 -0.0011196 0.9852622
1740548130.547619 -1.3816385 -0.4036187 3.8611956 0.0806833 -0.1504931 -0.0002644 0.9853131
1740548130.654367 -1.4028369 -0.4194185 3.9210684 0.0826992 -0.1477420 -0.0005759 0.9855622
1740548130.757010 -1.4188185 -0.4158146 3.9855163 0.0866050 -0.1453097 0.0011664 0.9855878
1740548130.860462 -1.4459479 -0.4259694 4.0482545 0.0903251 -0.1428622 0.0009694 0.9856119
1740548130.970002 -1.4694999 -0.4223274 4.1022806 0.0947648 -0.1399982 0.0014764 0.9856054
1740548131.072482 -1.4833812 -0.4356306 4.1707439 0.0979699 -0.1379034 0.0020951 0.9855862
1740548131.182337 -1.5107058 -0.4474045 4.2320061 0.1012281 -0.1351262 0.0030801 0.9856390
1740548131.285251 -1.5376507 -0.4558432 4.2878938 0.1049251 -0.1319027 0.0038525 0.9856864
1740548131.391613 -1.5716724 -0.4732352 4.3459787 0.1074159 -0.1286506 0.0042827 0.9858461
1740548131.497764 -1.5690563 -0.4733804 4.4006076 0.1109583 -0.1284811 0.0037003 0.9854782
1740548131.600954 -1.5638068 -0.4757303 4.4738870 0.1148679 -0.1276679 0.0043157 0.9851333
1740548131.706591 -1.5556234 -0.4851654 4.5175872 0.1175566 -0.1269329 0.0049083 0.9849083
1740548131.809406 -1.5476296 -0.4944980 4.5513010 0.1208398 -0.1283126 0.0050791 0.9843312
1740548131.921936 -1.5466621 -0.4962775 4.5741405 0.1237069 -0.1283669 0.0049055 0.9839687
1740548132.023068 -1.5371060 -0.5022084 4.6198587 0.1262374 -0.1301721 0.0038113 0.9834149
1740548132.139478 -1.5379969 -0.5284925 4.6502733 0.1260567 -0.1312296 0.0044993 0.9832946
1740548132.237021 -1.5594784 -0.5525250 4.6914220 0.1272953 -0.1306985 0.0052906 0.9832019
1740548132.340472 -1.5577035 -0.5521233 4.7216296 0.1297787 -0.1317004 0.0050606 0.9827446
1740548132.449287 -1.5564326 -0.5518258 4.7228131 0.1322802 -0.1306760 0.0056616 0.9825445
1740548132.549325 -1.5562599 -0.5509188 4.7374763 0.1339659 -0.1307170 0.0047616 0.9823154
1740548132.656811 -1.5544020 -0.5478755 4.7918644 0.1377557 -0.1318547 0.0053070 0.9816362
1740548132.759862 -1.5501069 -0.5499182 4.8344378 0.1387133 -0.1341059 0.0040301 0.9812024
1740548132.863276 -1.5474342 -0.5512879 4.8856630 0.1404794 -0.1359953 0.0030697 0.9806944
1740548132.977784 -1.5446384 -0.5528851 4.9305086 0.1419231 -0.1381884 0.0019929 0.9801826
1740548133.081616 -1.5528316 -0.5730963 4.9647021 0.1422109 -0.1401259 0.0019878 0.9798657
1740548133.200546 -1.5541406 -0.5902649 5.0048919 0.1429120 -0.1429223 0.0033276 0.9793561
1740548133.301357 -1.5576810 -0.6148364 5.0347915 0.1412056 -0.1439644 0.0022535 0.9794540
1740548133.407281 -1.5642453 -0.6308913 5.0743642 0.1404689 -0.1464349 0.0024188 0.9791933
1740548133.510489 -1.5422999 -0.6421800 5.1173344 0.1407473 -0.1498823 0.0017262 0.9786330
1740548133.610924 -1.5396690 -0.6684715 5.1582050 0.1384836 -0.1521989 -0.0000892 0.9785999
1740548133.721013 -1.5666114 -0.6649618 5.2093658 0.1399743 -0.1525424 -0.0010743 0.9783337
1740548133.819009 -1.5766791 -0.7024795 5.2398233 0.1373932 -0.1543363 -0.0008622 0.9784185
1740548133.926073 -1.5688491 -0.7293305 5.2673640 0.1344952 -0.1567822 -0.0010840 0.9784321
1740548134.028574 -1.5978180 -0.7400511 5.2714157 0.1335076 -0.1531299 -0.0005335 0.9791459
1740548134.141720 -1.6006130 -0.7238371 5.2763448 0.1354102 -0.1524499 0.0004566 0.9789908
1740548134.240001 -1.6147444 -0.7223442 5.3364735 0.1362823 -0.1534997 -0.0003034 0.9787057
1740548134.343888 -1.6303062 -0.7434145 5.3675675 0.1352440 -0.1538035 -0.0003783 0.9788020
1740548134.461985 -1.6314842 -0.7474442 5.3988791 0.1351603 -0.1555030 -0.0006369 0.9785449
1740548134.564868 -1.6185528 -0.7594862 5.4457211 0.1345379 -0.1586906 -0.0016154 0.9781177
1740548134.672967 -1.6309552 -0.7669428 5.4990234 0.1339746 -0.1599515 -0.0022997 0.9779882
1740548134.774825 -1.6349488 -0.7811550 5.5522499 0.1336353 -0.1623780 -0.0022832 0.9776348
1740548134.876841 -1.6333694 -0.8098159 5.5890079 0.1318115 -0.1657383 -0.0024280 0.9773181
1740548134.985596 -1.6444962 -0.8250729 5.6401110 0.1315565 -0.1682678 -0.0023775 0.9769202
1740548135.089036 -1.6770556 -0.8286504 5.6918869 0.1322733 -0.1685974 -0.0023789 0.9767666
1740548135.193120 -1.6734827 -0.8376320 5.7389383 0.1332884 -0.1724252 -0.0026246 0.9759595
1740548135.296097 -1.6612716 -0.8574897 5.7829709 0.1327749 -0.1761314 -0.0035661 0.9753645
1740548135.405683 -1.6545208 -0.8718346 5.8313265 0.1329848 -0.1797052 -0.0034151 0.9746843
1740548135.508684 -1.6500360 -0.8877482 5.8699603 0.1336532 -0.1826328 -0.0037099 0.9740474
1740548135.610395 -1.6458852 -0.8973938 5.9136782 0.1351287 -0.1859235 -0.0037038 0.9732209
1740548135.717580 -1.6639243 -0.9348659 5.9398842 0.1332308 -0.1859263 -0.0042997 0.9734796
1740548135.822147 -1.6799961 -0.9505739 5.9658527 0.1344346 -0.1878613 -0.0038741 0.9729443
1740548135.931577 -1.7043300 -0.9581168 6.0017438 0.1351989 -0.1876452 -0.0033651 0.9728819
1740548136.035793 -1.7074604 -0.9598317 6.0261211 0.1364651 -0.1883800 -0.0034739 0.9725627
1740548136.140282 -1.7342856 -0.9547421 6.0271749 0.1381923 -0.1839911 -0.0024679 0.9731619
1740548136.252615 -1.7462820 -0.9750190 6.0552449 0.1389843 -0.1832375 -0.0025028 0.9731912
1740548136.356613 -1.7554002 -0.9814573 6.0614338 0.1397572 -0.1829101 -0.0015508 0.9731441
1740548136.465374 -1.7451575 -0.9879761 6.0892291 0.1419257 -0.1858627 -0.0023002 0.9722689
1740548136.571447 -1.7383648 -1.0084927 6.1438298 0.1431611 -0.1876869 -0.0029317 0.9717355
1740548136.684530 -1.7342815 -1.0263065 6.1842484 0.1448892 -0.1899008 -0.0029003 0.9710491
1740548136.787151 -1.7318202 -1.0492980 6.2132454 0.1448540 -0.1913607 -0.0032909 0.9707665
1740548136.906937 -1.7311971 -1.0569758 6.2472782 0.1455630 -0.1919296 -0.0026920 0.9705499
1740548137.009178 -1.7288702 -1.0675167 6.2876163 0.1446579 -0.1917851 -0.0027249 0.9707137
1740548137.114542 -1.7524223 -1.1033878 6.3240132 0.1411613 -0.1899743 -0.0034352 0.9715819
1740548137.223638 -1.7971916 -1.1170509 6.3310666 0.1400645 -0.1834782 -0.0023741 0.9729913
1740548137.328346 -1.8261863 -1.1246667 6.3401303 0.1391217 -0.1764514 -0.0010619 0.9744275
1740548137.438851 -1.8454331 -1.1404440 6.3547506 0.1368701 -0.1718068 -0.0015450 0.9755750
1740548137.543700 -1.8768462 -1.1358736 6.3899126 0.1367527 -0.1672320 -0.0004903 0.9763872
1740548137.654196 -1.8927516 -1.1536875 6.4129887 0.1346789 -0.1642539 0.0005412 0.9771807
1740548137.759895 -1.9194570 -1.1809180 6.4576845 0.1326510 -0.1611756 0.0000718 0.9779704
1740548137.866459 -1.9637139 -1.1942058 6.4892159 0.1305573 -0.1556134 0.0008539 0.9791520
1740548137.975226 -1.9911075 -1.2057173 6.5056129 0.1286012 -0.1492807 0.0014409 0.9803953
1740548138.080147 -2.0052824 -1.2224305 6.5167351 0.1260033 -0.1456485 0.0017126 0.9812781
1740548138.191715 -2.0300665 -1.2402635 6.5512681 0.1231182 -0.1426120 0.0021415 0.9820892
1740548138.298192 -2.0310819 -1.2724545 6.5824714 0.1181967 -0.1437983 0.0024137 0.9825202
1740548138.411783 -2.0228193 -1.2919443 6.6051464 0.1137922 -0.1450889 0.0007553 0.9828530
1740548138.522462 -2.0288746 -1.3007833 6.6189089 0.1092746 -0.1450538 0.0016046 0.9833696
1740548138.624930 -2.0255325 -1.3092446 6.6372223 0.1087539 -0.1453014 0.0015807 0.9833909
1740548138.737712 -2.0143807 -1.3159752 6.6428652 0.1047095 -0.1485678 0.0023392 0.9833403
1740548138.839892 -2.0152349 -1.3373134 6.6578789 0.0992657 -0.1489151 0.0021703 0.9838526
1740548138.950413 -1.9917336 -1.3378637 6.6700048 0.0973699 -0.1553021 0.0025941 0.9830532
1740548139.053494 -1.9651139 -1.3530473 6.6756935 0.0919567 -0.1612683 0.0021874 0.9826148
1740548139.160967 -1.9606023 -1.3853946 6.6886225 0.0842045 -0.1634279 0.0010622 0.9829546
1740548139.268755 -1.9671263 -1.4237267 6.6928229 0.0759077 -0.1621784 -0.0004017 0.9838374
1740548139.371309 -1.9684799 -1.4488000 6.7013850 0.0671828 -0.1629424 -0.0025234 0.9843424
1740548139.479039 -1.9736941 -1.4483707 6.7038040 0.0658990 -0.1622224 -0.0023016 0.9845486
1740548139.585129 -1.9805168 -1.4309865 6.7089667 0.0672401 -0.1611745 -0.0021784 0.9846303
1740548139.694165 -2.0029023 -1.4365612 6.7225914 0.0652706 -0.1574530 -0.0023355 0.9853643
1740548139.798981 -2.0231934 -1.4371258 6.7271371 0.0629455 -0.1530704 -0.0016848 0.9862071
1740548139.907966 -2.0305119 -1.4332805 6.7327070 0.0622611 -0.1518520 -0.0012850 0.9864395
1740548140.013614 -2.0390973 -1.4310018 6.7384601 0.0608034 -0.1492743 -0.0025625 0.9869213
1740548140.119893 -2.0560193 -1.4369637 6.7510638 0.0584275 -0.1464380 -0.0015303 0.9874917
1740548140.226370 -2.0617609 -1.4490968 6.7535191 0.0531873 -0.1431816 -0.0031951 0.9882611
1740548140.331386 -2.0599818 -1.4507039 6.7565336 0.0500002 -0.1449403 -0.0029157 0.9881720
1740548140.447216 -2.0585639 -1.4491287 6.7633553 0.0489344 -0.1452902 -0.0028441 0.9881741
1740548140.554445 -2.0571215 -1.4513534 6.7656465 0.0465056 -0.1463924 -0.0013129 0.9881320
1740548140.685568 -2.0600276 -1.4492158 6.7641888 0.0432662 -0.1436138 -0.0024713 0.9886845
1740548140.789939 -2.0642767 -1.4567173 6.7631984 0.0379883 -0.1416236 -0.0022484 0.9891888
1740548140.910589 -2.0689261 -1.4539701 6.7690520 0.0384932 -0.1385916 -0.0037383 0.9895942
1740548141.012404 -2.0708101 -1.4504423 6.7675924 0.0379771 -0.1364595 -0.0037919 0.9899102
1740548141.119383 -2.0675805 -1.4523467 6.7638135 0.0340582 -0.1373291 -0.0032021 0.9899346
1740548141.227920 -2.0633352 -1.4542061 6.7611847 0.0314282 -0.1375120 -0.0042278 0.9899924
1740548141.333179 -2.0634096 -1.4540476 6.7601357 0.0308481 -0.1332586 -0.0036480 0.9905944
1740548141.444320 -2.0662918 -1.4563150 6.7580509 0.0270154 -0.1295899 -0.0035850 0.9911931
1740548141.550253 -2.0549061 -1.4555105 6.7769113 0.0266056 -0.1355560 -0.0029629 0.9904080
1740548141.659685 -2.0497527 -1.4559684 6.7826028 0.0248767 -0.1370520 -0.0022509 0.9902489
1740548141.767670 -2.0500340 -1.4590782 6.7863250 0.0222512 -0.1352723 -0.0032134 0.9905534
1740548141.872120 -2.0478628 -1.4633123 6.7861347 0.0197897 -0.1354797 -0.0036468 0.9905757
1740548141.982247 -2.0438440 -1.4676540 6.7946496 0.0168924 -0.1358379 -0.0037726 0.9905799
1740548142.091942 -2.0458639 -1.4745456 6.8142276 0.0158253 -0.1369147 -0.0035949 0.9904499
1740548142.207111 -2.0427706 -1.4790590 6.8280315 0.0145970 -0.1379885 -0.0041779 0.9903175
1740548142.311436 -2.0382600 -1.4818444 6.8365722 0.0125633 -0.1396480 -0.0045126 0.9901112
1740548142.425131 -2.0381949 -1.4822053 6.8371029 0.0110172 -0.1361435 -0.0062099 0.9906084
1740548142.538142 -2.0363400 -1.4885128 6.8511553 0.0080492 -0.1390776 -0.0046264 0.9902380
1740548142.663790 -2.0337796 -1.4887786 6.8547525 0.0065422 -0.1382889 -0.0070176 0.9903455
1740548142.769889 -2.0321386 -1.4933174 6.8628249 0.0050401 -0.1379927 -0.0069174 0.9903963
1740548142.875152 -2.0390742 -1.5011460 6.9079342 0.0011743 -0.1388052 -0.0079802 0.9902868
1740548142.990354 -2.0488510 -1.5048702 6.9467897 0.0002338 -0.1386955 -0.0107189 0.9902771
1740548143.095129 -2.0487726 -1.5105977 6.9702501 -0.0029262 -0.1407750 -0.0100762 0.9899861
1740548143.222753 -2.0553582 -1.5194259 7.0012150 -0.0097648 -0.1394846 -0.0104032 0.9901215
1740548143.324592 -2.0634770 -1.5189508 7.0458999 -0.0099319 -0.1392855 -0.0112638 0.9901384
1740548143.439028 -2.0718203 -1.5233709 7.0918984 -0.0129229 -0.1403370 -0.0112366 0.9899557
1740548143.543820 -2.0736458 -1.5084543 7.1224251 -0.0099225 -0.1423305 -0.0110249 0.9897081
1740548143.663519 -2.0837128 -1.4973456 7.1698551 -0.0078436 -0.1418152 -0.0104565 0.9898068
1740548143.764904 -2.0954626 -1.5015824 7.2029252 -0.0090098 -0.1423447 -0.0119637 0.9897038
1740548143.871416 -2.1036217 -1.5004596 7.2448878 -0.0099565 -0.1436847 -0.0104198 0.9895186
1740548143.979631 -2.1111791 -1.5030129 7.2846589 -0.0098495 -0.1448714 -0.0110824 0.9893394
1740548144.085873 -2.1202979 -1.4977642 7.3162127 -0.0097705 -0.1448035 -0.0116862 0.9893432
1740548144.194210 -2.1295564 -1.4990031 7.3556976 -0.0112684 -0.1466103 -0.0110765 0.9890682
1740548144.301134 -2.1570992 -1.4917198 7.4109311 -0.0116646 -0.1464161 -0.0116930 0.9890852
1740548144.411222 -2.1751821 -1.4924337 7.4610076 -0.0120828 -0.1464870 -0.0110715 0.9890769
1740548144.524790 -2.1865730 -1.4855604 7.5138440 -0.0127866 -0.1466262 -0.0110887 0.9890472
1740548144.627746 -2.2248051 -1.4781533 7.5762219 -0.0139456 -0.1459515 -0.0116554 0.9891248
1740548144.740773 -2.2616076 -1.4704087 7.6354814 -0.0157968 -0.1459107 -0.0120245 0.9890985
1740548144.842194 -2.2948523 -1.4593480 7.6982174 -0.0171447 -0.1455476 -0.0120213 0.9891297
1740548144.954263 -2.3111994 -1.4427239 7.7675753 -0.0189464 -0.1459198 -0.0122953 0.9890386
1740548145.058416 -2.3316784 -1.4260805 7.8312535 -0.0204712 -0.1458811 -0.0126017 0.9890100
1740548145.170726 -2.3452971 -1.4036887 7.8965702 -0.0213494 -0.1462231 -0.0125412 0.9889417
1740548145.277337 -2.3878293 -1.3944682 7.9611440 -0.0232206 -0.1450087 -0.0132766 0.9890688
1740548145.386619 -2.4150581 -1.3808601 8.0265503 -0.0244159 -0.1441290 -0.0133494 0.9891676
1740548145.508470 -2.4523616 -1.3622477 8.0861969 -0.0247808 -0.1429162 -0.0141677 0.9893231
1740548145.612559 -2.4850039 -1.3471535 8.1534901 -0.0255541 -0.1413973 -0.0142886 0.9895199
1740548145.726044 -2.4920342 -1.3516854 8.2275476 -0.0267486 -0.1404889 -0.0139511 0.9896225
1740548145.832302 -2.5066783 -1.3489772 8.2939615 -0.0264930 -0.1389516 -0.0139122 0.9898470
1740548145.947360 -2.5198607 -1.3538524 8.3682537 -0.0268078 -0.1372754 -0.0142229 0.9900680
1740548146.054935 -2.5367715 -1.3515261 8.4349918 -0.0263128 -0.1349395 -0.0140030 0.9904054
1740548146.166626 -2.5626955 -1.3397084 8.4979296 -0.0250707 -0.1324326 -0.0140568 0.9907752
1740548146.277886 -2.5625200 -1.3549672 8.5736465 -0.0246252 -0.1311632 -0.0142453 0.9909526
1740548146.387491 -2.5857925 -1.3513503 8.6368828 -0.0240825 -0.1285802 -0.0140062 0.9913077
1740548146.509603 -2.5832028 -1.3500552 8.7103930 -0.0229184 -0.1277400 -0.0138869 0.9914456
1740548146.617220 -2.6014974 -1.3400743 8.7787371 -0.0224777 -0.1260632 -0.0141832 0.9916661
1740548146.732357 -2.6045487 -1.3462236 8.8551769 -0.0220258 -0.1251901 -0.0143463 0.9917845
1740548146.841451 -2.6239994 -1.3383940 8.9241333 -0.0220388 -0.1238849 -0.0140777 0.9919519
1740548146.957563 -2.6571286 -1.3242924 8.9879789 -0.0211090 -0.1222424 -0.0144239 0.9921709
1740548147.063306 -2.6460197 -1.3277309 9.0640459 -0.0207175 -0.1223911 -0.0140064 0.9921669
1740548147.178078 -2.6776032 -1.3245252 9.1324654 -0.0206863 -0.1213859 -0.0138361 0.9922934
1740548147.289000 -2.6956012 -1.3292702 9.2009754 -0.0205647 -0.1208653 -0.0142536 0.9923535
1740548147.416166 -2.7026093 -1.3249619 9.2725925 -0.0209749 -0.1211294 -0.0141523 0.9923142
1740548147.525186 -2.7317257 -1.3126396 9.3380880 -0.0212950 -0.1207646 -0.0147027 0.9923438
1740548147.629851 -2.7501025 -1.3061069 9.4062281 -0.0222268 -0.1211124 -0.0148279 0.9922792
1740548147.745089 -2.7579989 -1.3050919 9.4775629 -0.0232666 -0.1223091 -0.0148220 0.9921086
1740548147.854822 -2.7795217 -1.3037286 9.5479021 -0.0245247 -0.1232552 -0.0148983 0.9919600
1740548147.974618 -2.8029482 -1.3040020 9.6179333 -0.0262220 -0.1243480 -0.0150373 0.9917781
1740548148.088260 -2.8161817 -1.2937366 9.6886702 -0.0274064 -0.1260205 -0.0151603 0.9915331
1740548148.200301 -2.8395321 -1.2921959 9.7553806 -0.0296352 -0.1272458 -0.0155520 0.9913064
1740548148.309916 -2.8500154 -1.2876922 9.8268843 -0.0314327 -0.1292761 -0.0160117 0.9909810
1740548148.424196 -2.8600419 -1.2836112 9.9027596 -0.0340149 -0.1311398 -0.0156905 0.9906560
1740548148.530082 -2.8959126 -1.2741790 9.9672575 -0.0365787 -0.1325351 -0.0166706 0.9903629
1740548148.641320 -2.9167845 -1.2700682 10.0342016 -0.0393926 -0.1343488 -0.0168200 0.9900079
1740548148.758983 -2.9286728 -1.2602724 10.1064348 -0.0418922 -0.1367936 -0.0170968 0.9895657
1740548148.864821 -2.9533739 -1.2560730 10.1732254 -0.0449201 -0.1389776 -0.0171912 0.9891268
1740548148.987339 -2.9736862 -1.2525856 10.2432632 -0.0478131 -0.1411043 -0.0174772 0.9886850
1740548149.091830 -2.9939017 -1.2361578 10.3107786 -0.0504025 -0.1433521 -0.0181472 0.9882209
1740548149.211049 -3.0269909 -1.2178980 10.3747559 -0.0532449 -0.1453540 -0.0182382 0.9877777
1740548149.314475 -3.0509737 -1.2001439 10.4409866 -0.0561456 -0.1476092 -0.0183911 0.9872796
1740548149.426378 -3.0730755 -1.1856067 10.5068111 -0.0589299 -0.1496646 -0.0187734 0.9868006
1740548149.534521 -3.0962815 -1.1675283 10.5722723 -0.0612789 -0.1519854 -0.0190771 0.9862968
1740548149.642015 -3.1115124 -1.1591855 10.6433592 -0.0638553 -0.1546882 -0.0195575 0.9857036
1740548149.750810 -3.1375332 -1.1518035 10.7114592 -0.0659292 -0.1571588 -0.0196299 0.9851747
1740548149.858582 -3.1619294 -1.1458852 10.7768984 -0.0679346 -0.1596607 -0.0199449 0.9846296
1740548149.970123 -3.1942954 -1.1317567 10.8393621 -0.0697870 -0.1619584 -0.0198175 0.9841273
1740548150.074230 -3.2195046 -1.1200128 10.9023275 -0.0715376 -0.1641295 -0.0202716 0.9836325
1740548150.185827 -3.2395999 -1.1093709 10.9746370 -0.0734950 -0.1668933 -0.0201005 0.9830265
1740548150.294778 -3.2633445 -1.0946292 11.0416451 -0.0749205 -0.1695895 -0.0202794 0.9824536
1740548150.402144 -3.2903383 -1.0803672 11.1082735 -0.0764129 -0.1722082 -0.0199913 0.9818889
1740548150.522177 -3.3278556 -1.0681891 11.1642027 -0.0774669 -0.1741877 -0.0203068 0.9814506
1740548150.627375 -3.3480809 -1.0587577 11.2351303 -0.0785881 -0.1772146 -0.0201046 0.9808235
1740548150.743309 -3.3829508 -1.0526081 11.2999954 -0.0800320 -0.1795951 -0.0198875 0.9802780
1740548150.846718 -3.4036455 -1.0377690 11.3672981 -0.0806562 -0.1827412 -0.0199777 0.9796434
1740548150.958301 -3.4310718 -1.0202148 11.4304199 -0.0813275 -0.1859784 -0.0198652 0.9789807
1740548151.064274 -3.4662263 -1.0110544 11.4945021 -0.0821886 -0.1884960 -0.0194876 0.9784347
1740548151.176161 -3.4950154 -0.9994827 11.5566912 -0.0832073 -0.1914992 -0.0196325 0.9777623
1740548151.282163 -3.5187306 -0.9864598 11.6269283 -0.0844128 -0.1946507 -0.0196008 0.9770371
1740548151.389150 -3.5442262 -0.9738445 11.6897402 -0.0849144 -0.1978887 -0.0195383 0.9763441
1740548151.498243 -3.5811520 -0.9669782 11.7540064 -0.0861804 -0.2005444 -0.0197392 0.9756871
1740548151.609073 -3.5968945 -0.9513673 11.8194036 -0.0869987 -0.2041551 -0.0200546 0.9748588
1740548151.717193 -3.6424980 -0.9453892 11.8785276 -0.0890444 -0.2064030 -0.0198796 0.9742042
1740548151.823800 -3.6809795 -0.9349490 11.9353819 -0.0910373 -0.2087786 -0.0199150 0.9735128
1740548151.932287 -3.7094193 -0.9206945 11.9966049 -0.0932935 -0.2113268 -0.0203185 0.9727407
1740548152.039907 -3.7467690 -0.9090462 12.0573120 -0.0950816 -0.2138315 -0.0202958 0.9720204
1740548152.144036 -3.7651856 -0.8981447 12.1278439 -0.0976434 -0.2168068 -0.0205745 0.9711011
1740548152.252019 -3.8142266 -0.8923520 12.1714802 -0.1008661 -0.2178571 -0.0209311 0.9705288
1740548152.358152 -3.8574586 -0.8871136 12.2286949 -0.1044436 -0.2195498 -0.0216677 0.9697526
1740548152.468689 -3.8819869 -0.8732463 12.2940693 -0.1072417 -0.2220663 -0.0223517 0.9688582
1740548152.574204 -3.9040742 -0.8620604 12.3613939 -0.1104373 -0.2245031 -0.0231565 0.9679183
1740548152.685294 -3.9452984 -0.8433526 12.4142551 -0.1142137 -0.2261399 -0.0236764 0.9670861
1740548152.791518 -3.9743314 -0.8123795 12.4785442 -0.1172517 -0.2286908 -0.0240704 0.9661124
1740548152.895166 -4.0260310 -0.8113509 12.5179262 -0.1223749 -0.2290696 -0.0248709 0.9653667
1740548153.004584 -4.0759449 -0.7925123 12.5632372 -0.1268756 -0.2303119 -0.0252106 0.9644809
1740548153.107955 -4.1103673 -0.7782065 12.6130142 -0.1315769 -0.2314405 -0.0261654 0.9635550
1740548153.219210 -4.1388550 -0.7502564 12.6692629 -0.1354299 -0.2334648 -0.0273613 0.9624990
1740548153.325379 -4.1727681 -0.7308874 12.7304401 -0.1397568 -0.2352551 -0.0280067 0.9614254
1740548153.436115 -4.1934958 -0.6989960 12.7967777 -0.1430476 -0.2374627 -0.0285987 0.9603806
1740548153.543803 -4.2340045 -0.6770839 12.8516035 -0.1468668 -0.2387410 -0.0291062 0.9594716
1740548153.649017 -4.2637510 -0.6572490 12.9041500 -0.1512969 -0.2401025 -0.0301413 0.9584110
1740548153.763169 -4.3115883 -0.6345472 12.9511089 -0.1550368 -0.2405575 -0.0305924 0.9576846
1740548153.869406 -4.3502564 -0.6203038 13.0097694 -0.1590048 -0.2416675 -0.0314089 0.9567277
1740548153.992370 -4.3899775 -0.5975441 13.0631399 -0.1622993 -0.2423358 -0.0321775 0.9559795
1740548154.096933 -4.4195437 -0.5641829 13.1224260 -0.1651460 -0.2430573 -0.0327425 0.9552894
1740548154.214597 -4.4497113 -0.5356637 13.1792107 -0.1677374 -0.2439782 -0.0330537 0.9545922
1740548154.319511 -4.4921207 -0.5061501 13.2287674 -0.1703230 -0.2438602 -0.0338891 0.9541351
1740548154.433132 -4.5221457 -0.4763333 13.2907152 -0.1722965 -0.2439358 -0.0343289 0.9537457
1740548154.541712 -4.5543475 -0.4419543 13.3461781 -0.1741400 -0.2438411 -0.0348215 0.9534171
1740548154.646461 -4.5920916 -0.4152865 13.3967247 -0.1763019 -0.2430506 -0.0354283 0.9531993
1740548154.768032 -4.6226921 -0.3870001 13.4540806 -0.1776025 -0.2422332 -0.0359989 0.9531446
1740548154.876865 -4.6554689 -0.3574721 13.5133018 -0.1784208 -0.2410256 -0.0364557 0.9532804
1740548154.995560 -4.6909399 -0.3312224 13.5692215 -0.1790353 -0.2393702 -0.0368966 0.9535654
1740548155.098315 -4.7225552 -0.3029308 13.6279488 -0.1795879 -0.2376441 -0.0372228 0.9538805
1740548155.215643 -4.7539473 -0.2810678 13.6887093 -0.1801301 -0.2356191 -0.0380402 0.9542482
1740548155.321929 -4.7851758 -0.2560629 13.7447453 -0.1804126 -0.2329804 -0.0382776 0.9548331
1740548155.435767 -4.8142910 -0.2377377 13.8053942 -0.1811384 -0.2304305 -0.0390001 0.9552851
1740548155.542811 -4.8506136 -0.2142217 13.8640041 -0.1811531 -0.2271968 -0.0393464 0.9560424
1740548155.644450 -4.8795967 -0.1925795 13.9237547 -0.1815379 -0.2240697 -0.0401002 0.9566759
1740548155.749187 -4.9147215 -0.1703650 13.9859982 -0.1819221 -0.2207499 -0.0407578 0.9573467
1740548155.851245 -4.9470744 -0.1520459 14.0479641 -0.1830396 -0.2171834 -0.0414815 0.9579181
1740548155.964217 -4.9770365 -0.1354840 14.1106777 -0.1844176 -0.2136680 -0.0426607 0.9583926
1740548156.066414 -5.0009489 -0.1113016 14.1778946 -0.1858918 -0.2103358 -0.0436154 0.9588017
1740548156.173627 -5.0210080 -0.0914193 14.2436419 -0.1885525 -0.2069158 -0.0449597 0.9589643
1740548156.276265 -5.0509171 -0.0749611 14.3031998 -0.1922097 -0.2029828 -0.0463754 0.9590114
1740548156.378184 -5.0708365 -0.0454897 14.3674669 -0.1955831 -0.1996713 -0.0475974 0.9589646
1740548156.495640 -5.0881596 -0.0184951 14.4313107 -0.1998183 -0.1963266 -0.0492675 0.9586977
1740548156.711961 -5.1242375 0.0302643 14.5628309 -0.2115547 -0.1905427 -0.0526126 0.9571677
1740548156.811321 -5.1385441 0.0587858 14.6290455 -0.2181700 -0.1881525 -0.0545495 0.9560465
1740548157.016791 -5.1839337 0.1220081 14.7496462 -0.2339879 -0.1841157 -0.0580511 0.9528804
1740548157.117909 -5.2014594 0.1564976 14.8109732 -0.2429391 -0.1830116 -0.0600222 0.9507285
1740548157.224814 -5.2159500 0.1956029 14.8708429 -0.2523136 -0.1825173 -0.0619746 0.9482533
1740548157.328299 -5.2266431 0.2437288 14.9273624 -0.2620327 -0.1826355 -0.0634344 0.9454942
1740548157.437029 -5.2477474 0.2904403 14.9765730 -0.2723109 -0.1830209 -0.0653676 0.9423785
1740548157.540100 -5.2584472 0.3394698 15.0269203 -0.2828454 -0.1841496 -0.0668578 0.9389449
1740548157.639656 -5.2820573 0.3932383 15.0685987 -0.2935979 -0.1854217 -0.0684376 0.9352729
1740548157.747042 -5.3005338 0.4485353 15.1099644 -0.3042566 -0.1874800 -0.0698064 0.9313465
1740548157.846183 -5.3200984 0.5024819 15.1490345 -0.3154508 -0.1897503 -0.0710689 0.9270571
1740548157.949461 -5.3395329 0.5648711 15.1862259 -0.3254974 -0.1926304 -0.0720977 0.9229014
1740548158.051083 -5.3648863 0.6199183 15.2242432 -0.3359885 -0.1957348 -0.0731378 0.9183956
1740548158.157013 -5.3877306 0.6814761 15.2568588 -0.3457741 -0.1989308 -0.0736342 0.9140267
1740548158.263184 -5.4192204 0.7362890 15.2904654 -0.3553242 -0.2021970 -0.0740356 0.9096043
1740548158.362079 -5.4395995 0.7933812 15.3295822 -0.3642180 -0.2059853 -0.0745466 0.9051840
1740548158.468812 -5.4712086 0.8461397 15.3655300 -0.3725863 -0.2094529 -0.0747628 0.9009548
1740548158.570758 -5.4968548 0.9057827 15.3983994 -0.3799114 -0.2128797 -0.0747834 0.8970825
1740548158.686661 -5.5320144 0.9600487 15.4322710 -0.3871369 -0.2161391 -0.0747422 0.8932091
1740548158.787162 -5.5652490 1.0120523 15.4673109 -0.3936833 -0.2192025 -0.0749189 0.8895791
1740548158.893168 -5.6065612 1.0657418 15.4940624 -0.3994164 -0.2215558 -0.0748117 0.8864439
1740548158.998100 -5.6389070 1.1186466 15.5289612 -0.4045366 -0.2241017 -0.0747119 0.8834856
1740548159.098748 -5.6693869 1.1771283 15.5604019 -0.4087243 -0.2261390 -0.0746747 0.8810388
1740548159.207752 -5.7027388 1.2317979 15.5939598 -0.4129110 -0.2277917 -0.0747564 0.8786506
1740548159.307722 -5.7290411 1.2916679 15.6290588 -0.4156945 -0.2293236 -0.0746429 0.8769476
1740548159.406240 -5.7529488 1.3482881 15.6630430 -0.4185265 -0.2300424 -0.0746340 0.8754118
1740548159.510459 -5.7738357 1.4030864 15.7022371 -0.4207759 -0.2307442 -0.0749487 0.8741210
1740548159.609511 -5.7925377 1.4566901 15.7422047 -0.4225189 -0.2310284 -0.0752475 0.8731790
1740548159.724154 -5.8084469 1.5154567 15.7855730 -0.4235840 -0.2313575 -0.0753251 0.8725688
1740548159.823974 -5.8181105 1.5695293 15.8243370 -0.4247515 -0.2310028 -0.0754750 0.8720822
1740548160.032656 -5.8437767 1.6860497 15.9068642 -0.4248586 -0.2309732 -0.0755675 0.8720299
1740548160.137662 -5.8633389 1.7431321 15.9466648 -0.4244988 -0.2309294 -0.0756529 0.8722093
1740548160.252925 -5.8758006 1.8029993 15.9851055 -0.4237851 -0.2310293 -0.0754557 0.8725469
1740548160.666971 -5.9914551 2.0082865 16.1446877 -0.4191598 -0.2317936 -0.0740152 0.8746992
1740548160.878113 -6.0524616 2.1163592 16.2201557 -0.4156584 -0.2331702 -0.0725310 0.8761273
1740548160.982609 -6.0852213 2.1632819 16.2581158 -0.4143218 -0.2337910 -0.0721655 0.8766250
1740548161.202181 -6.1518598 2.2679670 16.3345814 -0.4107161 -0.2354553 -0.0704795 0.8780124
1740548161.511246 -6.2440853 2.4215176 16.4584885 -0.4059295 -0.2377756 -0.0680976 0.8797993
1740548161.718625 -6.2931252 2.5284572 16.5407524 -0.4030327 -0.2386048 -0.0670660 0.8809850
1740548161.924281 -6.3391275 2.6341362 16.6254578 -0.4006238 -0.2387197 -0.0666704 0.8820819
1740548162.344733 -6.4431419 2.8396039 16.7989101 -0.3979832 -0.2366814 -0.0670235 0.8837981
1740548162.646685 -6.5321627 2.9993370 16.9135971 -0.3968377 -0.2327878 -0.0681702 0.8852584
1740548163.174401 -6.6253681 3.2677584 17.1382236 -0.3972523 -0.2272767 -0.0712053 0.8862650
1740548163.586533 -6.7305412 3.4853168 17.2990608 -0.3985798 -0.2233084 -0.0732600 0.8865103
1740548164.096726 -6.8568039 3.7480164 17.5095139 -0.4005345 -0.2213795 -0.0746152 0.8859999
1740548164.611987 -6.9774694 4.0222678 17.7165699 -0.4019175 -0.2229064 -0.0740517 0.8850375
1740548165.024849 -7.0661130 4.2440109 17.8766289 -0.4011025 -0.2269595 -0.0721810 0.8845316
1740548165.329989 -7.1368408 4.4006805 17.9932938 -0.3990612 -0.2319138 -0.0694996 0.8843845
1740548165.529046 -7.1933975 4.5025630 18.0729752 -0.3971576 -0.2366366 -0.0673445 0.8841571
1740548165.734235 -7.2543812 4.6001263 18.1602478 -0.3948332 -0.2426924 -0.0642542 0.8837865
1740548165.933114 -7.3250933 4.7101707 18.2018661 -0.3904583 -0.2481368 -0.0590872 0.8845785
1740548166.133083 -7.3980064 4.8043022 18.2821751 -0.3872800 -0.2562230 -0.0549661 0.8839359
1740548166.245738 -7.4411268 4.8537984 18.3144798 -0.3850681 -0.2605257 -0.0524927 0.8837949
1740548166.443120 -7.5042324 4.9428988 18.4079876 -0.3821401 -0.2704252 -0.0471040 0.8823947
1740548166.550337 -7.5484648 4.9883876 18.4382362 -0.3798555 -0.2750511 -0.0439895 0.8821120
1740548166.649354 -7.6040287 5.0295978 18.4632397 -0.3784640 -0.2795664 -0.0417217 0.8814005
1740548166.754056 -7.6448021 5.0719900 18.4831791 -0.3765667 -0.2834998 -0.0387554 0.8810923
1740548166.854044 -7.6882019 5.1106296 18.5094337 -0.3754773 -0.2882679 -0.0350473 0.8801648
1740548166.964621 -7.7369537 5.1567049 18.5309563 -0.3735930 -0.2932169 -0.0325160 0.8794287
1740548167.063783 -7.7835627 5.2008309 18.5467033 -0.3712418 -0.2982620 -0.0298781 0.8788212
1740548167.162191 -7.8278255 5.2495103 18.5743599 -0.3700562 -0.3035428 -0.0264523 0.8776221
1740548167.265215 -7.8664722 5.3063011 18.5939293 -0.3688470 -0.3086993 -0.0227819 0.8764346
1740548167.362566 -7.9099388 5.3444533 18.6191368 -0.3688556 -0.3138102 -0.0198790 0.8746848
1740548167.469723 -7.9640999 5.3889108 18.6460953 -0.3679444 -0.3192652 -0.0168174 0.8731574
1740548167.569470 -8.0044804 5.4135318 18.6707058 -0.3680634 -0.3233173 -0.0155702 0.8716380
1740548167.668738 -8.0559921 5.4552107 18.6992378 -0.3675544 -0.3286487 -0.0132458 0.8698956
1740548167.774924 -8.0935774 5.5009832 18.7136040 -0.3664227 -0.3334904 -0.0109054 0.8685618
1740548167.870927 -8.1495829 5.5383739 18.7377625 -0.3667514 -0.3381082 -0.0080282 0.8666671
1740548167.979870 -8.2041817 5.5758219 18.7539349 -0.3670654 -0.3423139 -0.0054499 0.8649015
1740548168.076629 -8.2396088 5.6061993 18.7681675 -0.3682638 -0.3478837 -0.0021016 0.8621799
1740548168.173191 -8.2727194 5.6320605 18.7880630 -0.3694528 -0.3535795 0.0005678 0.8593520
1740548168.276848 -8.3086996 5.6587524 18.7990227 -0.3705498 -0.3580340 0.0028896 0.8570276
1740548168.373157 -8.3546600 5.6701794 18.8202248 -0.3735351 -0.3617365 0.0038672 0.8541682
1740548168.486814 -8.4056864 5.7066975 18.8454151 -0.3744894 -0.3666347 0.0058677 0.8516468
1740548168.581576 -8.4522915 5.7443085 18.8616543 -0.3748720 -0.3709022 0.0075765 0.8496147
1740548168.678792 -8.4949646 5.7578316 18.8765945 -0.3775691 -0.3738476 0.0092651 0.8471091
1740548168.793631 -8.5182009 5.7714262 18.8848991 -0.3791935 -0.3779659 0.0125860 0.8445092
1740548168.889846 -8.5473385 5.7990866 18.8964272 -0.3805644 -0.3825750 0.0160981 0.8417529
1740548168.996631 -8.5812283 5.8246040 18.9139366 -0.3821121 -0.3879396 0.0177725 0.8385567
1740548169.094963 -8.6234150 5.8634448 18.9273300 -0.3820058 -0.3931474 0.0202314 0.8361204
1740548169.192457 -8.6512909 5.8890429 18.9422665 -0.3840025 -0.3988175 0.0221293 0.8324645
1740548169.296232 -8.6864758 5.9132919 18.9612179 -0.3856551 -0.4033864 0.0228965 0.8294729
1740548169.397532 -8.7072201 5.9338131 18.9713402 -0.3865329 -0.4087982 0.0246841 0.8263577
1740548169.497751 -8.7405128 5.9627986 18.9808178 -0.3866024 -0.4124608 0.0263372 0.8244519
1740548169.595588 -8.7595129 5.9774370 18.9925976 -0.3892719 -0.4181376 0.0270739 0.8203021
1740548169.692142 -8.7983704 6.0127168 19.0035934 -0.3905028 -0.4224541 0.0296001 0.8174130
1740548169.795736 -8.8482780 6.0458732 19.0345879 -0.3909363 -0.4256101 0.0312778 0.8155038
1740548169.892466 -8.8882837 6.0638337 19.0579605 -0.3931658 -0.4302556 0.0318969 0.8119627
1740548169.993221 -8.9379883 6.0975084 19.0694275 -0.3941136 -0.4343607 0.0335283 0.8092473
1740548170.088619 -8.9587107 6.1059818 19.0812588 -0.3957681 -0.4389319 0.0351278 0.8058985
1740548170.186601 -8.9748335 6.1314850 19.0872440 -0.3955588 -0.4403547 0.0381651 0.8050866
1740548170.288126 -9.0213127 6.1663294 19.1101494 -0.3967631 -0.4445120 0.0392070 0.8021540
1740548170.385971 -9.0369215 6.1707382 19.1234665 -0.4007209 -0.4501370 0.0389295 0.7970471
1740548170.494961 -9.0769978 6.1990395 19.1393089 -0.4015197 -0.4544526 0.0412080 0.7940760
1740548170.590475 -9.1075640 6.2144823 19.1534576 -0.4044203 -0.4588588 0.0428430 0.7899730
1740548170.687455 -9.1686087 6.2395058 19.1653442 -0.4063262 -0.4616151 0.0443297 0.7873026
1740548170.790389 -9.2232618 6.2664337 19.1780739 -0.4080994 -0.4643752 0.0457235 0.7846783
1740548170.887139 -9.2457724 6.2791762 19.1975403 -0.4104376 -0.4686824 0.0466890 0.7808315
1740548171.000530 -9.2729073 6.2887526 19.2002335 -0.4119613 -0.4716903 0.0470819 0.7781898
1740548171.097988 -9.3090973 6.3008490 19.2026939 -0.4143893 -0.4736341 0.0479942 0.7756603
1740548171.191500 -9.3336468 6.3036790 19.2017994 -0.4159169 -0.4736419 0.0485448 0.7748031
1740548171.297753 -9.3380003 6.3083706 19.2029438 -0.4170654 -0.4774037 0.0517937 0.7716603
1740548171.392672 -9.3784161 6.3398509 19.2179489 -0.4171473 -0.4809318 0.0515247 0.7694400
1740548171.499409 -9.4064674 6.3448486 19.2033539 -0.4184203 -0.4811406 0.0537829 0.7684631
1740548171.597522 -9.4403257 6.3617325 19.2047920 -0.4183676 -0.4844828 0.0537541 0.7663913
1740548171.697010 -9.4835920 6.3804188 19.2059898 -0.4204341 -0.4848621 0.0529525 0.7650751
1740548171.798069 -9.5036211 6.3928394 19.2026825 -0.4204504 -0.4876159 0.0537207 0.7632603
1740548171.896960 -9.5073404 6.3990297 19.2002296 -0.4207233 -0.4895259 0.0572613 0.7616281
1740548172.005592 -9.5281630 6.4139090 19.2047615 -0.4223777 -0.4926163 0.0563192 0.7587849
1740548172.107443 -9.5673409 6.4459572 19.2241440 -0.4237690 -0.4958652 0.0576126 0.7557898
1740548172.207038 -9.6025658 6.4557233 19.2318668 -0.4270429 -0.4984847 0.0558173 0.7523508
1740548172.314355 -9.6129684 6.4595566 19.2334614 -0.4276986 -0.5004312 0.0558348 0.7506830
1740548172.413116 -9.6325369 6.4723754 19.2426338 -0.4296952 -0.5046529 0.0570168 0.7466168
1740548172.514470 -9.6459332 6.4993010 19.2535744 -0.4281603 -0.5094477 0.0574847 0.7442024
1740548172.614811 -9.6702499 6.5221558 19.2645473 -0.4290512 -0.5132407 0.0573820 0.7410846
1740548172.714027 -9.6766224 6.5274687 19.2796326 -0.4327132 -0.5177197 0.0574276 0.7358177
1740548172.819854 -9.6968365 6.5405254 19.2863598 -0.4354158 -0.5195305 0.0559023 0.7330593
1740548172.920129 -9.7298717 6.5657191 19.2997665 -0.4378688 -0.5208637 0.0566386 0.7305915
1740548173.032996 -9.7247410 6.5690823 19.2990761 -0.4376871 -0.5217958 0.0588044 0.7298638
1740548173.129370 -9.7563019 6.5834074 19.2992630 -0.4402998 -0.5228401 0.0579490 0.7276100
1740548173.227164 -9.7942209 6.5986834 19.2927074 -0.4431589 -0.5216976 0.0558987 0.7268544
1740548173.330566 -9.8112612 6.6082821 19.2890606 -0.4479008 -0.5199699 0.0562167 0.7251592
1740548173.427623 -9.8282089 6.6168919 19.2853622 -0.4492209 -0.5185946 0.0546574 0.7254466
1740548173.530347 -9.8458109 6.6249256 19.2845554 -0.4503979 -0.5179492 0.0562879 0.7250531
1740548173.628513 -9.8844318 6.6402678 19.2888775 -0.4527858 -0.5171068 0.0543782 0.7243125
1740548173.722866 -9.9418030 6.6644797 19.2763100 -0.4553415 -0.5161564 0.0541489 0.7234049
1740548173.824345 -9.9750099 6.6864591 19.2720852 -0.4556947 -0.5160130 0.0536356 0.7233230
1740548173.921919 -9.9933014 6.7013569 19.2773476 -0.4569482 -0.5159740 0.0541435 0.7225218
1740548174.030024 -10.0228806 6.7431555 19.2602806 -0.4556121 -0.5168987 0.0554128 0.7226083
1740548174.128199 -10.0727739 6.7466784 19.2759686 -0.4583276 -0.5161331 0.0527430 0.7216375
1740548174.222544 -10.0924292 6.7712040 19.2650280 -0.4580043 -0.5153894 0.0521241 0.7224187
1740548174.322782 -10.1468792 6.8060584 19.2667923 -0.4591305 -0.5149959 0.0510050 0.7220644
1740548174.420399 -10.1975021 6.8514290 19.2653275 -0.4606369 -0.5144608 0.0506909 0.7215083
1740548174.522972 -10.2461758 6.8865848 19.2677116 -0.4609730 -0.5146965 0.0506527 0.7211281
1740548174.622666 -10.2598200 6.8972840 19.2676239 -0.4625785 -0.5134507 0.0495854 0.7210623
1740548174.719335 -10.2831068 6.9103107 19.2727966 -0.4635715 -0.5144777 0.0482363 0.7197829
1740548174.819832 -10.3222389 6.9231820 19.2719707 -0.4647052 -0.5141277 0.0471368 0.7193746
1740548174.915494 -10.3782997 6.9677649 19.2622604 -0.4646061 -0.5135576 0.0470318 0.7198527
1740548175.017787 -10.4330406 6.9919815 19.2434864 -0.4659213 -0.5118906 0.0456052 0.7202815
1740548175.118657 -10.4468727 7.0021954 19.2418938 -0.4667220 -0.5114484 0.0439336 0.7201812
1740548175.215083 -10.4438934 6.9958377 19.2390690 -0.4680118 -0.5091675 0.0432108 0.7210037
1740548175.315912 -10.4597950 6.9989147 19.2327347 -0.4708435 -0.5050910 0.0395922 0.7222340
1740548175.411533 -10.4870720 7.0233197 19.2433357 -0.4718394 -0.5058253 0.0399051 0.7210519
1740548175.510775 -10.5401421 7.0618072 19.2467308 -0.4736601 -0.5044535 0.0381347 0.7209152
1740548175.606838 -10.5959158 7.1039515 19.2528362 -0.4752559 -0.5027027 0.0368150 0.7211564
1740548175.706256 -10.6486664 7.1463094 19.2541561 -0.4761478 -0.5009047 0.0352070 0.7218990
1740548175.810249 -10.7007046 7.1894755 19.2569485 -0.4769155 -0.4995695 0.0340883 0.7223710
1740548175.908370 -10.7406464 7.2205410 19.2684002 -0.4782365 -0.4981711 0.0326990 0.7225277
1740548176.013634 -10.7985249 7.2500324 19.2684975 -0.4793257 -0.4957393 0.0301511 0.7235886
1740548176.116295 -10.8476810 7.2833538 19.2713623 -0.4813115 -0.4938176 0.0286114 0.7236469
1740548176.213737 -10.8864365 7.3253026 19.2562637 -0.4809052 -0.4913123 0.0276879 0.7256555
1740548176.339167 -10.9205303 7.3551559 19.2584915 -0.4806578 -0.4905429 0.0273908 0.7263507
1740548176.439847 -10.9688234 7.3756509 19.2625771 -0.4835075 -0.4878287 0.0239893 0.7264077
1740548176.547990 -11.0129805 7.4164567 19.2481155 -0.4855720 -0.4843149 0.0232657 0.7274047
1740548176.646779 -11.0494852 7.4528866 19.2388611 -0.4873281 -0.4822063 0.0224622 0.7276564
1740548176.746346 -11.0882015 7.4792509 19.2420998 -0.4882320 -0.4810846 0.0212148 0.7278304
1740548176.852998 -11.1330776 7.5017166 19.2457523 -0.4908729 -0.4786336 0.0172793 0.7277741
1740548176.953297 -11.1934996 7.5402403 19.2452812 -0.4925606 -0.4767595 0.0155127 0.7279038
1740548177.059308 -11.2316036 7.5793023 19.2273674 -0.4933359 -0.4743674 0.0157863 0.7289349
1740548177.162560 -11.2360468 7.5865211 19.2358818 -0.4948790 -0.4747447 0.0124215 0.7277074
1740548177.271326 -11.2273111 7.5841656 19.2357292 -0.4969206 -0.4727895 0.0125692 0.7275865
1740548177.367561 -11.2317133 7.5865517 19.2304840 -0.4959452 -0.4729408 0.0093891 0.7282013
1740548177.466746 -11.2301397 7.5913472 19.2307320 -0.4965306 -0.4730581 0.0093172 0.7277270
1740548177.570580 -11.2228374 7.5751710 19.2308540 -0.4991784 -0.4716652 0.0071926 0.7268432
1740548177.669869 -11.2193604 7.5773640 19.2344475 -0.5002856 -0.4720341 0.0053422 0.7258578
1740548177.773895 -11.2476254 7.6170950 19.2280731 -0.5020525 -0.4713459 0.0068388 0.7250721
1740548177.875473 -11.2721252 7.6353645 19.2259026 -0.5030131 -0.4722884 0.0037182 0.7238147
1740548177.978981 -11.2690487 7.6305022 19.2244720 -0.5046833 -0.4713964 0.0020343 0.7232400
1740548178.087221 -11.2680664 7.6280532 19.2244377 -0.5071821 -0.4709873 0.0000957 0.7217599
1740548178.187095 -11.2733974 7.6328616 19.2224808 -0.5119501 -0.4681572 0.0043105 0.7202204
1740548178.291184 -11.2627754 7.6376095 19.2171631 -0.5108002 -0.4695816 0.0050494 0.7201047
1740548178.393287 -11.2940636 7.6589518 19.2051849 -0.5097271 -0.4717654 0.0024055 0.7194512
1740548178.492223 -11.3213177 7.6806483 19.2049618 -0.5132287 -0.4720337 0.0014490 0.7167833
1740548178.599427 -11.3393698 7.7001700 19.1977577 -0.5144302 -0.4725196 0.0001283 0.7156023
1740548178.699243 -11.3248081 7.6878123 19.2017422 -0.5159566 -0.4741043 -0.0008131 0.7134516
1740548178.807204 -11.3307610 7.6882701 19.2019844 -0.5166385 -0.4764791 -0.0032312 0.7113662
1740548178.907040 -11.3189754 7.6733198 19.2046967 -0.5174091 -0.4784153 -0.0056817 0.7094887
1740548179.006968 -11.3225679 7.6798501 19.2006683 -0.5186240 -0.4802128 -0.0053345 0.7073870
1740548179.114271 -11.3454647 7.6982212 19.1929359 -0.5185537 -0.4821748 -0.0085108 0.7060716
1740548179.214951 -11.3586378 7.7048059 19.1920013 -0.5201944 -0.4835747 -0.0106727 0.7038746
1740548179.316834 -11.3413458 7.6943483 19.1925278 -0.5239894 -0.4820434 -0.0086130 0.7021361
1740548179.414538 -11.3374500 7.6836691 19.1967735 -0.5271966 -0.4823740 -0.0116156 0.6994599
1740548179.510848 -11.3311462 7.6764183 19.2012825 -0.5323159 -0.4813218 -0.0109674 0.6963109
1740548179.613929 -11.3272591 7.6747999 19.1958694 -0.5316108 -0.4820850 -0.0100074 0.6963360
1740548179.707884 -11.3316002 7.6722074 19.1986618 -0.5333501 -0.4822317 -0.0149990 0.6948131
1740548179.811829 -11.3445415 7.6744170 19.1963806 -0.5363765 -0.4809432 -0.0168375 0.6933328
1740548179.905878 -11.3620443 7.6831565 19.1941414 -0.5373420 -0.4795645 -0.0187754 0.6934905
1740548180.001659 -11.3747292 7.6859512 19.1949635 -0.5396217 -0.4795285 -0.0218409 0.6916531
1740548180.104865 -11.3900909 7.6936226 19.1975098 -0.5414618 -0.4797745 -0.0235953 0.6899847
1740548180.203589 -11.3707209 7.6862440 19.1961632 -0.5433747 -0.4791791 -0.0225544 0.6889286
1740548180.309750 -11.3985977 7.7081461 19.1864700 -0.5441165 -0.4774897 -0.0245527 0.6894476
1740548180.410053 -11.4058514 7.7138319 19.1759930 -0.5445156 -0.4752697 -0.0269157 0.6905774
1740548180.513818 -11.4288206 7.7299891 19.1639137 -0.5443183 -0.4730884 -0.0284867 0.6921659
1740548180.616135 -11.4708204 7.7532892 19.1488495 -0.5450009 -0.4712016 -0.0313156 0.6927932
1740548180.715041 -11.4919348 7.7831268 19.1357727 -0.5436130 -0.4710775 -0.0317997 0.6939450
1740548180.821246 -11.5311298 7.8066492 19.1241512 -0.5444400 -0.4688752 -0.0345010 0.6946588
1740548180.921331 -11.5676651 7.8391924 19.1124229 -0.5453190 -0.4680467 -0.0364470 0.6944286
1740548181.035027 -11.6034651 7.8636580 19.0989761 -0.5455378 -0.4657217 -0.0389597 0.6956824
1740548181.132666 -11.6344900 7.8817444 19.0891685 -0.5452806 -0.4640653 -0.0411748 0.6968625
1740548181.234102 -11.6643057 7.9124689 19.0757332 -0.5439444 -0.4635650 -0.0426505 0.6981497
1740548181.339979 -11.6952848 7.9455304 19.0657616 -0.5430874 -0.4634948 -0.0419520 0.6989054
1740548181.440198 -11.7346411 7.9756880 19.0585861 -0.5440307 -0.4629953 -0.0437096 0.6983949
1740548181.548652 -11.7571278 7.9978118 19.0510445 -0.5430132 -0.4636332 -0.0455491 0.6986459
1740548181.649026 -11.7894402 8.0276489 19.0447502 -0.5423275 -0.4636255 -0.0471433 0.6990778
1740548181.750589 -11.8325539 8.0600090 19.0378799 -0.5422961 -0.4640670 -0.0495127 0.6986454
1740548181.856881 -11.8468542 8.0768108 19.0344963 -0.5428258 -0.4643776 -0.0496396 0.6980183
1740548181.953504 -11.8737497 8.1082287 19.0335007 -0.5437694 -0.4662640 -0.0489332 0.6960735
1740548182.059658 -11.9086962 8.1315842 19.0221443 -0.5420622 -0.4663562 -0.0499219 0.6972721
1740548182.156155 -11.9631615 8.1697884 19.0209923 -0.5432569 -0.4663493 -0.0512710 0.6962482
1740548182.251940 -12.0157928 8.2147312 19.0137825 -0.5430902 -0.4676776 -0.0523840 0.6954039
1740548182.352136 -12.0605850 8.2518692 19.0085754 -0.5431128 -0.4683425 -0.0524544 0.6949333
1740548182.449955 -12.1097012 8.2908688 19.0015297 -0.5432019 -0.4695829 -0.0526279 0.6940130
1740548182.552329 -12.1585817 8.3305855 18.9956360 -0.5439140 -0.4708988 -0.0530104 0.6925330
1740548182.651670 -12.2141848 8.3682871 18.9900970 -0.5443003 -0.4723146 -0.0509975 0.6914155
1740548182.745465 -12.2589607 8.4053555 18.9860649 -0.5457635 -0.4740142 -0.0509132 0.6891013
1740548182.849608 -12.3014174 8.4432955 18.9824448 -0.5461699 -0.4753022 -0.0480879 0.6880943
1740548182.946681 -12.3509178 8.4821653 18.9780235 -0.5471030 -0.4765912 -0.0469742 0.6865366
1740548183.050700 -12.4077578 8.5290594 18.9680977 -0.5473576 -0.4778912 -0.0463443 0.6854720
1740548183.150577 -12.4594612 8.5688391 18.9632034 -0.5476493 -0.4785827 -0.0456395 0.6848035
1740548183.247745 -12.5189543 8.6116714 18.9562721 -0.5476729 -0.4797323 -0.0455494 0.6839858
1740548183.348479 -12.5680599 8.6485147 18.9562569 -0.5482566 -0.4808852 -0.0439320 0.6828133
1740548183.446026 -12.6078768 8.6894598 18.9518318 -0.5486744 -0.4828343 -0.0419496 0.6812252
1740548183.551696 -12.6467934 8.7256708 18.9463692 -0.5476735 -0.4830585 -0.0414967 0.6818991
1740548183.651384 -12.6699219 8.7664661 18.9432144 -0.5470299 -0.4842350 -0.0390137 0.6817277
1740548183.748536 -12.6989288 8.8046093 18.9364243 -0.5459438 -0.4857673 -0.0359924 0.6816745
1740548183.853260 -12.7481699 8.8517895 18.9339142 -0.5457657 -0.4864012 -0.0358738 0.6813712
1740548183.952075 -12.7752419 8.9126835 18.9459152 -0.5447695 -0.4876416 -0.0340040 0.6813778
1740548184.061630 -12.8238449 8.9564152 18.9467049 -0.5448067 -0.4876951 -0.0334565 0.6813368
1740548184.162781 -12.8781099 8.9949226 18.9391785 -0.5436925 -0.4878813 -0.0346117 0.6820354
1740548184.267797 -12.9087000 9.0256357 18.9413872 -0.5433863 -0.4880325 -0.0337647 0.6822137
1740548184.368435 -12.9062157 9.0341091 18.9375038 -0.5423783 -0.4885207 -0.0324863 0.6827283
1740548184.467199 -12.9162273 9.0370283 18.9365978 -0.5423295 -0.4879597 -0.0315811 0.6832106
1740548184.572166 -12.9244328 9.0442829 18.9364605 -0.5422912 -0.4872401 -0.0312347 0.6837702
1740548184.672224 -12.9221115 9.0471935 18.9372139 -0.5409688 -0.4873902 -0.0317671 0.6846856
1740548184.785486 -12.9288864 9.0545578 18.9349556 -0.5388274 -0.4873058 -0.0318407 0.6864287
1740548184.882759 -12.9327745 9.0630293 18.9315720 -0.5370467 -0.4865228 -0.0305490 0.6884353
1740548184.984509 -12.9445276 9.0664673 18.9327698 -0.5371603 -0.4859132 -0.0330053 0.6886638
1740548185.093038 -12.9592037 9.0688686 18.9268932 -0.5362942 -0.4833645 -0.0341138 0.6910742
1740548185.196515 -12.9648495 9.0770664 18.9240932 -0.5336652 -0.4826957 -0.0344233 0.6935570
1740548185.308848 -12.9664278 9.0818024 18.9168510 -0.5309610 -0.4816402 -0.0352131 0.6963212
1740548185.412253 -12.9773254 9.0904007 18.9152908 -0.5299936 -0.4798173 -0.0350534 0.6983219
1740548185.515361 -12.9887247 9.0977097 18.9107094 -0.5280895 -0.4777602 -0.0354367 0.7011498
1740548185.620109 -12.9921227 9.1053524 18.9277954 -0.5295399 -0.4789416 -0.0341046 0.6993135
1740548185.716304 -12.9955559 9.1158943 18.9322701 -0.5276380 -0.4795223 -0.0348554 0.7003154
1740548185.819522 -13.0042505 9.1210556 18.9198189 -0.5249047 -0.4764381 -0.0347824 0.7044658
1740548185.917130 -13.0082798 9.1205997 18.9213161 -0.5238447 -0.4753481 -0.0366976 0.7058925
1740548186.019919 -13.0142660 9.1208162 18.9220963 -0.5246376 -0.4728168 -0.0350835 0.7070847
1740548186.218747 -13.0259275 9.1299219 18.9275093 -0.5222473 -0.4710928 -0.0350642 0.7100000
1740548186.325411 -13.0383472 9.1501045 18.9403572 -0.5222102 -0.4733852 -0.0328408 0.7086075
1740548186.425192 -13.0371103 9.1748238 18.9439583 -0.5173019 -0.4757708 -0.0291701 0.7107673
1740548186.536424 -13.0344992 9.1733971 18.9301529 -0.5136955 -0.4739540 -0.0297164 0.7145638
1740548186.734787 -13.0455132 9.1776600 18.9271355 -0.5117514 -0.4717050 -0.0301780 0.7174219
1740548186.834853 -13.0491743 9.1779671 18.9317131 -0.5133845 -0.4716262 -0.0295223 0.7163334
1740548186.934573 -13.0515661 9.1808882 18.9343452 -0.5138485 -0.4715764 -0.0296259 0.7160290
1740548187.041945 -13.0588770 9.1805639 18.9342270 -0.5145653 -0.4698975 -0.0314601 0.7165397
1740548187.135850 -13.0606871 9.1823540 18.9328575 -0.5126284 -0.4679717 -0.0302763 0.7192342
1740548187.235875 -13.0663338 9.1890411 18.9382935 -0.5109503 -0.4700342 -0.0281210 0.7191710
1740548187.355466 -13.0712833 9.1895618 18.9414940 -0.5110703 -0.4692692 -0.0314064 0.7194493
1740548187.456151 -13.0673189 9.1878014 18.9412842 -0.5088567 -0.4692365 -0.0329754 0.7209678
1740548187.564190 -13.0699596 9.1900101 18.9434509 -0.5091677 -0.4690640 -0.0325234 0.7208811
1740548187.664824 -13.0768576 9.2033119 18.9476051 -0.5080800 -0.4693395 -0.0303702 0.7215627
1740548187.764054 -13.0827942 9.2136078 18.9528542 -0.5065581 -0.4716051 -0.0293549 0.7211975
1740548187.867076 -13.1003323 9.2164440 18.9475784 -0.5076286 -0.4673557 -0.0315600 0.7231154
1740548187.967749 -13.1140537 9.2204142 18.9431534 -0.5047691 -0.4646267 -0.0331778 0.7267939
1740548188.073812 -13.1317911 9.2262487 18.9360180 -0.5020797 -0.4607163 -0.0357426 0.7310122
1740548188.173328 -13.1514549 9.2298717 18.9322548 -0.5009847 -0.4581870 -0.0393755 0.7331634
1740548188.274494 -13.1773815 9.2391739 18.9239120 -0.4982723 -0.4554286 -0.0417289 0.7365923
1740548188.378699 -13.1922283 9.2441339 18.9222698 -0.4974631 -0.4520195 -0.0445906 0.7390674
1740548188.476371 -13.2205200 9.2508125 18.9125881 -0.4997666 -0.4465005 -0.0456281 0.7408028
1740548188.582064 -13.2567711 9.2605915 18.9059906 -0.4970076 -0.4430659 -0.0484474 0.7445326
1740548188.677653 -13.2910595 9.2692871 18.9001522 -0.4977476 -0.4394431 -0.0507464 0.7460307
1740548188.782977 -13.3345070 9.2869110 18.8984756 -0.4992228 -0.4364724 -0.0523046 0.7466811
1740548188.884843 -13.3897057 9.3144569 18.8914375 -0.4980039 -0.4345474 -0.0539247 0.7485005
1740548188.980768 -13.4461927 9.3498907 18.8910637 -0.4959876 -0.4328955 -0.0545546 0.7507473
1740548189.086058 -13.5052299 9.3918238 18.8888969 -0.4944319 -0.4316914 -0.0548754 0.7524416
1740548189.184577 -13.5338383 9.4623718 18.9088783 -0.4919674 -0.4328904 -0.0528413 0.7535129
1740548189.391953 -13.6201525 9.5723133 18.9361038 -0.4887004 -0.4328504 -0.0506521 0.7558087
1740548189.490785 -13.6562977 9.6301384 18.9551926 -0.4867792 -0.4334205 -0.0494020 0.7568039
1740548189.807203 -13.7961197 9.7826796 18.9774857 -0.4804851 -0.4321963 -0.0458488 0.7617338
1740548190.005479 -13.8844929 9.8976450 19.0052776 -0.4750253 -0.4336562 -0.0431072 0.7644835
1740548190.210180 -13.9730062 10.0063438 19.0339050 -0.4693702 -0.4347780 -0.0393520 0.7675357
1740548190.419022 -14.0651989 10.1106148 19.0611343 -0.4630589 -0.4356261 -0.0347313 0.7711031
1740548190.620978 -14.1599779 10.2155466 19.1061554 -0.4565522 -0.4378223 -0.0298932 0.7739367
1740548190.931965 -14.3069248 10.3637772 19.1540852 -0.4449499 -0.4408343 -0.0220120 0.7792305
1740548191.236677 -14.4654007 10.5061016 19.2084351 -0.4343388 -0.4457224 -0.0132015 0.7826283
1740548191.555917 -14.6167870 10.6489849 19.2672920 -0.4235829 -0.4513683 -0.0036391 0.7853858
1740548191.863964 -14.7850933 10.7694483 19.3172302 -0.4140936 -0.4572142 0.0045024 0.7870587
1740548192.070174 -14.8951998 10.8578987 19.3546371 -0.4085611 -0.4621522 0.0105506 0.7870082
1740548192.169969 -14.9532385 10.8948040 19.3684692 -0.4062474 -0.4644465 0.0133806 0.7868122
1740548192.368706 -15.0723515 10.9708452 19.4038448 -0.4023907 -0.4696867 0.0183364 0.7855825
1740548192.576307 -15.1822815 11.0586634 19.4390526 -0.3990627 -0.4759980 0.0233599 0.7833449
1740548192.677184 -15.2348957 11.0946083 19.4633007 -0.3983819 -0.4790039 0.0251070 0.7818035
1740548192.885807 -15.3502388 11.1722317 19.4915409 -0.3972785 -0.4859195 0.0286494 0.7779661
1740548193.000249 -15.4057798 11.2136574 19.5055389 -0.3969959 -0.4899399 0.0309023 0.7754986
1740548193.204217 -15.5266085 11.2808542 19.5309353 -0.3978192 -0.4986808 0.0346667 0.7693215
1740548193.310701 -15.5900383 11.3133278 19.5432701 -0.3985023 -0.5035022 0.0357409 0.7657702
1740548193.513357 -15.6979446 11.4031630 19.5715542 -0.4004971 -0.5143279 0.0400058 0.7572771
1740548193.620107 -15.7587042 11.4417782 19.5908146 -0.4021914 -0.5207759 0.0413502 0.7518809
1740548193.819521 -15.8712606 11.5338793 19.6145935 -0.4058874 -0.5337593 0.0451656 0.7404840
1740548193.919751 -15.9256124 11.5790339 19.6276493 -0.4080309 -0.5405633 0.0466020 0.7342550
1740548194.123971 -16.0457573 11.6392727 19.6085682 -0.4128823 -0.5538990 0.0511124 0.7211877
1740548194.224847 -16.1049156 11.6716394 19.5931873 -0.4153569 -0.5610744 0.0534496 0.7140149
1740548194.336409 -16.1724548 11.6952591 19.5760269 -0.4181015 -0.5687183 0.0542237 0.7062651
1740548194.536343 -16.2984390 11.7521534 19.5282383 -0.4237450 -0.5833922 0.0568374 0.6905528
1740548194.651981 -16.3593731 11.7762413 19.5053062 -0.4267003 -0.5902896 0.0573068 0.6827891
1740548194.753675 -16.4154205 11.8100376 19.4811001 -0.4294654 -0.5969697 0.0584370 0.6751087
1740548194.872171 -16.4731674 11.8461714 19.4542084 -0.4324662 -0.6033850 0.0597327 0.6673317
1740548194.970279 -16.5334225 11.8758945 19.4374523 -0.4355551 -0.6098055 0.0598168 0.6594325
1740548195.076138 -16.5947876 11.9157982 19.4228363 -0.4388444 -0.6159576 0.0607632 0.6513983
1740548195.180357 -16.6545067 11.9477463 19.4045544 -0.4415214 -0.6217108 0.0612870 0.6440330
1740548195.284035 -16.7161140 11.9822607 19.3873386 -0.4438452 -0.6273249 0.0616419 0.6369185
1740548195.394363 -16.7746353 12.0152187 19.3707886 -0.4463700 -0.6321456 0.0619040 0.6303282
1740548195.503507 -16.8383732 12.0462246 19.3567810 -0.4494236 -0.6369951 0.0615662 0.6232699
1740548195.619600 -16.8909702 12.0819931 19.3278122 -0.4511284 -0.6409937 0.0626898 0.6178027
1740548195.721472 -16.9422970 12.1169348 19.3037434 -0.4530264 -0.6457367 0.0628685 0.6114236
1740548195.831712 -17.0029507 12.1535053 19.2787457 -0.4556047 -0.6493846 0.0624875 0.6056561
1740548195.936494 -17.0626335 12.1861515 19.2533474 -0.4580065 -0.6531694 0.0620818 0.5997880
1740548196.037362 -17.1169662 12.2186041 19.2197819 -0.4593529 -0.6564395 0.0621116 0.5951673
1740548196.148152 -17.1777763 12.2512045 19.1989269 -0.4615538 -0.6599358 0.0619157 0.5895925
1740548196.252040 -17.2377205 12.2856627 19.1739178 -0.4635505 -0.6632901 0.0618819 0.5842413
1740548196.371774 -17.2955742 12.3177633 19.1453171 -0.4650857 -0.6664388 0.0624433 0.5793577
1740548196.587780 -17.4131355 12.3775158 19.0919781 -0.4682945 -0.6729186 0.0623105 0.5692084
1740548196.790773 -17.5312710 12.4381351 19.0308647 -0.4708861 -0.6791775 0.0632071 0.5594543
1740548196.902931 -17.5889015 12.4686737 19.0012684 -0.4721766 -0.6822149 0.0639805 0.5545617
1740548197.125109 -17.7038898 12.5322819 18.9386940 -0.4739701 -0.6887100 0.0658159 0.5447009
1740548197.345340 -17.8118687 12.5922480 18.8721085 -0.4754036 -0.6949217 0.0685761 0.5351378
1740548197.568681 -17.9251785 12.6429396 18.8029289 -0.4762566 -0.7012608 0.0718062 0.5256014
1740548197.772720 -18.0225067 12.7002821 18.7330437 -0.4765199 -0.7075084 0.0762166 0.5162866
1740548197.983593 -18.1218281 12.7360945 18.6493053 -0.4756574 -0.7137451 0.0806371 0.5077555
1740548198.315841 -18.2953396 12.7688608 18.5234737 -0.4755318 -0.7212735 0.0861729 0.4961937
1740548198.518525 -18.3941059 12.8048716 18.4510841 -0.4743690 -0.7264417 0.0911605 0.4888214
1740548198.728631 -18.5234814 12.8825417 18.3597069 -0.4703954 -0.7313803 0.1024232 0.4830325
1740548198.945300 -18.6371002 12.9122133 18.2727737 -0.4669322 -0.7354930 0.1110935 0.4782077
1740548199.254381 -18.8204212 12.9490604 18.1567249 -0.4616400 -0.7403184 0.1224608 0.4730967
1740548199.885417 -19.1794758 13.0211067 17.9295425 -0.4486043 -0.7448965 0.1483878 0.4710249
1740548200.407426 -19.4849625 13.0904865 17.7637558 -0.4363669 -0.7454289 0.1691713 0.4746587
1740548201.040167 -19.8718262 13.1045475 17.5801926 -0.4199255 -0.7416003 0.1954158 0.4852878
1740548201.573268 -20.2008610 13.1234150 17.4147072 -0.4074320 -0.7337762 0.2130580 0.5001779
1740548202.091343 -20.5422611 13.1296749 17.2977295 -0.3974230 -0.7222960 0.2271411 0.5184114
1740548202.500103 -20.8250370 13.1613922 17.2258434 -0.3924023 -0.7115938 0.2324766 0.5344243
1740548202.911116 -21.1011200 13.1915379 17.1566219 -0.3887238 -0.6978788 0.2355611 0.5535070
1740548203.437626 -21.4462700 13.2504406 17.0746670 -0.3864135 -0.6792312 0.2365186 0.5773980
1740548203.876265 -21.7251816 13.3119011 17.0523243 -0.3842251 -0.6635693 0.2365192 0.5967457
1740548204.281951 -22.0073509 13.3646622 17.0229855 -0.3814117 -0.6479297 0.2361581 0.6155823
1740548204.591720 -22.2181416 13.4011040 17.0106411 -0.3791283 -0.6370281 0.2376478 0.6276786
1740548205.000816 -22.5037251 13.4447689 17.0129242 -0.3747466 -0.6231797 0.2398946 0.6431661
1740548205.415091 -22.7821026 13.5258484 17.0102177 -0.3687608 -0.6104227 0.2440323 0.6571514
1740548205.728174 -22.9914913 13.5638914 17.0207176 -0.3638055 -0.6014292 0.2472836 0.6669178
1740548206.033690 -23.2099552 13.5864592 17.0361958 -0.3598651 -0.5931618 0.2492548 0.6756687
1740548206.343946 -23.4203720 13.6282139 17.0609112 -0.3564942 -0.5847505 0.2515361 0.6838920
1740548206.657559 -23.6357231 13.6211138 17.0973892 -0.3541453 -0.5757036 0.2521134 0.6925210
1740548206.961513 -23.8423634 13.6861076 17.1149254 -0.3533084 -0.5662405 0.2511639 0.7010432
1740548207.270422 -24.0452538 13.7590694 17.1396427 -0.3542977 -0.5573919 0.2494332 0.7082164
1740548207.487029 -24.1812935 13.8036919 17.1666870 -0.3545751 -0.5528635 0.2477365 0.7122114
1740548207.695531 -24.3194466 13.8384438 17.1940937 -0.3547707 -0.5483165 0.2465583 0.7160277
1740548207.908052 -24.4558697 13.8752499 17.2219887 -0.3551031 -0.5449037 0.2458560 0.7187049
1740548208.215643 -24.6591072 13.9481888 17.2650547 -0.3539187 -0.5433036 0.2465051 0.7202764
1740548208.536620 -24.8647499 14.0097656 17.3188152 -0.3509884 -0.5466370 0.2491729 0.7182674
1740548208.961893 -25.1416473 14.0626287 17.3876514 -0.3451812 -0.5589275 0.2567442 0.7088953
1740548209.275675 -25.3517704 14.1230907 17.4258156 -0.3382457 -0.5758336 0.2659955 0.6951633
1740548209.711004 -25.6412678 14.1253643 17.4219189 -0.3275070 -0.6060582 0.2786707 0.6691601
1740548210.144459 -25.9307289 14.1081848 17.3777199 -0.3146821 -0.6418495 0.2938847 0.6345363
1740548210.587173 -26.2131004 14.0577383 17.3215771 -0.2993200 -0.6776013 0.3090209 0.5964647
1740548210.998516 -26.4845924 13.9756813 17.2420502 -0.2831215 -0.7097427 0.3230107 0.5583653
1740548211.325193 -26.6901093 13.9191360 17.1856155 -0.2720825 -0.7300600 0.3317558 0.5319037
1740548211.648415 -26.8986225 13.8649168 17.1309853 -0.2621333 -0.7466731 0.3393536 0.5085317
1740548211.974313 -27.0876026 13.7956219 17.0574932 -0.2528383 -0.7607983 0.3454937 0.4877425
1740548212.289282 -27.2582645 13.6899776 16.9705200 -0.2443368 -0.7713161 0.3515337 0.4709513
1740548212.607863 -27.4356079 13.5969400 16.8842163 -0.2368714 -0.7801454 0.3567303 0.4560796
1740548212.911058 -27.6191845 13.5236950 16.7971535 -0.2306274 -0.7865242 0.3618449 0.4441384
1740548213.215744 -27.8134251 13.4748888 16.7134151 -0.2244270 -0.7908943 0.3677256 0.4346223
1740548213.519241 -27.9923611 13.3822250 16.6302834 -0.2170426 -0.7928798 0.3758789 0.4277257
1740548213.839544 -28.1538486 13.2581348 16.5551014 -0.2102941 -0.7929919 0.3845814 0.4231282
1740548214.147436 -28.3278046 13.1386948 16.4874935 -0.2042993 -0.7915465 0.3932537 0.4207939
1740548214.458633 -28.5015182 13.0216064 16.4321613 -0.2000070 -0.7887223 0.4005549 0.4212721
1740548214.764083 -28.6790524 12.9085808 16.3696575 -0.1980078 -0.7859679 0.4049532 0.4231550
1740548215.074001 -28.8609276 12.8001986 16.3210659 -0.1982084 -0.7831519 0.4065621 0.4267245
1740548215.387043 -29.0494709 12.7016792 16.2695656 -0.2015775 -0.7820175 0.4031667 0.4304321
1740548215.692016 -29.2329311 12.6118984 16.1963387 -0.2072534 -0.7816389 0.3964003 0.4346878
1740548216.012656 -29.4265614 12.5407791 16.1307049 -0.2143990 -0.7831245 0.3872646 0.4367782
1740548216.321427 -29.6158733 12.4704914 16.0540009 -0.2223910 -0.7857466 0.3758709 0.4380246
1740548216.526106 -29.7428951 12.4180717 16.0017605 -0.2275099 -0.7885228 0.3674915 0.4375168
1740548216.738379 -29.8617344 12.3640957 15.9493370 -0.2325813 -0.7914698 0.3593878 0.4362589
1740548216.941827 -29.9884930 12.3198700 15.8981171 -0.2371214 -0.7940518 0.3515439 0.4355136
1740548217.147687 -30.1072330 12.2754593 15.8331051 -0.2414692 -0.7966334 0.3442032 0.4342718
1740548217.359062 -30.2253952 12.2241659 15.7691402 -0.2460260 -0.7997142 0.3360149 0.4324609
1740548217.558427 -30.3429451 12.1734858 15.7017498 -0.2502846 -0.8028063 0.3279980 0.4304380
1740548217.765873 -30.4700222 12.1461782 15.6436958 -0.2544570 -0.8052765 0.3203655 0.4291240
1740548217.982639 -30.5866280 12.1128197 15.5652084 -0.2585692 -0.8069625 0.3129215 0.4289915
1740548218.192530 -30.6984119 12.0742283 15.4884300 -0.2624970 -0.8081166 0.3066915 0.4289327
1740548218.501750 -30.8842697 12.0415220 15.3901329 -0.2689647 -0.8080598 0.2970955 0.4317773
1740548218.711679 -31.0050392 12.0063725 15.3214550 -0.2725315 -0.8071191 0.2917126 0.4349589
1740548218.918083 -31.1229496 11.9748344 15.2496071 -0.2759488 -0.8051190 0.2871748 0.4395069
1740548219.344404 -31.3809090 11.9331608 15.1361046 -0.2816914 -0.7987436 0.2814463 0.4510505
1740548219.545696 -31.5091267 11.9207220 15.0721684 -0.2840718 -0.7939747 0.2792153 0.4592889
1740548219.877267 -31.7013721 11.8942862 14.9851284 -0.2866386 -0.7855711 0.2777304 0.4728449
1740548220.091249 -31.8330917 11.8653316 14.9378872 -0.2878529 -0.7792420 0.2771387 0.4828217
1740548220.417851 -32.0322266 11.8365793 14.8710823 -0.2892149 -0.7684079 0.2778325 0.4987114
1740548220.628222 -32.1691704 11.8154154 14.8410416 -0.2903035 -0.7603175 0.2781404 0.5101756
1740548220.934276 -32.3757668 11.8042278 14.7867355 -0.2909981 -0.7479280 0.2788896 0.5273939
1740548221.141386 -32.5160980 11.8007650 14.7578278 -0.2917405 -0.7385179 0.2795946 0.5397274
1740548221.444124 -32.7255135 11.7836876 14.7319336 -0.2929411 -0.7250088 0.2791724 0.5573244
1740548221.649097 -32.8674660 11.7790699 14.7147217 -0.2941900 -0.7158875 0.2786200 0.5686195
1740548221.862843 -33.0095024 11.7814112 14.7006264 -0.2953317 -0.7068622 0.2783453 0.5793522
1740548222.065191 -33.1497536 11.7885685 14.6799812 -0.2961253 -0.6977242 0.2776723 0.5902447
1740548222.269660 -33.2910957 11.7891874 14.6763878 -0.2970923 -0.6899040 0.2774067 0.5990109
1740548222.476882 -33.4317589 11.7930183 14.6684456 -0.2985162 -0.6822788 0.2756087 0.6078022
1740548222.683589 -33.5744095 11.7993565 14.6640663 -0.3001448 -0.6753211 0.2738205 0.6155298
1740548222.895854 -33.7121658 11.7824860 14.6636734 -0.3033266 -0.6692065 0.2708516 0.6219285
1740548223.098507 -33.8512917 11.7728615 14.6666985 -0.3070949 -0.6640052 0.2668414 0.6273639
1740548223.308606 -33.9944153 11.7655649 14.6727066 -0.3127778 -0.6589622 0.2605023 0.6325167
1740548223.515314 -34.1356812 11.7733774 14.6746635 -0.3189199 -0.6550016 0.2534357 0.6364224
1740548223.723630 -34.2748375 11.7847347 14.6755180 -0.3264546 -0.6500871 0.2447862 0.6410101
1740548223.933571 -34.4146080 11.8024464 14.6750984 -0.3364812 -0.6463791 0.2338730 0.6436443
1740548224.250734 -34.6098328 11.8620157 14.6606979 -0.3516651 -0.6410022 0.2157396 0.6472281
1740548224.460638 -34.7393036 11.9015284 14.6469193 -0.3632112 -0.6378091 0.2024423 0.6483010
1740548224.679840 -34.8715210 11.9430141 14.6369057 -0.3752490 -0.6347393 0.1880728 0.6487857
1740548224.883651 -35.0030785 11.9853163 14.6188507 -0.3874890 -0.6315117 0.1738073 0.6487189
1740548225.091083 -35.1273575 12.0226727 14.6184082 -0.3996116 -0.6298615 0.1591704 0.6467224
1740548225.306955 -35.2569504 12.0799294 14.5994492 -0.4101263 -0.6270633 0.1463646 0.6458835
1740548225.510290 -35.3891716 12.1113529 14.6389847 -0.4225858 -0.6298971 0.1258741 0.6393799
1740548225.728357 -35.5129814 12.1735353 14.6105919 -0.4315035 -0.6270609 0.1165095 0.6379851
1740548225.935390 -35.6227264 12.2419233 14.5860519 -0.4386955 -0.6251976 0.1067964 0.6366073
1740548226.156208 -35.7345200 12.3186951 14.5579643 -0.4453543 -0.6241148 0.1000860 0.6341317
1740548226.370920 -35.8535385 12.3701563 14.5562859 -0.4525570 -0.6243516 0.0893179 0.6303964
1740548226.573793 -35.9617386 12.4354820 14.5510178 -0.4581380 -0.6252413 0.0829160 0.6263449
1740548226.788806 -36.0706825 12.4680233 14.5167961 -0.4607947 -0.6227193 0.0734412 0.6280886
1740548227.001773 -36.1966248 12.5013103 14.5044708 -0.4660031 -0.6208628 0.0641369 0.6271021
1740548227.110746 -36.2408142 12.5545521 14.4994621 -0.4660237 -0.6231222 0.0640483 0.6248508
1740548227.213697 -36.3107033 12.5794563 14.4985619 -0.4689235 -0.6234587 0.0599693 0.6227469
1740548227.314656 -36.3376846 12.6193495 14.4739685 -0.4668324 -0.6225787 0.0618008 0.6250151
1740548227.425373 -36.3773270 12.6793184 14.4748878 -0.4663391 -0.6249821 0.0650800 0.6226474
1740548227.526123 -36.4161797 12.7228479 14.4639664 -0.4658401 -0.6248696 0.0670930 0.6229202
1740548227.642616 -36.4564934 12.7664032 14.4220047 -0.4631189 -0.6229863 0.0687521 0.6266435
1740548227.952463 -36.6472092 12.8583431 14.3771935 -0.4684796 -0.6207837 0.0629437 0.6254538
1740548228.166743 -36.7503738 12.9307642 14.3338699 -0.4660771 -0.6199827 0.0623646 0.6280957
1740548228.381336 -36.8780365 12.9920044 14.3184166 -0.4694171 -0.6185367 0.0604652 0.6272193
1740548228.582494 -36.9903297 13.0597563 14.2821732 -0.4682330 -0.6177617 0.0589702 0.6290079
1740548228.791685 -37.1100349 13.1259460 14.2666855 -0.4676864 -0.6175115 0.0577657 0.6297715
