1740547825.606620 0.0000000 0.0000000 0.0000000 -0.0000000 -0.0000000 -0.0000000 1.0000000
1740547826.504468 -0.0013099 0.0024585 0.0285880 -0.0007661 -0.0020221 -0.0000791 0.9999977
1740547826.668672 0.0041741 -0.0019676 0.0777672 -0.0018098 -0.0069130 -0.0008531 0.9999741
1740547826.789244 0.0115222 -0.0001406 0.1255998 -0.0031595 -0.0133675 -0.0008423 0.9999053
1740547826.890055 0.0191653 -0.0003738 0.1709223 -0.0050910 -0.0220116 -0.0007953 0.9997445
1740547826.995250 0.0177285 -0.0026408 0.2161211 -0.0075082 -0.0320940 -0.0012332 0.9994559
1740547827.096391 0.0020209 0.0032030 0.2539895 -0.0100856 -0.0430485 -0.0007291 0.9990218
1740547827.198802 -0.0107280 0.0001733 0.2903195 -0.0130285 -0.0566938 -0.0007231 0.9983063
1740547827.306810 -0.0328263 0.0132152 0.3279319 -0.0157669 -0.0708021 -0.0007446 0.9973655
1740547827.407826 -0.0567111 0.0113069 0.3641384 -0.0194351 -0.0864520 -0.0019736 0.9960645
1740547827.508610 -0.0660739 0.0249830 0.3940611 -0.0221266 -0.1038461 -0.0015001 0.9943461
1740547827.606169 -0.0899083 0.0096471 0.4266320 -0.0266463 -0.1211609 -0.0009885 0.9922747
1740547827.715587 -0.1148207 0.0266985 0.4679851 -0.0296804 -0.1385619 -0.0010383 0.9899084
1740547827.815382 -0.1354120 0.0317817 0.5024594 -0.0328918 -0.1570535 -0.0007718 0.9870420
1740547827.913329 -0.1513949 0.0284792 0.5368181 -0.0369896 -0.1748997 -0.0009657 0.9838907
1740547828.015570 -0.1847867 0.0443805 0.5722271 -0.0394398 -0.1920268 -0.0009537 0.9805964
1740547828.112706 -0.2057685 0.0484471 0.6027380 -0.0416122 -0.2093785 -0.0006259 0.9769487
1740547828.220495 -0.2153224 0.0684513 0.6386420 -0.0429133 -0.2269050 -0.0002722 0.9729710
1740547828.319247 -0.2327002 0.0640880 0.6775586 -0.0450761 -0.2430607 0.0006854 0.9689629
1740547828.417876 -0.2611010 0.0696163 0.7102851 -0.0467950 -0.2571249 0.0008864 0.9652442
1740547828.523608 -0.2855950 0.0800987 0.7453338 -0.0473560 -0.2709895 0.0017829 0.9614151
1740547828.621318 -0.3154892 0.0888809 0.7782089 -0.0479176 -0.2832997 0.0022304 0.9578310
1740547828.724355 -0.3398441 0.0922665 0.8151209 -0.0482509 -0.2951930 0.0029966 0.9542139
1740547828.827042 -0.3597023 0.0930531 0.8523301 -0.0486134 -0.3064410 0.0037015 0.9506403
1740547828.928403 -0.3814296 0.1130253 0.8862590 -0.0475366 -0.3162774 0.0048714 0.9474625
1740547829.041802 -0.4188853 0.1096481 0.9164197 -0.0480711 -0.3243738 0.0046350 0.9446954
1740547829.146408 -0.4482652 0.1149025 0.9511629 -0.0478988 -0.3322746 0.0051857 0.9419514
1740547829.258789 -0.4781161 0.1116315 0.9925418 -0.0483516 -0.3393823 0.0057864 0.9393872
1740547829.357271 -0.5050170 0.1233436 1.0295572 -0.0478494 -0.3457431 0.0065087 0.9370858
1740547829.460928 -0.5370132 0.1284619 1.0598569 -0.0475632 -0.3514346 0.0064469 0.9349812
1740547829.564482 -0.5641789 0.1310321 1.0967464 -0.0476004 -0.3564995 0.0068568 0.9330570
1740547829.663149 -0.5908550 0.1378678 1.1290851 -0.0478737 -0.3611132 0.0074672 0.9312624
1740547829.768788 -0.6245826 0.1410178 1.1648123 -0.0479560 -0.3652585 0.0074142 0.9296405
1740547829.875377 -0.6513289 0.1493454 1.2029808 -0.0478895 -0.3691600 0.0077623 0.9280987
1740547829.982518 -0.6952311 0.1550463 1.2303331 -0.0485396 -0.3717188 0.0076427 0.9270440
1740547830.089872 -0.7197336 0.1654392 1.2628925 -0.0488550 -0.3750718 0.0075285 0.9256769
1740547830.196228 -0.7471782 0.1858957 1.2995090 -0.0488848 -0.3781174 0.0076080 0.9244348
1740547830.308290 -0.7755601 0.2012449 1.3359840 -0.0495940 -0.3808411 0.0076996 0.9232774
1740547830.413881 -0.8016065 0.2161347 1.3661357 -0.0500563 -0.3835767 0.0076745 0.9221195
1740547830.526376 -0.8313072 0.2332269 1.3964059 -0.0510189 -0.3858465 0.0074965 0.9211207
1740547830.631253 -0.8587229 0.2506782 1.4329518 -0.0516353 -0.3876617 0.0074435 0.9203243
1740547830.742780 -0.9016106 0.2697033 1.4693348 -0.0518668 -0.3896088 0.0067138 0.9194943
1740547830.847594 -0.9447538 0.2608682 1.4909419 -0.0540900 -0.3905382 0.0061724 0.9189755
1740547830.948684 -0.9698073 0.2747290 1.5364701 -0.0552884 -0.3925851 0.0059058 0.9180334
1740547831.056263 -0.9922373 0.2888218 1.5736587 -0.0562028 -0.3943690 0.0057959 0.9172136
1740547831.156623 -1.0140162 0.3006244 1.5857254 -0.0559222 -0.3952317 0.0055951 0.9168606
1740547831.261563 -1.0453198 0.3064158 1.6125939 -0.0569055 -0.3961801 0.0051527 0.9163932
1740547831.365353 -1.0773919 0.3054921 1.6337067 -0.0587812 -0.3970048 0.0045132 0.9159212
1740547831.475824 -1.0987755 0.3204684 1.6628041 -0.0587812 -0.3978762 0.0042673 0.9155442
1740547831.582445 -1.1314677 0.3383985 1.7026939 -0.0593662 -0.3989187 0.0045601 0.9150513
1740547831.689221 -1.1584675 0.3491394 1.7353373 -0.0600464 -0.3999702 0.0045635 0.9145477
1740547831.798640 -1.1914409 0.3556757 1.7632513 -0.0604395 -0.4007906 0.0041576 0.9141645
1740547831.904891 -1.2258066 0.3679612 1.7909834 -0.0610208 -0.4006968 0.0037600 0.9141687
1740547832.014512 -1.2464576 0.3825638 1.8241553 -0.0610991 -0.4021001 0.0042743 0.9135448
1740547832.122702 -1.2671344 0.3956859 1.8632257 -0.0614909 -0.4035540 0.0041783 0.9128777
1740547832.230678 -1.2992542 0.4033972 1.8809888 -0.0612155 -0.4038466 0.0040027 0.9127676
1740547832.341880 -1.3301033 0.4183792 1.8950542 -0.0602043 -0.4040203 0.0033333 0.9127606
1740547832.444281 -1.3491390 0.4226247 1.9192226 -0.0607560 -0.4049802 0.0041513 0.9122952
1740547832.553452 -1.3738898 0.4358688 1.9451034 -0.0610483 -0.4051703 0.0042253 0.9121909
1740547832.659127 -1.3887061 0.4457909 1.9583162 -0.0594093 -0.4043485 0.0058596 0.9126546
1740547832.769321 -1.4128124 0.4635244 1.9946680 -0.0598762 -0.4047783 0.0058437 0.9124337
1740547832.876192 -1.4334053 0.4799534 2.0245337 -0.0587214 -0.4050153 0.0065832 0.9123985
1740547832.977758 -1.4521811 0.4946111 2.0509684 -0.0577360 -0.4055037 0.0067568 0.9122432
1740547833.076028 -1.4702469 0.5069709 2.0853720 -0.0572788 -0.4060246 0.0077451 0.9120325
1740547833.173548 -1.4896396 0.5219424 2.1148658 -0.0567039 -0.4067033 0.0079139 0.9117645
1740547833.275140 -1.5084932 0.5423241 2.1489670 -0.0554633 -0.4066890 0.0085532 0.9118414
1740547833.372465 -1.5336533 0.5586649 2.1919050 -0.0560415 -0.4068670 0.0094550 0.9117177
1740547833.487374 -1.5503922 0.5710639 2.2205880 -0.0547200 -0.4062209 0.0103578 0.9120762
1740547833.582678 -1.5759945 0.5860453 2.2451718 -0.0539752 -0.4058291 0.0100744 0.9122982
1740547833.680570 -1.5905135 0.5981733 2.2744429 -0.0526262 -0.4063995 0.0104320 0.9121190
1740547833.794889 -1.6274124 0.6194831 2.3048558 -0.0522979 -0.4055994 0.0104602 0.9124936
1740547833.891813 -1.6452192 0.6360331 2.3439860 -0.0514038 -0.4066603 0.0096973 0.9120806
1740547833.992393 -1.6623536 0.6473963 2.3742073 -0.0513596 -0.4070705 0.0113551 0.9118810
1740547834.093864 -1.6721368 0.6565823 2.3898158 -0.0502063 -0.4085492 0.0117287 0.9112789
1740547834.190516 -1.6880029 0.6664963 2.4173939 -0.0497704 -0.4097120 0.0118606 0.9107789
1740547834.296746 -1.7084461 0.6806062 2.4454422 -0.0483063 -0.4093762 0.0123237 0.9110026
1740547834.393775 -1.7338254 0.6963633 2.4737418 -0.0477144 -0.4095342 0.0130863 0.9109522
1740547834.494969 -1.7589661 0.7128860 2.5065534 -0.0474561 -0.4101069 0.0127279 0.9107131
1740547834.592822 -1.7780510 0.7227182 2.5415592 -0.0472759 -0.4108352 0.0143916 0.9103693
1740547834.691297 -1.7966071 0.7313399 2.5695064 -0.0457651 -0.4105622 0.0157902 0.9105465
1740547834.798541 -1.8215505 0.7445814 2.6009731 -0.0446216 -0.4107623 0.0159722 0.9105099
1740547834.899717 -1.8483568 0.7579324 2.6362793 -0.0429937 -0.4113057 0.0164270 0.9103347
1740547835.006666 -1.8705708 0.7671682 2.6709049 -0.0426633 -0.4120291 0.0171449 0.9100099
1740547835.103728 -1.8846397 0.7717106 2.6968186 -0.0420035 -0.4137843 0.0182426 0.9092225
1740547835.203291 -1.9129531 0.7764632 2.7265954 -0.0404785 -0.4129500 0.0186829 0.9096619
1740547835.308426 -1.9471865 0.7947227 2.7576578 -0.0391610 -0.4123448 0.0194464 0.9099780
1740547835.405457 -1.9717541 0.8073969 2.7891941 -0.0360783 -0.4125473 0.0201341 0.9099988
1740547835.509892 -2.0045578 0.8210990 2.8223343 -0.0344022 -0.4124314 0.0217528 0.9100789
1740547835.611902 -2.0339470 0.8253846 2.8516228 -0.0318180 -0.4130005 0.0221602 0.9099050
1740547835.707614 -2.0634906 0.8336842 2.8910704 -0.0298615 -0.4134551 0.0233187 0.9097359
1740547835.809392 -2.0966508 0.8486974 2.9149380 -0.0260567 -0.4129032 0.0246745 0.9100677
1740547835.910881 -2.1375303 0.8497077 2.9425340 -0.0224412 -0.4130830 0.0262031 0.9100397
1740547836.017007 -2.1576252 0.8653002 2.9721861 -0.0174719 -0.4138479 0.0277517 0.9097552
1740547836.114504 -2.1898060 0.8661423 3.0032735 -0.0132835 -0.4143640 0.0289812 0.9095528
1740547836.212376 -2.2199368 0.8637188 3.0320749 -0.0090193 -0.4154369 0.0311097 0.9090452
1740547836.314715 -2.2395587 0.8692320 3.0593882 -0.0047711 -0.4169863 0.0332410 0.9082922
1740547836.412877 -2.2578979 0.8628035 3.0896311 -0.0008594 -0.4191334 0.0352172 0.9072410
1740547836.520238 -2.2871835 0.8459659 3.1265211 0.0022706 -0.4204509 0.0376982 0.9065289
1740547836.621150 -2.3181930 0.8454288 3.1576023 0.0068292 -0.4221485 0.0397165 0.9056305
1740547836.727054 -2.3348737 0.8480159 3.1872268 0.0107106 -0.4246542 0.0404067 0.9043901
1740547836.830554 -2.3503399 0.8408368 3.2141623 0.0146046 -0.4266926 0.0411527 0.9033419
1740547836.935793 -2.3649669 0.8238767 3.2429564 0.0168102 -0.4290525 0.0424679 0.9021241
1740547837.044768 -2.3791587 0.8292283 3.2736025 0.0216383 -0.4319977 0.0443443 0.9005240
1740547837.145133 -2.4042120 0.8400364 3.3066864 0.0258932 -0.4344947 0.0455918 0.8991470
1740547837.248781 -2.4273319 0.8356963 3.3319216 0.0282705 -0.4366823 0.0457868 0.8980050
1740547837.350561 -2.4263773 0.8287333 3.3484797 0.0301351 -0.4400294 0.0475373 0.8962178
1740547837.451360 -2.4415314 0.8169357 3.3705561 0.0321232 -0.4426810 0.0488660 0.8947703
1740547837.560878 -2.4432194 0.8153595 3.3948114 0.0348432 -0.4465711 0.0498844 0.8926767
1740547837.657598 -2.4524069 0.8095715 3.4083078 0.0352412 -0.4480485 0.0496252 0.8919349
1740547837.759426 -2.4545040 0.8126292 3.4159999 0.0385913 -0.4504298 0.0514888 0.8904902
1740547837.858931 -2.4599087 0.8146232 3.4334583 0.0417012 -0.4527617 0.0526463 0.8890986
1740547837.959583 -2.4829171 0.7914185 3.4399493 0.0407747 -0.4532396 0.0518330 0.8889458
1740547838.063038 -2.4824903 0.7927595 3.4415183 0.0423240 -0.4549087 0.0525952 0.8879756
1740547838.160674 -2.4690118 0.7945141 3.4240210 0.0428944 -0.4522255 0.0515548 0.8893786
1740547838.263605 -2.4751611 0.7916504 3.4378309 0.0439186 -0.4534193 0.0527527 0.8886503
1740547838.362964 -2.4874659 0.7852349 3.4571681 0.0454071 -0.4553885 0.0535931 0.8875175
1740547838.460344 -2.5029192 0.7737008 3.4772882 0.0459204 -0.4577800 0.0543747 0.8862123
1740547838.562159 -2.5667152 0.7764231 3.4836655 0.0482391 -0.4561490 0.0561403 0.8868198
1740547838.661879 -2.5956898 0.7894372 3.5181174 0.0498001 -0.4571975 0.0560007 0.8862022
1740547838.765902 -2.6246161 0.8036368 3.5530558 0.0519625 -0.4584241 0.0559391 0.8854480
1740547838.867156 -2.6525984 0.8136081 3.5832415 0.0528830 -0.4598220 0.0558440 0.8846743
1740547838.970630 -2.6721587 0.8206282 3.6067367 0.0541193 -0.4615335 0.0568867 0.8836412
1740547839.085663 -2.6988177 0.8318968 3.6331568 0.0559684 -0.4625841 0.0563895 0.8830083
1740547839.183511 -2.7237945 0.8395569 3.6611223 0.0560701 -0.4631931 0.0551619 0.8827602
1740547839.288216 -2.7596748 0.8143774 3.6588788 0.0549093 -0.4624723 0.0555089 0.8831892
1740547839.388053 -2.8055401 0.7935504 3.6732712 0.0541164 -0.4624137 0.0557972 0.8832507
1740547839.504007 -2.8287170 0.7860836 3.7114987 0.0533211 -0.4639971 0.0553995 0.8824933
1740547839.599781 -2.8476501 0.7642366 3.7154307 0.0517894 -0.4642257 0.0544309 0.8825246
1740547839.699409 -2.8841166 0.7618089 3.7290339 0.0509656 -0.4632575 0.0547888 0.8830590
1740547839.813940 -2.9199328 0.7656240 3.7476311 0.0512663 -0.4633172 0.0548280 0.8830078
1740547839.911302 -2.9438715 0.7801174 3.7831059 0.0520909 -0.4641085 0.0551941 0.8825212
1740547840.013214 -2.9835863 0.7649831 3.7938905 0.0503913 -0.4640931 0.0543045 0.8826830
1740547840.112464 -3.0201554 0.7564967 3.8013990 0.0496313 -0.4635695 0.0542874 0.8830022
1740547840.210873 -3.0479491 0.7592725 3.8209267 0.0501828 -0.4637766 0.0544568 0.8828518
1740547840.318319 -3.0777087 0.7528483 3.8412979 0.0487796 -0.4629215 0.0535078 0.8834372
1740547840.416781 -3.0969748 0.7752337 3.8743930 0.0506717 -0.4634147 0.0547129 0.8829981
1740547840.521651 -3.1379430 0.7701268 3.8831184 0.0510884 -0.4623942 0.0543609 0.8835307
1740547840.622710 -3.1814342 0.7577389 3.8870287 0.0501307 -0.4611555 0.0539487 0.8842579
1740547840.721632 -3.2065215 0.7503245 3.8911779 0.0487827 -0.4602354 0.0542755 0.8847925
1740547840.829340 -3.2232537 0.7290793 3.9126966 0.0476260 -0.4599123 0.0530959 0.8850951
1740547840.929793 -3.2654781 0.7334794 3.9356799 0.0481670 -0.4592214 0.0534046 0.8854060
1740547841.041237 -3.2970278 0.7232908 3.9749496 0.0476699 -0.4591109 0.0532424 0.8854998
1740547841.141846 -3.3303719 0.7322618 3.9990344 0.0486017 -0.4595571 0.0526596 0.8852526
1740547841.245831 -3.3639252 0.7328029 4.0285840 0.0491651 -0.4592529 0.0528266 0.8853694
1740547841.347749 -3.3693690 0.7165844 4.0536079 0.0469785 -0.4603551 0.0521056 0.8849583
1740547841.446979 -3.4123249 0.7033036 4.0668249 0.0464819 -0.4590661 0.0517365 0.8856755
1740547841.552685 -3.4365559 0.6991534 4.0625529 0.0462024 -0.4563842 0.0512248 0.8871047
1740547841.651541 -3.4779110 0.6754333 4.0638232 0.0443370 -0.4552535 0.0505439 0.8878196
1740547841.763174 -3.5195265 0.6836703 4.0739832 0.0450493 -0.4534780 0.0508963 0.8886719
1740547841.859844 -3.5643060 0.6696962 4.0789299 0.0436399 -0.4526648 0.0506931 0.8891684
1740547841.960659 -3.5934868 0.6477524 4.0866594 0.0427258 -0.4516349 0.0488762 0.8898380
1740547842.064769 -3.6164701 0.6461362 4.0914140 0.0412986 -0.4511037 0.0489299 0.8901718
1740547842.163934 -3.6624293 0.6511377 4.0997348 0.0413081 -0.4508355 0.0501184 0.8902411
1740547842.268798 -3.6986561 0.6527098 4.1378803 0.0415291 -0.4519739 0.0497229 0.8896756
1740547842.371502 -3.7374406 0.6476477 4.1648140 0.0417625 -0.4533418 0.0492349 0.8889955
1740547842.474128 -3.7845328 0.6530689 4.1856213 0.0420461 -0.4538459 0.0492753 0.8887227
1740547842.580005 -3.8202388 0.6433904 4.2099972 0.0415971 -0.4555573 0.0489535 0.8878856
1740547842.678706 -3.8622835 0.6315098 4.2312460 0.0412372 -0.4572113 0.0490953 0.8870440
1740547842.783216 -3.8991132 0.6198453 4.2568636 0.0405771 -0.4590299 0.0485718 0.8861635
1740547842.897204 -3.9383118 0.6174930 4.2961841 0.0418018 -0.4608910 0.0483759 0.8851508
1740547843.000900 -3.9797702 0.6155015 4.3234787 0.0425226 -0.4629504 0.0479650 0.8840635
1740547843.111563 -4.0212765 0.6101591 4.3530741 0.0431271 -0.4644438 0.0484190 0.8832257
1740547843.213157 -4.0585561 0.5919625 4.3656855 0.0409894 -0.4661590 0.0478612 0.8824539
1740547843.317690 -4.0995321 0.5889900 4.3774281 0.0424951 -0.4670478 0.0480298 0.8819035
1740547843.418010 -4.1431265 0.5933473 4.3945317 0.0434058 -0.4678267 0.0486673 0.8814112
1740547843.522621 -4.1687450 0.6046524 4.3979011 0.0459232 -0.4675391 0.0504175 0.8813378
1740547843.626256 -4.2086096 0.5959206 4.4039612 0.0460561 -0.4681752 0.0502116 0.8810049
1740547843.725420 -4.2329040 0.5891362 4.4046230 0.0475634 -0.4675660 0.0515218 0.8811727
1740547843.833034 -4.2312427 0.5851096 4.4022608 0.0473823 -0.4668727 0.0512847 0.8815638
1740547843.932601 -4.2484531 0.5792891 4.4014111 0.0470528 -0.4662488 0.0523119 0.8818512
1740547844.038942 -4.2676792 0.5715579 4.4058709 0.0465689 -0.4664552 0.0523944 0.8817629
1740547844.143040 -4.3074183 0.5693972 4.4115419 0.0489335 -0.4651041 0.0532898 0.8822947
1740547844.243140 -4.3366156 0.5617401 4.4220409 0.0507650 -0.4637349 0.0544116 0.8828433
1740547844.350278 -4.3587198 0.5622975 4.4167542 0.0522563 -0.4606347 0.0551750 0.8843306
1740547844.451092 -4.3949585 0.5639611 4.4217691 0.0562513 -0.4582629 0.0572019 0.8851886
1740547844.557403 -4.4171009 0.5695656 4.4249163 0.0592156 -0.4550268 0.0584562 0.8865817
1740547844.658778 -4.4275780 0.5694188 4.4254742 0.0607989 -0.4507021 0.0598041 0.8885914
1740547844.770970 -4.4388609 0.5678755 4.4110813 0.0621035 -0.4458050 0.0609575 0.8908902
1740547844.868658 -4.4551587 0.5628451 4.4104519 0.0639713 -0.4410039 0.0621235 0.8930643
1740547844.969497 -4.4638839 0.5623611 4.4073863 0.0657719 -0.4359723 0.0641802 0.8952559
1740547845.093398 -4.4776583 0.5565290 4.4078021 0.0664169 -0.4315953 0.0643667 0.8973134
1740547845.197223 -4.5052934 0.5684571 4.4083433 0.0688633 -0.4268083 0.0668164 0.8992375
1740547845.307317 -4.5150023 0.5701564 4.3865309 0.0705375 -0.4209760 0.0679251 0.9017704
1740547845.412529 -4.5643744 0.5666826 4.4032602 0.0721024 -0.4180413 0.0690138 0.9029285
1740547845.515500 -4.6114731 0.5595792 4.4185734 0.0732560 -0.4150215 0.0698566 0.9041630
1740547845.626945 -4.6357255 0.5514649 4.4508924 0.0730189 -0.4132323 0.0711861 0.9048977
1740547845.728529 -4.6491156 0.5494716 4.4563951 0.0728643 -0.4085241 0.0722247 0.9069633
1740547845.844350 -4.6895947 0.5450544 4.4705791 0.0732089 -0.4050694 0.0737286 0.9083630
1740547845.946839 -4.7048869 0.5494922 4.4774680 0.0760293 -0.4002690 0.0751554 0.9101407
1740547846.051130 -4.7101440 0.5487874 4.4741659 0.0762634 -0.3945054 0.0758020 0.9125807
1740547846.155964 -4.7217412 0.5528218 4.4781761 0.0764862 -0.3896535 0.0767699 0.9145635
1740547846.258718 -4.7229137 0.5520208 4.4788675 0.0736236 -0.3864824 0.0764683 0.9161678
1740547846.366755 -4.7238259 0.5519771 4.4784889 0.0742271 -0.3809316 0.0769048 0.9184046
1740547846.467361 -4.7302527 0.5516450 4.4781666 0.0737155 -0.3762251 0.0773822 0.9203438
1740547846.574275 -4.7608294 0.5530066 4.4854231 0.0736190 -0.3727491 0.0779509 0.9217169
1740547846.676546 -4.7809434 0.5498610 4.4968028 0.0710036 -0.3699678 0.0780032 0.9230374
1740547846.786228 -4.7955198 0.5574971 4.4942875 0.0718337 -0.3651054 0.0782235 0.9248887
1740547846.889830 -4.8039718 0.5577723 4.4966154 0.0708903 -0.3610508 0.0770895 0.9266468
1740547846.994150 -4.8358073 0.5374601 4.4926667 0.0689453 -0.3570401 0.0764703 0.9283971
1740547847.103366 -4.8411179 0.5378525 4.4887490 0.0692746 -0.3521492 0.0756670 0.9303045
1740547847.208263 -4.8648634 0.5466216 4.4812016 0.0704147 -0.3475837 0.0768479 0.9318379
1740547847.317274 -4.8853831 0.5412470 4.4754457 0.0681264 -0.3439846 0.0766822 0.9333559
1740547847.419900 -4.9083996 0.5321780 4.4730272 0.0669477 -0.3398489 0.0760360 0.9350076
1740547847.526270 -4.9104404 0.5279925 4.4700131 0.0631021 -0.3363501 0.0752344 0.9366037
1740547847.630355 -4.9145641 0.5227928 4.4607472 0.0619289 -0.3316135 0.0734118 0.9385138
1740547847.730838 -4.9476380 0.5057675 4.4601192 0.0587881 -0.3287491 0.0731392 0.9397439
1740547847.847968 -4.9732637 0.4936367 4.4737253 0.0560229 -0.3271788 0.0720620 0.9405438
1740547847.948719 -4.9940634 0.4869056 4.4697366 0.0537381 -0.3241221 0.0711437 0.9418045
1740547848.160017 -4.9851475 0.4708628 4.4502578 0.0436283 -0.3189941 0.0675105 0.9443420
1740547848.261011 -5.0033159 0.4526292 4.4466333 0.0397643 -0.3163090 0.0657037 0.9455424
1740547848.370805 -5.0070906 0.4519154 4.4454379 0.0388699 -0.3154627 0.0647708 0.9459267
1740547848.473064 -5.0114846 0.4489760 4.4429550 0.0361571 -0.3123043 0.0634417 0.9471715
1740547848.581117 -5.0138359 0.4475626 4.4429121 0.0348656 -0.3086549 0.0627683 0.9484602
1740547848.789379 -5.0763798 0.4531204 4.4379439 0.0345193 -0.3015038 0.0626949 0.9507751
1740547848.895074 -5.0832391 0.4450109 4.4340167 0.0306215 -0.2987227 0.0617504 0.9518477
1740547848.995824 -5.0877638 0.4406562 4.4318628 0.0292916 -0.2945877 0.0609737 0.9532273
1740547849.105915 -5.1071701 0.4350046 4.4303789 0.0275081 -0.2910090 0.0605999 0.9544028
1740547849.322609 -5.1474991 0.4193025 4.4294658 0.0241193 -0.2836953 0.0591529 0.9567843
1740547849.428683 -5.1543231 0.4133289 4.4299564 0.0222969 -0.2796773 0.0581069 0.9580746
1740547849.538511 -5.1606226 0.4101078 4.4307003 0.0206306 -0.2762861 0.0577137 0.9591191
1740547849.648754 -5.1662269 0.4104959 4.4344296 0.0202281 -0.2718407 0.0576065 0.9604036
1740547849.748084 -5.1744089 0.4070837 4.4320288 0.0198498 -0.2673653 0.0573871 0.9616801
1740547849.957687 -5.1915617 0.4047294 4.4420071 0.0184488 -0.2585889 0.0570826 0.9641230
1740547850.072595 -5.2011976 0.3987761 4.4492846 0.0181400 -0.2547211 0.0562421 0.9652072
1740547850.181033 -5.2087955 0.4016321 4.4482417 0.0195994 -0.2495530 0.0561728 0.9665319
1740547850.289562 -5.2179270 0.4038837 4.4507918 0.0199530 -0.2450790 0.0560826 0.9676740
1740547850.395862 -5.2201161 0.4033625 4.4508867 0.0202398 -0.2405459 0.0552664 0.9688517
1740547850.500178 -5.2227683 0.4088645 4.4407940 0.0209700 -0.2347573 0.0549443 0.9702734
1740547850.717203 -5.2425275 0.3919938 4.4445510 0.0153795 -0.2295564 0.0542309 0.9716617
1740547850.827850 -5.2531614 0.3875768 4.4372363 0.0148731 -0.2248924 0.0537399 0.9727869
1740547850.930620 -5.2638512 0.3771871 4.4358864 0.0145381 -0.2201720 0.0526948 0.9739283
1740547851.041000 -5.2640800 0.3691378 4.4316630 0.0109076 -0.2187418 0.0523666 0.9743155
1740547851.147666 -5.2671466 0.3691959 4.4286566 0.0108739 -0.2143183 0.0523242 0.9753008
1740547851.252133 -5.2718220 0.3732713 4.4310107 0.0137325 -0.2089898 0.0513321 0.9764731
1740547851.464167 -5.2992191 0.4010372 4.4364991 0.0187724 -0.2038627 0.0508840 0.9774960
1740547851.575101 -5.2981644 0.3998163 4.4339623 0.0171292 -0.2023978 0.0508451 0.9778326
1740547851.684103 -5.3026805 0.3930749 4.4359121 0.0158438 -0.2009093 0.0502544 0.9781917
1740547851.794188 -5.3021998 0.3940462 4.4358711 0.0143763 -0.2001672 0.0506493 0.9783461
1740547851.898148 -5.3036003 0.3942896 4.4361076 0.0166568 -0.1954578 0.0496748 0.9793116
1740547852.001905 -5.3033209 0.3913999 4.4360900 0.0130751 -0.1962484 0.0501258 0.9791849
1740547852.111136 -5.3066549 0.3884970 4.4357972 0.0144142 -0.1925196 0.0493014 0.9799479
1740547852.214084 -5.3058681 0.3870264 4.4344387 0.0133272 -0.1910758 0.0490918 0.9802563
1740547852.430988 -5.3125730 0.3870711 4.4355049 0.0141663 -0.1883214 0.0473610 0.9808626
1740547852.542316 -5.3125863 0.3872472 4.4355478 0.0131731 -0.1874201 0.0479957 0.9810182
1740547852.649187 -5.3138227 0.3864797 4.4370742 0.0128585 -0.1859754 0.0484156 0.9812766
1740547852.753164 -5.3142719 0.3862706 4.4372978 0.0149901 -0.1823076 0.0470106 0.9820027
1740547852.866194 -5.3198881 0.3879035 4.4582095 0.0154465 -0.1824324 0.0464899 0.9819972
1740547852.968488 -5.3165817 0.3831494 4.4649415 0.0118495 -0.1837897 0.0464099 0.9817979
1740547853.082683 -5.3248210 0.3908384 4.4766893 0.0142949 -0.1807681 0.0466422 0.9823152
1740547853.298886 -5.3489380 0.4138488 4.5095339 0.0218194 -0.1775190 0.0484135 0.9826836
1740547853.405212 -5.3581557 0.4105575 4.5348773 0.0224754 -0.1768596 0.0482593 0.9827953
1740547853.511350 -5.3585348 0.4085578 4.5532398 0.0219715 -0.1787382 0.0486738 0.9824463
1740547853.622033 -5.3555999 0.4077660 4.5702081 0.0215983 -0.1818451 0.0481394 0.9819106
1740547853.728630 -5.3518558 0.4086512 4.5812559 0.0208823 -0.1852354 0.0479872 0.9812997
1740547853.949751 -5.3514905 0.4058787 4.6163712 0.0190306 -0.1892519 0.0471443 0.9806116
1740547854.062856 -5.3568091 0.4033265 4.6443052 0.0179367 -0.1904551 0.0472899 0.9803922
1740547854.169266 -5.3648467 0.3983164 4.6762614 0.0171070 -0.1907714 0.0480389 0.9803091
1740547854.292897 -5.3825974 0.3963077 4.7170815 0.0177439 -0.1893388 0.0469131 0.9806300
1740547854.501985 -5.4266839 0.3983670 4.8119822 0.0147176 -0.1875416 0.0459193 0.9810724
1740547854.616664 -5.4438052 0.3989989 4.8524475 0.0136961 -0.1864787 0.0467302 0.9812515
1740547854.719625 -5.4555502 0.3964772 4.8971391 0.0129570 -0.1863944 0.0455848 0.9813314
1740547854.830699 -5.4832182 0.3974341 4.9516969 0.0109963 -0.1856985 0.0449701 0.9815156
1740547855.051143 -5.5169272 0.4040101 5.0573754 0.0070144 -0.1843232 0.0447980 0.9818192
1740547855.157439 -5.5431881 0.4186699 5.1005964 0.0061817 -0.1829690 0.0449502 0.9820711
1740547855.269721 -5.5642877 0.4124359 5.1509271 0.0047581 -0.1821234 0.0445569 0.9822541
1740547855.389229 -5.5895257 0.4093220 5.1963425 0.0037924 -0.1808029 0.0441177 0.9825221
1740547855.495839 -5.5946717 0.4112996 5.2528453 0.0025454 -0.1805102 0.0442698 0.9825730
1740547855.717410 -5.6389561 0.4300947 5.3457294 0.0024796 -0.1773545 0.0439025 0.9831642
1740547855.829132 -5.6521244 0.4292509 5.3962798 0.0021750 -0.1763439 0.0437513 0.9833534
1740547855.933610 -5.6766958 0.4250553 5.4451108 0.0019339 -0.1746040 0.0436430 0.9836692
1740547856.046702 -5.6841288 0.4238464 5.4998088 0.0017252 -0.1736806 0.0436396 0.9838331
1740547856.152579 -5.7035551 0.4230751 5.5482774 0.0020172 -0.1722216 0.0438019 0.9840819
1740547856.371080 -5.7405410 0.4153776 5.6458731 0.0029150 -0.1691100 0.0440841 0.9846064
1740547856.483069 -5.7539015 0.4204593 5.6961169 0.0039105 -0.1675932 0.0444046 0.9848480
1740547856.595192 -5.7698274 0.4248943 5.7449107 0.0049698 -0.1661116 0.0446395 0.9850835
1740547856.700621 -5.7851682 0.4273952 5.7949362 0.0061343 -0.1645263 0.0447530 0.9853379
1740547856.815692 -5.8018541 0.4175900 5.8457031 0.0069948 -0.1626466 0.0450235 0.9856318
1740547856.921932 -5.8192859 0.4070535 5.8947730 0.0080808 -0.1607871 0.0452194 0.9859196
1740547857.044713 -5.8334522 0.4127552 5.9443545 0.0094246 -0.1590690 0.0452239 0.9861861
1740547857.147866 -5.8499432 0.4189939 5.9940982 0.0105424 -0.1570656 0.0451902 0.9864974
1740547857.255299 -5.8598647 0.3867855 6.0435185 0.0099485 -0.1557353 0.0457155 0.9866903
1740547857.372426 -5.8790483 0.3804764 6.0908494 0.0101649 -0.1537920 0.0457137 0.9869929
1740547857.591312 -5.9054894 0.3551968 6.1934791 0.0085914 -0.1510834 0.0456151 0.9874306
1740547857.699084 -5.9112997 0.3593503 6.2458496 0.0080880 -0.1497798 0.0455763 0.9876353
1740547857.808322 -5.9227514 0.3609713 6.2973251 0.0066381 -0.1481213 0.0450726 0.9879193
1740547857.917294 -5.9523873 0.3483305 6.3437629 0.0046956 -0.1457938 0.0450494 0.9882777
1740547858.023443 -5.9552364 0.3515814 6.3962803 0.0022342 -0.1446804 0.0445654 0.9884718
1740547858.139565 -5.9733300 0.3464149 6.4448915 -0.0007301 -0.1427269 0.0442746 0.9887711
1740547858.246167 -5.9939170 0.3552509 6.4915543 -0.0034947 -0.1406504 0.0438754 0.9890805
1740547858.364622 -6.0119996 0.3600134 6.5385194 -0.0069957 -0.1388290 0.0432795 0.9893455
1740547858.469393 -6.0284147 0.3694119 6.5881653 -0.0106553 -0.1369316 0.0427506 0.9896002
1740547858.583242 -6.0377007 0.3757586 6.6419549 -0.0146783 -0.1354088 0.0424223 0.9897724
1740547858.688806 -6.0405869 0.3866316 6.6944280 -0.0185923 -0.1342710 0.0416728 0.9898934
1740547858.804035 -6.0409422 0.3958656 6.7507329 -0.0233454 -0.1329380 0.0416077 0.9899754
1740547858.911127 -6.0591187 0.4102929 6.7979469 -0.0269135 -0.1310334 0.0405554 0.9901825
1740547859.016716 -6.0715985 0.4098366 6.8460612 -0.0310668 -0.1294232 0.0401837 0.9902877
1740547859.124475 -6.0853133 0.4093926 6.8973079 -0.0351304 -0.1279236 0.0393228 0.9903813
1740547859.234203 -6.1010995 0.4093708 6.9482403 -0.0393081 -0.1263595 0.0388112 0.9904453
1740547859.450616 -6.1187129 0.4250850 7.0482812 -0.0466924 -0.1237260 0.0377546 0.9904980
1740547859.558485 -6.1377993 0.4380349 7.0967689 -0.0502016 -0.1220994 0.0370784 0.9905538
1740547859.665174 -6.1420145 0.4392102 7.1517072 -0.0540473 -0.1210734 0.0370986 0.9904765
1740547859.768492 -6.1576657 0.4506093 7.1998615 -0.0569810 -0.1198439 0.0366692 0.9904777
1740547859.875639 -6.1737647 0.4619213 7.2475791 -0.0598606 -0.1186663 0.0358892 0.9904782
1740547859.981841 -6.1852226 0.4685124 7.3000312 -0.0630021 -0.1177469 0.0354113 0.9904103
1740547860.094100 -6.1899347 0.4785643 7.3511419 -0.0653443 -0.1169863 0.0351194 0.9903590
1740547860.200521 -6.2038770 0.4885073 7.3992686 -0.0675587 -0.1161432 0.0347071 0.9903242
1740547860.308558 -6.2161736 0.4896134 7.4503508 -0.0700290 -0.1155738 0.0344874 0.9902269
1740547860.415423 -6.2383275 0.4946357 7.4995236 -0.0722519 -0.1142966 0.0344352 0.9902172
1740547860.624528 -6.2598896 0.5102633 7.6003342 -0.0758312 -0.1135525 0.0338442 0.9900556
1740547860.736015 -6.2617269 0.5206203 7.6515179 -0.0773306 -0.1137863 0.0335947 0.9899213
1740547860.952460 -6.2902207 0.5301816 7.7535067 -0.0804932 -0.1130318 0.0333828 0.9897627
1740547861.165417 -6.3100138 0.5537200 7.8503828 -0.0828595 -0.1134923 0.0331882 0.9895213
1740547861.382404 -6.3314071 0.5849563 7.9490895 -0.0844244 -0.1146311 0.0330213 0.9892633
1740547861.593863 -6.3527169 0.6080434 8.0467978 -0.0856617 -0.1162549 0.0331330 0.9889637
1740547861.808134 -6.3845758 0.6273896 8.1453514 -0.0865560 -0.1186044 0.0332280 0.9886035
1740547862.018990 -6.4035263 0.6374451 8.2511091 -0.0878948 -0.1220552 0.0334042 0.9880593
1740547862.342478 -6.4434147 0.6582999 8.4020758 -0.0893181 -0.1281945 0.0336580 0.9871452
1740547862.449587 -6.4583158 0.6659407 8.4524031 -0.0900233 -0.1303125 0.0339895 0.9867924
1740547862.765849 -6.5173159 0.6848630 8.5960016 -0.0931268 -0.1364772 0.0341248 0.9856657
1740547862.976356 -6.5556288 0.7016888 8.6930790 -0.0961425 -0.1403691 0.0338578 0.9848385
1740547863.193328 -6.5816293 0.7150478 8.7923975 -0.1009199 -0.1442635 0.0331403 0.9838216
1740547863.416912 -6.6257482 0.7295021 8.8860626 -0.1064886 -0.1464999 0.0328768 0.9829125
1740547863.520908 -6.6447468 0.7457846 8.9312763 -0.1096541 -0.1472693 0.0322625 0.9824698
1740547863.733363 -6.6723361 0.7710389 9.0320396 -0.1171863 -0.1486955 0.0313380 0.9814148
1740547863.841657 -6.6913552 0.7851009 9.0800533 -0.1215731 -0.1488840 0.0306852 0.9808730
1740547864.057617 -6.7193031 0.8114501 9.1777096 -0.1310948 -0.1493501 0.0292551 0.9796187
1740547864.164149 -6.7233829 0.8371492 9.2259693 -0.1353209 -0.1495647 0.0286524 0.9790290
1740547864.372098 -6.7615666 0.8693010 9.3192692 -0.1451640 -0.1489527 0.0269644 0.9777594
1740547864.588486 -6.7910271 0.9120760 9.4113598 -0.1542309 -0.1487366 0.0253019 0.9764477
1740547864.692742 -6.8015871 0.9344282 9.4585209 -0.1585256 -0.1488768 0.0249264 0.9757479
1740547864.804619 -6.8094378 0.9590491 9.5061617 -0.1625673 -0.1492963 0.0243005 0.9750344
1740547865.016198 -6.8345265 1.0043161 9.5994225 -0.1700898 -0.1506236 0.0233311 0.9735695
1740547865.122022 -6.8513608 1.0253775 9.6416149 -0.1730415 -0.1515217 0.0229447 0.9729190
1740547865.334800 -6.8751421 1.0682458 9.7320089 -0.1781501 -0.1549518 0.0228009 0.9714590
1740547865.440734 -6.8936048 1.0870920 9.7780294 -0.1803476 -0.1569934 0.0229392 0.9707222
1740547865.557600 -6.9016523 1.1063851 9.8271875 -0.1824240 -0.1596925 0.0231138 0.9698895
1740547865.657255 -6.9211302 1.1329242 9.8701286 -0.1836717 -0.1624688 0.0234387 0.9691849
1740547865.760410 -6.9318876 1.1491673 9.9208326 -0.1849429 -0.1662256 0.0238792 0.9682949
1740547865.870129 -6.9455833 1.1596010 9.9683561 -0.1864014 -0.1698071 0.0243186 0.9673824
1740547865.971394 -6.9742994 1.1676298 10.0119667 -0.1872524 -0.1733084 0.0247428 0.9665861
1740547866.088061 -7.0055923 1.1773996 10.0523739 -0.1879146 -0.1768793 0.0252518 0.9657972
1740547866.187248 -7.0233374 1.1886331 10.0892878 -0.1886967 -0.1805051 0.0259237 0.9649557
1740547866.290463 -7.0624175 1.2026943 10.1205692 -0.1891823 -0.1839038 0.0263696 0.9642065
1740547866.399094 -7.0798593 1.2186365 10.1692495 -0.1900858 -0.1884918 0.0275451 0.9631093
1740547866.502029 -7.0938449 1.2317557 10.2108240 -0.1911029 -0.1929341 0.0273206 0.9620342
1740547866.620394 -7.1152744 1.2500719 10.2523766 -0.1922538 -0.1973049 0.0280538 0.9608966
1740547866.719350 -7.1483135 1.2755830 10.2877302 -0.1932730 -0.2013046 0.0286778 0.9598435
1740547866.824704 -7.1953020 1.3047798 10.3104239 -0.1941348 -0.2041611 0.0295786 0.9590387
1740547866.928689 -7.2130136 1.3275948 10.3539190 -0.1956966 -0.2083915 0.0301030 0.9577942
1740547867.032587 -7.2311368 1.3428863 10.3975801 -0.1978632 -0.2122265 0.0297508 0.9565171
1740547867.141543 -7.2458792 1.3559397 10.4458389 -0.1997996 -0.2164512 0.0299917 0.9551594
1740547867.243983 -7.2852759 1.3829443 10.4676418 -0.2015704 -0.2184300 0.0302672 0.9543279
1740547867.352530 -7.3182182 1.4090054 10.4901094 -0.2030777 -0.2202655 0.0307406 0.9535710
1740547867.457426 -7.3459187 1.4356449 10.5185442 -0.2050740 -0.2222567 0.0310254 0.9526721
1740547867.565944 -7.3692479 1.4535916 10.5509462 -0.2074467 -0.2242720 0.0308360 0.9516917
1740547867.669939 -7.3901734 1.4773458 10.6055355 -0.2103641 -0.2278485 0.0304239 0.9502138
1740547867.768160 -7.4169502 1.4966515 10.6346321 -0.2129895 -0.2289061 0.0303572 0.9493766
1740547867.874044 -7.4511552 1.5093896 10.6576767 -0.2152836 -0.2293357 0.0300275 0.9487658
1740547867.974489 -7.4800425 1.5266501 10.6898432 -0.2182657 -0.2303339 0.0296789 0.9478531
1740547868.085714 -7.4992666 1.5483242 10.7332687 -0.2213371 -0.2320825 0.0295745 0.9467170
1740547868.289380 -7.5542936 1.5892416 10.8049812 -0.2290133 -0.2338409 0.0286880 0.9444831
1740547868.402535 -7.5824909 1.6062967 10.8452015 -0.2334794 -0.2348623 0.0273792 0.9431741
1740547868.506012 -7.5990343 1.6138077 10.8811121 -0.2374774 -0.2357082 0.0260229 0.9420027
1740547868.624866 -7.6285067 1.6463571 10.9183655 -0.2420317 -0.2368249 0.0254849 0.9405770
1740547868.729676 -7.6650510 1.6635530 10.9552298 -0.2472329 -0.2381248 0.0235928 0.9389440
1740547868.843457 -7.6758060 1.6883188 11.0028048 -0.2524340 -0.2401121 0.0228065 0.9370716
1740547869.064866 -7.7373681 1.7504524 11.0500755 -0.2627946 -0.2411673 0.0203875 0.9340031
1740547869.169426 -7.7576246 1.7919499 11.0732098 -0.2677934 -0.2420373 0.0200985 0.9323630
1740547869.273808 -7.7658195 1.8332715 11.1084194 -0.2730797 -0.2440087 0.0198789 0.9303182
1740547869.383443 -7.7979364 1.8638728 11.1303358 -0.2789886 -0.2444750 0.0185751 0.9284677
1740547869.488631 -7.8300672 1.8827417 11.1697340 -0.2852283 -0.2460364 0.0162772 0.9261997
1740547869.599370 -7.8402638 1.9287649 11.2115078 -0.2909265 -0.2484165 0.0159509 0.9237946
1740547869.702605 -7.8653164 1.9576159 11.2322531 -0.2958846 -0.2489608 0.0147882 0.9220912
1740547869.815902 -7.8952675 1.9866474 11.2565126 -0.3013674 -0.2494453 0.0134669 0.9202029
1740547869.919600 -7.9203467 2.0158086 11.2904015 -0.3065309 -0.2508350 0.0122532 0.9181342
1740547870.024171 -7.9435053 2.0528390 11.3148842 -0.3112384 -0.2518243 0.0116066 0.9162862
1740547870.135739 -7.9783382 2.0856462 11.3348732 -0.3150276 -0.2523270 0.0104471 0.9148659
1740547870.238235 -7.9958572 2.1193025 11.3731966 -0.3197607 -0.2539381 0.0100660 0.9127799
1740547870.345274 -8.0210571 2.1496518 11.4077168 -0.3235298 -0.2551346 0.0095416 0.9111223
1740547870.449276 -8.0494308 2.1731997 11.4421787 -0.3274742 -0.2560868 0.0081193 0.9094582
1740547870.554922 -8.0751781 2.2111070 11.4686356 -0.3310642 -0.2569876 0.0078895 0.9079052
1740547870.657556 -8.0988846 2.2431800 11.4942932 -0.3341230 -0.2576129 0.0070722 0.9066132
1740547870.760334 -8.1338272 2.2747746 11.5229950 -0.3373644 -0.2586081 0.0065395 0.9051322
1740547870.877808 -8.1556759 2.3090146 11.5535545 -0.3399791 -0.2596566 0.0056380 0.9038588
1740547870.980633 -8.1760511 2.3448067 11.5894012 -0.3430415 -0.2608854 0.0057379 0.9023461
1740547871.091772 -8.1979151 2.3861990 11.6203680 -0.3451705 -0.2621269 0.0057663 0.9011735
1740547871.195569 -8.2205181 2.4092093 11.6626129 -0.3483585 -0.2631685 0.0051747 0.8996454
1740547871.301976 -8.2456980 2.4345393 11.7028503 -0.3513179 -0.2642521 0.0049525 0.8981771
1740547871.408908 -8.2722664 2.4609244 11.7394714 -0.3540207 -0.2652510 0.0045782 0.8968223
1740547871.516190 -8.2974453 2.4887376 11.7744656 -0.3565142 -0.2664089 0.0037946 0.8954940
1740547871.633459 -8.3215513 2.5234058 11.8049278 -0.3597789 -0.2674826 0.0034292 0.8938682
1740547871.840817 -8.3755865 2.5944459 11.8569603 -0.3664189 -0.2697805 0.0023422 0.8904775
1740547871.944677 -8.4007893 2.6348882 11.8823051 -0.3703318 -0.2713824 0.0017586 0.8883709
1740547872.047317 -8.4292822 2.6696198 11.9100838 -0.3747950 -0.2727483 0.0010085 0.8860791
1740547872.156811 -8.4439688 2.7124448 11.9427481 -0.3791118 -0.2751107 0.0006139 0.8835089
1740547872.258832 -8.4796829 2.7472744 11.9612141 -0.3834903 -0.2759988 -0.0002269 0.8813398
1740547872.371341 -8.5015955 2.7852945 11.9923229 -0.3883977 -0.2781804 -0.0008000 0.8785000
1740547872.473262 -8.5291796 2.8202574 12.0187702 -0.3935141 -0.2800437 -0.0019305 0.8756247
1740547872.578275 -8.5544643 2.8585432 12.0458927 -0.3987328 -0.2820564 -0.0024926 0.8726112
1740547872.684642 -8.5820379 2.8952591 12.0696630 -0.4043331 -0.2839706 -0.0033889 0.8694044
1740547872.785697 -8.6086283 2.9314284 12.0986509 -0.4103091 -0.2864470 -0.0045329 0.8657795
1740547872.891665 -8.6277542 2.9746552 12.1214409 -0.4156422 -0.2886204 -0.0048184 0.8625061
1740547872.994032 -8.6597881 3.0105305 12.1460152 -0.4217959 -0.2909674 -0.0061494 0.8587132
1740547873.104814 -8.6873541 3.0529261 12.1611843 -0.4273901 -0.2929570 -0.0068542 0.8552584
1740547873.311795 -8.7363567 3.1346765 12.1990786 -0.4394177 -0.2979659 -0.0087841 0.8473790
1740547873.418865 -8.7589025 3.1849711 12.2118969 -0.4447507 -0.3003120 -0.0090770 0.8437577
1740547873.519840 -8.7884321 3.2224035 12.2287979 -0.4505211 -0.3025698 -0.0100843 0.8398694
1740547873.637300 -8.8148136 3.2641668 12.2454910 -0.4563019 -0.3053218 -0.0105264 0.8357370
1740547873.739744 -8.8466549 3.3053186 12.2567654 -0.4612691 -0.3073270 -0.0113091 0.8322578
1740547873.955259 -8.8970652 3.3928657 12.2876148 -0.4718859 -0.3122110 -0.0123275 0.8244369
1740547874.171508 -8.9484577 3.4774275 12.3160381 -0.4813277 -0.3165560 -0.0136904 0.8172690
1740547874.389683 -9.0025768 3.5640931 12.3444281 -0.4909633 -0.3209937 -0.0147452 0.8097535
1740547874.605586 -9.0573959 3.6528659 12.3632164 -0.4989392 -0.3244650 -0.0156346 0.8034536
1740547874.819380 -9.1119719 3.7355974 12.3882942 -0.5075071 -0.3279248 -0.0169271 0.7966275
1740547875.024638 -9.1721458 3.8213727 12.4101076 -0.5157486 -0.3307223 -0.0184476 0.7901176
1740547875.250773 -9.2236938 3.9092901 12.4303427 -0.5238796 -0.3333192 -0.0199553 0.7836136
1740547875.467892 -9.2812338 3.9933929 12.4517212 -0.5324243 -0.3353443 -0.0222155 0.7769009
1740547875.686374 -9.3396473 4.0789185 12.4742785 -0.5422238 -0.3368640 -0.0251011 0.7693412
1740547876.438003 -9.5001183 4.4034786 12.5061493 -0.5808067 -0.3390448 -0.0393720 0.7390277
1740547876.538510 -9.5149574 4.4547057 12.5018110 -0.5862892 -0.3390202 -0.0420266 0.7345502
1740547877.070462 -9.6093121 4.6974840 12.4706249 -0.6143318 -0.3354468 -0.0561789 0.7119802
1740547877.591840 -9.7293262 4.9313951 12.4512424 -0.6373600 -0.3288204 -0.0709401 0.6932654
1740547878.107763 -9.7757893 5.1886721 12.4557829 -0.6537623 -0.3217569 -0.0843176 0.6796748
1740547878.529786 -9.8163681 5.3902035 12.4326735 -0.6639987 -0.3170066 -0.0930783 0.6707824
1740547878.942502 -9.8666849 5.5907421 12.4023170 -0.6730375 -0.3123425 -0.1007146 0.6628117
1740547879.255970 -9.8838081 5.7330465 12.3850193 -0.6788435 -0.3110891 -0.1035425 0.6570191
1740547879.456703 -9.8851967 5.8244390 12.3700914 -0.6817524 -0.3118835 -0.1053454 0.6533335
1740547879.764374 -9.9386864 5.9705591 12.3503256 -0.6883857 -0.3073924 -0.1100479 0.6477071
1740547879.972358 -9.9413471 6.0658321 12.3343401 -0.6904528 -0.3062596 -0.1133256 0.6454746
1740547880.273680 -9.9680157 6.2229404 12.3198223 -0.6939835 -0.3007525 -0.1206621 0.6429429
1740547880.378726 -9.9711542 6.2635012 12.3131132 -0.6958947 -0.2998416 -0.1224572 0.6409600
1740547880.679214 -10.0153399 6.3991804 12.2512178 -0.6971046 -0.2912565 -0.1324514 0.6416163
1740547881.185830 -10.0560265 6.6675234 12.2272186 -0.6960969 -0.2713316 -0.1533435 0.6467720
1740547881.281687 -10.0540028 6.7062826 12.2223663 -0.6952829 -0.2685137 -0.1575963 0.6478005
1740547881.388220 -10.0527973 6.7552767 12.2141991 -0.6938358 -0.2647147 -0.1616514 0.6499130
1740547881.587941 -10.0603333 6.8628168 12.1909285 -0.6912543 -0.2550743 -0.1718389 0.6538931
1740547882.201378 -10.0607204 7.1662817 12.1874275 -0.6838416 -0.2262734 -0.2013909 0.6637791
1740547882.614982 -10.0354271 7.3712492 12.2056360 -0.6826460 -0.2101875 -0.2193238 0.6646147
1740547882.816713 -10.0249014 7.4759531 12.2132444 -0.6826496 -0.2018978 -0.2275334 0.6644211
1740547883.224615 -9.9986172 7.6802216 12.2112904 -0.6870417 -0.1870329 -0.2420468 0.6590946
1740547883.424573 -9.9813719 7.7835283 12.1998234 -0.6902635 -0.1805935 -0.2482300 0.6552131
1740547883.523179 -9.9764051 7.8372993 12.1958914 -0.6922110 -0.1775022 -0.2508999 0.6529825
1740547883.636602 -9.9698076 7.8892059 12.1892757 -0.6941747 -0.1742154 -0.2536250 0.6507265
1740547883.846251 -9.9533720 7.9887819 12.1822538 -0.6987799 -0.1687607 -0.2586540 0.6452321
1740547884.165847 -9.9234800 8.1419992 12.1659670 -0.7049214 -0.1615021 -0.2642430 0.6381054
1740547884.374669 -9.8930807 8.2401075 12.1605377 -0.7088278 -0.1583845 -0.2675992 0.6331415
1740547884.571687 -9.8694735 8.3426628 12.1510611 -0.7120869 -0.1546542 -0.2704128 0.6291990
1740547884.875057 -9.8342781 8.4910593 12.1320448 -0.7166042 -0.1501556 -0.2744465 0.6233866
1740547885.074041 -9.8106222 8.5924463 12.1186848 -0.7181880 -0.1477728 -0.2759789 0.6214538
1740547885.175905 -9.8056536 8.6393404 12.1112347 -0.7194142 -0.1459693 -0.2769449 0.6200305
1740547885.375147 -9.7782021 8.7392273 12.1048346 -0.7203168 -0.1451396 -0.2779775 0.6187138
1740547885.574290 -9.7481327 8.8436308 12.1034317 -0.7211406 -0.1448741 -0.2782590 0.6176890
1740547885.882036 -9.7230186 8.9940605 12.0854855 -0.7227120 -0.1436903 -0.2787268 0.6159155
1740547886.083286 -9.6904011 9.0978003 12.0879250 -0.7239807 -0.1439541 -0.2783269 0.6145433
1740547886.283422 -9.6571980 9.1958065 12.0853271 -0.7253779 -0.1453587 -0.2774113 0.6129770
1740547886.491472 -9.6314421 9.2928047 12.0982227 -0.7280440 -0.1465448 -0.2758125 0.6102492
1740547886.693923 -9.6060324 9.3929977 12.0902843 -0.7290434 -0.1479759 -0.2738667 0.6095867
1740547886.894630 -9.5846672 9.4836340 12.0677567 -0.7309196 -0.1479329 -0.2727553 0.6078461
1740547886.993520 -9.5796356 9.5072651 12.0634146 -0.7321625 -0.1485081 -0.2722372 0.6064407
1740547887.092013 -9.5663385 9.5336084 12.0627537 -0.7332927 -0.1491894 -0.2711010 0.6054160
1740547887.200145 -9.5607414 9.5745192 12.0671930 -0.7356582 -0.1492392 -0.2694075 0.6032862
1740547887.300320 -9.5488243 9.6049776 12.0721941 -0.7377034 -0.1501949 -0.2675474 0.6013765
1740547887.408137 -9.5398674 9.6302557 12.0630379 -0.7383440 -0.1496076 -0.2674935 0.6007604
1740547887.504704 -9.5303555 9.6678257 12.0548067 -0.7393254 -0.1505015 -0.2662469 0.5998832
1740547887.613705 -9.5228529 9.6964331 12.0336819 -0.7389241 -0.1508131 -0.2655821 0.6005936
1740547887.708776 -9.5124702 9.7280464 12.0274353 -0.7399343 -0.1518480 -0.2645127 0.5995602
1740547887.811374 -9.5101709 9.7592192 12.0288210 -0.7418299 -0.1528507 -0.2632476 0.5975164
1740547887.928087 -9.5124292 9.7962427 12.0189734 -0.7425381 -0.1530677 -0.2622679 0.5970117
1740547888.025311 -9.5011101 9.8345156 12.0170832 -0.7449744 -0.1533951 -0.2609004 0.5944864
1740547888.128015 -9.4956989 9.8706112 12.0046644 -0.7443665 -0.1540815 -0.2601717 0.5953890
1740547888.227923 -9.4817142 9.8961983 12.0012016 -0.7452584 -0.1562614 -0.2589415 0.5942404
1740547888.324619 -9.4769793 9.9262104 11.9968081 -0.7458625 -0.1567132 -0.2579001 0.5938161
1740547888.431314 -9.4928312 9.9315176 11.9793911 -0.7462206 -0.1557784 -0.2581193 0.5935170
1740547888.529589 -9.4886637 9.9532862 11.9686689 -0.7461665 -0.1563106 -0.2573090 0.5937968
1740547888.634073 -9.4820251 9.9637880 11.9632273 -0.7460773 -0.1578404 -0.2573531 0.5934849
1740547888.735509 -9.4884443 9.9992647 11.9590979 -0.7477605 -0.1569695 -0.2576197 0.5914786
1740547888.834446 -9.4789963 10.0289602 11.9578400 -0.7481914 -0.1577955 -0.2543456 0.5921306
1740547888.941494 -9.4693556 10.0687008 11.9607000 -0.7490320 -0.1586215 -0.2533782 0.5912613
1740547889.038761 -9.4584770 10.1109133 11.9554329 -0.7495093 -0.1600258 -0.2523687 0.5907094
1740547889.147715 -9.4568558 10.1326885 11.9493074 -0.7494198 -0.1609063 -0.2525807 0.5904931
1740547889.248318 -9.4586430 10.1549149 11.9538174 -0.7510329 -0.1619104 -0.2512640 0.5887282
1740547889.348632 -9.4522753 10.1900749 11.9246864 -0.7500027 -0.1623175 -0.2498943 0.5905098
1740547889.457835 -9.4472837 10.2324495 11.9157104 -0.7500567 -0.1634042 -0.2495707 0.5902784
1740547889.559593 -9.4415627 10.2693348 11.9104490 -0.7506900 -0.1648091 -0.2482821 0.5896257
1740547889.666651 -9.4470100 10.3047676 11.9141397 -0.7518494 -0.1645117 -0.2470080 0.5887660
1740547889.766852 -9.4536743 10.3320408 11.9002285 -0.7518585 -0.1653271 -0.2477152 0.5882286
1740547889.874666 -9.4529724 10.3561096 11.8931608 -0.7519917 -0.1663575 -0.2471835 0.5879914
1740547889.976577 -9.4470634 10.3896513 11.8889227 -0.7522237 -0.1667871 -0.2457229 0.5881851
1740547890.073301 -9.4351444 10.4354076 11.8838940 -0.7535192 -0.1674673 -0.2436300 0.5872034
1740547890.178907 -9.4403839 10.4736366 11.8741589 -0.7543172 -0.1673526 -0.2436616 0.5861976
1740547890.276100 -9.4361477 10.5040569 11.8757935 -0.7558122 -0.1674411 -0.2418494 0.5849960
1740547890.378005 -9.4299669 10.5384092 11.8728914 -0.7565917 -0.1680230 -0.2399233 0.5846145
1740547890.478029 -9.4548988 10.5707941 11.8781786 -0.7595024 -0.1661711 -0.2396889 0.5814573
1740547890.576149 -9.4398365 10.5860071 11.8519745 -0.7580906 -0.1668445 -0.2381906 0.5837181
1740547890.681157 -9.4420910 10.6275215 11.8421726 -0.7590190 -0.1662955 -0.2374788 0.5829579
1740547890.779866 -9.4518490 10.6661139 11.8452721 -0.7608743 -0.1661231 -0.2371751 0.5807077
1740547890.885132 -9.4504852 10.6925173 11.8309917 -0.7609391 -0.1651729 -0.2353521 0.5816348
1740547890.987671 -9.4504700 10.7340298 11.8221893 -0.7621926 -0.1651500 -0.2339778 0.5805534
1740547891.084440 -9.4512520 10.7617273 11.8207617 -0.7634920 -0.1659307 -0.2329492 0.5790351
1740547891.192299 -9.4458532 10.8010902 11.7996025 -0.7628659 -0.1664549 -0.2326304 0.5798374
1740547891.289446 -9.4375858 10.8352232 11.7966194 -0.7643383 -0.1674854 -0.2316735 0.5779819
1740547891.393632 -9.4456005 10.8517208 11.7829981 -0.7654269 -0.1659559 -0.2306543 0.5773897
1740547891.492228 -9.4387035 10.8845787 11.7569380 -0.7647919 -0.1668286 -0.2296431 0.5783818
1740547891.591550 -9.4275579 10.8908682 11.7396202 -0.7652677 -0.1685664 -0.2278510 0.5779573
1740547891.696098 -9.4333324 10.9314260 11.7190542 -0.7650402 -0.1681028 -0.2265298 0.5789121
1740547891.794537 -9.4292088 10.9533272 11.7141447 -0.7650049 -0.1694628 -0.2269772 0.5783868
1740547891.903250 -9.4258413 10.9934912 11.7069683 -0.7654780 -0.1699090 -0.2263858 0.5778614
1740547892.005538 -9.4204473 11.0339985 11.6970415 -0.7654316 -0.1720906 -0.2247802 0.5779042
1740547892.107279 -9.4177170 11.0646601 11.6888475 -0.7665597 -0.1726267 -0.2228441 0.5769980
1740547892.209146 -9.4107161 11.0886497 11.6863890 -0.7669112 -0.1736625 -0.2208952 0.5769695
1740547892.309350 -9.4154882 11.1035490 11.6735601 -0.7671215 -0.1745103 -0.2205716 0.5765579
1740547892.409561 -9.4102888 11.1419439 11.6472950 -0.7657986 -0.1761654 -0.2199911 0.5780330
1740547892.510042 -9.4077187 11.1892080 11.6399918 -0.7666294 -0.1764298 -0.2191958 0.5771527
1740547892.610409 -9.4205952 11.2221622 11.6250610 -0.7674040 -0.1760494 -0.2186294 0.5764537
1740547892.710228 -9.4092121 11.2696819 11.6187878 -0.7677153 -0.1774225 -0.2175967 0.5760089
1740547892.810395 -9.3979034 11.3119230 11.6160660 -0.7685847 -0.1789891 -0.2155995 0.5751151
1740547892.910922 -9.3919878 11.3464384 11.6063261 -0.7693065 -0.1788404 -0.2152865 0.5743127
1740547893.008214 -9.3841639 11.3923168 11.5852776 -0.7693630 -0.1783241 -0.2144574 0.5747078
1740547893.111375 -9.3875446 11.4381828 11.5690002 -0.7694800 -0.1791416 -0.2144129 0.5743135
1740547893.213282 -9.3742018 11.4770756 11.5734816 -0.7711058 -0.1800743 -0.2135938 0.5721424
1740547893.311205 -9.3641567 11.5304031 11.5550289 -0.7717038 -0.1812889 -0.2110716 0.5718884
1740547893.415028 -9.3703775 11.5725441 11.5432720 -0.7725318 -0.1816855 -0.2108227 0.5707353
1740547893.512964 -9.3684616 11.6198673 11.5232983 -0.7733608 -0.1816831 -0.2101225 0.5698708
1740547893.628202 -9.3624287 11.6713219 11.5126619 -0.7741903 -0.1831593 -0.2090865 0.5686519
1740547893.727303 -9.3617420 11.7130642 11.4889517 -0.7745685 -0.1828738 -0.2084584 0.5684593
1740547893.823684 -9.3553162 11.7609758 11.4885588 -0.7765013 -0.1845123 -0.2079895 0.5654569
1740547893.941580 -9.3568592 11.8166094 11.4676132 -0.7774318 -0.1840569 -0.2072385 0.5646018
1740547894.044405 -9.3456821 11.8640728 11.4564333 -0.7784354 -0.1851911 -0.2063942 0.5631554
1740547894.146899 -9.3406582 11.9119282 11.4404058 -0.7799881 -0.1845435 -0.2053113 0.5616134
1740547894.250214 -9.3301296 11.9583683 11.4245510 -0.7813463 -0.1853415 -0.2046370 0.5597055
1740547894.558036 -9.3105640 12.0953627 11.3704023 -0.7853059 -0.1862009 -0.2027033 0.5545587
1740547894.663800 -9.3021660 12.1477556 11.3613644 -0.7872330 -0.1868400 -0.2018772 0.5519063
1740547894.780443 -9.2960386 12.1991386 11.3448305 -0.7890058 -0.1869875 -0.2020034 0.5492724
1740547894.887579 -9.2911377 12.2582693 11.3155146 -0.7906858 -0.1869028 -0.2014233 0.5470943
1740547895.093986 -9.2806959 12.3473434 11.2722549 -0.7937765 -0.1862686 -0.2019107 0.5426371
1740547895.199521 -9.2778492 12.3855305 11.2612476 -0.7956486 -0.1863615 -0.2023868 0.5396779
1740547895.412926 -9.2541332 12.4875517 11.2234287 -0.7986248 -0.1860294 -0.2019083 0.5355600
1740547895.515150 -9.2625914 12.5326014 11.1963263 -0.7995216 -0.1843845 -0.2042329 0.5339069
1740547895.623477 -9.2431126 12.5830526 11.1768093 -0.8004758 -0.1843894 -0.2031976 0.5328693
1740547895.826018 -9.2313004 12.6755867 11.1298304 -0.8020413 -0.1825799 -0.2051684 0.5303776
1740547896.045243 -9.2252998 12.7659121 11.0776663 -0.8024564 -0.1802739 -0.2087899 0.5291236
1740547896.148533 -9.2127600 12.8068476 11.0529661 -0.8016325 -0.1793659 -0.2106900 0.5299274
1740547896.347990 -9.1909485 12.8931561 11.0037565 -0.7995351 -0.1759492 -0.2144808 0.5327134
1740547896.550295 -9.1805334 12.9884739 10.9651098 -0.7971649 -0.1736528 -0.2194966 0.5349712
1740547896.759119 -9.1709003 13.1022902 10.9231596 -0.7930176 -0.1699999 -0.2260059 0.5395780
1740547897.071956 -9.1428766 13.2466507 10.8944044 -0.7832615 -0.1638594 -0.2371475 0.5508290
1740547897.384237 -9.0929890 13.3930864 10.8791113 -0.7708303 -0.1577428 -0.2481340 0.5651261
1740547897.586280 -9.0661325 13.4913235 10.8723202 -0.7614955 -0.1537647 -0.2562479 0.5751679
1740547897.794914 -9.0420341 13.5928946 10.8674736 -0.7520154 -0.1496042 -0.2628492 0.5856634
1740547898.006211 -9.0137796 13.7038136 10.8540258 -0.7422094 -0.1464484 -0.2688865 0.5961360
1740547898.219461 -8.9926558 13.8024139 10.8506203 -0.7328444 -0.1433439 -0.2751962 0.6055235
1740547898.441422 -8.9708157 13.9038887 10.8529787 -0.7240489 -0.1412642 -0.2803454 0.6141694
1740547898.649624 -8.9499722 14.0050478 10.8473358 -0.7155970 -0.1385638 -0.2846439 0.6226549
1740547898.859024 -8.9195786 14.1058426 10.8417110 -0.7073075 -0.1362291 -0.2885880 0.6307731
1740547898.970319 -8.9073048 14.1588898 10.8444424 -0.7038825 -0.1351999 -0.2905687 0.6339087
1740547899.194812 -8.8801661 14.2595139 10.8477240 -0.6970571 -0.1340134 -0.2931248 0.6404917
1740547899.402472 -8.8600264 14.3634005 10.8490391 -0.6904963 -0.1329277 -0.2960132 0.6464685
1740547899.612973 -8.8343887 14.4637899 10.8574953 -0.6846514 -0.1320377 -0.2982402 0.6518215
1740547899.828585 -8.8090382 14.5639057 10.8701363 -0.6790212 -0.1309040 -0.3003819 0.6569361
1740547900.054219 -8.7808418 14.6653070 10.8822842 -0.6739678 -0.1300445 -0.3020793 0.6615164
1740547900.271619 -8.7544365 14.7642908 10.8927393 -0.6687021 -0.1296724 -0.3038062 0.6661264
1740547900.491912 -8.7352104 14.8673563 10.8986187 -0.6631013 -0.1286786 -0.3055554 0.6710994
1740547900.701122 -8.7182226 14.9695091 10.9112310 -0.6581547 -0.1281027 -0.3076022 0.6751318
1740547900.917871 -8.6942844 15.0672979 10.9282255 -0.6531876 -0.1272551 -0.3093181 0.6793191
1740547901.136355 -8.6665525 15.1718769 10.9410229 -0.6481014 -0.1268050 -0.3103412 0.6837933
1740547901.343220 -8.6449928 15.2707300 10.9596405 -0.6430822 -0.1259354 -0.3123144 0.6877829
1740547901.559621 -8.6196671 15.3703432 10.9878292 -0.6385740 -0.1254976 -0.3139070 0.6913292
1740547901.772094 -8.5925198 15.4705486 11.0036774 -0.6332701 -0.1245278 -0.3151539 0.6958015
1740547902.418967 -8.5321598 15.7669964 11.0690536 -0.6209182 -0.1212414 -0.3203899 0.7050613
1740547902.745523 -8.4939232 15.9163456 11.1050663 -0.6153762 -0.1204123 -0.3218562 0.7093812
1740547903.595363 -8.4452591 16.1158257 11.1543016 -0.6084720 -0.1195519 -0.3238807 0.7145422
1740547904.139703 -8.3916016 16.3647728 11.2243366 -0.6000961 -0.1187545 -0.3257967 0.7208596
1740547904.775315 -8.3268261 16.6092453 11.2993803 -0.5939941 -0.1194846 -0.3262016 0.7255942
1740547905.392037 -8.2689323 16.9000340 11.3940954 -0.5884183 -0.1230584 -0.3246020 0.7302425
1740547906.206690 -8.2027740 17.2969875 11.5119028 -0.5862299 -0.1337945 -0.3168555 0.7335095
1740547907.022246 -8.1588268 17.7010574 11.6152668 -0.5855052 -0.1428962 -0.3106749 0.7350139
1740547907.842098 -8.0952969 18.0967293 11.7431145 -0.5823531 -0.1450760 -0.3088431 0.7378575
1740547908.252563 -8.0617561 18.2931671 11.7965393 -0.5822421 -0.1459259 -0.3077706 0.7382257
1740547908.552264 -8.0408859 18.4457207 11.8520393 -0.5831373 -0.1494567 -0.3050975 0.7379222
1740547908.960925 -8.0082417 18.6454067 11.9166756 -0.5869920 -0.1551030 -0.3005329 0.7355701
1740547909.265447 -7.9838886 18.7999992 11.9492207 -0.5907334 -0.1606956 -0.2959093 0.7332453
1740547909.666634 -7.9760699 19.0043297 11.9970016 -0.5981041 -0.1700424 -0.2886902 0.7280214
1740547910.055628 -7.9722419 19.2144432 12.0371151 -0.6061234 -0.1807281 -0.2788468 0.7226315
1740547910.467151 -7.9669423 19.4255753 12.0630836 -0.6160455 -0.1919368 -0.2692475 0.7149503
1740547910.854165 -7.9562626 19.6370602 12.0742817 -0.6245405 -0.2026825 -0.2596675 0.7081255
1740547911.249359 -7.9590588 19.8457870 12.0857601 -0.6313601 -0.2127424 -0.2510437 0.7022123
1740547911.547656 -7.9537187 20.0085316 12.1013756 -0.6373787 -0.2200507 -0.2441730 0.6969258
1740547911.836554 -7.9591122 20.1665916 12.1192627 -0.6415676 -0.2267901 -0.2381983 0.6929782
1740547912.148726 -7.9697971 20.3243866 12.1276932 -0.6466088 -0.2327404 -0.2329114 0.6880997
1740547912.452917 -7.9839602 20.4899025 12.1431713 -0.6524962 -0.2388115 -0.2294463 0.6815953
1740547912.646246 -7.9880037 20.5951538 12.1415901 -0.6558785 -0.2429586 -0.2240462 0.6786736
1740547912.846756 -7.9944978 20.7031860 12.1531525 -0.6586711 -0.2485629 -0.2195428 0.6754034
1740547913.046715 -7.9759488 20.8028049 12.1653004 -0.6613921 -0.2537341 -0.2156827 0.6720569
1740547913.246617 -8.0092859 20.9065723 12.1528168 -0.6638217 -0.2547487 -0.2147395 0.6695751
1740547913.445870 -8.0202351 21.0126076 12.1352596 -0.6657478 -0.2564961 -0.2112871 0.6680923
1740547913.637949 -8.0186176 21.1145115 12.1274471 -0.6665952 -0.2604046 -0.2080611 0.6667464
1740547913.837196 -8.0041113 21.2103329 12.1698761 -0.6692976 -0.2665182 -0.2042905 0.6627776
1740547914.038869 -8.0058355 21.3099117 12.1687393 -0.6706845 -0.2712072 -0.2017338 0.6602517
1740547914.237054 -8.0662737 21.3897381 12.1225948 -0.6718860 -0.2680318 -0.2048796 0.6593577
1740547914.334515 -8.0611458 21.4413548 12.1246071 -0.6717958 -0.2691821 -0.2030565 0.6595449
1740547914.434699 -8.0605679 21.4827862 12.1229534 -0.6718563 -0.2697177 -0.2013792 0.6597788
1740547914.531717 -8.0555868 21.5321484 12.1307716 -0.6726310 -0.2713283 -0.1997453 0.6588249
1740547914.627910 -8.0872860 21.5893993 12.1248131 -0.6737064 -0.2704996 -0.2008904 0.6577178
1740547914.733696 -8.0642433 21.6272984 12.1074791 -0.6713124 -0.2727414 -0.1987813 0.6598771
1740547914.832695 -8.0762119 21.6707268 12.1078053 -0.6720647 -0.2735246 -0.1997329 0.6584984
1740547914.933232 -8.1005459 21.7152367 12.0756702 -0.6712934 -0.2719131 -0.1991248 0.6601346
1740547915.031566 -8.1054668 21.7653446 12.0836201 -0.6728808 -0.2728462 -0.1990714 0.6581466
1740547915.125191 -8.1221275 21.8111725 12.0918999 -0.6743339 -0.2736596 -0.1997032 0.6561272
1740547915.226906 -8.1253033 21.8570099 12.0811863 -0.6739857 -0.2732919 -0.2003912 0.6564283
1740547915.322579 -8.1357698 21.8999996 12.0736542 -0.6734971 -0.2735508 -0.2006925 0.6567300
1740547915.435944 -8.1287603 21.9466019 12.0679779 -0.6725836 -0.2762378 -0.1994458 0.6569211
1740547915.532530 -8.1329212 21.9941578 12.0688801 -0.6733913 -0.2761789 -0.1988312 0.6563045
1740547915.627219 -8.1439657 22.0316410 12.0638351 -0.6737189 -0.2775988 -0.2004043 0.6548892
1740547915.731977 -8.1658201 22.0494690 12.0553055 -0.6759997 -0.2755664 -0.2000680 0.6534986
1740547915.939862 -8.3422470 21.9726963 12.0932903 -0.6834974 -0.2610027 -0.2122760 0.6478024
1740547916.034767 -8.3410463 21.9981918 12.1020298 -0.6854800 -0.2620474 -0.2124594 0.6452204
1740547916.133606 -8.3768444 22.0275803 12.1039715 -0.6876836 -0.2587285 -0.2167367 0.6427878
1740547916.232663 -8.3597250 22.0615864 12.1207714 -0.6900433 -0.2614985 -0.2145043 0.6398803
1740547916.332314 -8.3525820 22.0630150 12.1128883 -0.6899346 -0.2629131 -0.2144036 0.6394514
1740547916.443071 -8.3327742 22.0737495 12.1261177 -0.6921925 -0.2673030 -0.2120447 0.6359684
1740547916.536389 -8.3171291 22.1094322 12.1376476 -0.6944681 -0.2692088 -0.2111109 0.6329874
1740547916.633723 -8.2960014 22.1275616 12.1945496 -0.7005830 -0.2728087 -0.2076712 0.6258048
1740547916.735829 -8.2885237 22.1337643 12.2138939 -0.7030526 -0.2765418 -0.2042633 0.6225096
1740547916.943488 -8.2971935 22.1401672 12.2568169 -0.7085577 -0.2793582 -0.2017253 0.6158018
1740547917.041500 -8.2936363 22.1415958 12.2814598 -0.7115536 -0.2823277 -0.2012422 0.6111335
1740547917.140417 -8.3024225 22.1614304 12.2954941 -0.7147338 -0.2837192 -0.1991950 0.6074375
1740547917.340897 -8.2338324 22.2139931 12.4415131 -0.7255273 -0.2932574 -0.1870216 0.5938292
1740547917.453274 -8.2003975 22.2373962 12.5042667 -0.7306679 -0.2977917 -0.1807548 0.5871730
1740547917.548579 -8.2026901 22.2325115 12.4916630 -0.7308803 -0.2988257 -0.1808599 0.5863505
1740547917.648375 -8.2033968 22.2445660 12.4942017 -0.7322091 -0.2998500 -0.1795875 0.5845581
1740547917.847907 -8.2430563 22.2674332 12.4977036 -0.7357090 -0.2991155 -0.1792072 0.5806437
1740547918.051724 -8.2563801 22.2506027 12.4782181 -0.7356258 -0.2980965 -0.1789127 0.5813634
1740547918.255616 -8.2950182 22.2523136 12.4506416 -0.7366898 -0.2954913 -0.1811109 0.5806651
1740547918.459743 -8.3527012 22.2812862 12.4137058 -0.7380381 -0.2949212 -0.1844057 0.5782005
1740547918.761634 -8.4109640 22.2572632 12.3626442 -0.7359263 -0.2922706 -0.1916831 0.5798690
1740547918.970481 -8.4177027 22.2501945 12.3483543 -0.7362782 -0.2901537 -0.1910269 0.5807012
1740547919.065970 -8.4325771 22.2510967 12.3236523 -0.7352485 -0.2882257 -0.1929513 0.5823275
1740547919.167426 -8.4567728 22.2649860 12.2995243 -0.7359365 -0.2857012 -0.1941575 0.5823016
1740547919.274296 -8.4605465 22.2834663 12.2821655 -0.7360438 -0.2861855 -0.1944509 0.5818301
1740547919.373580 -8.4669695 22.2704086 12.2794647 -0.7354062 -0.2848000 -0.1961373 0.5827493
1740547919.479338 -8.4671431 22.2679787 12.2516689 -0.7344157 -0.2822346 -0.1969542 0.5849668
1740547919.575861 -8.4851532 22.2638226 12.2317924 -0.7336890 -0.2804339 -0.1995760 0.5858555
1740547919.675012 -8.5055761 22.2676373 12.2183208 -0.7330291 -0.2789275 -0.2022283 0.5864908
1740547919.780367 -8.5046587 22.2643242 12.1953545 -0.7328331 -0.2762405 -0.2031306 0.5876945
1740547919.875703 -8.5043135 22.2624397 12.1578465 -0.7308065 -0.2731760 -0.2042143 0.5912641
1740547919.981582 -8.5133982 22.2912273 12.1537342 -0.7320668 -0.2730844 -0.2031447 0.5901147
1740547920.085262 -8.5229368 22.3073750 12.1326408 -0.7319127 -0.2722077 -0.2048263 0.5901296
1740547920.182357 -8.5491714 22.2882729 12.0897541 -0.7282489 -0.2679358 -0.2098881 0.5948201
1740547920.284572 -8.5595150 22.2988930 12.0743370 -0.7280911 -0.2667798 -0.2124448 0.5946252
1740547920.385782 -8.5510015 22.3222809 12.0769768 -0.7277981 -0.2683659 -0.2109238 0.5948116
1740547920.495689 -8.5421658 22.3564987 12.0671558 -0.7279196 -0.2691947 -0.2089415 0.5949880
1740547920.592746 -8.5537529 22.3782959 12.0496540 -0.7273304 -0.2692495 -0.2099417 0.5953315
1740547920.691575 -8.5802927 22.3792381 12.0342426 -0.7277843 -0.2654085 -0.2139776 0.5950646
1740547920.795896 -8.5750942 22.3856773 12.0091686 -0.7260176 -0.2635390 -0.2150529 0.5976604
1740547920.891976 -8.5764580 22.3910217 12.0265121 -0.7264880 -0.2630086 -0.2157614 0.5970668
1740547921.003157 -8.5756779 22.4069729 12.0197449 -0.7259701 -0.2628621 -0.2173458 0.5971866
1740547921.100497 -8.5489473 22.4172401 12.0010128 -0.7236651 -0.2637057 -0.2150938 0.6004189
1740547921.197258 -8.5386381 22.4143677 11.9782772 -0.7215171 -0.2628921 -0.2171032 0.6026334
1740547921.301627 -8.5146732 22.4299622 11.9709206 -0.7208757 -0.2635462 -0.2148706 0.6039142
1740547921.399527 -8.5087280 22.4297504 11.9622059 -0.7197121 -0.2625783 -0.2144578 0.6058671
1740547921.507249 -8.4836121 22.4392567 11.9379635 -0.7172080 -0.2629178 -0.2134933 0.6090219
1740547921.613097 -8.4637709 22.4464989 11.9050522 -0.7141590 -0.2639961 -0.2139317 0.6119773
1740547921.721560 -8.4545975 22.4519119 11.9059601 -0.7130341 -0.2628729 -0.2128118 0.6141591
1740547921.816776 -8.4284878 22.4764900 11.9280453 -0.7141225 -0.2671475 -0.2116697 0.6114386
1740547921.917357 -8.4250259 22.4694328 11.8991604 -0.7104623 -0.2648216 -0.2127871 0.6163072
1740547922.018345 -8.4071569 22.4780922 11.8951454 -0.7091354 -0.2652519 -0.2118616 0.6179669
1740547922.118645 -8.3984575 22.5026379 11.8984661 -0.7089413 -0.2663929 -0.2108829 0.6180335
1740547922.225270 -8.3858538 22.5392532 11.8942204 -0.7090973 -0.2693725 -0.2106051 0.6166564
1740547922.320121 -8.3561001 22.5742302 11.9445953 -0.7120004 -0.2736661 -0.2068052 0.6126941
1740547922.421862 -8.3620815 22.6035194 11.9238491 -0.7113480 -0.2716512 -0.2081865 0.6138795
1740547922.529901 -8.3242884 22.6069126 11.9338570 -0.7092875 -0.2739053 -0.2057530 0.6160786
1740547922.628053 -8.3272429 22.6081600 11.9301929 -0.7077678 -0.2732836 -0.2069253 0.6177077
1740547922.736284 -8.3035755 22.6104145 11.9149799 -0.7049205 -0.2727164 -0.2061679 0.6214560
1740547922.832865 -8.2708874 22.6038799 11.8593998 -0.6981786 -0.2733770 -0.2063363 0.6286789
1740547922.931726 -8.2675066 22.6038265 11.8403645 -0.6952812 -0.2719296 -0.2064877 0.6324565
1740547923.034155 -8.2107754 22.6101208 11.8408775 -0.6922252 -0.2759402 -0.2035242 0.6350269
1740547923.133586 -8.2047682 22.6252937 11.8538647 -0.6924850 -0.2765154 -0.2037574 0.6344184
1740547923.241165 -8.1746683 22.6308613 11.8475037 -0.6904007 -0.2775356 -0.2017805 0.6368716
1740547923.337476 -8.1314602 22.6427021 11.8520603 -0.6884653 -0.2796599 -0.1994160 0.6387794
1740547923.436972 -8.1077042 22.6827354 11.8662148 -0.6896121 -0.2822829 -0.1977811 0.6368941
1740547923.542204 -8.1238976 22.6845665 11.8655510 -0.6888148 -0.2801127 -0.1994500 0.6381934
1740547923.642752 -8.1231642 22.6884422 11.8585777 -0.6872689 -0.2803932 -0.2010729 0.6392268
1740547923.750019 -8.0920410 22.7152977 11.8963737 -0.6886923 -0.2829859 -0.1974411 0.6376824
1740547923.849210 -8.0786610 22.7544708 11.9245739 -0.6913260 -0.2848988 -0.1951003 0.6346943
1740547923.947298 -8.0687084 22.7686691 11.9279900 -0.6908830 -0.2853840 -0.1954187 0.6348608
1740547924.056485 -8.0852690 22.7808418 11.9558220 -0.6923167 -0.2847529 -0.1968547 0.6331363
1740547924.156523 -8.1009092 22.7923565 11.9593639 -0.6928511 -0.2842363 -0.1995456 0.6319403
1740547924.263507 -8.1271820 22.8039112 11.9670467 -0.6937160 -0.2826391 -0.2037691 0.6303581
1740547924.363828 -8.1367922 22.8465195 12.0180855 -0.6987392 -0.2819766 -0.2023662 0.6255403
1740547924.466410 -8.1304064 22.8616657 12.0477657 -0.6998917 -0.2823337 -0.2020244 0.6241998
1740547924.575447 -8.1220455 22.8981590 12.0668335 -0.7014412 -0.2838227 -0.2011887 0.6220515
1740547924.675698 -8.1710682 22.9195595 12.0850964 -0.7042500 -0.2825669 -0.2069299 0.6175499
1740547924.782750 -8.2130318 22.9287968 12.1009216 -0.7055166 -0.2798826 -0.2122306 0.6155244
1740547924.882597 -8.1888428 22.9342194 12.0853310 -0.7025923 -0.2815172 -0.2128484 0.6179060
1740547924.996704 -8.2396231 22.9448299 12.1299019 -0.7066123 -0.2779309 -0.2186229 0.6129091
1740547925.095516 -8.2372093 22.9639492 12.1801338 -0.7100796 -0.2754788 -0.2170782 0.6105534
1740547925.197809 -8.2268887 22.9744625 12.1518803 -0.7082587 -0.2722515 -0.2188421 0.6134793
1740547925.307900 -8.1978540 22.9687862 12.1598816 -0.7071573 -0.2724483 -0.2175788 0.6151097
1740547925.407455 -8.1971912 22.9670753 12.1492672 -0.7053964 -0.2713023 -0.2190278 0.6171206
1740547925.513580 -8.1834850 22.9909840 12.2178574 -0.7103195 -0.2707263 -0.2162840 0.6126783
1740547925.614506 -8.1742210 23.0075016 12.2485905 -0.7114959 -0.2692049 -0.2160622 0.6120617
1740547925.712595 -8.1759014 23.0097561 12.2388477 -0.7102045 -0.2683755 -0.2176588 0.6133587
1740547925.817819 -8.1277227 23.0069027 12.2089119 -0.7060760 -0.2681662 -0.2155645 0.6189310
1740547925.919914 -8.1377516 23.0265121 12.2069740 -0.7064307 -0.2636649 -0.2175640 0.6197600
1740547926.031573 -8.1596336 23.0358810 12.1958065 -0.7056839 -0.2592219 -0.2215330 0.6210776
1740547926.130968 -8.1232538 23.0395775 12.1792145 -0.7026172 -0.2606300 -0.2203316 0.6243838
1740547926.235299 -8.1053696 23.0475426 12.1326351 -0.6969795 -0.2610949 -0.2228066 0.6296080
1740547926.335032 -8.0892467 23.0530777 12.1081791 -0.6942202 -0.2616163 -0.2218914 0.6327555
1740547926.436271 -8.0810146 23.0588474 12.0977135 -0.6921337 -0.2618493 -0.2219919 0.6349059
1740547926.543397 -8.0503473 23.0608006 12.0507126 -0.6870365 -0.2645448 -0.2217072 0.6394082
1740547926.647285 -8.0126648 23.0692272 12.0085068 -0.6822990 -0.2671348 -0.2200665 0.6439548
1740547926.752759 -7.9987097 23.0738354 11.9557858 -0.6778398 -0.2677549 -0.2205669 0.6482213
1740547926.851063 -7.9540801 23.0750809 11.9319248 -0.6750550 -0.2718162 -0.2162260 0.6508940
1740547926.952406 -7.9251318 23.0823517 11.8824883 -0.6693217 -0.2754073 -0.2170050 0.6550329
1740547927.067791 -7.8687191 23.0851402 11.8561134 -0.6649117 -0.2810966 -0.2130610 0.6583936
1740547927.173121 -7.8547359 23.0898972 11.8429565 -0.6632158 -0.2838370 -0.2117807 0.6593409
1740547927.286250 -7.8314729 23.1031761 11.7964268 -0.6581733 -0.2866206 -0.2125251 0.6629403
1740547927.386720 -7.7943125 23.1050949 11.7481880 -0.6529382 -0.2915794 -0.2117142 0.6662058
1740547927.499222 -7.7708540 23.1154346 11.6991177 -0.6481492 -0.2936049 -0.2117873 0.6699589
1740547927.602879 -7.7384367 23.1269379 11.6589336 -0.6443396 -0.2969020 -0.2100722 0.6727149
1740547927.701961 -7.7007380 23.1368847 11.6232834 -0.6407052 -0.3000475 -0.2068101 0.6757942
1740547927.810622 -7.6582088 23.1430740 11.5369911 -0.6323598 -0.3053108 -0.2054180 0.6816963
1740547927.912953 -7.6241169 23.1486359 11.5056877 -0.6292284 -0.3086983 -0.2022746 0.6840044
1740547928.020417 -7.5766964 23.1610832 11.4625225 -0.6244323 -0.3133025 -0.1992692 0.6871810
1740547928.121404 -7.5490766 23.1713448 11.4244156 -0.6213614 -0.3153678 -0.1971482 0.6896274
1740547928.221239 -7.5168705 23.1895199 11.3147449 -0.6116557 -0.3196552 -0.1998180 0.6955362
1740547928.343291 -7.4616747 23.2151470 11.2439346 -0.6042759 -0.3238344 -0.1977511 0.7006257
1740547928.446701 -7.4165282 23.2310429 11.2141094 -0.6010212 -0.3283499 -0.1925176 0.7027779
1740547928.556987 -7.3669009 23.2607098 11.1858559 -0.5972794 -0.3339578 -0.1892017 0.7042247
1740547928.658809 -7.3327093 23.2836666 11.1075134 -0.5893803 -0.3390727 -0.1879415 0.7087585
1740547928.765595 -7.2482934 23.3237896 11.0403137 -0.5815824 -0.3459202 -0.1830791 0.7131501
1740547928.866549 -7.2352600 23.3389626 11.0063667 -0.5793942 -0.3481580 -0.1809111 0.7143946
1740547928.965951 -7.1579847 23.3861141 10.9191971 -0.5695720 -0.3546984 -0.1761992 0.7202296
1740547929.074946 -7.1590071 23.4169483 10.8542461 -0.5646184 -0.3543476 -0.1778868 0.7238786
1740547929.176852 -7.1205425 23.4774971 10.7869263 -0.5577849 -0.3561443 -0.1755078 0.7288582
1740547929.288346 -7.1350327 23.5375023 10.8710403 -0.5612057 -0.3614502 -0.1722785 0.7243770
1740547929.389957 -7.1494684 23.5904427 10.8642635 -0.5587774 -0.3631426 -0.1725595 0.7253402
1740547930.426903 -7.1732335 24.1463814 10.8145618 -0.5369385 -0.3755155 -0.1545987 0.7394487
1740547930.642797 -7.2111392 24.2422714 10.8225021 -0.5345666 -0.3753755 -0.1533269 0.7415002
1740547930.854150 -7.2012000 24.3628826 10.8171024 -0.5276637 -0.3788209 -0.1489984 0.7455637
1740547931.059246 -7.2368164 24.4582825 10.8427372 -0.5265842 -0.3792095 -0.1476899 0.7463892
1740547931.259758 -7.2170901 24.5236168 10.8420620 -0.5234731 -0.3823067 -0.1446121 0.7475995
