1740547825.606620 0.0000000 0.0000000 0.0000000 -0.0000000 -0.0000000 -0.0000000 1.0000000
1740547826.504468 -0.0034496 -0.0249990 0.0435645 -0.0026454 -0.0023202 0.0012174 0.9999931
1740547826.668672 0.0172574 0.0291268 0.0807621 -0.0007515 -0.0072277 0.0012801 0.9999728
1740547826.789244 0.0086373 -0.0211234 0.1272341 -0.0040606 -0.0138699 -0.0009828 0.9998951
1740547826.890055 0.0180509 -0.0078894 0.1830846 -0.0052921 -0.0223350 0.0002708 0.9997365
1740547826.995250 -0.0066235 0.0083730 0.2128316 -0.0080077 -0.0308286 0.0018604 0.9994909
1740547827.096391 -0.0238858 0.0248301 0.2548831 -0.0087652 -0.0430705 -0.0013545 0.9990327
1740547827.198802 -0.0234378 0.0103476 0.2766066 -0.0123284 -0.0554045 -0.0012075 0.9983872
1740547827.306810 -0.0107669 0.0455346 0.3348990 -0.0144823 -0.0720076 0.0014942 0.9972978
1740547827.407826 -0.0521713 0.0263682 0.3599905 -0.0187149 -0.0872480 -0.0013665 0.9960099
1740547827.508610 -0.0605150 0.0068919 0.4187095 -0.0233744 -0.1041513 -0.0004948 0.9942867
1740547827.606169 -0.0928768 0.0226005 0.4231634 -0.0265727 -0.1200268 -0.0008736 0.9924146
1740547827.715587 -0.1436444 0.0300020 0.4576196 -0.0300636 -0.1363088 -0.0007259 0.9902099
1740547827.815382 -0.1505235 0.0514013 0.4909065 -0.0313474 -0.1551865 0.0000418 0.9873877
1740547827.913329 -0.1740689 0.0356845 0.5219896 -0.0360092 -0.1738827 -0.0009720 0.9841073
1740547828.015570 -0.1889220 0.0490550 0.5464503 -0.0383452 -0.1918258 -0.0007161 0.9806794
1740547828.112706 -0.1905524 0.0581896 0.5951971 -0.0406158 -0.2102542 0.0007780 0.9768024
1740547828.220495 -0.2287602 0.0331693 0.6237036 -0.0444397 -0.2254929 -0.0010820 0.9732301
1740547828.319247 -0.2534926 0.0504888 0.6547403 -0.0456847 -0.2408363 0.0004432 0.9694899
1740547828.417876 -0.2825752 0.0770027 0.6914729 -0.0464443 -0.2551488 0.0008083 0.9657854
1740547828.621318 -0.3221582 0.0750025 0.7598068 -0.0486289 -0.2822215 0.0020389 0.9581138
1740547828.724355 -0.3431855 0.0894232 0.7843202 -0.0480492 -0.2939103 0.0028636 0.9546202
1740547828.827042 -0.3708660 0.0845426 0.8217146 -0.0492024 -0.3045187 0.0032962 0.9512290
1740547828.928403 -0.3913656 0.0911425 0.8632630 -0.0491062 -0.3150785 0.0043720 0.9477842
1740547829.041802 -0.4273307 0.0993279 0.8931158 -0.0487110 -0.3227756 0.0046522 0.9452098
1740547829.146408 -0.4502307 0.0953256 0.9273457 -0.0491094 -0.3308636 0.0053174 0.9423849
1740547829.258789 -0.4822669 0.0993127 0.9735042 -0.0492360 -0.3380882 0.0059393 0.9398069
1740547829.357271 -0.5131754 0.1039600 1.0085325 -0.0490563 -0.3445447 0.0061513 0.9374671
1740547829.460928 -0.5411285 0.1021120 1.0419645 -0.0492239 -0.3503375 0.0063851 0.9353074
1740547829.564482 -0.5692602 0.1038838 1.0821590 -0.0494318 -0.3554390 0.0066392 0.9333679
1740547829.663149 -0.6024009 0.1030698 1.1123434 -0.0496670 -0.3598522 0.0067798 0.9316618
1740547829.768788 -0.6312181 0.1177220 1.1446612 -0.0493002 -0.3638037 0.0075755 0.9301392
1740547829.875377 -0.6575654 0.1254832 1.1807091 -0.0492914 -0.3678678 0.0077028 0.9285389
1740547829.982518 -0.6848182 0.1306338 1.2159799 -0.0498133 -0.3712543 0.0077297 0.9271619
1740547830.089872 -0.7256246 0.1302830 1.2431407 -0.0506112 -0.3737442 0.0072155 0.9261219
1740547830.196228 -0.7504327 0.1433828 1.2806488 -0.0510524 -0.3769582 0.0075173 0.9247917
1740547830.308290 -0.7841749 0.1465420 1.3124424 -0.0522317 -0.3795084 0.0071984 0.9236847
1740547830.413881 -0.8117627 0.1622234 1.3466415 -0.0527300 -0.3822010 0.0072658 0.9225450
1740547830.526376 -0.8404592 0.1799043 1.3741778 -0.0533777 -0.3844503 0.0070443 0.9215743
1740547830.631253 -0.8847337 0.1788160 1.3994659 -0.0549985 -0.3854654 0.0064098 0.9210594
1740547830.742780 -0.9134193 0.1944309 1.4348648 -0.0557800 -0.3877270 0.0061744 0.9200643
1740547830.847594 -0.9509321 0.2019067 1.4618244 -0.0569076 -0.3888595 0.0054685 0.9195216
1740547830.948684 -0.9839661 0.2067815 1.4992247 -0.0585878 -0.3903756 0.0051960 0.9187750
1740547831.056263 -1.0068946 0.2235480 1.5389569 -0.0591879 -0.3920936 0.0052286 0.9180044
1740547831.156623 -1.0362147 0.2362970 1.5680605 -0.0601811 -0.3933711 0.0044659 0.9173971
1740547831.261563 -1.0552981 0.2519639 1.5993028 -0.0608317 -0.3946447 0.0046613 0.9168061
1740547831.365353 -1.0751915 0.2675544 1.6377316 -0.0617607 -0.3965234 0.0046028 0.9159332
1740547831.475824 -1.1062286 0.2882329 1.6803501 -0.0619789 -0.3976553 0.0041580 0.9154297
1740547831.582445 -1.1410052 0.2886050 1.7041512 -0.0628249 -0.3983108 0.0039555 0.9150879
1740547831.689221 -1.1751734 0.3012805 1.7325602 -0.0631925 -0.3988380 0.0038400 0.9148334
1740547831.798640 -1.2124879 0.2866375 1.7702652 -0.0649557 -0.3995372 0.0029784 0.9144080
1740547831.904891 -1.2368872 0.3046753 1.8039742 -0.0652359 -0.4001696 0.0036294 0.9141091
1740547832.014512 -1.2528529 0.3181452 1.8294940 -0.0650384 -0.4014628 0.0043323 0.9135529
1740547832.122702 -1.2701576 0.3341269 1.8561416 -0.0646180 -0.4026232 0.0048605 0.9130692
1740547832.230678 -1.3187841 0.3395885 1.8790698 -0.0652462 -0.4027992 0.0035350 0.9129531
1740547832.341880 -1.3489753 0.3477762 1.8955954 -0.0651853 -0.4031866 0.0035007 0.9127865
1740547832.444281 -1.3756382 0.3660204 1.9193555 -0.0643978 -0.4033935 0.0035884 0.9127507
1740547832.553452 -1.4017727 0.3865589 1.9585090 -0.0646079 -0.4043851 0.0038164 0.9122960
1740547832.659127 -1.4254242 0.4018780 1.9887846 -0.0641695 -0.4043052 0.0046450 0.9123585
1740547832.769321 -1.4489996 0.4205115 2.0228596 -0.0638062 -0.4051360 0.0039544 0.9120187
1740547832.876192 -1.4764146 0.4431310 2.0629013 -0.0633318 -0.4053464 0.0051048 0.9119526
1740547832.977758 -1.4905815 0.4531152 2.0918245 -0.0631339 -0.4058406 0.0053086 0.9117453
1740547833.076028 -1.5048670 0.4653011 2.1142831 -0.0617693 -0.4058702 0.0069470 0.9118145
1740547833.173548 -1.5288836 0.4807790 2.1476326 -0.0614401 -0.4063997 0.0073421 0.9115978
1740547833.275140 -1.5510464 0.4953566 2.1883614 -0.0616228 -0.4068934 0.0072514 0.9113659
1740547833.372465 -1.5699251 0.5081490 2.2200031 -0.0612664 -0.4064455 0.0083571 0.9115803
1740547833.487374 -1.5959795 0.5213490 2.2520311 -0.0606364 -0.4068273 0.0080554 0.9114548
1740547833.582678 -1.6199894 0.5404508 2.2851689 -0.0601848 -0.4062331 0.0084774 0.9117459
1740547833.680570 -1.6446297 0.5528530 2.3215561 -0.0597188 -0.4065366 0.0083801 0.9116423
1740547833.794889 -1.6632718 0.5623209 2.3559728 -0.0596805 -0.4071824 0.0087455 0.9113530
1740547833.891813 -1.6823003 0.5748194 2.3909404 -0.0592077 -0.4078458 0.0081227 0.9110929
1740547833.992393 -1.6922278 0.5814193 2.4089141 -0.0587643 -0.4094008 0.0083682 0.9104217
1740547834.093864 -1.7106149 0.5963767 2.4345508 -0.0580817 -0.4090969 0.0091806 0.9105943
1740547834.190516 -1.7349275 0.6120144 2.4758146 -0.0577663 -0.4088633 0.0106647 0.9107031
1740547834.296746 -1.7561226 0.6265755 2.5084448 -0.0572231 -0.4092555 0.0105091 0.9105630
1740547834.393775 -1.7647665 0.6352715 2.5273809 -0.0565790 -0.4109829 0.0116451 0.9098111
1740547834.494969 -1.7799547 0.6421877 2.5569835 -0.0564973 -0.4122425 0.0110363 0.9092538
1740547834.592822 -1.8197645 0.6579656 2.5746300 -0.0553772 -0.4111965 0.0118344 0.9097862
1740547834.691297 -1.8317417 0.6662091 2.5947695 -0.0536521 -0.4112985 0.0129822 0.9098277
1740547834.798541 -1.8623025 0.6813570 2.6345913 -0.0531338 -0.4115244 0.0134358 0.9097494
1740547834.899717 -1.8877859 0.6980124 2.6652126 -0.0518029 -0.4118566 0.0143662 0.9096617
1740547835.006666 -1.9044065 0.7100640 2.6904294 -0.0505151 -0.4127201 0.0150070 0.9093323
1740547835.103728 -1.9214492 0.7155074 2.7210994 -0.0493385 -0.4139167 0.0160560 0.9088349
1740547835.203291 -1.9527522 0.7327102 2.7492435 -0.0472636 -0.4132820 0.0169733 0.9092172
1740547835.308426 -1.9829396 0.7467361 2.7879257 -0.0469165 -0.4135959 0.0170187 0.9090917
1740547835.405457 -2.0074224 0.7577997 2.8166947 -0.0443178 -0.4139124 0.0173463 0.9090718
1740547835.509892 -2.0364866 0.7639583 2.8464513 -0.0427863 -0.4143842 0.0182719 0.9089121
1740547835.611902 -2.0713484 0.7791206 2.8772891 -0.0398668 -0.4148636 0.0191243 0.9088086
1740547835.707614 -2.0960734 0.7877781 2.9085612 -0.0369296 -0.4148041 0.0209563 0.9089195
1740547835.809392 -2.1157513 0.8009998 2.9415975 -0.0333261 -0.4160061 0.0223414 0.9084763
1740547835.910881 -2.1596265 0.8031955 2.9603949 -0.0301096 -0.4154436 0.0242109 0.9087980
1740547836.017007 -2.1727831 0.8001541 2.9830341 -0.0266848 -0.4170164 0.0249978 0.9081632
1740547836.114504 -2.1940200 0.8027843 3.0050812 -0.0217333 -0.4179222 0.0266043 0.9078331
1740547836.212376 -2.2263787 0.8050150 3.0338736 -0.0168394 -0.4186275 0.0288323 0.9075440
1740547836.314715 -2.2574787 0.7863399 3.0716805 -0.0141918 -0.4197836 0.0308508 0.9069887
1740547836.412877 -2.2799973 0.7919024 3.1111741 -0.0096546 -0.4217023 0.0329014 0.9060858
1740547836.520238 -2.2923639 0.7842528 3.1365585 -0.0059260 -0.4243544 0.0349452 0.9048023
1740547836.621150 -2.3004577 0.7923151 3.1644125 -0.0007043 -0.4275596 0.0355193 0.9032888
1740547836.727054 -2.3331344 0.8019047 3.2067056 0.0035618 -0.4289548 0.0373800 0.9025452
1740547836.830554 -2.3538294 0.7974161 3.2377048 0.0075150 -0.4313477 0.0390892 0.9013072
1740547836.935793 -2.3652842 0.7943199 3.2679582 0.0110627 -0.4341475 0.0405784 0.8998594
1740547837.044768 -2.3875208 0.7976555 3.2905803 0.0158041 -0.4365879 0.0429726 0.8984957
1740547837.145133 -2.4171355 0.8092079 3.3205502 0.0203090 -0.4388302 0.0433668 0.8972932
1740547837.248781 -2.4319544 0.7981964 3.3447912 0.0221027 -0.4408731 0.0437817 0.8962286
1740547837.350561 -2.4438918 0.7972759 3.3710151 0.0260981 -0.4441283 0.0457787 0.8944123
1740547837.451360 -2.4563465 0.7873441 3.3904471 0.0275891 -0.4460158 0.0466700 0.8933816
1740547837.560878 -2.4607167 0.7883847 3.4042664 0.0300993 -0.4469826 0.0460695 0.8928484
1740547837.657598 -2.4702578 0.7855725 3.4217317 0.0326755 -0.4494879 0.0476939 0.8914137
1740547837.759426 -2.4790344 0.7759543 3.4330058 0.0337181 -0.4508791 0.0475565 0.8906793
1740547837.858931 -2.4968376 0.7631187 3.4600289 0.0351049 -0.4534418 0.0495230 0.8892163
1740547837.959583 -2.5125036 0.7648474 3.4797597 0.0375842 -0.4540485 0.0497235 0.8887942
1740547838.063038 -2.5202208 0.7615373 3.4926398 0.0374939 -0.4564148 0.0497070 0.8875860
1740547838.160674 -2.5282607 0.7585355 3.5042195 0.0384364 -0.4560157 0.0495564 0.8877593
1740547838.263605 -2.5426977 0.7551835 3.5248070 0.0405890 -0.4574579 0.0484858 0.8869802
1740547838.362964 -2.5661767 0.7610981 3.5258019 0.0417280 -0.4578854 0.0505832 0.8865896
1740547838.460344 -2.5797777 0.7499447 3.5432653 0.0417750 -0.4601244 0.0499891 0.8854612
1740547838.562159 -2.5931668 0.7401320 3.5599468 0.0414975 -0.4628445 0.0506002 0.8840207
1740547838.661879 -2.6178546 0.7244242 3.5816369 0.0413601 -0.4637367 0.0507390 0.8835514
1740547838.765902 -2.6488433 0.7013320 3.6116197 0.0406191 -0.4646910 0.0503232 0.8831081
1740547838.867156 -2.6565471 0.7051355 3.6338849 0.0407338 -0.4660206 0.0495248 0.8824471
1740547838.970630 -2.6646438 0.7032124 3.6433206 0.0405090 -0.4673653 0.0498560 0.8817273
1740547839.085663 -2.6908212 0.7155528 3.6593909 0.0428588 -0.4685549 0.0506704 0.8809381
1740547839.183511 -2.6959970 0.7170736 3.6680450 0.0428066 -0.4691433 0.0502184 0.8806534
1740547839.288216 -2.7088573 0.7166961 3.6707613 0.0422709 -0.4689090 0.0506532 0.8807791
1740547839.388053 -2.7195978 0.7216160 3.6809521 0.0427391 -0.4706567 0.0498419 0.8798701
1740547839.504007 -2.7488658 0.7364738 3.7101531 0.0444705 -0.4713273 0.0512259 0.8793457
1740547839.599781 -2.7835894 0.7390067 3.7371414 0.0449783 -0.4717624 0.0512355 0.8790859
1740547839.699409 -2.7985780 0.7225072 3.7376828 0.0432680 -0.4719059 0.0498726 0.8791732
1740547839.813940 -2.8248556 0.7165734 3.7393594 0.0425797 -0.4712665 0.0505203 0.8795127
1740547839.911302 -2.8594103 0.7170302 3.7511995 0.0424730 -0.4708422 0.0510801 0.8797128
1740547840.013214 -2.9014273 0.6998315 3.7548890 0.0406268 -0.4695958 0.0503339 0.8805088
1740547840.112464 -2.9300661 0.7057548 3.7580357 0.0402805 -0.4680980 0.0502397 0.8813273
1740547840.210873 -2.9716494 0.7027441 3.7771733 0.0400601 -0.4679438 0.0503231 0.8814144
1740547840.318319 -2.9875877 0.7015757 3.8018055 0.0397892 -0.4682814 0.0497971 0.8812772
1740547840.416781 -3.0217457 0.6899499 3.8196485 0.0390171 -0.4675449 0.0495552 0.8817164
1740547840.521651 -3.0502810 0.6985700 3.8430886 0.0387653 -0.4672368 0.0495642 0.8818902
1740547840.622710 -3.0937562 0.6935496 3.8537107 0.0390371 -0.4658687 0.0493218 0.8826153
1740547840.721632 -3.1134591 0.6880813 3.8754923 0.0395517 -0.4649959 0.0494671 0.8830444
1740547840.829340 -3.1363666 0.6846316 3.8848069 0.0384414 -0.4644699 0.0496166 0.8833619
1740547840.929793 -3.1831064 0.6807448 3.8987892 0.0385866 -0.4634198 0.0499463 0.8838883
1740547841.041237 -3.2139373 0.6866828 3.9356470 0.0394483 -0.4631618 0.0500410 0.8839802
1740547841.141846 -3.2385197 0.6816199 3.9686317 0.0397437 -0.4637572 0.0503316 0.8836381
1740547841.245831 -3.2534683 0.6757265 3.9906700 0.0387148 -0.4646097 0.0501004 0.8832492
1740547841.347749 -3.2826920 0.6558595 4.0102668 0.0373188 -0.4640027 0.0491889 0.8836794
1740547841.446979 -3.3312263 0.6597912 4.0121889 0.0376893 -0.4620019 0.0500316 0.8846641
1740547841.552685 -3.3596075 0.6485901 4.0098810 0.0367053 -0.4598357 0.0493976 0.8858690
1740547841.651541 -3.3735013 0.6392316 4.0064893 0.0352650 -0.4580972 0.0490422 0.8868473
1740547841.763174 -3.4024155 0.6287593 4.0076694 0.0347399 -0.4574288 0.0487281 0.8872303
1740547841.859844 -3.4211087 0.6199197 4.0092249 0.0339726 -0.4569556 0.0472392 0.8875843
1740547841.960659 -3.4507830 0.6023347 4.0232253 0.0318484 -0.4564678 0.0462915 0.8879640
1740547842.064769 -3.4909487 0.5974421 4.0340099 0.0315654 -0.4563223 0.0460330 0.8880622
1740547842.163934 -3.5217578 0.6046146 4.0438938 0.0309025 -0.4563922 0.0469704 0.8880005
1740547842.268798 -3.5466280 0.6440721 4.0584049 0.0344443 -0.4565528 0.0498976 0.8876280
1740547842.371502 -3.5641828 0.6329793 4.0835037 0.0335965 -0.4594164 0.0484167 0.8862639
1740547842.474128 -3.5942104 0.6168895 4.1208820 0.0320689 -0.4610221 0.0478116 0.8855192
1740547842.580005 -3.6191974 0.6270148 4.1502380 0.0330541 -0.4637801 0.0469672 0.8840868
1740547842.678706 -3.6437280 0.6153545 4.1779661 0.0325393 -0.4665925 0.0464505 0.8826523
1740547842.783216 -3.6882832 0.6026894 4.1922054 0.0316621 -0.4681538 0.0464485 0.8818572
1740547842.897204 -3.7283576 0.6164753 4.2288847 0.0331165 -0.4699117 0.0468557 0.8808467
1740547843.000900 -3.7637572 0.6064160 4.2530937 0.0332981 -0.4713772 0.0462130 0.8800904
1740547843.111563 -3.8002355 0.6037215 4.2375784 0.0338028 -0.4707552 0.0464553 0.8803913
1740547843.213157 -3.8196337 0.6044465 4.2364902 0.0343866 -0.4715722 0.0467356 0.8799165
1740547843.317690 -3.8299093 0.6021278 4.2389150 0.0353668 -0.4731504 0.0468906 0.8790217
1740547843.418010 -3.8683012 0.5935268 4.2560315 0.0359162 -0.4750687 0.0477675 0.8779169
1740547843.522621 -3.9073756 0.5985596 4.2709618 0.0378446 -0.4769401 0.0479182 0.8768123
1740547843.626256 -3.9183640 0.5864315 4.2703543 0.0364955 -0.4772921 0.0473802 0.8767071
1740547843.725420 -3.9171968 0.5868959 4.2545881 0.0382136 -0.4750234 0.0480626 0.8778282
1740547843.833034 -3.9329729 0.5841024 4.2585115 0.0394139 -0.4751857 0.0486930 0.8776526
1740547843.932601 -3.9450459 0.5901153 4.2543721 0.0403802 -0.4736564 0.0493546 0.8783981
1740547844.038942 -3.9759991 0.5772210 4.2679758 0.0400481 -0.4742358 0.0493564 0.8781006
1740547844.143040 -4.0060039 0.5753189 4.2783680 0.0418233 -0.4741320 0.0505272 0.8780072
1740547844.243140 -4.0266199 0.5819224 4.2679691 0.0448848 -0.4711449 0.0519568 0.8793795
1740547844.350278 -4.0600939 0.5652664 4.2657042 0.0455511 -0.4688466 0.0524338 0.8805446
1740547844.451092 -4.0990229 0.5784323 4.2751412 0.0484406 -0.4669808 0.0543668 0.8812643
1740547844.557403 -4.1165094 0.5741600 4.2672687 0.0505381 -0.4628669 0.0554303 0.8832483
1740547844.658778 -4.1254449 0.5670183 4.2575469 0.0512326 -0.4586473 0.0562300 0.8853565
1740547844.770970 -4.1411324 0.5728563 4.2575302 0.0537862 -0.4550847 0.0577990 0.8869410
1740547844.868658 -4.1701555 0.5918634 4.2621965 0.0576754 -0.4513707 0.0601696 0.8884355
1740547844.969497 -4.1745372 0.5947024 4.2570286 0.0610154 -0.4460533 0.0622279 0.8907532
1740547845.093398 -4.1882887 0.5989250 4.2502499 0.0635707 -0.4408894 0.0641267 0.8930079
1740547845.197223 -4.1954908 0.5959481 4.2501106 0.0650740 -0.4359292 0.0641885 0.8953273
1740547845.307317 -4.2201314 0.5850146 4.2513723 0.0638187 -0.4331711 0.0651266 0.8966875
1740547845.412529 -4.2614484 0.5872796 4.2672472 0.0659107 -0.4308183 0.0650155 0.8976772
1740547845.515500 -4.2996030 0.5832969 4.2847319 0.0690955 -0.4284644 0.0656340 0.8985189
1740547845.626945 -4.3367071 0.5914105 4.3016219 0.0708087 -0.4253412 0.0676181 0.8997215
1740547845.728529 -4.3391585 0.5883750 4.2886734 0.0729777 -0.4185359 0.0681798 0.9026924
1740547845.844350 -4.3487210 0.6007388 4.2957659 0.0750639 -0.4148688 0.0713109 0.9039713
1740547845.946839 -4.3939190 0.6127164 4.3163271 0.0784103 -0.4131717 0.0731574 0.9043169
1740547846.051130 -4.4376779 0.6277608 4.3425741 0.0790217 -0.4106387 0.0752327 0.9052467
1740547846.155964 -4.4771910 0.6431031 4.3628674 0.0813353 -0.4078039 0.0774481 0.9061359
1740547846.258718 -4.4899025 0.6522772 4.3748684 0.0801747 -0.4043662 0.0788619 0.9076567
1740547846.366755 -4.4937882 0.6551326 4.3781171 0.0820536 -0.3997923 0.0792595 0.9094785
1740547846.467361 -4.5139818 0.6536332 4.3819771 0.0819468 -0.3966785 0.0797400 0.9108087
1740547846.574275 -4.5415435 0.6637701 4.3942795 0.0864076 -0.3932521 0.0807123 0.9117960
1740547846.676546 -4.5669899 0.6670842 4.4030638 0.0839573 -0.3905788 0.0816762 0.9130873
1740547846.786228 -4.5865808 0.6726663 4.4085932 0.0829580 -0.3874382 0.0824933 0.9144422
1740547846.889830 -4.6060109 0.6758811 4.4147959 0.0819884 -0.3836898 0.0818981 0.9161620
1740547846.994150 -4.6078563 0.6705211 4.4130335 0.0782227 -0.3812504 0.0812042 0.9175704
1740547847.103366 -4.6085792 0.6702953 4.4118657 0.0782583 -0.3785807 0.0797593 0.9187985
1740547847.208263 -4.6330037 0.6746831 4.4194012 0.0792503 -0.3756515 0.0807541 0.9198283
1740547847.317274 -4.6488829 0.6819067 4.4303923 0.0780758 -0.3731118 0.0815441 0.9208921
1740547847.419900 -4.6822977 0.6833398 4.4463382 0.0775461 -0.3709968 0.0818322 0.9217654
1740547847.526270 -4.6922865 0.6812914 4.4438648 0.0753345 -0.3673615 0.0822677 0.9233647
1740547847.630355 -4.6938281 0.6751089 4.4397569 0.0715980 -0.3649580 0.0812901 0.9247007
1740547847.847968 -4.6719475 0.6803790 4.4548388 0.0689680 -0.3709161 0.0785722 0.9227628
1740547847.948719 -4.6894412 0.6742524 4.4553638 0.0665028 -0.3682913 0.0784589 0.9240038
1740547848.054350 -4.6970215 0.6733177 4.4542899 0.0646265 -0.3643864 0.0767245 0.9258290
1740547848.160017 -4.7140551 0.6677356 4.4429002 0.0615209 -0.3609898 0.0760475 0.9274257
1740547848.261011 -4.7282767 0.6560141 4.4490509 0.0596597 -0.3593163 0.0743729 0.9283325
1740547848.370805 -4.7377768 0.6651269 4.4362240 0.0574687 -0.3555033 0.0747434 0.9299076
1740547848.581117 -4.7828908 0.6616467 4.4328380 0.0560421 -0.3494338 0.0737255 0.9323732
1740547848.682966 -4.8024588 0.6545933 4.4346056 0.0551579 -0.3462192 0.0726608 0.9337078
1740547848.789379 -4.8073258 0.6534415 4.4362621 0.0537780 -0.3426743 0.0718794 0.9351554
1740547848.895074 -4.8073816 0.6550591 4.4321690 0.0516111 -0.3393882 0.0708043 0.9365568
1740547848.995824 -4.8101573 0.6518561 4.4300122 0.0505220 -0.3352186 0.0704516 0.9381432
1740547849.105915 -4.8184166 0.6504648 4.4257431 0.0498030 -0.3307817 0.0697519 0.9398074
1740547849.322609 -4.8637314 0.6352303 4.4178038 0.0465454 -0.3235600 0.0686931 0.9425623
1740547849.428683 -4.8771553 0.6196889 4.4194756 0.0428571 -0.3201888 0.0679644 0.9439403
1740547849.538511 -4.8829217 0.6168326 4.4225426 0.0413095 -0.3173884 0.0668569 0.9450335
1740547849.648754 -4.8977251 0.6115161 4.4272652 0.0410698 -0.3129774 0.0670083 0.9465032
1740547849.748084 -4.9057412 0.6144922 4.4213958 0.0412801 -0.3082457 0.0676710 0.9479985
1740547849.854640 -4.9229250 0.6123272 4.4205699 0.0403239 -0.3034852 0.0671462 0.9496115
1740547850.072595 -4.9494748 0.5833223 4.4289751 0.0339111 -0.2986870 0.0664420 0.9514314
1740547850.181033 -4.9532938 0.5825581 4.4282265 0.0338778 -0.2939664 0.0662239 0.9529168
1740547850.289562 -4.9575725 0.5819902 4.4283171 0.0356686 -0.2889670 0.0651817 0.9544513
1740547850.395862 -4.9619117 0.5813899 4.4203148 0.0358471 -0.2834338 0.0651012 0.9561078
1740547850.500178 -4.9670644 0.5843347 4.4086647 0.0353940 -0.2783456 0.0650307 0.9576231
1740547850.717203 -4.9804335 0.5865882 4.3873625 0.0355748 -0.2685746 0.0640931 0.9604656
1740547850.827850 -4.9826612 0.5802628 4.3772931 0.0327882 -0.2648140 0.0637420 0.9616317
1740547850.930620 -4.9902277 0.5715558 4.3737135 0.0317983 -0.2605635 0.0628125 0.9628864
1740547851.041000 -4.9937329 0.5708035 4.3674121 0.0327931 -0.2552803 0.0620694 0.9643153
1740547851.147666 -4.9988623 0.5708665 4.3706789 0.0328638 -0.2517700 0.0628090 0.9651875
1740547851.252133 -5.0014048 0.5668414 4.3677049 0.0331768 -0.2481627 0.0623588 0.9661397
1740547851.464167 -4.9982109 0.5610290 4.3733649 0.0283364 -0.2480378 0.0617844 0.9663628
1740547851.575101 -5.0015955 0.5603234 4.3737245 0.0298445 -0.2441444 0.0617287 0.9673119
1740547851.684103 -4.9994946 0.5619239 4.3737516 0.0283184 -0.2431588 0.0620323 0.9675866
1740547851.794188 -4.9984918 0.5633878 4.3727183 0.0284076 -0.2411030 0.0612339 0.9681492
1740547851.898148 -4.9991403 0.5635406 4.3728323 0.0278842 -0.2393442 0.0615282 0.9685820
1740547852.001905 -5.0002246 0.5612004 4.3722458 0.0263432 -0.2378184 0.0609993 0.9690344
1740547852.111136 -5.0042176 0.5584801 4.3718624 0.0287604 -0.2340013 0.0603572 0.9699346
1740547852.324729 -5.0030880 0.5595580 4.3615456 0.0248970 -0.2328876 0.0596218 0.9703550
1740547852.430988 -5.0035071 0.5596341 4.3617120 0.0261880 -0.2298289 0.0592429 0.9710733
1740547852.542316 -5.0033522 0.5597064 4.3622851 0.0250948 -0.2300679 0.0590074 0.9710598
1740547852.649187 -5.0101409 0.5561042 4.3700094 0.0258133 -0.2305969 0.0597610 0.9708694
1740547852.753164 -5.0135741 0.5542868 4.3778577 0.0280634 -0.2270850 0.0591106 0.9716743
1740547852.866194 -5.0129623 0.5500566 4.3879251 0.0266636 -0.2282895 0.0581960 0.9714866
1740547853.082683 -5.0213017 0.5571548 4.3893661 0.0289150 -0.2229306 0.0583888 0.9726544
1740547853.186767 -5.0294890 0.5562373 4.3990445 0.0305225 -0.2231441 0.0597007 0.9724767
1740547853.298886 -5.0286107 0.5550826 4.4047279 0.0299819 -0.2225665 0.0596781 0.9726272
1740547853.405212 -5.0331793 0.5512045 4.4144545 0.0308112 -0.2213608 0.0591799 0.9729069
1740547853.622033 -5.0536318 0.5446267 4.4683213 0.0297209 -0.2236541 0.0585009 0.9724573
1740547853.728630 -5.0638981 0.5383089 4.4978971 0.0294930 -0.2241780 0.0580877 0.9723684
1740547853.841801 -5.0673027 0.5381411 4.5147204 0.0285533 -0.2257749 0.0571320 0.9720835
1740547853.949751 -5.0641575 0.5359915 4.5215092 0.0266668 -0.2288475 0.0573781 0.9714039
1740547854.062856 -5.0610290 0.5370861 4.5319352 0.0258217 -0.2321020 0.0569189 0.9706813
1740547854.292897 -5.0840731 0.5332860 4.5862832 0.0274582 -0.2314639 0.0569229 0.9707885
1740547854.397562 -5.1009426 0.5352693 4.6111369 0.0268486 -0.2314234 0.0561175 0.9708621
1740547854.501985 -5.1159258 0.5340088 4.6357508 0.0263741 -0.2316789 0.0559405 0.9708244
1740547854.719625 -5.1341534 0.5486232 4.7245021 0.0231836 -0.2317602 0.0543001 0.9709795
1740547854.830699 -5.1729364 0.5802137 4.7535172 0.0253028 -0.2307607 0.0534553 0.9712115
1740547854.936699 -5.2054324 0.5811352 4.7944570 0.0237211 -0.2296278 0.0527551 0.9715582
1740547855.157439 -5.2641444 0.5836502 4.8693995 0.0223784 -0.2271262 0.0530709 0.9721607
1740547855.269721 -5.2955246 0.5859822 4.9105854 0.0205091 -0.2257541 0.0539651 0.9724723
1740547855.389229 -5.3091788 0.5818514 4.9726253 0.0185224 -0.2253348 0.0528069 0.9726729
1740547855.495839 -5.3197904 0.5801116 5.0365033 0.0163132 -0.2249826 0.0529020 0.9727888
1740547855.717410 -5.3589363 0.5940366 5.1200361 0.0175211 -0.2226705 0.0526104 0.9733155
1740547855.829132 -5.3786068 0.5897117 5.1682606 0.0172361 -0.2213674 0.0525114 0.9736231
1740547856.046702 -5.4284782 0.5847796 5.2612748 0.0172849 -0.2183668 0.0523241 0.9743097
1740547856.152579 -5.4489603 0.5820906 5.3111386 0.0170050 -0.2169370 0.0526554 0.9746161
1740547856.258844 -5.4689312 0.5756950 5.3591762 0.0176638 -0.2156446 0.0528198 0.9748823
1740547856.371080 -5.4985600 0.5734416 5.3990955 0.0183324 -0.2137954 0.0528710 0.9752744
1740547856.483069 -5.5217714 0.5757619 5.4465809 0.0190466 -0.2122381 0.0531504 0.9755856
1740547856.595192 -5.5374732 0.5697863 5.4954386 0.0203326 -0.2107891 0.0531686 0.9758728
1740547856.815692 -5.5827236 0.5628000 5.5935020 0.0219836 -0.2073357 0.0535392 0.9765563
1740547856.921932 -5.5993013 0.5633147 5.6429601 0.0235467 -0.2058095 0.0537392 0.9768317
1740547857.044713 -5.6116066 0.5439227 5.6942320 0.0238360 -0.2042855 0.0543619 0.9771101
1740547857.147866 -5.6240907 0.5301424 5.7452183 0.0242730 -0.2027511 0.0548067 0.9773940
1740547857.255299 -5.6494026 0.5241728 5.7928410 0.0248367 -0.2007329 0.0544807 0.9778146
1740547857.372426 -5.6698489 0.5100717 5.8361526 0.0242636 -0.1990685 0.0548588 0.9781480
1740547857.480680 -5.6823206 0.5076541 5.8870468 0.0243600 -0.1977493 0.0546706 0.9784237
1740547857.591312 -5.7024212 0.5026786 5.9379859 0.0237768 -0.1961449 0.0545959 0.9787651
1740547857.699084 -5.7290668 0.4925118 5.9822235 0.0233257 -0.1943010 0.0543098 0.9791596
1740547857.808322 -5.7464118 0.4730740 6.0221176 0.0212723 -0.1928670 0.0545063 0.9794789
1740547857.917294 -5.7507391 0.4811127 6.0795851 0.0199112 -0.1919276 0.0537736 0.9797325
1740547858.139565 -5.7982101 0.4770964 6.1752849 0.0147224 -0.1879570 0.0528873 0.9806418
1740547858.246167 -5.8288069 0.4786505 6.2172570 0.0120026 -0.1856254 0.0525415 0.9811414
1740547858.364622 -5.8406210 0.4829942 6.2704177 0.0083143 -0.1843801 0.0520590 0.9814402
1740547858.469393 -5.8548689 0.4873557 6.3203444 0.0044233 -0.1828091 0.0512829 0.9818001
1740547858.583242 -5.8653579 0.4986491 6.3694711 0.0007687 -0.1816203 0.0509697 0.9820466
1740547858.688806 -5.8745413 0.5064017 6.4244428 -0.0034553 -0.1805138 0.0502349 0.9822827
1740547858.804035 -5.8799405 0.5130882 6.4756222 -0.0077703 -0.1794576 0.0494812 0.9824898
1740547858.911127 -5.9105978 0.5163076 6.5221825 -0.0118848 -0.1768218 0.0488470 0.9829582
1740547859.016716 -5.9336047 0.5150118 6.5666385 -0.0158147 -0.1751408 0.0479785 0.9832465
1740547859.124475 -5.9521575 0.5151724 6.6167784 -0.0197857 -0.1735173 0.0470597 0.9835069
1740547859.234203 -5.9712667 0.5174829 6.6666088 -0.0237368 -0.1721098 0.0459725 0.9837181
1740547859.347254 -5.9848514 0.5142788 6.7193708 -0.0283505 -0.1707544 0.0454714 0.9838555
1740547859.450616 -6.0022740 0.5249395 6.7649145 -0.0315189 -0.1694551 0.0445830 0.9840243
1740547859.558485 -6.0240903 0.5361867 6.8100357 -0.0349118 -0.1679412 0.0436365 0.9842117
1740547859.768492 -6.0568728 0.5430084 6.9120846 -0.0421777 -0.1655890 0.0428465 0.9843605
1740547859.875639 -6.0759869 0.5492141 6.9626479 -0.0452379 -0.1643592 0.0421893 0.9844591
1740547859.981841 -6.0933862 0.5569872 7.0128884 -0.0478901 -0.1633085 0.0416241 0.9845326
1740547860.094100 -6.1047187 0.5642395 7.0631642 -0.0505099 -0.1626765 0.0411526 0.9845261
1740547860.200521 -6.1169705 0.5690044 7.1111741 -0.0528160 -0.1620976 0.0409439 0.9845092
1740547860.308558 -6.1240292 0.5764137 7.1648674 -0.0551204 -0.1619206 0.0405579 0.9844280
1740547860.415423 -6.1542912 0.5742818 7.2089715 -0.0570183 -0.1607360 0.0400833 0.9845335
1740547860.518368 -6.1716027 0.5885568 7.2554064 -0.0586929 -0.1601222 0.0397451 0.9845488
1740547860.624528 -6.1880112 0.5908034 7.3075476 -0.0610583 -0.1597718 0.0393195 0.9844790
1740547860.851844 -6.2197380 0.5991755 7.4063644 -0.0638899 -0.1592376 0.0389664 0.9843999
1740547860.952460 -6.2392282 0.6100553 7.4525557 -0.0648035 -0.1589171 0.0384696 0.9844115
1740547861.382404 -6.3053994 0.6573727 7.6426992 -0.0683092 -0.1602713 0.0381011 0.9839692
1740547861.593863 -6.3355083 0.6789717 7.7394490 -0.0696169 -0.1619322 0.0380089 0.9836091
1740547861.808134 -6.3678041 0.6894112 7.8385868 -0.0704922 -0.1644982 0.0378658 0.9831263
1740547862.018990 -6.3966479 0.6978623 7.9371986 -0.0714902 -0.1678057 0.0380920 0.9824864
1740547862.342478 -6.4579458 0.7152321 8.0829506 -0.0729434 -0.1735997 0.0378189 0.9813828
1740547862.557170 -6.5057330 0.7258083 8.1725445 -0.0740484 -0.1776379 0.0382953 0.9805586
1740547862.765849 -6.5364804 0.7436497 8.2735300 -0.0765189 -0.1824976 0.0380347 0.9794860
1740547862.976356 -6.5918140 0.7528749 8.3642416 -0.0794872 -0.1861548 0.0378965 0.9785663
1740547863.193328 -6.6343646 0.7600224 8.4562082 -0.0837674 -0.1896182 0.0371614 0.9775720
1740547863.416912 -6.6922092 0.7732707 8.5463104 -0.0895734 -0.1915125 0.0362278 0.9767227
1740547863.628531 -6.7355628 0.7952855 8.6378460 -0.0965795 -0.1931285 0.0351809 0.9757746
1740547863.733363 -6.7459679 0.8075926 8.6886740 -0.1003348 -0.1943229 0.0342541 0.9751914
1740547863.947581 -6.7929950 0.8274658 8.7812290 -0.1093394 -0.1944449 0.0328242 0.9742478
1740547864.057617 -6.8122039 0.8445737 8.8268757 -0.1136196 -0.1944898 0.0319089 0.9737793
1740547864.266139 -6.8440204 0.8784297 8.9224024 -0.1227291 -0.1946756 0.0298164 0.9727024
1740547864.476435 -6.8842516 0.9121869 9.0151997 -0.1324417 -0.1942019 0.0278087 0.9715820
1740547864.588486 -6.9021559 0.9357209 9.0595503 -0.1366404 -0.1942152 0.0271525 0.9710163
1740547864.804619 -6.9263029 0.9749568 9.1558075 -0.1450855 -0.1950639 0.0254232 0.9696669
1740547864.909772 -6.9520698 0.9947219 9.1962004 -0.1488378 -0.1952526 0.0246975 0.9690788
1740547865.016198 -6.9697514 1.0131922 9.2421217 -0.1522341 -0.1959265 0.0238417 0.9684365
1740547865.122022 -6.9818878 1.0396738 9.2865629 -0.1552768 -0.1971654 0.0236167 0.9677072
1740547865.224201 -6.9954529 1.0662549 9.3326874 -0.1577594 -0.1990070 0.0232729 0.9669367
1740547865.334800 -7.0145521 1.0835829 9.3762274 -0.1601924 -0.2005852 0.0229412 0.9662183
1740547865.440734 -7.0366998 1.0967302 9.4196930 -0.1623401 -0.2024806 0.0225631 0.9654731
1740547865.557600 -7.0523620 1.1155617 9.4660206 -0.1642362 -0.2051258 0.0229097 0.9645854
1740547865.657255 -7.0752511 1.1336186 9.5082264 -0.1655593 -0.2078695 0.0229909 0.9637696
1740547865.760410 -7.0970140 1.1499674 9.5565662 -0.1668907 -0.2114446 0.0234902 0.9627497
1740547865.870129 -7.1155949 1.1591395 9.6032009 -0.1681324 -0.2151133 0.0239424 0.9617092
1740547865.971394 -7.1464729 1.1646597 9.6417856 -0.1688396 -0.2182143 0.0237694 0.9608906
1740547866.088061 -7.1875429 1.1715343 9.6779709 -0.1697974 -0.2216731 0.0243775 0.9599144
1740547866.187248 -7.2103953 1.1876690 9.7157001 -0.1703210 -0.2255772 0.0255490 0.9588811
1740547866.290463 -7.2393503 1.1874218 9.7554884 -0.1714060 -0.2296371 0.0253569 0.9577285
1740547866.399094 -7.2754474 1.2176846 9.7773724 -0.1717626 -0.2327122 0.0268946 0.9568800
1740547866.502029 -7.2949281 1.2316289 9.8211336 -0.1725373 -0.2373131 0.0270980 0.9556041
1740547866.620394 -7.3246870 1.2428491 9.8676033 -0.1738121 -0.2421057 0.0271001 0.9541697
1740547866.719350 -7.3470545 1.2583724 9.9195890 -0.1754118 -0.2472283 0.0273243 0.9525557
1740547866.824704 -7.3855157 1.2785621 9.9481163 -0.1765451 -0.2507582 0.0275963 0.9514151
1740547866.928689 -7.4112453 1.2921610 9.9869404 -0.1779670 -0.2544889 0.0279741 0.9501477
1740547867.032587 -7.4484348 1.3083644 10.0202379 -0.1796772 -0.2577671 0.0275641 0.9489534
1740547867.141543 -7.4836316 1.3329929 10.0614223 -0.1817865 -0.2616049 0.0280806 0.9474851
1740547867.243983 -7.5078630 1.3611135 10.0922880 -0.1833485 -0.2645379 0.0289389 0.9463433
1740547867.352530 -7.5488853 1.3817964 10.1005602 -0.1847550 -0.2654434 0.0285312 0.9458284
1740547867.457426 -7.5725017 1.4088607 10.1322002 -0.1869736 -0.2676280 0.0286209 0.9447736
1740547867.565944 -7.6085572 1.4253157 10.1532221 -0.1891510 -0.2689745 0.0284445 0.9439627
1740547867.669939 -7.6318841 1.4541038 10.2032566 -0.1917796 -0.2723098 0.0283466 0.9424778
1740547867.768160 -7.6449504 1.4712387 10.2526760 -0.1944992 -0.2750868 0.0280359 0.9411224
1740547867.874044 -7.6875529 1.4764876 10.2731876 -0.1973246 -0.2754284 0.0272309 0.9404577
1740547867.974489 -7.7380672 1.4863216 10.2935047 -0.1999330 -0.2759608 0.0262268 0.9397790
1740547868.085714 -7.7599144 1.5045205 10.3353291 -0.2038293 -0.2770652 0.0258007 0.9386282
1740547868.186988 -7.7955585 1.5190438 10.3685122 -0.2072059 -0.2780778 0.0248653 0.9376141
1740547868.289380 -7.8220015 1.5337145 10.3974485 -0.2109463 -0.2785475 0.0240161 0.9366623
1740547868.402535 -7.8433189 1.5651325 10.4369936 -0.2145338 -0.2801365 0.0241342 0.9353697
1740547868.506012 -7.8811088 1.5783640 10.4748669 -0.2193358 -0.2812625 0.0222867 0.9339628
1740547868.624866 -7.9059925 1.5986104 10.5110664 -0.2239080 -0.2824088 0.0211223 0.9325580
1740547868.729676 -7.9418507 1.6254195 10.5298805 -0.2283682 -0.2825485 0.0201337 0.9314553
1740547868.843457 -7.9701915 1.6486233 10.5709610 -0.2336774 -0.2840427 0.0187986 0.9297103
1740547868.952214 -7.9976587 1.6790177 10.5928555 -0.2385998 -0.2845412 0.0177288 0.9283276
1740547869.064866 -8.0202065 1.7026929 10.6350212 -0.2444362 -0.2863274 0.0160385 0.9262885
1740547869.169426 -8.0480013 1.7351416 10.6642990 -0.2496813 -0.2875398 0.0147279 0.9245341
1740547869.273808 -8.0641022 1.7763623 10.6993132 -0.2555047 -0.2893213 0.0144986 0.9223884
1740547869.383443 -8.1008778 1.7998855 10.7230186 -0.2613211 -0.2901086 0.0124816 0.9205393
1740547869.488631 -8.1352596 1.8195462 10.7587776 -0.2673687 -0.2915628 0.0100891 0.9183699
1740547869.599370 -8.1660233 1.8538518 10.7776442 -0.2725035 -0.2921198 0.0086635 0.9166967
1740547869.702605 -8.2006807 1.8827164 10.7984295 -0.2779078 -0.2927545 0.0072902 0.9148819
1740547869.815902 -8.2156525 1.9130741 10.8267078 -0.2827514 -0.2937652 0.0059746 0.9130816
1740547869.919600 -8.2415810 1.9471750 10.8750343 -0.2890507 -0.2962187 0.0047234 0.9103197
1740547870.024171 -8.2667112 1.9824133 10.8923769 -0.2931476 -0.2967819 0.0037008 0.9088296
1740547870.135739 -8.3063517 2.0123525 10.9205875 -0.2975222 -0.2978200 0.0021239 0.9070718
1740547870.238235 -8.3337460 2.0397193 10.9567318 -0.3021086 -0.2992390 0.0014274 0.9050880
1740547870.345274 -8.3572378 2.0709052 10.9880161 -0.3060029 -0.3002197 0.0010454 0.9034541
1740547870.449276 -8.3923912 2.0936799 11.0188713 -0.3098850 -0.3010823 -0.0005628 0.9018428
1740547870.554922 -8.4229660 2.1299193 11.0485687 -0.3133689 -0.3024017 -0.0013697 0.9001951
1740547870.657556 -8.4516516 2.1646755 11.0760307 -0.3164009 -0.3034146 -0.0020986 0.8987912
1740547870.760334 -8.4767265 2.2016978 11.1003523 -0.3192306 -0.3041971 -0.0024554 0.8975244
1740547870.877808 -8.5020666 2.2287908 11.1269102 -0.3222072 -0.3046565 -0.0034730 0.8963007
1740547870.980633 -8.5333433 2.2577085 11.1567669 -0.3249729 -0.3056010 -0.0042549 0.8949763
1740547871.091772 -8.5563726 2.2889762 11.1879778 -0.3274352 -0.3066030 -0.0048952 0.8937320
1740547871.195569 -8.5888548 2.3168521 11.2246552 -0.3306225 -0.3074217 -0.0054827 0.8922728
1740547871.301976 -8.6088085 2.3442400 11.2661781 -0.3332694 -0.3087364 -0.0051474 0.8908349
1740547871.408908 -8.6393433 2.3626964 11.3041906 -0.3360248 -0.3097041 -0.0062495 0.8894559
1740547871.516190 -8.6763000 2.3887050 11.3371410 -0.3390574 -0.3107641 -0.0070350 0.8879281
1740547871.633459 -8.7020416 2.4206693 11.3665934 -0.3423098 -0.3119593 -0.0075608 0.8862551
1740547871.944677 -8.7803011 2.5320914 11.4449272 -0.3530223 -0.3162322 -0.0097468 0.8804984
1740547872.047317 -8.8134775 2.5661502 11.4704981 -0.3576122 -0.3175454 -0.0106559 0.8781599
1740547872.156811 -8.8422880 2.5999763 11.4959335 -0.3616836 -0.3191536 -0.0119047 0.8758906
1740547872.258832 -8.8734455 2.6373053 11.5182686 -0.3663539 -0.3206788 -0.0128664 0.8733753
1740547872.371341 -8.8948212 2.6765504 11.5464888 -0.3710003 -0.3224185 -0.0135518 0.8707591
1740547872.473262 -8.9295835 2.7088325 11.5677786 -0.3758947 -0.3238604 -0.0148089 0.8681005
1740547872.785697 -9.0155363 2.8174999 11.6500244 -0.3926046 -0.3303207 -0.0185076 0.8581418
1740547872.891665 -9.0405855 2.8549109 11.6711712 -0.3982558 -0.3324340 -0.0193060 0.8546972
1740547873.104814 -9.1004219 2.9328618 11.7090263 -0.4099425 -0.3366061 -0.0218315 0.8474473
1740547873.206503 -9.1262817 2.9753821 11.7270775 -0.4155374 -0.3388625 -0.0228409 0.8437886
1740547873.519840 -9.2214127 3.0938447 11.7666302 -0.4327602 -0.3451555 -0.0264985 0.8323966
1740547873.637300 -9.2489557 3.1346989 11.7815228 -0.4383989 -0.3478312 -0.0273154 0.8282956
1740547873.854871 -9.3059196 3.2210906 11.8076944 -0.4486202 -0.3521053 -0.0290903 0.8209236
1740547874.060403 -9.3560543 3.3075590 11.8348351 -0.4585736 -0.3566338 -0.0307640 0.8133733
1740547874.271767 -9.4109001 3.3933463 11.8573389 -0.4677076 -0.3606155 -0.0322116 0.8063303
1740547874.492032 -9.4798985 3.4678869 11.8827028 -0.4773146 -0.3637881 -0.0340853 0.7991666
1740547874.708561 -9.5348711 3.5507498 11.9027748 -0.4855323 -0.3671170 -0.0358991 0.7925873
1740547874.922744 -9.5966930 3.6350141 11.9146156 -0.4936765 -0.3693239 -0.0370943 0.7864524
1740547875.145254 -9.6585875 3.7175148 11.9396362 -0.5019296 -0.3720247 -0.0394583 0.7798124
1740547875.362838 -9.7249527 3.7980475 11.9652205 -0.5108128 -0.3742837 -0.0420741 0.7727948
1740547875.585740 -9.7779541 3.8856854 11.9772873 -0.5196195 -0.3756477 -0.0447673 0.7660812
1740547876.221431 -9.9394836 4.1520753 12.0159445 -0.5511968 -0.3774767 -0.0577562 0.7418610
1740547876.863243 -10.0648365 4.4359536 11.9921722 -0.5861894 -0.3738039 -0.0753566 0.7148245
1740547877.483359 -10.1931763 4.7219405 11.9545498 -0.6148407 -0.3658402 -0.0943037 0.6922706
1740547878.107763 -10.2831993 5.0188227 11.9607344 -0.6358629 -0.3557708 -0.1113765 0.6757964
1740547878.529786 -10.3365936 5.2206125 11.9402781 -0.6459678 -0.3500987 -0.1212409 0.6674257
1740547878.942502 -10.3592606 5.4243507 11.9055986 -0.6534014 -0.3477196 -0.1292231 0.6598932
1740547879.156768 -10.3681765 5.5192318 11.8943653 -0.6571451 -0.3473466 -0.1316401 0.6558822
1740547879.356813 -10.3675518 5.6154938 11.8807116 -0.6597168 -0.3478159 -0.1334731 0.6526736
1740547879.553939 -10.3815203 5.7064867 11.8710384 -0.6637841 -0.3467910 -0.1354401 0.6486775
1740547879.764374 -10.4096003 5.8064661 11.8488588 -0.6665807 -0.3442387 -0.1390030 0.6464117
1740547879.972358 -10.4151344 5.9027729 11.8374634 -0.6687754 -0.3431640 -0.1426161 0.6439244
1740547880.175742 -10.4265690 6.0005789 11.8268776 -0.6708372 -0.3402562 -0.1469966 0.6423357
1740547880.378726 -10.4391594 6.0906057 11.8080559 -0.6733858 -0.3376465 -0.1521684 0.6398368
1740547880.476835 -10.4437075 6.1359005 11.8031483 -0.6746891 -0.3356389 -0.1544088 0.6389828
1740547880.679214 -10.4756069 6.2342520 11.7785578 -0.6760048 -0.3290531 -0.1615142 0.6392611
1740547881.076118 -10.4899063 6.4448690 11.7536640 -0.6733158 -0.3163607 -0.1769304 0.6444046
1740547881.281687 -10.4884949 6.5487156 11.7320986 -0.6698178 -0.3091286 -0.1849155 0.6492995
1740547881.388220 -10.4898796 6.5960865 11.7266550 -0.6690032 -0.3053320 -0.1897746 0.6505326
1740547881.587941 -10.4956036 6.7021885 11.7239275 -0.6665655 -0.2960348 -0.1987801 0.6546299
1740547881.990484 -10.4997492 6.9015636 11.7084560 -0.6582691 -0.2777455 -0.2182233 0.6647690
1740547882.201378 -10.4963465 6.9973774 11.6973991 -0.6555693 -0.2686382 -0.2273152 0.6681244
1740547882.299631 -10.4992199 7.0495949 11.6851406 -0.6537598 -0.2637765 -0.2323467 0.6701009
1740547882.411038 -10.4988699 7.0986032 11.6805906 -0.6520864 -0.2594821 -0.2367173 0.6718760
1740547883.017518 -10.4945421 7.4061060 11.7252131 -0.6549462 -0.2333277 -0.2617015 0.6694146
1740547883.124918 -10.4854813 7.4570694 11.7349968 -0.6570449 -0.2296693 -0.2654314 0.6671508
1740547883.224615 -10.4760075 7.5152216 11.7332001 -0.6575506 -0.2264160 -0.2686696 0.6664681
1740547883.740016 -10.4410248 7.7698402 11.7171373 -0.6659414 -0.2113344 -0.2833020 0.6569626
1740547883.957356 -10.4254627 7.8752480 11.7172194 -0.6705514 -0.2056144 -0.2876271 0.6521919
1740547884.374669 -10.3821774 8.0784798 11.7114172 -0.6781920 -0.1967354 -0.2955705 0.6434197
1740547884.571687 -10.3681507 8.1834059 11.7007999 -0.6816235 -0.1919736 -0.2987191 0.6397675
1740547884.975392 -10.3196774 8.3836317 11.6923647 -0.6869131 -0.1866598 -0.3038692 0.6332235
1740547885.175905 -10.2935104 8.4851255 11.6971064 -0.6885477 -0.1853851 -0.3048062 0.6313696
1740547885.474045 -10.2536697 8.6402245 11.7099714 -0.6900359 -0.1844460 -0.3062335 0.6293260
1740547885.676901 -10.2297039 8.7351007 11.7264872 -0.6925117 -0.1847900 -0.3063066 0.6264634
1740547885.882036 -10.2118092 8.8346691 11.7173796 -0.6936373 -0.1847351 -0.3060530 0.6253574
1740547886.187670 -10.1739712 8.9876251 11.7206640 -0.6955622 -0.1844507 -0.3056683 0.6234886
1740547886.391363 -10.1486111 9.0833778 11.7311869 -0.6971644 -0.1864782 -0.3038187 0.6219983
1740547886.587528 -10.1302605 9.1896505 11.7417822 -0.6990998 -0.1869976 -0.3036816 0.6197329
1740547886.894630 -10.0946474 9.3261509 11.7254868 -0.7018136 -0.1885681 -0.3015194 0.6172404
1740547887.092013 -10.0797100 9.3729229 11.7173138 -0.7031065 -0.1904509 -0.3010378 0.6154234
1740547887.300320 -10.0523157 9.4566431 11.7037077 -0.7035253 -0.1921153 -0.2988916 0.6154736
1740547887.408137 -10.0402346 9.4917393 11.7062311 -0.7047578 -0.1928400 -0.2979529 0.6142908
1740547887.504704 -10.0282698 9.5311470 11.7151775 -0.7067993 -0.1941063 -0.2972190 0.6118973
1740547887.613705 -10.0269051 9.5641136 11.6991358 -0.7062194 -0.1939326 -0.2982334 0.6121283
1740547887.708776 -10.0128126 9.6037941 11.6984653 -0.7071853 -0.1961831 -0.2957772 0.6114875
1740547887.811374 -10.0100794 9.6138315 11.7057114 -0.7107360 -0.1967860 -0.2943141 0.6078724
1740547887.928087 -10.0087547 9.6406174 11.7049599 -0.7126594 -0.1974944 -0.2932519 0.6059009
1740547888.025311 -9.9958296 9.6644764 11.6942368 -0.7126384 -0.1976561 -0.2924729 0.6062493
1740547888.128015 -9.9876471 9.7060642 11.6802282 -0.7126926 -0.1983496 -0.2915080 0.6064239
1740547888.227923 -9.9859819 9.7303400 11.6801882 -0.7131890 -0.2001515 -0.2911139 0.6054366
1740547888.324619 -9.9915485 9.7496462 11.6671839 -0.7137925 -0.2000238 -0.2910203 0.6048123
1740547888.431314 -9.9925756 9.7607365 11.6644945 -0.7147515 -0.2011591 -0.2892277 0.6041628
1740547888.529589 -9.9886589 9.7771788 11.6615953 -0.7156675 -0.2012738 -0.2882845 0.6034905
1740547888.634073 -9.9897022 9.7907820 11.6541138 -0.7147142 -0.2022311 -0.2886797 0.6041111
1740547888.735509 -9.9844046 9.8306532 11.6538553 -0.7165135 -0.2018814 -0.2890399 0.6019205
1740547888.834446 -9.9827070 9.8551350 11.6484909 -0.7175149 -0.2017303 -0.2878175 0.6013638
1740547888.941494 -9.9759998 9.8911896 11.6534929 -0.7189350 -0.2027904 -0.2866082 0.5998870
1740547889.038761 -9.9613647 9.9359198 11.6469603 -0.7191843 -0.2044386 -0.2852094 0.5996953
1740547889.147715 -9.9565592 9.9623346 11.6433315 -0.7193565 -0.2045717 -0.2845371 0.5997627
1740547889.248318 -9.9626980 9.9937544 11.6401434 -0.7197617 -0.2050465 -0.2848543 0.5989633
1740547889.348632 -9.9652853 10.0432348 11.6382961 -0.7207267 -0.2054510 -0.2843704 0.5978932
1740547889.457835 -9.9532785 10.0849085 11.6311493 -0.7204463 -0.2070666 -0.2827109 0.5984606
1740547889.559593 -9.9462166 10.1277018 11.6199856 -0.7208667 -0.2079764 -0.2805869 0.5986385
1740547889.666651 -9.9529467 10.1591301 11.6106491 -0.7217237 -0.2071342 -0.2798921 0.5982229
1740547889.766852 -9.9471340 10.1808805 11.6081314 -0.7209126 -0.2096200 -0.2790579 0.5987246
1740547889.874666 -9.9471445 10.2068396 11.6031132 -0.7213375 -0.2108733 -0.2785181 0.5980237
1740547889.976577 -9.9539700 10.2457781 11.5892677 -0.7222190 -0.2102234 -0.2780841 0.5973902
1740547890.073301 -9.9505768 10.2670345 11.5952978 -0.7232110 -0.2115237 -0.2766818 0.5963814
1740547890.178907 -9.9493160 10.3023138 11.5856905 -0.7243448 -0.2114423 -0.2754493 0.5956043
1740547890.276100 -9.9547567 10.3339386 11.5636406 -0.7229589 -0.2111571 -0.2756495 0.5972943
1740547890.378005 -9.9620247 10.3534431 11.5516720 -0.7223129 -0.2120960 -0.2758788 0.5976373
1740547890.478029 -9.9631176 10.3856945 11.5477972 -0.7241650 -0.2120831 -0.2749083 0.5958450
1740547890.576149 -9.9598904 10.4151220 11.5245552 -0.7239102 -0.2119373 -0.2730743 0.5970486
1740547890.681157 -9.9728355 10.4472942 11.5201054 -0.7250376 -0.2113254 -0.2729973 0.5959316
1740547890.779866 -9.9850292 10.4880142 11.5190172 -0.7264000 -0.2106781 -0.2729930 0.5945020
1740547890.885132 -9.9713335 10.5282555 11.4975309 -0.7258009 -0.2110377 -0.2716938 0.5957001
1740547890.987671 -9.9762497 10.5714588 11.4938202 -0.7277374 -0.2110708 -0.2706117 0.5938154
1740547891.084440 -9.9806519 10.6012096 11.4996891 -0.7294967 -0.2118096 -0.2699304 0.5917000
1740547891.192299 -9.9760695 10.6462297 11.4867220 -0.7294891 -0.2121139 -0.2689365 0.5920528
1740547891.289446 -9.9779863 10.6659708 11.4768038 -0.7311342 -0.2119622 -0.2681147 0.5904484
1740547891.393632 -9.9804735 10.6980715 11.4763412 -0.7334685 -0.2104365 -0.2668429 0.5886725
1740547891.492228 -9.9817390 10.7242393 11.4805765 -0.7353838 -0.2118396 -0.2661087 0.5861065
1740547891.591550 -9.9821548 10.7497492 11.4665470 -0.7356254 -0.2127628 -0.2644271 0.5862300
1740547891.696098 -9.9866524 10.7881851 11.4521093 -0.7357932 -0.2120992 -0.2642430 0.5863428
1740547891.794537 -9.9777727 10.8159151 11.4425716 -0.7351962 -0.2145203 -0.2637772 0.5864207
1740547891.903250 -9.9811602 10.8534021 11.4381590 -0.7363262 -0.2138867 -0.2630072 0.5855796
1740547892.005538 -9.9836769 10.8905773 11.4319849 -0.7370887 -0.2141400 -0.2621649 0.5849050
1740547892.107279 -9.9777164 10.9303932 11.4226484 -0.7384471 -0.2143705 -0.2609273 0.5836592
1740547892.209146 -9.9720221 10.9766293 11.3991032 -0.7379848 -0.2148148 -0.2599450 0.5845183
1740547892.309350 -9.9680672 11.0117264 11.3814430 -0.7379490 -0.2161844 -0.2591727 0.5844015
1740547892.409561 -9.9522781 11.0384398 11.3631582 -0.7374950 -0.2161937 -0.2561441 0.5863034
1740547892.510042 -9.9519072 11.0766287 11.3552752 -0.7384931 -0.2165702 -0.2553253 0.5852643
1740547892.610409 -9.9537725 11.0997696 11.3577232 -0.7393452 -0.2166260 -0.2554198 0.5841255
1740547892.710228 -9.9424725 11.1373262 11.3286762 -0.7387941 -0.2163243 -0.2539816 0.5855600
1740547892.810395 -9.9364223 11.1754560 11.3348589 -0.7392569 -0.2188549 -0.2537804 0.5841209
1740547892.910922 -9.9392576 11.2118521 11.3184614 -0.7395961 -0.2193135 -0.2537348 0.5835390
1740547893.008214 -9.9306631 11.2500906 11.3150749 -0.7406713 -0.2188698 -0.2524835 0.5828843
1740547893.111375 -9.9261341 11.3026781 11.3108778 -0.7417773 -0.2200006 -0.2507481 0.5818003
1740547893.213282 -9.9123373 11.3445635 11.3002806 -0.7419957 -0.2213301 -0.2491556 0.5817018
1740547893.311205 -9.9109669 11.3807125 11.2738333 -0.7422927 -0.2205330 -0.2486252 0.5818524
1740547893.415028 -9.9120579 11.4253855 11.2752066 -0.7433073 -0.2218082 -0.2485942 0.5800830
1740547893.512964 -9.9074192 11.4811954 11.2583151 -0.7442273 -0.2225614 -0.2475447 0.5790628
1740547893.628202 -9.9036102 11.5318890 11.2493896 -0.7450808 -0.2237314 -0.2465521 0.5779368
1740547893.727303 -9.9005337 11.5773964 11.2380342 -0.7465264 -0.2236601 -0.2457087 0.5764562
1740547893.823684 -9.8926544 11.6272869 11.2216530 -0.7472112 -0.2243774 -0.2444181 0.5758386
1740547893.941580 -9.8973627 11.6795616 11.2072792 -0.7483830 -0.2242810 -0.2449187 0.5741391
1740547894.044405 -9.8857355 11.7311640 11.1978998 -0.7495128 -0.2252164 -0.2438070 0.5727708
1740547894.146899 -9.8774109 11.7805634 11.1901245 -0.7515969 -0.2254904 -0.2429863 0.5702753
1740547894.250214 -9.8690958 11.8289013 11.1732311 -0.7529131 -0.2255840 -0.2423914 0.5687532
1740547894.351094 -9.8582182 11.8777380 11.1656761 -0.7546209 -0.2263804 -0.2414205 0.5665821
1740547894.459609 -9.8556976 11.9238443 11.1573210 -0.7564783 -0.2261576 -0.2414605 0.5641721
1740547894.558036 -9.8454618 11.9715405 11.1480494 -0.7586809 -0.2269352 -0.2406819 0.5612271
1740547894.663800 -9.8405285 12.0308514 11.1266689 -0.7597283 -0.2274222 -0.2397617 0.5600057
1740547894.780443 -9.8312407 12.0756388 11.1145935 -0.7614101 -0.2271888 -0.2397629 0.5578116
1740547894.887579 -9.8328562 12.1224976 11.0861368 -0.7627401 -0.2265579 -0.2404725 0.5559425
1740547894.994068 -9.8229284 12.1657953 11.0708084 -0.7644241 -0.2266592 -0.2402858 0.5536643
1740547895.093986 -9.8202667 12.2146645 11.0498343 -0.7661071 -0.2256522 -0.2406264 0.5515976
1740547895.199521 -9.8149414 12.2630358 11.0318403 -0.7674284 -0.2257205 -0.2411695 0.5494918
1740547895.412926 -9.7917442 12.3696728 11.0086870 -0.7711917 -0.2253825 -0.2407463 0.5445248
1740547895.515150 -9.7937794 12.4099302 10.9881525 -0.7716489 -0.2242739 -0.2422384 0.5436725
1740547895.623477 -9.7810001 12.4619532 10.9755468 -0.7737539 -0.2237073 -0.2421879 0.5409297
1740547895.725619 -9.7780600 12.5058050 10.9503565 -0.7734233 -0.2230142 -0.2442766 0.5407495
1740547895.945353 -9.7647047 12.6001902 10.9018888 -0.7744522 -0.2208344 -0.2467065 0.5390658
1740547896.045243 -9.7558050 12.6423492 10.8755455 -0.7739214 -0.2194763 -0.2482189 0.5396881
1740547896.249219 -9.7302914 12.7347841 10.8499289 -0.7733813 -0.2169469 -0.2513978 0.5400136
1740547896.451067 -9.7101240 12.8329515 10.8017931 -0.7707239 -0.2148435 -0.2550996 0.5429099
1740547896.662791 -9.7043190 12.9272232 10.7677155 -0.7664817 -0.2110392 -0.2611904 0.5474923
1740547896.859223 -9.6829624 13.0298681 10.7416143 -0.7603380 -0.2075400 -0.2668362 0.5546275
1740547897.071956 -9.6558294 13.1241159 10.7301235 -0.7529440 -0.2049923 -0.2724281 0.5628822
1740547897.176175 -9.6461048 13.1758213 10.7236681 -0.7493781 -0.2017098 -0.2767994 0.5666814
1740547897.384237 -9.6164312 13.2765064 10.7130976 -0.7391930 -0.1988612 -0.2835243 0.5776349
1740547897.586280 -9.5846138 13.3828287 10.7190895 -0.7298989 -0.1952684 -0.2894776 0.5876399
1740547897.695217 -9.5777016 13.4278059 10.7153835 -0.7240213 -0.1933609 -0.2933766 0.5935781
1740547897.794914 -9.5692425 13.4842997 10.7163935 -0.7194707 -0.1914600 -0.2961567 0.5983279
1740547898.006211 -9.5430079 13.5837355 10.7131605 -0.7090779 -0.1878901 -0.3016033 0.6090495
1740547898.109085 -9.5489063 13.6322708 10.7161980 -0.7039871 -0.1861180 -0.3055406 0.6135204
1740547898.325678 -9.5262642 13.7400274 10.7240810 -0.6952154 -0.1836990 -0.3092694 0.6223204
1740547898.545411 -9.5116844 13.8394804 10.7228394 -0.6857866 -0.1810039 -0.3138800 0.6312002
1740547898.755793 -9.4917641 13.9390249 10.7281780 -0.6767464 -0.1794542 -0.3178012 0.6393848
1740547898.970319 -9.4647608 14.0409966 10.7440357 -0.6696048 -0.1775847 -0.3204870 0.6460504
1740547899.194812 -9.4482861 14.1452150 10.7579765 -0.6627182 -0.1764217 -0.3232097 0.6520855
1740547899.402472 -9.4308167 14.2486324 10.7630930 -0.6558309 -0.1751592 -0.3250912 0.6584229
1740547899.512204 -9.4206848 14.2973194 10.7705193 -0.6526385 -0.1748550 -0.3262963 0.6610745
1740547899.728336 -9.3973160 14.3973675 10.7877569 -0.6468946 -0.1739548 -0.3278817 0.6661537
1740547899.947451 -9.3732090 14.5023432 10.8044596 -0.6410460 -0.1735040 -0.3293363 0.6711884
1740547900.168052 -9.3538866 14.6019993 10.8233891 -0.6355387 -0.1727744 -0.3305264 0.6760117
1740547900.386319 -9.3441429 14.7049408 10.8387966 -0.6302981 -0.1719872 -0.3325710 0.6801038
1740547900.594050 -9.3227348 14.8073616 10.8539324 -0.6248000 -0.1716879 -0.3335052 0.6847792
1740547900.805120 -9.3111267 14.9065266 10.8741140 -0.6195104 -0.1708395 -0.3351680 0.6889725
1740547901.022116 -9.2916470 15.0075312 10.8973341 -0.6145858 -0.1704560 -0.3362812 0.6929242
1740547901.241900 -9.2756958 15.1093578 10.9199953 -0.6093220 -0.1696184 -0.3375843 0.6971321
1740547901.453140 -9.2564592 15.2071333 10.9458694 -0.6043214 -0.1687735 -0.3388137 0.7010823
1740547901.668378 -9.2407341 15.3051548 10.9815378 -0.5998544 -0.1679854 -0.3400368 0.7045074
1740547901.886723 -9.2217941 15.4043140 11.0109606 -0.5950183 -0.1674314 -0.3414200 0.7080624
1740547902.101243 -9.2073288 15.5000620 11.0363722 -0.5907717 -0.1660613 -0.3429446 0.7111972
1740547902.313261 -9.1891899 15.6021461 11.0638371 -0.5862521 -0.1654263 -0.3437046 0.7147095
1740547902.636954 -9.1602802 15.7517223 11.1070061 -0.5794881 -0.1650016 -0.3449295 0.7197164
1740547903.495593 -9.1240005 15.9485655 11.1720600 -0.5728567 -0.1641738 -0.3464884 0.7244501
1740547904.139703 -9.0777254 16.2389622 11.2716970 -0.5622653 -0.1634979 -0.3478244 0.7322188
1740547904.775315 -9.0353394 16.4832344 11.3551111 -0.5552514 -0.1642638 -0.3480287 0.7372851
1740547905.490689 -8.9885006 16.8163624 11.4947853 -0.5494453 -0.1697275 -0.3450929 0.7417637
1740547906.305690 -8.9524307 17.2101517 11.6321049 -0.5483728 -0.1813217 -0.3369718 0.7435454
1740547907.125255 -8.9360237 17.6062603 11.7579603 -0.5463431 -0.1900103 -0.3310333 0.7455349
1740547907.430516 -8.9380264 17.7550659 11.8021584 -0.5440294 -0.1902491 -0.3313856 0.7470080
1740547907.742219 -8.9098349 17.9011192 11.8584003 -0.5424371 -0.1922509 -0.3306835 0.7479639
1740547908.044093 -8.8940125 18.0444813 11.9065132 -0.5424693 -0.1924261 -0.3302327 0.7480947
1740547908.351246 -8.8923903 18.1943932 11.9579296 -0.5429425 -0.1931326 -0.3286878 0.7482497
1740547908.660776 -8.8937855 18.3380661 12.0164509 -0.5444251 -0.1965761 -0.3274727 0.7468071
1740547909.056398 -8.8780355 18.5351658 12.0810585 -0.5485983 -0.2021118 -0.3224824 0.7444433
1740547909.464264 -8.8644810 18.7323551 12.1381721 -0.5547888 -0.2111377 -0.3158558 0.7401793
1740547909.855732 -8.8766823 18.9324684 12.1952457 -0.5632754 -0.2214810 -0.3081454 0.7339710
1740547910.264640 -8.8808212 19.1372166 12.2362270 -0.5726914 -0.2327397 -0.2988402 0.7270153
1740547910.663788 -8.8743114 19.3394070 12.2781010 -0.5826647 -0.2446373 -0.2897251 0.7188281
1740547911.050599 -8.8864164 19.5446167 12.2982540 -0.5921312 -0.2548079 -0.2826678 0.7103186
1740547911.345206 -8.8850870 19.7025871 12.3180389 -0.5978312 -0.2621588 -0.2750957 0.7058278
1740547911.640654 -8.9001827 19.8579903 12.3362122 -0.6034219 -0.2686252 -0.2703068 0.7004690
1740547911.938537 -8.9171619 20.0155163 12.3551636 -0.6077771 -0.2750064 -0.2646275 0.6963841
1740547912.148726 -8.9224825 20.1208038 12.3670807 -0.6107083 -0.2797543 -0.2608846 0.6933342
1740547912.452917 -8.9268675 20.2815437 12.3768311 -0.6150265 -0.2864320 -0.2540417 0.6893199
1740547912.749914 -8.9566765 20.4311924 12.3719673 -0.6192104 -0.2912229 -0.2504158 0.6848792
1740547912.951035 -8.9695673 20.5310097 12.3651161 -0.6215401 -0.2945885 -0.2467596 0.6826531
1740547913.143507 -8.9848719 20.6318874 12.3711052 -0.6238137 -0.2981815 -0.2454114 0.6794980
1740547913.339983 -8.9904842 20.7319756 12.3828621 -0.6262847 -0.3010281 -0.2421489 0.6771362
1740547913.540368 -8.9904404 20.8319016 12.3804779 -0.6275815 -0.3030673 -0.2380540 0.6764777
1740547913.637949 -9.0038872 20.8760185 12.3892288 -0.6289864 -0.3045140 -0.2383055 0.6744315
1740547913.837196 -9.0032873 20.9749985 12.3846645 -0.6294215 -0.3067108 -0.2345584 0.6743436
1740547913.939461 -9.0383234 21.0077705 12.3585644 -0.6290588 -0.3053947 -0.2382126 0.6739984
1740547914.038869 -9.0439634 21.0589275 12.3709240 -0.6309034 -0.3063155 -0.2375897 0.6720735
1740547914.134679 -9.0555382 21.0936165 12.3680706 -0.6298650 -0.3069407 -0.2386217 0.6723966
1740547914.237054 -9.0641632 21.1459732 12.3641815 -0.6311693 -0.3064373 -0.2380883 0.6715918
1740547914.334515 -9.0719166 21.1926842 12.3594570 -0.6312935 -0.3076607 -0.2381458 0.6708950
1740547914.434699 -9.0785627 21.2384644 12.3757935 -0.6323750 -0.3085513 -0.2379394 0.6695392
1740547914.531717 -9.0822563 21.2787056 12.3596191 -0.6312929 -0.3074520 -0.2378827 0.6710845
1740547914.627910 -9.0881939 21.3240604 12.3656597 -0.6319792 -0.3082659 -0.2373781 0.6702433
1740547914.733696 -9.1054401 21.3637333 12.3353233 -0.6303568 -0.3067715 -0.2376479 0.6723579
1740547914.832695 -9.1196356 21.4017200 12.3270130 -0.6308309 -0.3053246 -0.2383454 0.6723248
1740547914.933232 -9.1319790 21.4443016 12.3231010 -0.6307698 -0.3059704 -0.2396697 0.6716174
1740547915.031566 -9.1433420 21.4869843 12.3163586 -0.6302782 -0.3056256 -0.2399771 0.6721260
1740547915.125191 -9.1593151 21.5295944 12.3215141 -0.6325388 -0.3049163 -0.2410417 0.6699400
1740547915.226906 -9.1754217 21.5681210 12.3056202 -0.6316882 -0.3034648 -0.2427735 0.6707758
1740547915.322579 -9.2033663 21.6007519 12.3008671 -0.6341829 -0.3017283 -0.2472983 0.6675444
1740547915.435944 -9.2224092 21.6442051 12.3097897 -0.6362880 -0.3008632 -0.2481173 0.6656250
1740547915.532530 -9.2187185 21.6916142 12.2950687 -0.6344137 -0.3005288 -0.2447600 0.6688007
1740547915.627219 -9.2417068 21.7217770 12.2625828 -0.6342424 -0.2987189 -0.2465714 0.6691085
1740547915.731977 -9.2465515 21.7226276 12.2764988 -0.6366956 -0.3013404 -0.2471879 0.6653653
1740547915.826470 -9.2427521 21.7462692 12.3071785 -0.6407991 -0.3036896 -0.2454883 0.6609725
1740547915.939862 -9.2445278 21.7481270 12.3086395 -0.6420828 -0.3042409 -0.2443394 0.6598981
1740547916.034767 -9.2624512 21.7557793 12.3465652 -0.6464721 -0.3043674 -0.2414526 0.6566087
1740547916.133606 -9.2702742 21.7914124 12.3499928 -0.6478273 -0.3052984 -0.2413606 0.6548723
1740547916.232663 -9.2774858 21.8317471 12.3427448 -0.6473853 -0.3040214 -0.2416582 0.6557931
1740547916.332314 -9.3037634 21.8549156 12.3507252 -0.6508725 -0.3027342 -0.2428683 0.6524814
1740547916.443071 -9.2961988 21.8630581 12.3714256 -0.6546711 -0.3062044 -0.2409510 0.6477556
1740547916.536389 -9.3113565 21.8775654 12.4151154 -0.6598152 -0.3075438 -0.2401456 0.6421766
1740547916.633723 -9.3148403 21.8906136 12.4299068 -0.6625293 -0.3088814 -0.2386685 0.6392844
1740547916.735829 -9.3122072 21.9096832 12.4804707 -0.6672084 -0.3120213 -0.2351586 0.6341735
1740547916.833174 -9.3152494 21.9165688 12.5088978 -0.6707534 -0.3156536 -0.2340391 0.6290297
1740547916.943488 -9.3037109 21.9210606 12.5129604 -0.6712747 -0.3178236 -0.2320709 0.6281095
1740547917.041500 -9.3029613 21.9253139 12.5278378 -0.6726002 -0.3208192 -0.2308179 0.6256254
1740547917.140417 -9.2871780 21.9399204 12.5541420 -0.6752469 -0.3234963 -0.2277190 0.6225238
1740547917.244135 -9.2824345 21.9617596 12.5743885 -0.6774480 -0.3269735 -0.2272347 0.6184795
1740547917.340897 -9.2768316 21.9803410 12.6218414 -0.6818773 -0.3292693 -0.2239200 0.6135836
1740547917.453274 -9.2837181 22.0140495 12.6826935 -0.6888123 -0.3317387 -0.2203252 0.6057589
1740547917.548579 -9.2805576 22.0407066 12.7145157 -0.6933818 -0.3346247 -0.2197345 0.5991367
1740547917.648375 -9.2679996 22.0832443 12.7501545 -0.6968371 -0.3378150 -0.2172306 0.5942307
1740547917.748901 -9.2743187 22.1058197 12.7803516 -0.7002161 -0.3390296 -0.2142720 0.5906301
1740547917.847907 -9.2886286 22.1287746 12.8249149 -0.7046430 -0.3409990 -0.2138277 0.5843592
1740547918.150905 -9.1692924 22.1868572 13.1007652 -0.7179860 -0.3549921 -0.1960287 0.5657291
1740547918.355727 -9.1904783 22.1797676 13.0983372 -0.7181492 -0.3549994 -0.1992947 0.5643747
1740547918.558980 -9.1922417 22.1686440 13.0837784 -0.7180623 -0.3548536 -0.2003060 0.5642189
1740547918.761634 -9.2064600 22.1750488 13.1418285 -0.7224189 -0.3547466 -0.1986282 0.5592965
1740547918.970481 -9.2224026 22.1878929 13.1890793 -0.7258297 -0.3548011 -0.1976754 0.5551684
1740547919.167426 -9.2686491 22.1884251 13.2276115 -0.7289591 -0.3543792 -0.2011546 0.5500644
1740547919.274296 -9.2721519 22.1981850 13.2583523 -0.7299325 -0.3553748 -0.2019704 0.5478277
1740547919.373580 -9.2699108 22.1909332 13.2386780 -0.7294116 -0.3535096 -0.2031262 0.5492990
1740547919.479338 -9.2922897 22.2156773 13.2481861 -0.7309870 -0.3543968 -0.2037334 0.5464007
1740547919.575861 -9.2845592 22.2456169 13.2263737 -0.7309544 -0.3550520 -0.2008702 0.5470785
1740547919.675012 -9.2876568 22.2445564 13.2125683 -0.7301725 -0.3534979 -0.2024181 0.5485566
1740547919.780367 -9.2793503 22.2545128 13.2173328 -0.7311957 -0.3522882 -0.1995178 0.5490341
1740547919.875703 -9.2680731 22.2607231 13.1837292 -0.7286074 -0.3531450 -0.1994570 0.5519392
1740547919.981582 -9.2742624 22.2693787 13.2099228 -0.7299863 -0.3518441 -0.1993941 0.5509699
1740547920.085262 -9.2898483 22.2651711 13.1884403 -0.7295688 -0.3496061 -0.2021672 0.5519360
1740547920.182357 -9.3008137 22.2739201 13.1799049 -0.7289807 -0.3498171 -0.2034949 0.5520916
1740547920.284572 -9.3057594 22.2981224 13.1751842 -0.7295293 -0.3496589 -0.2035561 0.5514441
1740547920.385782 -9.3010550 22.3160591 13.1741886 -0.7292323 -0.3503030 -0.2026488 0.5517623
1740547920.495689 -9.2607651 22.3341770 13.1480961 -0.7260947 -0.3516494 -0.1997585 0.5560807
1740547920.592746 -9.2469320 22.3712902 13.1871586 -0.7305439 -0.3523161 -0.1953236 0.5513873
1740547920.691575 -9.2403193 22.3673897 13.1710281 -0.7289251 -0.3510310 -0.1965819 0.5538962
1740547920.795896 -9.2309027 22.3785782 13.1488857 -0.7281718 -0.3498751 -0.1956394 0.5559484
1740547920.891976 -9.2037983 22.3925095 13.1624374 -0.7275388 -0.3514995 -0.1956477 0.5557495
1740547921.003157 -9.2157984 22.3923454 13.1686382 -0.7285244 -0.3492286 -0.1976268 0.5551894
1740547921.100497 -9.1877193 22.4288616 13.1845570 -0.7282972 -0.3524043 -0.1948336 0.5544676
1740547921.197258 -9.1597328 22.4650612 13.2382755 -0.7314318 -0.3552532 -0.1901773 0.5501230
1740547921.301627 -9.1604614 22.4683170 13.2187614 -0.7289849 -0.3558007 -0.1934440 0.5518754
1740547921.399527 -9.1259537 22.4908752 13.2464523 -0.7302374 -0.3572384 -0.1885918 0.5509694
1740547921.507249 -9.1265106 22.5010605 13.2139721 -0.7281781 -0.3566518 -0.1890008 0.5539268
1740547921.613097 -9.1084709 22.5093098 13.2104282 -0.7277153 -0.3563108 -0.1872803 0.5553370
1740547921.721560 -9.1041546 22.5357628 13.2371635 -0.7293510 -0.3558009 -0.1852010 0.5542142
1740547921.816776 -9.1035433 22.5707836 13.2501888 -0.7313516 -0.3574494 -0.1841049 0.5508721
1740547921.917357 -9.1262217 22.5726433 13.2491035 -0.7305221 -0.3559999 -0.1876040 0.5517303
1740547922.018345 -9.1239758 22.5987358 13.2427177 -0.7298013 -0.3562597 -0.1857962 0.5531266
1740547922.118645 -9.0937958 22.6234398 13.2696571 -0.7304634 -0.3592613 -0.1817445 0.5516551
1740547922.225270 -9.1030531 22.6674786 13.2837524 -0.7332901 -0.3583322 -0.1811987 0.5486808
1740547922.320121 -9.1065254 22.6955547 13.3184357 -0.7349013 -0.3593417 -0.1803905 0.5461254
1740547922.421862 -9.0858355 22.7359428 13.3395710 -0.7356297 -0.3629742 -0.1770561 0.5438289
1740547922.529901 -9.0864305 22.7454720 13.3440304 -0.7353268 -0.3610472 -0.1774462 0.5453919
1740547922.628053 -9.0812683 22.7554817 13.3560982 -0.7351626 -0.3611752 -0.1770856 0.5456457
1740547922.736284 -9.0519247 22.7714653 13.3604393 -0.7344033 -0.3617781 -0.1745235 0.5470923
1740547922.832865 -9.0373764 22.7862015 13.3705826 -0.7346992 -0.3623562 -0.1730385 0.5467840
1740547922.931726 -9.0150776 22.8058624 13.3642921 -0.7326469 -0.3644311 -0.1721534 0.5484357
1740547923.034155 -9.0014544 22.8178043 13.3721046 -0.7323328 -0.3647887 -0.1705297 0.5491244
1740547923.133586 -9.0056553 22.8497066 13.3886566 -0.7334548 -0.3650739 -0.1697498 0.5476770
1740547923.241165 -9.0082417 22.8655052 13.3935852 -0.7324962 -0.3671200 -0.1711267 0.5471635
1740547923.337476 -8.9953356 22.8684311 13.3932114 -0.7311050 -0.3693474 -0.1705276 0.5477120
1740547923.436972 -8.9764223 22.9295502 13.4253407 -0.7331508 -0.3710836 -0.1676349 0.5446884
1740547923.542204 -8.9609499 22.9433346 13.4460011 -0.7340396 -0.3691653 -0.1658002 0.5453560
1740547923.642752 -8.9674711 22.9812737 13.4565678 -0.7358460 -0.3712272 -0.1664096 0.5413215
1740547923.750019 -8.9481974 22.9909382 13.4682274 -0.7342649 -0.3737407 -0.1661221 0.5418270
1740547923.849210 -8.9398861 23.0442581 13.4924583 -0.7368931 -0.3747530 -0.1629074 0.5385258
1740547923.947298 -8.9353809 23.0511799 13.4981518 -0.7372989 -0.3748471 -0.1622753 0.5380954
1740547924.056485 -8.8876801 23.0736675 13.5263042 -0.7373414 -0.3764826 -0.1559408 0.5387680
1740547924.156523 -8.8768768 23.0997505 13.5548820 -0.7390179 -0.3772031 -0.1540115 0.5365173
1740547924.263507 -8.8484011 23.1221313 13.5923042 -0.7398658 -0.3786785 -0.1501519 0.5354022
1740547924.363828 -8.8488922 23.1718140 13.6144085 -0.7426833 -0.3793796 -0.1495511 0.5311565
1740547924.466410 -8.8179474 23.1625900 13.5973110 -0.7394049 -0.3795579 -0.1482568 0.5359442
1740547924.575447 -8.7936697 23.2151337 13.6254215 -0.7393610 -0.3850358 -0.1464199 0.5325919
1740547924.675698 -8.7975559 23.2682533 13.6727543 -0.7440990 -0.3845126 -0.1438760 0.5270356
1740547924.782750 -8.8112469 23.3249264 13.7208786 -0.7492473 -0.3829441 -0.1422193 0.5213023
1740547924.882597 -8.7690725 23.3152885 13.6924629 -0.7452531 -0.3847861 -0.1403354 0.5261592
1740547924.996704 -8.7494860 23.3422852 13.7201977 -0.7452493 -0.3866582 -0.1395066 0.5250114
1740547925.095516 -8.6981535 23.3635216 13.7571583 -0.7458163 -0.3889069 -0.1343628 0.5238857
1740547925.197809 -8.6249037 23.3859577 13.7781944 -0.7440474 -0.3910357 -0.1272879 0.5265760
1740547925.307900 -8.5628757 23.3914528 13.7839909 -0.7413950 -0.3920339 -0.1220607 0.5307957
1740547925.407455 -8.5368986 23.4206161 13.7992992 -0.7411122 -0.3925285 -0.1200431 0.5312849
1740547925.513580 -8.4880733 23.4601631 13.8313560 -0.7423605 -0.3925568 -0.1134092 0.5309787
1740547925.614506 -8.4999990 23.4575882 13.7913666 -0.7397518 -0.3909751 -0.1190296 0.5345445
1740547925.712595 -8.4669724 23.4629765 13.7633286 -0.7380804 -0.3891643 -0.1169719 0.5386149
1740547925.817819 -8.4415550 23.4572620 13.6984863 -0.7337520 -0.3876516 -0.1169047 0.5455891
1740547925.919914 -8.4053488 23.4642487 13.6687851 -0.7307172 -0.3879341 -0.1149762 0.5498545
1740547926.031573 -8.4411430 23.4580879 13.6144180 -0.7284726 -0.3838833 -0.1220522 0.5541340
1740547926.130968 -8.4453287 23.4546700 13.5559959 -0.7249788 -0.3817644 -0.1250627 0.5594829
1740547926.235299 -8.4612732 23.4531116 13.5222301 -0.7232530 -0.3797192 -0.1293286 0.5621321
1740547926.335032 -8.4942408 23.4599457 13.5314808 -0.7253389 -0.3769373 -0.1317931 0.5607426
1740547926.436271 -8.5218401 23.4644451 13.5003281 -0.7242640 -0.3745165 -0.1361406 0.5627120
1740547926.543397 -8.5580893 23.4574299 13.4385433 -0.7211658 -0.3711559 -0.1429852 0.5672023
1740547926.647285 -8.5637913 23.4794388 13.4456863 -0.7221272 -0.3697988 -0.1417426 0.5671774
1740547926.752759 -8.6181402 23.4794369 13.4084225 -0.7217379 -0.3652017 -0.1480509 0.5690369
1740547926.851063 -8.6161976 23.4910774 13.3794823 -0.7202340 -0.3641130 -0.1485696 0.5714995
1740547926.952406 -8.6291847 23.5008564 13.3467770 -0.7188299 -0.3633317 -0.1507302 0.5731964
1740547927.067791 -8.6919031 23.5189743 13.3307610 -0.7196780 -0.3591230 -0.1572545 0.5730317
1740547927.173121 -8.7166061 23.5407314 13.3481674 -0.7222910 -0.3575227 -0.1592928 0.5701746
1740547927.286250 -8.7165976 23.5569611 13.3479061 -0.7220178 -0.3580160 -0.1602669 0.5699382
1740547927.386720 -8.7464094 23.5589733 13.2958508 -0.7209947 -0.3549500 -0.1655139 0.5716488
1740547927.499222 -8.7723732 23.5647030 13.2509537 -0.7193025 -0.3529265 -0.1695101 0.5738580
1740547927.602879 -8.8030062 23.5709953 13.2190838 -0.7188606 -0.3510458 -0.1748601 0.5739603
1740547927.701961 -8.8029099 23.5765610 13.1849117 -0.7170110 -0.3513562 -0.1762522 0.5756554
1740547927.810622 -8.8291092 23.5551205 13.0789547 -0.7093737 -0.3525264 -0.1844468 0.5818019
1740547927.912953 -8.8131895 23.5774918 13.0636139 -0.7091577 -0.3542494 -0.1844417 0.5810198
1740547928.020417 -8.7972631 23.5802593 13.0370502 -0.7070668 -0.3563692 -0.1828353 0.5827768
1740547928.121404 -8.8001156 23.5908413 12.9998436 -0.7054103 -0.3561709 -0.1845639 0.5843585
1740547928.221239 -8.8432465 23.6069489 12.9888496 -0.7072452 -0.3544221 -0.1896068 0.5815828
1740547928.343291 -8.8456602 23.6214848 12.9815712 -0.7070823 -0.3562934 -0.1905929 0.5803137
1740547928.446701 -8.8517599 23.6499462 12.9619827 -0.7080197 -0.3550704 -0.1899894 0.5801181
1740547928.556987 -8.8666363 23.7004261 13.0000153 -0.7115927 -0.3573797 -0.1886751 0.5747324
1740547928.658809 -8.8664799 23.7543507 13.0084076 -0.7130296 -0.3597892 -0.1869565 0.5720034
1740547928.765595 -8.9121704 23.7897530 13.0118332 -0.7149453 -0.3585010 -0.1911706 0.5690202
1740547928.866549 -8.9074850 23.8300934 13.0400906 -0.7181591 -0.3611741 -0.1878975 0.5643538
1740547928.965951 -8.9480791 23.8707619 13.0638504 -0.7214189 -0.3618702 -0.1901432 0.5589726
1740547929.074946 -8.9607897 23.9037590 13.0519257 -0.7223584 -0.3609515 -0.1905108 0.5582275
1740547929.176852 -8.9686022 23.9561749 13.0714874 -0.7252283 -0.3628590 -0.1892914 0.5536661
1740547929.288346 -9.0021706 23.9920387 13.0687561 -0.7275032 -0.3602642 -0.1907508 0.5518722
1740547929.389957 -9.0062923 24.0269241 13.0530033 -0.7280828 -0.3606535 -0.1901520 0.5510597
1740547929.495555 -9.0175123 24.0517769 13.0120392 -0.7249576 -0.3613049 -0.1940947 0.5533736
1740547930.012408 -9.0339355 24.2483864 12.9407482 -0.7251176 -0.3609498 -0.1925851 0.5539230
1740547930.215816 -9.0799732 24.3081856 12.8822880 -0.7238892 -0.3566895 -0.1986680 0.5561368
1740547930.749661 -9.1195812 24.5026245 12.8317585 -0.7248465 -0.3544537 -0.2011303 0.5554338
1740547930.952518 -9.1246929 24.5850487 12.8160667 -0.7253877 -0.3541274 -0.2018400 0.5546775
1740547931.157326 -9.1270008 24.6688576 12.7911777 -0.7254068 -0.3539328 -0.2020660 0.5546945
