1740547825.606620 0.0000000 0.0000000 0.0000000 -0.0000000 -0.0000000 -0.0000000 1.0000000
1740547826.504468 -0.0171627 0.0137168 0.0033491 0.0001123 -0.0009444 -0.0000742 0.9999996
1740547826.668672 0.0027244 0.0089585 0.0670717 -0.0008725 -0.0068031 0.0003461 0.9999765
1740547826.789244 0.0061679 -0.0066382 0.1103367 -0.0036393 -0.0130151 -0.0019870 0.9999067
1740547826.890055 0.0359095 0.0405035 0.1757032 -0.0039977 -0.0239051 0.0015538 0.9997051
1740547826.995250 0.0135564 0.0135691 0.2142015 -0.0073432 -0.0331814 0.0004191 0.9994223
1740547827.096391 0.0117710 -0.0178135 0.2410546 -0.0108220 -0.0435372 -0.0006155 0.9989930
1740547827.198802 -0.0301014 0.0025163 0.2635045 -0.0130313 -0.0557522 -0.0024501 0.9983566
1740547827.306810 -0.0396891 -0.0031850 0.3108754 -0.0153338 -0.0707854 -0.0025728 0.9973704
1740547827.407826 -0.0426211 0.0362634 0.3918733 -0.0192330 -0.0887091 0.0001573 0.9958719
1740547827.508610 -0.0893688 -0.0056809 0.3838655 -0.0230610 -0.1018049 -0.0015327 0.9945359
1740547827.606169 -0.1077547 0.0179000 0.4245923 -0.0270224 -0.1194817 -0.0009797 0.9924681
1740547827.715587 -0.1219000 0.0285586 0.4490360 -0.0299349 -0.1372927 -0.0009299 0.9900777
1740547827.815382 -0.1226531 0.0317296 0.4760622 -0.0331378 -0.1573307 -0.0009236 0.9869894
1740547827.913329 -0.1558090 0.0357439 0.5363510 -0.0375319 -0.1744996 -0.0005393 0.9839416
1740547828.015570 -0.1853850 0.0541692 0.5364901 -0.0389762 -0.1908859 -0.0001096 0.9808382
1740547828.112706 -0.2212310 0.0455792 0.5858839 -0.0416541 -0.2094001 -0.0017141 0.9769409
1740547828.220495 -0.2211054 0.0645057 0.6101941 -0.0423917 -0.2260444 -0.0001165 0.9731942
1740547828.319247 -0.2230074 0.0532788 0.6579657 -0.0436559 -0.2433778 -0.0003928 0.9689485
1740547828.417876 -0.2604653 0.0824439 0.6837661 -0.0456595 -0.2578600 0.0013807 0.9651018
1740547828.523608 -0.2790789 0.1111041 0.7187178 -0.0448193 -0.2708306 0.0006688 0.9615829
1740547828.621318 -0.2852772 0.1221557 0.7387206 -0.0455340 -0.2831645 0.0034159 0.9579837
1740547828.724355 -0.2832250 0.1042824 0.8075035 -0.0476511 -0.2974386 0.0042962 0.9535415
1740547828.827042 -0.3379244 0.0611613 0.8258361 -0.0496567 -0.3067534 0.0035712 0.9504861
1740547828.928403 -0.3580523 0.1418883 0.8559248 -0.0467084 -0.3157402 0.0058377 0.9476774
1740547829.041802 -0.3669739 0.1368405 0.9098194 -0.0459386 -0.3271475 0.0057874 0.9438383
1740547829.146408 -0.3944340 0.1326506 0.9563265 -0.0476314 -0.3353999 0.0070243 0.9408448
1740547829.258789 -0.4347398 0.1407785 0.9635669 -0.0465413 -0.3398876 0.0065096 0.9392912
1740547829.357271 -0.4869513 0.1184302 1.0087379 -0.0477534 -0.3463196 0.0057159 0.9368830
1740547829.460928 -0.4985759 0.1281105 1.0352246 -0.0471017 -0.3521960 0.0061260 0.9347202
1740547829.564482 -0.5287668 0.1121158 1.0743102 -0.0480203 -0.3576965 0.0073586 0.9325734
1740547829.663149 -0.5545199 0.1332546 1.1172439 -0.0477556 -0.3626373 0.0072011 0.9306781
1740547829.768788 -0.5711601 0.1563744 1.1345633 -0.0461823 -0.3665178 0.0092223 0.9292185
1740547829.875377 -0.6155749 0.1410853 1.1639892 -0.0472595 -0.3699937 0.0083468 0.9277939
1740547829.982518 -0.6457280 0.1553187 1.1986651 -0.0471127 -0.3730365 0.0089354 0.9265767
1740547830.089872 -0.6783893 0.1670351 1.2281080 -0.0468532 -0.3763154 0.0084119 0.9252679
1740547830.196228 -0.7073960 0.1843590 1.2671841 -0.0472965 -0.3789282 0.0085961 0.9241767
1740547830.308290 -0.7348247 0.1982097 1.2975004 -0.0477700 -0.3819678 0.0085369 0.9229007
1740547830.413881 -0.7638979 0.2076154 1.3309529 -0.0486709 -0.3844586 0.0087077 0.9218172
1740547830.526376 -0.8006321 0.2264234 1.3616122 -0.0490979 -0.3863610 0.0082919 0.9210026
1740547830.631253 -0.8325437 0.2337417 1.3918757 -0.0499407 -0.3883017 0.0081381 0.9201421
1740547830.742780 -0.8567622 0.2448490 1.4239802 -0.0510579 -0.3904310 0.0085257 0.9191757
1740547830.847594 -0.8938377 0.2579533 1.4543817 -0.0517447 -0.3921346 0.0072502 0.9184228
1740547830.948684 -0.9291652 0.2623003 1.4844303 -0.0529815 -0.3932525 0.0070458 0.9178757
1740547831.056263 -0.9467375 0.2907774 1.5177529 -0.0527123 -0.3950624 0.0073259 0.9171115
1740547831.156623 -0.9843105 0.2979006 1.5489069 -0.0538065 -0.3960742 0.0065935 0.9166169
1740547831.261563 -1.0168469 0.3096807 1.5766178 -0.0546803 -0.3968485 0.0061098 0.9162336
1740547831.365353 -1.0341609 0.3249418 1.6163449 -0.0554213 -0.3988644 0.0059476 0.9153143
1740547831.475824 -1.0572213 0.3387582 1.6495216 -0.0558037 -0.4002923 0.0058646 0.9146681
1740547831.582445 -1.0863702 0.3366068 1.6874781 -0.0571490 -0.4017969 0.0056632 0.9139263
1740547831.689221 -1.1080507 0.3504460 1.7193923 -0.0572123 -0.4029267 0.0057083 0.9134244
1740547831.798640 -1.1356440 0.3606796 1.7557530 -0.0578194 -0.4043534 0.0056671 0.9127558
1740547831.904891 -1.1639879 0.3763256 1.7837429 -0.0576423 -0.4052165 0.0058381 0.9123831
1740547832.014512 -1.1889654 0.3938274 1.8199940 -0.0574498 -0.4067053 0.0058987 0.9117321
1740547832.122702 -1.2117292 0.4070894 1.8508012 -0.0574025 -0.4076813 0.0059789 0.9112987
1740547832.230678 -1.2475296 0.4117363 1.8811958 -0.0580037 -0.4083075 0.0058632 0.9109809
1740547832.341880 -1.2888298 0.4272016 1.8951406 -0.0575277 -0.4078706 0.0056156 0.9112083
1740547832.444281 -1.3073673 0.4378835 1.9290750 -0.0575808 -0.4091802 0.0060324 0.9106150
1740547832.553452 -1.3291318 0.4517761 1.9623405 -0.0576086 -0.4100972 0.0064867 0.9101975
1740547832.659127 -1.3525298 0.4704423 1.9962759 -0.0571255 -0.4108462 0.0067479 0.9098883
1740547832.769321 -1.3754741 0.4880536 2.0304289 -0.0564570 -0.4115159 0.0064729 0.9096293
1740547832.876192 -1.3951061 0.5023933 2.0579352 -0.0562189 -0.4118996 0.0076826 0.9094609
1740547832.977758 -1.4120452 0.5197728 2.0890789 -0.0549324 -0.4130325 0.0079615 0.9090232
1740547833.076028 -1.4357946 0.5340958 2.1288013 -0.0552587 -0.4136008 0.0082623 0.9087423
1740547833.173548 -1.4548683 0.5450618 2.1651568 -0.0551796 -0.4140454 0.0088717 0.9085389
1740547833.275140 -1.4785827 0.5594265 2.2019970 -0.0549441 -0.4142722 0.0092568 0.9084459
1740547833.372465 -1.5048498 0.5762082 2.2250667 -0.0538826 -0.4135975 0.0105784 0.9088024
1740547833.487374 -1.5351120 0.5846996 2.2569280 -0.0534144 -0.4137236 0.0099182 0.9087802
1740547833.582678 -1.5573224 0.5961335 2.2848811 -0.0522856 -0.4136114 0.0104852 0.9088905
1740547833.680570 -1.5823524 0.6078148 2.3217809 -0.0523099 -0.4135783 0.0104393 0.9089047
1740547833.794889 -1.6044874 0.6177813 2.3568683 -0.0522652 -0.4139937 0.0104183 0.9087184
1740547833.891813 -1.6226420 0.6291152 2.3886743 -0.0513027 -0.4146904 0.0106537 0.9084528
1740547833.992393 -1.6397378 0.6395048 2.4180954 -0.0508953 -0.4158503 0.0105640 0.9079464
1740547834.093864 -1.6617930 0.6520022 2.4459620 -0.0505902 -0.4162067 0.0111003 0.9077937
1740547834.190516 -1.6820381 0.6678932 2.4695911 -0.0488865 -0.4154474 0.0126271 0.9082148
1740547834.296746 -1.7030430 0.6774761 2.5111465 -0.0491732 -0.4167603 0.0124382 0.9076003
1740547834.393775 -1.7224407 0.6898413 2.5396366 -0.0484322 -0.4170925 0.0131852 0.9074769
1740547834.494969 -1.7539377 0.7036447 2.5662227 -0.0479444 -0.4173732 0.0129511 0.9073772
1740547834.592822 -1.7708186 0.7136633 2.5921142 -0.0471933 -0.4176225 0.0149025 0.9072719
1740547834.691297 -1.7962782 0.7234557 2.6270642 -0.0464637 -0.4178028 0.0152342 0.9072210
1740547834.798541 -1.8133593 0.7352514 2.6535878 -0.0450438 -0.4190958 0.0154072 0.9066931
1740547834.899717 -1.8400762 0.7510441 2.6847968 -0.0440200 -0.4192840 0.0172002 0.9066241
1740547835.006666 -1.8715888 0.7607547 2.7274022 -0.0439327 -0.4193237 0.0169997 0.9066138
1740547835.103728 -1.8956549 0.7656248 2.7654924 -0.0432212 -0.4201244 0.0179413 0.9062591
1740547835.203291 -1.9248397 0.7793022 2.8029289 -0.0416431 -0.4198481 0.0183932 0.9064519
1740547835.308426 -1.9683185 0.7921895 2.8353281 -0.0407385 -0.4196177 0.0184863 0.9065979
1740547835.405457 -1.9870862 0.8055257 2.8636169 -0.0379324 -0.4206386 0.0190266 0.9062352
1740547835.509892 -2.0228183 0.8175425 2.8993320 -0.0364558 -0.4204492 0.0204774 0.9063522
1740547835.611902 -2.0605350 0.8369244 2.9346328 -0.0335386 -0.4207698 0.0207561 0.9063096
1740547835.707614 -2.0804095 0.8378266 2.9650927 -0.0314804 -0.4216328 0.0224962 0.9059408
1740547835.809392 -2.1231606 0.8529123 2.9912207 -0.0285524 -0.4213513 0.0236436 0.9061396
1740547835.910881 -2.1567609 0.8592930 3.0250535 -0.0252409 -0.4215677 0.0249297 0.9061027
1740547836.017007 -2.1835029 0.8596559 3.0559819 -0.0207790 -0.4223964 0.0266599 0.9057808
1740547836.114504 -2.2232430 0.8582310 3.0842760 -0.0174301 -0.4225161 0.0284725 0.9057404
1740547836.212376 -2.2549510 0.8530011 3.1223702 -0.0134922 -0.4235300 0.0299267 0.9052871
1740547836.314715 -2.2765484 0.8477826 3.1641681 -0.0095388 -0.4255471 0.0317602 0.9043285
1740547836.412877 -2.3031068 0.8374673 3.2028956 -0.0058889 -0.4268526 0.0339778 0.9036635
1740547836.520238 -2.3234529 0.8252928 3.2320418 -0.0028930 -0.4292556 0.0371938 0.9024123
1740547836.621150 -2.3325281 0.8317023 3.2590280 0.0014538 -0.4324840 0.0382121 0.9008304
1740547836.727054 -2.3574233 0.8423696 3.2882402 0.0064842 -0.4346767 0.0387528 0.8997291
1740547836.830554 -2.3758585 0.8375812 3.3181593 0.0107362 -0.4372627 0.0416122 0.8983065
1740547836.935793 -2.3810153 0.8380930 3.3323302 0.0138672 -0.4406741 0.0419893 0.8965774
1740547837.044768 -2.4050162 0.8168254 3.3599181 0.0164933 -0.4426707 0.0433656 0.8954831
1740547837.145133 -2.4234359 0.8066061 3.3954029 0.0184741 -0.4456607 0.0444091 0.8939089
1740547837.248781 -2.4373827 0.7994986 3.4139621 0.0199351 -0.4473164 0.0448954 0.8930258
1740547837.350561 -2.4383502 0.7973688 3.4219294 0.0229250 -0.4495560 0.0459998 0.8917723
1740547837.451360 -2.4505424 0.7926346 3.4426241 0.0259398 -0.4524703 0.0478376 0.8901176
1740547837.560878 -2.4641285 0.7841927 3.4661803 0.0269322 -0.4554043 0.0493960 0.8885053
1740547837.657598 -2.4715056 0.7807904 3.4786005 0.0295451 -0.4575233 0.0489712 0.8873564
1740547837.759426 -2.4749498 0.7789206 3.4955721 0.0313746 -0.4600990 0.0496090 0.8859252
1740547837.858931 -2.4911022 0.7745450 3.5294211 0.0329748 -0.4631050 0.0507740 0.8842333
1740547837.959583 -2.5067298 0.7750315 3.5541995 0.0350798 -0.4644381 0.0513512 0.8834193
1740547838.063038 -2.5212727 0.7711403 3.5748210 0.0363756 -0.4668179 0.0514047 0.8821085
1740547838.160674 -2.5211339 0.7705672 3.5773253 0.0370788 -0.4668707 0.0517795 0.8820294
1740547838.263605 -2.5201113 0.7714978 3.5755749 0.0388987 -0.4661256 0.0518565 0.8823406
1740547838.362964 -2.5422211 0.7831396 3.5920591 0.0426368 -0.4674620 0.0529898 0.8813929
1740547838.460344 -2.5565464 0.7714537 3.6094666 0.0426318 -0.4693649 0.0523049 0.8804222
1740547838.562159 -2.5702581 0.7614993 3.6258283 0.0420550 -0.4718281 0.0518887 0.8791571
1740547838.661879 -2.6058986 0.7810671 3.6524363 0.0441693 -0.4728603 0.0527567 0.8784469
1740547838.765902 -2.6378021 0.7846433 3.6760960 0.0465029 -0.4734475 0.0535707 0.8779608
1740547838.867156 -2.6601970 0.7738355 3.6932795 0.0470757 -0.4737803 0.0529280 0.8777897
1740547838.970630 -2.6836793 0.7565845 3.7095361 0.0453681 -0.4755292 0.0523980 0.8769653
1740547839.085663 -2.6949849 0.7631022 3.7374701 0.0459984 -0.4779158 0.0518495 0.8756667
1740547839.183511 -2.7181461 0.7743664 3.7554464 0.0474649 -0.4781789 0.0524454 0.8754093
1740547839.288216 -2.7287154 0.7634547 3.7602153 0.0475039 -0.4788274 0.0513793 0.8751159
1740547839.388053 -2.7531838 0.7391970 3.7805581 0.0453821 -0.4799568 0.0505640 0.8746572
1740547839.504007 -2.7769730 0.7332000 3.7816939 0.0436971 -0.4794648 0.0510222 0.8749862
1740547839.599781 -2.8040967 0.7459061 3.7830780 0.0445683 -0.4783107 0.0513652 0.8755536
1740547839.699409 -2.8411431 0.7438098 3.7901263 0.0448107 -0.4780590 0.0515319 0.8756689
1740547839.813940 -2.8642025 0.7457927 3.8157692 0.0443985 -0.4787215 0.0521860 0.8752892
1740547839.911302 -2.8893585 0.7461977 3.8229952 0.0444262 -0.4789149 0.0514304 0.8752267
1740547840.013214 -2.9102917 0.7381819 3.8489759 0.0436712 -0.4803521 0.0503021 0.8745424
1740547840.112464 -2.9385679 0.7405793 3.8571680 0.0436075 -0.4796892 0.0498705 0.8749341
1740547840.210873 -2.9684680 0.7497202 3.8610928 0.0454836 -0.4785915 0.0518237 0.8753261
1740547840.318319 -2.9853714 0.7314523 3.8760002 0.0423694 -0.4789577 0.0504395 0.8753629
1740547840.416781 -3.0133758 0.7301688 3.8863311 0.0422559 -0.4789703 0.0501886 0.8753759
1740547840.521651 -3.0511417 0.7280688 3.8931720 0.0434029 -0.4772069 0.0500877 0.8762882
1740547840.622710 -3.0738475 0.7185112 3.9113851 0.0418070 -0.4765766 0.0486817 0.8767879
1740547840.721632 -3.0997312 0.7216951 3.9182286 0.0423429 -0.4756794 0.0495883 0.8771985
1740547840.829340 -3.1145780 0.7251335 3.9314649 0.0423866 -0.4752873 0.0497317 0.8774008
1740547840.929793 -3.1391256 0.7247455 3.9508808 0.0428618 -0.4758188 0.0499253 0.8770786
1740547841.041237 -3.1710343 0.7188898 3.9776492 0.0427250 -0.4756984 0.0498859 0.8771528
1740547841.141846 -3.1837435 0.7169738 4.0172596 0.0427845 -0.4775912 0.0496265 0.8761355
1740547841.245831 -3.2111821 0.7004806 4.0247574 0.0411731 -0.4766642 0.0488453 0.8767612
1740547841.347749 -3.2317564 0.6985148 4.0269451 0.0412572 -0.4756250 0.0487837 0.8773248
1740547841.446979 -3.2618949 0.6894939 4.0282631 0.0405194 -0.4737434 0.0482356 0.8784069
1740547841.552685 -3.2829201 0.6927204 4.0329790 0.0403782 -0.4714293 0.0488860 0.8796216
1740547841.651541 -3.3167748 0.6872804 4.0259647 0.0400900 -0.4692744 0.0491074 0.8807740
1740547841.763174 -3.3518124 0.6870291 4.0256834 0.0390467 -0.4672839 0.0490956 0.8818792
1740547841.859844 -3.3794503 0.6778045 4.0301657 0.0389686 -0.4673944 0.0480386 0.8818822
1740547841.960659 -3.3799829 0.6987924 4.0478568 0.0405268 -0.4688863 0.0497260 0.8809260
1740547842.064769 -3.4122710 0.6908071 4.0564218 0.0394620 -0.4686633 0.0490499 0.8811309
1740547842.163934 -3.4420176 0.6807349 4.0620847 0.0386399 -0.4682345 0.0483129 0.8814359
1740547842.268798 -3.4837892 0.6947190 4.0832396 0.0396694 -0.4685833 0.0495986 0.8811334
1740547842.371502 -3.5256791 0.7024078 4.1018858 0.0408897 -0.4692172 0.0491464 0.8807655
1740547842.474128 -3.5499368 0.6853876 4.0952682 0.0399172 -0.4681167 0.0489212 0.8814080
1740547842.580005 -3.5782659 0.6793578 4.1073275 0.0389855 -0.4693978 0.0479647 0.8808208
1740547842.678706 -3.6063380 0.6643727 4.1297617 0.0380463 -0.4720653 0.0481228 0.8794265
1740547842.783216 -3.6537223 0.6650527 4.1456852 0.0382782 -0.4733462 0.0481402 0.8787268
1740547842.897204 -3.6910841 0.6668113 4.1705847 0.0386951 -0.4747768 0.0482820 0.8779286
1740547843.000900 -3.7014642 0.6344407 4.1978106 0.0363694 -0.4777391 0.0467920 0.8765005
1740547843.111563 -3.7131805 0.6335418 4.2137632 0.0366647 -0.4805622 0.0466453 0.8749514
1740547843.213157 -3.7369733 0.6324874 4.2193303 0.0374820 -0.4814069 0.0473481 0.8744145
1740547843.317690 -3.7589655 0.6402823 4.1993046 0.0381815 -0.4800561 0.0484730 0.8750650
1740547843.418010 -3.7938058 0.6553730 4.2114420 0.0407567 -0.4805941 0.0497984 0.8745790
1740547843.522621 -3.8368373 0.6444268 4.2202635 0.0419495 -0.4814609 0.0499272 0.8740383
1740547843.626256 -3.8479347 0.6387131 4.2176123 0.0418863 -0.4817374 0.0496184 0.8739066
1740547843.725420 -3.8750296 0.6290395 4.2181082 0.0412554 -0.4816196 0.0498247 0.8739898
1740547843.833034 -3.8890071 0.6217470 4.2161970 0.0426640 -0.4806056 0.0503233 0.8744516
1740547843.932601 -3.9029291 0.6142440 4.2123694 0.0419718 -0.4794511 0.0501583 0.8751281
1740547844.038942 -3.9337039 0.6238669 4.2189093 0.0452129 -0.4784271 0.0510610 0.8754748
1740547844.143040 -3.9778423 0.6259494 4.2353296 0.0473655 -0.4784802 0.0520819 0.8752718
1740547844.243140 -4.0088634 0.6094664 4.2451000 0.0474758 -0.4770153 0.0520745 0.8760655
1740547844.350278 -4.0330167 0.6099467 4.2375555 0.0503862 -0.4742511 0.0535420 0.8773143
1740547844.451092 -4.0740132 0.6212987 4.2453065 0.0530027 -0.4721776 0.0562221 0.8781105
1740547844.557403 -4.1006031 0.6194856 4.2458839 0.0547733 -0.4688962 0.0570696 0.8797041
1740547844.658778 -4.1215396 0.6100963 4.2489562 0.0561222 -0.4658771 0.0574107 0.8811997
1740547844.770970 -4.1447887 0.6170155 4.2512746 0.0579300 -0.4624059 0.0593179 0.8827833
1740547844.868658 -4.1755471 0.6434706 4.2652769 0.0628125 -0.4594875 0.0626836 0.8837401
1740547844.969497 -4.2229967 0.6469560 4.2860765 0.0658803 -0.4571819 0.0642167 0.8846020
1740547845.093398 -4.2461214 0.6697688 4.3032942 0.0690801 -0.4539935 0.0675796 0.8857488
1740547845.197223 -4.2723536 0.6767559 4.3038187 0.0730426 -0.4495198 0.0694803 0.8875637
1740547845.307317 -4.3182898 0.6764061 4.3170805 0.0747250 -0.4470197 0.0704456 0.8886096
1740547845.412529 -4.3619957 0.6774755 4.3244352 0.0764184 -0.4431572 0.0721831 0.8902593
1740547845.515500 -4.3832164 0.6774428 4.3361959 0.0782318 -0.4393595 0.0734941 0.8918753
1740547845.626945 -4.4214716 0.6956896 4.3532295 0.0809813 -0.4362357 0.0766938 0.8928933
1740547845.728529 -4.4595070 0.7004777 4.3706374 0.0828808 -0.4327421 0.0782227 0.8942853
1740547845.844350 -4.4783792 0.7101414 4.3823047 0.0830954 -0.4289479 0.0801681 0.8959196
1740547845.946839 -4.4950271 0.7083384 4.3834534 0.0850225 -0.4244547 0.0806647 0.8978322
1740547846.051130 -4.5219235 0.7128240 4.3947792 0.0856834 -0.4204308 0.0819988 0.8995402
1740547846.155964 -4.5320463 0.7111689 4.3986664 0.0857262 -0.4158626 0.0821775 0.9016408
1740547846.258718 -4.5344605 0.7115931 4.3995023 0.0855138 -0.4112980 0.0828592 0.9036900
1740547846.366755 -4.5358305 0.7103159 4.3975854 0.0825559 -0.4079142 0.0821142 0.9055649
1740547846.467361 -4.5375652 0.7069926 4.3968210 0.0789758 -0.4060355 0.0836787 0.9065847
1740547846.574275 -4.5558591 0.7093325 4.4022894 0.0804461 -0.4023190 0.0841010 0.9080721
1740547846.676546 -4.5815344 0.7096830 4.4077044 0.0803597 -0.3985573 0.0844455 0.9097052
1740547846.786228 -4.6100302 0.6976774 4.4115286 0.0797345 -0.3948195 0.0840760 0.9114226
1740547846.889830 -4.6387048 0.6907799 4.4163675 0.0797441 -0.3914452 0.0837531 0.9129058
1740547846.994150 -4.6705961 0.6955508 4.4087281 0.0792608 -0.3871363 0.0845397 0.9147111
1740547847.103366 -4.6717324 0.7003920 4.4056959 0.0814662 -0.3823577 0.0841016 0.9165657
1740547847.208263 -4.6799488 0.7009689 4.3967357 0.0811111 -0.3771972 0.0842715 0.9187173
1740547847.317274 -4.6941776 0.6882969 4.3934402 0.0786669 -0.3736541 0.0823964 0.9205460
1740547847.419900 -4.7030087 0.6836608 4.3919563 0.0757806 -0.3701570 0.0820241 0.9222327
1740547847.526270 -4.7093663 0.6898273 4.3931370 0.0758933 -0.3679376 0.0812292 0.9231814
1740547847.630355 -4.7166739 0.6813298 4.3879948 0.0729249 -0.3653378 0.0795050 0.9246022
1740547847.730838 -4.7232008 0.6830601 4.3866839 0.0731985 -0.3616963 0.0781534 0.9261263
1740547847.847968 -4.7325792 0.6820453 4.3906665 0.0701756 -0.3597273 0.0768195 0.9272380
1740547847.948719 -4.7384639 0.6762128 4.3757524 0.0666868 -0.3558609 0.0764312 0.9290179
1740547848.054350 -4.7560520 0.6658841 4.3669443 0.0636037 -0.3529598 0.0753236 0.9304302
1740547848.160017 -4.7638555 0.6675953 4.3602495 0.0625058 -0.3488019 0.0744325 0.9321427
1740547848.261011 -4.7783928 0.6655904 4.3629127 0.0605206 -0.3459280 0.0735244 0.9334159
1740547848.370805 -4.7833223 0.6688919 4.3597393 0.0600469 -0.3428864 0.0735532 0.9345658
1740547848.473064 -4.7963252 0.6625096 4.3452311 0.0575490 -0.3389263 0.0726072 0.9362400
1740547848.581117 -4.8125315 0.6667200 4.3432584 0.0567942 -0.3353548 0.0724636 0.9375824
1740547848.682966 -4.8307123 0.6607444 4.3317714 0.0559507 -0.3310001 0.0717184 0.9392363
1740547848.789379 -4.8542080 0.6630837 4.3291502 0.0550042 -0.3273805 0.0717385 0.9405584
1740547848.895074 -4.8576174 0.6625648 4.3272676 0.0532210 -0.3238558 0.0706791 0.9419604
1740547848.995824 -4.8594060 0.6600810 4.3262010 0.0517986 -0.3205173 0.0693192 0.9432817
1740547849.105915 -4.8703899 0.6598605 4.3287954 0.0501043 -0.3164552 0.0693008 0.9447450
1740547849.213766 -4.8891087 0.6487925 4.3273582 0.0492793 -0.3123764 0.0684360 0.9462077
1740547849.322609 -4.9105740 0.6604316 4.3225012 0.0506572 -0.3075274 0.0692081 0.9476661
1740547849.428683 -4.9249420 0.6444646 4.3245788 0.0468994 -0.3044757 0.0680078 0.9489310
1740547849.538511 -4.9475832 0.6497017 4.3229527 0.0478116 -0.2999087 0.0685352 0.9503009
1740547849.648754 -4.9553328 0.6497949 4.3219490 0.0480049 -0.2949807 0.0683878 0.9518430
1740547849.748084 -4.9671655 0.6529036 4.3232555 0.0495118 -0.2902242 0.0688209 0.9531958
1740547849.854640 -4.9788270 0.6497836 4.3245273 0.0490960 -0.2852558 0.0685329 0.9547366
1740547849.957687 -4.9880700 0.6424749 4.3273807 0.0485458 -0.2808702 0.0680861 0.9560960
1740547850.072595 -4.9923229 0.6404746 4.3274083 0.0469228 -0.2768020 0.0680272 0.9573668
1740547850.181033 -4.9983916 0.6348278 4.3297396 0.0473011 -0.2724384 0.0673156 0.9586493
1740547850.289562 -5.0131340 0.6265976 4.3340888 0.0471548 -0.2682909 0.0673471 0.9598233
1740547850.395862 -5.0145550 0.6243635 4.3350210 0.0436670 -0.2654970 0.0666612 0.9608126
1740547850.611004 -5.0371675 0.6336398 4.3186493 0.0444638 -0.2543679 0.0677948 0.9637032
1740547850.717203 -5.0478306 0.6397905 4.3123655 0.0453983 -0.2496060 0.0680764 0.9648842
1740547850.827850 -5.0499620 0.6416862 4.3026352 0.0463392 -0.2439349 0.0670390 0.9663613
1740547850.930620 -5.0523934 0.6382185 4.2938967 0.0446275 -0.2393977 0.0667556 0.9675954
1740547851.041000 -5.0529275 0.6386954 4.2885041 0.0457718 -0.2340269 0.0661264 0.9688982
1740547851.147666 -5.0575123 0.6439016 4.2841554 0.0469730 -0.2292562 0.0664364 0.9699595
1740547851.252133 -5.0615067 0.6407447 4.2826862 0.0468670 -0.2244462 0.0651235 0.9711778
1740547851.361740 -5.0665717 0.6405158 4.2821612 0.0475087 -0.2210680 0.0645665 0.9719583
1740547851.464167 -5.0672379 0.6404712 4.2821422 0.0480401 -0.2185474 0.0648406 0.9724839
1740547851.684103 -5.0789509 0.6539755 4.2909212 0.0463908 -0.2175435 0.0651251 0.9727700
1740547851.794188 -5.0722976 0.6510883 4.2939157 0.0435831 -0.2181560 0.0650832 0.9727655
1740547851.898148 -5.0778461 0.6481596 4.2951422 0.0447611 -0.2138345 0.0647394 0.9736940
1740547852.001905 -5.0789833 0.6454495 4.2955518 0.0454845 -0.2118243 0.0639617 0.9741512
1740547852.111136 -5.0792913 0.6434308 4.2953348 0.0451342 -0.2101192 0.0623196 0.9746431
1740547852.214084 -5.0810533 0.6419333 4.2936273 0.0434671 -0.2090119 0.0625851 0.9749399
1740547852.324729 -5.0810647 0.6417709 4.2941976 0.0424803 -0.2083958 0.0629557 0.9750914
1740547852.430988 -5.0808382 0.6422313 4.2930827 0.0436242 -0.2055565 0.0621809 0.9756931
1740547852.542316 -5.0821257 0.6408784 4.2933493 0.0447933 -0.2032978 0.0610436 0.9761851
1740547852.649187 -5.0817547 0.6408652 4.2932506 0.0414548 -0.2039343 0.0620326 0.9761375
1740547852.753164 -5.0829759 0.6395589 4.2938457 0.0419724 -0.2020853 0.0616578 0.9765235
1740547852.866194 -5.0821471 0.6378433 4.3081889 0.0421607 -0.2027660 0.0614105 0.9763899
1740547852.968488 -5.0826230 0.6368530 4.3142147 0.0412810 -0.2021127 0.0610247 0.9765871
1740547853.186767 -5.1168637 0.6268295 4.3140306 0.0463621 -0.1938415 0.0607532 0.9780517
1740547853.298886 -5.1477013 0.5930953 4.3275585 0.0455338 -0.1938744 0.0606667 0.9780895
1740547853.405212 -5.1694980 0.5798298 4.3422880 0.0445180 -0.1942865 0.0611275 0.9780257
1740547853.511350 -5.1817422 0.5733854 4.3592467 0.0421827 -0.1953217 0.0611072 0.9779243
1740547853.728630 -5.1823230 0.5566857 4.4010191 0.0379114 -0.1980288 0.0599361 0.9776272
1740547853.841801 -5.1821380 0.5582700 4.4141164 0.0371724 -0.2005836 0.0602017 0.9771183
1740547853.949751 -5.1817279 0.5561968 4.4256606 0.0360711 -0.2028803 0.0593837 0.9767354
1740547854.169266 -5.1728368 0.5743799 4.4471321 0.0338421 -0.2091014 0.0587680 0.9755397
1740547854.292897 -5.1850429 0.5703981 4.4679518 0.0327854 -0.2101724 0.0575773 0.9754166
1740547854.397562 -5.2063890 0.5726310 4.4959059 0.0344619 -0.2078201 0.0573686 0.9758750
1740547854.501985 -5.2248554 0.5686595 4.5281191 0.0342456 -0.2076655 0.0562058 0.9759833
1740547854.616664 -5.2547274 0.5649348 4.5701642 0.0324389 -0.2067928 0.0564070 0.9762186
1740547854.830699 -5.2992043 0.5583272 4.6619520 0.0301026 -0.2052946 0.0540360 0.9767436
1740547854.936699 -5.3210702 0.5573897 4.7001624 0.0295391 -0.2036465 0.0546325 0.9770726
1740547855.051143 -5.3567114 0.5607249 4.7424779 0.0281587 -0.2026052 0.0546433 0.9773292
1740547855.269721 -5.4182000 0.5641111 4.8319106 0.0262242 -0.2000472 0.0543830 0.9779243
1740547855.389229 -5.4208436 0.5646043 4.8905373 0.0242763 -0.2001642 0.0532408 0.9780135
1740547855.495839 -5.4301982 0.5627539 4.9447742 0.0233694 -0.1994482 0.0531785 0.9781852
1740547855.609024 -5.4496994 0.5625497 4.9967604 0.0227110 -0.1984020 0.0531444 0.9784154
1740547855.717410 -5.4631310 0.5597205 5.0460801 0.0219805 -0.1973476 0.0533480 0.9786342
1740547855.829132 -5.4800668 0.5589014 5.0949373 0.0220040 -0.1960445 0.0531320 0.9789072
1740547856.046702 -5.5253630 0.5534000 5.1925731 0.0220696 -0.1931161 0.0533410 0.9794763
1740547856.152579 -5.5327420 0.5522186 5.2424669 0.0225497 -0.1919556 0.0534592 0.9796870
1740547856.258844 -5.5669599 0.5496303 5.2868414 0.0229085 -0.1899390 0.0537120 0.9800579
1740547856.371080 -5.5915017 0.5510408 5.3334045 0.0239416 -0.1882295 0.0536410 0.9803668
1740547856.483069 -5.6048784 0.5505325 5.3834801 0.0247545 -0.1868406 0.0540953 0.9805873
1740547856.595192 -5.6227117 0.5518121 5.4316688 0.0261548 -0.1850553 0.0542880 0.9808789
1740547856.815692 -5.6625290 0.5261267 5.5275121 0.0273784 -0.1818435 0.0542533 0.9814479
1740547856.921932 -5.6777291 0.5263807 5.5786009 0.0288184 -0.1801109 0.0547823 0.9816967
1740547857.044713 -5.6929536 0.5136065 5.6279316 0.0295423 -0.1781808 0.0550565 0.9820120
1740547857.147866 -5.7076550 0.4965018 5.6759214 0.0299615 -0.1765146 0.0552024 0.9822921
1740547857.255299 -5.7206793 0.4941848 5.7265267 0.0305843 -0.1750670 0.0551633 0.9825341
1740547857.372426 -5.7389250 0.4961785 5.7748547 0.0310564 -0.1732842 0.0554316 0.9828202
1740547857.480680 -5.7574530 0.4827465 5.8217883 0.0305930 -0.1716917 0.0551803 0.9831282
1740547857.699084 -5.7807240 0.4612253 5.9220023 0.0285229 -0.1689508 0.0553508 0.9836556
1740547857.808322 -5.8087134 0.4524624 5.9652691 0.0271209 -0.1667586 0.0551407 0.9840811
1740547857.917294 -5.8174376 0.4459291 6.0191154 0.0251099 -0.1654380 0.0549048 0.9843705
1740547858.023443 -5.8371525 0.4292382 6.0678511 0.0223777 -0.1635669 0.0548563 0.9847517
1740547858.139565 -5.8464885 0.4437073 6.1179743 0.0201999 -0.1625331 0.0541471 0.9850092
1740547858.246167 -5.8606339 0.4396042 6.1685987 0.0169192 -0.1606992 0.0539762 0.9853812
1740547858.364622 -5.8847585 0.4402116 6.2183003 0.0134509 -0.1585004 0.0535246 0.9858153
1740547858.469393 -5.8970661 0.4470271 6.2638826 0.0093138 -0.1571066 0.0527731 0.9861267
1740547858.583242 -5.9110484 0.4650180 6.3140984 0.0062472 -0.1556313 0.0518106 0.9864358
1740547858.688806 -5.9157815 0.4734783 6.3661137 0.0023572 -0.1545201 0.0511676 0.9866610
1740547858.804035 -5.9186563 0.4798461 6.4202466 -0.0020490 -0.1534110 0.0509158 0.9868478
1740547858.911127 -5.9492135 0.4818795 6.4659872 -0.0066842 -0.1509153 0.0503145 0.9872428
1740547859.016716 -5.9648862 0.4774866 6.5139709 -0.0106826 -0.1493170 0.0499151 0.9874709
1740547859.124475 -5.9740133 0.4788398 6.5663381 -0.0148940 -0.1481407 0.0489773 0.9876405
1740547859.234203 -5.9883676 0.4770449 6.6174021 -0.0187978 -0.1467048 0.0481895 0.9878270
1740547859.347254 -5.9974914 0.4817014 6.6650205 -0.0229599 -0.1457327 0.0478289 0.9879004
1740547859.450616 -6.0153632 0.4890940 6.7143192 -0.0262024 -0.1440866 0.0472778 0.9880877
1740547859.558485 -6.0332594 0.4992034 6.7589774 -0.0296074 -0.1428501 0.0465909 0.9882037
1740547859.665174 -6.0419087 0.5037032 6.8152914 -0.0333636 -0.1416611 0.0461340 0.9882766
1740547859.768492 -6.0538468 0.5065942 6.8639555 -0.0366683 -0.1406190 0.0459654 0.9883162
1740547859.875639 -6.0679092 0.5068194 6.9137478 -0.0402396 -0.1397077 0.0456405 0.9883215
1740547859.981841 -6.0866656 0.5130633 6.9629831 -0.0428985 -0.1386928 0.0447039 0.9883955
1740547860.094100 -6.0941238 0.5220582 7.0159001 -0.0455551 -0.1379153 0.0445341 0.9883931
1740547860.200521 -6.1107917 0.5348665 7.0629449 -0.0472489 -0.1370936 0.0438128 0.9884601
1740547860.415423 -6.1338849 0.5369731 7.1664124 -0.0520100 -0.1360620 0.0436318 0.9883716
1740547860.518368 -6.1505613 0.5465685 7.2132645 -0.0537446 -0.1353865 0.0435667 0.9883744
1740547860.624528 -6.1551175 0.5439104 7.2695112 -0.0564113 -0.1354001 0.0431858 0.9882407
1740547860.736015 -6.1727815 0.5487257 7.3161311 -0.0576921 -0.1350851 0.0426554 0.9882329
1740547860.952460 -6.2066646 0.5611387 7.4152751 -0.0604825 -0.1345606 0.0422222 0.9881562
1740547861.165417 -6.2394400 0.5743271 7.5103183 -0.0628014 -0.1346347 0.0420534 0.9880086
1740547861.269095 -6.2460790 0.5883996 7.5618534 -0.0637189 -0.1352967 0.0421140 0.9878569
1740547861.593863 -6.2904887 0.6193489 7.7055092 -0.0657481 -0.1375719 0.0417980 0.9874229
1740547861.699364 -6.3048921 0.6297373 7.7527590 -0.0658179 -0.1386030 0.0416324 0.9872811
1740547862.018990 -6.3530102 0.6390088 7.9045205 -0.0677177 -0.1430889 0.0420760 0.9864935
1740547862.235307 -6.3821363 0.6472109 8.0048103 -0.0684182 -0.1470738 0.0420000 0.9858622
1740547862.449587 -6.4148979 0.6549869 8.1080580 -0.0702086 -0.1514357 0.0421117 0.9850709
1740547862.765849 -6.4797416 0.6637092 8.2496748 -0.0731751 -0.1575739 0.0422758 0.9838845
1740547862.976356 -6.5145755 0.6801811 8.3476620 -0.0761968 -0.1618741 0.0419870 0.9829689
1740547863.193328 -6.5709996 0.6854796 8.4357195 -0.0807115 -0.1646165 0.0411248 0.9821893
1740547863.306440 -6.5889573 0.6893716 8.4849892 -0.0835579 -0.1660932 0.0412006 0.9816994
1740547863.520908 -6.6348176 0.7119648 8.5785904 -0.0894641 -0.1679568 0.0401542 0.9809049
1740547863.628531 -6.6466284 0.7212040 8.6302795 -0.0935185 -0.1689522 0.0396934 0.9803744
1740547863.841657 -6.6846418 0.7418697 8.7240620 -0.1013848 -0.1699820 0.0382999 0.9794694
1740547863.947581 -6.6921968 0.7536224 8.7781219 -0.1063476 -0.1706520 0.0375876 0.9788541
1740547864.164149 -6.7257094 0.7861988 8.8721657 -0.1154010 -0.1707277 0.0360737 0.9778719
1740547864.372098 -6.7576408 0.8176471 8.9685831 -0.1250890 -0.1705396 0.0339112 0.9767901
1740547864.476435 -6.7764363 0.8416631 9.0119162 -0.1293010 -0.1701762 0.0332603 0.9763274
1740547864.692742 -6.8031206 0.8700957 9.1087093 -0.1384984 -0.1704215 0.0319640 0.9750656
1740547864.804619 -6.8166785 0.8939995 9.1578045 -0.1426891 -0.1708241 0.0309972 0.9744220
1740547864.909772 -6.8385296 0.9156840 9.1986876 -0.1463876 -0.1712077 0.0304629 0.9738227
1740547865.016198 -6.8540740 0.9311085 9.2482986 -0.1502012 -0.1720334 0.0300392 0.9731093
1740547865.122022 -6.8692894 0.9530323 9.2920504 -0.1529912 -0.1730718 0.0294452 0.9725085
1740547865.224201 -6.8806415 0.9808416 9.3395634 -0.1556974 -0.1746914 0.0293639 0.9717916
1740547865.334800 -6.8922067 1.0055528 9.3841763 -0.1576737 -0.1765766 0.0292332 0.9711360
1740547865.440734 -6.9148521 1.0237570 9.4273157 -0.1599454 -0.1783408 0.0292711 0.9704407
1740547865.557600 -6.9292536 1.0403649 9.4751091 -0.1616509 -0.1812439 0.0293241 0.9696184
1740547865.657255 -6.9541755 1.0533856 9.5178566 -0.1630996 -0.1836793 0.0292286 0.9689201
1740547865.760410 -6.9685388 1.0696909 9.5669422 -0.1643718 -0.1874808 0.0295217 0.9679676
1740547865.870129 -6.9910722 1.0773664 9.6129627 -0.1654402 -0.1909183 0.0296758 0.9671087
1740547865.971394 -7.0159330 1.0800014 9.6589537 -0.1665907 -0.1945361 0.0297445 0.9661876
1740547866.088061 -7.0587487 1.0879421 9.6944418 -0.1673517 -0.1976990 0.0305135 0.9653898
1740547866.187248 -7.0712533 1.0920194 9.7251453 -0.1678518 -0.2006892 0.0306080 0.9646828
1740547866.290463 -7.0933399 1.0961061 9.7658386 -0.1689008 -0.2049881 0.0310994 0.9635794
1740547866.399094 -7.1347480 1.1267620 9.7932348 -0.1688601 -0.2084110 0.0327239 0.9627982
1740547866.502029 -7.1513109 1.1392817 9.8381500 -0.1699108 -0.2129539 0.0329671 0.9616102
1740547866.620394 -7.1908178 1.1597213 9.8777685 -0.1708278 -0.2172606 0.0332801 0.9604729
1740547866.719350 -7.2087693 1.1679807 9.9361277 -0.1728270 -0.2228018 0.0330112 0.9588537
1740547866.824704 -7.2394071 1.1918559 9.9590569 -0.1735407 -0.2256497 0.0335170 0.9580410
1740547866.928689 -7.2746129 1.2103814 9.9928389 -0.1748191 -0.2292686 0.0340193 0.9569310
1740547867.032587 -7.2897067 1.2387071 10.0473661 -0.1764258 -0.2343006 0.0346883 0.9553920
1740547867.141543 -7.3108468 1.2506266 10.0916767 -0.1787492 -0.2379962 0.0346390 0.9540476
1740547867.243983 -7.3557491 1.2612841 10.1177521 -0.1807591 -0.2401931 0.0340800 0.9531380
1740547867.352530 -7.3771491 1.2901782 10.1542444 -0.1825809 -0.2430070 0.0345809 0.9520588
1740547867.457426 -7.4033513 1.3158480 10.1972027 -0.1847664 -0.2464002 0.0348549 0.9507542
1740547867.565944 -7.4289660 1.3403506 10.2340775 -0.1870982 -0.2487370 0.0346623 0.9496961
1740547867.669939 -7.4503503 1.3576999 10.2690544 -0.1894780 -0.2507030 0.0341389 0.9487258
1740547867.768160 -7.4657893 1.3758898 10.3264179 -0.1929902 -0.2539648 0.0337384 0.9471633
1740547867.874044 -7.5023074 1.3920443 10.3583593 -0.1960526 -0.2551751 0.0335919 0.9462138
1740547867.974489 -7.5349336 1.4166273 10.3808317 -0.1981610 -0.2557408 0.0339711 0.9456082
1740547868.085714 -7.5648589 1.4234940 10.4248257 -0.2017274 -0.2572711 0.0330509 0.9444709
1740547868.186988 -7.5875034 1.4384043 10.4684668 -0.2053338 -0.2588062 0.0321564 0.9433045
1740547868.289380 -7.6207666 1.4486668 10.5017586 -0.2091349 -0.2593594 0.0310036 0.9423556
1740547868.402535 -7.6409693 1.4788046 10.5398684 -0.2126236 -0.2609298 0.0310514 0.9411390
1740547868.506012 -7.6753139 1.4837463 10.5710297 -0.2172989 -0.2612846 0.0287198 0.9400461
1740547868.624866 -7.7029901 1.5078703 10.6103849 -0.2221520 -0.2625174 0.0280953 0.9385861
1740547868.729676 -7.7283106 1.5378428 10.6539488 -0.2273015 -0.2644500 0.0271453 0.9368369
1740547868.843457 -7.7530618 1.5619576 10.7011089 -0.2326064 -0.2666203 0.0257397 0.9349574
1740547868.952214 -7.7833486 1.5949675 10.7210293 -0.2377409 -0.2667701 0.0252265 0.9336362
1740547869.064866 -7.8093719 1.6164602 10.7555761 -0.2431498 -0.2681225 0.0232341 0.9319059
1740547869.169426 -7.8382688 1.6425580 10.7885723 -0.2488100 -0.2694215 0.0215463 0.9300760
1740547869.273808 -7.8633809 1.6727664 10.8173647 -0.2542445 -0.2707026 0.0204093 0.9282582
1740547869.383443 -7.9001403 1.7078298 10.8386040 -0.2592717 -0.2716307 0.0194356 0.9266160
1740547869.488631 -7.9154119 1.7384019 10.8819084 -0.2655767 -0.2735149 0.0183310 0.9242957
1740547869.599370 -7.9429226 1.7735533 10.8986282 -0.2695407 -0.2743333 0.0167139 0.9229354
1740547869.702605 -7.9658399 1.8044173 10.9467983 -0.2768816 -0.2764887 0.0156143 0.9201341
1740547869.815902 -7.9985342 1.8306118 10.9663038 -0.2818123 -0.2768184 0.0141177 0.9185609
1740547869.919600 -8.0203724 1.8694961 11.0125828 -0.2872966 -0.2792719 0.0132974 0.9161283
1740547870.024171 -8.0487375 1.8987733 11.0315342 -0.2918235 -0.2798646 0.0118416 0.9145352
1740547870.135739 -8.0754967 1.9331546 11.0698929 -0.2967203 -0.2815214 0.0112208 0.9124565
1740547870.238235 -8.1025095 1.9632680 11.1049891 -0.3011170 -0.2829016 0.0103699 0.9105974
1740547870.345274 -8.1344299 1.9879881 11.1370716 -0.3048925 -0.2837734 0.0094071 0.9090791
1740547870.449276 -8.1591072 2.0190859 11.1707821 -0.3085883 -0.2850305 0.0084732 0.9074465
1740547870.554922 -8.1914320 2.0541928 11.1962204 -0.3119999 -0.2858558 0.0081447 0.9060222
1740547870.657556 -8.2128286 2.0884874 11.2293921 -0.3152432 -0.2872193 0.0074461 0.9044729
1740547870.760334 -8.2488794 2.1208253 11.2539234 -0.3180298 -0.2878989 0.0066184 0.9032871
1740547870.877808 -8.2743340 2.1548176 11.2876539 -0.3211114 -0.2891846 0.0058282 0.9017903
1740547870.980633 -8.3001699 2.1845779 11.3170319 -0.3236570 -0.2898842 0.0053484 0.9006580
1740547871.301976 -8.3813400 2.2622440 11.4203348 -0.3317672 -0.2928600 0.0041275 0.8967422
1740547871.633459 -8.4730272 2.3314071 11.5156727 -0.3402908 -0.2951677 0.0019299 0.8927903
1740547871.735900 -8.5020123 2.3697214 11.5456343 -0.3438390 -0.2966415 0.0014620 0.8909413
1740547872.258832 -8.6281929 2.5573835 11.6890020 -0.3643590 -0.3052608 -0.0022663 0.8798029
1740547872.578275 -8.7166271 2.6607018 11.7641726 -0.3791859 -0.3104496 -0.0053491 0.8716711
1740547872.684642 -8.7507181 2.6938872 11.7916145 -0.3852526 -0.3127629 -0.0069446 0.8681657
1740547872.785697 -8.7751932 2.7317557 11.8201790 -0.3907140 -0.3151162 -0.0079531 0.8648590
1740547873.104814 -8.8537836 2.8471510 11.8867664 -0.4082777 -0.3219433 -0.0108985 0.8541329
1740547873.206503 -8.8806171 2.8897491 11.9055767 -0.4140664 -0.3243034 -0.0119662 0.8504311
1740547873.418865 -8.9408035 2.9689000 11.9355221 -0.4258868 -0.3287539 -0.0140500 0.8428190
1740547873.637300 -8.9982014 3.0494971 11.9638233 -0.4367420 -0.3335703 -0.0159037 0.8353050
1740547873.854871 -9.0508394 3.1333070 11.9994335 -0.4476071 -0.3387265 -0.0176144 0.8274068
1740547874.060403 -9.1044884 3.2192466 12.0274391 -0.4577242 -0.3431780 -0.0189635 0.8199742
1740547874.271767 -9.1672525 3.3017793 12.0508747 -0.4671395 -0.3471011 -0.0205648 0.8129445
1740547874.492032 -9.2277260 3.3825171 12.0768604 -0.4761476 -0.3507822 -0.0221945 0.8060662
1740547874.708561 -9.2829819 3.4674251 12.1040401 -0.4846795 -0.3545981 -0.0235329 0.7992448
1740547874.922744 -9.3388252 3.5539098 12.1243992 -0.4927738 -0.3575233 -0.0247947 0.7929289
1740547875.145254 -9.4029274 3.6307454 12.1471548 -0.5014600 -0.3598914 -0.0269853 0.7863129
1740547875.467892 -9.4895620 3.7580807 12.1844492 -0.5143802 -0.3635082 -0.0303643 0.7761139
1740547876.115905 -9.6592369 4.0164852 12.2348843 -0.5453113 -0.3665097 -0.0418521 0.7526982
1740547876.863243 -9.8042278 4.3520565 12.2158318 -0.5857345 -0.3640499 -0.0613758 0.7215371
1740547877.483359 -9.9348860 4.6386018 12.1843100 -0.6146756 -0.3569553 -0.0799327 0.6988330
1740547877.999555 -10.0073452 4.8885803 12.1925774 -0.6322110 -0.3492368 -0.0942978 0.6851649
1740547878.429906 -10.0675764 5.0873756 12.1759996 -0.6430668 -0.3432088 -0.1043289 0.6766005
1740547878.740451 -10.0891685 5.2370853 12.1551094 -0.6497418 -0.3412723 -0.1104412 0.6702026
1740547879.156768 -10.1490679 5.4353609 12.1342764 -0.6588429 -0.3365383 -0.1175033 0.6624659
1740547879.456703 -10.1882648 5.5679779 12.1134052 -0.6647475 -0.3341372 -0.1206058 0.6572042
1740547879.764374 -10.2106457 5.7226286 12.1014748 -0.6700757 -0.3323220 -0.1252992 0.6518135
1740547879.972358 -10.2148590 5.8143148 12.0897694 -0.6721372 -0.3311782 -0.1276997 0.6498041
1740547880.175742 -10.2267847 5.9088259 12.0769100 -0.6741534 -0.3284550 -0.1315376 0.6483305
1740547880.378726 -10.2429123 6.0050554 12.0519524 -0.6761477 -0.3253797 -0.1369206 0.6466878
1740547880.776671 -10.2900085 6.1969423 11.9964619 -0.6776565 -0.3140103 -0.1499630 0.6478353
1740547880.879540 -10.2917480 6.2489109 11.9901476 -0.6769826 -0.3112042 -0.1535899 0.6490428
1740547881.076118 -10.3083754 6.3599911 11.9756174 -0.6754928 -0.3031769 -0.1621189 0.6523118
1740547881.485156 -10.3296337 6.5688534 11.9661474 -0.6716531 -0.2862360 -0.1798950 0.6592335
1740547881.587941 -10.3302345 6.6193314 11.9611702 -0.6702389 -0.2818069 -0.1841733 0.6613961
1740547881.690141 -10.3318129 6.6663389 11.9559441 -0.6689137 -0.2771938 -0.1891432 0.6632819
1740547881.788471 -10.3357391 6.7196035 11.9521847 -0.6671016 -0.2721732 -0.1941369 0.6657387
1740547881.892340 -10.3370924 6.7673635 11.9435644 -0.6650784 -0.2671627 -0.1996477 0.6681584
1740547881.990484 -10.3398294 6.8141270 11.9406404 -0.6636150 -0.2620017 -0.2045787 0.6701626
1740547882.100900 -10.3410940 6.8571234 11.9382620 -0.6623071 -0.2575947 -0.2083135 0.6720117
1740547882.201378 -10.3430958 6.9100819 11.9355803 -0.6612878 -0.2528711 -0.2134873 0.6731848
1740547882.299631 -10.3450098 6.9616613 11.9326162 -0.6607061 -0.2481308 -0.2186946 0.6738481
1740547882.411038 -10.3466129 7.0169449 11.9299259 -0.6596941 -0.2429523 -0.2241100 0.6749464
1740547882.510789 -10.3415842 7.0682793 11.9285870 -0.6589859 -0.2387310 -0.2284287 0.6756963
1740547882.614982 -10.3386488 7.1236362 11.9292212 -0.6582872 -0.2343037 -0.2325571 0.6765182
1740547882.717399 -10.3366165 7.1744795 11.9454784 -0.6588067 -0.2300126 -0.2364524 0.6761347
1740547882.816713 -10.3339119 7.2276478 11.9489117 -0.6588424 -0.2257207 -0.2404039 0.6761530
1740547883.322532 -10.3132496 7.4796219 11.9553709 -0.6656598 -0.2062707 -0.2581576 0.6691069
1740547883.523179 -10.2944584 7.5837927 11.9597034 -0.6694643 -0.2004491 -0.2637387 0.6648906
1740547883.740016 -10.2860031 7.6849318 11.9440165 -0.6728424 -0.1942402 -0.2693695 0.6610552
1740547884.165847 -10.2488518 7.8883467 11.9368887 -0.6812410 -0.1848195 -0.2782777 0.6513938
1740547884.265934 -10.2365637 7.9389486 11.9355640 -0.6831033 -0.1830357 -0.2797410 0.6493173
1740547884.474037 -10.2201166 8.0400181 11.9311514 -0.6871427 -0.1782843 -0.2835826 0.6446941
1740547884.875057 -10.1670589 8.2457895 11.9264946 -0.6928735 -0.1727160 -0.2883815 0.6379119
1740547885.074041 -10.1478682 8.3458452 11.9100857 -0.6942083 -0.1706725 -0.2898168 0.6363583
1740547885.375147 -10.1089983 8.4987803 11.9184790 -0.6962409 -0.1688238 -0.2915590 0.6338300
1740547885.574290 -10.0942888 8.5951996 11.9031334 -0.6969731 -0.1675766 -0.2930484 0.6326683
1740547885.777594 -10.0711250 8.6910143 11.9006634 -0.6980359 -0.1688642 -0.2925172 0.6313989
1740547885.983619 -10.0539732 8.7963982 11.9054871 -0.6996207 -0.1673309 -0.2919483 0.6303153
1740547886.187670 -10.0215549 8.8946695 11.9196177 -0.7015010 -0.1690389 -0.2912906 0.6280701
1740547886.391363 -9.9998865 8.9941435 11.9212523 -0.7027894 -0.1701036 -0.2904784 0.6267170
1740547886.491472 -9.9898996 9.0416317 11.9289608 -0.7042408 -0.1710174 -0.2899704 0.6250721
1740547886.693923 -9.9677258 9.1339016 11.9286890 -0.7063841 -0.1717519 -0.2880860 0.6233212
1740547886.894630 -9.9365625 9.2142239 11.9109697 -0.7072365 -0.1724773 -0.2863970 0.6229325
1740547886.993520 -9.9308758 9.2398272 11.9124975 -0.7085431 -0.1741349 -0.2861912 0.6210784
1740547887.200145 -9.9135818 9.3050404 11.8934202 -0.7100320 -0.1741850 -0.2850608 0.6198826
1740547887.408137 -9.8906364 9.3593502 11.9014273 -0.7126045 -0.1763226 -0.2828174 0.6173488
1740547887.613705 -9.8540134 9.4330492 11.9009066 -0.7137920 -0.1791329 -0.2805276 0.6162116
1740547887.708776 -9.8400841 9.4723635 11.8966885 -0.7147822 -0.1813369 -0.2779215 0.6155997
1740547887.811374 -9.8290348 9.5099621 11.8977118 -0.7159087 -0.1828632 -0.2768916 0.6143019
1740547887.928087 -9.8259735 9.5372877 11.8946800 -0.7168537 -0.1845950 -0.2764193 0.6128930
1740547888.025311 -9.8266344 9.5745335 11.8986120 -0.7191921 -0.1831100 -0.2758372 0.6108579
1740547888.128015 -9.8100090 9.6018457 11.8850117 -0.7192476 -0.1854865 -0.2736814 0.6110452
1740547888.227923 -9.8118382 9.6384640 11.8804340 -0.7198773 -0.1859718 -0.2740867 0.6099736
1740547888.324619 -9.8033047 9.6649551 11.8639641 -0.7198872 -0.1861153 -0.2729694 0.6104189
1740547888.431314 -9.8081894 9.6888037 11.8612270 -0.7207327 -0.1866693 -0.2716463 0.6098419
1740547888.529589 -9.8152084 9.7163382 11.8625002 -0.7221347 -0.1864392 -0.2710100 0.6085355
1740547888.634073 -9.8110962 9.7456465 11.8505106 -0.7219718 -0.1867911 -0.2711253 0.6085696
1740547888.735509 -9.8057499 9.7799673 11.8517160 -0.7238044 -0.1869546 -0.2698973 0.6068860
1740547888.834446 -9.7964678 9.8040838 11.8478832 -0.7249139 -0.1876612 -0.2679585 0.6062024
1740547888.941494 -9.7938633 9.8221836 11.8492050 -0.7251980 -0.1878520 -0.2670113 0.6062215
1740547889.038761 -9.7860899 9.8653383 11.8426361 -0.7251086 -0.1893454 -0.2656458 0.6064636
1740547889.147715 -9.7812901 9.8990993 11.8342361 -0.7249655 -0.1906185 -0.2642595 0.6068414
1740547889.248318 -9.7813139 9.9121580 11.8288698 -0.7246807 -0.1919286 -0.2641933 0.6067975
1740547889.348632 -9.7852001 9.9351053 11.8324356 -0.7269763 -0.1910535 -0.2632084 0.6047523
1740547889.457835 -9.7789268 9.9689178 11.8250122 -0.7264735 -0.1920063 -0.2627661 0.6052469
1740547889.559593 -9.7768860 9.9995613 11.8126287 -0.7265368 -0.1935984 -0.2614176 0.6052478
1740547889.666651 -9.7806931 10.0194635 11.8090639 -0.7264131 -0.1938760 -0.2602924 0.6057920
1740547889.766852 -9.7762318 10.0361357 11.8064594 -0.7275655 -0.1943092 -0.2581158 0.6052013
1740547889.874666 -9.7978487 10.0715647 11.7908850 -0.7278096 -0.1919177 -0.2596616 0.6050096
1740547890.073301 -9.7842455 10.1209469 11.7962084 -0.7294375 -0.1944215 -0.2547714 0.6043283
1740547890.178907 -9.7707052 10.1550875 11.7862949 -0.7300415 -0.1959165 -0.2536225 0.6035990
1740547890.276100 -9.7668905 10.1752005 11.7888870 -0.7314966 -0.1963589 -0.2510379 0.6027735
1740547890.378005 -9.7661057 10.1982241 11.7786827 -0.7313198 -0.1973819 -0.2493969 0.6033349
1740547890.478029 -9.7858667 10.2348099 11.7657261 -0.7322245 -0.1959078 -0.2502287 0.6023728
1740547890.576149 -9.7809982 10.2653112 11.7719774 -0.7345113 -0.1961871 -0.2476300 0.6005690
1740547890.681157 -9.7749100 10.2943497 11.7586384 -0.7344466 -0.1970957 -0.2466318 0.6007614
1740547890.779866 -9.7781706 10.3355303 11.7483835 -0.7341605 -0.1976187 -0.2469209 0.6008207
1740547890.885132 -9.7782488 10.3706408 11.7328672 -0.7345115 -0.1967556 -0.2457876 0.6011394
1740547890.987671 -9.7805185 10.3997726 11.7310734 -0.7352618 -0.1980904 -0.2460371 0.5996799
1740547891.084440 -9.7787399 10.4196186 11.7306299 -0.7367290 -0.1978230 -0.2439369 0.5988248
1740547891.192299 -9.7860279 10.4668083 11.7191420 -0.7373440 -0.1973050 -0.2439600 0.5982292
1740547891.289446 -9.7805700 10.4868221 11.6926327 -0.7366604 -0.1980067 -0.2438946 0.5988658
1740547891.393632 -9.7841511 10.5144548 11.6927176 -0.7385308 -0.1971831 -0.2424549 0.5974167
1740547891.492228 -9.7849064 10.5477448 11.6753769 -0.7386395 -0.1973120 -0.2418493 0.5974852
1740547891.591550 -9.7978277 10.5796080 11.6770611 -0.7402806 -0.1973071 -0.2410486 0.5957770
1740547891.696098 -9.7945747 10.6216354 11.6761665 -0.7412826 -0.1986229 -0.2412540 0.5940080
1740547891.794537 -9.7971172 10.6580496 11.6452522 -0.7406679 -0.1977306 -0.2406733 0.5953066
1740547891.903250 -9.7903900 10.6959991 11.6376657 -0.7415531 -0.1976957 -0.2396077 0.5946457
1740547892.005538 -9.7893620 10.7351627 11.6309204 -0.7419178 -0.1994112 -0.2396955 0.5935817
1740547892.107279 -9.7879477 10.7707243 11.6221418 -0.7427791 -0.1991599 -0.2380378 0.5932559
1740547892.209146 -9.7936535 10.8024378 11.6062441 -0.7436314 -0.1982590 -0.2367542 0.5930035
1740547892.309350 -9.7823601 10.8230982 11.5877247 -0.7437464 -0.1985907 -0.2338013 0.5939192
1740547892.409561 -9.7713423 10.8496380 11.5676298 -0.7432532 -0.1992648 -0.2321096 0.5949734
1740547892.510042 -9.7653666 10.8924265 11.5664091 -0.7439747 -0.1999831 -0.2312848 0.5941513
1740547892.610409 -9.7677870 10.9184628 11.5533657 -0.7441419 -0.1996666 -0.2305424 0.5943369
1740547892.710228 -9.7621422 10.9698153 11.5479326 -0.7447938 -0.2015847 -0.2304913 0.5928909
1740547892.810395 -9.7474785 11.0053482 11.5426311 -0.7446641 -0.2037576 -0.2296140 0.5926514
1740547892.910922 -9.7535992 11.0312939 11.5280304 -0.7457598 -0.2029259 -0.2286641 0.5919258
1740547893.008214 -9.7461023 11.0828314 11.5259781 -0.7466871 -0.2039702 -0.2277397 0.5907531
1740547893.111375 -9.7407742 11.1218357 11.5126534 -0.7472320 -0.2038519 -0.2263017 0.5906575
1740547893.213282 -9.7336550 11.1686544 11.5093069 -0.7475317 -0.2049330 -0.2254390 0.5902340
1740547893.311205 -9.7333670 11.2115717 11.4815569 -0.7479385 -0.2042854 -0.2241999 0.5904151
1740547893.415028 -9.7179708 11.2623596 11.4704237 -0.7480206 -0.2066884 -0.2223262 0.5901831
1740547893.512964 -9.7190466 11.3141594 11.4638596 -0.7488279 -0.2078840 -0.2216808 0.5889810
1740547893.628202 -9.7190170 11.3657846 11.4470730 -0.7497718 -0.2082178 -0.2209661 0.5879300
1740547893.727303 -9.7234516 11.4086609 11.4302435 -0.7504896 -0.2079432 -0.2207357 0.5871974
1740547893.823684 -9.7170410 11.4622192 11.4259663 -0.7521468 -0.2091667 -0.2199290 0.5849409
1740547893.941580 -9.7178555 11.5086851 11.4091387 -0.7532434 -0.2086001 -0.2190779 0.5840507
1740547894.044405 -9.7197781 11.5584326 11.3923931 -0.7540068 -0.2092523 -0.2191937 0.5827876
1740547894.146899 -9.7188969 11.6045818 11.3822899 -0.7556458 -0.2091421 -0.2193395 0.5806454
1740547894.250214 -9.6975574 11.6581144 11.3701382 -0.7572487 -0.2099343 -0.2174385 0.5789840
1740547894.351094 -9.6891861 11.7092628 11.3579025 -0.7588235 -0.2106356 -0.2162821 0.5770977
1740547894.459609 -9.6892509 11.7568016 11.3450670 -0.7603671 -0.2107130 -0.2164579 0.5749677
1740547894.558036 -9.6859808 11.8002491 11.3299789 -0.7619975 -0.2106826 -0.2164693 0.5728121
1740547894.663800 -9.6931229 11.8464756 11.3138924 -0.7633773 -0.2105943 -0.2174144 0.5706454
1740547894.780443 -9.6862173 11.8992271 11.2923298 -0.7642646 -0.2112525 -0.2168812 0.5694160
1740547894.887579 -9.6746693 11.9491901 11.2697897 -0.7659964 -0.2113121 -0.2164584 0.5672234
1740547894.994068 -9.6718998 11.9973278 11.2558451 -0.7682754 -0.2108096 -0.2160723 0.5644687
1740547895.093986 -9.6726189 12.0393848 11.2294083 -0.7693093 -0.2101587 -0.2170235 0.5629364
1740547895.199521 -9.6679335 12.0858555 11.2192764 -0.7709974 -0.2102324 -0.2173700 0.5604603
1740547895.412926 -9.6457787 12.1892328 11.1997671 -0.7748146 -0.2099127 -0.2166899 0.5555578
1740547895.515150 -9.6436481 12.2331667 11.1772585 -0.7754655 -0.2091922 -0.2175637 0.5545790
1740547895.725619 -9.6283264 12.3344765 11.1445827 -0.7777438 -0.2081638 -0.2185767 0.5513679
1740547895.945353 -9.6141024 12.4298706 11.1000061 -0.7790740 -0.2060354 -0.2209306 0.5493476
1740547896.045243 -9.6030607 12.4714527 11.0725651 -0.7781548 -0.2057193 -0.2226993 0.5500543
1740547896.148533 -9.5987825 12.5159855 11.0492220 -0.7777594 -0.2037648 -0.2246999 0.5505272
1740547896.347990 -9.5799446 12.6105938 11.0108128 -0.7761151 -0.2009310 -0.2286672 0.5522532
1740547896.451067 -9.5795078 12.6567650 10.9892178 -0.7746620 -0.1994913 -0.2311837 0.5537654
1740547896.662791 -9.5546207 12.7546749 10.9482613 -0.7705123 -0.1951592 -0.2351735 0.5593899
1740547896.859223 -9.5444336 12.8586416 10.9320068 -0.7650755 -0.1922023 -0.2419302 0.5649669
1740547896.971583 -9.5373402 12.9061451 10.9128723 -0.7611582 -0.1898055 -0.2455299 0.5694972
1740547897.176175 -9.5126143 13.0033264 10.9048328 -0.7531838 -0.1857641 -0.2524692 0.5783296
1740547897.384237 -9.4897852 13.1092348 10.8996897 -0.7441854 -0.1821201 -0.2601009 0.5876801
1740547897.586280 -9.4599724 13.2149372 10.8993559 -0.7348038 -0.1777695 -0.2660726 0.5980524
1740547897.794914 -9.4330339 13.3181038 10.9036093 -0.7250580 -0.1741249 -0.2721962 0.6081782
1740547897.897742 -9.4266367 13.3667088 10.9006996 -0.7198038 -0.1719163 -0.2758157 0.6133947
1740547898.109085 -9.4154139 13.4701328 10.9035358 -0.7102017 -0.1680614 -0.2822381 0.6226640
1740547898.325678 -9.4017134 13.5747576 10.9067879 -0.7008185 -0.1651467 -0.2872162 0.6317332
1740547898.545411 -9.3765888 13.6772499 10.9089489 -0.6916139 -0.1628409 -0.2910537 0.6406566
1740547898.649624 -9.3718147 13.7254820 10.9102879 -0.6870795 -0.1614294 -0.2933139 0.6448482
1740547898.859024 -9.3430796 13.8273773 10.9214134 -0.6793367 -0.1595343 -0.2962678 0.6521318
1740547899.077611 -9.3155842 13.9279356 10.9345789 -0.6718426 -0.1583788 -0.2992232 0.6587937
1740547899.294930 -9.2989779 14.0335922 10.9408569 -0.6651863 -0.1569667 -0.3016685 0.6647441
1740547899.512204 -9.2838449 14.1371670 10.9483910 -0.6584952 -0.1554001 -0.3038447 0.6707557
1740547899.612973 -9.2832584 14.1805620 10.9603958 -0.6558580 -0.1544234 -0.3058446 0.6726536
1740547899.828585 -9.2527151 14.2834272 10.9752111 -0.6496011 -0.1537998 -0.3070624 0.6782895
1740547900.054219 -9.2385731 14.3834629 11.0029945 -0.6447227 -0.1529367 -0.3092803 0.6821207
1740547900.271619 -9.2125549 14.4833021 11.0076532 -0.6387184 -0.1518621 -0.3101337 0.6876000
1740547900.491912 -9.1995592 14.5897932 11.0271635 -0.6333103 -0.1519575 -0.3120300 0.6917111
1740547900.701122 -9.1818676 14.6896038 11.0436821 -0.6280531 -0.1509288 -0.3132631 0.6961580
1740547900.917871 -9.1655884 14.7930508 11.0656891 -0.6233207 -0.1502826 -0.3144881 0.6999884
1740547901.136355 -9.1422234 14.8920555 11.0850563 -0.6176246 -0.1496069 -0.3156466 0.7046453
1740547901.343220 -9.1310101 14.9905224 11.1135731 -0.6129041 -0.1484672 -0.3177464 0.7080560
1740547901.559621 -9.1100254 15.0883904 11.1460419 -0.6080419 -0.1479165 -0.3191317 0.7117309
1740547901.772094 -9.0940733 15.1883879 11.1723223 -0.6029376 -0.1468932 -0.3206792 0.7155792
1740547901.997753 -9.0749540 15.2876911 11.2062550 -0.5988032 -0.1462869 -0.3220192 0.7185670
1740547902.636954 -9.0247726 15.5825768 11.2955093 -0.5865049 -0.1436698 -0.3258894 0.7274387
1740547902.953733 -8.9923410 15.7317762 11.3354759 -0.5810148 -0.1427242 -0.3270408 0.7315025
1740547903.806886 -8.9585457 15.9264908 11.3957634 -0.5737875 -0.1414858 -0.3285521 0.7367518
1740547904.237340 -8.9300404 16.1198463 11.4720144 -0.5674950 -0.1411493 -0.3298493 0.7410976
1740547904.879592 -8.8816519 16.3639030 11.5599546 -0.5613168 -0.1425280 -0.3297201 0.7455829
1740547905.699780 -8.8184624 16.7469406 11.7138529 -0.5553225 -0.1501546 -0.3248196 0.7507082
1740547906.611417 -8.7805004 17.1962624 11.8487635 -0.5541649 -0.1631602 -0.3158040 0.7526937
1740547907.231175 -8.7640247 17.4879932 11.9667597 -0.5521733 -0.1686069 -0.3120526 0.7545195
1740547907.531967 -8.7522564 17.6325073 12.0252533 -0.5512845 -0.1693858 -0.3117781 0.7551082
1740547907.842098 -8.7311211 17.7794037 12.0778551 -0.5505252 -0.1700002 -0.3114051 0.7556778
1740547908.152051 -8.7112637 17.9265556 12.1263046 -0.5503899 -0.1708374 -0.3108160 0.7558300
1740547908.453769 -8.7046452 18.0722370 12.1861744 -0.5512806 -0.1729881 -0.3091058 0.7553928
1740547908.758813 -8.7054119 18.2214184 12.2366524 -0.5528320 -0.1758696 -0.3073732 0.7542999
1740547909.056398 -8.6846638 18.3690701 12.2771645 -0.5551222 -0.1802122 -0.3033541 0.7532192
1740547909.360176 -8.6775331 18.5226250 12.3242283 -0.5588372 -0.1867030 -0.2994780 0.7504373
1740547909.761692 -8.6729679 18.7351036 12.3898163 -0.5669211 -0.1967488 -0.2910860 0.7450902
1740547910.162436 -8.6767559 18.9455376 12.4451599 -0.5755087 -0.2090480 -0.2830274 0.7382305
1740547910.564605 -8.6768074 19.1843128 12.4787617 -0.5851000 -0.2209992 -0.2728842 0.7309935
1740547910.854165 -8.7167206 19.3397541 12.4957771 -0.5940322 -0.2264109 -0.2687671 0.7236215
1740547911.146169 -8.7104826 19.5131912 12.5128117 -0.5986492 -0.2352627 -0.2618707 0.7195098
1740547911.449105 -8.7275524 19.6853256 12.5334892 -0.6047729 -0.2406544 -0.2552075 0.7149855
1740547911.640654 -8.7252274 19.7953072 12.5645905 -0.6089559 -0.2466958 -0.2523275 0.7103836
1740547911.938537 -8.7387180 19.9542999 12.5740910 -0.6115974 -0.2536477 -0.2479006 0.7072176
1740547912.148726 -8.7416735 20.0650635 12.5922356 -0.6154317 -0.2574342 -0.2421873 0.7044976
1740547912.452917 -8.7659960 20.2300911 12.6178169 -0.6207914 -0.2648432 -0.2387425 0.6981965
1740547912.646246 -8.7838345 20.3377666 12.6026726 -0.6232530 -0.2680824 -0.2354440 0.6958833
1740547912.846756 -8.8027744 20.4395695 12.6056728 -0.6257259 -0.2709013 -0.2320156 0.6937207
1740547913.046715 -8.8163843 20.5402603 12.6057281 -0.6277137 -0.2738256 -0.2293587 0.6916571
1740547913.246617 -8.8128643 20.6466942 12.6029282 -0.6289026 -0.2778295 -0.2263605 0.6899661
1740547913.445870 -8.8376598 20.7471085 12.5913734 -0.6312189 -0.2786678 -0.2237939 0.6883482
1740547913.637949 -8.8452311 20.8469772 12.6019096 -0.6336060 -0.2820233 -0.2227136 0.6851313
1740547913.837196 -8.8492508 20.9316349 12.6301823 -0.6362199 -0.2872525 -0.2189703 0.6817348
1740547913.939461 -8.8380527 20.9835377 12.6105976 -0.6351579 -0.2898720 -0.2179797 0.6819338
1740547914.038869 -8.8622036 21.0258827 12.6078453 -0.6364658 -0.2900407 -0.2187542 0.6803928
1740547914.134679 -8.8866920 21.0511341 12.6017399 -0.6365983 -0.2884113 -0.2180107 0.6811996
1740547914.237054 -8.8757000 21.1131954 12.6120758 -0.6375307 -0.2915204 -0.2152595 0.6798778
1740547914.334515 -8.8950119 21.1613178 12.6119251 -0.6390902 -0.2894967 -0.2148357 0.6794122
1740547914.434699 -8.8799314 21.2113953 12.6261139 -0.6400530 -0.2931447 -0.2131187 0.6774797
1740547914.531717 -8.8902206 21.2527180 12.6138687 -0.6382726 -0.2942620 -0.2131900 0.6786516
1740547914.627910 -8.9068098 21.2919426 12.6070518 -0.6389495 -0.2943009 -0.2145052 0.6775825
1740547914.733696 -8.9153185 21.3394623 12.6011314 -0.6390901 -0.2934679 -0.2124785 0.6784493
1740547914.832695 -8.9350805 21.3794556 12.5932846 -0.6398994 -0.2937006 -0.2144360 0.6769682
1740547914.933232 -8.9580297 21.4185410 12.5876160 -0.6405015 -0.2923336 -0.2138624 0.6771720
1740547915.031566 -8.9655743 21.4656754 12.5781422 -0.6400749 -0.2926408 -0.2129838 0.6777194
1740547915.125191 -8.9804249 21.5019264 12.5637951 -0.6387948 -0.2924289 -0.2143364 0.6785915
1740547915.226906 -8.9811935 21.5501480 12.5500164 -0.6374481 -0.2922331 -0.2130802 0.6803356
1740547915.322579 -8.9987259 21.5948792 12.5590172 -0.6393474 -0.2924468 -0.2141292 0.6781287
1740547915.435944 -8.9991035 21.6361465 12.5617638 -0.6394777 -0.2930059 -0.2136854 0.6779044
1740547915.532530 -9.0216866 21.6797791 12.5481796 -0.6396242 -0.2927844 -0.2146698 0.6775508
1740547915.627219 -9.0301685 21.7306156 12.5388718 -0.6390948 -0.2922028 -0.2142235 0.6784421
1740547915.731977 -9.0537596 21.7541504 12.5435028 -0.6413039 -0.2913541 -0.2154326 0.6763365
1740547915.826470 -9.0545731 21.7765007 12.5340424 -0.6413819 -0.2926927 -0.2150514 0.6758055
1740547915.939862 -9.0824013 21.8107681 12.5346546 -0.6426966 -0.2900268 -0.2176754 0.6748651
1740547916.133606 -9.0604267 21.8412724 12.5912132 -0.6494275 -0.2975920 -0.2126499 0.6666806
1740547916.332314 -9.0541658 21.8496265 12.6441193 -0.6555722 -0.3028801 -0.2082187 0.6596467
1740547916.536389 -9.0900326 21.8623505 12.7172146 -0.6663725 -0.3047596 -0.2069362 0.6482644
1740547916.633723 -9.0997267 21.8690548 12.7548580 -0.6696486 -0.3066445 -0.2051928 0.6445431
1740547916.735829 -9.1035500 21.8896160 12.8008347 -0.6753025 -0.3083580 -0.2015876 0.6389400
1740547916.833174 -9.1036053 21.9071560 12.8309307 -0.6792991 -0.3118226 -0.2001849 0.6334394
1740547916.943488 -9.0994406 21.9164162 12.8557281 -0.6819233 -0.3147880 -0.1973872 0.6300218
1740547917.140417 -9.0793152 21.9505997 12.9664841 -0.6922275 -0.3218392 -0.1881828 0.6179222
1740547917.244135 -9.0583448 21.9667454 13.0100918 -0.6955943 -0.3265366 -0.1849957 0.6126166
1740547917.453274 -9.0539846 21.9859104 13.0634022 -0.7017314 -0.3305538 -0.1802141 0.6048389
1740547917.548579 -9.0692673 22.0048447 13.1044884 -0.7074749 -0.3308536 -0.1784400 0.5984766
1740547917.648375 -9.0561838 22.0451870 13.1541920 -0.7131324 -0.3355022 -0.1737598 0.5904981
1740547917.748901 -9.0521774 22.0793858 13.1872845 -0.7167007 -0.3383955 -0.1692741 0.5858114
1740547917.847907 -9.0581903 22.1066952 13.2257519 -0.7213250 -0.3404553 -0.1662319 0.5797822
1740547917.956866 -9.0507641 22.1269150 13.2505512 -0.7237719 -0.3435077 -0.1640236 0.5755457
1740547918.051724 -9.0444870 22.1558628 13.2841949 -0.7273259 -0.3459867 -0.1600275 0.5706851
1740547918.150905 -9.0319233 22.1886330 13.2976856 -0.7297193 -0.3495577 -0.1541231 0.5670672
1740547918.255616 -9.0260744 22.2192688 13.2901001 -0.7296286 -0.3520639 -0.1509537 0.5664858
1740547918.355727 -9.0118828 22.2466259 13.2977524 -0.7307428 -0.3553527 -0.1481540 0.5637285
1740547918.459743 -8.9993057 22.2804737 13.3109131 -0.7331606 -0.3585780 -0.1446151 0.5594496
1740547918.558980 -9.0085392 22.3122025 13.3214130 -0.7348238 -0.3618714 -0.1435462 0.5554077
1740547918.657505 -9.0031433 22.3442879 13.3565063 -0.7388064 -0.3633139 -0.1401338 0.5500278
1740547918.761634 -8.9799242 22.3826485 13.3756752 -0.7394447 -0.3675166 -0.1346550 0.5477418
1740547918.858322 -8.9699163 22.4189873 13.4127903 -0.7433844 -0.3695621 -0.1301574 0.5420910
1740547918.970481 -8.9739952 22.4349861 13.4146538 -0.7435821 -0.3714549 -0.1296457 0.5406467
1740547919.065970 -8.9743271 22.4483299 13.4097328 -0.7435078 -0.3726684 -0.1292674 0.5400040
1740547919.167426 -8.9644213 22.4882927 13.4354687 -0.7459676 -0.3746718 -0.1261667 0.5359433
1740547919.274296 -8.9453802 22.5140228 13.4208584 -0.7445735 -0.3779247 -0.1231162 0.5363075
1740547919.373580 -8.9386539 22.5583344 13.4434090 -0.7465405 -0.3802549 -0.1187426 0.5329013
1740547919.479338 -8.9274988 22.5848389 13.4632111 -0.7488801 -0.3814858 -0.1173385 0.5290358
1740547919.575861 -8.9464149 22.5831070 13.4654713 -0.7492206 -0.3802388 -0.1209319 0.5286421
1740547919.675012 -8.9526253 22.5768414 13.4630508 -0.7489637 -0.3797559 -0.1233680 0.5287904
1740547919.780367 -8.9304972 22.6098881 13.4805450 -0.7493369 -0.3828254 -0.1196195 0.5269062
1740547919.875703 -8.9453030 22.6263390 13.4741859 -0.7504928 -0.3825643 -0.1210831 0.5251133
1740547919.981582 -8.8991880 22.6807823 13.5209217 -0.7525228 -0.3877776 -0.1134166 0.5200717
1740547920.085262 -8.8913174 22.7161446 13.5360107 -0.7545006 -0.3885198 -0.1077204 0.5178587
1740547920.182357 -8.8987684 22.7085495 13.5394020 -0.7543343 -0.3877012 -0.1107592 0.5180733
1740547920.284572 -8.9109087 22.7262001 13.5282021 -0.7549940 -0.3861531 -0.1114126 0.5181285
1740547920.385782 -8.9082537 22.7488403 13.5200863 -0.7543651 -0.3869532 -0.1096643 0.5188201
1740547920.495689 -8.9020214 22.7957191 13.5524540 -0.7576595 -0.3879693 -0.1051081 0.5141830
1740547920.592746 -8.9000063 22.8332958 13.5495300 -0.7584884 -0.3902856 -0.1037976 0.5114672
1740547920.691575 -8.9151993 22.8795986 13.5939579 -0.7635666 -0.3887329 -0.1030969 0.5051969
1740547920.795896 -8.9166317 22.8727188 13.5745907 -0.7632890 -0.3861469 -0.1054373 0.5071128
1740547920.891976 -8.9292660 22.8676891 13.5604458 -0.7623287 -0.3839943 -0.1082854 0.5095857
1740547921.003157 -8.9308996 22.8591537 13.5442867 -0.7614066 -0.3815043 -0.1100464 0.5124493
1740547921.100497 -8.9192038 22.8587418 13.5144501 -0.7595901 -0.3797325 -0.1104572 0.5163577
1740547921.197258 -8.9039297 22.8802147 13.5322838 -0.7608924 -0.3792650 -0.1076799 0.5153698
1740547921.301627 -8.8851547 22.9053230 13.5411663 -0.7603381 -0.3820110 -0.1065652 0.5143903
1740547921.399527 -8.8613424 22.9178810 13.5520229 -0.7612916 -0.3814196 -0.1033600 0.5140728
1740547921.507249 -8.8611555 22.9212036 13.5264053 -0.7602838 -0.3797578 -0.1039194 0.5166753
1740547921.613097 -8.8328123 22.9332733 13.5362911 -0.7599631 -0.3813191 -0.1012206 0.5165328
1740547921.721560 -8.8305330 22.9784679 13.5411072 -0.7603939 -0.3818813 -0.0990247 0.5159088
1740547921.816776 -8.8462276 22.9968224 13.5325527 -0.7606127 -0.3814156 -0.1002483 0.5156944
1740547921.917357 -8.8241873 23.0043030 13.5218697 -0.7578374 -0.3839042 -0.1003276 0.5179136
1740547922.018345 -8.7980518 23.0282211 13.5193100 -0.7575644 -0.3839580 -0.0968845 0.5189276
1740547922.118645 -8.7867870 23.0571117 13.5377293 -0.7578685 -0.3853384 -0.0942252 0.5179491
1740547922.225270 -8.7954826 23.0820007 13.5212746 -0.7568170 -0.3871790 -0.0961838 0.5177540
1740547922.320121 -8.7949142 23.1146812 13.5358067 -0.7575908 -0.3886989 -0.0949393 0.5157090
1740547922.421862 -8.7952480 23.1679001 13.5498505 -0.7599978 -0.3900744 -0.0914983 0.5117357
1740547922.529901 -8.7997961 23.1631203 13.5354156 -0.7583813 -0.3888252 -0.0936389 0.5146887
1740547922.628053 -8.7996731 23.1674347 13.5318928 -0.7575240 -0.3884944 -0.0948889 0.5159706
1740547922.736284 -8.7814665 23.1868553 13.5366077 -0.7575836 -0.3889955 -0.0932214 0.5158095
1740547922.832865 -8.7785778 23.1941566 13.5298977 -0.7569178 -0.3883581 -0.0939529 0.5171328
1740547922.931726 -8.7791357 23.2101021 13.5482044 -0.7575572 -0.3889123 -0.0933635 0.5158852
1740547923.034155 -8.7885990 23.2299538 13.5724010 -0.7593336 -0.3876889 -0.0939530 0.5140842
1740547923.133586 -8.8215532 23.2304382 13.5790424 -0.7596689 -0.3864175 -0.0989309 0.5136122
1740547923.241165 -8.8226318 23.2521229 13.5952930 -0.7619817 -0.3862316 -0.0986263 0.5103742
1740547923.337476 -8.8029156 23.2627239 13.5949593 -0.7611490 -0.3861695 -0.0980183 0.5117790
1740547923.436972 -8.8140755 23.2731514 13.6173210 -0.7627771 -0.3847870 -0.0998555 0.5100381
1740547923.542204 -8.8023834 23.2922783 13.6184864 -0.7634431 -0.3838678 -0.0992461 0.5098532
1740547923.642752 -8.8607178 23.3015213 13.6370506 -0.7654321 -0.3835394 -0.1060748 0.5057267
1740547923.750019 -8.9119453 23.3190460 13.6772137 -0.7685690 -0.3809043 -0.1109786 0.5018937
1740547923.849210 -8.9092827 23.3718948 13.6925926 -0.7709250 -0.3816015 -0.1087663 0.4982217
1740547923.947298 -8.8951111 23.3859177 13.6881561 -0.7701872 -0.3827184 -0.1079793 0.4986770
1740547924.056485 -8.8879013 23.3913002 13.6954212 -0.7705029 -0.3810153 -0.1069688 0.4997102
1740547924.156523 -8.9185772 23.4212799 13.7332382 -0.7729502 -0.3820018 -0.1098471 0.4945263
1740547924.263507 -8.9079475 23.4343700 13.7339668 -0.7727197 -0.3826053 -0.1086652 0.4946811
1740547924.363828 -8.8867264 23.4595203 13.7489204 -0.7734326 -0.3823167 -0.1055695 0.4944603
1740547924.466410 -8.8544044 23.5076504 13.7801094 -0.7751143 -0.3826115 -0.1011045 0.4925283
1740547924.575447 -8.8340979 23.5228195 13.7702332 -0.7734640 -0.3845975 -0.1018273 0.4934262
1740547924.675698 -8.8135624 23.5563812 13.7944069 -0.7753934 -0.3843716 -0.0985570 0.4912332
1740547924.782750 -8.7946663 23.5748711 13.8155880 -0.7759370 -0.3843241 -0.0966331 0.4907941
1740547924.882597 -8.7618732 23.5891380 13.8221474 -0.7746372 -0.3855518 -0.0933429 0.4925180
1740547924.996704 -8.7287464 23.6080418 13.8394432 -0.7740203 -0.3866722 -0.0907256 0.4930985
1740547925.095516 -8.6921577 23.6317825 13.8524246 -0.7736658 -0.3873631 -0.0879097 0.4936222
1740547925.197809 -8.6536503 23.6825790 13.9010448 -0.7771562 -0.3863063 -0.0812653 0.4900935
1740547925.307900 -8.5806656 23.7066612 13.9322453 -0.7767428 -0.3870884 -0.0734609 0.4913621
1740547925.407455 -8.5999107 23.7263832 13.9269600 -0.7749947 -0.3897804 -0.0769227 0.4914644
1740547925.513580 -8.5625553 23.7480316 13.8635349 -0.7724079 -0.3899560 -0.0751285 0.4956572
1740547925.614506 -8.5326281 23.7864780 13.8857117 -0.7734342 -0.3889765 -0.0703987 0.4955207
1740547925.712595 -8.4989605 23.7877159 13.8536148 -0.7706063 -0.3890980 -0.0689533 0.5000141
1740547925.817819 -8.4497395 23.8162422 13.8696651 -0.7696415 -0.3906664 -0.0644003 0.5008836
1740547925.919914 -8.4291124 23.8336143 13.8612270 -0.7690435 -0.3894639 -0.0628417 0.5029323
1740547926.031573 -8.3934040 23.8588104 13.8562927 -0.7687588 -0.3878215 -0.0580477 0.5052079
1740547926.130968 -8.3444376 23.8660698 13.8112507 -0.7661557 -0.3865297 -0.0547365 0.5104941
1740547926.235299 -8.3055763 23.9013138 13.8239269 -0.7661900 -0.3869990 -0.0499488 0.5105780
1740547926.335032 -8.2434883 23.9531174 13.8424301 -0.7648849 -0.3902396 -0.0435076 0.5106577
1740547926.436271 -8.1942902 23.9624786 13.8184528 -0.7612116 -0.3934676 -0.0404029 0.5139141
1740547926.543397 -8.1688175 23.9786663 13.8106461 -0.7588995 -0.3954411 -0.0384913 0.5159615
1740547926.647285 -8.1110706 24.0206795 13.8178577 -0.7579153 -0.3977958 -0.0322513 0.5160260
1740547926.752759 -8.0685158 24.0411205 13.7843761 -0.7548073 -0.3997735 -0.0297318 0.5191947
1740547926.851063 -8.0137625 24.0605221 13.7498913 -0.7519948 -0.4029200 -0.0256566 0.5210576
1740547926.952406 -7.9588881 24.1146240 13.7586689 -0.7508110 -0.4076780 -0.0192499 0.5193370
1740547927.067791 -7.9372149 24.1473808 13.7560101 -0.7503041 -0.4093417 -0.0166449 0.5188508
1740547927.173121 -7.9507809 24.1618862 13.7531109 -0.7512949 -0.4084459 -0.0171401 0.5181063
1740547927.286250 -7.9592075 24.1805592 13.7366505 -0.7503511 -0.4097599 -0.0182263 0.5183992
1740547927.386720 -8.0014524 24.1968384 13.7264366 -0.7508003 -0.4097274 -0.0224401 0.5176090
1740547927.499222 -8.0565157 24.2090549 13.7241058 -0.7526935 -0.4090998 -0.0264192 0.5151620
1740547927.602879 -8.0951862 24.2379379 13.7459145 -0.7547379 -0.4095888 -0.0289937 0.5116320
1740547927.701961 -8.1441450 24.2701950 13.7573128 -0.7571544 -0.4097798 -0.0326772 0.5076711
1740547927.810622 -8.1726799 24.3008385 13.7543087 -0.7578827 -0.4107936 -0.0338845 0.5056819
1740547927.912953 -8.2278223 24.3252468 13.7332306 -0.7594583 -0.4096388 -0.0377691 0.5039768
1740547928.020417 -8.2561378 24.3485680 13.7304783 -0.7605287 -0.4096891 -0.0390344 0.5022223
1740547928.121404 -8.2676220 24.3774204 13.7266312 -0.7616119 -0.4105722 -0.0379172 0.4999400
1740547928.221239 -8.3403568 24.3889866 13.6993122 -0.7632058 -0.4086260 -0.0445995 0.4985505
1740547928.343291 -8.3773403 24.4038792 13.6735096 -0.7640318 -0.4065388 -0.0461068 0.4988545
1740547928.446701 -8.3994637 24.4345093 13.6526585 -0.7650085 -0.4048660 -0.0454761 0.4987759
1740547928.556987 -8.4390049 24.4803276 13.6705818 -0.7672408 -0.4073775 -0.0461318 0.4932110
1740547928.658809 -8.4531012 24.5218124 13.6614933 -0.7677737 -0.4102339 -0.0444991 0.4901546
1740547928.765595 -8.4803038 24.5484238 13.6530762 -0.7691214 -0.4106127 -0.0462893 0.4875518
1740547928.866549 -8.5206451 24.5904999 13.6658955 -0.7714106 -0.4117748 -0.0468996 0.4828743
1740547928.965951 -8.5529566 24.6327362 13.6751041 -0.7739918 -0.4124974 -0.0477503 0.4780193
1740547929.074946 -8.5717173 24.6593437 13.6549339 -0.7744942 -0.4127850 -0.0483050 0.4769002
1740547929.176852 -8.5886507 24.7064838 13.6606598 -0.7768648 -0.4140083 -0.0465717 0.4721327
1740547929.288346 -8.6005812 24.7342529 13.6344585 -0.7766811 -0.4153375 -0.0461936 0.4713039
1740547929.389957 -8.6058531 24.7934036 13.6387978 -0.7792155 -0.4163363 -0.0421634 0.4665936
1740547930.426903 -8.7601423 25.1022606 13.3945179 -0.7808184 -0.4211410 -0.0445826 0.4593205
1740547930.642797 -8.8085299 25.1699753 13.3591442 -0.7826627 -0.4203113 -0.0464033 0.4567541
1740547930.854150 -8.8385038 25.2403984 13.3194561 -0.7834975 -0.4203938 -0.0465907 0.4552254
1740547931.059246 -8.8614330 25.3191605 13.2801170 -0.7843724 -0.4216515 -0.0459667 0.4526112
1740547931.259758 -8.8562403 25.3685532 13.2613888 -0.7856600 -0.4213423 -0.0420149 0.4510474
