1740547825.606620 0.0000000 0.0000000 0.0000000 -0.0000000 -0.0000000 -0.0000000 1.0000000
1740547826.504468 -0.0129467 0.0081552 0.0266554 -0.0002660 -0.0016437 -0.0003167 0.9999986
1740547826.668672 -0.0026248 0.0174637 0.0721833 -0.0001957 -0.0065674 -0.0005833 0.9999782
1740547826.789244 -0.0035546 -0.0083776 0.1230111 -0.0038233 -0.0128741 -0.0002486 0.9999098
1740547826.890055 0.0048627 0.0112265 0.1618824 -0.0045718 -0.0210115 -0.0001986 0.9997688
1740547826.995250 0.0130304 0.0069116 0.2081549 -0.0062773 -0.0324641 -0.0006469 0.9994530
1740547827.096391 -0.0136045 0.0189374 0.2366619 -0.0084873 -0.0427265 -0.0016481 0.9990494
1740547827.198802 -0.0224620 0.0248066 0.2690032 -0.0110557 -0.0564051 -0.0007952 0.9983464
1740547827.306810 -0.0375564 0.0117892 0.3143200 -0.0155733 -0.0708670 -0.0015209 0.9973630
1740547827.407826 -0.0610145 0.0124281 0.3482151 -0.0186222 -0.0865676 -0.0017971 0.9960703
1740547827.508610 -0.0706910 0.0192233 0.3833181 -0.0224121 -0.1040236 -0.0017082 0.9943208
1740547827.606169 -0.0987805 0.0161481 0.4173279 -0.0257543 -0.1207059 -0.0016297 0.9923528
1740547827.715587 -0.1275544 0.0284857 0.4496035 -0.0289285 -0.1379363 -0.0015263 0.9900174
1740547827.815382 -0.1573467 0.0284868 0.4855365 -0.0327025 -0.1553230 -0.0016671 0.9873209
1740547827.913329 -0.1659964 0.0196958 0.5204285 -0.0375815 -0.1737691 -0.0020288 0.9840670
1740547828.015570 -0.1982575 0.0334352 0.5541347 -0.0397583 -0.1909971 -0.0015212 0.9807839
1740547828.112706 -0.2061997 0.0366858 0.5935900 -0.0421312 -0.2094844 -0.0007429 0.9769036
1740547828.220495 -0.2210562 0.0506003 0.6258597 -0.0441887 -0.2266828 -0.0009424 0.9729653
1740547828.319247 -0.2374804 0.0530241 0.6523319 -0.0458067 -0.2422444 -0.0002817 0.9691333
1740547828.417876 -0.2628848 0.0566909 0.6900736 -0.0474894 -0.2566680 0.0002352 0.9653322
1740547828.523608 -0.2950726 0.0580340 0.7241257 -0.0491290 -0.2701444 0.0007613 0.9615653
1740547828.621318 -0.3174759 0.0747247 0.7562078 -0.0488496 -0.2830092 0.0015865 0.9578711
1740547828.724355 -0.3439311 0.0747835 0.7922770 -0.0493153 -0.2946609 0.0020748 0.9543263
1740547828.827042 -0.3618552 0.0864757 0.8224514 -0.0492454 -0.3057796 0.0028879 0.9508235
1740547828.928403 -0.3892699 0.0972302 0.8577814 -0.0487636 -0.3151215 0.0035902 0.9477909
1740547829.041802 -0.4266440 0.1041844 0.8963999 -0.0487576 -0.3239136 0.0034471 0.9448231
1740547829.146408 -0.4505033 0.1149181 0.9248782 -0.0479817 -0.3314669 0.0046059 0.9422347
1740547829.258789 -0.4806821 0.1165288 0.9645806 -0.0481592 -0.3384520 0.0053216 0.9397354
1740547829.357271 -0.5046990 0.1254976 0.9971724 -0.0475017 -0.3453184 0.0060575 0.9372631
1740547829.564482 -0.5709302 0.1292443 1.0733302 -0.0478613 -0.3557773 0.0062131 0.9333238
1740547829.663149 -0.5958556 0.1428465 1.1017218 -0.0474889 -0.3604504 0.0068094 0.9315438
1740547829.768788 -0.6301268 0.1418691 1.1366012 -0.0479178 -0.3644520 0.0067111 0.9299643
1740547829.875377 -0.6606896 0.1490052 1.1757705 -0.0480134 -0.3681959 0.0069561 0.9284816
1740547829.982518 -0.7051749 0.1586752 1.2022595 -0.0481961 -0.3706272 0.0070723 0.9275035
1740547830.089872 -0.7328619 0.1782292 1.2361850 -0.0482328 -0.3738245 0.0068886 0.9262189
1740547830.196228 -0.7512652 0.1843490 1.2766458 -0.0490914 -0.3775342 0.0072039 0.9246654
1740547830.308290 -0.7821679 0.1948473 1.3168788 -0.0502258 -0.3803285 0.0069116 0.9234608
1740547830.413881 -0.8119915 0.2080894 1.3506699 -0.0507550 -0.3829143 0.0069444 0.9223624
1740547830.526376 -0.8420796 0.2216303 1.3808267 -0.0518058 -0.3849897 0.0069448 0.9214395
1740547830.631253 -0.8848073 0.2285540 1.4060570 -0.0527938 -0.3861217 0.0065543 0.9209125
1740547830.742780 -0.9218853 0.2379484 1.4549277 -0.0544367 -0.3885899 0.0056951 0.9197837
1740547830.847594 -0.9594397 0.2452275 1.4814093 -0.0551537 -0.3898099 0.0050925 0.9192281
1740547830.948684 -0.9912831 0.2562234 1.5131259 -0.0558557 -0.3909888 0.0049978 0.9186854
1740547831.056263 -1.0166430 0.2674834 1.5523163 -0.0569554 -0.3929628 0.0048251 0.9177762
1740547831.156623 -1.0539017 0.2764111 1.5779364 -0.0576361 -0.3939162 0.0040952 0.9173284
1740547831.261563 -1.0777574 0.2908196 1.6204791 -0.0585500 -0.3956017 0.0040867 0.9165449
1740547831.365353 -1.0972167 0.3030907 1.6512611 -0.0596283 -0.3971762 0.0039580 0.9157947
1740547831.475824 -1.1158228 0.3175469 1.6809182 -0.0596284 -0.3985568 0.0041527 0.9151938
1740547831.582445 -1.1410296 0.3318537 1.7146249 -0.0598785 -0.3998350 0.0038900 0.9146210
1740547831.689221 -1.1760975 0.3397316 1.7422884 -0.0602152 -0.4003261 0.0039045 0.9143839
1740547831.798640 -1.2119119 0.3454982 1.7813957 -0.0610945 -0.4012486 0.0033121 0.9139234
1740547831.904891 -1.2373596 0.3606221 1.8094916 -0.0609129 -0.4017333 0.0035132 0.9137219
1740547832.014512 -1.2662464 0.3811955 1.8424649 -0.0604894 -0.4029355 0.0040065 0.9132184
1740547832.122702 -1.3058702 0.3846859 1.8612726 -0.0612313 -0.4027667 0.0036524 0.9132450
1740547832.230678 -1.3338147 0.3947710 1.8907359 -0.0612507 -0.4036599 0.0038318 0.9128485
1740547832.341880 -1.3687924 0.4005624 1.9132864 -0.0611543 -0.4038868 0.0037591 0.9127549
1740547832.444281 -1.3846445 0.4136831 1.9387450 -0.0605653 -0.4050215 0.0038248 0.9122910
1740547832.553452 -1.4144092 0.4328162 1.9677920 -0.0606841 -0.4054012 0.0041982 0.9121128
1740547832.659127 -1.4347917 0.4468534 1.9987906 -0.0599959 -0.4058151 0.0047173 0.9119717
1740547832.769321 -1.4638126 0.4573576 2.0268726 -0.0599044 -0.4061070 0.0046320 0.9118482
1740547832.876192 -1.4899391 0.4669942 2.0585678 -0.0595636 -0.4064991 0.0051329 0.9116931
1740547832.977758 -1.5105984 0.4802042 2.0944870 -0.0594655 -0.4071233 0.0052263 0.9114204
1740547833.076028 -1.5303912 0.4945451 2.1312900 -0.0588957 -0.4076256 0.0059300 0.9112286
1740547833.173548 -1.5519409 0.5087408 2.1615949 -0.0585778 -0.4079275 0.0059956 0.9111135
1740547833.275140 -1.5668566 0.5224153 2.1944289 -0.0578560 -0.4084460 0.0071177 0.9109192
1740547833.372465 -1.5797102 0.5375362 2.2162192 -0.0562134 -0.4083523 0.0083845 0.9110533
1740547833.487374 -1.6002891 0.5453786 2.2466826 -0.0560036 -0.4091764 0.0081720 0.9106984
1740547833.582678 -1.6129861 0.5652905 2.2622075 -0.0536647 -0.4094055 0.0082647 0.9107354
1740547833.680570 -1.6282234 0.5754362 2.2795439 -0.0522496 -0.4095443 0.0088960 0.9107494
1740547833.794889 -1.6599442 0.5970929 2.3231258 -0.0523886 -0.4094315 0.0090549 0.9107905
1740547833.891813 -1.6853547 0.6134801 2.3565614 -0.0516461 -0.4097793 0.0081184 0.9106853
1740547833.992393 -1.7075204 0.6286676 2.3874006 -0.0510514 -0.4093844 0.0086323 0.9108917
1740547834.093864 -1.7310574 0.6396366 2.4227388 -0.0510664 -0.4094980 0.0095156 0.9108310
1740547834.190516 -1.7480075 0.6525794 2.4519553 -0.0504033 -0.4095519 0.0110387 0.9108265
1740547834.296746 -1.7653486 0.6620260 2.4822459 -0.0498493 -0.4104171 0.0111510 0.9104661
1740547834.393775 -1.7819566 0.6739627 2.5074196 -0.0492730 -0.4113918 0.0120743 0.9100457
1740547834.494969 -1.8099929 0.6914976 2.5377970 -0.0486445 -0.4114586 0.0124152 0.9100447
1740547834.592822 -1.8226085 0.6945342 2.5620933 -0.0481896 -0.4127510 0.0132928 0.9094712
1740547834.691297 -1.8488575 0.7099584 2.5889866 -0.0467530 -0.4125388 0.0139985 0.9096318
1740547834.798541 -1.8728033 0.7238261 2.6196485 -0.0458167 -0.4129133 0.0149325 0.9094946
1740547834.899717 -1.8987136 0.7398142 2.6536195 -0.0445690 -0.4135086 0.0162488 0.9092636
1740547835.006666 -1.9172184 0.7462825 2.6868601 -0.0434910 -0.4144535 0.0160190 0.9088895
1740547835.103728 -1.9392221 0.7497654 2.7249830 -0.0436171 -0.4156731 0.0165421 0.9083170
1740547835.203291 -1.9674475 0.7604951 2.7432413 -0.0406571 -0.4146335 0.0174352 0.9089126
1740547835.308426 -1.9984119 0.7782626 2.7687943 -0.0387592 -0.4145687 0.0181353 0.9090114
1740547835.405457 -2.0302632 0.7915857 2.8086784 -0.0369681 -0.4146364 0.0188750 0.9090400
1740547835.509892 -2.0646908 0.8059857 2.8405967 -0.0347488 -0.4144796 0.0199198 0.9091768
1740547835.611902 -2.0850642 0.8188186 2.8705387 -0.0324186 -0.4157577 0.0209781 0.9086553
1740547835.707614 -2.1085715 0.8226234 2.9055562 -0.0298086 -0.4162456 0.0222974 0.9084899
1740547835.809392 -2.1428106 0.8392662 2.9350023 -0.0258907 -0.4161480 0.0237191 0.9086187
1740547835.910881 -2.1736450 0.8370655 2.9566240 -0.0226173 -0.4165998 0.0249243 0.9084668
1740547836.017007 -2.1846564 0.8353742 2.9719195 -0.0194398 -0.4179575 0.0259723 0.9078872
1740547836.114504 -2.2081401 0.8448987 2.9958482 -0.0138463 -0.4187897 0.0278907 0.9075493
1740547836.212376 -2.2400846 0.8402600 3.0327678 -0.0098103 -0.4197254 0.0299169 0.9071049
1740547836.314715 -2.2656837 0.8283633 3.0682006 -0.0067797 -0.4212743 0.0321291 0.9063386
1740547836.412877 -2.3091416 0.8310440 3.0953457 -0.0025982 -0.4218776 0.0338366 0.9060175
1740547836.520238 -2.3222468 0.8242674 3.1208692 0.0015672 -0.4248341 0.0356715 0.9045668
1740547836.621150 -2.3310246 0.8323491 3.1502457 0.0054865 -0.4281040 0.0377027 0.9029260
1740547836.727054 -2.3522484 0.8220281 3.1800203 0.0088512 -0.4304344 0.0388452 0.9017422
1740547836.830554 -2.3580856 0.8184714 3.1997595 0.0128798 -0.4341139 0.0403509 0.8998617
1740547836.935793 -2.3643324 0.8184456 3.2178509 0.0166964 -0.4370688 0.0424336 0.8982714
1740547837.044768 -2.3846862 0.8145571 3.2529216 0.0201789 -0.4395160 0.0427372 0.8969905
1740547837.145133 -2.3858624 0.8126783 3.2628679 0.0236272 -0.4431263 0.0439162 0.8950711
1740547837.248781 -2.3931944 0.8049397 3.2749398 0.0248507 -0.4453593 0.0439950 0.8939251
1740547837.350561 -2.3928318 0.8035649 3.2764831 0.0274356 -0.4462962 0.0447039 0.8933468
1740547837.451360 -2.4045982 0.7988536 3.2996149 0.0311232 -0.4492797 0.0469234 0.8916150
1740547837.560878 -2.4119270 0.7999117 3.3243966 0.0336050 -0.4525941 0.0480282 0.8897879
1740547837.657598 -2.4130659 0.7961397 3.3263812 0.0346186 -0.4533989 0.0493840 0.8892650
1740547837.759426 -2.4262674 0.7901006 3.3464692 0.0356353 -0.4557629 0.0485728 0.8880603
1740547837.858931 -2.4455519 0.7839208 3.3803129 0.0372622 -0.4584105 0.0486019 0.8866280
1740547837.959583 -2.4636343 0.8000423 3.3754992 0.0419414 -0.4570164 0.0512635 0.8869887
1740547838.063038 -2.4668994 0.8011127 3.3792529 0.0437889 -0.4587455 0.0509523 0.8860242
1740547838.160674 -2.4707868 0.7995322 3.3869860 0.0450904 -0.4571913 0.0508971 0.8867652
1740547838.263605 -2.4909210 0.7825475 3.4078395 0.0443177 -0.4588326 0.0514438 0.8859245
1740547838.362964 -2.5026245 0.7738195 3.4249239 0.0450919 -0.4616658 0.0515805 0.8844042
1740547838.460344 -2.5138857 0.7661659 3.4390492 0.0456591 -0.4626215 0.0520830 0.8838461
1740547838.562159 -2.5207355 0.7716447 3.4462118 0.0472753 -0.4623876 0.0520821 0.8838837
1740547838.661879 -2.5547051 0.7592666 3.4469562 0.0467065 -0.4617660 0.0520358 0.8842415
1740547838.765902 -2.6002002 0.7313085 3.4604878 0.0458889 -0.4618614 0.0516232 0.8842586
1740547838.867156 -2.6163173 0.7090861 3.4678910 0.0429976 -0.4620739 0.0509769 0.8843304
1740547838.970630 -2.6269243 0.7116368 3.4758241 0.0435298 -0.4632723 0.0509979 0.8836760
1740547839.085663 -2.6503754 0.7231613 3.5007839 0.0450732 -0.4651864 0.0506674 0.8826114
1740547839.183511 -2.6739883 0.7344593 3.5263138 0.0463532 -0.4663763 0.0511009 0.8818919
1740547839.288216 -2.6809440 0.7083476 3.5508642 0.0435564 -0.4689299 0.0497781 0.8807552
1740547839.388053 -2.7100940 0.6901784 3.5518937 0.0410594 -0.4681111 0.0488222 0.8813640
1740547839.504007 -2.7261877 0.6777899 3.5463448 0.0391955 -0.4677964 0.0480006 0.8816611
1740547839.599781 -2.7516308 0.6852558 3.5640244 0.0397138 -0.4680792 0.0479132 0.8814925
1740547839.699409 -2.7708273 0.6962192 3.5801952 0.0403667 -0.4683070 0.0483550 0.8813177
1740547839.813940 -2.7823319 0.6900668 3.5960402 0.0395964 -0.4698971 0.0472605 0.8805654
1740547839.911302 -2.8057637 0.6998188 3.5901856 0.0404770 -0.4679681 0.0491290 0.8814498
1740547840.013214 -2.8464386 0.6860381 3.5933683 0.0386619 -0.4665391 0.0482548 0.8823367
1740547840.112464 -2.8787003 0.6817590 3.6207471 0.0384442 -0.4670180 0.0474197 0.8821381
1740547840.210873 -2.9120049 0.6863680 3.6470828 0.0388671 -0.4670884 0.0480654 0.8820474
1740547840.318319 -2.9452872 0.6665403 3.6574898 0.0363347 -0.4663362 0.0468116 0.8826205
1740547840.416781 -2.9707077 0.6772545 3.6723781 0.0365037 -0.4655187 0.0480709 0.8829774
1740547840.521651 -3.0046217 0.6698937 3.6742055 0.0353122 -0.4635673 0.0478954 0.8840613
1740547840.622710 -3.0448437 0.6743888 3.6945508 0.0357523 -0.4625357 0.0478858 0.8845843
1740547840.721632 -3.0716920 0.6701919 3.7062662 0.0354478 -0.4615183 0.0480702 0.8851179
1740547840.829340 -3.0903099 0.6729087 3.7187486 0.0353724 -0.4612187 0.0481569 0.8852723
1740547840.929793 -3.1262734 0.6726222 3.7394392 0.0356811 -0.4610851 0.0478382 0.8853468
1740547841.041237 -3.1300850 0.6833369 3.7887831 0.0363135 -0.4631546 0.0480576 0.8842283
1740547841.141846 -3.1785550 0.6616286 3.8069141 0.0355472 -0.4620138 0.0486709 0.8848224
1740547841.245831 -3.1986818 0.6671844 3.8319736 0.0359204 -0.4629808 0.0482465 0.8843250
1740547841.347749 -3.2015221 0.6625531 3.8472943 0.0357596 -0.4628855 0.0465529 0.8844723
1740547841.446979 -3.2482629 0.6527230 3.8563006 0.0354458 -0.4612749 0.0471666 0.8852934
1740547841.552685 -3.2679100 0.6525414 3.8561304 0.0344228 -0.4592952 0.0472906 0.8863558
1740547841.651541 -3.2919893 0.6401318 3.8611066 0.0342688 -0.4587616 0.0473052 0.8866373
1740547841.763174 -3.3275151 0.6220793 3.8627546 0.0309070 -0.4584861 0.0468005 0.8869302
1740547841.859844 -3.3454728 0.6234212 3.8698668 0.0324328 -0.4573075 0.0464805 0.8875008
1740547841.960659 -3.3756018 0.6264113 3.8768973 0.0328474 -0.4559974 0.0469538 0.8881344
1740547842.064769 -3.4048860 0.6179181 3.8823311 0.0317458 -0.4559979 0.0465860 0.8881936
1740547842.163934 -3.4228356 0.6085753 3.8821783 0.0293650 -0.4563794 0.0472720 0.8880433
1740547842.268798 -3.4554398 0.6127433 3.8913686 0.0300510 -0.4557862 0.0468800 0.8883458
1740547842.371502 -3.4969909 0.6038759 3.9128437 0.0297979 -0.4568578 0.0463640 0.8878307
1740547842.474128 -3.5253882 0.6130481 3.9191108 0.0308083 -0.4566236 0.0465012 0.8879095
1740547842.580005 -3.5520000 0.6210867 3.9320447 0.0317088 -0.4583727 0.0469665 0.8869516
1740547842.678706 -3.5940461 0.6208777 3.9514832 0.0327195 -0.4594142 0.0465604 0.8863973
1740547842.783216 -3.6416705 0.6137948 3.9653745 0.0328713 -0.4607095 0.0469181 0.8857003
1740547842.897204 -3.6826782 0.6149668 3.9980309 0.0329574 -0.4626417 0.0465629 0.8847080
1740547843.000900 -3.7291069 0.6060157 4.0225115 0.0332758 -0.4644154 0.0467038 0.8837589
1740547843.111563 -3.7594190 0.5887082 4.0576782 0.0330527 -0.4663233 0.0457964 0.8828096
1740547843.213157 -3.7927537 0.5821970 4.0728388 0.0326823 -0.4676010 0.0452815 0.8821739
1740547843.317690 -3.8211896 0.5759842 4.0754318 0.0348426 -0.4674682 0.0455959 0.8821454
1740547843.418010 -3.8703141 0.5653554 4.0808277 0.0350516 -0.4681279 0.0454851 0.8817930
1740547843.522621 -3.9118865 0.5597745 4.0824041 0.0360553 -0.4682893 0.0457523 0.8816530
1740547843.626256 -3.9339347 0.5568316 4.0856256 0.0356284 -0.4686379 0.0459445 0.8814750
1740547843.725420 -3.9482954 0.5538317 4.0818596 0.0369811 -0.4678631 0.0469169 0.8817797
1740547843.833034 -3.9717648 0.5479568 4.0785685 0.0382470 -0.4667020 0.0469728 0.8823379
1740547843.932601 -3.9869218 0.5423652 4.0777903 0.0389206 -0.4659214 0.0474262 0.8826966
1740547844.038942 -4.0283117 0.5279124 4.0837693 0.0403160 -0.4650483 0.0469836 0.8831179
1740547844.143040 -4.0621748 0.5354160 4.0867043 0.0426593 -0.4632185 0.0487062 0.8838758
1740547844.243140 -4.1024542 0.5225555 4.0933437 0.0433177 -0.4620839 0.0490030 0.8844212
1740547844.350278 -4.1369896 0.5320028 4.1025205 0.0446756 -0.4603529 0.0511464 0.8851347
1740547844.451092 -4.1742845 0.5331484 4.1086874 0.0480322 -0.4581752 0.0530541 0.8859761
1740547844.557403 -4.2110972 0.5357003 4.1210847 0.0494799 -0.4556078 0.0541171 0.8871554
1740547844.658778 -4.2305307 0.5273527 4.1210599 0.0513073 -0.4522993 0.0552367 0.8886742
1740547844.770970 -4.2663827 0.5289093 4.1301823 0.0529450 -0.4493323 0.0571059 0.8899642
1740547844.868658 -4.2931685 0.5363504 4.1293955 0.0568058 -0.4452020 0.0583830 0.8917173
1740547844.969497 -4.3092289 0.5367028 4.1345024 0.0585987 -0.4404936 0.0597296 0.8938478
1740547845.093398 -4.3416128 0.5344089 4.1413999 0.0603168 -0.4371452 0.0602501 0.8953412
1740547845.197223 -4.3770018 0.5440514 4.1558747 0.0628303 -0.4339291 0.0629767 0.8965443
1740547845.307317 -4.4100995 0.5597558 4.1761718 0.0644930 -0.4314420 0.0640057 0.8975532
1740547845.412529 -4.4408622 0.5651704 4.1888571 0.0643725 -0.4279710 0.0662114 0.8990623
1740547845.515500 -4.4592242 0.5704484 4.1922903 0.0660934 -0.4232173 0.0680911 0.9010451
1740547845.626945 -4.4920983 0.5796813 4.2108655 0.0682802 -0.4199551 0.0698997 0.9022692
1740547845.728529 -4.5314288 0.5867412 4.2270775 0.0690725 -0.4162616 0.0719601 0.9037572
1740547845.844350 -4.5573206 0.5912117 4.2331700 0.0712777 -0.4118645 0.0736894 0.9054596
1740547845.946839 -4.5819759 0.5986519 4.2458210 0.0736614 -0.4079448 0.0756306 0.9068821
1740547846.051130 -4.6044970 0.5973336 4.2410288 0.0740149 -0.4028872 0.0758498 0.9090933
1740547846.155964 -4.6179919 0.5936565 4.2375045 0.0757594 -0.3989487 0.0750814 0.9107487
1740547846.258718 -4.6319590 0.5906316 4.2418156 0.0734312 -0.3948418 0.0759636 0.9126540
1740547846.366755 -4.6416793 0.5931854 4.2452488 0.0735854 -0.3896846 0.0773730 0.9147374
1740547846.467361 -4.6629486 0.5970149 4.2500739 0.0740207 -0.3856492 0.0784918 0.9163158
1740547846.574275 -4.6822500 0.6023949 4.2579160 0.0753412 -0.3821656 0.0794412 0.9175850
1740547846.676546 -4.7042632 0.6137210 4.2593584 0.0781994 -0.3777775 0.0794076 0.9191645
1740547846.786228 -4.7189393 0.6191632 4.2690115 0.0783085 -0.3753099 0.0784897 0.9202443
1740547846.889830 -4.7197461 0.6192795 4.2694321 0.0766429 -0.3729194 0.0771192 0.9214715
1740547846.994150 -4.7284117 0.6128300 4.2605214 0.0756654 -0.3681025 0.0767808 0.9235150
1740547847.103366 -4.7466841 0.6034743 4.2450542 0.0758565 -0.3625632 0.0750375 0.9258310
1740547847.208263 -4.7679858 0.6108500 4.2429023 0.0757050 -0.3581805 0.0762073 0.9274524
1740547847.317274 -4.7860441 0.6082286 4.2402554 0.0748368 -0.3536835 0.0757525 0.9292842
1740547847.419900 -4.7898874 0.6059037 4.2376280 0.0713449 -0.3502827 0.0753677 0.9308768
1740547847.526270 -4.7900977 0.6055440 4.2369232 0.0697045 -0.3476912 0.0742548 0.9320614
1740547847.630355 -4.7852335 0.6031167 4.2404943 0.0652307 -0.3499751 0.0735910 0.9315829
1740547847.730838 -4.7932391 0.6040895 4.2391510 0.0656922 -0.3462052 0.0728432 0.9330168
1740547847.847968 -4.8043051 0.6030718 4.2441063 0.0643217 -0.3432380 0.0715488 0.9343079
1740547847.948719 -4.8269143 0.6041739 4.2422056 0.0624828 -0.3399075 0.0712933 0.9356688
1740547848.054350 -4.8399491 0.6016698 4.2410088 0.0602457 -0.3361070 0.0704551 0.9372506
1740547848.160017 -4.8464994 0.6007929 4.2374563 0.0572761 -0.3329168 0.0695881 0.9386391
1740547848.261011 -4.8541160 0.6042763 4.2405024 0.0573662 -0.3300197 0.0694186 0.9396687
1740547848.370805 -4.8630905 0.6102754 4.2499018 0.0593625 -0.3277984 0.0686616 0.9403776
1740547848.473064 -4.8711877 0.6113118 4.2488942 0.0571431 -0.3252298 0.0674562 0.9414935
1740547848.581117 -4.8906455 0.6068189 4.2541566 0.0571580 -0.3219910 0.0670664 0.9426329
1740547848.682966 -4.8944860 0.6055316 4.2576437 0.0548801 -0.3190141 0.0659585 0.9438578
1740547848.789379 -4.8940229 0.6045698 4.2561769 0.0522279 -0.3161547 0.0646563 0.9450598
1740547848.895074 -4.8978090 0.6015701 4.2503104 0.0493074 -0.3127731 0.0634537 0.9464224
1740547848.995824 -4.8987112 0.6006138 4.2465048 0.0474480 -0.3087603 0.0630816 0.9478589
1740547849.105915 -4.9147987 0.5979669 4.2438889 0.0464529 -0.3048006 0.0625741 0.9492224
1740547849.213766 -4.9289818 0.5954490 4.2434821 0.0457983 -0.3007095 0.0624049 0.9505693
1740547849.428683 -4.9732456 0.5755583 4.2585068 0.0423319 -0.2949432 0.0614847 0.9525945
1740547849.538511 -4.9819546 0.5775855 4.2607489 0.0438493 -0.2899384 0.0606729 0.9541131
1740547849.648754 -4.9872527 0.5769098 4.2569547 0.0428241 -0.2850453 0.0602642 0.9556587
1740547849.748084 -4.9877887 0.5779718 4.2484713 0.0430472 -0.2799188 0.0600709 0.9571750
1740547849.854640 -5.0045228 0.5764952 4.2459612 0.0433123 -0.2746165 0.0600385 0.9586998
1740547849.957687 -5.0108371 0.5717883 4.2466211 0.0418971 -0.2705629 0.0599625 0.9599192
1740547850.072595 -5.0198669 0.5636368 4.2492943 0.0414986 -0.2661741 0.0594019 0.9611976
1740547850.181033 -5.0222068 0.5615979 4.2496495 0.0397413 -0.2627673 0.0589073 0.9622390
1740547850.289562 -5.0381413 0.5505795 4.2615471 0.0383571 -0.2600211 0.0583839 0.9630727
1740547850.395862 -5.0448189 0.5518292 4.2607007 0.0380659 -0.2552991 0.0581446 0.9643613
1740547850.500178 -5.0495663 0.5515296 4.2498465 0.0372946 -0.2503875 0.0586181 0.9656496
1740547850.717203 -5.0876737 0.5548239 4.2349901 0.0386368 -0.2401180 0.0590920 0.9681728
1740547850.827850 -5.0897102 0.5523534 4.2253346 0.0360290 -0.2366446 0.0584289 0.9691684
1740547850.930620 -5.0996985 0.5419965 4.2238846 0.0362744 -0.2325711 0.0574083 0.9702057
1740547851.041000 -5.0990534 0.5393269 4.2080574 0.0334029 -0.2275486 0.0566341 0.9715444
1740547851.147666 -5.1071444 0.5361751 4.2013917 0.0342203 -0.2228408 0.0560393 0.9726411
1740547851.252133 -5.1097102 0.5314021 4.1934223 0.0334034 -0.2189540 0.0550121 0.9736103
1740547851.361740 -5.1099277 0.5291026 4.1897578 0.0322441 -0.2167910 0.0544340 0.9741658
1740547851.464167 -5.1099567 0.5269676 4.1921773 0.0302204 -0.2171102 0.0545434 0.9741535
1740547851.575101 -5.1111355 0.5251938 4.1923418 0.0291464 -0.2151380 0.0544668 0.9746279
1740547851.684103 -5.1096735 0.5263268 4.1925964 0.0269807 -0.2153439 0.0548167 0.9746252
1740547851.794188 -5.1086321 0.5277679 4.1915054 0.0271465 -0.2132156 0.0544780 0.9751074
1740547851.898148 -5.1096835 0.5273915 4.1910152 0.0262775 -0.2101686 0.0549010 0.9757687
1740547852.001905 -5.1112175 0.5247132 4.1911387 0.0261301 -0.2073618 0.0535160 0.9764499
1740547852.214084 -5.1103539 0.5204219 4.1810050 0.0245210 -0.2053949 0.0527643 0.9769481
1740547852.324729 -5.1093793 0.5236161 4.1770082 0.0250444 -0.2033210 0.0518295 0.9774185
1740547852.430988 -5.1095929 0.5233956 4.1764679 0.0235607 -0.2024225 0.0525018 0.9776061
1740547852.542316 -5.1075478 0.5200495 4.1754732 0.0209829 -0.2023703 0.0519651 0.9777043
1740547852.649187 -5.1075153 0.5197414 4.1752815 0.0202218 -0.2007580 0.0519127 0.9780554
1740547852.753164 -5.1081462 0.5195474 4.1755319 0.0220650 -0.1975032 0.0513272 0.9787090
1740547852.866194 -5.1138220 0.5189189 4.1935387 0.0221026 -0.1980097 0.0505916 0.9786440
1740547852.968488 -5.1308393 0.5317360 4.2092385 0.0244597 -0.1957734 0.0503762 0.9790489
1740547853.082683 -5.1412067 0.5349634 4.2173085 0.0267813 -0.1928975 0.0505750 0.9795486
1740547853.298886 -5.1521487 0.5488963 4.2173939 0.0328313 -0.1841222 0.0508850 0.9810361
1740547853.405212 -5.1513462 0.5452407 4.2255869 0.0316394 -0.1845572 0.0509518 0.9809901
1740547853.511350 -5.1602821 0.5411144 4.2410932 0.0320348 -0.1855132 0.0519429 0.9807450
1740547853.622033 -5.1592288 0.5398453 4.2570262 0.0311590 -0.1872774 0.0514233 0.9804652
1740547853.728630 -5.1571941 0.5395371 4.2618780 0.0298357 -0.1862066 0.0519855 0.9806806
1740547853.841801 -5.1643195 0.5377054 4.2870588 0.0284197 -0.1870150 0.0517859 0.9805794
1740547854.062856 -5.1661177 0.5333053 4.3353434 0.0268650 -0.1908731 0.0506023 0.9799414
1740547854.169266 -5.1709957 0.5300064 4.3594594 0.0262805 -0.1905380 0.0515480 0.9799731
1740547854.292897 -5.1793857 0.5294125 4.3895125 0.0275077 -0.1906404 0.0497508 0.9800125
1740547854.397562 -5.2002788 0.5309206 4.4310637 0.0263910 -0.1895115 0.0506040 0.9802184
1740547854.501985 -5.2244678 0.5276579 4.4788733 0.0257946 -0.1883325 0.0500595 0.9804895
1740547854.719625 -5.2651606 0.5294124 4.5705614 0.0226476 -0.1865328 0.0490157 0.9809638
1740547854.830699 -5.2872767 0.5271792 4.6158924 0.0208823 -0.1855847 0.0482071 0.9812229
1740547854.936699 -5.3098936 0.5289779 4.6618738 0.0199383 -0.1847317 0.0487807 0.9813751
1740547855.051143 -5.3450198 0.5268370 4.7093105 0.0181520 -0.1837947 0.0482920 0.9816099
1740547855.157439 -5.3658934 0.5354198 4.7533102 0.0169483 -0.1826954 0.0481630 0.9818429
1740547855.269721 -5.3843145 0.5374393 4.8061609 0.0163410 -0.1818395 0.0479684 0.9820216
1740547855.495839 -5.4001141 0.5268390 4.9115620 0.0136638 -0.1803960 0.0473420 0.9823591
1740547855.609024 -5.4247737 0.5382976 4.9589658 0.0135736 -0.1789404 0.0473789 0.9826247
1740547855.717410 -5.4452477 0.5451704 5.0050774 0.0134401 -0.1774358 0.0474706 0.9828950
1740547855.829132 -5.4535275 0.5418936 5.0601368 0.0128651 -0.1766847 0.0472635 0.9830480
1740547855.933610 -5.4758587 0.5428832 5.1076937 0.0126852 -0.1750181 0.0474129 0.9833412
1740547856.046702 -5.4829392 0.5462085 5.1627045 0.0132092 -0.1738960 0.0473512 0.9835362
1740547856.258844 -5.5174837 0.5328246 5.2542200 0.0135043 -0.1714545 0.0478899 0.9839348
1740547856.371080 -5.5451527 0.5288932 5.3010373 0.0142093 -0.1693975 0.0480519 0.9842731
1740547856.483069 -5.5610871 0.5287777 5.3527870 0.0146710 -0.1676514 0.0479165 0.9845719
1740547856.595192 -5.5771008 0.5327654 5.4003611 0.0163289 -0.1660009 0.0482762 0.9848078
1740547856.700621 -5.5896840 0.5351444 5.4551077 0.0173548 -0.1645361 0.0485317 0.9850236
1740547856.815692 -5.6036887 0.5373739 5.5046349 0.0190169 -0.1626056 0.0485434 0.9853128
1740547856.921932 -5.6189303 0.5362329 5.5549936 0.0205008 -0.1610726 0.0484706 0.9855384
1740547857.044713 -5.6298752 0.5074096 5.6032557 0.0204657 -0.1595043 0.0493239 0.9857519
1740547857.147866 -5.6413479 0.5098060 5.6540313 0.0211885 -0.1577378 0.0489920 0.9860373
1740547857.255299 -5.6605282 0.5037829 5.7022200 0.0219303 -0.1558423 0.0490382 0.9863202
1740547857.480680 -5.6991277 0.4788841 5.7935843 0.0216934 -0.1521618 0.0489744 0.9869031
1740547857.591312 -5.7146754 0.4810516 5.8460574 0.0213335 -0.1504184 0.0489426 0.9871798
1740547857.699084 -5.7196774 0.4799953 5.9011917 0.0203490 -0.1493343 0.0490493 0.9873598
1740547857.808322 -5.7360053 0.4575741 5.9480920 0.0180593 -0.1478965 0.0490330 0.9876215
1740547857.917294 -5.7458692 0.4557549 6.0027475 0.0163919 -0.1463200 0.0488623 0.9878938
1740547858.023443 -5.7721534 0.4423685 6.0473027 0.0139217 -0.1442171 0.0483990 0.9882637
1740547858.139565 -5.7801104 0.4505484 6.0970707 0.0115501 -0.1427572 0.0482637 0.9885128
1740547858.246167 -5.7917442 0.4614787 6.1491847 0.0088473 -0.1411373 0.0477357 0.9887989
1740547858.364622 -5.8107734 0.4629926 6.1989880 0.0054888 -0.1393817 0.0470729 0.9891040
1740547858.469393 -5.8213649 0.4675336 6.2498736 0.0011522 -0.1376042 0.0471499 0.9893638
1740547858.583242 -5.8299809 0.4854269 6.3011861 -0.0021447 -0.1361609 0.0464330 0.9895957
1740547858.688806 -5.8329816 0.4914150 6.3539219 -0.0065576 -0.1349727 0.0458742 0.9897651
1740547858.804035 -5.8335161 0.4982614 6.4036288 -0.0106633 -0.1340541 0.0455068 0.9898712
1740547858.911127 -5.8419690 0.5060918 6.4589934 -0.0148046 -0.1323159 0.0451985 0.9900659
1740547859.016716 -5.8665771 0.4996819 6.5086260 -0.0193763 -0.1299883 0.0443438 0.9903339
1740547859.124475 -5.8863363 0.5058941 6.5538545 -0.0230090 -0.1281627 0.0435873 0.9905277
1740547859.234203 -5.9010234 0.4944518 6.6067805 -0.0274546 -0.1266490 0.0430346 0.9906333
1740547859.347254 -5.9147325 0.5017492 6.6531372 -0.0313021 -0.1255176 0.0424855 0.9906869
1740547859.450616 -5.9247193 0.5090188 6.7057295 -0.0351048 -0.1238849 0.0418129 0.9907936
1740547859.558485 -5.9382987 0.5149459 6.7557192 -0.0386262 -0.1226136 0.0414881 0.9908344
1740547859.768492 -5.9630027 0.5269681 6.8568907 -0.0456988 -0.1203189 0.0407949 0.9908435
1740547859.875639 -5.9799323 0.5324476 6.9079161 -0.0488709 -0.1190048 0.0400193 0.9908824
1740547859.981841 -5.9891839 0.5409632 6.9571767 -0.0515401 -0.1181535 0.0397961 0.9908581
1740547860.094100 -5.9920206 0.5479026 7.0123425 -0.0542567 -0.1175823 0.0394230 0.9907959
1740547860.308558 -6.0164485 0.5585953 7.1125469 -0.0589670 -0.1161355 0.0390966 0.9907103
1740547860.624528 -6.0571418 0.5772387 7.2618790 -0.0645704 -0.1144991 0.0384779 0.9905757
1740547860.736015 -6.0685558 0.5856723 7.3111701 -0.0662706 -0.1143007 0.0380832 0.9905015
1740547860.952460 -6.0866113 0.5982181 7.4152079 -0.0694547 -0.1143034 0.0376558 0.9902993
1740547861.059501 -6.1000552 0.6062417 7.4626579 -0.0704016 -0.1142584 0.0375057 0.9902434
1740547861.165417 -6.1050439 0.6153857 7.5133719 -0.0716965 -0.1148622 0.0376589 0.9900748
1740547861.484356 -6.1374173 0.6507081 7.6634617 -0.0745428 -0.1165910 0.0380282 0.9896483
1740547861.593863 -6.1503110 0.6585348 7.7103672 -0.0750824 -0.1175975 0.0379067 0.9894931
1740547861.916236 -6.1937366 0.6784540 7.8604584 -0.0759930 -0.1215427 0.0375779 0.9889593
1740547862.127095 -6.2195473 0.6831558 7.9627733 -0.0771229 -0.1250831 0.0379681 0.9884153
1740547862.342478 -6.2400117 0.6937817 8.0671835 -0.0784527 -0.1295555 0.0379610 0.9877346
1740547862.557170 -6.2769384 0.7093103 8.1648636 -0.0799209 -0.1337807 0.0380942 0.9870483
1740547862.765849 -6.2975721 0.7289054 8.2660713 -0.0818549 -0.1386012 0.0379425 0.9862301
1740547862.871918 -6.3161778 0.7327672 8.3147564 -0.0833987 -0.1407676 0.0379906 0.9857920
1740547863.089280 -6.3605552 0.7416174 8.4085941 -0.0872144 -0.1440950 0.0376552 0.9849936
1740547863.193328 -6.3821688 0.7479964 8.4569044 -0.0897074 -0.1455123 0.0373756 0.9845719
1740547863.416912 -6.4200912 0.7601022 8.5546551 -0.0954355 -0.1482083 0.0371733 0.9836385
1740547863.520908 -6.4415073 0.7712064 8.6006355 -0.0989127 -0.1490037 0.0365545 0.9831979
1740547863.733363 -6.4611373 0.7951460 8.7048178 -0.1068171 -0.1506999 0.0354843 0.9821510
1740547863.841657 -6.4765821 0.8103824 8.7533226 -0.1107077 -0.1511534 0.0349617 0.9816691
1740547864.057617 -6.5139284 0.8395895 8.8439178 -0.1195327 -0.1510438 0.0333844 0.9807054
1740547864.164149 -6.5159340 0.8596916 8.8954697 -0.1244447 -0.1516077 0.0325480 0.9800354
1740547864.266139 -6.5332851 0.8787144 8.9410849 -0.1288464 -0.1513164 0.0317406 0.9795379
1740547864.476435 -6.5640030 0.9130818 9.0391636 -0.1384923 -0.1510468 0.0305108 0.9783015
1740547864.588486 -6.5779481 0.9360944 9.0853119 -0.1430388 -0.1511107 0.0296417 0.9776640
1740547864.692742 -6.5878100 0.9526520 9.1336308 -0.1475851 -0.1512787 0.0288197 0.9769866
1740547864.909772 -6.6129532 1.0007890 9.2223663 -0.1550721 -0.1523675 0.0280067 0.9756805
1740547865.016198 -6.6263785 1.0224123 9.2715712 -0.1586417 -0.1529097 0.0273115 0.9750413
1740547865.122022 -6.6403127 1.0403529 9.3156528 -0.1618568 -0.1539783 0.0269204 0.9743553
1740547865.224201 -6.6559587 1.0640005 9.3618488 -0.1647391 -0.1555346 0.0267346 0.9736300
1740547865.440734 -6.6773872 1.1089723 9.4514790 -0.1691263 -0.1595566 0.0269842 0.9722190
1740547865.557600 -6.6888752 1.1252830 9.5014248 -0.1710070 -0.1622511 0.0271235 0.9714399
1740547865.657255 -6.7058706 1.1442956 9.5481386 -0.1726668 -0.1651956 0.0274083 0.9706417
1740547865.760410 -6.7225118 1.1663369 9.5953960 -0.1737698 -0.1687437 0.0279862 0.9698177
1740547865.870129 -6.7392397 1.1723826 9.6431055 -0.1749594 -0.1723542 0.0282225 0.9689617
1740547865.971394 -6.7578840 1.1833724 9.6826363 -0.1753621 -0.1759452 0.0284233 0.9682373
1740547866.088061 -6.8025098 1.2008929 9.7102757 -0.1758765 -0.1783208 0.0295459 0.9676757
1740547866.187248 -6.8289895 1.2075093 9.7448893 -0.1764080 -0.1817035 0.0298345 0.9669405
1740547866.290463 -6.8524508 1.2149818 9.7871313 -0.1775287 -0.1858690 0.0304532 0.9659239
1740547866.399094 -6.8701124 1.2325412 9.8368378 -0.1780296 -0.1907685 0.0311531 0.9648535
1740547866.502029 -6.9071031 1.2587422 9.8738756 -0.1790179 -0.1948900 0.0319964 0.9638188
1740547866.620394 -6.9366698 1.2773929 9.9098606 -0.1798402 -0.1987969 0.0329428 0.9628354
1740547866.719350 -6.9537034 1.2971340 9.9702940 -0.1812851 -0.2048292 0.0329555 0.9612985
1740547866.824704 -6.9644027 1.3110301 10.0183458 -0.1830964 -0.2093575 0.0332423 0.9599688
1740547866.928689 -6.9704866 1.3230085 10.0597429 -0.1848289 -0.2132101 0.0334212 0.9587819
1740547867.032587 -7.0157771 1.3489617 10.0865879 -0.1858491 -0.2160727 0.0336538 0.9579354
1740547867.141543 -7.0382471 1.3808607 10.1099911 -0.1872460 -0.2184475 0.0348901 0.9570801
1740547867.243983 -7.0628610 1.3975815 10.1518402 -0.1897162 -0.2218778 0.0347236 0.9558098
1740547867.352530 -7.0996780 1.4161222 10.1801805 -0.1909924 -0.2239653 0.0342302 0.9550863
1740547867.457426 -7.1202230 1.4365782 10.2219543 -0.1935691 -0.2268921 0.0346165 0.9538620
1740547867.565944 -7.1564331 1.4659709 10.2392941 -0.1951755 -0.2278570 0.0345843 0.9533057
1740547867.669939 -7.1754947 1.4914947 10.2916317 -0.1981819 -0.2313285 0.0346029 0.9518475
1740547867.768160 -7.1876130 1.5062205 10.3449087 -0.2014249 -0.2342329 0.0344285 0.9504618
1740547867.874044 -7.2306604 1.5117488 10.3727665 -0.2044055 -0.2349168 0.0333298 0.9496956
1740547867.974489 -7.2493901 1.5266187 10.4212599 -0.2077705 -0.2369050 0.0332142 0.9484747
1740547868.085714 -7.2672877 1.5478258 10.4622822 -0.2105238 -0.2386309 0.0333405 0.9474300
1740547868.186988 -7.2828221 1.5680947 10.5136681 -0.2145145 -0.2407032 0.0330656 0.9460191
1740547868.402535 -7.3651185 1.5978792 10.5740232 -0.2226080 -0.2415761 0.0302841 0.9440178
1740547868.506012 -7.3895621 1.6121054 10.6025162 -0.2263284 -0.2419952 0.0290523 0.9430640
1740547868.624866 -7.4202356 1.6375270 10.6357203 -0.2308520 -0.2427089 0.0284740 0.9418009
1740547868.843457 -7.4605227 1.6834985 10.7270966 -0.2416852 -0.2463018 0.0263960 0.9382041
1740547868.952214 -7.4810786 1.7172724 10.7618532 -0.2469903 -0.2477668 0.0256076 0.9364570
1740547869.064866 -7.5018306 1.7495991 10.7903061 -0.2518187 -0.2488640 0.0246545 0.9349044
1740547869.169426 -7.5261846 1.7813959 10.8149872 -0.2569197 -0.2497398 0.0238212 0.9333032
1740547869.273808 -7.5525103 1.8205485 10.8407097 -0.2620059 -0.2508734 0.0228191 0.9316087
1740547869.383443 -7.5886602 1.8473141 10.8641758 -0.2680454 -0.2515341 0.0215410 0.9297410
1740547869.488631 -7.6219335 1.8683798 10.8980427 -0.2735366 -0.2529787 0.0194009 0.9277948
1740547869.599370 -7.6404209 1.9026449 10.9282684 -0.2793529 -0.2541700 0.0186067 0.9257501
1740547869.702605 -7.6694026 1.9317918 10.9613581 -0.2851009 -0.2556208 0.0170575 0.9236258
1740547869.815902 -7.6885452 1.9689304 10.9848480 -0.2897998 -0.2563794 0.0163775 0.9219639
1740547869.919600 -7.7141571 1.9936395 11.0202875 -0.2955861 -0.2575577 0.0150918 0.9198180
1740547870.024171 -7.7364831 2.0274959 11.0473442 -0.3003305 -0.2586251 0.0143349 0.9179919
1740547870.135739 -7.7748713 2.0598748 11.0657768 -0.3041037 -0.2589770 0.0132882 0.9166653
1740547870.238235 -7.7897778 2.0972619 11.1103897 -0.3087421 -0.2612309 0.0128441 0.9144790
1740547870.345274 -7.8176613 2.1203036 11.1421967 -0.3126799 -0.2619565 0.0118338 0.9129459
1740547870.449276 -7.8507051 2.1493440 11.1721840 -0.3168104 -0.2628033 0.0108572 0.9112890
1740547870.554922 -7.8808904 2.1818366 11.2033319 -0.3202738 -0.2639023 0.0102301 0.9097668
1740547870.657556 -7.9043269 2.2138836 11.2360182 -0.3234409 -0.2652281 0.0096754 0.9082657
1740547870.760334 -7.9281807 2.2532940 11.2625542 -0.3261738 -0.2661364 0.0093295 0.9070254
1740547870.877808 -7.9496698 2.2913518 11.2971096 -0.3291883 -0.2674894 0.0090320 0.9055401
1740547870.980633 -7.9778786 2.3164330 11.3244839 -0.3317848 -0.2678483 0.0078166 0.9044971
1740547871.091772 -7.9983168 2.3553741 11.3610821 -0.3343597 -0.2694007 0.0080583 0.9030847
1740547871.195569 -8.0256577 2.3793888 11.3984718 -0.3373801 -0.2702698 0.0076155 0.9017044
1740547871.301976 -8.0469055 2.4054632 11.4360733 -0.3398097 -0.2712864 0.0072760 0.9004889
1740547871.408908 -8.0797215 2.4230013 11.4747744 -0.3424225 -0.2721607 0.0063093 0.8992417
1740547871.516190 -8.1017418 2.4546723 11.5099440 -0.3454241 -0.2734136 0.0062596 0.8977126
1740547871.633459 -8.1328440 2.4871268 11.5381289 -0.3483639 -0.2744085 0.0056188 0.8962762
1740547871.735900 -8.1601496 2.5187335 11.5672884 -0.3519218 -0.2756155 0.0049473 0.8945182
1740547871.840817 -8.1906643 2.5534005 11.5930223 -0.3554714 -0.2768824 0.0042451 0.8927252
1740547872.258832 -8.2905846 2.7087390 11.6993694 -0.3722079 -0.2832800 0.0016991 0.8838614
1740547872.371341 -8.3110809 2.7458465 11.7329969 -0.3772140 -0.2855980 0.0010083 0.8809894
1740547872.473262 -8.3376646 2.7830024 11.7553864 -0.3821416 -0.2872117 0.0002351 0.8783378
1740547872.578275 -8.3654785 2.8157346 11.7859240 -0.3874709 -0.2894112 -0.0008588 0.8752753
1740547872.684642 -8.3894520 2.8561511 11.8144865 -0.3933646 -0.2915750 -0.0016326 0.8719206
1740547872.785697 -8.4202776 2.8868632 11.8423958 -0.3990419 -0.2939152 -0.0029636 0.8685451
1740547872.891665 -8.4480371 2.9264746 11.8640575 -0.4046898 -0.2960550 -0.0036426 0.8651961
1740547872.994032 -8.4732542 2.9678915 11.8860130 -0.4104631 -0.2982402 -0.0045606 0.8617147
1740547873.104814 -8.5031652 3.0058343 11.9039459 -0.4165208 -0.3003340 -0.0057115 0.8580660
1740547873.311795 -8.5438957 3.0909629 11.9473839 -0.4281252 -0.3057876 -0.0069972 0.8503845
1740547873.519840 -8.5983419 3.1766636 11.9775953 -0.4393055 -0.3104290 -0.0086495 0.8429530
1740547873.739744 -8.6686325 3.2504258 12.0069866 -0.4506978 -0.3148747 -0.0105385 0.8352332
1740547873.955259 -8.7209625 3.3369770 12.0399866 -0.4614732 -0.3198119 -0.0117726 0.8274202
1740547874.171508 -8.7742319 3.4227502 12.0676880 -0.4710740 -0.3242003 -0.0129661 0.8202532
1740547874.389683 -8.8248215 3.5104489 12.0955839 -0.4803980 -0.3286937 -0.0139116 0.8130097
1740547874.605586 -8.8820057 3.5936790 12.1135292 -0.4884488 -0.3319373 -0.0151823 0.8068487
1740547874.819380 -8.9437065 3.6755466 12.1424456 -0.4971127 -0.3354255 -0.0166604 0.8000571
1740547875.024638 -8.9989901 3.7625103 12.1693163 -0.5054535 -0.3388330 -0.0179050 0.7933400
1740547875.250773 -9.0527859 3.8484797 12.1897154 -0.5136266 -0.3412338 -0.0196417 0.7869952
1740547875.467892 -9.1130352 3.9300232 12.2117796 -0.5223900 -0.3431769 -0.0220930 0.7802885
1740547876.115905 -9.2661963 4.2011213 12.2776499 -0.5534365 -0.3479581 -0.0324460 0.7560294
1740547876.863243 -9.4064140 4.5350566 12.2553606 -0.5939395 -0.3453906 -0.0509708 0.7248057
1740547877.483359 -9.5354919 4.8217745 12.2263432 -0.6234056 -0.3386738 -0.0687980 0.7013789
1740547877.796866 -9.5887842 4.9673147 12.2327728 -0.6350086 -0.3341888 -0.0775391 0.6921486
1740547878.107763 -9.6287804 5.1190596 12.2320795 -0.6445956 -0.3289611 -0.0854809 0.6848169
1740547878.529786 -9.6893406 5.3189783 12.2173796 -0.6557540 -0.3229529 -0.0946306 0.6758204
1740547878.740451 -9.6973476 5.4211578 12.1965351 -0.6591069 -0.3216940 -0.0983798 0.6726162
1740547879.040778 -9.7126522 5.5729513 12.1739635 -0.6647169 -0.3210306 -0.1035853 0.6666040
1740547879.356813 -9.7630749 5.7181749 12.1630859 -0.6718134 -0.3175515 -0.1080577 0.6604176
1740547879.553939 -9.7691269 5.8118029 12.1510601 -0.6749722 -0.3170197 -0.1092142 0.6572544
1740547879.874070 -9.8308105 5.9609356 12.1182947 -0.6804429 -0.3116741 -0.1162066 0.6529570
1740547880.072518 -9.8328638 6.0513840 12.1049833 -0.6821883 -0.3100920 -0.1189231 0.6513981
1740547880.378726 -9.8687229 6.1954269 12.0763340 -0.6861939 -0.3040168 -0.1263662 0.6486473
1740547880.679214 -9.9041500 6.3343000 12.0365429 -0.6882517 -0.2962300 -0.1356801 0.6481885
1740547881.185830 -9.9332161 6.6143799 12.0198822 -0.6863755 -0.2775198 -0.1564169 0.6537625
1740547881.587941 -9.9496393 6.8277216 12.0063143 -0.6821154 -0.2594003 -0.1752885 0.6608359
1740547881.788471 -9.9473038 6.9290819 11.9917860 -0.6783383 -0.2506410 -0.1855357 0.6652915
1740547882.299631 -9.9498539 7.1832428 12.0074224 -0.6739283 -0.2260002 -0.2098856 0.6713364
1740547882.510789 -9.9485321 7.2897692 12.0105104 -0.6738483 -0.2159185 -0.2196594 0.6716080
1740547882.920659 -9.9114609 7.4901161 12.0392008 -0.6739997 -0.2022769 -0.2352784 0.6704122
1740547883.124918 -9.9025040 7.5979471 12.0457659 -0.6769226 -0.1940557 -0.2421827 0.6674322
1740547883.523179 -9.8704844 7.8040733 12.0332022 -0.6837831 -0.1810730 -0.2547455 0.6593618
1740547883.740016 -9.8495083 7.9040260 12.0211325 -0.6871389 -0.1762062 -0.2594545 0.6553434
1740547884.165847 -9.8124008 8.1089668 11.9993916 -0.6953393 -0.1660469 -0.2677916 0.6459252
1740547884.571687 -9.7686195 8.3109798 11.9844494 -0.7025498 -0.1583682 -0.2745096 0.6371717
1740547884.875057 -9.7292900 8.4631681 11.9710999 -0.7064658 -0.1544027 -0.2779990 0.6322834
1740547885.175905 -9.6921043 8.6087093 11.9626656 -0.7095104 -0.1519484 -0.2800564 0.6285501
1740547885.474045 -9.6499081 8.7634678 11.9594898 -0.7107255 -0.1505533 -0.2815696 0.6268345
1740547885.676901 -9.6299133 8.8597126 11.9517183 -0.7117031 -0.1510520 -0.2817995 0.6255006
1740547885.882036 -9.6127491 8.9627657 11.9454594 -0.7134432 -0.1498767 -0.2819197 0.6237443
1740547886.187670 -9.5707121 9.1171274 11.9421558 -0.7150382 -0.1498154 -0.2813580 0.6221843
1740547886.391363 -9.5459251 9.2191563 11.9428768 -0.7164620 -0.1513454 -0.2803953 0.6206088
1740547886.587528 -9.5317402 9.3200655 11.9496412 -0.7190496 -0.1515875 -0.2790769 0.6181464
1740547886.791751 -9.4991226 9.4199009 11.9492073 -0.7207347 -0.1537002 -0.2777718 0.6162472
1740547886.894630 -9.4868517 9.4606752 11.9466438 -0.7220972 -0.1541521 -0.2767331 0.6150054
1740547887.092013 -9.4740667 9.5039186 11.9416246 -0.7242606 -0.1545771 -0.2745374 0.6133366
1740547887.200145 -9.4702330 9.5268650 11.9462337 -0.7263885 -0.1546417 -0.2733561 0.6113282
1740547887.408137 -9.4597397 9.5577564 11.9315767 -0.7282360 -0.1548390 -0.2706446 0.6102859
1740547887.613705 -9.4253101 9.6397657 11.9376307 -0.7302389 -0.1573695 -0.2695244 0.6077356
1740547887.708776 -9.4117899 9.6782122 11.9405718 -0.7319586 -0.1593489 -0.2666909 0.6063996
1740547887.811374 -9.4059849 9.7011528 11.9330721 -0.7323364 -0.1599452 -0.2668712 0.6057068
1740547887.928087 -9.3971481 9.7258606 11.9285326 -0.7341270 -0.1613116 -0.2644648 0.6042304
1740547888.025311 -9.3780994 9.7661257 11.9287739 -0.7354045 -0.1635044 -0.2629044 0.6027669
1740547888.128015 -9.3741293 9.8019991 11.9190283 -0.7356249 -0.1634295 -0.2629043 0.6025183
1740547888.324619 -9.3688946 9.8545055 11.8971596 -0.7363834 -0.1650366 -0.2635895 0.6008519
1740547888.431314 -9.3607445 9.8702011 11.8924904 -0.7370159 -0.1660482 -0.2617291 0.6006109
1740547888.529589 -9.3621492 9.8850040 11.8858957 -0.7375094 -0.1665427 -0.2616172 0.5999166
1740547888.634073 -9.3518057 9.9054298 11.8670349 -0.7363132 -0.1677825 -0.2601454 0.6016778
1740547888.735509 -9.3542843 9.9503660 11.8584261 -0.7375509 -0.1660853 -0.2602304 0.6005952
1740547888.834446 -9.3412142 9.9776936 11.8548880 -0.7381105 -0.1669487 -0.2583458 0.6004819
1740547888.941494 -9.3332329 10.0060549 11.8596306 -0.7388718 -0.1686569 -0.2563893 0.5999064
1740547889.038761 -9.3260202 10.0431604 11.8433475 -0.7385540 -0.1691115 -0.2558595 0.6003959
1740547889.147715 -9.3261232 10.0682945 11.8372211 -0.7385190 -0.1701713 -0.2559240 0.6001119
1740547889.248318 -9.3198700 10.0857830 11.8346891 -0.7388185 -0.1720953 -0.2544134 0.5998369
1740547889.348632 -9.3206873 10.1241798 11.8316822 -0.7399254 -0.1725852 -0.2528200 0.5990047
1740547889.457835 -9.3242388 10.1518850 11.8166952 -0.7391239 -0.1728474 -0.2525624 0.6000266
1740547889.559593 -9.3189049 10.1726675 11.8172169 -0.7400916 -0.1736045 -0.2509965 0.5992718
1740547889.666651 -9.3217735 10.2043495 11.8148899 -0.7414327 -0.1741773 -0.2497680 0.5979596
1740547889.766852 -9.3326225 10.2302036 11.7986479 -0.7410885 -0.1733682 -0.2503711 0.5983691
1740547889.874666 -9.3292398 10.2502842 11.8081846 -0.7422211 -0.1753294 -0.2488031 0.5970465
1740547889.976577 -9.3223581 10.2664824 11.8027191 -0.7418908 -0.1777577 -0.2468172 0.5975629
1740547890.073301 -9.3146296 10.2949810 11.8028097 -0.7424010 -0.1794733 -0.2454334 0.5969862
1740547890.178907 -9.3128405 10.3343859 11.8014517 -0.7447036 -0.1787415 -0.2444798 0.5947249
1740547890.276100 -9.3079405 10.3672466 11.8050871 -0.7459848 -0.1797825 -0.2430493 0.5933902
1740547890.378005 -9.3165321 10.3857050 11.8020124 -0.7467813 -0.1812319 -0.2423910 0.5922156
1740547890.478029 -9.3250103 10.3965397 11.7730732 -0.7454448 -0.1802923 -0.2425903 0.5941016
1740547890.576149 -9.3280220 10.4200974 11.7710552 -0.7468986 -0.1804317 -0.2409848 0.5928856
1740547890.681157 -9.3324146 10.4602537 11.7649994 -0.7482473 -0.1802039 -0.2405517 0.5914285
1740547890.885132 -9.3268299 10.5345287 11.7381849 -0.7500905 -0.1801635 -0.2363820 0.5907868
1740547890.987671 -9.3120928 10.5748005 11.7240124 -0.7498060 -0.1820559 -0.2346994 0.5912383
1740547891.084440 -9.3177109 10.5906467 11.7423706 -0.7525796 -0.1829565 -0.2330724 0.5880716
1740547891.192299 -9.3216696 10.6240606 11.7257681 -0.7530338 -0.1819229 -0.2328722 0.5878901
1740547891.289446 -9.3244095 10.6563711 11.7034912 -0.7529769 -0.1811248 -0.2328956 0.5882000
1740547891.393632 -9.3222389 10.6788549 11.6970949 -0.7540189 -0.1810098 -0.2310019 0.5876471
1740547891.492228 -9.3216305 10.7293177 11.6867361 -0.7547289 -0.1824177 -0.2295584 0.5868654
1740547891.591550 -9.3211422 10.7501879 11.6622944 -0.7540221 -0.1826566 -0.2286849 0.5880395
1740547891.696098 -9.3150034 10.7857618 11.6629496 -0.7545260 -0.1841896 -0.2279205 0.5872113
1740547891.794537 -9.3103971 10.8109245 11.6390877 -0.7541496 -0.1831547 -0.2266201 0.5885202
1740547891.903250 -9.3092375 10.8513126 11.6323462 -0.7549528 -0.1833271 -0.2263009 0.5875587
1740547892.005538 -9.3100977 10.8823595 11.6100035 -0.7541497 -0.1845147 -0.2259599 0.5883492
1740547892.107279 -9.3064728 10.9242382 11.6003447 -0.7543537 -0.1860331 -0.2250959 0.5879405
1740547892.209146 -9.3182020 10.9551277 11.5841293 -0.7545969 -0.1847490 -0.2255205 0.5878705
1740547892.309350 -9.3264389 10.9807816 11.5731077 -0.7541792 -0.1846612 -0.2255351 0.5884283
1740547892.409561 -9.3252230 11.0105419 11.5778837 -0.7550469 -0.1864733 -0.2247848 0.5870295
1740547892.510042 -9.3258114 11.0513334 11.5709858 -0.7563926 -0.1866243 -0.2242943 0.5854346
1740547892.610409 -9.3352318 11.0905247 11.5558815 -0.7568080 -0.1861566 -0.2242284 0.5850718
1740547892.710228 -9.3309193 11.1331911 11.5346584 -0.7563826 -0.1867245 -0.2237014 0.5856425
1740547892.810395 -9.3275146 11.1735525 11.5308876 -0.7577693 -0.1873732 -0.2227008 0.5840216
1740547892.910922 -9.3183594 11.2040730 11.5268536 -0.7579809 -0.1875188 -0.2216382 0.5841045
1740547893.008214 -9.3198519 11.2361088 11.5128603 -0.7591469 -0.1872194 -0.2205618 0.5830929
1740547893.111375 -9.3249826 11.2765722 11.4879255 -0.7591825 -0.1857306 -0.2200549 0.5837141
1740547893.213282 -9.3173065 11.3162689 11.4678679 -0.7579596 -0.1888469 -0.2196053 0.5844721
1740547893.311205 -9.3145275 11.3526821 11.4586096 -0.7594634 -0.1892567 -0.2185363 0.5827857
1740547893.415028 -9.3076553 11.3902578 11.4593439 -0.7604735 -0.1907278 -0.2180413 0.5811720
1740547893.512964 -9.2911720 11.4402313 11.4439650 -0.7613633 -0.1917358 -0.2150627 0.5807851
1740547893.628202 -9.2916431 11.4942417 11.4329786 -0.7621976 -0.1927545 -0.2149459 0.5793953
1740547893.727303 -9.2851982 11.5371304 11.4164429 -0.7630367 -0.1930190 -0.2135349 0.5787240
1740547893.823684 -9.2819309 11.5949717 11.4013729 -0.7642134 -0.1938824 -0.2123966 0.5772998
1740547893.941580 -9.2838860 11.6433153 11.3828449 -0.7649962 -0.1934530 -0.2120506 0.5765339
1740547894.044405 -9.2776270 11.6959858 11.3728924 -0.7666485 -0.1942263 -0.2115121 0.5742725
1740547894.146899 -9.2663345 11.7379255 11.3594770 -0.7674334 -0.1954713 -0.2105595 0.5731506
1740547894.250214 -9.2563267 11.7844820 11.3460522 -0.7688863 -0.1958318 -0.2098728 0.5713294
1740547894.351094 -9.2470846 11.8359509 11.3272228 -0.7703582 -0.1963075 -0.2091753 0.5694361
1740547894.459609 -9.2375126 11.8804064 11.3106880 -0.7720687 -0.1962693 -0.2081234 0.5675147
1740547894.558036 -9.2290392 11.9256773 11.2906590 -0.7733591 -0.1961911 -0.2067216 0.5662960
1740547894.663800 -9.2220850 11.9785385 11.2814827 -0.7750344 -0.1968891 -0.2067303 0.5637543
1740547894.780443 -9.2210293 12.0233755 11.2681789 -0.7769396 -0.1964092 -0.2066623 0.5613191
1740547894.887579 -9.2234783 12.0677214 11.2348099 -0.7779096 -0.1961916 -0.2078479 0.5596114
1740547894.994068 -9.2170038 12.1209507 11.2142467 -0.7796453 -0.1963180 -0.2072858 0.5573555
1740547895.093986 -9.2151651 12.1624355 11.1960630 -0.7809724 -0.1959710 -0.2078288 0.5554139
1740547895.302093 -9.1996298 12.2642975 11.1650171 -0.7844819 -0.1960714 -0.2072846 0.5506153
1740547895.412926 -9.1981106 12.3187933 11.1462145 -0.7864531 -0.1948845 -0.2080283 0.5479378
1740547895.515150 -9.1906195 12.3682375 11.1265106 -0.7872462 -0.1947233 -0.2084486 0.5466951
1740547895.623477 -9.1770172 12.4142609 11.1191998 -0.7889184 -0.1945719 -0.2087278 0.5442262
1740547895.725619 -9.1670027 12.4531584 11.0903425 -0.7886113 -0.1938948 -0.2086595 0.5449389
1740547895.826018 -9.1591682 12.4991388 11.0663290 -0.7892802 -0.1927595 -0.2101091 0.5438151
1740547896.045243 -9.1545219 12.5887976 11.0173235 -0.7900773 -0.1904742 -0.2131743 0.5422677
1740547896.249219 -9.1284351 12.6911888 10.9843235 -0.7894751 -0.1887587 -0.2171082 0.5421837
1740547896.347990 -9.1254025 12.7307949 10.9530067 -0.7879612 -0.1861464 -0.2197169 0.5442345
1740547896.550295 -9.1128340 12.8318262 10.9109697 -0.7853138 -0.1835868 -0.2242701 0.5470658
1740547896.662791 -9.1056232 12.8764849 10.8880167 -0.7824796 -0.1813085 -0.2272948 0.5506269
1740547896.759119 -9.0965452 12.9241066 10.8754826 -0.7799625 -0.1796486 -0.2301642 0.5535426
1740547896.971583 -9.0794497 13.0269375 10.8524809 -0.7736297 -0.1757611 -0.2370003 0.5607460
1740547897.176175 -9.0512323 13.1188068 10.8437595 -0.7664894 -0.1706810 -0.2443517 0.5689061
1740547897.278444 -9.0277653 13.1814871 10.8380775 -0.7618902 -0.1705671 -0.2463938 0.5742128
1740547897.485347 -9.0055542 13.2806225 10.8295374 -0.7522229 -0.1658920 -0.2548327 0.5845519
1740547897.586280 -8.9979610 13.3241377 10.8274403 -0.7471565 -0.1633932 -0.2591178 0.5898456
1740547897.695217 -8.9843197 13.3771629 10.8269997 -0.7429748 -0.1613827 -0.2625094 0.5941657
1740547897.897742 -8.9719057 13.4855003 10.8247623 -0.7333731 -0.1569479 -0.2695504 0.6040479
1740547898.006211 -8.9511156 13.5366344 10.8233452 -0.7283074 -0.1554133 -0.2716329 0.6096151
1740547898.109085 -8.9458647 13.5823574 10.8197050 -0.7229508 -0.1531926 -0.2753126 0.6148798
1740547898.219461 -8.9326382 13.6374969 10.8242197 -0.7188592 -0.1522956 -0.2773357 0.6189770
1740547898.325678 -8.9284229 13.6861649 10.8235722 -0.7144589 -0.1504441 -0.2802160 0.6232127
1740547898.545411 -8.9148579 13.7845745 10.8218470 -0.7055332 -0.1473325 -0.2854618 0.6316863
1740547898.649624 -8.8974314 13.8359814 10.8216743 -0.7013548 -0.1465723 -0.2866683 0.6359555
1740547898.859024 -8.8674250 13.9423161 10.8232317 -0.6929485 -0.1446755 -0.2902328 0.6439381
1740547899.077611 -8.8346472 14.0440311 10.8376198 -0.6866637 -0.1429639 -0.2920753 0.6501895
1740547899.194812 -8.8346767 14.0813980 10.8424683 -0.6829666 -0.1421006 -0.2942252 0.6532959
1740547899.402472 -8.8119831 14.1963825 10.8467503 -0.6766025 -0.1409402 -0.2966365 0.6590537
1740547899.612973 -8.7952795 14.2991428 10.8564034 -0.6703184 -0.1399419 -0.2995465 0.6643505
1740547899.728336 -8.7784586 14.3480597 10.8642807 -0.6674001 -0.1394335 -0.3001352 0.6671239
1740547899.947451 -8.7560940 14.4490824 10.8810043 -0.6620725 -0.1387154 -0.3023770 0.6715551
1740547900.168052 -8.7281818 14.5506506 10.8928347 -0.6562760 -0.1379749 -0.3036130 0.6768190
1740547900.386319 -8.7143192 14.6504164 10.9047651 -0.6511130 -0.1372099 -0.3060044 0.6808720
1740547900.594050 -8.6937923 14.7551966 10.9164066 -0.6457198 -0.1364724 -0.3072148 0.6855949
1740547900.805120 -8.6752110 14.8554335 10.9361591 -0.6405520 -0.1358258 -0.3090434 0.6897367
1740547901.022116 -8.6562366 14.9532156 10.9543734 -0.6355999 -0.1346558 -0.3107425 0.6937721
1740547901.241900 -8.6293383 15.0549078 10.9732542 -0.6305152 -0.1338094 -0.3117366 0.6981160
1740547901.453140 -8.6176853 15.1545095 10.9929495 -0.6255854 -0.1324998 -0.3140899 0.7017366
1740547901.668378 -8.5923357 15.2518215 11.0258360 -0.6207629 -0.1320875 -0.3156207 0.7054005
1740547901.886723 -8.5684814 15.3533497 11.0492001 -0.6157189 -0.1313745 -0.3167199 0.7094501
1740547902.101243 -8.5449066 15.4501238 11.0698671 -0.6111259 -0.1302504 -0.3183731 0.7128804
1740547902.313261 -8.5275421 15.5494366 11.0982761 -0.6072714 -0.1293472 -0.3200081 0.7156016
1740547902.524701 -8.5037155 15.6487713 11.1286774 -0.6033010 -0.1287339 -0.3208529 0.7186856
1740547902.745523 -8.4844322 15.7497177 11.1506901 -0.5993094 -0.1279394 -0.3221734 0.7215705
1740547903.495593 -8.4529467 15.8998547 11.1898470 -0.5940279 -0.1268190 -0.3238877 0.7253582
1740547903.703465 -8.4302654 15.9996777 11.2186022 -0.5903705 -0.1268444 -0.3245400 0.7280433
1740547904.139703 -8.3938122 16.1933842 11.2828465 -0.5835578 -0.1255651 -0.3258618 0.7331493
1740547904.674559 -8.3547935 16.3862343 11.3450642 -0.5777596 -0.1258980 -0.3270970 0.7371235
1740547905.182941 -8.3022480 16.6303654 11.4344835 -0.5724596 -0.1285888 -0.3256348 0.7414290
1740547905.902261 -8.2447681 16.9719772 11.5552807 -0.5692359 -0.1368542 -0.3201973 0.7447920
1740547906.512071 -8.2123604 17.2741547 11.6345997 -0.5684271 -0.1453699 -0.3138903 0.7464792
1740547907.125255 -8.1844139 17.5690746 11.7305822 -0.5661427 -0.1512986 -0.3099095 0.7486970
1740547908.044093 -8.1025600 18.0102806 11.8864460 -0.5629591 -0.1547410 -0.3069794 0.7515956
1740547908.758813 -8.0901489 18.3615761 11.9984169 -0.5638008 -0.1601578 -0.3041758 0.7509695
1740547909.056398 -8.0687914 18.5071907 12.0456600 -0.5672035 -0.1651453 -0.3008012 0.7486828
1740547909.360176 -8.0511570 18.6565666 12.0968208 -0.5721121 -0.1719955 -0.2960208 0.7453033
1740547909.666634 -8.0500202 18.8064404 12.1314182 -0.5771070 -0.1788397 -0.2902880 0.7420895
1740547910.162436 -8.0535927 19.0687466 12.1818256 -0.5874437 -0.1923717 -0.2787851 0.7349706
1740547910.467151 -8.0502281 19.2273788 12.2141171 -0.5949131 -0.2010519 -0.2721266 0.7291116
1740547910.854165 -8.0424719 19.4401646 12.2415600 -0.6044015 -0.2126702 -0.2629636 0.7213324
1740547911.249359 -8.0449276 19.6481304 12.2649479 -0.6125968 -0.2223638 -0.2543688 0.7145460
1740547911.449105 -8.0463066 19.7570381 12.2820358 -0.6167214 -0.2277203 -0.2500105 0.7108397
1740547911.836554 -8.0484982 19.9730797 12.3135853 -0.6232495 -0.2377582 -0.2411001 0.7049127
1740547912.252365 -8.0674858 20.1785946 12.3343410 -0.6285841 -0.2450511 -0.2341862 0.6999919
1740547912.549708 -8.0804911 20.3306465 12.3357563 -0.6322795 -0.2510876 -0.2296883 0.6960036
1740547912.749914 -8.0895109 20.4378471 12.3397541 -0.6346720 -0.2552358 -0.2253983 0.6937159
1740547912.951035 -8.1200523 20.5304279 12.3285866 -0.6365810 -0.2577696 -0.2246077 0.6912820
1740547913.143507 -8.1218414 20.6316872 12.3555660 -0.6400968 -0.2621492 -0.2220765 0.6871942
1740547913.339983 -8.1199408 20.7365227 12.3480625 -0.6406736 -0.2652782 -0.2174162 0.6869461
1740547913.540368 -8.1270113 20.8377228 12.3359032 -0.6417956 -0.2674358 -0.2151006 0.6857904
1740547913.739455 -8.1217279 20.9533501 12.3498383 -0.6430172 -0.2743235 -0.2105243 0.6833411
1740547913.939461 -8.1416636 21.0437222 12.3470669 -0.6446050 -0.2757505 -0.2080486 0.6820278
1740547914.134679 -8.1634769 21.1295300 12.3390102 -0.6458139 -0.2774425 -0.2079420 0.6802281
1740547914.334515 -8.1849365 21.2270298 12.3690624 -0.6479872 -0.2818679 -0.2080883 0.6762856
1740547914.434699 -8.1684437 21.2800674 12.3549824 -0.6474110 -0.2829596 -0.2036723 0.6777244
1740547914.531717 -8.1935434 21.3239117 12.3919258 -0.6508680 -0.2851245 -0.2068764 0.6725155
1740547914.627910 -8.1723318 21.3691254 12.3979759 -0.6505179 -0.2884066 -0.2038828 0.6723689
1740547914.733696 -8.1947165 21.4138908 12.3851738 -0.6508193 -0.2874146 -0.2043207 0.6723691
1740547914.832695 -8.2053709 21.4606304 12.3414326 -0.6487265 -0.2858928 -0.2035470 0.6752687
1740547914.933232 -8.2270765 21.5020485 12.3579197 -0.6507404 -0.2867321 -0.2040089 0.6728313
1740547915.031566 -8.2357731 21.5491009 12.3569202 -0.6513888 -0.2880165 -0.2031225 0.6719229
1740547915.125191 -8.2390022 21.5976448 12.3570786 -0.6514505 -0.2893080 -0.2028202 0.6713994
1740547915.226906 -8.2570181 21.6409473 12.3490658 -0.6511015 -0.2886735 -0.2029835 0.6719615
1740547915.322579 -8.2637529 21.6908283 12.3589592 -0.6526431 -0.2888770 -0.2032259 0.6703032
1740547915.435944 -8.2676535 21.7333946 12.3570232 -0.6533575 -0.2898571 -0.2025150 0.6693986
1740547915.532530 -8.2997484 21.7736778 12.3358707 -0.6522771 -0.2882958 -0.2023517 0.6711735
1740547915.627219 -8.2952938 21.8303165 12.3381348 -0.6527826 -0.2897852 -0.2022666 0.6700654
1740547915.731977 -8.3238602 21.8602180 12.3422012 -0.6546656 -0.2886809 -0.2021019 0.6687534
1740547915.826470 -8.3087397 21.8944435 12.3437328 -0.6546975 -0.2924329 -0.2019171 0.6671459
1740547915.939862 -8.3181906 21.9206181 12.3460903 -0.6555595 -0.2927615 -0.2032990 0.6657342
1740547916.034767 -8.2822227 21.9388561 12.3489571 -0.6538776 -0.2972179 -0.1993148 0.6666177
1740547916.133606 -8.2855120 21.9782829 12.3688068 -0.6560973 -0.2997639 -0.1984139 0.6635585
1740547916.232663 -8.3026028 22.0169430 12.3722324 -0.6578925 -0.2991545 -0.2001844 0.6615212
1740547916.332314 -8.3297920 22.0421391 12.3848095 -0.6619611 -0.2969091 -0.1997176 0.6586088
1740547916.443071 -8.3326378 22.0578194 12.4080372 -0.6663005 -0.2987965 -0.1974442 0.6540490
1740547916.536389 -8.3408670 22.0786972 12.4039173 -0.6678976 -0.2997334 -0.1975749 0.6519485
1740547916.633723 -8.3493929 22.1004295 12.4321918 -0.6724474 -0.3013381 -0.1980506 0.6463636
1740547916.735829 -8.3544512 22.1101322 12.4262142 -0.6742327 -0.3028030 -0.1970298 0.6441272
1740547916.833174 -8.3688116 22.1317463 12.4488487 -0.6778852 -0.3037907 -0.1954635 0.6402944
1740547917.041500 -8.4297705 22.1129513 12.3951321 -0.6771278 -0.2999679 -0.1981668 0.6420648
1740547917.244135 -8.4477844 22.1189003 12.3152885 -0.6738021 -0.3020332 -0.2019272 0.6434223
1740547917.453274 -8.4900370 22.1107597 12.2579708 -0.6729408 -0.3008468 -0.2047424 0.6439894
1740547917.648375 -8.5416212 22.1093521 12.1685009 -0.6689234 -0.3009356 -0.2119749 0.6457909
1740547917.847907 -8.5833941 22.0952168 12.1197643 -0.6660536 -0.3000836 -0.2158120 0.6478793
1740547918.051724 -8.5971956 22.0886784 12.0493412 -0.6635272 -0.2970568 -0.2160841 0.6517642
1740547918.255616 -8.6133966 22.0763836 12.0149841 -0.6624253 -0.2974045 -0.2207072 0.6511772
1740547918.459743 -8.6369543 22.1090679 11.9451332 -0.6611025 -0.2956741 -0.2211326 0.6531621
1740547918.657505 -8.6842775 22.1047955 11.9205170 -0.6612985 -0.2921493 -0.2254010 0.6530907
1740547918.858322 -8.7019625 22.1102829 11.8800983 -0.6595306 -0.2903136 -0.2274779 0.6549742
1740547919.065970 -8.7287607 22.1155605 11.8666496 -0.6590239 -0.2897879 -0.2302529 0.6547474
1740547919.167426 -8.7345648 22.1134090 11.8335648 -0.6582316 -0.2871280 -0.2303666 0.6566734
1740547919.274296 -8.7629004 22.1438332 11.7881203 -0.6563042 -0.2843493 -0.2317667 0.6593136
1740547919.479338 -8.8002319 22.1512604 11.7934990 -0.6575879 -0.2819090 -0.2339903 0.6582963
1740547919.575861 -8.8020706 22.1706696 11.7315712 -0.6539354 -0.2792167 -0.2343569 0.6629354
1740547919.780367 -8.8505602 22.1784096 11.7049541 -0.6543520 -0.2736353 -0.2400033 0.6628316
1740547919.875703 -8.8655500 22.1777611 11.6915855 -0.6530229 -0.2736185 -0.2439944 0.6626921
1740547919.981582 -8.8664970 22.2117577 11.6904297 -0.6537878 -0.2740373 -0.2431436 0.6620772
1740547920.085262 -8.8882790 22.2189407 11.6576691 -0.6518140 -0.2711506 -0.2460245 0.6641443
1740547920.182357 -8.9086647 22.2318783 11.6380310 -0.6498020 -0.2701591 -0.2489043 0.6654457
1740547920.284572 -8.9483738 22.2362366 11.6189613 -0.6495282 -0.2669871 -0.2536041 0.6652187
1740547920.495689 -8.9887915 22.2404594 11.6187630 -0.6497298 -0.2634767 -0.2597418 0.6640522
1740547920.592746 -9.0010433 22.2765064 11.5946159 -0.6484783 -0.2621422 -0.2604270 0.6655337
1740547920.691575 -9.0015020 22.2981339 11.5851650 -0.6484267 -0.2620091 -0.2609550 0.6654295
1740547920.795896 -8.9993858 22.3110867 11.5817032 -0.6488879 -0.2602788 -0.2617325 0.6653537
1740547920.891976 -9.0238914 22.3089085 11.5638599 -0.6463948 -0.2579133 -0.2670470 0.6665887
1740547921.003157 -9.0203686 22.3182850 11.5565662 -0.6458902 -0.2566195 -0.2673766 0.6674444
1740547921.100497 -9.0173645 22.3260231 11.5304871 -0.6443231 -0.2537927 -0.2687783 0.6694738
1740547921.197258 -9.0163059 22.3313522 11.5048561 -0.6426514 -0.2511008 -0.2691467 0.6719431
1740547921.301627 -9.0226154 22.3391533 11.4749165 -0.6400177 -0.2485142 -0.2701404 0.6750128
1740547921.399527 -9.0307322 22.3508263 11.4202614 -0.6367833 -0.2437894 -0.2711211 0.6793873
1740547921.507249 -9.0357971 22.3602104 11.4241867 -0.6361570 -0.2435156 -0.2721871 0.6796460
1740547921.613097 -9.0210695 22.3675880 11.4063911 -0.6344096 -0.2437742 -0.2721534 0.6811983
1740547921.721560 -9.0388393 22.4065075 11.3893375 -0.6344759 -0.2410906 -0.2735282 0.6815409
1740547921.816776 -9.0737476 22.4259415 11.3990993 -0.6346709 -0.2405323 -0.2778381 0.6798111
1740547921.917357 -9.0618858 22.4373035 11.3576889 -0.6296021 -0.2406265 -0.2794270 0.6838279
1740547922.018345 -9.0220108 22.4455223 11.3534737 -0.6264920 -0.2430133 -0.2757680 0.6873167
1740547922.118645 -9.0014725 22.4678345 11.3668823 -0.6265022 -0.2453542 -0.2737764 0.6872721
1740547922.225270 -9.0017815 22.5059147 11.3764057 -0.6270036 -0.2456718 -0.2733001 0.6868909
1740547922.320121 -8.9994116 22.5382252 11.3903065 -0.6283937 -0.2455183 -0.2728602 0.6858494
1740547922.421862 -8.9951382 22.5445213 11.3576393 -0.6237465 -0.2443275 -0.2749392 0.6896759
1740547922.529901 -8.9858894 22.5441933 11.3476925 -0.6210805 -0.2430089 -0.2746412 0.6926601
1740547922.628053 -8.9812088 22.5570831 11.3051357 -0.6170037 -0.2420772 -0.2769814 0.6956913
1740547922.736284 -8.9870205 22.5692215 11.2702942 -0.6133751 -0.2386529 -0.2787808 0.6993547
1740547922.832865 -8.9884787 22.5791531 11.2608643 -0.6111509 -0.2378890 -0.2797546 0.7011710
1740547922.931726 -9.0122948 22.5782108 11.2494602 -0.6092094 -0.2344733 -0.2825629 0.7028829
1740547923.034155 -9.0351839 22.6025429 11.2398777 -0.6076651 -0.2326732 -0.2864560 0.7032420
1740547923.133586 -9.0566111 22.6079731 11.2413445 -0.6065228 -0.2320142 -0.2903010 0.7028690
1740547923.241165 -9.0363770 22.6159058 11.2514496 -0.6061348 -0.2320367 -0.2885762 0.7039058
1740547923.337476 -9.0396175 22.6236382 11.2709713 -0.6067137 -0.2306755 -0.2890645 0.7036541
1740547923.436972 -9.0285721 22.6574974 11.2958336 -0.6083550 -0.2316874 -0.2878956 0.7023826
1740547923.542204 -9.0824451 22.6653595 11.3240013 -0.6103582 -0.2272287 -0.2932444 0.6998841
1740547923.642752 -9.0629272 22.6970997 11.3393555 -0.6108475 -0.2292502 -0.2918434 0.6993834
1740547923.750019 -9.0839272 22.7322407 11.3772392 -0.6144556 -0.2278130 -0.2927115 0.6963229
1740547923.849210 -9.0869637 22.7634811 11.4076958 -0.6165075 -0.2290176 -0.2938681 0.6936216
1740547923.947298 -9.0918694 22.7642117 11.4037533 -0.6148546 -0.2297574 -0.2952097 0.6942741
1740547924.056485 -9.0884485 22.7815132 11.4232807 -0.6160609 -0.2276740 -0.2952922 0.6938559
1740547924.156523 -9.0943394 22.7881203 11.4431381 -0.6170720 -0.2261832 -0.2951475 0.6935065
1740547924.263507 -9.1270781 22.8068829 11.4574852 -0.6187760 -0.2228917 -0.2989234 0.6914336
1740547924.363828 -9.1492596 22.8215752 11.4809666 -0.6200281 -0.2214513 -0.3005536 0.6900666
1740547924.466410 -9.1143093 22.8305759 11.5312424 -0.6230822 -0.2236362 -0.2976873 0.6878501
1740547924.575447 -9.1032944 22.8672848 11.5625935 -0.6250925 -0.2242314 -0.2960015 0.6865586
1740547924.675698 -9.1114540 22.8845577 11.5720444 -0.6250950 -0.2219358 -0.2973794 0.6867068
1740547924.782750 -9.1803131 22.9054031 11.6156826 -0.6288002 -0.2197717 -0.3037226 0.6812219
1740547924.882597 -9.1635036 22.9151936 11.6224709 -0.6283397 -0.2216336 -0.3038460 0.6809885
1740547924.996704 -9.2361660 22.9369965 11.6532669 -0.6324281 -0.2139295 -0.3112215 0.6763210
1740547925.095516 -9.2329025 22.9470539 11.6333714 -0.6298727 -0.2118045 -0.3139331 0.6781189
1740547925.197809 -9.2512484 22.9643364 11.6449871 -0.6311281 -0.2078531 -0.3163697 0.6770412
1740547925.307900 -9.2860737 22.9642048 11.6543903 -0.6301514 -0.2057490 -0.3226593 0.6756238
1740547925.407455 -9.2742310 22.9808693 11.6943913 -0.6335706 -0.2064411 -0.3205920 0.6731947
1740547925.513580 -9.2643785 22.9970512 11.7916927 -0.6414402 -0.2066855 -0.3169409 0.6673710
1740547925.614506 -9.3073921 23.0169144 11.7520733 -0.6385837 -0.1996758 -0.3238853 0.6689088
1740547925.712595 -9.3704281 23.0380287 11.7692032 -0.6410819 -0.1937687 -0.3297634 0.6653749
1740547925.817819 -9.3959942 23.0479507 11.7532768 -0.6392829 -0.1886917 -0.3338064 0.6665480
1740547925.919914 -9.4258366 23.0695496 11.7596531 -0.6401157 -0.1825469 -0.3373432 0.6656787
1740547926.031573 -9.4659348 23.1032677 11.7333603 -0.6383340 -0.1764155 -0.3443887 0.6654349
1740547926.130968 -9.4845581 23.1236801 11.7090206 -0.6360285 -0.1726217 -0.3471082 0.6672222
1740547926.235299 -9.5609655 23.1783524 11.7339268 -0.6397151 -0.1617344 -0.3538642 0.6628625
1740547926.335032 -9.5446835 23.1851826 11.7273922 -0.6377467 -0.1618066 -0.3527046 0.6653550
1740547926.436271 -9.5220509 23.1907673 11.7118778 -0.6352708 -0.1628764 -0.3518700 0.6678995
1740547926.543397 -9.4809618 23.1937370 11.7123528 -0.6333255 -0.1659806 -0.3504516 0.6697261
1740547926.647285 -9.4397955 23.1994858 11.7033272 -0.6317371 -0.1680756 -0.3476660 0.6721512
1740547926.752759 -9.3939610 23.2014275 11.6892471 -0.6288247 -0.1724099 -0.3464990 0.6743833
1740547926.851063 -9.3428049 23.1916218 11.7266159 -0.6306446 -0.1760388 -0.3404843 0.6748098
1740547926.952406 -9.3146706 23.2046070 11.7344093 -0.6295333 -0.1784423 -0.3392998 0.6758120
1740547927.067791 -9.2343569 23.2042980 11.7275200 -0.6268313 -0.1860932 -0.3350671 0.6783671
1740547927.173121 -9.2187681 23.2155323 11.6934261 -0.6244478 -0.1862294 -0.3358079 0.6801593
1740547927.286250 -9.1491489 23.2251492 11.6666775 -0.6209955 -0.1916230 -0.3325608 0.6834095
1740547927.386720 -9.0962543 23.2201996 11.6328545 -0.6172453 -0.1965446 -0.3301558 0.6865680
1740547927.499222 -9.0056858 23.2257404 11.6316071 -0.6144464 -0.2049366 -0.3271668 0.6880541
1740547927.602879 -8.9396305 23.2392330 11.6121750 -0.6116929 -0.2113737 -0.3264555 0.6888976
1740547927.701961 -8.8865528 23.2559242 11.5931911 -0.6091273 -0.2155963 -0.3229631 0.6915035
1740547927.810622 -8.8216400 23.2589512 11.6241398 -0.6099093 -0.2235288 -0.3201620 0.6895955
1740547927.912953 -8.7688379 23.2758179 11.5934219 -0.6074904 -0.2281480 -0.3184151 0.6910252
1740547928.020417 -8.7110262 23.3029938 11.5701561 -0.6042333 -0.2322458 -0.3151117 0.6940234
1740547928.121404 -8.7073565 23.3359413 11.5672894 -0.6041687 -0.2338915 -0.3150077 0.6935741
1740547928.221239 -8.7163658 23.4058113 11.5163002 -0.6000457 -0.2327750 -0.3177032 0.6962942
1740547928.343291 -8.7091198 23.4647751 11.5162582 -0.5996577 -0.2329368 -0.3152544 0.6976860
1740547928.446701 -8.7100391 23.5075550 11.5384235 -0.6019402 -0.2324765 -0.3136354 0.6966028
1740547928.556987 -8.7104235 23.5305710 11.5998096 -0.6061898 -0.2365825 -0.3122435 0.6921464
1740547928.658809 -8.7080078 23.5748062 11.6217575 -0.6081107 -0.2385778 -0.3108613 0.6903965
1740547928.765595 -8.7263279 23.6122894 11.6688175 -0.6119561 -0.2404557 -0.3113690 0.6861051
1740547928.866549 -8.7381124 23.6502628 11.6892624 -0.6144694 -0.2407981 -0.3107053 0.6840364
1740547928.965951 -8.7163010 23.6848145 11.7257423 -0.6168303 -0.2440033 -0.3084198 0.6818064
1740547929.074946 -8.7579489 23.7362537 11.7196655 -0.6182106 -0.2393833 -0.3096904 0.6816180
1740547929.176852 -8.7567434 23.7734547 11.7585812 -0.6216618 -0.2424819 -0.3086764 0.6778334
1740547929.288346 -8.7606964 23.8062057 11.8116512 -0.6257396 -0.2458777 -0.3086550 0.6728493
1740547929.389957 -8.7250423 23.8423328 11.8571854 -0.6290916 -0.2506078 -0.3044172 0.6699028
1740547929.598619 -8.7558117 23.9326859 11.9175243 -0.6333919 -0.2535926 -0.3074865 0.6632930
1740547930.749661 -8.6651840 24.4444313 11.9297924 -0.6299087 -0.2650379 -0.2982681 0.6663378
1740547930.952518 -8.6461172 24.5364838 11.9496784 -0.6304418 -0.2664721 -0.2961901 0.6661885
1740547931.157326 -8.6409855 24.6324997 11.9724579 -0.6319271 -0.2682618 -0.2954363 0.6643953
