%YAML:1.0
Camera.RGB: 1
Camera.ThDepth: 40.0
Camera.bf: 40.0
Camera.fps: 30
Camera.height: 380
Camera.type: PinHole
Camera.width: 400
Camera1.cx: 187.9703892704742
Camera1.cy: 220.77029320391006
Camera1.fx: 1585.7484280234457
Camera1.fy: 1520.730732282892
Camera1.k1: 4.516478852553122
Camera1.k2: -928.3685898411924
Camera1.k3: 0.0
Camera1.p1: -0.1721503973196231
Camera1.p2: 0.10184519838560513
File.version: '1.0'
ORBextractor.iniThFAST: 1
ORBextractor.minThFAST: 1
ORBextractor.nFeatures: 100
ORBextractor.nLevels: 5
ORBextractor.scaleFactor: 1.4
Viewer.CameraLineWidth: 3.0
Viewer.CameraSize: 0.08
Viewer.GraphLineWidth: 0.9
Viewer.KeyFrameLineWidth: 1.0
Viewer.KeyFrameSize: 0.05
Viewer.PointSize: 2.0
Viewer.ViewpointF: 500.0
Viewer.ViewpointX: 0.0
Viewer.ViewpointY: -0.7
Viewer.ViewpointZ: -1.8
