%YAML:1.0
Camera.RGB: 1
Camera.ThDepth: 40.0
Camera.bf: 40.0
Camera.fps: 30
Camera.height: 200
Camera.type: PinHole
Camera.width: 200
Camera1.cx: 108.87527376234999
Camera1.cy: 93.19308897154896
Camera1.fx: 74.06573306789849
Camera1.fy: 76.93174806057623
Camera1.k1: -0.03698415111375612
Camera1.k2: -0.01567300348404635
Camera1.k3: 0.0
Camera1.p1: -0.0023379592875041396
Camera1.p2: -0.01826673227484492
File.version: '1.0'
ORBextractor.iniThFAST: 20
ORBextractor.minThFAST: 7
ORBextractor.nFeatures: 1000
ORBextractor.nLevels: 8
ORBextractor.scaleFactor: 1.2
Viewer.CameraLineWidth: 3.0
Viewer.CameraSize: 0.08
Viewer.GraphLineWidth: 0.9
Viewer.KeyFrameLineWidth: 1.0
Viewer.KeyFrameSize: 0.05
Viewer.PointSize: 2.0
Viewer.ViewpointF: 500.0
Viewer.ViewpointX: 0.0
Viewer.ViewpointY: -0.7
Viewer.ViewpointZ: -1.8
