1740549801.144040 0.0000000 0.0000000 0.0000000 -0.0000000 -0.0000000 -0.0000000 1.0000000
1740549801.245840 0.0277653 0.0221523 0.1041156 0.0035201 -0.0037481 0.0010082 0.9999863
1740549801.357295 0.0293530 0.0194109 0.2069623 0.0020443 -0.0026619 -0.0002536 0.9999943
1740549801.458303 0.0525625 0.0510055 0.3125746 0.0070100 -0.0063825 0.0005505 0.9999549
1740549801.561284 0.0881904 0.0666999 0.4205276 0.0095870 -0.0126487 0.0014942 0.9998730
1740549801.669566 0.1053035 0.0774591 0.5278656 0.0126441 -0.0162355 0.0002632 0.9997882
1740549801.770058 0.1093641 0.0947094 0.6341071 0.0160850 -0.0169307 0.0006278 0.9997271
1740549801.874204 0.1270267 0.1194149 0.7447270 0.0223589 -0.0207319 0.0034462 0.9995291
1740549801.972094 0.1816398 0.1576825 0.8340859 0.0207230 -0.0218291 0.0021193 0.9995447
1740549802.079419 0.1848439 0.1609777 0.8350047 0.0213718 -0.0225379 0.0020277 0.9995155
