0.000000000, 0.000000000, 0.000000000, 1.000000000, 0.000000000, 0.000000000, 0.000000000, 1.000000000, 0.000000000, 0.000000000, 0.000000000, 1.000000000
0.000000000, 0.000000000, 0.000000000, 1.000000000, 0.000000000, 0.000000000, 0.000000000, 1.000000000, 0.000000000, 0.000000000, 0.000000000, 1.000000000
0.000000000, 0.000000000, 0.000000000, 1.000000000, 0.000000000, 0.000000000, 0.000000000, 1.000000000, 0.000000000, 0.000000000, 0.000000000, 1.000000000
0.000000000, 0.000000000, 0.000000000, 1.000000000, 0.000000000, 0.000000000, 0.000000000, 1.000000000, 0.000000000, 0.000000000, 0.000000000, 1.000000000
0.000000000, 0.000000000, 0.000000000, 1.000000000, 0.000000000, 0.000000000, 0.000000000, 1.000000000, 0.000000000, 0.000000000, 0.000000000, 1.000000000
0.000000000, 0.000000000, 0.000000000, 1.000000000, 0.000000000, 0.000000000, 0.000000000, 1.000000000, 0.000000000, 0.000000000, 0.000000000, 1.000000000
0.000000000, 0.000000000, 0.000000000, 1.000000000, 0.000000000, 0.000000000, 0.000000000, 1.000000000, 0.000000000, 0.000000000, 0.000000000, 1.000000000
0.000000000, 0.000000000, 0.000000000, 1.000000000, 0.000000000, 0.000000000, 0.000000000, 1.000000000, 0.000000000, 0.000000000, 0.000000000, 1.000000000
0.000000000, 0.000000000, 0.000000000, 1.000000000, 0.000000000, 0.000000000, 0.000000000, 1.000000000, 0.000000000, 0.000000000, 0.000000000, 1.000000000
0.000000000, 0.000000000, 0.000000000, 1.000000000, 0.000000000, 0.000000000, 0.000000000, 1.000000000, 0.000000000, 0.000000000, 0.000000000, 1.000000000
0.010962383, 0.006445270, 0.032485869, 0.999919951, -0.005553201, -0.011370271, 0.005400956, 0.999895930, -0.013376982, 0.011443373, 0.013314500, 0.999845862
0.011190644, 0.006783714, 0.035750486, 0.999925494, -0.004205833, -0.011461238, 0.004015852, 0.999854982, -0.016548885, 0.011529178, 0.016501626, 0.999797344
0.013011698, 0.007845780, 0.041314334, 0.999871790, -0.001689512, -0.015922358, 0.001340774, 0.999759555, -0.021887714, 0.015955510, 0.021863559, 0.999633610
0.013886718, 0.008460335, 0.047549915, 0.999867082, -0.002381141, -0.016128076, 0.001948487, 0.999639213, -0.026788898, 0.016186045, 0.026753914, 0.999511003
0.013375840, 0.008068947, 0.050586052, 0.999868333, -0.001286430, -0.016174389, 0.000798992, 0.999546349, -0.030106828, 0.016205782, 0.030089941, 0.999415815
0.013886139, 0.008045398, 0.055863008, 0.999832988, -0.001686755, -0.018197311, 0.001064868, 0.999416828, -0.034130383, 0.018244268, 0.034105305, 0.999251723
0.014546238, 0.008465422, 0.061355773, 0.999798715, -0.000587001, -0.020053914, -0.000198568, 0.999233365, -0.039148450, 0.020061519, 0.039144550, 0.999032140
0.014801046, 0.008562724, 0.064556770, 0.999732554, 0.000549073, -0.023118557, -0.001527847, 0.999102056, -0.042340834, 0.023074551, 0.042364832, 0.998835742
0.015549041, 0.009014673, 0.069587447, 0.999673486, -0.000021623, -0.025552832, -0.001218164, 0.998822331, -0.048501998, 0.025523787, 0.048517291, 0.998496175
0.014525392, 0.007610309, 0.073123597, 0.999672413, -0.001291575, -0.025561543, -0.000039518, 0.998646796, -0.052005164, 0.025594123, 0.051989138, 0.998319626
0.013940458, 0.007280542, 0.078002177, 0.999657571, -0.001067023, -0.026146697, -0.000408799, 0.998409629, -0.056373667, 0.026165266, 0.056365050, 0.998067319
0.013465849, 0.006883742, 0.081313550, 0.999640048, -0.001613173, -0.026779037, -0.000029373, 0.998124063, -0.061223596, 0.026827566, 0.061202347, 0.997764766
0.014048023, 0.006945642, 0.086257264, 0.999575555, -0.001244044, -0.029106172, -0.000719374, 0.997729182, -0.067349568, 0.029123861, 0.067341916, 0.997304797
0.013133567, 0.005141220, 0.088639550, 0.999516547, -0.002461139, -0.030994484, 0.000252372, 0.997471571, -0.071066402, 0.031091020, 0.071024217, 0.996989906
0.012831377, 0.004514459, 0.093354493, 0.999470055, -0.001552845, -0.032513872, -0.000969350, 0.996998608, -0.077413738, 0.032536495, 0.077404238, 0.996468723
0.012053539, 0.002717927, 0.095300950, 0.999452412, -0.002371809, -0.033004086, -0.000303245, 0.996729314, -0.080812156, 0.033087812, 0.080777906, 0.996182799
0.011433272, 0.002301593, 0.099885747, 0.999396801, -0.002389147, -0.034645174, -0.000599130, 0.996295989, -0.085987918, 0.034722287, 0.085956812, 0.995693624
0.011711313, 0.002696315, 0.103586726, 0.999270201, -0.003604380, -0.038026817, -0.000026036, 0.995473444, -0.095040321, 0.038197249, 0.094971955, 0.994746864
0.010909804, 0.002112605, 0.108142287, 0.999204695, -0.002962103, -0.039764926, -0.001046254, 0.994946182, -0.100403927, 0.039861366, 0.100365676, 0.994151771
0.010337174, 0.001668393, 0.107980408, 0.999090731, -0.002029040, -0.042586908, -0.002499634, 0.994361103, -0.106017552, 0.042561878, 0.106027603, 0.993451893
0.010466636, 0.000373242, 0.112006851, 0.998912513, -0.004084437, -0.046444818, -0.001030079, 0.993978918, -0.109566651, 0.046612687, 0.109495342, 0.992893755
0.009229608, -0.000778967, 0.116454646, 0.998866677, -0.003587565, -0.047460325, -0.001885590, 0.993389606, -0.114775918, 0.047558360, 0.114735335, 0.992256999
0.008221910, -0.001694150, 0.116281785, 0.998815656, -0.004097756, -0.048481911, -0.001648012, 0.993026018, -0.117883943, 0.048626859, 0.117824227, 0.991843164
0.008731031, -0.002811969, 0.120108657, 0.998612463, -0.003247314, -0.052560315, -0.003188275, 0.992537677, -0.121896781, 0.052563928, 0.121895224, 0.991150141
0.008202849, -0.003523657, 0.122910090, 0.998604476, -0.003111631, -0.052719977, -0.003510114, 0.992144763, -0.125045657, 0.052694947, 0.125056222, 0.990749300
0.008319647, -0.004606096, 0.126953870, 0.998424709, -0.002838650, -0.056036603, -0.004377735, 0.991733730, -0.128238037, 0.055937413, 0.128281340, 0.990159035
0.007448531, -0.004491345, 0.131216869, 0.998446167, -0.004812516, -0.055516783, -0.002611210, 0.991128922, -0.132878318, 0.055663768, 0.132816821, 0.989576280
0.007855313, -0.004367696, 0.133959278, 0.998176932, -0.006098083, -0.060047034, -0.002261006, 0.990406513, -0.138166115, 0.060313519, 0.138049990, 0.988587141
0.008018512, -0.004679077, 0.137667924, 0.998105049, -0.006059149, -0.061233878, -0.002643447, 0.989999056, -0.141049206, 0.061476119, 0.140943795, 0.988107026
0.006649321, -0.004777004, 0.135766461, 0.998040855, -0.007286601, -0.062139753, -0.001867288, 0.989283442, -0.145995826, 0.062537640, 0.145825833, 0.987331688
0.006192285, -0.005783071, 0.139502212, 0.997954071, -0.006137004, -0.063640058, -0.003338335, 0.989023030, -0.147723690, 0.063848063, 0.147633910, 0.986979067
0.005876610, -0.005497494, 0.140882492, 0.997868419, -0.006880440, -0.064894579, -0.002934210, 0.988690078, -0.149944380, 0.065192312, 0.149815172, 0.986562431
0.005886985, -0.006225257, 0.144738138, 0.997742534, -0.007574304, -0.066727012, -0.002558347, 0.988610804, -0.150472939, 0.067106776, 0.150303960, 0.986359656
0.005811517, -0.006615860, 0.147663400, 0.997757137, -0.006575771, -0.066613950, -0.003533658, 0.988601089, -0.150517210, 0.066844389, 0.150415018, 0.986360550
0.005469820, -0.006481991, 0.140601978, 0.997837842, -0.004759098, -0.065551661, -0.005113001, 0.988731325, -0.149613529, 0.065525003, 0.149625212, 0.986569166
0.005347294, -0.005654335, 0.136923581, 0.997917771, -0.006559250, -0.064164333, -0.003131563, 0.988714993, -0.149775922, 0.064422660, 0.149664998, 0.986635745
0.004952594, -0.005340515, 0.130402327, 0.998116016, -0.007805709, -0.060856737, -0.001332052, 0.988883734, -0.148684949, 0.061340827, 0.148485884, 0.987010241
0.004775777, -0.005098397, 0.126889065, 0.998268843, -0.007507558, -0.058335193, -0.001058567, 0.989366055, -0.145443216, 0.058806784, 0.145253181, 0.987645328
0.005218468, -0.004888005, 0.123109952, 0.998342037, -0.005551774, -0.057291683, -0.002628291, 0.989902616, -0.141724735, 0.057500012, 0.141640335, 0.988246799
0.005199207, -0.004753854, 0.117380194, 0.998478234, -0.004408376, -0.054971077, -0.003225020, 0.990426302, -0.138005018, 0.055053174, 0.137972280, 0.988904834
0.004889274, -0.005015810, 0.113634042, 0.998607814, -0.004310315, -0.052572455, -0.002689610, 0.991198659, -0.132355332, 0.052680239, 0.132312462, 0.989807129
0.004906383, -0.004973887, 0.110359520, 0.998637319, -0.004664328, -0.051978093, -0.002009075, 0.991823375, -0.127602369, 0.052148264, 0.127532914, 0.990462482
0.004888043, -0.004166989, 0.106400512, 0.998752356, -0.003114154, -0.049840216, -0.003133355, 0.992179036, -0.124783650, 0.049839012, 0.124784134, 0.990931392
0.005265130, -0.003160273, 0.102848440, 0.998847127, -0.003416047, -0.047882710, -0.002396698, 0.992672145, -0.120814987, 0.047944542, 0.120790467, 0.991519511
0.005282653, -0.002559977, 0.098988049, 0.998971760, -0.002116918, -0.045287330, -0.003130307, 0.993304729, -0.115481161, 0.045228582, 0.115504183, 0.992276728
0.005466213, -0.002133103, 0.094023272, 0.999077499, -0.001977772, -0.042898502, -0.002787842, 0.993844748, -0.110746726, 0.042853486, 0.110764153, 0.992922366
0.005189565, -0.002075665, 0.090335906, 0.999215782, -0.001730003, -0.039557662, -0.002411557, 0.994531453, -0.104409814, 0.039521966, 0.104423337, 0.993747354
0.005331170, -0.001715131, 0.086824596, 0.999317288, -0.001242275, -0.036925238, -0.002420448, 0.995086193, -0.098982871, 0.036866758, 0.099004671, 0.994403780
0.006108242, -0.001282249, 0.082045019, 0.999351084, -0.001027313, -0.036005635, -0.002328042, 0.995661139, -0.093023971, 0.035944976, 0.093047425, 0.995012641
0.006056903, -0.000846354, 0.078750551, 0.999458969, -0.001066757, -0.032872334, -0.001828604, 0.996125579, -0.087923132, 0.032838766, 0.087935671, 0.995584726
0.005882324, -0.000560569, 0.074975945, 0.999553263, -0.000956620, -0.029871872, -0.001499495, 0.996623695, -0.082091123, 0.029849544, 0.082099244, 0.996177077
0.005229479, 0.000206424, 0.071278304, 0.999683022, -0.001911460, -0.025103318, -0.000048770, 0.996964693, -0.077854782, 0.025175937, 0.077831328, 0.996648610
0.005082061, -0.000078092, 0.067692563, 0.999726653, -0.001027842, -0.023356138, -0.000609542, 0.997547507, -0.069990009, 0.023370795, 0.069985121, 0.997274220
0.005153615, 0.000538091, 0.064147048, 0.999765933, -0.000773470, -0.021622047, -0.000629354, 0.997898221, -0.064797319, 0.021626720, 0.064795755, 0.997664154
0.004930787, 0.000712279, 0.060703926, 0.999810994, -0.000832938, -0.019423215, -0.000318614, 0.998245537, -0.059209093, 0.019438455, 0.059204094, 0.998056650
0.005169068, 0.001380674, 0.056811929, 0.999850631, -0.000566766, -0.017274415, -0.000369659, 0.998532355, -0.054157462, 0.017279757, 0.054155760, 0.998382986
0.005155973, 0.001237446, 0.053186033, 0.999862194, -0.000706733, -0.016586347, -0.000104133, 0.998806834, -0.048835862, 0.016601071, 0.048830859, 0.998669088
0.005336855, 0.001404455, 0.049744148, 0.999875009, 0.000074700, -0.015810335, -0.000763580, 0.999050081, -0.043569922, 0.015792063, 0.043576550, 0.998925269
0.005013386, 0.001747976, 0.045880362, 0.999914289, 0.000639195, -0.013078922, -0.001162746, 0.999196529, -0.040061783, 0.013042807, 0.040073559, 0.999111593
0.004857719, 0.001173398, 0.042275365, 0.999925077, -0.000011735, -0.012242259, -0.000409918, 0.999406695, -0.034439292, 0.012235400, 0.034441728, 0.999331832
0.004890438, 0.001748908, 0.038770024, 0.999938786, 0.000422208, -0.011057572, -0.000767637, 0.999511182, -0.031253491, 0.011038971, 0.031260066, 0.999450326
0.004483822, 0.001769871, 0.034885731, 0.999953389, 0.000919614, -0.009613370, -0.001178984, 0.999634504, -0.027009426, 0.009585017, 0.027019501, 0.999588966
0.004560544, 0.001693060, 0.031425305, 0.999949753, 0.000258323, -0.010021940, -0.000487448, 0.999738395, -0.022866596, 0.010013411, 0.022870330, 0.999688268
0.004118592, 0.002004094, 0.028217010, 0.999963760, 0.002122280, -0.008244169, -0.002282239, 0.999808371, -0.019442024, 0.008201327, 0.019460134, 0.999777019
0.003146428, 0.001480740, 0.024188740, 0.999977648, 0.001468506, -0.006526737, -0.001563307, 0.999893010, -0.014543675, 0.006504681, 0.014553552, 0.999872923
0.002919287, 0.001690762, 0.021041790, 0.999985337, 0.001893770, -0.005070308, -0.001953736, 0.999927878, -0.011848206, 0.005047505, 0.011857938, 0.999916971
0.002690251, 0.001959431, 0.017561650, 0.999987900, 0.001844736, -0.004565797, -0.001887318, 0.999954581, -0.009339766, 0.004548361, 0.009348270, 0.999945939
0.002195550, 0.001306196, 0.013906477, 0.999991715, 0.000395364, -0.004050960, -0.000420559, 0.999980569, -0.006220452, 0.004048422, 0.006222105, 0.999972463
0.002097140, 0.001530993, 0.010479663, 0.999993205, 0.000981272, -0.003559739, -0.000997690, 0.999988854, -0.004613229, 0.003555172, 0.004616749, 0.999983013
0.002292111, 0.001587467, 0.007253108, 0.999991715, 0.001435776, -0.003813580, -0.001446849, 0.999994755, -0.002902392, 0.003809393, 0.002907885, 0.999988496
0.002426099, 0.001893527, 0.003683759, 0.999991536, 0.001231117, -0.003920997, -0.001244080, 0.999993742, -0.003305557, 0.003916902, 0.003310407, 0.999986827
0.002276524, 0.001460114, 0.000395119, 0.999992907, 0.000823859, -0.003673672, -0.000833330, 0.999996305, -0.002577519, 0.003671535, 0.002580562, 0.999989927
0.002248721, 0.001401817, 0.000310566, 0.999993861, 0.000594170, -0.003447311, -0.000603315, 0.999996305, -0.002652472, 0.003445722, 0.002654535, 0.999990523
0.001967241, 0.001140435, 0.000239876, 0.999995291, 0.000810151, -0.002969112, -0.000816258, 0.999997556, -0.002056064, 0.002967439, 0.002058478, 0.999993503
0.001944184, 0.001144157, 0.000255491, 0.999995410, 0.000874586, -0.002907730, -0.000880714, 0.999997377, -0.002106788, 0.002905880, 0.002109339, 0.999993563
0.001996869, 0.001530361, 0.003600804, 0.999992669, 0.001665252, -0.003442742, -0.001673188, 0.999995947, -0.002303674, 0.003438892, 0.002309417, 0.999991417
0.001642925, 0.001420612, 0.006736152, 0.999994278, 0.000471345, -0.003353178, -0.000481185, 0.999995589, -0.002934319, 0.003351780, 0.002935915, 0.999990046
0.001920681, 0.001364160, 0.010004918, 0.999992967, 0.000128156, -0.003746729, -0.000144314, 0.999990702, -0.004312555, 0.003746142, 0.004313066, 0.999983668
0.001745357, 0.000970335, 0.013038212, 0.999992013, 0.000975557, -0.003871537, -0.000995203, 0.999986649, -0.005075844, 0.003866534, 0.005079657, 0.999979615
0.001952880, 0.000967889, 0.016122449, 0.999992132, -0.000455812, -0.003936011, 0.000424250, 0.999967754, -0.008015882, 0.003939538, 0.008014149, 0.999960124
0.002050072, 0.001295793, 0.019393438, 0.999990582, 0.001079822, -0.004199747, -0.001128703, 0.999931455, -0.011654095, 0.004186875, 0.011658725, 0.999923289
0.002214629, 0.001284842, 0.022643846, 0.999989033, 0.001214292, -0.004524645, -0.001280608, 0.999891400, -0.014682556, 0.004506325, 0.014688188, 0.999881983
0.002136612, 0.000518720, 0.025847042, 0.999987423, 0.000807469, -0.004952968, -0.000888247, 0.999866307, -0.016328679, 0.004939121, 0.016332874, 0.999854386
0.002291204, -0.000035807, 0.028547978, 0.999977887, 0.001245368, -0.006533986, -0.001371074, 0.999813378, -0.019269591, 0.006508769, 0.019278124, 0.999792993
0.002450106, -0.000110199, 0.031844538, 0.999976993, 0.000518891, -0.006760483, -0.000674835, 0.999733269, -0.023085192, 0.006746701, 0.023089223, 0.999710619
0.002600411, 0.000077154, 0.035166107, 0.999969840, 0.001698274, -0.007576535, -0.001909097, 0.999608755, -0.027905852, 0.007526179, 0.027919475, 0.999581814
0.002896976, 0.000280782, 0.037793126, 0.999950528, 0.000000764, -0.009944781, -0.000332516, 0.999443412, -0.033357818, 0.009939220, 0.033359472, 0.999394000
0.003153531, 0.000136459, 0.040928636, 0.999935567, 0.000127210, -0.011349848, -0.000549366, 0.999307692, -0.037199464, 0.011337259, 0.037203304, 0.999243379
0.002896281, 0.000039305, 0.043985795, 0.999922276, 0.000407563, -0.012459146, -0.000920624, 0.999150455, -0.041201536, 0.012431769, 0.041209802, 0.999073148
0.002372780, -0.000119048, 0.046927590, 0.999931812, 0.000562497, -0.011663345, -0.001104106, 0.998918474, -0.046482578, 0.011624584, 0.046492286, 0.998851001
0.002561306, -0.000365616, 0.050027128, 0.999901056, 0.000693476, -0.014047991, -0.001409729, 0.998695612, -0.051040564, 0.013994272, 0.051055320, 0.998597801
0.002980832, -0.000659093, 0.052945420, 0.999861538, -0.000343550, -0.016638312, -0.000592141, 0.998419404, -0.056199566, 0.016631322, 0.056201637, 0.998280883
0.003053729, -0.000842136, 0.056100275, 0.999845088, -0.001007702, -0.017573519, -0.000080761, 0.998086870, -0.061827254, 0.017602202, 0.061819091, 0.997932136
0.002590586, -0.001465958, 0.058181934, 0.999813378, -0.000431497, -0.019313138, -0.000867441, 0.997739315, -0.067197815, 0.019298473, 0.067202032, 0.997552752
0.003485251, -0.001545778, 0.061163232, 0.999720216, -0.000898388, -0.023636634, -0.000844177, 0.997286737, -0.073609918, 0.023638630, 0.073609278, 0.997006953
0.003722095, -0.001576675, 0.064411841, 0.999670327, -0.001053906, -0.025654873, -0.000989271, 0.996834517, -0.079498157, 0.025657447, 0.079497330, 0.996504843
0.002883463, -0.002541456, 0.066124499, 0.999626875, -0.000100292, -0.027315786, -0.002179255, 0.996513009, -0.083409086, 0.027228901, 0.083437495, 0.996140957
0.002161123, -0.002889336, 0.069008783, 0.999595046, -0.000540895, -0.028451853, -0.002012917, 0.995970964, -0.089653805, 0.028385714, 0.089674771, 0.995566487
0.002398290, -0.003422914, 0.072096303, 0.999478102, 0.000303193, -0.032302868, -0.003377028, 0.995457709, -0.095144778, 0.032127291, 0.095204204, 0.994939208
0.002179965, -0.003702463, 0.074291714, 0.999443293, -0.000830737, -0.033353385, -0.002513797, 0.994973361, -0.100108564, 0.033268891, 0.100136675, 0.994417310
0.001889190, -0.004036270, 0.077563167, 0.999339879, -0.000706801, -0.036322441, -0.003121756, 0.994441986, -0.105239838, 0.036194947, 0.105283760, 0.993783295
0.001973131, -0.004593126, 0.080307260, 0.999229372, -0.001350405, -0.039228365, -0.002968524, 0.993945897, -0.109830357, 0.039139189, 0.109862171, 0.993175924
0.001416013, -0.004754870, 0.082439192, 0.999215364, -0.001976288, -0.039557267, -0.002586369, 0.993366718, -0.114960372, 0.039522067, 0.114972480, 0.992582142
0.001748377, -0.005287903, 0.085635118, 0.999087334, -0.002588305, -0.042635076, -0.002506496, 0.992889583, -0.119012550, 0.042639963, 0.119010799, 0.991976976
0.001678638, -0.005785567, 0.088569224, 0.998983681, -0.002142360, -0.045022480, -0.003442861, 0.992324769, -0.123611100, 0.044941742, 0.123640478, 0.991308868
0.002129777, -0.005925095, 0.091465831, 0.998897433, -0.002068156, -0.046900865, -0.003959482, 0.991758227, -0.128062189, 0.046779171, 0.128106698, 0.990656555
0.001580199, -0.006088545, 0.093828551, 0.998796225, -0.003355408, -0.048937663, -0.003128572, 0.991268873, -0.131819069, 0.048952691, 0.131813481, 0.990065098
0.001575702, -0.006122830, 0.093801118, 0.998792827, -0.003402727, -0.049003150, -0.003072458, 0.991316795, -0.131459489, 0.049024966, 0.131451353, 0.990109622
0.001567693, -0.006102892, 0.093807161, 0.998800278, -0.003383559, -0.048852470, -0.003081755, 0.991289496, -0.131664678, 0.048872437, 0.131657273, 0.990089834
0.001507835, -0.005692085, 0.090793848, 0.998915195, -0.002480180, -0.046500467, -0.003551571, 0.991614342, -0.129183665, 0.046430927, 0.129208684, 0.990529776
0.001650739, -0.005411034, 0.087756738, 0.998959601, -0.002380198, -0.045541272, -0.003281130, 0.992297471, -0.123834506, 0.045485239, 0.123855092, 0.991257310
0.001790535, -0.005001433, 0.084900357, 0.999067426, -0.002883387, -0.043081444, -0.002300903, 0.992794812, -0.119804911, 0.043116476, 0.119792305, 0.991862297
0.002026679, -0.004449909, 0.081990585, 0.999132812, -0.001848484, -0.041595303, -0.002990169, 0.993248820, -0.115964569, 0.041528843, 0.115988381, 0.992381990
0.002164184, -0.004303766, 0.078763306, 0.999200642, -0.001195979, -0.039957374, -0.003218748, 0.993899882, -0.110238940, 0.039845474, 0.110279441, 0.993101597
0.002540244, -0.003678980, 0.076110147, 0.999261677, -0.001189087, -0.038400874, -0.002910001, 0.994307101, -0.106512427, 0.038308915, 0.106545538, 0.993569553
0.001721536, -0.004110762, 0.072916299, 0.999467373, -0.000390978, -0.032630965, -0.002837289, 0.995100498, -0.098827615, 0.032509729, 0.098867565, 0.994569421
0.001964915, -0.003108389, 0.069471523, 0.999509871, -0.001228692, -0.031281583, -0.001750687, 0.995472074, -0.095038578, 0.031256717, 0.095046759, 0.994982004
0.002072072, -0.002747213, 0.066679798, 0.999594808, -0.000546647, -0.028459882, -0.002023648, 0.995921075, -0.090205751, 0.028393107, 0.090226792, 0.995516419
0.002040206, -0.003053364, 0.063692719, 0.999669194, -0.000216192, -0.025719510, -0.001906953, 0.996589482, -0.082496762, 0.025649630, 0.082518518, 0.996259391
0.001879855, -0.002246454, 0.060713079, 0.999741077, 0.000395364, -0.022750570, -0.002168113, 0.996954978, -0.077949330, 0.022650477, 0.077978477, 0.996697724
0.002216941, -0.001954255, 0.057661984, 0.999765515, -0.000419568, -0.021650035, -0.001148245, 0.997378409, -0.072352916, 0.021623636, 0.072360806, 0.997144103
0.002122400, -0.001705247, 0.054996125, 0.999829292, -0.000617407, -0.018466329, -0.000604066, 0.997815013, -0.066067323, 0.018466771, 0.066067196, 0.997644305
0.002076875, -0.001441935, 0.051963970, 0.999864459, -0.001256198, -0.016417073, 0.000257056, 0.998154759, -0.060720861, 0.016463056, 0.060708407, 0.998019755
0.002138540, -0.000939543, 0.049126413, 0.999893427, -0.000491724, -0.014589553, -0.000315346, 0.998471677, -0.055264533, 0.014594430, 0.055263247, 0.998365164
0.002530337, -0.000322814, 0.046018086, 0.999898136, -0.000392026, -0.014266192, -0.000336469, 0.998697281, -0.051026236, 0.014267610, 0.051025841, 0.998595417
0.001693779, -0.000609936, 0.042725693, 0.999940634, 0.000105096, -0.010898192, -0.000587425, 0.999019682, -0.044264000, 0.010882856, 0.044267774, 0.998960435
0.002068562, -0.000307320, 0.039743628, 0.999939859, 0.000108989, -0.010968131, -0.000550345, 0.999189675, -0.040244915, 0.010954858, 0.040248532, 0.999129653
0.001955225, -0.000157589, 0.037057590, 0.999960721, 0.000541951, -0.008847302, -0.000859073, 0.999355733, -0.035879534, 0.008822157, 0.035885725, 0.999316931
0.001635659, -0.000978413, 0.034070004, 0.999970138, 0.000439418, -0.007718850, -0.000666899, 0.999564767, -0.029493062, 0.007702531, 0.029497327, 0.999535203
0.002261046, -0.000477800, 0.030990930, 0.999965847, 0.000447130, -0.008253153, -0.000667077, 0.999644160, -0.026666578, 0.008238293, 0.026671173, 0.999610305
0.001320742, -0.000550346, 0.028365882, 0.999989033, 0.000334561, -0.004677199, -0.000436475, 0.999762118, -0.021805460, 0.004668791, 0.021807263, 0.999751270
0.001700733, -0.000152566, 0.025351202, 0.999986708, -0.000079662, -0.005155226, -0.000021542, 0.999807358, -0.019628327, 0.005155796, 0.019628178, 0.999794066
0.001664756, 0.000061312, 0.022542100, 0.999984682, 0.000908073, -0.005464497, -0.000988300, 0.999891520, -0.014696742, 0.005450559, 0.014701918, 0.999877036
0.001053316, 0.000089530, 0.019629849, 0.999994993, 0.000381281, -0.003133837, -0.000419828, 0.999924183, -0.012308853, 0.003128906, 0.012310107, 0.999919355
0.000957512, 0.000149858, 0.016694976, 0.999993861, -0.000023349, -0.003507794, -0.000009898, 0.999955058, -0.009477838, 0.003507858, 0.009477815, 0.999948919
0.001132699, 0.000601755, 0.013860661, 0.999993801, -0.000355814, -0.003495984, 0.000331336, 0.999975443, -0.006999893, 0.003498389, 0.006998691, 0.999969363
0.001054341, 0.000690038, 0.011232852, 0.999996006, -0.000095918, -0.002829061, 0.000082430, 0.999988616, -0.004767390, 0.002829486, 0.004767137, 0.999984622
0.000918185, 0.000733428, 0.008397195, 0.999996960, -0.000244213, -0.002447368, 0.000235442, 0.999993563, -0.003583259, 0.002448227, 0.003582672, 0.999990582
0.000919011, 0.000914037, 0.005607081, 0.999996364, 0.000054218, -0.002704530, -0.000059726, 0.999997914, -0.002036546, 0.002704414, 0.002036700, 0.999994278
0.000710308, 0.000845930, 0.002836081, 0.999997795, 0.001258550, -0.001678958, -0.001261222, 0.999997914, -0.001590910, 0.001676952, 0.001593024, 0.999997318
0.001039972, 0.000733064, 0.000263587, 0.999996424, 0.001015957, -0.002470459, -0.001018135, 0.999999106, -0.000880530, 0.002469562, 0.000883042, 0.999996543
0.001021877, 0.000699554, 0.000271683, 0.999996245, 0.001073646, -0.002520023, -0.001075104, 0.999999285, -0.000577171, 0.002519401, 0.000579878, 0.999996662
0.001022131, 0.000713746, 0.000244417, 0.999995887, 0.001302108, -0.002564066, -0.001303850, 0.999998927, -0.000677981, 0.002563181, 0.000681321, 0.999996483
0.000995312, 0.000670620, 0.000161489, 0.999996603, 0.001419263, -0.002191666, -0.001420914, 0.999998689, -0.000751923, 0.002190596, 0.000755035, 0.999997318
0.001152624, 0.000688247, 0.002703714, 0.999994218, 0.001274710, -0.003154303, -0.001276823, 0.999998987, -0.000667968, 0.003153449, 0.000671992, 0.999994814
0.001282097, 0.000624767, 0.005388814, 0.999991655, 0.000882866, -0.003982401, -0.000886376, 0.999999225, -0.000879547, 0.003981621, 0.000883069, 0.999991655
0.001239688, 0.000780855, 0.008272441, 0.999991775, 0.001070014, -0.003909678, -0.001080339, 0.999995947, -0.002639713, 0.003906838, 0.002643915, 0.999988854
0.000722089, 0.000640967, 0.010705641, 0.999996305, 0.000786161, -0.002599738, -0.000799386, 0.999986708, -0.005089763, 0.002595702, 0.005091822, 0.999983668
0.001072721, 0.000312734, 0.013259232, 0.999991119, -0.000026225, -0.004211011, 0.000002394, 0.999983966, -0.005658927, 0.004211092, 0.005658867, 0.999975145
0.001273936, 0.000193850, 0.016052322, 0.999989629, 0.000455808, -0.004530348, -0.000495210, 0.999962032, -0.008699875, 0.004526210, 0.008702029, 0.999951899
0.001708710, 0.000371565, 0.018696066, 0.999984384, 0.000801731, -0.005526105, -0.000872344, 0.999917865, -0.012787384, 0.005515399, 0.012792005, 0.999902964
0.001892579, 0.000044500, 0.021349650, 0.999982357, 0.001359582, -0.005780084, -0.001449808, 0.999876738, -0.015634457, 0.005758115, 0.015642561, 0.999861062
0.002030515, 0.000016421, 0.023924321, 0.999973834, 0.000530309, -0.007215236, -0.000667534, 0.999818683, -0.019029742, 0.007203836, 0.019034060, 0.999792874
0.001902968, -0.000259280, 0.026417658, 0.999971449, -0.000086385, -0.007553359, -0.000085035, 0.999742508, -0.022691272, 0.007553374, 0.022691267, 0.999713957
0.001849204, -0.000512610, 0.029319711, 0.999972761, 0.000605615, -0.007359981, -0.000800193, 0.999649465, -0.026463291, 0.007341375, 0.026468458, 0.999622703
0.001967951, -0.000497306, 0.031868421, 0.999961734, 0.000554142, -0.008728215, -0.000822818, 0.999524951, -0.030808995, 0.008706995, 0.030814998, 0.999487162
0.002090790, -0.000301214, 0.034477688, 0.999943376, -0.000154175, -0.010639685, -0.000236217, 0.999327004, -0.036681022, 0.010638179, 0.036681458, 0.999270380
0.002183838, -0.000314721, 0.036848459, 0.999929726, -0.000420246, -0.011849189, -0.000062401, 0.999171317, -0.040702753, 0.011856475, 0.040700633, 0.999101043
0.002075594, -0.000547675, 0.039514851, 0.999921083, -0.000284547, -0.012557974, -0.000281937, 0.998983145, -0.045084663, 0.012558033, 0.045084648, 0.998904228
0.001964503, -0.000737334, 0.042077199, 0.999905288, -0.000118387, -0.013763874, -0.000568049, 0.998756170, -0.049857724, 0.013752657, 0.049860820, 0.998661458
0.001980994, -0.000836997, 0.045035236, 0.999887049, -0.000062957, -0.015029817, -0.000768865, 0.998467684, -0.055332568, 0.015010269, 0.055337872, 0.998354852
0.002097295, -0.001120343, 0.047228005, 0.999851346, -0.000364092, -0.017239442, -0.000703340, 0.998083889, -0.061871450, 0.017228935, 0.061874375, 0.997935236
0.002341529, -0.001135419, 0.049790673, 0.999794722, -0.001081083, -0.020231342, -0.000297023, 0.997685909, -0.067990690, 0.020258028, 0.067982741, 0.997480810
0.002317277, -0.001356158, 0.052306697, 0.999738038, 0.000111060, -0.022886422, -0.001807020, 0.997249484, -0.074095987, 0.022815242, 0.074117936, 0.996988475
0.001520613, -0.002165748, 0.054552536, 0.999748051, -0.000211235, -0.022444872, -0.001549793, 0.996919692, -0.078413762, 0.022392299, 0.078428790, 0.996668220
0.001261238, -0.002602017, 0.057088461, 0.999689639, -0.001146897, -0.024885403, -0.000924481, 0.996543646, -0.083065823, 0.024894657, 0.083063051, 0.996233284
0.000932221, -0.002773456, 0.059623893, 0.999649942, -0.002396206, -0.026348950, 0.000032763, 0.996001661, -0.089334637, 0.026457662, 0.089302503, 0.995653093
0.001375945, -0.003277066, 0.061738618, 0.999524474, -0.000461968, -0.030831935, -0.002427072, 0.995606959, -0.093599617, 0.030739730, 0.093629941, 0.995132387
0.001385965, -0.002954199, 0.064406306, 0.999469459, -0.002104528, -0.032501645, -0.001203599, 0.994841993, -0.101429731, 0.032547463, 0.101415038, 0.994311631
0.001315440, -0.003300967, 0.067014270, 0.999371290, -0.002046605, -0.035394654, -0.001713355, 0.994378090, -0.105874084, 0.035412353, 0.105868168, 0.993749440
0.001136873, -0.003827994, 0.069072202, 0.999279618, -0.001188666, -0.037932351, -0.003002428, 0.993900418, -0.110240489, 0.037832018, 0.110274963, 0.993180811
0.001448245, -0.003751139, 0.071803197, 0.999168992, -0.002897673, -0.040656898, -0.001850432, 0.993216693, -0.116263449, 0.040718004, 0.116242066, 0.992385924
0.001581058, -0.003680167, 0.074287333, 0.999107480, -0.002820736, -0.042146698, -0.002370944, 0.992450178, -0.122625694, 0.042174391, 0.122616172, 0.991557658
0.001297214, -0.004772785, 0.076297157, 0.999015033, -0.001901048, -0.044331890, -0.003644582, 0.992190599, -0.124677621, 0.044222701, 0.124716394, 0.991206408
0.000973792, -0.005670988, 0.078742437, 0.998932183, -0.002510216, -0.046132118, -0.003394296, 0.991836786, -0.127468586, 0.046075504, 0.127489060, 0.990769207
0.000924478, -0.005695490, 0.081213333, 0.998868227, -0.003145264, -0.047459614, -0.003127476, 0.991308630, -0.131519496, 0.047460787, 0.131519064, 0.990176857
0.001153483, -0.005959682, 0.082501389, 0.998725712, -0.004037167, -0.050305713, -0.002756463, 0.990943611, -0.134250268, 0.050392117, 0.134217858, 0.989669740
0.000870348, -0.006389494, 0.084949486, 0.998748660, -0.004002536, -0.049850825, -0.002853432, 0.990607858, -0.136703938, 0.049929783, 0.136675119, 0.989356816
0.000914057, -0.006566925, 0.087386876, 0.998618186, -0.005149925, -0.052298881, -0.002223130, 0.990155935, -0.139951110, 0.052504785, 0.139873996, 0.988776267
0.000804183, -0.006623882, 0.089735478, 0.998582423, -0.006171897, -0.052867778, -0.001423236, 0.989803255, -0.142434239, 0.053207789, 0.142307565, 0.988391340
0.000682914, -0.006901645, 0.090822987, 0.998439431, -0.005607810, -0.055563554, -0.002402059, 0.989712358, -0.143051133, 0.055794142, 0.142961353, 0.988154352
0.000680555, -0.007280840, 0.093512498, 0.998329580, -0.004413270, -0.057607096, -0.003955670, 0.989517570, -0.144358441, 0.057640325, 0.144345179, 0.987847209
0.000565306, -0.007385429, 0.095511541, 0.998440802, -0.003963741, -0.055679701, -0.004178851, 0.989369094, -0.145366088, 0.055663969, 0.145372108, 0.987809956
0.000519327, -0.007637066, 0.098001927, 0.998342454, -0.006019846, -0.057237361, -0.002362178, 0.989390850, -0.145259038, 0.057504557, 0.145153463, 0.987736642
0.000580238, -0.007954682, 0.099179976, 0.998213053, -0.005213296, -0.059527919, -0.003402543, 0.989611924, -0.143724218, 0.059658814, 0.143669933, 0.987825811
0.000232903, -0.008310657, 0.102082916, 0.998075366, -0.004972189, -0.061812475, -0.003984923, 0.989577591, -0.143945411, 0.061883964, 0.143914685, 0.987653255
0.000359928, -0.008527453, 0.103792690, 0.998197496, -0.006046094, -0.059708904, -0.002414344, 0.990061343, -0.140615493, 0.059965651, 0.140506193, 0.988262177
0.000639345, -0.008022358, 0.105952784, 0.998189628, -0.005872404, -0.059857901, -0.002735347, 0.989759922, -0.142715752, 0.060083039, 0.142621115, 0.987952054
0.000530208, -0.008235252, 0.108368874, 0.998031974, -0.006672704, -0.062350802, -0.002202353, 0.989978850, -0.141198739, 0.062668152, 0.141058177, 0.988015831
-0.000309428, -0.009697694, 0.110975899, 0.998145759, -0.005857210, -0.060586903, -0.002437537, 0.990714848, -0.135934353, 0.060820542, 0.135829985, 0.988863528
-0.000655296, -0.010124807, 0.113263607, 0.998177826, -0.007221384, -0.059907235, -0.000842587, 0.991048038, -0.133502916, 0.060335025, 0.133310124, 0.989236116
-0.000596543, -0.010843344, 0.115643144, 0.998214066, -0.005097911, -0.059520710, -0.002579711, 0.991744161, -0.128206253, 0.059682902, 0.128130823, 0.989959836
-0.001334755, -0.011605393, 0.115425482, 0.998258293, -0.002902682, -0.058923278, -0.004390982, 0.992362678, -0.123276368, 0.058831096, 0.123320386, 0.990621507
-0.001663094, -0.011317450, 0.117772214, 0.998347580, -0.004030474, -0.057322729, -0.002848960, 0.992838919, -0.119426683, 0.057393584, 0.119392648, 0.991186857
-0.001705966, -0.011999913, 0.119894736, 0.998413920, -0.001650836, -0.056275651, -0.004802957, 0.993428469, -0.114353664, 0.056094617, 0.114442579, 0.991844893
-0.001742032, -0.011851795, 0.122356631, 0.998483837, -0.004082148, -0.054894149, -0.002129194, 0.993635952, -0.112619206, 0.055004526, 0.112565339, 0.992120743
-0.002082296, -0.011920216, 0.119163796, 0.998600304, -0.001902841, -0.052856315, -0.003782710, 0.994224012, -0.107258067, 0.052755110, 0.107307881, 0.992825210
-0.002150644, -0.011278993, 0.121370889, 0.998776853, -0.002885379, -0.049361203, -0.002317848, 0.994466305, -0.105030373, 0.049391106, 0.105016313, 0.993243217
-0.000322915, -0.010827101, 0.123784207, 0.998635113, -0.001210524, -0.052215446, -0.004180386, 0.994671464, -0.103010781, 0.052061912, 0.103088468, 0.993308783
-0.001215194, -0.011227342, 0.125560060, 0.998867393, -0.004296842, -0.047386255, -0.000333977, 0.995256305, -0.097286835, 0.047579497, 0.097192474, 0.994127691
-0.001710383, -0.012427996, 0.125974625, 0.998932302, -0.001446949, -0.046175294, -0.002785086, 0.995805264, -0.091455668, 0.046113931, 0.091486625, 0.994737983
-0.001915412, -0.012689262, 0.127688408, 0.999078572, 0.000948967, -0.042908654, -0.004670885, 0.996221423, -0.086723760, 0.042664222, 0.086844265, 0.995307922
-0.001932237, -0.012696926, 0.129387468, 0.999192894, 0.000677807, -0.040163986, -0.004075794, 0.996408224, -0.084581569, 0.039962396, 0.084677003, 0.995606780
-0.001934341, -0.012802864, 0.130974442, 0.999314964, 0.000141591, -0.037007309, -0.003215946, 0.996542037, -0.083027974, 0.036867581, 0.083090119, 0.995859861
-0.001778302, -0.013233166, 0.130918339, 0.999340355, 0.001559033, -0.036282621, -0.004335616, 0.997054458, -0.076574288, 0.036056366, 0.076681085, 0.996403515
-0.003040522, -0.013144611, 0.132549047, 0.999574423, 0.001958365, -0.029106185, -0.004068634, 0.997351289, -0.072621137, 0.028886871, 0.072708651, 0.996934831
-0.002951816, -0.012964028, 0.134269029, 0.999630868, 0.001675741, -0.027117440, -0.003643065, 0.997349918, -0.072662450, 0.026923815, 0.072734416, 0.996987879
-0.002803016, -0.013208693, 0.135308728, 0.999698162, 0.003650966, -0.024295531, -0.005323180, 0.997593880, -0.069123521, 0.023984706, 0.069231987, 0.997312248
-0.002404889, -0.013259948, 0.134876117, 0.999748647, 0.003453922, -0.022152940, -0.004917597, 0.997783542, -0.066361181, 0.021874633, 0.066453442, 0.997549713
-0.002324170, -0.013590821, 0.137748078, 0.999739945, 0.001283230, -0.022767680, -0.002760928, 0.997882009, -0.064991154, 0.022636060, 0.065037116, 0.997626066
-0.002515061, -0.013628765, 0.138736635, 0.999787629, 0.001782321, -0.020529758, -0.003059253, 0.998050511, -0.062336646, 0.020378631, 0.062386215, 0.997844040
-0.002306293, -0.013877396, 0.139479518, 0.999809861, 0.002607916, -0.019323897, -0.003745354, 0.998247325, -0.059061423, 0.019136000, 0.059122566, 0.998067319
-0.002347516, -0.013472181, 0.140608683, 0.999808908, 0.007170858, -0.018185643, -0.008252075, 0.998158634, -0.060093805, 0.017721232, 0.060232393, 0.998027086
-0.002851918, -0.013631170, 0.142760396, 0.999906421, 0.004829287, -0.012800472, -0.005568226, 0.998281538, -0.058335144, 0.012496757, 0.058400959, 0.998214960
-0.002679938, -0.013454306, 0.144110039, 0.999918044, 0.006713154, -0.010903086, -0.007345130, 0.998231113, -0.058996953, 0.010487744, 0.059072200, 0.998198628
-0.002819695, -0.013510681, 0.145062476, 0.999920011, 0.007605758, -0.010107458, -0.008193733, 0.998196781, -0.059464365, 0.009636961, 0.059542425, 0.998179257
-0.002890732, -0.013717311, 0.145585909, 0.999900520, 0.010208682, -0.009733711, -0.010764578, 0.998206973, -0.058880854, 0.009115162, 0.058979776, 0.998217583
-0.002075476, -0.013895259, 0.147515878, 0.999881804, 0.009934624, -0.011732753, -0.010606012, 0.998224020, -0.058620393, 0.011129545, 0.058737904, 0.998211384
-0.003131610, -0.013835525, 0.149313390, 0.999947429, 0.007359109, -0.007137840, -0.007787631, 0.998046219, -0.061992276, 0.006667687, 0.062044606, 0.998051107
-0.002674708, -0.013926900, 0.150089398, 0.999942005, 0.003655816, -0.010132691, -0.004283980, 0.998024344, -0.062682115, 0.009883518, 0.062721886, 0.997982085
-0.002418519, -0.014120635, 0.151205525, 0.999919236, 0.006829167, -0.010718537, -0.007487231, 0.998010218, -0.062606372, 0.010269661, 0.062681571, 0.997980714
-0.002321874, -0.014531454, 0.151521862, 0.999896109, 0.008623819, -0.011550608, -0.009334829, 0.997970700, -0.062987156, 0.010983978, 0.063088439, 0.997947514
-0.002398421, -0.014998780, 0.152932465, 0.999921620, 0.006404682, -0.010757239, -0.007055040, 0.998079062, -0.061550085, 0.010342366, 0.061621152, 0.998046041
-0.002457886, -0.014852468, 0.153565496, 0.999933839, 0.005643863, -0.010024319, -0.006265468, 0.997987449, -0.063101523, 0.009648008, 0.063160159, 0.997956753
-0.002445294, -0.015018824, 0.154831633, 0.999920607, 0.007104499, -0.010405419, -0.007748013, 0.997972786, -0.063169137, 0.009935540, 0.063244745, 0.997948587
-0.002397242, -0.014327709, 0.154938102, 0.999904215, 0.008332502, -0.011050880, -0.009033834, 0.997843623, -0.065011434, 0.010485342, 0.065105043, 0.997823298
-0.002514627, -0.014608708, 0.156302944, 0.999898374, 0.009058595, -0.011009239, -0.009762309, 0.997795343, -0.065644197, 0.010390323, 0.065744996, 0.997782350
-0.002445903, -0.014783964, 0.157621235, 0.999882996, 0.008690177, -0.012587972, -0.009502671, 0.997774839, -0.065993041, 0.011986471, 0.066104941, 0.997740686
-0.002447454, -0.014871363, 0.158823073, 0.999902606, 0.007844443, -0.011541869, -0.008597961, 0.997732401, -0.066754319, 0.010992046, 0.066847056, 0.997702658
-0.002652682, -0.014978356, 0.159629524, 0.999912262, 0.010278963, -0.008357999, -0.010813413, 0.997718692, -0.066636905, 0.007653973, 0.066721432, 0.997742295
-0.002259690, -0.014785846, 0.160807073, 0.999910712, 0.009121625, -0.009763557, -0.009776230, 0.997551858, -0.069243520, 0.009108041, 0.069332786, 0.997552037
-0.002684011, -0.014842892, 0.162370935, 0.999933779, 0.009121011, -0.007017832, -0.009596033, 0.997435093, -0.070930891, 0.006352871, 0.070993535, 0.997456551
-0.002862649, -0.014811778, 0.163850129, 0.999896765, 0.013490791, -0.004945145, -0.013807639, 0.997386932, -0.070913158, 0.003975548, 0.070974119, 0.997470260
-0.002813261, -0.016317761, 0.165400311, 0.999956965, 0.008563492, -0.003565161, -0.008783107, 0.997715592, -0.066981278, 0.002983423, 0.067009710, 0.997747838
-0.003004596, -0.016841421, 0.167282268, 0.999970257, 0.007486026, -0.001841282, -0.007593338, 0.997685850, -0.067566805, 0.001331214, 0.067578778, 0.997713029
-0.002649501, -0.016832121, 0.168775260, 0.999964416, 0.008396233, -0.000829890, -0.008432913, 0.997731507, -0.066788860, 0.000267232, 0.066793479, 0.997766793
-0.002160052, -0.016413389, 0.170152098, 0.999945879, 0.010402438, -0.000142851, -0.010387722, 0.997589111, -0.068615727, -0.000571264, 0.068613499, 0.997643173
-0.001940835, -0.016498875, 0.171671405, 0.999942660, 0.010519285, 0.001996348, -0.010355340, 0.997533560, -0.069422960, -0.002721704, 0.069398306, 0.997585297
-0.002965790, -0.015490047, 0.173246950, 0.999891043, 0.012545921, 0.007779813, -0.011954698, 0.997341990, -0.071875542, -0.008660879, 0.071774706, 0.997383296
-0.003066619, -0.015917471, 0.174292520, 0.999871135, 0.010618141, 0.012038245, -0.009743841, 0.997464538, -0.070494838, -0.012756247, 0.070368454, 0.997439504
-0.003607189, -0.015900886, 0.176153883, 0.999819815, 0.009713612, 0.016307654, -0.008543990, 0.997487843, -0.070320368, -0.016949752, 0.070168361, 0.997391164
