0.000000000, 0.000000000, 0.000000000, 1.000000000, 0.000000000, 0.000000000, 0.000000000, 1.000000000, 0.000000000, 0.000000000, 0.000000000, 1.000000000
0.000000000, 0.000000000, 0.000000000, 1.000000000, 0.000000000, 0.000000000, 0.000000000, 1.000000000, 0.000000000, 0.000000000, 0.000000000, 1.000000000
0.000000000, 0.000000000, 0.000000000, 1.000000000, 0.000000000, 0.000000000, 0.000000000, 1.000000000, 0.000000000, 0.000000000, 0.000000000, 1.000000000
0.000000000, 0.000000000, 0.000000000, 1.000000000, 0.000000000, 0.000000000, 0.000000000, 1.000000000, 0.000000000, 0.000000000, 0.000000000, 1.000000000
0.000000000, 0.000000000, 0.000000000, 1.000000000, 0.000000000, 0.000000000, 0.000000000, 1.000000000, 0.000000000, 0.000000000, 0.000000000, 1.000000000
0.000000000, 0.000000000, 0.000000000, 1.000000000, 0.000000000, 0.000000000, 0.000000000, 1.000000000, 0.000000000, 0.000000000, 0.000000000, 1.000000000
0.000000000, 0.000000000, 0.000000000, 1.000000000, 0.000000000, 0.000000000, 0.000000000, 1.000000000, 0.000000000, 0.000000000, 0.000000000, 1.000000000
0.000000000, 0.000000000, 0.000000000, 1.000000000, 0.000000000, 0.000000000, 0.000000000, 1.000000000, 0.000000000, 0.000000000, 0.000000000, 1.000000000
0.000000000, 0.000000000, 0.000000000, 1.000000000, 0.000000000, 0.000000000, 0.000000000, 1.000000000, 0.000000000, 0.000000000, 0.000000000, 1.000000000
0.000000000, 0.000000000, 0.000000000, 1.000000000, 0.000000000, 0.000000000, 0.000000000, 1.000000000, 0.000000000, 0.000000000, 0.000000000, 1.000000000
0.010962597, 0.006445398, 0.032486174, 0.999919951, -0.005553159, -0.011370522, 0.005400909, 0.999895930, -0.013377180, 0.011443624, 0.013314699, 0.999845862
0.011089073, 0.006520688, 0.032717824, 0.999938309, -0.002152411, -0.010899704, 0.001973004, 0.999862850, -0.016443839, 0.010933603, 0.016421320, 0.999805391
0.012357678, 0.007595856, 0.039914690, 0.999916136, -0.000813797, -0.012926385, 0.000548542, 0.999789476, -0.020510744, 0.012940356, 0.020501934, 0.999706089
0.012505097, 0.007612435, 0.042078152, 0.999909699, -0.000538012, -0.013429861, 0.000207512, 0.999697387, -0.024598598, 0.013439030, 0.024593590, 0.999607205
0.013015346, 0.007911864, 0.047219601, 0.999885619, 0.002228469, -0.014958414, -0.002665816, 0.999567628, -0.029281601, 0.014886694, 0.029318128, 0.999459267
0.014411496, 0.008613955, 0.050943315, 0.999848664, -0.002145869, -0.017262964, 0.001564204, 0.999432862, -0.033637635, 0.017325355, 0.033605542, 0.999284983
0.016255559, 0.010184066, 0.056481104, 0.999780595, 0.001316825, -0.020905932, -0.002170121, 0.999163091, -0.040845919, 0.020834649, 0.040882327, 0.998946726
0.017204434, 0.010366283, 0.060565453, 0.999735653, -0.000169849, -0.022989888, -0.000858090, 0.999000311, -0.044695418, 0.022974497, 0.044703331, 0.998736084
0.018070294, 0.010915836, 0.065782622, 0.999657512, -0.000152604, -0.026169976, -0.001190279, 0.998683035, -0.051290609, 0.026143340, 0.051304191, 0.998340845
0.018033827, 0.010521221, 0.069215156, 0.999623477, -0.001160217, -0.027413648, -0.000379093, 0.998426259, -0.056079406, 0.027435571, 0.056068685, 0.998049915
0.018990653, 0.011205580, 0.072726294, 0.999493599, -0.001322313, -0.031792816, -0.000691017, 0.997998595, -0.063232318, 0.031812798, 0.063222267, 0.997492313
0.018282352, 0.010245005, 0.076789275, 0.999457538, -0.001449111, -0.032901820, -0.000769103, 0.997732043, -0.067306645, 0.032924734, 0.067295440, 0.997189701
0.016984519, 0.009312062, 0.078981370, 0.999437332, -0.002080318, -0.033476848, -0.000329622, 0.997417390, -0.071822256, 0.033539806, 0.071792878, 0.996855497
0.017366804, 0.008617949, 0.083610877, 0.999380112, -0.002602154, -0.035108618, -0.000119254, 0.997008622, -0.077290155, 0.035204716, 0.077246428, 0.996390283
0.016250575, 0.007471879, 0.085123196, 0.999281228, -0.002387432, -0.037833448, -0.000733545, 0.996610224, -0.082264699, 0.037901606, 0.082233325, 0.995892167
0.016232302, 0.007184322, 0.088995904, 0.999192595, -0.002958453, -0.040068164, -0.000613394, 0.996045709, -0.088839941, 0.040172551, 0.088792786, 0.995239675
0.013504131, 0.005591998, 0.089441352, 0.999213398, -0.004285509, -0.039423551, 0.000608981, 0.995684564, -0.092800200, 0.039651118, 0.092703193, 0.994903982
0.013922667, 0.005354855, 0.093617275, 0.999041021, -0.004812023, -0.043518741, 0.000458994, 0.995038629, -0.099488042, 0.043781571, 0.099372663, 0.994086623
0.012739616, 0.004083112, 0.093373090, 0.999033153, -0.003038348, -0.043858025, -0.001477082, 0.994725943, -0.102557689, 0.043938324, 0.102523312, 0.993759751
0.012314223, 0.003441962, 0.097080231, 0.998920858, -0.002703048, -0.046365958, -0.002314736, 0.994166911, -0.107827373, 0.046386965, 0.107818343, 0.993087828
0.011829615, 0.002444155, 0.096685223, 0.998756707, -0.004081143, -0.049682960, -0.001524334, 0.993676841, -0.112267405, 0.049826987, 0.112203561, 0.992435217
0.012647207, 0.002976532, 0.100786835, 0.998584569, -0.005980761, -0.052850012, -0.000334802, 0.992931187, -0.118690848, 0.053186290, 0.118540540, 0.991523743
0.010879891, 0.002152222, 0.101075239, 0.998470128, -0.003974463, -0.055151202, -0.002946612, 0.992171645, -0.124846846, 0.055215657, 0.124818347, 0.990642011
0.010951629, 0.001391091, 0.104335845, 0.998270333, -0.006152731, -0.058468286, -0.001508651, 0.991500258, -0.130095750, 0.058771767, 0.129958943, 0.989776015
0.009071669, -0.000510425, 0.105669394, 0.998377621, -0.006462712, -0.056571990, -0.000904937, 0.991611540, -0.129250675, 0.056932747, 0.129092172, 0.989996910
0.009334342, -0.001263165, 0.109335773, 0.998191655, -0.006038921, -0.059807375, -0.001964693, 0.991131723, -0.132868335, 0.060079370, 0.132745564, 0.989327610
0.007301496, -0.002003730, 0.104371719, 0.998315513, -0.006613848, -0.057639882, -0.001292795, 0.990698636, -0.136068061, 0.058003686, 0.135913387, 0.989021301
0.007376779, -0.002614657, 0.107336268, 0.998208523, -0.006866690, -0.059435129, -0.001472710, 0.990271270, -0.139142603, 0.059812348, 0.138980865, 0.988487124
0.007098388, -0.003688732, 0.109918088, 0.998017192, -0.007153003, -0.062534600, -0.001749016, 0.989986300, -0.141152635, 0.062918067, 0.140982121, 0.988010824
0.006691210, -0.004440999, 0.113171034, 0.998010755, -0.004450341, -0.062886827, -0.004548260, 0.989823461, -0.142227948, 0.062879823, 0.142231047, 0.987834215
0.005446114, -0.004652652, 0.111570641, 0.997933805, -0.005701300, -0.063996822, -0.003611496, 0.989502907, -0.144467890, 0.064148694, 0.144400522, 0.987437785
0.005595807, -0.004861032, 0.114665978, 0.997803152, -0.006237234, -0.065954700, -0.003511818, 0.989178658, -0.146674052, 0.066155821, 0.146583438, 0.986983657
0.005420262, -0.005009393, 0.111671202, 0.997631550, -0.005098292, -0.068595067, -0.005139925, 0.988935649, -0.148256049, 0.068591960, 0.148257479, 0.986567199
0.005266914, -0.005371988, 0.114205830, 0.997481704, -0.006777910, -0.070600063, -0.003755615, 0.988979042, -0.148007929, 0.070825167, 0.147900343, 0.986463010
0.004852562, -0.005027271, 0.108844854, 0.997710049, -0.005388527, -0.067421198, -0.004659298, 0.988977671, -0.147991464, 0.067475513, 0.147966713, 0.986687839
0.004669068, -0.005156990, 0.105963297, 0.997782946, -0.006695797, -0.066214241, -0.002973187, 0.989447832, -0.144859135, 0.066485487, 0.144734845, 0.987234294
0.004576380, -0.004761043, 0.103124008, 0.997914791, -0.006953308, -0.064169265, -0.002351629, 0.989603519, -0.143803164, 0.064502038, 0.143654212, 0.987523675
