1740546604.883901 0.0000000 0.0000000 0.0000000 -0.0000000 -0.0000000 -0.0000000 1.0000000
1740546606.788970 0.0053739 0.0042399 0.1030173 0.0005505 -0.0005581 -0.0000274 0.9999997
1740546607.173562 0.0082371 0.0044074 0.2081573 0.0005847 -0.0014579 -0.0001305 0.9999987
1740546607.554106 0.0101064 0.0094692 0.3124424 0.0014799 -0.0027880 -0.0000427 0.9999951
1740546607.942464 0.0144619 0.0138855 0.4188720 0.0025315 -0.0044848 0.0000425 0.9999868
1740546608.267603 0.0188409 0.0090758 0.5243279 0.0037524 -0.0063283 0.0000427 0.9999729
1740546608.591720 0.0349666 0.0069922 0.6287494 0.0052473 -0.0091651 0.0001194 0.9999443
1740546608.944545 0.0168781 0.0021973 0.7329140 0.0067986 -0.0110488 -0.0000076 0.9999159
1740546609.355833 0.0253427 0.0075333 0.8395954 0.0087439 -0.0142964 0.0002736 0.9998596
1740546609.717666 0.0262375 0.0102085 0.9449417 0.0105542 -0.0173584 -0.0000953 0.9997936
1740546610.139422 0.0151730 0.0172570 1.0491874 0.0130055 -0.0202047 0.0001756 0.9997113
1740546610.552296 -0.0051619 0.0103536 1.1521410 0.0152091 -0.0233726 0.0001930 0.9996111
1740546610.989490 -0.0235603 -0.0042974 1.2539651 0.0177285 -0.0267469 0.0002986 0.9994850
1740546611.469953 -0.0402036 -0.0137744 1.3562239 0.0207702 -0.0300438 0.0002632 0.9993327
1740546611.959678 -0.0509325 -0.0288875 1.4619217 0.0235521 -0.0340118 0.0003648 0.9991438
1740546612.504921 -0.0581479 -0.0473931 1.5641571 0.0258370 -0.0377975 0.0003319 0.9989513
1740546612.933055 -0.0664900 -0.0597877 1.6673161 0.0286143 -0.0415175 0.0003522 0.9987279
1740546613.409307 -0.0685050 -0.0711808 1.7727517 0.0317636 -0.0451906 0.0002564 0.9984733
1740546613.812416 -0.0889858 -0.0837642 1.8769145 0.0344981 -0.0487431 0.0004527 0.9982153
1740546614.059851 -0.1189906 -0.0952186 2.0819037 0.0409195 -0.0560927 0.0004186 0.9975866
1740546614.311036 -0.1511996 -0.1179660 2.2894199 0.0461164 -0.0636018 0.0002221 0.9969093
1740546614.557218 -0.1850129 -0.1439115 2.4932666 0.0517245 -0.0703705 0.0003078 0.9961789
1740546614.838446 -0.2187669 -0.1825095 2.6961176 0.0571157 -0.0766011 0.0002809 0.9954246
1740546615.077381 -0.2390337 -0.2136382 2.8997021 0.0621097 -0.0831260 0.0003785 0.9946016
1740546615.444691 -0.3054391 -0.2578402 3.2010570 0.0687580 -0.0916138 0.0003678 0.9934179
1740546615.703244 -0.3408844 -0.2868345 3.4021652 0.0726448 -0.0969795 0.0001853 0.9926317
1740546615.968213 -0.3930871 -0.3407132 3.5940564 0.0766842 -0.1019155 0.0005152 0.9918329
1740546616.334822 -0.5100654 -0.4242078 3.8716974 0.0806000 -0.1069119 0.0001969 0.9909962
1740546616.584459 -0.5638803 -0.4547583 4.0701189 0.0825563 -0.1098730 0.0005182 0.9905111
1740546616.708066 -0.5749673 -0.4638547 4.1726871 0.0833629 -0.1114006 0.0005541 0.9902728
1740546616.936315 -0.6856335 -0.5266033 4.3436937 0.0834993 -0.1090899 -0.0002890 0.9905187
1740546617.051250 -0.7048734 -0.5291969 4.4435539 0.0843591 -0.1091740 0.0006274 0.9904364
1740546617.171604 -0.7159252 -0.5467690 4.5486159 0.0844401 -0.1097532 0.0004805 0.9903656
1740546617.283879 -0.7430956 -0.5712358 4.6471663 0.0843981 -0.1092429 0.0002635 0.9904256
1740546617.398290 -0.8020604 -0.6037638 4.7284465 0.0836440 -0.1065869 -0.0007623 0.9907786
1740546617.517167 -0.8050898 -0.6144806 4.8352871 0.0839502 -0.1070148 0.0000155 0.9907069
1740546617.643269 -0.8183998 -0.6294160 4.9436049 0.0841136 -0.1069001 0.0003638 0.9907054
1740546617.757570 -0.8384086 -0.6261725 5.0344067 0.0851504 -0.1061772 0.0006276 0.9906944
1740546617.869758 -0.8564023 -0.6444436 5.1250973 0.0850608 -0.1051261 0.0003179 0.9908143
1740546617.991179 -0.8603653 -0.6608717 5.2245922 0.0852335 -0.1052259 0.0009093 0.9907885
1740546618.102474 -0.8927397 -0.6814228 5.3035636 0.0849181 -0.1033345 0.0004749 0.9910150
1740546618.220778 -0.9550946 -0.7189636 5.3836193 0.0827898 -0.1002329 -0.0002649 0.9915136
1740546618.322685 -0.9843680 -0.7207634 5.4833403 0.0832731 -0.0985452 -0.0003850 0.9916422
1740546618.434001 -0.9932864 -0.7236819 5.5910878 0.0845496 -0.0985172 0.0006375 0.9915369
1740546618.540705 -1.0037348 -0.7254434 5.6905460 0.0859251 -0.0981648 0.0009391 0.9914533
1740546618.647904 -1.0004659 -0.7570831 5.7917681 0.0856819 -0.0979934 0.0007479 0.9914915
1740546618.757271 -1.0223850 -0.7844040 5.8943810 0.0849553 -0.0976363 0.0011576 0.9915888
1740546618.863363 -1.0516733 -0.7978566 5.9973803 0.0863706 -0.0967342 0.0010806 0.9915551
1740546618.976150 -1.0712678 -0.8220601 6.0982089 0.0862827 -0.0962497 0.0010826 0.9916099
1740546619.083175 -1.0645459 -0.8522002 6.1862907 0.0857548 -0.0967673 0.0006983 0.9916056
1740546619.196720 -1.0749283 -0.8578067 6.2865014 0.0862652 -0.0970755 0.0011319 0.9915308
1740546619.308388 -1.0632429 -0.8830343 6.3640313 0.0860421 -0.0982264 0.0003014 0.9914375
1740546619.420618 -1.0616654 -0.9014899 6.4663415 0.0860423 -0.0987487 -0.0000050 0.9913856
1740546619.527700 -1.0718457 -0.9198139 6.5450234 0.0848219 -0.0982827 -0.0007597 0.9915368
1740546619.643437 -1.0536883 -0.9455926 6.6253638 0.0849153 -0.1004133 -0.0010399 0.9913151
1740546619.751033 -1.0854908 -0.9631560 6.7185030 0.0850701 -0.0997835 -0.0006445 0.9913657
1740546619.860739 -1.1219751 -0.9761789 6.7999806 0.0853631 -0.0989334 -0.0010270 0.9914254
1740546619.971732 -1.1355996 -1.0012507 6.8951869 0.0840581 -0.0979688 -0.0013240 0.9916323
1740546620.076688 -1.1496999 -1.0313239 6.9894514 0.0848535 -0.0975232 -0.0017173 0.9916079
1740546620.187975 -1.1543090 -1.0536418 7.0889444 0.0851694 -0.0965095 -0.0020933 0.9916793
1740546620.292698 -1.1785707 -1.0683883 7.1786222 0.0849541 -0.0952813 -0.0013407 0.9918178
1740546620.425874 -1.1995162 -1.0992870 7.2776980 0.0840837 -0.0940817 -0.0017386 0.9920058
1740546620.532569 -1.2173893 -1.1309679 7.3665657 0.0828348 -0.0930858 -0.0014272 0.9922053
1740546620.647225 -1.2183524 -1.1620450 7.4322438 0.0814402 -0.0928349 -0.0011981 0.9923446
1740546620.759367 -1.2090006 -1.1930387 7.5193191 0.0796024 -0.0933153 -0.0013270 0.9924484
1740546620.862923 -1.2134961 -1.2053194 7.5991111 0.0777805 -0.0919770 -0.0019520 0.9927168
1740546620.971270 -1.2158785 -1.2367418 7.6352897 0.0740482 -0.0922374 -0.0022952 0.9929773
1740546621.078192 -1.2243036 -1.2563478 7.6752272 0.0718965 -0.0923346 -0.0015015 0.9931279
1740546621.181936 -1.2356092 -1.2865047 7.7096739 0.0682822 -0.0919510 -0.0023195 0.9934170
1740546621.282017 -1.2346393 -1.3114552 7.7449322 0.0637910 -0.0932973 -0.0038908 0.9935851
1740546621.388610 -1.2303396 -1.3558359 7.7840652 0.0556835 -0.0952314 -0.0052329 0.9938828
1740546621.488899 -1.2148718 -1.3856641 7.8377156 0.0507894 -0.0987893 -0.0053159 0.9937972
1740546621.593247 -1.2077533 -1.4140654 7.8680959 0.0440152 -0.1024276 -0.0055505 0.9937507
1740546621.706828 -1.1954511 -1.4400470 7.8904600 0.0377553 -0.1064398 -0.0073228 0.9935751
1740546621.806002 -1.1779501 -1.4299307 7.9074306 0.0384903 -0.1123836 -0.0050774 0.9929062
1740546621.907638 -1.1522601 -1.4563600 7.9107399 0.0295691 -0.1188871 -0.0074055 0.9924397
1740546622.009420 -1.1359808 -1.4692084 7.9376745 0.0254288 -0.1252526 -0.0074908 0.9917707
1740546622.109404 -1.1381638 -1.4876328 7.9987845 0.0240908 -0.1305631 -0.0064491 0.9911263
1740546622.214390 -1.1178300 -1.4929395 8.0467186 0.0226616 -0.1376978 -0.0067940 0.9901917
1740546622.312764 -1.0903442 -1.5085878 8.0828514 0.0176378 -0.1448320 -0.0075028 0.9892706
1740546622.516254 -1.0198457 -1.5142459 8.0904837 0.0143913 -0.1633468 -0.0090407 0.9864223
1740546622.614820 -0.9911736 -1.4773650 8.1329947 0.0194509 -0.1719897 -0.0091168 0.9848645
1740546622.717636 -0.9556301 -1.4681246 8.1651525 0.0218645 -0.1812737 -0.0082171 0.9831553
1740546622.817666 -0.9218127 -1.4609346 8.1995983 0.0229761 -0.1902305 -0.0091344 0.9814280
1740546623.127322 -0.8288857 -1.4714320 8.2874203 0.0224988 -0.2175285 -0.0123145 0.9757169
1740546623.236247 -0.8086648 -1.4778695 8.3206873 0.0214812 -0.2250676 -0.0126093 0.9740247
1740546623.335909 -0.8025813 -1.4810824 8.3531084 0.0202207 -0.2325816 -0.0150072 0.9722509
1740546623.441167 -0.7806097 -1.4943461 8.3742027 0.0171037 -0.2415187 -0.0160904 0.9701120
1740546623.545948 -0.7590219 -1.4974017 8.4028864 0.0162569 -0.2502092 -0.0160130 0.9679229
1740546623.650956 -0.7492729 -1.5110495 8.4395685 0.0129555 -0.2577517 -0.0181321 0.9659542
1740546623.760334 -0.7322913 -1.5188518 8.4629345 0.0103533 -0.2645857 -0.0186595 0.9641261
1740546623.858175 -0.7210939 -1.5166075 8.4933090 0.0120413 -0.2715300 -0.0175054 0.9621954
1740546623.961860 -0.7144439 -1.5717562 8.5037317 0.0009246 -0.2759222 -0.0224763 0.9609167
1740546624.060065 -0.7168620 -1.5758946 8.5340767 -0.0026438 -0.2774773 -0.0251969 0.9603981
1740546624.162065 -0.7045785 -1.5844412 8.5597887 -0.0080084 -0.2812859 -0.0286955 0.9591615
1740546624.261856 -0.7143145 -1.5895736 8.5932713 -0.0100968 -0.2785237 -0.0300300 0.9599067
1740546624.359774 -0.7249419 -1.5901544 8.6288300 -0.0128595 -0.2755689 -0.0310358 0.9606941
1740546624.464707 -0.7289432 -1.5888364 8.6564159 -0.0171050 -0.2717499 -0.0323748 0.9616712
1740546624.564475 -0.7301720 -1.5842757 8.6829987 -0.0187176 -0.2663639 -0.0331611 0.9631201
1740546624.672148 -0.7324287 -1.5812553 8.7140112 -0.0209924 -0.2609100 -0.0345622 0.9645158
1740546624.773469 -0.7470598 -1.5793476 8.7256918 -0.0217089 -0.2530067 -0.0355980 0.9665656
1740546624.871130 -0.7637569 -1.5800517 8.7369537 -0.0222536 -0.2444681 -0.0361833 0.9687265
1740546624.978840 -0.7771673 -1.5872159 8.7410097 -0.0232990 -0.2350857 -0.0372401 0.9709815
1740546625.077614 -0.7906380 -1.5937395 8.7604103 -0.0259780 -0.2264738 -0.0381924 0.9729214
1740546625.182755 -0.8165651 -1.5917051 8.7644920 -0.0253144 -0.2150967 -0.0388479 0.9754914
1740546625.282155 -0.8348268 -1.5792162 8.7806349 -0.0257607 -0.2039503 -0.0384752 0.9778857
1740546625.387899 -0.8458766 -1.5842919 8.8033352 -0.0273856 -0.1922673 -0.0399019 0.9801486
1740546625.493519 -0.8550760 -1.5823461 8.8266630 -0.0303863 -0.1806636 -0.0409133 0.9822237
1740546625.592700 -0.8694890 -1.5764109 8.8561974 -0.0332594 -0.1685910 -0.0409631 0.9842728
1740546625.694561 -0.9162745 -1.5701276 8.8720446 -0.0339656 -0.1546776 -0.0416684 0.9865013
1740546625.796829 -0.9562489 -1.5689731 8.8896475 -0.0357634 -0.1401946 -0.0421426 0.9885800
1740546625.901209 -0.9927369 -1.5708846 8.9007006 -0.0355109 -0.1255818 -0.0439084 0.9904748
1740546626.004168 -1.0383036 -1.5770233 8.9112511 -0.0389385 -0.1104514 -0.0441131 0.9921383
1740546626.106022 -1.0519332 -1.6275225 8.9088993 -0.0490539 -0.1032092 -0.0457132 0.9923971
1740546626.212932 -1.0618987 -1.6564308 8.9000759 -0.0587246 -0.0985926 -0.0467487 0.9922931
1740546626.312371 -1.0545263 -1.6885144 8.9362545 -0.0656009 -0.0921933 -0.0458874 0.9925177
1740546626.416791 -1.0122908 -1.6779256 8.9694500 -0.0670297 -0.0875206 -0.0469430 0.9927958
1740546626.519217 -0.9781908 -1.6615614 9.0011721 -0.0667122 -0.0825475 -0.0469826 0.9932412
1740546626.622429 -0.9499773 -1.6715899 9.0221300 -0.0733234 -0.0771987 -0.0466776 0.9932197
1740546626.728880 -0.9234279 -1.6639082 9.0488710 -0.0760846 -0.0729543 -0.0474132 0.9932979
1740546626.828767 -0.8863360 -1.6346551 9.0786667 -0.0744959 -0.0689405 -0.0496538 0.9935955
1740546626.933139 -0.8622648 -1.6315820 9.1141281 -0.0753531 -0.0643962 -0.0489132 0.9938725
1740546627.036039 -0.8477177 -1.6092501 9.1841917 -0.0755994 -0.0578804 -0.0497137 0.9942148
1740546627.150996 -0.7995448 -1.5740336 9.2629023 -0.0749984 -0.0522699 -0.0511824 0.9944966
1740546627.248028 -0.7646563 -1.5474478 9.3440266 -0.0768721 -0.0473987 -0.0516203 0.9945750
1740546627.347796 -0.7469280 -1.5122501 9.4229965 -0.0766914 -0.0418114 -0.0517639 0.9948320
1740546627.463184 -0.7549376 -1.4966066 9.5018921 -0.0786358 -0.0365044 -0.0523585 0.9948580
1740546627.561839 -0.7377846 -1.4607544 9.5792665 -0.0781013 -0.0307851 -0.0520548 0.9951094
1740546627.664455 -0.7162308 -1.4427192 9.6428785 -0.0796678 -0.0266403 -0.0527235 0.9950696
1740546627.766897 -0.6914963 -1.4112365 9.7263956 -0.0801248 -0.0231273 -0.0525330 0.9951308
1740546627.866317 -0.6881689 -1.3863935 9.8087387 -0.0808112 -0.0187991 -0.0534826 0.9951160
1740546627.978256 -0.6568031 -1.3579258 9.8869247 -0.0808939 -0.0156835 -0.0543320 0.9951172
1740546628.077468 -0.6344805 -1.3391740 9.9599886 -0.0837504 -0.0121673 -0.0537202 0.9949633
1740546628.182848 -0.6098235 -1.3174800 10.0324965 -0.0840799 -0.0098089 -0.0550416 0.9948894
1740546628.282867 -0.5801459 -1.2935754 10.0968323 -0.0854195 -0.0079169 -0.0547169 0.9948100
1740546628.382535 -0.5501800 -1.2817614 10.1649256 -0.0874748 -0.0054421 -0.0547197 0.9946478
1740546628.492956 -0.5259556 -1.2614301 10.2334242 -0.0899260 -0.0018566 -0.0548907 0.9944329
1740546628.594176 -0.4924234 -1.2378465 10.2969847 -0.0898093 -0.0003250 -0.0543181 0.9944766
1740546628.698210 -0.5259670 -1.2311435 10.3754435 -0.0922802 0.0033749 -0.0548534 0.9942153
1740546628.799360 -0.5169427 -1.2160217 10.4535828 -0.0937888 0.0056941 -0.0542814 0.9940950
1740546628.904348 -0.4934534 -1.1842006 10.5264912 -0.0950406 0.0076164 -0.0544716 0.9939528
1740546629.007342 -0.4677616 -1.1717571 10.5958357 -0.0974557 0.0091737 -0.0529890 0.9937859
1740546629.104825 -0.4433899 -1.1543806 10.6601381 -0.0985273 0.0118847 -0.0539436 0.9936001
1740546629.217894 -0.4185157 -1.1309358 10.7279549 -0.0981216 0.0146616 -0.0539713 0.9936017
1740546629.316396 -0.3809574 -1.1105726 10.7975874 -0.0985940 0.0169458 -0.0542775 0.9935019
1740546629.424759 -0.3527545 -1.0893794 10.8642292 -0.0986829 0.0202952 -0.0546582 0.9934095
1740546629.522785 -0.3405458 -1.0538166 10.9169922 -0.0959674 0.0253253 -0.0545024 0.9935685
1740546629.622130 -0.3463122 -1.0418106 10.9920969 -0.0935940 0.0303669 -0.0561568 0.9935615
1740546629.742885 -0.3242182 -1.0046656 11.0754251 -0.0899665 0.0345307 -0.0562715 0.9937541
1740546629.848549 -0.3286740 -0.9708704 11.1449757 -0.0867275 0.0398392 -0.0578874 0.9937506
1740546629.954861 -0.3321265 -0.9430877 11.2138853 -0.0827696 0.0451754 -0.0585724 0.9938198
1740546630.053013 -0.3436312 -0.9129490 11.2967014 -0.0804175 0.0492939 -0.0592540 0.9937767
1740546630.161839 -0.3314456 -0.9046904 11.3845701 -0.0796608 0.0522855 -0.0596287 0.9936624
1740546630.262578 -0.2976758 -0.8689416 11.4614849 -0.0764798 0.0552686 -0.0595658 0.9937546
1740546630.360035 -0.2805408 -0.8469772 11.5405836 -0.0734397 0.0588047 -0.0603546 0.9937333
1740546630.488805 -0.2583446 -0.8072131 11.6100512 -0.0690978 0.0632188 -0.0603830 0.9937720
1740546630.600392 -0.2203091 -0.7955319 11.6944618 -0.0667453 0.0654831 -0.0606675 0.9937689
1740546630.708074 -0.1831659 -0.7738125 11.7698936 -0.0628983 0.0681062 -0.0614894 0.9937930
1740546630.802936 -0.1755684 -0.7648892 11.8509169 -0.0606214 0.0716328 -0.0614772 0.9936873
1740546630.903273 -0.1625861 -0.7399227 11.9295158 -0.0567565 0.0751675 -0.0617376 0.9936383
1740546631.003895 -0.1528459 -0.7217857 12.0179510 -0.0541295 0.0777673 -0.0624736 0.9935388
1740546631.101247 -0.1034297 -0.7110462 12.1106939 -0.0517080 0.0788902 -0.0627041 0.9935647
1740546631.204982 -0.0517706 -0.7021275 12.1827307 -0.0492590 0.0801301 -0.0632546 0.9935550
1740546631.302716 -0.0559796 -0.6951777 12.2690010 -0.0476446 0.0846889 -0.0636746 0.9932287
1740546631.404280 -0.0247442 -0.6938934 12.3692532 -0.0456334 0.0872841 -0.0640312 0.9930756
1740546631.502984 0.0029957 -0.6852381 12.4614162 -0.0442351 0.0915501 -0.0643113 0.9927366
1740546631.599031 0.0196746 -0.6682366 12.5690632 -0.0428215 0.0955413 -0.0645475 0.9924071
1740546631.699637 0.0204356 -0.6459895 12.6784105 -0.0402361 0.0997482 -0.0642366 0.9921215
1740546631.796618 0.0373756 -0.6427637 12.7680559 -0.0388231 0.1036075 -0.0651609 0.9917219
1740546631.895588 0.0608474 -0.6340474 12.8759937 -0.0381632 0.1070107 -0.0656525 0.9913536
1740546631.999527 0.0827214 -0.6411829 12.9718218 -0.0364757 0.1104678 -0.0658787 0.9910229
1740546632.095957 0.1077522 -0.6404920 13.0822468 -0.0349721 0.1142163 -0.0661944 0.9906310
1740546632.197168 0.1444912 -0.6563985 13.1840763 -0.0346990 0.1175468 -0.0661665 0.9902529
1740546632.296576 0.1883425 -0.6506793 13.2877674 -0.0337486 0.1204953 -0.0662538 0.9899254
1740546632.389587 0.2379093 -0.6445792 13.3926373 -0.0326186 0.1235395 -0.0672837 0.9895185
1740546632.588156 0.2842292 -0.6361359 13.5924549 -0.0318134 0.1313343 -0.0665501 0.9885901
1740546632.787873 0.3299828 -0.6252709 13.7928257 -0.0329709 0.1390869 -0.0666787 0.9874825
1740546632.984458 0.3822802 -0.6173390 14.0111904 -0.0328752 0.1463396 -0.0669586 0.9864180
1740546633.280538 0.4844720 -0.6176660 14.3132820 -0.0351035 0.1599656 -0.0666283 0.9842457
1740546633.477838 0.5654975 -0.6159469 14.5110731 -0.0387925 0.1693076 -0.0666871 0.9825391
1740546633.867710 0.7619946 -0.5897515 14.8920965 -0.0483417 0.1886890 -0.0648118 0.9787027
1740546634.082053 0.8590554 -0.5767938 15.0850658 -0.0552307 0.1997063 -0.0636855 0.9762229
1740546634.376105 1.0096140 -0.5490479 15.3672314 -0.0676302 0.2165705 -0.0618831 0.9719536
1740546634.568048 1.1134391 -0.5014121 15.5480623 -0.0760725 0.2268802 -0.0604595 0.9690629
1740546634.769527 1.2301216 -0.4533055 15.7312393 -0.0855703 0.2381035 -0.0585533 0.9656894
1740546635.057187 1.4074638 -0.3809808 15.9959850 -0.0975868 0.2540756 -0.0561365 0.9606098
1740546635.249828 1.5347955 -0.3274602 16.1646709 -0.1050522 0.2637413 -0.0552062 0.9572653
1740546635.630786 1.7766473 -0.2215957 16.5162659 -0.1140527 0.2817709 -0.0543799 0.9511257
1740546635.921406 1.9620543 -0.1430634 16.7671528 -0.1180991 0.2947535 -0.0550084 0.9466504
1740546636.215174 2.1463697 -0.0775388 17.0329399 -0.1181911 0.3078230 -0.0564049 0.9423876
1740546636.592590 2.4404244 -0.0203789 17.3492889 -0.1173022 0.3245402 -0.0583941 0.9367519
1740546636.785260 2.5946102 -0.0020499 17.4976997 -0.1162912 0.3326688 -0.0594079 0.9339586
1740546636.975765 2.7558522 0.0323564 17.6427155 -0.1148025 0.3404449 -0.0607154 0.9312525
1740546637.273620 2.9880335 0.0834465 17.8623848 -0.1132462 0.3510718 -0.0625677 0.9273668
1740546637.469254 3.1390138 0.1113234 18.0225258 -0.1136826 0.3573141 -0.0632232 0.9248815
1740546637.657557 3.2679214 0.1628280 18.1873665 -0.1133957 0.3637733 -0.0633253 0.9223884
1740546637.948743 3.5014093 0.2228979 18.4072609 -0.1154577 0.3715624 -0.0633764 0.9190181
1740546638.139502 3.6649325 0.2514904 18.5480881 -0.1164710 0.3768054 -0.0633819 0.9167524
1740546638.336276 3.8262913 0.2845091 18.6878204 -0.1184278 0.3815729 -0.0629947 0.9145538
1740546638.537920 3.9850812 0.3108178 18.8374977 -0.1203191 0.3859739 -0.0623906 0.9124992
1740546638.828358 4.2349896 0.3634297 19.0228195 -0.1231751 0.3911548 -0.0619404 0.9099392
1740546639.019032 4.3807526 0.4243404 19.1712494 -0.1248479 0.3948793 -0.0613986 0.9081374
1740546639.312401 4.6115179 0.4963829 19.3775005 -0.1264530 0.3995996 -0.0612915 0.9058549
1740546639.602169 4.8658280 0.5617505 19.5622787 -0.1272947 0.4040073 -0.0612249 0.9037841
1740546639.798822 5.0234313 0.5873583 19.6987705 -0.1289451 0.4065062 -0.0605854 0.9024717
1740546639.999621 5.1877327 0.6320646 19.8269787 -0.1299757 0.4079878 -0.0607019 0.9016472
1740546640.299767 5.4412885 0.6556648 20.0064869 -0.1311920 0.4101004 -0.0606278 0.9005168
1740546640.500912 5.6001906 0.7007201 20.1425629 -0.1304588 0.4085570 -0.0587169 0.9014511
1740546640.799363 5.8149428 0.8016805 20.3492184 -0.1294459 0.4077511 -0.0592602 0.9019263
1740546641.088978 6.0426631 0.8555523 20.5511074 -0.1295214 0.4054878 -0.0594756 0.9029211
1740546641.384669 6.2801628 0.8922926 20.7453442 -0.1271690 0.4025023 -0.0598623 0.9045643
1740546641.677699 6.4985924 0.9616181 20.9559689 -0.1233983 0.3999692 -0.0611756 0.9061208
1740546641.981903 6.7201228 1.0222851 21.1623859 -0.1187130 0.3974814 -0.0627614 0.9077317
1740546642.180653 6.8603001 1.0573711 21.3110847 -0.1139953 0.3968872 -0.0639350 0.9085141
1740546642.484943 7.0687304 1.1038034 21.5177822 -0.1080678 0.3958106 -0.0670196 0.9094854
1740546642.680107 7.2133188 1.1240834 21.6548443 -0.1021091 0.3963636 -0.0692795 0.9097637
1740546642.888140 7.3701839 1.1497109 21.7842999 -0.0970353 0.3980364 -0.0724825 0.9093391
1740546642.992336 7.4511633 1.1333987 21.8495045 -0.0957376 0.3984919 -0.0746729 0.9090998
1740546643.091833 7.5265341 1.1374419 21.8950634 -0.0925673 0.3984299 -0.0751082 0.9094194
1740546643.200533 7.5910063 1.1479846 21.9707947 -0.0890405 0.4002308 -0.0765704 0.9088587
1740546643.296225 7.6810985 1.1731174 22.0188427 -0.0850666 0.4000767 -0.0778437 0.9091989
1740546643.392256 7.7536163 1.1541295 22.0751114 -0.0830473 0.4006428 -0.0790522 0.9090321
1740546643.499738 7.8220315 1.1275883 22.1396694 -0.0809940 0.4018941 -0.0794604 0.9086293
1740546643.595407 7.8995695 1.1548141 22.2190933 -0.0761110 0.4031757 -0.0805510 0.9083876
1740546643.701154 7.9636936 1.1360357 22.2853928 -0.0742146 0.4044269 -0.0812290 0.9079278
1740546643.798254 8.0426731 1.1258270 22.3436813 -0.0719407 0.4051637 -0.0826525 0.9076538
1740546643.895276 8.1257639 1.1206343 22.4083214 -0.0687800 0.4060704 -0.0836768 0.9073998
1740546643.997739 8.1786604 1.0987725 22.4793434 -0.0662479 0.4087419 -0.0860144 0.9061693
1740546644.100049 8.2299547 1.0782502 22.5212402 -0.0633699 0.4088344 -0.0846268 0.9064640
1740546644.206281 8.2935762 1.0470126 22.5682812 -0.0621126 0.4089209 -0.0846400 0.9065108
1740546644.306783 8.3430424 1.0368490 22.6211967 -0.0588403 0.4096422 -0.0856436 0.9063091
1740546644.405734 8.3872538 1.0077596 22.6614113 -0.0565753 0.4092484 -0.0854882 0.9066459
1740546644.518813 8.4519272 0.9932581 22.7128677 -0.0539640 0.4091796 -0.0874465 0.9066494
1740546644.617068 8.5176926 0.9578964 22.7735424 -0.0523196 0.4099325 -0.0876600 0.9063849
1740546644.718275 8.5705395 0.9249812 22.8202324 -0.0516009 0.4102226 -0.0881171 0.9062506
1740546645.022068 8.6475735 0.8774014 22.8773537 -0.0437144 0.4067210 -0.0897493 0.9080816
1740546645.120958 8.6598835 0.8660029 22.8867455 -0.0417754 0.4069754 -0.0903483 0.9079995
1740546645.225431 8.6705837 0.8536774 22.8994942 -0.0402251 0.4075086 -0.0924278 0.9076210
1740546645.326782 8.6783085 0.8466882 22.9056568 -0.0392790 0.4072438 -0.0932495 0.9076972
1740546645.426033 8.7003307 0.8337586 22.9242592 -0.0365990 0.4050214 -0.0923598 0.9088938
1740546645.529972 8.7062416 0.8298825 22.9311390 -0.0344487 0.4045089 -0.0919953 0.9092429
1740546645.626518 8.7091265 0.8304679 22.9340057 -0.0325138 0.4060190 -0.0956157 0.9082671
1740546645.733369 8.7325649 0.8160024 22.9539776 -0.0294586 0.4028818 -0.0930035 0.9100378
1740546645.832290 8.7312794 0.8140063 22.9553680 -0.0282439 0.4043884 -0.0962880 0.9090660
1740546645.932300 8.7295933 0.8193870 22.9511337 -0.0269432 0.4055258 -0.0995782 0.9082440
1740546646.037684 8.7394533 0.8122227 22.9679947 -0.0244728 0.4057657 -0.1014370 0.9080010
1740546646.244269 8.7624483 0.7926995 22.9859428 -0.0200655 0.4024147 -0.1009513 0.9096531
1740546646.343710 8.7665033 0.7916532 22.9872074 -0.0189891 0.4035129 -0.1057970 0.9086385
1740546646.449656 8.7710114 0.7866638 22.9927483 -0.0163135 0.4028218 -0.1063517 0.9089323
1740546646.551711 8.7757635 0.7831935 23.0035686 -0.0135742 0.4006670 -0.1048124 0.9101077
1740546646.651712 8.7955170 0.7661574 23.0256920 -0.0114664 0.3979895 -0.1057763 0.9111994
1740546646.757130 8.8115387 0.7606138 23.0608368 -0.0069394 0.3982418 -0.1069784 0.9109945
1740546646.855624 8.8444214 0.7529602 23.1240883 -0.0017911 0.3985600 -0.1089657 0.9106444
1740546646.963935 8.8990278 0.7466586 23.1678619 0.0027050 0.3954621 -0.1113468 0.9117041
1740546647.063807 8.9252348 0.7381814 23.2041130 0.0070987 0.3953288 -0.1132393 0.9115052
1740546647.160739 9.0018597 0.7418518 23.2335892 0.0126169 0.3889198 -0.1153678 0.9139324
1740546647.271702 9.0595493 0.7358012 23.2688637 0.0173303 0.3840125 -0.1174228 0.9156669
1740546647.371316 9.0946474 0.7186282 23.3026772 0.0213755 0.3801379 -0.1167038 0.9172887
1740546647.475609 9.1215677 0.7011645 23.3594913 0.0260602 0.3798738 -0.1185705 0.9170375
1740546647.578155 9.1625509 0.6814690 23.3915901 0.0297435 0.3756845 -0.1198862 0.9184791
1740546647.677094 9.1913681 0.6651721 23.4291382 0.0353625 0.3723570 -0.1221692 0.9193337
1740546647.780804 9.2117481 0.6475735 23.4659004 0.0398818 0.3701678 -0.1251251 0.9196352
1740546647.878920 9.2442446 0.6219654 23.4939461 0.0444149 0.3651780 -0.1266085 0.9212181
1740546647.986372 9.2879028 0.5777934 23.5338573 0.0471320 0.3610496 -0.1275336 0.9225817
1740546648.082004 9.3443661 0.5673983 23.5824890 0.0548819 0.3549885 -0.1308014 0.9240466
1740546648.182157 9.3883667 0.5433166 23.6234436 0.0625007 0.3479770 -0.1322122 0.9260268
1740546648.283473 9.4222107 0.5149500 23.6523800 0.0662370 0.3410052 -0.1348137 0.9279835
1740546648.384657 9.4637194 0.4804118 23.6920471 0.0710875 0.3343678 -0.1372250 0.9296849
1740546648.486464 9.5105667 0.4514780 23.7211647 0.0774849 0.3256320 -0.1380651 0.9321470
1740546648.585571 9.5588560 0.3980689 23.7768307 0.0827848 0.3184946 -0.1382908 0.9341218
1740546648.682253 9.6144409 0.3582885 23.8337708 0.0884593 0.3128221 -0.1403441 0.9352117
1740546648.784169 9.6538696 0.3296320 23.8742294 0.0969305 0.3073072 -0.1427676 0.9358334
1740546648.885635 9.6926231 0.3020728 23.9154110 0.1048124 0.3005007 -0.1444933 0.9369287
1740546648.987354 9.7366266 0.2573023 23.9718914 0.1106803 0.2930460 -0.1460432 0.9383738
1740546649.086984 9.7774792 0.2297864 24.0207596 0.1184219 0.2867736 -0.1475807 0.9391257
1740546649.183444 9.8052425 0.1947687 24.0619583 0.1219176 0.2838188 -0.1511630 0.9390063
1740546649.283815 9.8497963 0.1622846 24.1117783 0.1297244 0.2769983 -0.1538185 0.9395655
1740546649.381502 9.8927279 0.1320391 24.1877861 0.1369018 0.2736581 -0.1562536 0.9391240
1740546649.486896 9.9279985 0.0931957 24.2564240 0.1451799 0.2697808 -0.1587428 0.9385850
1740546649.584020 9.9576387 0.0493581 24.3215294 0.1501677 0.2668236 -0.1605254 0.9383424
1740546649.679413 9.9999065 0.0142879 24.3750534 0.1568378 0.2619050 -0.1636982 0.9380888
1740546649.782580 10.0202446 -0.0044456 24.4052258 0.1630148 0.2596463 -0.1664246 0.9371834
1740546649.885233 10.0327501 -0.0301306 24.4522858 0.1702123 0.2608306 -0.1687130 0.9351637
1740546649.985534 10.0584593 -0.0595083 24.5200462 0.1787226 0.2596339 -0.1706836 0.9335500
1740546650.084603 10.0843382 -0.1043174 24.5918236 0.1848019 0.2593376 -0.1725442 0.9321055
1740546650.184168 10.1150618 -0.1619151 24.6637878 0.1892773 0.2575150 -0.1747589 0.9312999
1740546650.286331 10.1587811 -0.2073421 24.7210236 0.1952001 0.2548882 -0.1773366 0.9303122
1740546650.384191 10.1953049 -0.2523704 24.8019829 0.2021561 0.2548840 -0.1778790 0.9287229
1740546650.487621 10.2425213 -0.2996621 24.8665009 0.2088782 0.2528947 -0.1794394 0.9274781
1740546650.585979 10.2882957 -0.3596649 24.9356670 0.2146053 0.2528561 -0.1813074 0.9258164
1740546650.682552 10.3282681 -0.4022365 25.0111446 0.2212052 0.2529124 -0.1817828 0.9241529
1740546650.785344 10.3701105 -0.4516091 25.0835514 0.2279304 0.2522552 -0.1829945 0.9224576
1740546650.884881 10.3987427 -0.5120873 25.1589851 0.2330239 0.2531384 -0.1840003 0.9207414
1740546650.985261 10.4378500 -0.5576205 25.2323875 0.2397927 0.2541125 -0.1849203 0.9185482
1740546651.083494 10.4767685 -0.6147232 25.3162975 0.2459523 0.2549447 -0.1854688 0.9165763
1740546651.180394 10.5178699 -0.6777072 25.3980427 0.2514673 0.2561233 -0.1859765 0.9146463
1740546651.282821 10.5604305 -0.7339292 25.4782982 0.2577436 0.2567501 -0.1871995 0.9124714
1740546651.380721 10.6026258 -0.7815504 25.5511703 0.2639807 0.2572399 -0.1877450 0.9104360
1740546651.487026 10.6476393 -0.8384013 25.6340637 0.2702273 0.2577425 -0.1887008 0.9082610
1740546651.584319 10.6863499 -0.9247079 25.6953487 0.2741144 0.2583027 -0.1893227 0.9068065
1740546651.678443 10.7203131 -0.9891019 25.7669220 0.2787589 0.2598399 -0.1898993 0.9048287
1740546651.780844 10.7502995 -1.0512457 25.8454895 0.2833622 0.2619256 -0.1897683 0.9028227
1740546651.875866 10.7894239 -1.1012883 25.9219284 0.2881391 0.2626476 -0.1905055 0.9009438
1740546651.978966 10.8373594 -1.1708889 25.9832821 0.2915249 0.2637219 -0.1909103 0.8994539
1740546652.078520 10.8714294 -1.2464662 26.0441475 0.2945710 0.2647542 -0.1914850 0.8980349
1740546652.176442 10.9051371 -1.3238392 26.1070824 0.2981345 0.2661423 -0.1913216 0.8964821
1740546652.283927 10.9395380 -1.4059162 26.1629066 0.3004696 0.2673695 -0.1910637 0.8953916
1740546652.381065 10.9741173 -1.4793515 26.2355690 0.3029409 0.2683373 -0.1914757 0.8941806
1740546652.483751 11.0129881 -1.5418234 26.3191757 0.3063764 0.2692816 -0.1919666 0.8926197
1740546652.585618 11.0527773 -1.6046720 26.4011803 0.3097205 0.2704300 -0.1919380 0.8911233
1740546652.680202 11.0907049 -1.6640143 26.4592781 0.3108213 0.2708340 -0.1934837 0.8902826
1740546652.782715 11.1276274 -1.7287693 26.5228348 0.3140015 0.2715696 -0.1930554 0.8890347
1740546652.878856 11.1647091 -1.8051319 26.5978355 0.3160444 0.2728577 -0.1927184 0.8879889
1740546652.986517 11.1863785 -1.8830018 26.6750431 0.3163804 0.2744391 -0.1922670 0.8874796
1740546653.085153 11.2198076 -1.9473362 26.7465630 0.3181052 0.2742798 -0.1926311 0.8868331
1740546653.180206 11.2535009 -2.0103378 26.8270988 0.3195658 0.2756862 -0.1925133 0.8858970
1740546653.286463 11.2878475 -2.0688491 26.8837128 0.3210246 0.2751952 -0.1919362 0.8856474
1740546653.382170 11.3250542 -2.1348243 26.9559116 0.3225317 0.2763256 -0.1919607 0.8847421
1740546653.484422 11.3662748 -2.2154150 27.0177574 0.3229951 0.2764128 -0.1914248 0.8846620
1740546653.583923 11.4011488 -2.2917023 27.0879021 0.3235015 0.2773230 -0.1913716 0.8842034
1740546653.683648 11.4391861 -2.3716316 27.1488304 0.3235111 0.2768182 -0.1918513 0.8842541
1740546653.787477 11.4794788 -2.4395256 27.2202263 0.3242173 0.2766003 -0.1919848 0.8840347
1740546653.899928 11.5089531 -2.5179701 27.2931747 0.3237700 0.2771494 -0.1917140 0.8840854
1740546654.001734 11.5457230 -2.5960736 27.3559914 0.3233611 0.2769680 -0.1920179 0.8842259
1740546654.203485 11.6250782 -2.7498074 27.4827271 0.3228028 0.2759266 -0.1925748 0.8846343
1740546654.318604 11.6586313 -2.8210063 27.5508041 0.3224070 0.2758038 -0.1922768 0.8848817
1740546654.418363 11.6924925 -2.8942890 27.6255798 0.3221378 0.2763569 -0.1923851 0.8847837
1740546654.535211 11.7253590 -2.9724288 27.6940212 0.3212084 0.2769967 -0.1921389 0.8849750
1740546654.632504 11.7631531 -3.0420814 27.7654114 0.3207399 0.2769788 -0.1920642 0.8851666
1740546654.738131 11.7983265 -3.1049194 27.8419399 0.3203869 0.2770602 -0.1915453 0.8853815
1740546654.837958 11.8378124 -3.1748013 27.9132385 0.3196827 0.2770547 -0.1909379 0.8857688
1740546654.937150 11.8932552 -3.2415257 27.9843178 0.3193633 0.2762242 -0.1909534 0.8861400
1740546655.041080 11.9245749 -3.3162646 28.0563240 0.3179145 0.2765139 -0.1909942 0.8865617
1740546655.141532 11.9574594 -3.3883348 28.1284943 0.3173982 0.2762578 -0.1909471 0.8868367
1740546655.251334 11.9889011 -3.4586959 28.1989212 0.3164598 0.2765062 -0.1903350 0.8872260
1740546655.352037 12.0291767 -3.5347166 28.2684746 0.3151423 0.2759245 -0.1905669 0.8878261
1740546655.452679 12.0513029 -3.6093140 28.3426437 0.3134780 0.2760302 -0.1906843 0.8883572
1740546655.562193 12.0991211 -3.6755071 28.4166298 0.3121450 0.2752630 -0.1904389 0.8891169
1740546655.665499 12.1340752 -3.7471857 28.4877625 0.3100199 0.2744753 -0.1904810 0.8900943
1740546655.769076 12.1696224 -3.8130040 28.5595703 0.3084999 0.2733023 -0.1905734 0.8909632
1740546655.869642 12.1936836 -3.8751092 28.6367149 0.3072934 0.2732953 -0.1898479 0.8915370
1740546655.975414 12.2221508 -3.9413819 28.7046833 0.3050374 0.2723167 -0.1900429 0.8925691
1740546656.081387 12.2426500 -4.0139794 28.7838745 0.3025001 0.2727307 -0.1899718 0.8933210
1740546656.181440 12.2774525 -4.0947356 28.8702202 0.2999681 0.2720026 -0.1891712 0.8945658
1740546656.288213 12.2849188 -4.1491566 28.9444008 0.2982229 0.2723857 -0.1887905 0.8951130
1740546656.389786 12.3336182 -4.2102270 29.0180130 0.2952122 0.2704436 -0.1892417 0.8966034
1740546656.501624 12.3607702 -4.2768703 29.0928497 0.2928639 0.2699602 -0.1887863 0.8976146
1740546656.603678 12.3916101 -4.3462682 29.1739826 0.2900740 0.2688450 -0.1887048 0.8988715
1740546656.707463 12.4168396 -4.4023757 29.2537060 0.2880902 0.2686066 -0.1876759 0.8997957
1740546656.814904 12.4449749 -4.4783268 29.3260822 0.2847065 0.2676624 -0.1874726 0.9011953
1740546656.915819 12.4818859 -4.5290823 29.4057369 0.2829199 0.2662442 -0.1877501 0.9021199
1740546657.022702 12.5162172 -4.5793576 29.4890785 0.2807326 0.2655335 -0.1879840 0.9029636
1740546657.125037 12.5559015 -4.6321249 29.5638866 0.2784206 0.2645619 -0.1874769 0.9040694
1740546657.231846 12.5710201 -4.6797037 29.6538200 0.2766322 0.2648080 -0.1868124 0.9046836
1740546657.335971 12.5972624 -4.7398353 29.7382736 0.2738915 0.2648154 -0.1861659 0.9056482
1740546657.434391 12.6176138 -4.7931156 29.8227844 0.2717437 0.2642270 -0.1856122 0.9065802
1740546657.541411 12.6432562 -4.8455315 29.9102097 0.2694851 0.2642864 -0.1850606 0.9073495
1740546657.643895 12.6830530 -4.9048467 29.9906387 0.2678047 0.2637228 -0.1853090 0.9079601
1740546657.757201 12.7026281 -4.9644465 30.0891476 0.2675743 0.2648368 -0.1844941 0.9078697
1740546657.860289 12.7272282 -5.0199604 30.1612339 0.2660174 0.2655302 -0.1849179 0.9080384
1740546657.974066 12.7751389 -5.0709605 30.2364388 0.2660303 0.2651110 -0.1846310 0.9082155
1740546658.080175 12.8067951 -5.1226435 30.3128395 0.2654274 0.2656605 -0.1848739 0.9081820
1740546658.183701 12.8490305 -5.1837106 30.4215641 0.2661359 0.2669407 -0.1853244 0.9075071
1740546658.290715 12.8913975 -5.2435088 30.4869804 0.2654241 0.2665840 -0.1850687 0.9078726
1740546658.397846 12.9058008 -5.3151197 30.5621605 0.2654110 0.2672213 -0.1849340 0.9077165
1740546658.506975 12.9555769 -5.3666601 30.6354237 0.2672499 0.2664699 -0.1862169 0.9071354
1740546658.610174 13.0016413 -5.4241624 30.7168617 0.2692079 0.2656943 -0.1862452 0.9067780
1740546658.725148 13.0220728 -5.4821024 30.8004570 0.2722770 0.2659760 -0.1873216 0.9055566
1740546658.824600 13.0530910 -5.5455399 30.8752193 0.2753985 0.2659769 -0.1885586 0.9043548
1740546658.927895 13.0758591 -5.6171231 30.9508286 0.2786573 0.2663318 -0.1895599 0.9030418
1740546659.049501 13.1163902 -5.6776090 31.0128975 0.2823927 0.2652667 -0.1914748 0.9017901
1740546659.152825 13.1492682 -5.7296371 31.1014080 0.2872574 0.2638053 -0.1928819 0.9003814
1740546659.259966 13.1915922 -5.7894573 31.1856766 0.2920089 0.2610601 -0.1950191 0.8991919
1740546659.367122 13.2190142 -5.8491211 31.2662086 0.2978339 0.2588875 -0.1965610 0.8975723
1740546659.467316 13.2371264 -5.9116545 31.3473263 0.3040501 0.2562492 -0.1995776 0.8955773
1740546659.578971 13.2432022 -5.9860373 31.4343147 0.3107075 0.2543791 -0.2017564 0.8933345
1740546659.681237 13.2624817 -6.0629358 31.4999084 0.3175845 0.2507531 -0.2044984 0.8913156
1740546659.792493 13.2713833 -6.1445003 31.5815544 0.3251448 0.2483170 -0.2067673 0.8887445
1740546659.896714 13.2688427 -6.2164516 31.6587067 0.3326830 0.2461386 -0.2099343 0.8858135
1740546660.006482 13.2866879 -6.3062325 31.7198982 0.3406459 0.2415946 -0.2124103 0.8834446
1740546660.113173 13.2859211 -6.3785524 31.7948608 0.3494322 0.2390215 -0.2156828 0.8799130
1740546660.212697 13.2971067 -6.4669333 31.8598289 0.3570987 0.2358645 -0.2182413 0.8770514
1740546660.325274 13.3220901 -6.5489178 31.9224243 0.3654877 0.2321260 -0.2205692 0.8740054
1740546660.430978 13.3465395 -6.6349711 31.9881077 0.3735202 0.2291746 -0.2232015 0.8707139
1740546660.535959 13.3756380 -6.7237425 32.0448837 0.3817110 0.2255911 -0.2258683 0.8674036
1740546660.636637 13.3808928 -6.8045416 32.1156807 0.3904855 0.2243051 -0.2286375 0.8630951
1740546660.737505 13.3846531 -6.8876896 32.1717834 0.3990990 0.2225200 -0.2311572 0.8589361
1740546660.835908 13.3843269 -6.9793644 32.2294846 0.4068292 0.2214247 -0.2335242 0.8549431
1740546660.933930 13.4064350 -7.0892568 32.2596245 0.4135842 0.2174917 -0.2346155 0.8524090
1740546661.036191 13.4160080 -7.1798105 32.3171158 0.4209915 0.2155049 -0.2370672 0.8486006
1740546661.136339 13.4189510 -7.2612152 32.3821716 0.4291776 0.2148434 -0.2389382 0.8441312
1740546661.236673 13.4275723 -7.3486633 32.4460297 0.4359522 0.2131317 -0.2404866 0.8406466
1740546661.333671 13.4407444 -7.4421415 32.4996109 0.4418281 0.2116422 -0.2419640 0.8375255
1740546661.429985 13.4582806 -7.5375662 32.5399933 0.4481513 0.2101649 -0.2434113 0.8341115
1740546661.531044 13.4731159 -7.6344328 32.5758896 0.4535253 0.2087229 -0.2444709 0.8312542
1740546661.626410 13.4799242 -7.7431192 32.6010475 0.4572005 0.2070162 -0.2459959 0.8292153
1740546661.728663 13.4886837 -7.8317623 32.6548042 0.4627939 0.2057832 -0.2476775 0.8259122
1740546661.827120 13.4907951 -7.9126844 32.7148972 0.4682115 0.2045237 -0.2480915 0.8230423
1740546662.031542 13.5064659 -8.1335802 32.7701683 0.4723809 0.1996980 -0.2508216 0.8210149
1740546662.127937 13.5168114 -8.2275810 32.8157349 0.4747169 0.1971980 -0.2524988 0.8197567
1740546662.237581 13.5237007 -8.3200645 32.8675613 0.4764388 0.1949710 -0.2542382 0.8187523
1740546662.335883 13.5305243 -8.4073486 32.9290085 0.4776621 0.1926186 -0.2559978 0.8180478
1740546662.434495 13.5546474 -8.5038691 32.9660568 0.4775542 0.1887876 -0.2578227 0.8184306
1740546662.643438 13.5471506 -8.6885414 33.0732155 0.4767429 0.1825842 -0.2619202 0.8190098
1740546662.843246 13.5348921 -8.8739481 33.1833649 0.4741189 0.1749540 -0.2661886 0.8208203
1740546662.941687 13.5214024 -8.9633961 33.2352715 0.4722200 0.1711133 -0.2682976 0.8220370
1740546663.248905 13.5052843 -9.2371368 33.3969955 0.4632870 0.1574977 -0.2761047 0.8272399
1740546663.345241 13.5066376 -9.3159742 33.4677582 0.4600056 0.1530107 -0.2785569 0.8290890
1740546663.643694 13.4996319 -9.5566730 33.6742706 0.4482515 0.1394086 -0.2863437 0.8352503
1740546663.753134 13.4872856 -9.6369371 33.7414474 0.4438738 0.1347554 -0.2887603 0.8375168
1740546664.049360 13.4458809 -9.8829384 33.9367065 0.4299885 0.1204524 -0.2964580 0.8442238
1740546664.253612 13.4181519 -10.0481625 34.0753708 0.4194054 0.1106504 -0.3017139 0.8490137
1740546664.553696 13.3878040 -10.2595634 34.3103409 0.4046958 0.0969835 -0.3084187 0.8553908
1740546664.850466 13.3466034 -10.4817696 34.5344925 0.3893023 0.0836871 -0.3155272 0.8613262
1740546665.153353 13.3056335 -10.6954327 34.7663994 0.3734705 0.0704464 -0.3225733 0.8668931
1740546665.254830 13.2854595 -10.7377281 34.8614731 0.3693377 0.0668209 -0.3235621 0.8685805
1740546665.552238 13.2481766 -10.9427938 35.1040382 0.3534674 0.0541975 -0.3302062 0.8735487
1740546665.645822 13.2229462 -11.0012465 35.1872520 0.3488600 0.0509013 -0.3316438 0.8750532
1740546666.048440 13.1443520 -11.2552404 35.5157890 0.3283303 0.0354611 -0.3388400 0.8809820
1740546666.247135 13.1075354 -11.3538847 35.6914444 0.3185678 0.0284114 -0.3421251 0.8835484
1740546666.550342 13.0377531 -11.5251713 35.9534988 0.3027387 0.0172781 -0.3480173 0.8870934
1740546666.749415 12.9999571 -11.5952997 36.1294441 0.2926059 0.0106444 -0.3506083 0.8895742
1740546666.847682 12.9803963 -11.6363783 36.2200127 0.2874727 0.0070534 -0.3524560 0.8905529
1740546667.046033 12.9338226 -11.7287273 36.4029961 0.2760970 -0.0000744 -0.3564073 0.8926053
1740546667.240984 12.8818846 -11.8193159 36.5890388 0.2646907 -0.0060568 -0.3589040 0.8950363
1740546667.543613 12.8008232 -11.9423866 36.8666153 0.2459728 -0.0142493 -0.3628363 0.8986902
1740546667.737851 12.7539225 -12.0168247 37.0579071 0.2333108 -0.0194117 -0.3656358 0.9008328
1740546667.941581 12.7022638 -12.0695000 37.2545357 0.2201268 -0.0238342 -0.3683793 0.9029246
1740546668.142917 12.6567030 -12.1297483 37.4449883 0.2066850 -0.0267191 -0.3703524 0.9052108
1740546668.343555 12.6437721 -12.1828718 37.6465454 0.1937530 -0.0303510 -0.3736614 0.9065956
1740546668.548857 12.6123943 -12.2461529 37.8475571 0.1801624 -0.0316708 -0.3745842 0.9089693
1740546668.743638 12.5821714 -12.2825565 38.0426140 0.1672472 -0.0334955 -0.3753413 0.9110573
1740546668.943170 12.5437860 -12.3244638 38.2497101 0.1546994 -0.0338298 -0.3775515 0.9123478
1740546669.145386 12.5139637 -12.3655872 38.4401016 0.1428699 -0.0356551 -0.3801353 0.9131342
1740546669.348097 12.4717083 -12.3596821 38.6395569 0.1348890 -0.0365152 -0.3820578 0.9135116
1740546669.443137 12.4718332 -12.3861771 38.7445183 0.1278602 -0.0374697 -0.3817851 0.9145972
1740546669.644032 12.4557838 -12.4421053 38.9282074 0.1168180 -0.0399811 -0.3835723 0.9152198
1740546669.847498 12.4250250 -12.4300632 39.0919914 0.1108766 -0.0412108 -0.3841419 0.9156654
1740546670.049767 12.3609476 -12.4581518 39.2751198 0.1024168 -0.0421693 -0.3846005 0.9164143
1740546670.244358 12.3481188 -12.5025721 39.4483948 0.0937361 -0.0480403 -0.3888765 0.9152490
1740546670.451168 12.3090019 -12.4976997 39.6493149 0.0865781 -0.0484501 -0.3878739 0.9163573
1740546670.650998 12.2735558 -12.4999008 39.8532791 0.0784763 -0.0496366 -0.3892111 0.9164564
1740546670.761912 12.2702589 -12.5087271 39.9485893 0.0741340 -0.0528384 -0.3908374 0.9159468
1740546670.856079 12.2566471 -12.4875650 40.0435410 0.0704321 -0.0548966 -0.3924126 0.9154442
1740546670.952521 12.2324648 -12.4979210 40.1405220 0.0645909 -0.0570997 -0.3940128 0.9150528
1740546671.053303 12.2070236 -12.4753542 40.2488403 0.0602372 -0.0582958 -0.3948602 0.9149090
1740546671.149778 12.2150164 -12.4680786 40.3283272 0.0569170 -0.0626455 -0.3969880 0.9139128
1740546671.245485 12.2046185 -12.4564438 40.4231758 0.0524087 -0.0657968 -0.3964826 0.9141804
1740546671.344940 12.1832619 -12.4286318 40.5251846 0.0479831 -0.0673262 -0.3971328 0.9140297
1740546671.441200 12.1775236 -12.4137030 40.6116943 0.0430309 -0.0699862 -0.3979598 0.9137167
1740546671.542095 12.1635542 -12.4056568 40.6936264 0.0367858 -0.0731280 -0.3988577 0.9133519
1740546671.636873 12.1497545 -12.3816233 40.7780151 0.0325059 -0.0752625 -0.3993443 0.9131282
1740546671.732307 12.1324015 -12.3880892 40.8858147 0.0257582 -0.0787153 -0.3995093 0.9129801
1740546671.836102 12.0963669 -12.3672838 40.9767151 0.0206764 -0.0800684 -0.3997865 0.9128703
1740546671.927902 12.0715103 -12.3414793 41.0759354 0.0159903 -0.0818488 -0.4004676 0.9125080
1740546672.036080 12.0507402 -12.3348017 41.1709862 0.0107510 -0.0834602 -0.4008234 0.9122825
1740546672.128795 12.0377235 -12.3221416 41.2776871 0.0055929 -0.0850096 -0.4010799 0.9120729
1740546672.224473 12.0306683 -12.2904367 41.3915520 0.0024847 -0.0865597 -0.4011168 0.9119247
1740546672.326165 12.0149784 -12.2592325 41.4912491 -0.0003185 -0.0876352 -0.4012025 0.9117875
1740546672.422630 11.9869957 -12.2463856 41.5972481 -0.0044332 -0.0882346 -0.4020253 0.9113565
1740546672.523412 11.9662609 -12.2280455 41.6954117 -0.0075840 -0.0889896 -0.4018777 0.9113274
1740546672.624621 11.9574394 -12.2270975 41.8043709 -0.0112262 -0.0900505 -0.4023146 0.9109928
1740546672.720117 11.9284410 -12.2121029 41.9059143 -0.0140385 -0.0892257 -0.4027733 0.9108323
1740546672.820025 11.9175529 -12.1998520 42.0148048 -0.0159935 -0.0893271 -0.4025579 0.9108853
1740546672.916525 11.9032574 -12.1795931 42.1212769 -0.0172415 -0.0889479 -0.4028904 0.9107526
1740546673.017142 11.8926363 -12.1712761 42.2281952 -0.0187854 -0.0890611 -0.4027771 0.9107611
1740546673.112395 11.8755665 -12.1629305 42.3339043 -0.0196229 -0.0884064 -0.4026674 0.9108558
1740546673.208636 11.8522625 -12.1585493 42.4407120 -0.0209375 -0.0873587 -0.4032642 0.9106635
1740546673.310653 11.8445845 -12.1430779 42.5397453 -0.0209303 -0.0868621 -0.4031006 0.9107836
1740546673.407671 11.8409100 -12.1318254 42.6474762 -0.0206596 -0.0863136 -0.4029848 0.9108933
1740546673.517518 11.8299112 -12.1251249 42.7554893 -0.0209287 -0.0858483 -0.4036421 0.9106399
1740546673.611826 11.8151503 -12.1113262 42.8627281 -0.0203508 -0.0851525 -0.4033427 0.9108510
1740546673.707987 11.8041496 -12.1001949 42.9686127 -0.0200863 -0.0843061 -0.4032348 0.9109834
1740546673.814488 11.7978420 -12.0947495 43.0776901 -0.0200268 -0.0839720 -0.4029673 0.9111339
1740546673.907650 11.7804966 -12.0748997 43.1787148 -0.0186881 -0.0829016 -0.4029334 0.9112754
1740546674.019449 11.7586594 -12.0628281 43.2844009 -0.0179513 -0.0822562 -0.4031924 0.9112341
1740546674.208122 11.7285690 -12.0545731 43.5005608 -0.0169394 -0.0816392 -0.4029036 0.9114367
1740546674.404487 11.6995907 -12.0365238 43.7168541 -0.0154150 -0.0816725 -0.4025583 0.9116133
1740546674.504739 11.6724052 -12.0271587 43.8248291 -0.0153909 -0.0811886 -0.4028344 0.9115350
1740546674.603648 11.6623421 -12.0064983 43.9213753 -0.0136532 -0.0812723 -0.4035778 0.9112263
1740546674.803138 11.6366711 -12.0065718 44.1402245 -0.0126406 -0.0821576 -0.4030359 0.9114013
1740546674.994173 11.5941296 -11.9937057 44.3498421 -0.0121406 -0.0823256 -0.4028723 0.9114653
1740546675.297287 11.5465784 -11.9616318 44.6691360 -0.0104045 -0.0835058 -0.4029464 0.9113467
1740546675.391029 11.5282984 -11.9521999 44.7738266 -0.0094236 -0.0837907 -0.4028130 0.9113902
1740546675.682981 11.4876251 -11.9224396 45.0811043 -0.0077386 -0.0846767 -0.4028361 0.9113140
1740546675.788220 11.4804935 -11.9086208 45.1901741 -0.0066150 -0.0853457 -0.4030966 0.9111452
1740546676.080467 11.4281521 -11.8778028 45.4976425 -0.0063814 -0.0865264 -0.4025694 0.9112685
1740546676.282753 11.3895779 -11.8720436 45.7086716 -0.0064196 -0.0875964 -0.4024846 0.9112035
1740546676.586360 11.3429928 -11.8445950 46.0240135 -0.0062486 -0.0895701 -0.4025419 0.9109875
1740546676.685736 11.3232584 -11.8314590 46.1284676 -0.0064436 -0.0903093 -0.4024836 0.9109389
1740546677.084921 11.2435875 -11.8060379 46.5511665 -0.0104197 -0.0919196 -0.4028812 0.9105652
1740546677.287224 11.1973352 -11.7731457 46.7527237 -0.0134305 -0.0908527 -0.4034846 0.9103656
1740546677.585145 11.1342621 -11.7477093 47.0693588 -0.0230105 -0.0881492 -0.4043464 0.9100572
1740546677.786813 11.0714722 -11.7411709 47.2725143 -0.0325311 -0.0841335 -0.4052348 0.9097517
1740546678.189081 11.0207195 -11.6570911 47.6745453 -0.0568007 -0.0727071 -0.4075170 0.9085248
1740546678.398057 11.0257187 -11.5985832 47.8751335 -0.0729619 -0.0635084 -0.4092134 0.9072969
1740546678.606823 11.0480003 -11.5414267 48.0774040 -0.0917358 -0.0527255 -0.4108441 0.9055450
1740546678.822182 11.0748901 -11.4897633 48.2849884 -0.1134560 -0.0415146 -0.4119063 0.9031819
1740546679.129949 11.1256266 -11.3788061 48.5794029 -0.1448793 -0.0241808 -0.4134260 0.8986124
1740546679.435912 11.2229996 -11.2352371 48.8503227 -0.1746290 -0.0065044 -0.4149888 0.8928868
1740546679.642428 11.3154831 -11.1426945 49.0209236 -0.1935765 0.0030131 -0.4149406 0.8890126
1740546679.944479 11.4385519 -11.0013237 49.2847710 -0.2182488 0.0146710 -0.4145108 0.8833646
1740546680.254472 11.5170870 -10.8719978 49.5685768 -0.2375648 0.0213797 -0.4137439 0.8785908
1740546680.563234 11.6091633 -10.7432146 49.8476295 -0.2521175 0.0223945 -0.4123103 0.8751774
1740546680.870735 11.7091045 -10.5971270 50.1187859 -0.2625598 0.0183231 -0.4099599 0.8733038
1740546681.170460 11.7647877 -10.4374905 50.3941689 -0.2704338 0.0094842 -0.4068423 0.8724993
1740546681.582742 11.8360500 -10.2219458 50.7562447 -0.2795716 -0.0063186 -0.4015486 0.8721001
1740546681.979317 11.8971319 -9.9981241 51.1063461 -0.2886698 -0.0251490 -0.3958108 0.8714190
1740546682.386794 11.9360075 -9.7459230 51.4447250 -0.2986131 -0.0444754 -0.3893168 0.8702210
1740546682.680602 12.0087099 -9.5520439 51.6935959 -0.3060452 -0.0573922 -0.3845802 0.8689882
1740546683.076194 12.0357571 -9.2785969 52.0264168 -0.3146887 -0.0722402 -0.3791861 0.8671622
1740546683.462105 12.0628290 -8.9973364 52.3537331 -0.3202976 -0.0846725 -0.3750009 0.8658027
1740546683.856691 12.0530243 -8.6973600 52.6621361 -0.3228176 -0.0927760 -0.3721360 0.8652723
1740546684.344404 12.1209078 -8.3394079 53.0724144 -0.3182240 -0.0979765 -0.3699372 0.8673411
1740546684.644618 12.1451941 -8.1401815 53.3338547 -0.3121513 -0.0978917 -0.3701083 0.8694818
1740546685.052358 12.1690903 -7.9268847 53.7126083 -0.3008081 -0.0963754 -0.3708531 0.8733237
1740546685.246449 12.1597128 -7.7905569 53.8811226 -0.2938739 -0.0951160 -0.3718167 0.8754105
1740546685.556561 12.1870918 -7.6021786 54.1547203 -0.2825378 -0.0936036 -0.3717502 0.8793250
1740546685.944107 12.2014713 -7.3836040 54.5292053 -0.2670433 -0.0924566 -0.3728552 0.8838091
1740546686.339459 12.2037172 -7.1736288 54.9105721 -0.2519976 -0.0923692 -0.3737100 0.8878660
1740546686.636820 12.2177153 -7.0254011 55.2012138 -0.2408080 -0.0936725 -0.3733437 0.8909834
1740546687.029937 12.2051067 -6.8288565 55.5849800 -0.2264870 -0.0955301 -0.3727254 0.8947924
1740546687.337608 12.1964750 -6.6726732 55.8807449 -0.2146230 -0.0978853 -0.3721711 0.8976882
1740546687.639977 12.1584921 -6.5460777 56.1776924 -0.2042778 -0.0992546 -0.3718687 0.9000738
1740546687.935291 12.1370420 -6.4019718 56.4735413 -0.1926556 -0.0998101 -0.3711902 0.9028508
1740546688.224978 12.1006355 -6.2621231 56.7683907 -0.1812794 -0.0970223 -0.3709232 0.9056160
1740546688.521179 12.0769176 -6.1824794 57.0822334 -0.1717755 -0.0941018 -0.3721220 0.9072834
1740546688.812827 12.0709238 -6.0612998 57.3874283 -0.1633209 -0.0876809 -0.3729998 0.9091257
1740546689.115361 12.0434895 -5.9677095 57.7012749 -0.1568492 -0.0806441 -0.3741882 0.9104274
1740546689.410321 12.0529776 -5.9004703 58.0196114 -0.1532216 -0.0733488 -0.3752148 0.9112393
1740546689.703839 12.0545206 -5.7897220 58.3292503 -0.1520578 -0.0648769 -0.3770221 0.9113308
1740546689.994920 12.0425234 -5.6778865 58.6355324 -0.1546917 -0.0583682 -0.3774430 0.9111534
1740546690.296752 12.0679159 -5.5827079 58.9467812 -0.1605939 -0.0543748 -0.3782463 0.9100454
1740546690.594915 12.1205215 -5.4894438 59.2547874 -0.1674194 -0.0559303 -0.3779130 0.9088588
1740546690.899274 12.1594620 -5.3567023 59.5508041 -0.1758296 -0.0619194 -0.3770695 0.9072313
1740546691.195203 12.1694641 -5.2027574 59.8413925 -0.1834983 -0.0729335 -0.3747349 0.9058602
1740546691.494725 12.1611280 -5.0622168 60.1344910 -0.1906230 -0.0906488 -0.3716532 0.9040573
1740546691.796527 12.1014090 -4.9025631 60.4134064 -0.1964619 -0.1129259 -0.3664749 0.9024115
1740546692.099324 12.0525017 -4.7554035 60.7011108 -0.2007172 -0.1396036 -0.3598108 0.9004219
1740546692.398268 11.9902687 -4.5892897 60.9733429 -0.2042054 -0.1691004 -0.3524837 0.8974745
1740546692.698447 11.8887396 -4.3895731 61.2161560 -0.2057790 -0.1989399 -0.3450619 0.8938738
1740546693.000813 11.7307100 -4.2351313 61.4591484 -0.2062312 -0.2271002 -0.3369507 0.8901452
1740546693.319596 11.5941696 -4.0580444 61.6953926 -0.2064436 -0.2525258 -0.3297594 0.8859292
1740546693.621946 11.4575682 -3.8729086 61.9310036 -0.2032638 -0.2736909 -0.3226864 0.8829783
1740546693.919851 11.3351116 -3.6705484 62.1575851 -0.1981546 -0.2918104 -0.3174589 0.8802280
1740546694.218061 11.1837063 -3.4874649 62.3812752 -0.1942640 -0.3051892 -0.3127913 0.8782270
1740546694.411810 11.0889645 -3.3652916 62.5442429 -0.1907441 -0.3126619 -0.3085168 0.8778819
1740546694.609564 10.9943438 -3.2397423 62.6962929 -0.1839915 -0.3193222 -0.3065929 0.8775997
1740546694.804360 10.8814392 -3.1315536 62.8531799 -0.1771434 -0.3232480 -0.3036047 0.8786098
1740546695.000647 10.7913628 -3.0396795 63.0185165 -0.1691316 -0.3281191 -0.3007676 0.8793584
1740546695.197674 10.6781979 -2.9580984 63.1452446 -0.1635780 -0.3306498 -0.2970309 0.8807302
1740546695.399277 10.5692930 -2.8381796 63.2894936 -0.1530103 -0.3280117 -0.2938598 0.8846710
1740546695.595375 10.4442863 -2.7762938 63.4930191 -0.1463403 -0.3310903 -0.2955795 0.8840795
1740546695.786600 10.3382940 -2.6862364 63.6370773 -0.1384988 -0.3316975 -0.2848812 0.8886155
1740546695.978958 10.1953287 -2.5803919 63.7859917 -0.1303209 -0.3272346 -0.2864509 0.8909994
1740546696.083841 10.1732788 -2.5332651 63.8475342 -0.1240152 -0.3293528 -0.2847364 0.8916682
1740546696.178045 10.1661158 -2.5060768 63.8788300 -0.1175536 -0.3295128 -0.2840977 0.8926875
1740546696.275255 10.1481323 -2.4869041 63.9130211 -0.1134719 -0.3292473 -0.2846158 0.8931485
1740546696.377534 10.1261148 -2.4417419 63.9200592 -0.1092249 -0.3253530 -0.2829480 0.8956315
1740546696.473341 10.0941448 -2.3946228 63.9462662 -0.1032189 -0.3238195 -0.2844536 0.8964223
1740546696.572794 10.0692616 -2.3381100 63.9654884 -0.0970214 -0.3202282 -0.2832430 0.8987849
1740546696.672079 10.0861139 -2.3147116 64.0163574 -0.0922368 -0.3238998 -0.2776035 0.8997319
1740546696.764811 10.1368799 -2.2883720 64.0627289 -0.0882526 -0.3288822 -0.2711188 0.9003015
1740546696.865283 10.1296520 -2.2590017 64.0730972 -0.0831269 -0.3264432 -0.2712291 0.9016427
1740546696.959871 10.0655155 -2.2696114 64.1030579 -0.0828347 -0.3229557 -0.2733482 0.9022853
1740546697.076243 10.0394545 -2.2365522 64.1328201 -0.0762346 -0.3212034 -0.2764226 0.9025559
1740546697.171772 10.0278444 -2.2067242 64.1549377 -0.0702227 -0.3186506 -0.2749886 0.9043848
1740546697.264722 10.0234947 -2.2105522 64.1833572 -0.0681181 -0.3192688 -0.2748969 0.9043556
1740546697.368104 10.0387478 -2.1681747 64.2177277 -0.0609029 -0.3211029 -0.2700764 0.9056724
1740546697.460403 10.0288124 -2.0842915 64.2489929 -0.0504304 -0.3181877 -0.2668159 0.9083076
1740546697.654881 10.0342541 -2.0679955 64.2878418 -0.0406537 -0.3210766 -0.2690945 0.9071082
1740546697.750242 10.0108976 -2.0079803 64.2949905 -0.0337163 -0.3176866 -0.2642845 0.9099957
1740546697.856773 9.9668427 -2.0233703 64.2895889 -0.0299412 -0.3122440 -0.2705226 0.9101785
1740546697.950861 9.9638205 -2.0090814 64.3391571 -0.0271174 -0.3147902 -0.2636563 0.9114039
1740546698.044313 9.9161978 -1.9788790 64.3600388 -0.0202180 -0.3094670 -0.2666827 0.9125249
1740546698.144532 9.9118757 -1.9695625 64.3869324 -0.0152951 -0.3119345 -0.2687406 0.9111758
1740546698.241413 9.9086905 -1.9532933 64.4223557 -0.0117271 -0.3132775 -0.2648861 0.9118964
1740546698.342030 9.8857708 -1.9518399 64.4480743 -0.0073311 -0.3105384 -0.2650383 0.9128345
1740546698.439701 9.8666964 -1.9185843 64.4319992 -0.0003054 -0.3079703 -0.2657783 0.9135185
1740546698.536431 9.8759871 -1.9396520 64.4653931 0.0019340 -0.3109940 -0.2632103 0.9132356
1740546698.639730 9.8837805 -1.8934116 64.4833298 0.0104388 -0.3115252 -0.2615237 0.9134815
1740546698.732549 9.8624544 -1.8701353 64.5123291 0.0147587 -0.3112684 -0.2578830 0.9145439
1740546698.836725 9.8677025 -1.8583941 64.5326462 0.0187592 -0.3114664 -0.2550200 0.9152058
1740546698.937230 9.8679419 -1.8515959 64.5455093 0.0226458 -0.3121230 -0.2569556 0.9143524
1740546699.038264 9.8777580 -1.8625426 64.5668869 0.0233510 -0.3157516 -0.2496661 0.9151079
1740546699.137228 9.8867130 -1.8615670 64.5970078 0.0258932 -0.3199210 -0.2467354 0.9143860
1740546699.233462 9.8774166 -1.8436627 64.6218338 0.0320656 -0.3206612 -0.2470922 0.9138346
1740546699.332629 9.8564701 -1.8703694 64.6313934 0.0296856 -0.3206546 -0.2472566 0.9138729
1740546699.429043 9.8555326 -1.8527226 64.6432648 0.0342817 -0.3207226 -0.2440270 0.9145560
1740546699.525501 9.8463764 -1.8446651 64.6623917 0.0386239 -0.3218625 -0.2439116 0.9140131
1740546699.625329 9.8480129 -1.8310022 64.6856079 0.0420759 -0.3240591 -0.2400838 0.9140980
1740546699.720609 9.8673382 -1.8087785 64.7237930 0.0474941 -0.3278128 -0.2371494 0.9132597
1740546699.819979 9.8808460 -1.7923195 64.7573395 0.0533316 -0.3316796 -0.2337015 0.9124298
1740546699.915931 9.8915386 -1.7829208 64.7739944 0.0556520 -0.3341108 -0.2296514 0.9124325
1740546700.011463 9.8941593 -1.7807033 64.7820892 0.0588229 -0.3349847 -0.2278893 0.9123550
1740546700.116369 9.9032593 -1.7685339 64.8093033 0.0617687 -0.3381617 -0.2247755 0.9117605
1740546700.210071 9.8964710 -1.7685087 64.8139114 0.0622915 -0.3388745 -0.2209158 0.9124035
1740546700.305286 9.9019585 -1.7716548 64.8278809 0.0624843 -0.3418495 -0.2123710 0.9133089
1740546700.405038 9.9100456 -1.7756526 64.8456650 0.0635385 -0.3461672 -0.2102475 0.9121004
1740546700.500938 9.9299240 -1.7531002 64.8654175 0.0700997 -0.3498001 -0.2070576 0.9109627
1740546700.605591 9.9393692 -1.7573552 64.8902969 0.0711065 -0.3542695 -0.2028667 0.9101001
1740546700.699716 9.9421329 -1.7613200 64.8973999 0.0743413 -0.3567879 -0.2011526 0.9092378
1740546700.794756 9.9451675 -1.7552558 64.9113312 0.0767906 -0.3595625 -0.1937929 0.9095396
1740546700.897259 9.9463940 -1.7672781 64.9303131 0.0750835 -0.3644077 -0.1877009 0.9090313
1740546700.994761 9.9407120 -1.7651411 64.9398193 0.0769582 -0.3671170 -0.1831921 0.9087042
1740546701.103343 9.9400635 -1.7626356 64.9527664 0.0786697 -0.3699395 -0.1795156 0.9081465
1740546701.198977 9.9403687 -1.7623322 64.9624481 0.0800338 -0.3725389 -0.1739556 0.9080467
1740546701.295683 9.9468632 -1.7736640 64.9694214 0.0772320 -0.3769967 -0.1679395 0.9075820
1740546701.399691 9.9391537 -1.7702668 64.9779968 0.0789499 -0.3792933 -0.1623173 0.9075002
1740546701.495748 9.9396572 -1.7754000 64.9824677 0.0785801 -0.3823961 -0.1563246 0.9072822
1740546701.600863 9.9432487 -1.7781764 64.9862366 0.0785389 -0.3864191 -0.1511193 0.9064628
1740546701.696814 9.9446602 -1.7746166 64.9897537 0.0798968 -0.3892973 -0.1457373 0.9059938
1740546701.795116 9.9435577 -1.7783118 64.9912720 0.0785754 -0.3917925 -0.1388055 0.9061223
1740546701.897596 9.9425888 -1.7742820 64.9939651 0.0790670 -0.3947643 -0.1326022 0.9057187
1740546701.995767 9.9411583 -1.7740716 64.9964294 0.0800110 -0.3965547 -0.1281777 0.9054905
1740546702.101202 9.9384918 -1.7719092 64.9968719 0.0800950 -0.3985488 -0.1237801 0.9052194
1740546702.197768 9.9392567 -1.7721999 65.0000458 0.0802479 -0.4008232 -0.1201844 0.9046860
1740546702.296104 9.9491920 -1.8088570 65.0125122 0.0757717 -0.4066460 -0.1174701 0.9028280
1740546702.397887 9.9393463 -1.7972789 65.0046463 0.0771391 -0.4053391 -0.1140404 0.9037392
1740546702.496046 9.9175167 -1.7942816 64.9927597 0.0763960 -0.4032348 -0.1114115 0.9050707
1740546702.605350 9.8843403 -1.8180444 64.9651794 0.0733956 -0.3984843 -0.1107557 0.9075001
1740546702.701051 9.8640041 -1.8436986 64.9476624 0.0691827 -0.3974671 -0.1109790 0.9082496
1740546702.796759 9.8488903 -1.8560404 64.9396210 0.0666379 -0.3979286 -0.1088891 0.9084907
1740546702.899753 9.8403263 -1.8719939 64.9442978 0.0645038 -0.3987753 -0.1091287 0.9082447
1740546702.997495 9.8293514 -1.8958049 64.9403687 0.0621813 -0.3983079 -0.1136533 0.9080569
1740546703.108803 9.8237228 -1.9302058 64.9357147 0.0563406 -0.3984852 -0.1143114 0.9082776
1740546703.207256 9.7879829 -1.9715967 64.9013901 0.0448629 -0.3928658 -0.1126193 0.9115704
1740546703.304336 9.7424316 -1.9845760 64.9118423 0.0438654 -0.3924576 -0.1109281 0.9120021
1740546703.404203 9.6617355 -1.9836357 64.9801254 0.0430457 -0.3920588 -0.1112241 0.9121766
1740546703.502542 9.5818233 -1.9853821 65.0542297 0.0430165 -0.3917919 -0.1134634 0.9120169
1740546703.608924 9.5177612 -1.9849689 65.1200027 0.0412503 -0.3918536 -0.1137667 0.9120342
1740546703.704485 9.4354706 -1.9774283 65.1929474 0.0395552 -0.3913202 -0.1115581 0.9126109
1740546703.802061 9.3588352 -1.9823775 65.2622604 0.0375495 -0.3904281 -0.1147155 0.9126863
1740546703.907078 9.2752838 -1.9733735 65.3417892 0.0363222 -0.3893176 -0.1152314 0.9131452
1740546704.003007 9.1995029 -1.9724456 65.4114380 0.0343122 -0.3886632 -0.1157045 0.9134419
1740546704.108631 9.1261349 -1.9635323 65.4904327 0.0321525 -0.3884322 -0.1161237 0.9135655
1740546704.206944 9.0562916 -1.9616804 65.5529327 0.0293501 -0.3865902 -0.1175263 0.9142615
1740546704.302463 8.9871597 -1.9729791 65.6192703 0.0256895 -0.3861228 -0.1194635 0.9143181
1740546704.404733 8.9159946 -1.9838259 65.6751556 0.0232983 -0.3835642 -0.1219703 0.9151279
1740546704.507610 8.8424015 -1.9824524 65.7528763 0.0190713 -0.3825358 -0.1236399 0.9154321
1740546704.618957 8.7631874 -1.9781661 65.8264084 0.0144273 -0.3791965 -0.1253864 0.9166680
1740546704.731678 8.6910915 -1.9770286 65.8947678 0.0107665 -0.3767292 -0.1265507 0.9175751
1740546704.840044 8.6171513 -1.9689527 65.9706421 0.0083579 -0.3745494 -0.1286369 0.9182023
1740546704.941485 8.5416222 -1.9584539 66.0474548 0.0044811 -0.3720745 -0.1301279 0.9190252
1740546705.039585 8.4681473 -1.9478469 66.1201248 0.0016829 -0.3674575 -0.1328883 0.9204960
1740546705.146760 8.3940344 -1.9550071 66.1777039 -0.0039680 -0.3636408 -0.1350233 0.9216932
1740546705.250189 8.3414116 -1.9517431 66.2217941 -0.0076202 -0.3604754 -0.1368603 0.9226422
1740546705.354220 8.2766228 -1.9461808 66.2903137 -0.0135187 -0.3566924 -0.1384857 0.9238017
1740546705.451105 8.2114544 -1.9446430 66.3735580 -0.0188130 -0.3534656 -0.1418076 0.9244451
1740546705.547784 8.1446104 -1.9219818 66.4583664 -0.0218514 -0.3497080 -0.1441018 0.9254521
1740546705.651742 8.0710297 -1.8979836 66.5358276 -0.0257148 -0.3451723 -0.1447782 0.9269488
1740546705.747183 8.0092697 -1.8844819 66.6188354 -0.0307121 -0.3416102 -0.1469820 0.9277691
1740546705.852700 7.9524918 -1.8591185 66.7019501 -0.0339703 -0.3384371 -0.1485504 0.9285683
1740546705.948024 7.8889780 -1.8409157 66.7849731 -0.0388161 -0.3342810 -0.1495583 0.9297214
1740546706.047216 7.8288975 -1.8149662 66.8720551 -0.0426143 -0.3305808 -0.1518053 0.9305136
1740546706.148567 7.7644930 -1.7902970 66.9509659 -0.0478782 -0.3251871 -0.1534717 0.9318838
1740546706.246686 7.7010641 -1.7685432 67.0312271 -0.0520815 -0.3209513 -0.1527302 0.9332477
1740546706.351566 7.6372929 -1.7432752 67.1046219 -0.0543800 -0.3134368 -0.1589915 0.9346240
1740546706.448278 7.6119175 -1.7446361 67.1678314 -0.0623559 -0.3116910 -0.1602000 0.9345034
1740546706.546651 7.5575266 -1.7562957 67.1763000 -0.0726377 -0.3011651 -0.1635422 0.9366308
1740546706.648298 7.5065985 -1.7765646 67.1721039 -0.0834280 -0.2887786 -0.1669818 0.9390228
1740546706.746127 7.4205494 -1.8234644 67.2170715 -0.1013345 -0.2769043 -0.1710812 0.9400993
1740546706.851282 7.3748121 -1.8454866 67.2230148 -0.1129127 -0.2653800 -0.1786685 0.9406922
1740546706.947519 7.3282928 -1.8948593 67.2353516 -0.1307683 -0.2540520 -0.1868030 0.9399266
1740546707.046123 7.2648611 -1.9100599 67.2413788 -0.1413026 -0.2397999 -0.1943503 0.9406155
1740546707.148753 7.2348313 -1.9202642 67.2528610 -0.1511175 -0.2317388 -0.1981926 0.9403086
1740546707.251436 7.2630401 -1.9258852 67.2769165 -0.1558981 -0.2326640 -0.2005690 0.9387946
1740546707.353225 7.1094680 -1.9754391 67.2855682 -0.1800724 -0.2038866 -0.2091019 0.9392979
1740546707.448416 7.1739688 -1.9608402 67.3155670 -0.1797148 -0.2115198 -0.2067361 0.9382015
1740546707.746705 7.1211200 -1.9982729 67.3531723 -0.2022994 -0.1933875 -0.2234645 0.9336700
1740546707.947880 7.0528302 -2.0005112 67.3305054 -0.2158926 -0.1727118 -0.2279929 0.9335846
1740546708.151010 7.0046310 -1.9989824 67.3334351 -0.2253747 -0.1541838 -0.2300999 0.9340705
1740546708.247090 7.0149608 -1.9631500 67.3206100 -0.2246860 -0.1490095 -0.2255903 0.9361738
1740546708.352259 7.0129790 -1.9416962 67.3231812 -0.2270256 -0.1451132 -0.2257846 0.9361746
1740546708.448448 7.0094743 -1.8883972 67.2885666 -0.2204946 -0.1361510 -0.2250843 0.9392455
1740546708.547346 7.0142827 -1.8415918 67.2750320 -0.2151623 -0.1321716 -0.2238400 0.9413456
1740546708.651234 7.0196667 -1.8191328 67.2776413 -0.2138454 -0.1303883 -0.2215215 0.9424422
1740546708.747200 7.0368080 -1.8065176 67.2762604 -0.2135293 -0.1281918 -0.2195074 0.9432861
1740546709.153651 7.1361403 -1.7117286 67.2342224 -0.2028205 -0.1251682 -0.2058817 0.9491099
1740546709.257398 7.1549420 -1.6928926 67.2345734 -0.2020048 -0.1252056 -0.2001895 0.9504955
1740546709.362591 7.1578169 -1.6787195 67.2275467 -0.2000418 -0.1220502 -0.2043687 0.9504317
1740546709.464235 7.1871881 -1.6639004 67.2247162 -0.2001476 -0.1247807 -0.2028950 0.9503706
1740546709.563916 7.2328701 -1.6189966 67.2130661 -0.1908358 -0.1296143 -0.2008575 0.9520705
1740546709.671849 7.2498608 -1.6138530 67.2137222 -0.1920000 -0.1313607 -0.1987333 0.9520428
1740546709.768218 7.2975025 -1.5790219 67.2055740 -0.1848029 -0.1375528 -0.1962230 0.9531126
1740546709.873244 7.3073936 -1.5561237 67.1889801 -0.1791750 -0.1395565 -0.1961802 0.9539044
1740546709.972634 7.3261042 -1.5405374 67.1905594 -0.1779231 -0.1418966 -0.1926055 0.9545218
1740546710.082686 7.3586226 -1.4983745 67.1824493 -0.1695550 -0.1455991 -0.1885044 0.9563044
1740546710.187617 7.3889489 -1.4688125 67.1784363 -0.1644481 -0.1488594 -0.1845202 0.9574706
1740546710.286055 7.3991323 -1.4440827 67.1717377 -0.1594727 -0.1489068 -0.1848602 0.9582390
1740546710.388781 7.4166336 -1.4070454 67.1679688 -0.1520214 -0.1506217 -0.1820922 0.9597110
1740546710.489165 7.4530015 -1.3758907 67.1826324 -0.1462033 -0.1554912 -0.1773962 0.9607173
1740546710.894467 7.5690236 -1.3145800 67.2268372 -0.1325079 -0.1772934 -0.1611906 0.9617829
1740546710.994355 7.5861225 -1.3073568 67.2421036 -0.1304319 -0.1824612 -0.1587584 0.9615047
1740546711.202335 7.6532259 -1.2688050 67.2459793 -0.1198222 -0.1967560 -0.1589393 0.9600354
1740546711.305146 7.6918459 -1.2169127 67.2577515 -0.1077700 -0.2032963 -0.1499821 0.9615413
1740546711.411339 7.7273798 -1.1600747 67.2513046 -0.0938075 -0.2104636 -0.1501885 0.9614305
1740546711.512673 7.7280936 -1.1494360 67.2670288 -0.0916487 -0.2120344 -0.1507001 0.9612135
1740546711.625373 7.7632246 -1.0766850 67.2623749 -0.0740035 -0.2184052 -0.1464078 0.9619706
1740546711.723981 7.8074474 -1.0594077 67.2960587 -0.0668313 -0.2284493 -0.1437951 0.9605559
1740546711.824937 7.8516493 -1.0632319 67.3252640 -0.0628802 -0.2385015 -0.1384228 0.9591675
1740546711.937770 7.8582373 -1.0661411 67.3325729 -0.0589927 -0.2459049 -0.1428853 0.9568879
1740546712.037413 7.8555932 -1.0633502 67.3943634 -0.0594505 -0.2500758 -0.1447136 0.9555029
1740546712.140582 7.8474631 -1.0439925 67.5012970 -0.0577773 -0.2580511 -0.1418843 0.9539079
1740546712.240630 7.8089266 -1.0280833 67.5985184 -0.0532906 -0.2619524 -0.1400228 0.9533806
1740546712.348939 7.7491670 -1.0164428 67.6862335 -0.0522863 -0.2614029 -0.1408284 0.9534684
1740546712.453171 7.6982250 -0.9990869 67.7830658 -0.0480599 -0.2644205 -0.1404237 0.9529183
1740546712.769012 7.5288391 -0.9903216 68.0532074 -0.0433917 -0.2692216 -0.1394353 0.9519426
1740546712.975728 7.4158955 -0.9453249 68.2524796 -0.0353438 -0.2723547 -0.1356022 0.9519379
1740546713.186038 7.2838154 -0.9218473 68.4299927 -0.0303779 -0.2711107 -0.1338682 0.9527096
1740546713.394460 7.1628685 -0.9160929 68.6101303 -0.0271808 -0.2732810 -0.1341193 0.9521506
1740546713.606543 7.0392995 -0.9480996 68.7791138 -0.0227572 -0.2739193 -0.1334920 0.9521713
