1740546604.883901 0.0000000 0.0000000 0.0000000 -0.0000000 -0.0000000 -0.0000000 1.0000000
1740546606.788970 0.0106533 0.0071692 0.1039854 0.0007473 -0.0008952 -0.0002101 0.9999993
1740546607.173562 0.0012538 0.0261919 0.2169614 0.0017750 -0.0010764 -0.0001458 0.9999979
1740546607.554106 0.0069669 0.0169495 0.3188079 0.0019550 -0.0027349 -0.0001341 0.9999944
1740546607.942464 0.0028645 0.0095033 0.4295759 0.0025531 -0.0038640 -0.0005941 0.9999892
1740546608.267603 0.0264116 0.0122704 0.5325363 0.0035527 -0.0066878 -0.0001108 0.9999713
1740546608.591720 0.0205647 0.0123302 0.6380249 0.0059865 -0.0084282 0.0001940 0.9999465
1740546608.944545 0.0304663 0.0121600 0.7404972 0.0077070 -0.0114692 0.0003352 0.9999045
1740546609.355833 0.0288290 0.0057189 0.8457015 0.0089093 -0.0144774 -0.0005419 0.9998554
1740546609.717666 0.0118783 0.0150577 0.9553030 0.0112784 -0.0161756 -0.0003071 0.9998055
1740546610.139422 0.0060036 0.0194350 1.0563085 0.0135253 -0.0197512 0.0003764 0.9997134
1740546610.552296 -0.0081281 0.0176047 1.1669626 0.0155858 -0.0231859 0.0003958 0.9996096
1740546610.989490 -0.0157052 0.0121587 1.2681555 0.0197347 -0.0267280 0.0001607 0.9994479
1740546611.469953 -0.0604608 -0.0224799 1.3645087 0.0212173 -0.0289333 -0.0000133 0.9993562
1740546611.959678 -0.0562678 -0.0287998 1.4720778 0.0241693 -0.0333844 0.0000079 0.9991503
1740546612.504921 -0.0616505 -0.0474017 1.5761191 0.0265574 -0.0374730 0.0005267 0.9989445
1740546612.933055 -0.0777471 -0.0578993 1.6775219 0.0295162 -0.0404384 -0.0003585 0.9987459
1740546613.409307 -0.0784645 -0.0573254 1.7869390 0.0329762 -0.0443992 0.0008008 0.9984692
1740546613.812416 -0.0872431 -0.0790826 1.8879944 0.0349573 -0.0483854 0.0003047 0.9982168
1740546614.059851 -0.1238925 -0.1004809 2.0952957 0.0415526 -0.0553484 -0.0003612 0.9976020
1740546614.311036 -0.1644346 -0.1160302 2.3043098 0.0466424 -0.0625798 -0.0000208 0.9969495
1740546614.557218 -0.1887749 -0.1437479 2.5084059 0.0524703 -0.0696638 0.0002538 0.9961896
1740546614.838446 -0.2185359 -0.1805314 2.7165208 0.0583189 -0.0760066 0.0002892 0.9954004
1740546615.077381 -0.2522799 -0.2084124 2.9129663 0.0631246 -0.0816540 -0.0000005 0.9946597
1740546615.444691 -0.2997828 -0.2402917 3.2259507 0.0703881 -0.0911852 0.0005383 0.9933431
1740546615.828288 -0.3784488 -0.3030130 3.5177383 0.0760674 -0.0979089 0.0006961 0.9922838
1740546616.219319 -0.5002981 -0.4125771 3.7900636 0.0797547 -0.1035445 -0.0002255 0.9914221
1740546616.471669 -0.5422555 -0.4410191 3.9947104 0.0819179 -0.1076169 0.0002674 0.9908118
1740546616.584459 -0.5515879 -0.4432622 4.0983238 0.0837455 -0.1092925 0.0004038 0.9904755
1740546616.708066 -0.6078892 -0.4784056 4.1826420 0.0831768 -0.1087664 -0.0002986 0.9905813
1740546616.936315 -0.6548569 -0.5111833 4.3857937 0.0844261 -0.1097726 -0.0000807 0.9903647
1740546617.051250 -0.6725715 -0.5210103 4.4867678 0.0850783 -0.1101253 -0.0000376 0.9902697
1740546617.171604 -0.7098004 -0.5515664 4.5767512 0.0850844 -0.1094569 -0.0003591 0.9903432
1740546617.283879 -0.7280176 -0.5649546 4.6877632 0.0854112 -0.1099351 -0.0005925 0.9902620
1740546617.398290 -0.7558911 -0.5870002 4.7793651 0.0850144 -0.1090991 -0.0004746 0.9903887
1740546617.517167 -0.7853497 -0.6022539 4.8711548 0.0854057 -0.1079503 -0.0001808 0.9904810
1740546617.643269 -0.8130458 -0.6361489 4.9662108 0.0840906 -0.1071735 -0.0003503 0.9906778
1740546617.757570 -0.8298525 -0.6273419 5.0550241 0.0855966 -0.1068010 -0.0003765 0.9905890
1740546617.869758 -0.8578166 -0.6540376 5.1524820 0.0845486 -0.1049692 -0.0003052 0.9908748
1740546617.991179 -0.8542929 -0.6749855 5.2487092 0.0843253 -0.1057884 0.0004112 0.9908067
1740546618.102474 -0.8863528 -0.6797452 5.3370581 0.0846661 -0.1040938 -0.0001974 0.9909572
1740546618.220778 -0.9032920 -0.6976890 5.4355869 0.0845929 -0.1030798 -0.0003120 0.9910694
1740546618.322685 -0.9124030 -0.7147635 5.5215416 0.0844597 -0.1033982 0.0002984 0.9910476
1740546618.434001 -0.9415103 -0.7261472 5.6111336 0.0848050 -0.1015382 -0.0001294 0.9912105
1740546618.540705 -0.9586134 -0.7542111 5.6988397 0.0840538 -0.1006806 -0.0002221 0.9913619
1740546618.647904 -0.9862191 -0.7583281 5.7917624 0.0848681 -0.0997523 0.0002873 0.9913863
1740546618.757271 -0.9869432 -0.7971243 5.8898096 0.0838132 -0.0996975 -0.0001242 0.9914816
1740546618.863363 -1.0102900 -0.8125867 5.9772034 0.0847518 -0.0988566 0.0000826 0.9914860
1740546618.976150 -1.0323362 -0.8354164 6.0722399 0.0844278 -0.0979658 0.0000312 0.9916021
1740546619.083175 -1.0457953 -0.8524651 6.1656389 0.0854912 -0.0977382 0.0000098 0.9915334
1740546619.196720 -1.0787472 -0.8576536 6.2551303 0.0859619 -0.0961914 0.0001297 0.9916440
1740546619.308388 -1.0957967 -0.8737561 6.3476396 0.0858800 -0.0962286 0.0003042 0.9916474
1740546619.420618 -1.1101576 -0.8893416 6.4443922 0.0859720 -0.0955733 0.0000167 0.9917029
1740546619.527700 -1.1349260 -0.9056873 6.5206442 0.0858162 -0.0948925 0.0000260 0.9917818
1740546619.643437 -1.1570960 -0.9176497 6.6117301 0.0867757 -0.0942994 0.0003222 0.9917548
1740546619.751033 -1.1820087 -0.9387851 6.7010689 0.0869145 -0.0934447 0.0001319 0.9918236
1740546619.860739 -1.2120991 -0.9590336 6.7818489 0.0868149 -0.0927332 0.0007011 0.9918988
1740546619.971732 -1.2284927 -0.9812105 6.8725777 0.0864921 -0.0918569 0.0006353 0.9920086
1740546620.076688 -1.2423288 -1.0081234 6.9695621 0.0863941 -0.0912089 0.0005646 0.9920769
1740546620.187975 -1.2746588 -1.0265627 7.0673184 0.0862786 -0.0896004 0.0004107 0.9922336
1740546620.292698 -1.2712655 -1.0611141 7.1590834 0.0851075 -0.0897924 -0.0000543 0.9923176
1740546620.425874 -1.2765208 -1.0837440 7.2554288 0.0847040 -0.0891809 -0.0001209 0.9924072
1740546620.532569 -1.3050478 -1.1115588 7.3347435 0.0843442 -0.0876635 0.0006517 0.9925728
1740546620.647225 -1.3109676 -1.1544440 7.4196787 0.0817273 -0.0871665 0.0008627 0.9928353
1740546620.759367 -1.3151670 -1.1983955 7.5027142 0.0794917 -0.0867541 0.0009190 0.9930528
1740546620.862923 -1.3148054 -1.2198328 7.5928679 0.0785787 -0.0859804 0.0008230 0.9931929
1740546620.971270 -1.3190711 -1.2598679 7.6605296 0.0750730 -0.0861301 0.0007757 0.9934511
1740546621.078192 -1.3161374 -1.2921355 7.7404008 0.0710216 -0.0864958 0.0000230 0.9937175
1740546621.181936 -1.3572643 -1.3133689 7.8299398 0.0698525 -0.0852837 0.0015259 0.9939039
1740546621.282017 -1.3516417 -1.3500773 7.8954325 0.0649575 -0.0870570 0.0012729 0.9940825
1740546621.388610 -1.3445807 -1.3725895 7.9863296 0.0627494 -0.0879687 0.0007873 0.9941446
1740546621.488899 -1.3471881 -1.3977072 8.0622997 0.0591498 -0.0882331 0.0001720 0.9943421
1740546621.593247 -1.3608303 -1.4399954 8.1146326 0.0538958 -0.0878211 -0.0003537 0.9946771
1740546621.706828 -1.3679037 -1.4709718 8.1599760 0.0487729 -0.0890914 -0.0002046 0.9948286
1740546621.806002 -1.3696826 -1.5075402 8.2101460 0.0439700 -0.0923928 0.0006537 0.9947512
1740546621.907638 -1.3611262 -1.5300092 8.2363768 0.0387668 -0.0970486 0.0006732 0.9945242
1740546622.009420 -1.3490815 -1.5418496 8.2680922 0.0350943 -0.1035881 0.0010172 0.9940004
1740546622.109404 -1.3418897 -1.5475409 8.3027630 0.0342608 -0.1091012 -0.0002359 0.9934400
1740546622.214390 -1.3443322 -1.5821552 8.3638430 0.0286718 -0.1120690 -0.0005926 0.9932866
1740546622.312764 -1.3280886 -1.5881398 8.3956699 0.0263941 -0.1177681 -0.0030497 0.9926856
1740546622.416024 -1.3126591 -1.6026475 8.4257059 0.0229786 -0.1225910 -0.0019131 0.9921894
1740546622.516254 -1.3102202 -1.6140348 8.4471254 0.0210384 -0.1265462 -0.0021905 0.9917352
1740546622.614820 -1.2976809 -1.6142557 8.4818096 0.0196963 -0.1337582 -0.0029102 0.9908140
1740546622.717636 -1.2616982 -1.5973623 8.5115051 0.0237468 -0.1429581 -0.0016613 0.9894425
1740546622.817666 -1.2348152 -1.5917630 8.5365353 0.0257847 -0.1514581 -0.0003216 0.9881273
1740546622.926711 -1.2127365 -1.6025223 8.6010284 0.0240822 -0.1579454 -0.0016581 0.9871528
1740546623.027830 -1.1954252 -1.6128894 8.6341190 0.0210311 -0.1654415 -0.0039754 0.9859874
1740546623.127322 -1.1716846 -1.6158245 8.6596928 0.0203215 -0.1737819 -0.0053274 0.9845601
1740546623.236247 -1.1504157 -1.6180094 8.6849556 0.0190048 -0.1822041 -0.0056581 0.9830608
1740546623.335909 -1.1258765 -1.6282756 8.7184916 0.0164739 -0.1905446 -0.0081197 0.9815067
1740546623.441167 -1.0956995 -1.6353195 8.7545252 0.0154419 -0.1995742 -0.0080696 0.9797278
1740546623.545948 -1.0767757 -1.6458693 8.7831211 0.0129110 -0.2079616 -0.0092484 0.9780080
1740546623.650956 -1.0665483 -1.6641967 8.8035765 0.0078368 -0.2155816 -0.0109705 0.9763927
1740546623.760334 -1.0486882 -1.6719630 8.8250275 0.0061625 -0.2236792 -0.0130497 0.9745560
1740546623.858175 -1.0377213 -1.6777983 8.8375587 0.0044801 -0.2296327 -0.0145415 0.9731585
1740546623.961860 -1.0244510 -1.6869850 8.8565712 0.0019899 -0.2348629 -0.0157880 0.9718983
1740546624.060065 -1.0232499 -1.7012805 8.8848267 -0.0024689 -0.2362912 -0.0161172 0.9715455
1740546624.162065 -1.0174243 -1.7023729 8.9280272 -0.0047278 -0.2366031 -0.0193001 0.9714032
1740546624.261856 -1.0154580 -1.7062660 8.9374456 -0.0059765 -0.2384031 -0.0203464 0.9709347
1740546624.359774 -1.0100343 -1.7330999 8.9579248 -0.0144178 -0.2407003 -0.0237893 0.9702008
1740546624.464707 -1.0326020 -1.7294828 9.0058088 -0.0142975 -0.2373147 -0.0244700 0.9710194
1740546624.564475 -1.0515150 -1.7348288 9.0598364 -0.0157018 -0.2335734 -0.0257101 0.9718724
1740546624.672148 -1.0796170 -1.7383225 9.0934095 -0.0165744 -0.2280511 -0.0264438 0.9731489
1740546624.773469 -1.1160405 -1.7457625 9.1095009 -0.0181006 -0.2207001 -0.0275974 0.9747832
1740546624.871130 -1.1379926 -1.7466516 9.1322327 -0.0207789 -0.2133816 -0.0283725 0.9763358
1740546624.978840 -1.1617918 -1.7540448 9.1325846 -0.0236821 -0.2042190 -0.0283659 0.9782276
1740546625.077614 -1.1776284 -1.7489237 9.1430206 -0.0214956 -0.1937080 -0.0296002 0.9803770
1740546625.182755 -1.1895057 -1.7524152 9.1551666 -0.0233161 -0.1835001 -0.0293850 0.9823037
1740546625.282155 -1.2026249 -1.7544014 9.1713343 -0.0244826 -0.1720415 -0.0300464 0.9843270
1740546625.387899 -1.2183073 -1.7533909 9.1917629 -0.0253560 -0.1603194 -0.0307842 0.9862592
1740546625.493519 -1.2386293 -1.7617520 9.2078667 -0.0294229 -0.1480649 -0.0313278 0.9880434
1740546625.592700 -1.2441710 -1.7677162 9.2381248 -0.0316232 -0.1358016 -0.0326267 0.9896936
1740546625.694561 -1.2693594 -1.7661515 9.2664957 -0.0358515 -0.1235615 -0.0327388 0.9911485
1740546625.796829 -1.2936549 -1.7736363 9.3054266 -0.0406412 -0.1113991 -0.0330729 0.9923934
1740546625.901209 -1.3258090 -1.7894980 9.3347683 -0.0449337 -0.0981291 -0.0340292 0.9935762
1740546626.004168 -1.3401487 -1.8002095 9.3660431 -0.0496875 -0.0849857 -0.0346478 0.9945391
1740546626.106022 -1.3344295 -1.8020240 9.3978529 -0.0545824 -0.0754549 -0.0368507 0.9949721
1740546626.212932 -1.3375477 -1.8139803 9.4182720 -0.0575961 -0.0671050 -0.0369236 0.9953976
1740546626.312371 -1.3021678 -1.8253920 9.4383717 -0.0629867 -0.0624702 -0.0372716 0.9953597
1740546626.416791 -1.2668917 -1.8199593 9.4704809 -0.0644482 -0.0573772 -0.0372192 0.9955747
1740546626.519217 -1.2623113 -1.8263931 9.5156698 -0.0671811 -0.0507918 -0.0370005 0.9957600
1740546626.622429 -1.2457422 -1.8340760 9.5442762 -0.0723475 -0.0444619 -0.0368063 0.9957079
1740546626.728880 -1.2364013 -1.8223273 9.5791321 -0.0721454 -0.0384623 -0.0350543 0.9960356
1740546626.828767 -1.2116441 -1.8085665 9.6117144 -0.0718315 -0.0340697 -0.0357829 0.9961923
1740546626.933139 -1.1794657 -1.7931399 9.6577196 -0.0740581 -0.0287731 -0.0367351 0.9961616
1740546627.036039 -1.1618524 -1.7701719 9.7240295 -0.0735803 -0.0225233 -0.0374850 0.9963300
1740546627.150996 -1.1397094 -1.7287588 9.7983570 -0.0719355 -0.0151687 -0.0379297 0.9965724
1740546627.248028 -1.1037728 -1.6968499 9.8632717 -0.0700622 -0.0101265 -0.0381621 0.9967610
1740546627.347796 -1.1048301 -1.6496692 9.9481297 -0.0701343 -0.0036584 -0.0391791 0.9967611
1740546627.463184 -1.0959842 -1.6318899 10.0362911 -0.0719096 0.0023186 -0.0394293 0.9966288
1740546627.561839 -1.0642982 -1.5939879 10.1146069 -0.0715368 0.0076561 -0.0402233 0.9965972
1740546627.664455 -1.0349845 -1.5741726 10.1875114 -0.0723513 0.0115701 -0.0399511 0.9965116
1740546627.766897 -1.0066006 -1.5521230 10.2557364 -0.0728062 0.0146491 -0.0400496 0.9964340
1740546627.866317 -0.9813228 -1.5342094 10.3282890 -0.0727717 0.0174190 -0.0405810 0.9963704
1740546627.978256 -0.9831336 -1.4968296 10.4035578 -0.0708332 0.0217857 -0.0427028 0.9963356
1740546628.077468 -0.9835230 -1.4618373 10.4686337 -0.0685910 0.0261050 -0.0439078 0.9963363
1740546628.182848 -0.9827255 -1.4526203 10.5466204 -0.0715556 0.0303318 -0.0438760 0.9960094
1740546628.282867 -0.9567038 -1.4535056 10.6151762 -0.0762422 0.0333783 -0.0434228 0.9955840
1740546628.382535 -0.9174719 -1.4313418 10.6857595 -0.0776947 0.0358688 -0.0433716 0.9953873
1740546628.492956 -0.8969507 -1.4132574 10.7655678 -0.0788355 0.0388913 -0.0439682 0.9951579
1740546628.594176 -0.8962266 -1.4177239 10.8347673 -0.0807017 0.0435981 -0.0447276 0.9947793
1740546628.698210 -0.8921342 -1.3713974 10.9136086 -0.0802727 0.0468709 -0.0443625 0.9946815
1740546628.799360 -0.8805932 -1.3708645 10.9880295 -0.0826149 0.0493016 -0.0449700 0.9943449
1740546628.904348 -0.8735090 -1.3488896 11.0624866 -0.0852209 0.0520777 -0.0443159 0.9940128
1740546629.007342 -0.8381163 -1.3247185 11.1369505 -0.0863403 0.0544972 -0.0440823 0.9937968
1740546629.104825 -0.8053114 -1.3106060 11.2084808 -0.0875235 0.0577198 -0.0427405 0.9935700
1740546629.217894 -0.7722203 -1.2804917 11.2704782 -0.0871263 0.0618296 -0.0435656 0.9933218
1740546629.316396 -0.7309573 -1.2582724 11.3400412 -0.0878325 0.0645768 -0.0431889 0.9931012
1740546629.424759 -0.6933790 -1.2361413 11.4097595 -0.0874969 0.0672719 -0.0430723 0.9929570
1740546629.522785 -0.6666508 -1.2336205 11.4844761 -0.0877892 0.0706368 -0.0441688 0.9926493
1740546629.622130 -0.6534159 -1.1990180 11.5506611 -0.0847523 0.0752730 -0.0444031 0.9925621
1740546629.742885 -0.6412774 -1.1642169 11.6261101 -0.0814753 0.0805343 -0.0446525 0.9924123
1740546629.848549 -0.6214933 -1.1484114 11.7086458 -0.0805532 0.0843300 -0.0452734 0.9921442
1740546629.954861 -0.6092697 -1.1024652 11.7861567 -0.0759771 0.0879755 -0.0455035 0.9921780
1740546630.053013 -0.6176171 -1.0728306 11.8602772 -0.0719905 0.0928787 -0.0466988 0.9919729
1740546630.161839 -0.5922996 -1.0440143 11.9466724 -0.0690218 0.0956992 -0.0472505 0.9918897
1740546630.262578 -0.5735428 -1.0250853 12.0194712 -0.0669434 0.0997181 -0.0479467 0.9916027
1740546630.360035 -0.5343994 -1.0119991 12.0977716 -0.0663589 0.1019694 -0.0479835 0.9914113
1740546630.488805 -0.5037414 -0.9821291 12.1689873 -0.0614294 0.1057674 -0.0489369 0.9912845
1740546630.600392 -0.4513306 -0.9641919 12.2464800 -0.0583286 0.1070405 -0.0492585 0.9913192
1740546630.708074 -0.4013572 -0.9551895 12.3250141 -0.0551455 0.1094372 -0.0501157 0.9911968
1740546630.802936 -0.3747225 -0.9498571 12.4104929 -0.0527345 0.1125479 -0.0511011 0.9909292
1740546630.903273 -0.3561942 -0.9206563 12.4917555 -0.0487254 0.1154329 -0.0517512 0.9907688
1740546631.003895 -0.3273725 -0.9123070 12.5757637 -0.0468331 0.1176978 -0.0523319 0.9905631
1740546631.101247 -0.2986819 -0.9052733 12.6564293 -0.0449971 0.1201126 -0.0522827 0.9903609
1740546631.204982 -0.2386575 -0.8848540 12.7295580 -0.0411779 0.1213902 -0.0526327 0.9903528
1740546631.302716 -0.2128503 -0.8739250 12.8179817 -0.0382658 0.1245341 -0.0536220 0.9900261
1740546631.404280 -0.1864997 -0.8655009 12.9017601 -0.0349757 0.1272588 -0.0545307 0.9897516
1740546631.502984 -0.1707459 -0.8491667 12.9856672 -0.0324524 0.1305858 -0.0541121 0.9894271
1740546631.599031 -0.1249730 -0.8515456 13.0573511 -0.0330456 0.1317131 -0.0539493 0.9892669
1740546631.699637 -0.0874683 -0.8249459 13.1386900 -0.0285484 0.1337030 -0.0546279 0.9891028
1740546631.796618 -0.0521418 -0.8072435 13.2215099 -0.0250355 0.1358107 -0.0551990 0.9888790
1740546631.895588 -0.0338381 -0.8024676 13.3138618 -0.0220866 0.1386219 -0.0556848 0.9885319
1740546631.999527 -0.0249663 -0.8023848 13.4090776 -0.0207737 0.1426662 -0.0556892 0.9879846
1740546632.095957 0.0024157 -0.8065947 13.5011301 -0.0205599 0.1462517 -0.0555047 0.9874750
1740546632.197168 0.0531618 -0.8143599 13.6135311 -0.0194451 0.1488562 -0.0559162 0.9870852
1740546632.296576 0.0873154 -0.8173178 13.7075701 -0.0186076 0.1527943 -0.0558381 0.9865038
1740546632.389587 0.1431051 -0.8280631 13.8110161 -0.0185324 0.1554681 -0.0563178 0.9860601
1740546632.495532 0.1689337 -0.8168168 13.9125128 -0.0174829 0.1594437 -0.0560202 0.9854612
1740546632.693033 0.2436236 -0.8083158 14.1079931 -0.0170942 0.1668063 -0.0561789 0.9842395
1740546632.787873 0.2500278 -0.8035676 14.2163658 -0.0171266 0.1711013 -0.0558898 0.9835178
1740546632.884486 0.2916354 -0.8033780 14.3292723 -0.0170116 0.1743420 -0.0564577 0.9829181
1740546632.984458 0.3355654 -0.8145750 14.4252119 -0.0181364 0.1780158 -0.0563407 0.9822460
1740546633.280538 0.4619937 -0.8283764 14.7166500 -0.0213488 0.1912626 -0.0556652 0.9797266
1740546633.374624 0.5049626 -0.8172901 14.8248224 -0.0216847 0.1959796 -0.0553248 0.9788059
1740546633.769554 0.7175119 -0.8051415 15.2147446 -0.0304579 0.2155132 -0.0535255 0.9745570
1740546634.082053 0.8916852 -0.7969940 15.4873486 -0.0405902 0.2316656 -0.0513119 0.9705929
1740546634.282005 1.0180663 -0.7769759 15.6659470 -0.0475672 0.2423423 -0.0498438 0.9677413
1740546634.568048 1.1795062 -0.7240230 15.9420958 -0.0604582 0.2585199 -0.0474920 0.9629418
1740546634.769527 1.2998292 -0.6780071 16.1120491 -0.0693270 0.2692348 -0.0453527 0.9595048
1740546634.962910 1.4397825 -0.6263447 16.2762146 -0.0770155 0.2788401 -0.0436895 0.9562469
1740546635.151721 1.5808097 -0.5817083 16.4313335 -0.0847171 0.2877285 -0.0420655 0.9530299
1740546635.346174 1.7080885 -0.5234119 16.5989151 -0.0907734 0.2971534 -0.0412992 0.9496075
1740546635.536976 1.8436413 -0.4777412 16.7598381 -0.0950628 0.3051706 -0.0406436 0.9466689
1740546635.730396 1.9734685 -0.4418798 16.9351368 -0.0986496 0.3146395 -0.0399667 0.9432247
1740546635.921406 2.1122112 -0.3920681 17.0857964 -0.1008069 0.3226130 -0.0401023 0.9402928
1740546636.116881 2.2459698 -0.3567738 17.2548218 -0.1012479 0.3308574 -0.0406300 0.9373534
1740546636.310376 2.3815224 -0.3279425 17.4263878 -0.1023504 0.3403180 -0.0413396 0.9338090
1740546636.499302 2.5362163 -0.2980475 17.5643692 -0.1010314 0.3473246 -0.0424846 0.9313180
1740546636.689282 2.7020533 -0.2751344 17.7102070 -0.0991017 0.3557967 -0.0441697 0.9282439
1740546636.878782 2.8658040 -0.2588086 17.8492508 -0.0989523 0.3634207 -0.0448680 0.9252679
1740546637.068295 3.0280776 -0.2094249 17.9852104 -0.0965627 0.3707253 -0.0467898 0.9225233
1740546637.273620 3.1902637 -0.1908611 18.1291809 -0.0970798 0.3779832 -0.0472229 0.9194967
1740546637.469254 3.3478184 -0.1674386 18.2799988 -0.0971641 0.3844297 -0.0478565 0.9167785
1740546637.657557 3.4864545 -0.1214027 18.4418411 -0.0973019 0.3907202 -0.0479632 0.9140949
1740546638.046492 3.8084030 -0.0510842 18.7276268 -0.1003176 0.4019793 -0.0477425 0.9088838
1740546638.336276 4.0645156 -0.0145397 18.9243031 -0.1030124 0.4091163 -0.0471654 0.9054213
1740546638.632728 4.3306427 0.0049974 19.1060734 -0.1056137 0.4145866 -0.0461584 0.9026811
1740546638.920983 4.5671659 0.0962154 19.3113365 -0.1077463 0.4205936 -0.0454485 0.8996812
1740546639.214640 4.8089986 0.1570974 19.5168839 -0.1107973 0.4256595 -0.0446319 0.8969648
1740546639.404981 4.9845448 0.1933749 19.6343994 -0.1117272 0.4279984 -0.0450998 0.8957123
1740546639.701864 5.2471209 0.2381101 19.8112316 -0.1140484 0.4324381 -0.0438758 0.8933450
1740546639.999621 5.4931722 0.2958994 20.0107727 -0.1148520 0.4363731 -0.0419670 0.8914182
1740546640.299767 5.7766571 0.3223624 20.1609592 -0.1154354 0.4359253 -0.0409315 0.8916100
1740546640.594722 6.0077615 0.3893326 20.3609161 -0.1148858 0.4359497 -0.0416095 0.8916377
1740546640.799363 6.1689391 0.4320456 20.4847755 -0.1162895 0.4343847 -0.0398895 0.8922979
1740546641.088978 6.4083686 0.5142184 20.6867619 -0.1125518 0.4317690 -0.0411196 0.8939893
1740546641.384669 6.6534915 0.5166630 20.8902435 -0.1120018 0.4295058 -0.0408978 0.8951579
1740546641.677699 6.8887453 0.5824825 21.1091194 -0.1087891 0.4270886 -0.0436859 0.8965778
1740546641.981903 7.1456461 0.6010408 21.2777500 -0.1054347 0.4234787 -0.0435696 0.8986941
1740546642.284884 7.3424816 0.6690135 21.4847584 -0.0997606 0.4232338 -0.0485503 0.8992018
1740546642.581136 7.5759149 0.7060135 21.6865311 -0.0916571 0.4231475 -0.0502841 0.9000093
1740546642.789196 7.7226162 0.6891165 21.8043156 -0.0873707 0.4224117 -0.0510124 0.9007399
1740546642.992336 7.9014874 0.7178273 21.9223042 -0.0815940 0.4243214 -0.0552639 0.9001331
1740546643.200533 8.0446930 0.7399669 22.0789490 -0.0748062 0.4279602 -0.0594996 0.8987291
1740546643.296225 8.1265297 0.7403136 22.1126328 -0.0725036 0.4278599 -0.0601320 0.8989234
1740546643.392256 8.2116213 0.7339690 22.1663685 -0.0695165 0.4284776 -0.0602588 0.8988566
1740546643.499738 8.2824211 0.7423692 22.2157440 -0.0658103 0.4292451 -0.0628845 0.8985896
1740546643.595407 8.3776999 0.7396639 22.2632866 -0.0620072 0.4293581 -0.0631150 0.8987899
1740546643.701154 8.4464750 0.7389354 22.3415794 -0.0596682 0.4307696 -0.0649204 0.8981439
1740546643.798254 8.5253925 0.7367011 22.3983898 -0.0563717 0.4321690 -0.0657630 0.8976232
1740546643.895276 8.6159077 0.7303364 22.4461479 -0.0537133 0.4331353 -0.0678866 0.8971623
1740546643.997739 8.6970692 0.7338820 22.5100060 -0.0497449 0.4345681 -0.0693482 0.8965862
1740546644.206281 8.8712864 0.7324211 22.6188431 -0.0439284 0.4349502 -0.0718389 0.8965087
1740546644.306783 8.9372263 0.7233303 22.6851540 -0.0410743 0.4365007 -0.0738451 0.8957271
1740546644.405734 9.0091343 0.7146193 22.7428551 -0.0381458 0.4366175 -0.0750604 0.8956986
1740546644.518813 9.0792789 0.6906507 22.8034973 -0.0358434 0.4371162 -0.0756846 0.8954979
1740546644.718275 9.2449236 0.6668646 22.9129696 -0.0297790 0.4376057 -0.0785014 0.8952386
1740546644.817829 9.3043289 0.6607490 22.9948864 -0.0270845 0.4392163 -0.0797567 0.8944240
1740546645.225431 9.5033741 0.5466996 23.1582870 -0.0185066 0.4381698 -0.0831322 0.8948485
1740546645.426033 9.5411463 0.5168135 23.1896782 -0.0142157 0.4360971 -0.0842043 0.8958387
1740546645.626518 9.5629730 0.4965059 23.2097549 -0.0097916 0.4350389 -0.0844749 0.8963869
1740546645.733369 9.5722370 0.4861078 23.2191391 -0.0082636 0.4344477 -0.0855743 0.8965846
1740546646.343710 9.6189976 0.4551493 23.2628937 0.0036441 0.4333030 -0.0949788 0.8962222
1740546646.449656 9.6210766 0.4532652 23.2657356 0.0055893 0.4331375 -0.0971039 0.8960645
1740546646.551711 9.6209154 0.4514788 23.2709541 0.0077538 0.4321812 -0.0969093 0.8965310
1740546646.651712 9.6437798 0.4326319 23.2949848 0.0100982 0.4307975 -0.0983481 0.8970169
1740546646.757130 9.6734276 0.4121652 23.3162003 0.0136129 0.4283738 -0.0994625 0.8980077
1740546646.855624 9.6949062 0.4006188 23.3449593 0.0183437 0.4271922 -0.0994337 0.8984895
1740546646.963935 9.7305012 0.3717945 23.4009933 0.0212016 0.4256136 -0.1002150 0.8990887
1740546647.160739 9.7269297 0.3786368 23.3993225 0.0256659 0.4265318 -0.1057068 0.8979076
1740546647.271702 9.7829247 0.3288074 23.4418640 0.0292488 0.4219545 -0.1070935 0.8997943
1740546647.371316 9.8439569 0.2928576 23.4837265 0.0331074 0.4163715 -0.1078845 0.9021639
1740546647.475609 9.9177837 0.2634263 23.5349541 0.0386546 0.4108961 -0.1092848 0.9042827
1740546647.578155 9.9827642 0.2372992 23.5800438 0.0428074 0.4068393 -0.1109487 0.9057261
1740546647.677094 10.0554619 0.2059393 23.6352177 0.0468462 0.4038490 -0.1131683 0.9065894
1740546647.780804 10.1176834 0.1752877 23.6815453 0.0512975 0.3998969 -0.1153383 0.9078261
1740546647.878920 10.1661568 0.1359661 23.7239304 0.0550092 0.3960949 -0.1169073 0.9090740
1740546647.986372 10.2245674 0.0952706 23.7698822 0.0594815 0.3915143 -0.1181493 0.9106148
1740546648.082004 10.2862654 0.0492792 23.8194141 0.0646574 0.3859385 -0.1190535 0.9125224
1740546648.182157 10.3449688 0.0096784 23.8773232 0.0699705 0.3807602 -0.1209218 0.9140590
1740546648.283473 10.3994055 -0.0183849 23.9291611 0.0752407 0.3754257 -0.1243718 0.9153830
1740546648.384657 10.4542542 -0.0408452 23.9862595 0.0819291 0.3704646 -0.1263430 0.9165593
1740546648.486464 10.5088043 -0.0794895 24.0299664 0.0886508 0.3633650 -0.1282489 0.9185092
1740546648.585571 10.5679111 -0.1090236 24.0745583 0.0964239 0.3558678 -0.1306060 0.9203274
1740546648.682253 10.6228724 -0.1589768 24.1273537 0.1004002 0.3498614 -0.1331838 0.9218345
1740546648.784169 10.6771803 -0.2016292 24.1783028 0.1079009 0.3437512 -0.1354785 0.9229508
1740546648.885635 10.7268066 -0.2283432 24.2318535 0.1165089 0.3385724 -0.1394732 0.9232235
1740546648.987354 10.7709465 -0.2835832 24.3095551 0.1225524 0.3341730 -0.1408400 0.9238363
1740546649.086984 10.8106155 -0.3333471 24.3785229 0.1282233 0.3305525 -0.1422216 0.9241574
1740546649.183444 10.8523550 -0.3836570 24.4211884 0.1313236 0.3264846 -0.1447256 0.9247791
1740546649.283815 10.8973856 -0.4162498 24.4781609 0.1391548 0.3214521 -0.1473407 0.9249839
1740546649.381502 10.9340773 -0.4590242 24.5514488 0.1435897 0.3198419 -0.1503976 0.9243721
1740546649.486896 10.9711533 -0.5073583 24.6316071 0.1500413 0.3166404 -0.1536978 0.9239066
1740546649.584020 11.0051880 -0.5425372 24.6905613 0.1570023 0.3140276 -0.1558081 0.9232880
1740546649.679413 11.0521545 -0.5943301 24.7389126 0.1611343 0.3107888 -0.1587151 0.9231769
1740546649.782580 11.0892229 -0.6264727 24.7793922 0.1676827 0.3072289 -0.1617562 0.9226743
1740546649.885233 11.1194305 -0.6650431 24.8434677 0.1744892 0.3058139 -0.1638593 0.9215105
1740546649.985534 11.1667433 -0.7068176 24.9106464 0.1822330 0.3027633 -0.1665717 0.9205321
1740546650.084603 11.2022038 -0.7513890 24.9766998 0.1895578 0.3018779 -0.1681166 0.9190617
1740546650.184168 11.2306213 -0.7982981 25.0398750 0.1936140 0.3017963 -0.1699352 0.9179078
1740546650.286331 11.2535992 -0.8291841 25.0925903 0.1994762 0.3025374 -0.1722963 0.9159663
1740546650.384191 11.2839375 -0.8705392 25.1630898 0.2073218 0.3036833 -0.1739003 0.9135386
1740546650.487621 11.3401299 -0.9249811 25.2350521 0.2140438 0.3020231 -0.1754609 0.9122394
1740546650.585979 11.3762665 -0.9739552 25.2974319 0.2204119 0.3037689 -0.1769213 0.9098582
1740546650.682552 11.4125986 -1.0227246 25.3714066 0.2264834 0.3045810 -0.1778760 0.9079074
1740546650.785344 11.4576988 -1.0791655 25.4432144 0.2332513 0.3042397 -0.1789320 0.9060990
1740546650.884881 11.5081558 -1.1260982 25.5116787 0.2388909 0.3047220 -0.1801325 0.9042278
1740546650.985261 11.5610189 -1.1782875 25.5855980 0.2457964 0.3048828 -0.1810522 0.9021368
1740546651.083494 11.6165314 -1.2399468 25.6581974 0.2516718 0.3053543 -0.1818136 0.9002022
1740546651.180394 11.6648130 -1.2966342 25.7265434 0.2569248 0.3062569 -0.1836865 0.8980288
1740546651.282821 11.7177553 -1.3531394 25.7980042 0.2632451 0.3063497 -0.1848578 0.8959239
1740546651.380721 11.7673111 -1.4125261 25.8768539 0.2688361 0.3077362 -0.1856424 0.8936232
1740546651.487026 11.8138800 -1.4838276 25.9497700 0.2740043 0.3085939 -0.1866070 0.8915544
1740546651.584319 11.8504829 -1.5682416 26.0014458 0.2777021 0.3088050 -0.1871864 0.8902147
1740546651.678443 11.8962288 -1.6473074 26.0566788 0.2818944 0.3102359 -0.1882388 0.8881753
1740546651.780844 11.9392567 -1.7208023 26.1182365 0.2861175 0.3117736 -0.1885341 0.8862217
1740546651.875866 11.9873610 -1.7821732 26.1876755 0.2902380 0.3129310 -0.1888029 0.8844148
1740546651.978966 12.0380878 -1.8613739 26.2388535 0.2931618 0.3137163 -0.1898132 0.8829548
1740546652.078520 12.0942049 -1.9214187 26.2972412 0.2965229 0.3139605 -0.1910832 0.8814706
1740546652.176442 12.1457138 -1.9766350 26.3659554 0.3009369 0.3149826 -0.1922227 0.8793597
1740546652.283927 12.1900978 -2.0541263 26.4280624 0.3044374 0.3164912 -0.1925453 0.8775406
1740546652.381065 12.2294579 -2.1323209 26.4913826 0.3070619 0.3177317 -0.1930723 0.8760609
1740546652.483751 12.2732334 -2.1986756 26.5608139 0.3094955 0.3182248 -0.1938064 0.8748626
1740546652.585618 12.3169928 -2.2639728 26.6388187 0.3132057 0.3197143 -0.1927613 0.8732285
1740546652.680202 12.3612261 -2.3287659 26.6873779 0.3149478 0.3199085 -0.1938687 0.8722852
1740546652.782715 12.4011478 -2.3882694 26.7580471 0.3176855 0.3216279 -0.1944037 0.8705394
1740546652.878856 12.4350929 -2.4811845 26.8123169 0.3184373 0.3220982 -0.1933392 0.8703278
1740546652.986517 12.4883986 -2.5574751 26.8766060 0.3205483 0.3223587 -0.1940180 0.8693048
1740546653.085153 12.5344734 -2.6187916 26.9424267 0.3221455 0.3222131 -0.1942933 0.8687066
1740546653.180206 12.5736980 -2.6839433 27.0184669 0.3236932 0.3237493 -0.1942007 0.8675801
1740546653.286463 12.6068792 -2.7510462 27.0912132 0.3248086 0.3249573 -0.1931319 0.8669499
1740546653.484422 12.7088661 -2.9152341 27.2003937 0.3257447 0.3252728 -0.1942719 0.8662254
1740546653.583923 12.7521343 -2.9985514 27.2581806 0.3259566 0.3255096 -0.1938217 0.8661576
1740546653.683648 12.7943630 -3.0731835 27.3271828 0.3260517 0.3264019 -0.1932286 0.8659185
1740546653.787477 12.8399200 -3.1457744 27.3844547 0.3265637 0.3259133 -0.1932646 0.8659015
1740546653.899928 12.8863792 -3.2167788 27.4498386 0.3264033 0.3258466 -0.1935503 0.8659234
1740546654.101670 12.9772758 -3.3711305 27.5740299 0.3262648 0.3254439 -0.1938128 0.8660682
1740546654.203485 13.0177622 -3.4472589 27.6396484 0.3260120 0.3257324 -0.1938051 0.8660566
1740546654.318604 13.0609570 -3.5169296 27.7059345 0.3260479 0.3256819 -0.1935800 0.8661125
1740546654.418363 13.1084766 -3.5940180 27.7666264 0.3257157 0.3255436 -0.1937699 0.8662470
1740546654.632504 13.2010450 -3.7369962 27.8943748 0.3242604 0.3254491 -0.1934046 0.8669099
1740546654.738131 13.2402554 -3.8091536 27.9648418 0.3238250 0.3261377 -0.1927047 0.8669697
1740546654.837958 13.2912054 -3.8781157 28.0254250 0.3232756 0.3258741 -0.1923838 0.8673451
1740546654.937150 13.3325233 -3.9551277 28.0929909 0.3220431 0.3258750 -0.1924158 0.8677960
1740546655.041080 13.3753805 -4.0283628 28.1584911 0.3211806 0.3262164 -0.1922228 0.8680301
1740546655.141532 13.4215059 -4.1052842 28.2181206 0.3202769 0.3253485 -0.1924341 0.8686427
1740546655.352037 13.5190220 -4.2593541 28.3435860 0.3180326 0.3246262 -0.1921954 0.8697897
1740546655.452679 13.5605593 -4.3359666 28.4115982 0.3164845 0.3240166 -0.1922807 0.8705624
1740546655.562193 13.6036949 -4.4125872 28.4788132 0.3148622 0.3236551 -0.1915386 0.8714483
1740546655.665499 13.6479378 -4.4753327 28.5495338 0.3133248 0.3232147 -0.1918663 0.8720936
1740546655.769076 13.6923599 -4.5454240 28.6157837 0.3115440 0.3221099 -0.1918542 0.8731423
1740546655.869642 13.7277050 -4.6098714 28.6910477 0.3092438 0.3223737 -0.1914394 0.8739534
1740546655.975414 13.7623034 -4.6863046 28.7568970 0.3063309 0.3230706 -0.1899485 0.8750464
1740546656.081387 13.8138504 -4.7681465 28.8239708 0.3048503 0.3201229 -0.1913209 0.8763469
1740546656.288213 13.8741245 -4.8911948 28.9734573 0.3011715 0.3197466 -0.1906472 0.8779017
1740546656.389786 13.9001799 -4.9551554 29.0439529 0.2971663 0.3195022 -0.1904645 0.8793940
1740546656.501624 13.9356308 -5.0274239 29.1326256 0.2959564 0.3195119 -0.1900562 0.8798867
1740546656.603678 13.9799004 -5.0949354 29.2046051 0.2936912 0.3183953 -0.1893648 0.8811985
1740546656.707463 14.0262070 -5.1517382 29.2713165 0.2918342 0.3174933 -0.1894839 0.8821149
1740546656.814904 14.0891418 -5.2201042 29.3272839 0.2892842 0.3148737 -0.1893763 0.8839151
1740546656.915819 14.1224394 -5.2717562 29.4060078 0.2870448 0.3142358 -0.1893000 0.8848880
1740546657.022702 14.1515675 -5.3369179 29.4895401 0.2840343 0.3140371 -0.1888041 0.8860351
1740546657.125037 14.2063980 -5.3885307 29.5577278 0.2823076 0.3129906 -0.1880101 0.8871254
1740546657.231846 14.2301407 -5.4416752 29.6464138 0.2800443 0.3134663 -0.1877695 0.8877256
1740546657.335971 14.2623186 -5.5048828 29.7278633 0.2777064 0.3133788 -0.1866527 0.8887259
1740546657.434391 14.3087921 -5.5639658 29.8016720 0.2753738 0.3121018 -0.1865312 0.8899258
1740546657.541411 14.3482370 -5.6210389 29.8864441 0.2737819 0.3119738 -0.1868529 0.8903942
1740546657.643895 14.3745766 -5.6927028 29.9658852 0.2712141 0.3125313 -0.1856102 0.8912441
1740546657.757201 14.4111414 -5.7315998 30.0451088 0.2707954 0.3129524 -0.1854636 0.8912541
1740546657.860289 14.4625883 -5.7915235 30.1199036 0.2704625 0.3126299 -0.1853711 0.8914876
1740546657.974066 14.5044823 -5.8364182 30.1912231 0.2702174 0.3124109 -0.1861885 0.8914684
1740546658.080175 14.5440598 -5.9066753 30.2754860 0.2699827 0.3132703 -0.1855326 0.8913746
1740546658.183701 14.6125059 -5.9598765 30.3428631 0.2698226 0.3124744 -0.1865639 0.8914872
1740546658.290715 14.6448374 -6.0283175 30.4128418 0.2696297 0.3134686 -0.1865503 0.8911993
1740546658.397846 14.6770353 -6.1005092 30.4910164 0.2700059 0.3137584 -0.1868295 0.8909249
1740546658.506975 14.6948586 -6.1683664 30.5738869 0.2704625 0.3155379 -0.1871962 0.8900806
1740546658.610174 14.7696409 -6.2285433 30.6380005 0.2731934 0.3131483 -0.1877764 0.8899683
1740546658.725148 14.7859011 -6.2917652 30.7140732 0.2748904 0.3146854 -0.1885804 0.8887327
1740546658.824600 14.8102083 -6.3554120 30.7865238 0.2779083 0.3156189 -0.1897298 0.8872172
1740546658.927895 14.8361111 -6.4190950 30.8577614 0.2811225 0.3164687 -0.1913309 0.8855565
1740546659.049501 14.8795471 -6.4851561 30.9261665 0.2842669 0.3158802 -0.1925418 0.8844997
1740546659.152825 14.9151897 -6.5376801 31.0111465 0.2881167 0.3152656 -0.1942536 0.8830979
1740546659.259966 14.9729719 -6.5966330 31.0858383 0.2943640 0.3119155 -0.1971091 0.8815932
1740546659.367122 15.0049973 -6.6582232 31.1607780 0.2997611 0.3099557 -0.1990784 0.8800219
1740546659.467316 15.0379038 -6.7349005 31.2377090 0.3054425 0.3076229 -0.2015065 0.8783326
1740546659.578971 15.0555992 -6.8085780 31.3136292 0.3120040 0.3053932 -0.2044638 0.8761182
1740546659.681237 15.1021538 -6.8952627 31.3709564 0.3187470 0.3006228 -0.2079413 0.8745208
1740546659.792493 15.1159363 -6.9788065 31.4407005 0.3259881 0.2976208 -0.2110832 0.8721225
1740546659.896714 15.1313829 -7.0533180 31.5067787 0.3336514 0.2942384 -0.2141009 0.8696329
1740546660.006482 15.1380596 -7.1324043 31.5801048 0.3417792 0.2914967 -0.2172795 0.8666062
1740546660.113173 15.1463089 -7.2098846 31.6546936 0.3505300 0.2893711 -0.2207679 0.8629338
1740546660.212697 15.1661949 -7.2980070 31.7135715 0.3580363 0.2855869 -0.2244249 0.8601649
1740546660.325274 15.1975517 -7.3907366 31.7652054 0.3655830 0.2820824 -0.2271515 0.8574269
1740546660.430978 15.2271633 -7.4768305 31.8273544 0.3736406 0.2791017 -0.2304036 0.8540546
1740546660.535959 15.2541647 -7.5654926 31.8840828 0.3818531 0.2762150 -0.2332016 0.8505942
1740546660.835908 15.3232012 -7.8555813 32.0343819 0.4055750 0.2677599 -0.2413947 0.8399655
1740546661.136339 15.3640852 -8.1529055 32.1725502 0.4264359 0.2618301 -0.2472164 0.8297479
1740546661.333671 15.4013767 -8.3332300 32.2836685 0.4393840 0.2585585 -0.2516054 0.8226689
1740546661.531044 15.4522877 -8.5391407 32.3526840 0.4505367 0.2553785 -0.2550670 0.8165411
1740546661.728663 15.4932880 -8.7439661 32.4129791 0.4595636 0.2514089 -0.2586389 0.8116038
1740546661.827120 15.5024767 -8.8380251 32.4596443 0.4639583 0.2496357 -0.2598309 0.8092667
1740546662.031542 15.5213585 -9.0479641 32.5362625 0.4696138 0.2456418 -0.2633112 0.8060957
1740546662.335883 15.5807934 -9.3434849 32.6680298 0.4736749 0.2373451 -0.2693973 0.8041918
1740546662.434495 15.5984945 -9.4313421 32.7223358 0.4743125 0.2345488 -0.2710443 0.8040830
1740546662.747718 15.6155643 -9.7212563 32.8731842 0.4720509 0.2239092 -0.2770722 0.8063892
1740546663.043678 15.6069660 -10.0055084 33.0246048 0.4658639 0.2120403 -0.2841808 0.8107101
1740546663.248905 15.6150103 -10.1864967 33.1462364 0.4596623 0.2031205 -0.2893547 0.8146941
1740546663.549186 15.6437159 -10.4410419 33.3438225 0.4484209 0.1894285 -0.2969160 0.8215086
1740546663.849351 15.6395769 -10.6994743 33.5365829 0.4348081 0.1754048 -0.3043197 0.8291951
1740546664.253612 15.6116714 -11.0463657 33.8008575 0.4143193 0.1560972 -0.3135910 0.8400202
1740546664.553696 15.6030254 -11.2648621 34.0374680 0.3994108 0.1429094 -0.3197396 0.8472393
1740546664.756765 15.5928593 -11.4247913 34.1839752 0.3888415 0.1338775 -0.3243975 0.8518482
1740546665.051666 15.5877953 -11.6647348 34.4106979 0.3733634 0.1198743 -0.3314380 0.8581252
1740546665.352322 15.5638313 -11.8449116 34.6619530 0.3582818 0.1082134 -0.3369376 0.8639427
1740546665.552238 15.5535049 -11.9857416 34.8420639 0.3479747 0.1000605 -0.3406126 0.8676893
1740546665.845768 15.5042000 -12.2041855 35.0796432 0.3318952 0.0888336 -0.3452868 0.8733448
1740546666.143266 15.4889374 -12.3864365 35.3375359 0.3163457 0.0770300 -0.3496249 0.8784955
1740546666.441899 15.4232445 -12.5490704 35.6104660 0.3008534 0.0669302 -0.3541058 0.8829591
1740546666.749415 15.3988600 -12.7178135 35.8798752 0.2844926 0.0555143 -0.3589037 0.8872262
1740546666.847682 15.4076309 -12.7672005 35.9757042 0.2794628 0.0508137 -0.3615970 0.8880124
1740546667.141929 15.3493614 -12.9074612 36.2535706 0.2620148 0.0406274 -0.3658248 0.8921154
1740546667.440395 15.3036013 -13.0470123 36.5369682 0.2428752 0.0320901 -0.3693699 0.8964083
1740546667.737851 15.2534885 -13.1730003 36.8235703 0.2238044 0.0244349 -0.3727621 0.9002016
1740546667.941581 15.2214823 -13.2378531 37.0241508 0.2097082 0.0200903 -0.3749951 0.9027722
1740546668.343555 15.1738768 -13.3619642 37.4253120 0.1827202 0.0158817 -0.3776726 0.9075927
1740546668.643224 15.1632881 -13.4528332 37.7250633 0.1631757 0.0129698 -0.3791092 0.9107589
1740546668.844518 15.1482735 -13.4930973 37.9335556 0.1510178 0.0114938 -0.3798351 0.9125715
1740546669.145386 15.1142769 -13.5438337 38.2401657 0.1349827 0.0095020 -0.3817235 0.9143175
1740546669.443137 15.1146660 -13.5987787 38.5521622 0.1199821 0.0077485 -0.3832485 0.9157865
1740546669.644032 15.1044941 -13.6247196 38.7543640 0.1105709 0.0067357 -0.3831940 0.9170011
1740546669.847498 15.0898190 -13.6622648 38.9524612 0.1014727 0.0050282 -0.3834284 0.9179655
1740546670.049767 15.0578737 -13.6811123 39.1565323 0.0945092 0.0032625 -0.3842261 0.9183832
1740546670.244358 15.0380507 -13.7122021 39.3604736 0.0868541 0.0004516 -0.3847875 0.9189095
1740546670.451168 15.0443983 -13.7535849 39.5674171 0.0786679 -0.0027850 -0.3861972 0.9190513
1740546670.650998 15.0433292 -13.7566614 39.7723274 0.0711391 -0.0061504 -0.3872803 0.9191928
1740546670.761912 15.0277214 -13.7702427 39.8763351 0.0659945 -0.0072316 -0.3866504 0.9198337
1740546670.952521 15.0099316 -13.7657232 40.0895424 0.0578442 -0.0114898 -0.3888288 0.9194206
1740546671.053303 15.0093117 -13.7550735 40.1910019 0.0536887 -0.0149859 -0.3908212 0.9187773
1740546671.149778 15.0006580 -13.7518482 40.2949257 0.0484206 -0.0176575 -0.3920867 0.9184834
1740546671.245485 14.9989586 -13.7398911 40.3978577 0.0442567 -0.0206983 -0.3922435 0.9185630
1740546671.344940 14.9960194 -13.7234297 40.4934464 0.0390123 -0.0228014 -0.3920546 0.9188315
1740546671.441200 14.9962835 -13.7010212 40.5907097 0.0353813 -0.0255770 -0.3926036 0.9186710
1740546671.542095 14.9953699 -13.6879168 40.6755524 0.0294632 -0.0285988 -0.3941114 0.9181450
1740546671.636873 14.9832211 -13.6783371 40.7646332 0.0242395 -0.0309161 -0.3938714 0.9183256
1740546671.732307 14.9658337 -13.6797705 40.8533287 0.0181076 -0.0335817 -0.3942417 0.9182145
1740546671.836102 14.9345160 -13.6773958 40.9554901 0.0119935 -0.0347752 -0.3944047 0.9182003
1740546671.927902 14.9258776 -13.6584883 41.0623703 0.0071227 -0.0374017 -0.3946001 0.9180639
1740546672.036080 14.9204903 -13.6388693 41.1642570 0.0026914 -0.0391213 -0.3947463 0.9179530
1740546672.224473 14.9142780 -13.6019640 41.3796501 -0.0059307 -0.0423102 -0.3949094 0.9177262
1740546672.326165 14.9012470 -13.5912771 41.4835815 -0.0100151 -0.0431949 -0.3948771 0.9176633
1740546672.523412 14.8798962 -13.5629387 41.7068100 -0.0171720 -0.0453911 -0.3950020 0.9173975
1740546672.624621 14.8768730 -13.5507126 41.8042946 -0.0197267 -0.0458401 -0.3950844 0.9172883
1740546672.720117 14.8545160 -13.5408802 41.9073906 -0.0231275 -0.0449171 -0.3957095 0.9169850
1740546672.820025 14.8541374 -13.5361891 42.0191956 -0.0252648 -0.0454217 -0.3958130 0.9168591
1740546672.916525 14.8569145 -13.5268288 42.1284485 -0.0266934 -0.0457371 -0.3957179 0.9168440
1740546673.017142 14.8588734 -13.5067225 42.2337494 -0.0275350 -0.0453385 -0.3953336 0.9170047
1740546673.112395 14.8494225 -13.4951982 42.3351707 -0.0282830 -0.0445971 -0.3956791 0.9168693
1740546673.208636 14.8376408 -13.4932022 42.4405899 -0.0298457 -0.0435724 -0.3960217 0.9167210
1740546673.310653 14.8409195 -13.4848757 42.5442162 -0.0296958 -0.0433557 -0.3957310 0.9168617
1740546673.407671 14.8388844 -13.4784708 42.6565170 -0.0301194 -0.0424791 -0.3956433 0.9169268
1740546673.517518 14.8329601 -13.4715405 42.7604752 -0.0303308 -0.0416642 -0.3957896 0.9168941
1740546673.707987 14.8310680 -13.4544697 42.9724693 -0.0296252 -0.0405919 -0.3958654 0.9169325
1740546673.907650 14.8214874 -13.4379168 43.1902618 -0.0287640 -0.0391199 -0.3962209 0.9168704
1740546674.113832 14.8124619 -13.4294529 43.4021759 -0.0274174 -0.0387520 -0.3956938 0.9171548
1740546674.309347 14.7916908 -13.4140606 43.6148415 -0.0257813 -0.0375356 -0.3962057 0.9170319
1740546674.603648 14.7800112 -13.3827257 43.9243011 -0.0237824 -0.0380723 -0.3964973 0.9169377
1740546674.701451 14.7640495 -13.3773785 44.0261002 -0.0225779 -0.0373835 -0.3966531 0.9169291
1740546674.901914 14.7581348 -13.3708353 44.2426910 -0.0215042 -0.0384576 -0.3963530 0.9170403
1740546675.101604 14.7374458 -13.3616867 44.4557724 -0.0205415 -0.0385574 -0.3964052 0.9170356
1740546675.486130 14.7058840 -13.3346310 44.8806343 -0.0185496 -0.0398489 -0.3965916 0.9169422
1740546675.682981 14.7026138 -13.3243294 45.0929413 -0.0176509 -0.0411540 -0.3963344 0.9170135
1740546676.080467 14.6782885 -13.2951908 45.5146217 -0.0170080 -0.0426796 -0.3961838 0.9170210
1740546676.484244 14.6496849 -13.2842188 45.9415703 -0.0164716 -0.0455244 -0.3962736 0.9168553
1740546676.884627 14.6099911 -13.2474384 46.3639793 -0.0180355 -0.0471291 -0.3963310 0.9167199
1740546677.182819 14.5749922 -13.2241039 46.6825371 -0.0222971 -0.0475330 -0.3965855 0.9164952
1740546677.481049 14.5404015 -13.1989231 47.0000687 -0.0301480 -0.0458513 -0.3970174 0.9161692
1740546677.786813 14.4805326 -13.1880341 47.3161697 -0.0434515 -0.0403837 -0.3977288 0.9155834
1740546677.985462 14.4558296 -13.1667013 47.5277519 -0.0550205 -0.0352032 -0.3983934 0.9148859
1740546678.398057 14.4807158 -13.0730152 47.9408798 -0.0861561 -0.0203324 -0.3993411 0.9125187
1740546678.709008 14.5476522 -12.9905682 48.2437363 -0.1152142 -0.0046489 -0.3998747 0.9092878
1740546679.025105 14.6198940 -12.8871126 48.5428162 -0.1467349 0.0123726 -0.4006617 0.9043152
1740546679.334254 14.7299633 -12.7688446 48.8181763 -0.1785028 0.0282064 -0.4004774 0.8983090
1740546679.642428 14.8750706 -12.6198978 49.0656738 -0.2066458 0.0435023 -0.3999038 0.8918980
1740546679.944479 15.0218639 -12.4786453 49.3189697 -0.2310743 0.0547260 -0.3985410 0.8858752
1740546680.456290 15.1926298 -12.2696514 49.7809181 -0.2603190 0.0620975 -0.3954223 0.8786462
1740546680.870735 15.3653278 -12.0851173 50.1338692 -0.2752724 0.0563284 -0.3916053 0.8761836
1740546681.274451 15.4538479 -11.8714495 50.4966164 -0.2855052 0.0440580 -0.3869881 0.8756631
1740546681.582742 15.5461483 -11.7135725 50.7631569 -0.2914406 0.0309217 -0.3823257 0.8763180
1740546682.091750 15.6332493 -11.4275799 51.2038956 -0.3026273 0.0079105 -0.3743878 0.8764633
1740546682.483950 15.7207899 -11.1687698 51.5391998 -0.3117429 -0.0105392 -0.3676868 0.8760775
1740546682.882793 15.8244390 -10.9068604 51.8681831 -0.3202593 -0.0276257 -0.3612427 0.8753139
1740546683.264868 15.8575459 -10.6337929 52.1997375 -0.3275923 -0.0421453 -0.3556229 0.8743222
1740546683.660805 15.8989668 -10.3513584 52.5270157 -0.3318511 -0.0529609 -0.3516526 0.8737337
1740546683.952537 15.9096527 -10.1289873 52.7684364 -0.3319672 -0.0573713 -0.3504522 0.8738933
1740546684.242750 15.9716845 -9.9199085 53.0101776 -0.3292055 -0.0607896 -0.3499559 0.8749052
1740546684.550627 16.0218849 -9.7078686 53.2522354 -0.3238608 -0.0608910 -0.3500079 0.8768700
1740546684.854224 16.0615463 -9.5543404 53.5347824 -0.3162284 -0.0598314 -0.3505716 0.8794995
1740546685.153126 16.0941238 -9.3702269 53.8055420 -0.3064677 -0.0583587 -0.3513494 0.8827375
1740546685.446654 16.1167603 -9.1677351 54.0700722 -0.2957439 -0.0562761 -0.3533267 0.8857363
1740546685.850561 16.1637096 -8.9539709 54.4439125 -0.2801904 -0.0539513 -0.3553450 0.8901194
1740546686.142393 16.1880531 -8.7889423 54.7298431 -0.2696877 -0.0539860 -0.3553073 0.8933704
1740546686.435447 16.2345829 -8.6312933 55.0162697 -0.2571946 -0.0539120 -0.3548340 0.8972387
1740546686.728878 16.2543221 -8.4860439 55.3148460 -0.2462177 -0.0548227 -0.3553076 0.9000710
1740546687.133174 16.2723083 -8.2870235 55.7031898 -0.2310552 -0.0571124 -0.3554142 0.9038985
1740546687.440422 16.2838516 -8.1483097 56.0010643 -0.2197354 -0.0588383 -0.3553519 0.9066309
1740546687.737691 16.2704506 -8.0196838 56.3010216 -0.2081870 -0.0591173 -0.3553354 0.9093404
1740546688.131826 16.2580185 -7.8330994 56.7024689 -0.1933503 -0.0571550 -0.3555598 0.9126479
1740546688.426394 16.2502308 -7.7334661 57.0091705 -0.1828648 -0.0535230 -0.3565102 0.9146563
1740546688.712296 16.2727737 -7.6367655 57.3216782 -0.1738703 -0.0487241 -0.3575631 0.9162661
1740546689.011134 16.2841740 -7.5348706 57.6314697 -0.1667579 -0.0421170 -0.3589676 0.9173660
1740546689.311147 16.2881279 -7.4769416 57.9540253 -0.1624186 -0.0340208 -0.3602754 0.9179676
1740546689.605642 16.3327942 -7.3744936 58.2642975 -0.1602112 -0.0259337 -0.3615083 0.9181349
1740546689.900258 16.3412151 -7.2739015 58.5745964 -0.1623271 -0.0191858 -0.3626710 0.9174702
1740546690.195521 16.3877296 -7.1707792 58.8801270 -0.1664963 -0.0149207 -0.3623645 0.9169233
1740546690.493180 16.4501019 -7.0818782 59.1887856 -0.1736491 -0.0140171 -0.3630451 0.9153402
1740546690.788962 16.5161953 -6.9718938 59.4856071 -0.1816779 -0.0174857 -0.3627072 0.9138550
1740546691.101037 16.5688286 -6.8254309 59.7744255 -0.1889264 -0.0280337 -0.3599331 0.9132191
1740546691.397676 16.5875282 -6.6841092 60.0696487 -0.1959452 -0.0429960 -0.3565430 0.9124878
1740546691.695421 16.5645103 -6.5415230 60.3618660 -0.2023128 -0.0646505 -0.3519076 0.9116199
1740546691.994757 16.5367012 -6.3894186 60.6502419 -0.2061198 -0.0904216 -0.3457960 0.9109137
1740546692.297857 16.5016537 -6.2414627 60.9390640 -0.2085668 -0.1189062 -0.3393134 0.9095206
1740546692.601446 16.4336319 -6.0519991 61.1975365 -0.2106561 -0.1485709 -0.3318039 0.9074453
1740546692.901064 16.3087902 -5.8877325 61.4506187 -0.2093789 -0.1776678 -0.3236536 0.9054518
1740546693.203463 16.1779404 -5.7272806 61.7003021 -0.2087259 -0.2044513 -0.3164505 0.9024923
1740546693.516134 16.0601044 -5.5593996 61.9583359 -0.2078675 -0.2271566 -0.3101886 0.8994299
1740546693.822324 15.9495869 -5.3632441 62.1977654 -0.2048260 -0.2470704 -0.3042434 0.8969050
1740546694.121263 15.8264170 -5.1882391 62.4431152 -0.1990920 -0.2626863 -0.2994204 0.8953802
1740546694.316860 15.7335501 -5.0680313 62.6051750 -0.1942971 -0.2697484 -0.2991987 0.8944074
1740546694.509221 15.6512289 -4.9641047 62.7641945 -0.1911382 -0.2764995 -0.2965154 0.8939199
1740546694.704884 15.5613966 -4.8343182 62.9224968 -0.1826394 -0.2802687 -0.2920412 0.8959935
1740546695.000647 15.4000645 -4.7102251 63.1743660 -0.1722952 -0.2860207 -0.2891065 0.8971756
1740546695.197674 15.3073502 -4.6236353 63.3486900 -0.1670750 -0.2903830 -0.2848567 0.8981204
1740546695.399277 15.2353935 -4.5326738 63.5161667 -0.1567542 -0.2908308 -0.2788789 0.9017051
1740546695.595375 15.1203871 -4.4387646 63.6788368 -0.1482005 -0.2907378 -0.2783900 0.9033312
1740546695.786600 15.0197229 -4.3488913 63.8624535 -0.1384029 -0.2910894 -0.2751197 0.9057708
1740546695.978958 14.9016542 -4.2679100 64.0441818 -0.1291223 -0.2888758 -0.2749461 0.9079003
1740546696.178045 14.8374500 -4.1883135 64.1259537 -0.1177249 -0.2845935 -0.2745160 0.9109272
1740546696.377534 14.7790728 -4.1029587 64.2641373 -0.1110646 -0.2838308 -0.2716321 0.9128640
1740546696.473341 14.7285919 -4.0642462 64.3209457 -0.1081504 -0.2820786 -0.2733729 0.9132373
1740546696.572794 14.7408609 -4.0360413 64.3410721 -0.1022635 -0.2828369 -0.2695429 0.9148181
1740546696.672079 14.7233143 -3.9990883 64.3883438 -0.0967027 -0.2811382 -0.2688096 0.9161612
1740546696.764811 14.7412643 -3.9451456 64.4420319 -0.0910338 -0.2822889 -0.2651797 0.9174451
1740546696.865283 14.7499380 -3.9219637 64.4757004 -0.0865931 -0.2838504 -0.2655058 0.9172989
1740546696.959871 14.7133398 -3.8825130 64.5135040 -0.0820206 -0.2812262 -0.2631743 0.9191973
1740546697.076243 14.6942539 -3.8534479 64.5636978 -0.0781451 -0.2804143 -0.2583637 0.9211457
1740546697.171772 14.6696301 -3.8515143 64.5685120 -0.0739132 -0.2773952 -0.2632576 0.9210234
1740546697.264722 14.6460352 -3.8406062 64.5930710 -0.0694069 -0.2749001 -0.2659335 0.9213534
1740546697.368104 14.6286087 -3.8105059 64.6276093 -0.0621114 -0.2742794 -0.2668346 0.9217984
1740546697.460403 14.6086884 -3.7837133 64.6676636 -0.0575668 -0.2733136 -0.2682384 0.9219729
1740546697.558325 14.6009073 -3.7706709 64.6948776 -0.0533294 -0.2727287 -0.2653197 0.9232445
1740546697.654881 14.5904875 -3.7632046 64.7132645 -0.0489918 -0.2722350 -0.2639956 0.9240099
1740546697.750242 14.5961447 -3.7132006 64.7259369 -0.0413313 -0.2707844 -0.2584291 0.9263811
1740546697.856773 14.5834150 -3.7404246 64.7537079 -0.0406846 -0.2717208 -0.2584872 0.9261193
1740546698.044313 14.5053205 -3.6585217 64.8251343 -0.0296417 -0.2660456 -0.2608723 0.9275165
1740546698.144532 14.4973536 -3.6258392 64.8540039 -0.0225085 -0.2670066 -0.2606450 0.9275047
1740546698.241413 14.4673367 -3.6351404 64.8543091 -0.0203072 -0.2639266 -0.2624639 0.9279241
1740546698.342030 14.4523497 -3.5900340 64.8985977 -0.0125667 -0.2635305 -0.2591382 0.9291077
1740546698.439701 14.4462538 -3.5830173 64.9287262 -0.0097433 -0.2620543 -0.2554756 0.9305723
1740546698.536431 14.4316673 -3.5903702 64.9355392 -0.0049584 -0.2613561 -0.2560864 0.9306386
1740546698.639730 14.3838987 -3.5664186 65.0107422 -0.0023463 -0.2646727 -0.2526318 0.9306558
1740546699.038264 14.4286079 -3.5433593 64.9842911 0.0095996 -0.2640741 -0.2396400 0.9342085
1740546699.137228 14.4614182 -3.4703164 65.0571976 0.0243028 -0.2696112 -0.2388409 0.9325632
1740546699.233462 14.5282488 -3.4281588 65.1166763 0.0271537 -0.2776589 -0.2341054 0.9313232
1740546699.332629 14.5061331 -3.4221780 65.1203308 0.0336675 -0.2757537 -0.2327521 0.9320155
1740546699.429043 14.5006275 -3.4489329 65.1257782 0.0348383 -0.2753553 -0.2387168 0.9305805
1740546699.525501 14.5177794 -3.3950782 65.1862793 0.0425432 -0.2801077 -0.2293716 0.9311919
1740546699.625329 14.4723911 -3.3961182 65.2015381 0.0455578 -0.2758710 -0.2340377 0.9311531
1740546699.720609 14.4942055 -3.3565354 65.2479553 0.0515285 -0.2808018 -0.2251240 0.9315656
1740546699.819979 14.5169191 -3.3391488 65.2577896 0.0606586 -0.2818018 -0.2358348 0.9280573
1740546699.915931 14.5324736 -3.3906193 65.2526703 0.0516057 -0.2847079 -0.2192290 0.9317816
1740546700.011463 14.5076427 -3.3361552 65.3579483 0.0576620 -0.2858309 -0.2161379 0.9318048
1740546700.116369 14.5210695 -3.3436353 65.3105621 0.0585440 -0.2883554 -0.2080802 0.9328057
1740546700.210071 14.5165625 -3.3328874 65.3471451 0.0619875 -0.2871657 -0.2112537 0.9322367
1740546700.405038 14.4772863 -3.3696308 65.3301468 0.0644651 -0.2849890 -0.2140504 0.9320987
1740546700.500938 14.5368881 -3.3140903 65.3005676 0.0698774 -0.2902670 -0.2009843 0.9329885
1740546700.605591 14.5705633 -3.3322308 65.3229980 0.0707238 -0.2948705 -0.1921683 0.9333386
1740546700.699716 14.5261154 -3.3376801 65.3993378 0.0727528 -0.2986119 -0.1863494 0.9331731
1740546700.794756 14.5209532 -3.3161201 65.3773270 0.0762347 -0.2981080 -0.1784179 0.9346052
1740546700.897259 14.5240774 -3.3022594 65.4124374 0.0800265 -0.3009189 -0.1779293 0.9334799
1740546700.994761 14.4947815 -3.3390145 65.4279099 0.0747031 -0.3031408 -0.1677443 0.9350866
1740546701.103343 14.5267372 -3.3101180 65.4375229 0.0816274 -0.3088123 -0.1640852 0.9332995
1740546701.198977 14.5374403 -3.3151865 65.4430237 0.0799907 -0.3128127 -0.1524527 0.9340813
1740546701.295683 14.5302477 -3.3374743 65.4517975 0.0762577 -0.3136559 -0.1461644 0.9351154
1740546701.399691 14.5548487 -3.3591821 65.4610901 0.0767211 -0.3212643 -0.1442129 0.9327946
1740546701.495748 14.5622025 -3.3741522 65.5082932 0.0824052 -0.3279586 -0.1426488 0.9302171
1740546701.600863 14.5236464 -3.3583136 65.4943085 0.0817853 -0.3269523 -0.1357652 0.9316551
1740546701.696814 14.5559607 -3.3494809 65.4908066 0.0814122 -0.3308819 -0.1317692 0.9308738
1740546701.795116 14.5339489 -3.3586841 65.4799881 0.0814512 -0.3312960 -0.1283903 0.9311953
1740546701.897596 14.4917774 -3.3678281 65.4932861 0.0799614 -0.3328670 -0.1236983 0.9313992
1740546701.995767 14.5034533 -3.3967080 65.5121613 0.0790176 -0.3357394 -0.1179798 0.9311907
1740546702.101202 14.5294952 -3.3490431 65.4981003 0.0811847 -0.3380737 -0.1079583 0.9313755
1740546702.197768 14.5559740 -3.3225539 65.4632111 0.0859318 -0.3414362 -0.1098741 0.9294971
1740546702.296104 14.5505056 -3.3408391 65.4697571 0.0846644 -0.3427952 -0.1058510 0.9295800
1740546702.397887 14.4966307 -3.3763335 65.4540558 0.0837747 -0.3411973 -0.1020717 0.9306706
1740546702.496046 14.4577408 -3.4076755 65.4498444 0.0795797 -0.3416818 -0.1029065 0.9307690
1740546702.605350 14.4425316 -3.4767747 65.4288101 0.0758035 -0.3413211 -0.1038142 0.9311157
1740546702.701051 14.4115133 -3.4780891 65.4303665 0.0755730 -0.3401898 -0.1013685 0.9318176
1740546702.796759 14.3641653 -3.5491049 65.4293976 0.0738534 -0.3397514 -0.1072449 0.9314576
1740546702.899753 14.2625847 -3.5761476 65.3962555 0.0709842 -0.3355714 -0.1040716 0.9335535
1740546702.997495 14.2003374 -3.6029882 65.4020157 0.0699036 -0.3327841 -0.1025375 0.9348018
1740546703.108803 14.1247616 -3.6592784 65.4346771 0.0645593 -0.3304784 -0.1020443 0.9360572
1740546703.207256 14.0259123 -3.6946936 65.5038757 0.0618513 -0.3287631 -0.1032618 0.9367104
1740546703.304336 13.9811211 -3.7124319 65.5531006 0.0593859 -0.3285858 -0.1030202 0.9369587
1740546703.404203 13.9090919 -3.7175169 65.6369476 0.0589963 -0.3283840 -0.1034880 0.9370025
1740546703.502542 13.8372812 -3.7257516 65.7123871 0.0572256 -0.3282489 -0.1037233 0.9371336
1740546703.608924 13.7799168 -3.7239485 65.8030548 0.0571952 -0.3288298 -0.1044722 0.9368486
1740546703.907078 13.5740328 -3.7358494 66.0464706 0.0512694 -0.3266260 -0.1061269 0.9377761
1740546704.108631 13.4345531 -3.7418742 66.2157593 0.0455516 -0.3247183 -0.1067295 0.9386650
1740546704.302463 13.3090916 -3.7350686 66.3774567 0.0425166 -0.3223812 -0.1096307 0.9392784
1740546704.507610 13.1799250 -3.7399549 66.5418701 0.0364166 -0.3186158 -0.1117714 0.9405663
1740546704.731678 13.0552502 -3.7356064 66.7070160 0.0286614 -0.3149509 -0.1119548 0.9420460
1740546704.941485 12.9235220 -3.7248371 66.8766708 0.0230892 -0.3097751 -0.1151208 0.9435325
1740546705.146760 12.8082333 -3.7074530 67.0532074 0.0159632 -0.3048006 -0.1189582 0.9448231
1740546705.250189 12.7589636 -3.7055130 67.1192398 0.0113011 -0.3020851 -0.1178301 0.9459032
1740546705.354220 12.7023163 -3.7005513 67.2084045 0.0083112 -0.2988801 -0.1215265 0.9464846
1740546705.547784 12.5796442 -3.6835289 67.3857117 -0.0016247 -0.2910436 -0.1231253 0.9487524
1740546705.747183 12.4703617 -3.6766083 67.5534439 -0.0131379 -0.2825647 -0.1279630 0.9505841
1740546705.852700 12.4203978 -3.6485128 67.6368866 -0.0163278 -0.2784383 -0.1259041 0.9520261
1740546706.047216 12.3201370 -3.6160812 67.8169708 -0.0255715 -0.2707271 -0.1302852 0.9534562
1740546706.246686 12.2437086 -3.5987840 67.9673309 -0.0359915 -0.2621238 -0.1346335 0.9549186
1740546706.351566 12.1903572 -3.6023402 68.0258408 -0.0433844 -0.2558547 -0.1364399 0.9560546
1740546706.448278 12.1520634 -3.6092687 68.0715942 -0.0527740 -0.2504279 -0.1358838 0.9570979
1740546706.546651 12.1114655 -3.6317940 68.0949783 -0.0625881 -0.2427488 -0.1390262 0.9580331
1740546706.648298 12.0534019 -3.6510491 68.1023636 -0.0728524 -0.2308944 -0.1419372 0.9598094
1740546706.746127 11.9824009 -3.6986589 68.1212158 -0.0885690 -0.2175893 -0.1472090 0.9608017
1740546706.851282 11.8959217 -3.7353015 68.1303711 -0.1032279 -0.2005587 -0.1509933 0.9624559
1740546706.947519 11.8436317 -3.7536340 68.1534424 -0.1151319 -0.1894876 -0.1518548 0.9632130
1740546707.046123 11.7618656 -3.8131142 68.1669083 -0.1335880 -0.1749888 -0.1564874 0.9628317
1740546707.148753 11.7259312 -3.8312087 68.1925507 -0.1448898 -0.1652994 -0.1590142 0.9624954
1740546707.251436 11.6888466 -3.8724222 68.2155304 -0.1587922 -0.1564425 -0.1655852 0.9606729
1740546707.353225 11.6217756 -3.9176531 68.2503662 -0.1755832 -0.1442025 -0.1678297 0.9592755
1740546707.448416 11.5926037 -3.9506392 68.2804031 -0.1876039 -0.1367661 -0.1726128 0.9572380
1740546707.546928 11.5819225 -3.9704585 68.3154602 -0.1973985 -0.1322935 -0.1741289 0.9556209
1740546707.648912 11.5462751 -4.0159879 68.3489914 -0.2122054 -0.1237236 -0.1774202 0.9529866
1740546707.746705 11.5250196 -4.0601206 68.3863373 -0.2274702 -0.1176465 -0.1820551 0.9493538
1740546707.851725 11.5105858 -4.0944252 68.4093399 -0.2368388 -0.1141238 -0.1846680 0.9469851
1740546707.947880 11.4516258 -4.0918102 68.4320679 -0.2459558 -0.1009061 -0.1861065 0.9458795
1740546708.046844 11.3812599 -4.1515789 68.4780960 -0.2647711 -0.0870055 -0.1911917 0.9411547
1740546708.151010 11.3649731 -4.1684990 68.4979172 -0.2721879 -0.0830738 -0.1905555 0.9395217
1740546708.247090 11.3040905 -4.1431341 68.4889450 -0.2741000 -0.0701627 -0.1973765 0.9386101
1740546708.352259 11.3078747 -4.1135092 68.4879150 -0.2741010 -0.0681195 -0.1974975 0.9387349
1740546708.448448 11.3152523 -4.0947485 68.4849091 -0.2751921 -0.0653462 -0.1981141 0.9384828
1740546708.547346 11.3080702 -4.0796080 68.4828644 -0.2761779 -0.0617401 -0.2008923 0.9378466
1740546708.651234 11.3251944 -4.0396996 68.4582748 -0.2713277 -0.0583089 -0.1993337 0.9398125
1740546708.747200 11.3364124 -4.0378504 68.4590836 -0.2731141 -0.0566636 -0.1975322 0.9397760
1740546708.852358 11.3485489 -3.9830856 68.4313354 -0.2655031 -0.0521781 -0.1935547 0.9430388
1740546708.948609 11.3616705 -3.9520597 68.4253235 -0.2640861 -0.0503424 -0.1921806 0.9438171
1740546709.047817 11.3901567 -3.9163399 68.4123840 -0.2603648 -0.0502900 -0.1880318 0.9456877
1740546709.153651 11.3921280 -3.8705964 68.3908005 -0.2559790 -0.0469953 -0.1886992 0.9469208
1740546709.257398 11.4136696 -3.8378839 68.3777466 -0.2523316 -0.0470209 -0.1859981 0.9484316
1740546709.362591 11.4431334 -3.8349776 68.3749542 -0.2519521 -0.0502189 -0.1870021 0.9481711
1740546709.464235 11.4796896 -3.8243008 68.3690338 -0.2508501 -0.0531810 -0.1844544 0.9488006
1740546709.563916 11.5321064 -3.8037939 68.3547211 -0.2462875 -0.0589889 -0.1810197 0.9503130
1740546709.671849 11.5636053 -3.7879415 68.3415527 -0.2427887 -0.0630914 -0.1806852 0.9510131
1740546709.768218 11.6165085 -3.7702899 68.3337479 -0.2392359 -0.0684400 -0.1763801 0.9523509
1740546709.873244 11.6369181 -3.7616248 68.3290329 -0.2378988 -0.0717418 -0.1745554 0.9527790
1740546709.972634 11.6504221 -3.7151532 68.3097992 -0.2312853 -0.0721689 -0.1742120 0.9544365
1740546710.082686 11.6720028 -3.6850066 68.2999725 -0.2266302 -0.0741981 -0.1713143 0.9559209
1740546710.187617 11.7208529 -3.6616178 68.2917938 -0.2212735 -0.0812861 -0.1688683 0.9570341
1740546710.286055 11.7413483 -3.6240020 68.2803650 -0.2142466 -0.0836057 -0.1700184 0.9582287
1740546710.388781 11.7708607 -3.5819731 68.2756500 -0.2072340 -0.0855068 -0.1675964 0.9600282
1740546710.489165 11.8175793 -3.5580249 68.2740936 -0.2018880 -0.0929812 -0.1656646 0.9608075
1740546710.591921 11.8561869 -3.5386338 68.2732086 -0.1963609 -0.0986631 -0.1630477 0.9618334
1740546710.692069 11.8692970 -3.4725490 68.2705154 -0.1873514 -0.1006689 -0.1643047 0.9632078
1740546710.791098 11.8911972 -3.4208941 68.2573395 -0.1775337 -0.1026695 -0.1626927 0.9651279
1740546710.894467 11.9171638 -3.3779078 68.2499542 -0.1691115 -0.1059783 -0.1593321 0.9668419
1740546710.994355 11.9218674 -3.3192520 68.2357330 -0.1581647 -0.1068493 -0.1617230 0.9682008
1740546711.099173 11.9565334 -3.2737861 68.2251968 -0.1497753 -0.1117737 -0.1579591 0.9695994
1740546711.202335 11.9449615 -3.2085819 68.2058563 -0.1374028 -0.1087416 -0.1592743 0.9715593
1740546711.305146 11.9645739 -3.1513491 68.2084122 -0.1257432 -0.1117202 -0.1592477 0.9728039
1740546711.411339 11.9877396 -3.0934787 68.2037201 -0.1140575 -0.1163822 -0.1590673 0.9737267
1740546711.512673 12.0042086 -3.0456016 68.2076950 -0.1034417 -0.1195709 -0.1600153 0.9743704
1740546711.625373 12.0187931 -2.9671719 68.1977615 -0.0869788 -0.1207834 -0.1604742 0.9757531
1740546711.723981 12.0337248 -2.9163187 68.1942368 -0.0743444 -0.1237860 -0.1608066 0.9763663
1740546711.824937 12.0729885 -2.8668067 68.2002335 -0.0614292 -0.1310079 -0.1575964 0.9768453
1740546711.937770 12.1205788 -2.8682477 68.2186127 -0.0562085 -0.1423084 -0.1561035 0.9758179
1740546712.037413 12.1809635 -2.8802917 68.2660217 -0.0570849 -0.1563439 -0.1505368 0.9744930
1740546712.140582 12.2468987 -2.8559070 68.3010559 -0.0472504 -0.1702311 -0.1488958 0.9729434
1740546712.240630 12.3080816 -2.8501484 68.3806305 -0.0449926 -0.1874134 -0.1487165 0.9699151
1740546712.348939 12.3297968 -2.8469667 68.4610291 -0.0437254 -0.1999459 -0.1523500 0.9669019
1740546712.453171 12.4321861 -2.8341455 68.5705643 -0.0378607 -0.2233971 -0.1483701 0.9626249
1740546712.556215 12.4837723 -2.7875633 68.6620178 -0.0235591 -0.2361856 -0.1431184 0.9608217
1740546712.665718 12.4164181 -2.7709463 68.7649765 -0.0187036 -0.2384535 -0.1426841 0.9604329
1740546712.769012 12.3648548 -2.7406168 68.8609543 -0.0102724 -0.2406018 -0.1423278 0.9600771
1740546712.975728 12.3073082 -2.7041659 69.0624161 0.0043799 -0.2538891 -0.1373571 0.9574206
1740546713.186038 12.2430830 -2.6825759 69.2658386 0.0182120 -0.2686069 -0.1345847 0.9536276
1740546713.394460 12.1440516 -2.6602595 69.4584198 0.0317103 -0.2786659 -0.1301026 0.9510064
1740546713.606543 12.0449686 -2.7053533 69.6343842 0.0430796 -0.2895181 -0.1287313 0.9474976
