1740546604.883901 0.0000000 0.0000000 0.0000000 -0.0000000 -0.0000000 -0.0000000 1.0000000
1740546606.788970 0.0052534 0.0027887 0.1020916 0.0003724 -0.0006286 -0.0000888 0.9999998
1740546607.173562 0.0082556 0.0072249 0.2087141 0.0006538 -0.0015158 -0.0001663 0.9999986
1740546607.554106 0.0133638 0.0136503 0.3143021 0.0015507 -0.0029193 -0.0001308 0.9999945
1740546607.942464 0.0172569 0.0101636 0.4201786 0.0021608 -0.0046280 -0.0000523 0.9999870
1740546608.267603 0.0215536 0.0058016 0.5255491 0.0033283 -0.0064994 -0.0000769 0.9999734
1740546608.591720 0.0365413 0.0058948 0.6323228 0.0050017 -0.0092276 -0.0001121 0.9999449
1740546608.944545 0.0156216 0.0004018 0.7388203 0.0066199 -0.0110680 -0.0002453 0.9999169
1740546609.355833 0.0238345 0.0027772 0.8424199 0.0083088 -0.0141444 0.0001056 0.9998655
1740546609.717666 0.0210106 0.0067080 0.9514649 0.0101909 -0.0171893 -0.0002086 0.9998003
1740546610.139422 0.0161068 0.0207912 1.0563247 0.0130345 -0.0201723 0.0000743 0.9997116
1740546610.552296 -0.0095354 0.0082255 1.1599365 0.0149490 -0.0231392 0.0000379 0.9996205
1740546610.989490 -0.0318918 -0.0090056 1.2601963 0.0173453 -0.0263814 0.0001318 0.9995015
1740546611.469953 -0.0454439 -0.0167114 1.3655170 0.0205344 -0.0298621 0.0001768 0.9993431
1740546611.959678 -0.0476134 -0.0294327 1.4722035 0.0232314 -0.0340896 0.0001255 0.9991487
1740546612.504921 -0.0637244 -0.0463281 1.5728159 0.0259653 -0.0372792 0.0000682 0.9989675
1740546612.933055 -0.0685381 -0.0624749 1.6790996 0.0284608 -0.0412392 -0.0001116 0.9987439
1740546613.409307 -0.0725207 -0.0746250 1.7858210 0.0314929 -0.0450797 -0.0001665 0.9984869
1740546613.812416 -0.0861629 -0.0789380 1.8891689 0.0347508 -0.0485690 0.0002712 0.9982151
1740546614.059851 -0.1192891 -0.1013265 2.0950642 0.0402598 -0.0559248 0.0000815 0.9976230
1740546614.311036 -0.1570268 -0.1202553 2.3018661 0.0460665 -0.0631066 0.0001240 0.9969431
1740546614.557218 -0.1885351 -0.1475125 2.5088077 0.0513953 -0.0699396 -0.0000300 0.9962264
1740546614.838446 -0.2207062 -0.1830672 2.7143192 0.0571735 -0.0761858 0.0000903 0.9954531
1740546615.077381 -0.2453290 -0.2161820 2.9206207 0.0621601 -0.0827187 -0.0001711 0.9946325
1740546615.444691 -0.3112067 -0.2597789 3.2194650 0.0688721 -0.0909733 -0.0000455 0.9934689
1740546615.703244 -0.3486972 -0.2907391 3.4218585 0.0725664 -0.0964156 -0.0001768 0.9926924
1740546616.085133 -0.4374197 -0.3836782 3.7109003 0.0778491 -0.1035838 -0.0001672 0.9915694
1740546616.334822 -0.5161442 -0.4277154 3.8776753 0.0807491 -0.1062873 -0.0000838 0.9910513
1740546616.471669 -0.5418826 -0.4333221 3.9825299 0.0824195 -0.1079071 0.0002294 0.9907386
1740546616.584459 -0.5610483 -0.4482540 4.0856519 0.0832621 -0.1092457 0.0001899 0.9905215
1740546616.708066 -0.5943039 -0.4617252 4.1735291 0.0839392 -0.1091515 0.0001142 0.9904748
1740546616.821064 -0.6547410 -0.4997456 4.2619681 0.0837856 -0.1082223 -0.0002963 0.9905896
1740546616.936315 -0.6922557 -0.5148582 4.3573294 0.0844613 -0.1076794 0.0000558 0.9905915
1740546617.051250 -0.7381585 -0.5566036 4.4373231 0.0833861 -0.1061260 -0.0009603 0.9908497
1740546617.171604 -0.7898292 -0.5967946 4.5222611 0.0826711 -0.1045285 -0.0015586 0.9910787
1740546617.283879 -0.7902735 -0.5980360 4.6356378 0.0838216 -0.1053733 -0.0012291 0.9908930
1740546617.398290 -0.8069392 -0.5903165 4.7454629 0.0847075 -0.1054049 0.0001069 0.9908150
1740546617.517167 -0.8448161 -0.6240014 4.8346481 0.0842833 -0.1036908 -0.0007052 0.9910318
1740546617.643269 -0.9023128 -0.6634497 4.9142861 0.0823410 -0.1006824 -0.0012522 0.9915047
1740546617.757570 -0.9506607 -0.6903889 4.9934077 0.0828072 -0.0982154 -0.0021032 0.9917118
1740546617.869758 -0.9930962 -0.7150413 5.0579867 0.0825231 -0.0948081 -0.0030567 0.9920646
1740546617.991179 -0.9840962 -0.6992480 5.1531744 0.0842079 -0.0950383 -0.0024058 0.9919027
1740546618.102474 -0.9910262 -0.6868577 5.2608743 0.0856681 -0.0950101 -0.0014077 0.9917822
1740546618.220778 -0.9933861 -0.7115431 5.3640766 0.0850938 -0.0947478 -0.0019606 0.9918559
1740546618.322685 -0.9993606 -0.7375174 5.4653230 0.0847218 -0.0945076 -0.0012876 0.9919117
1740546618.434001 -0.9922401 -0.7518102 5.5591927 0.0847734 -0.0955641 -0.0014160 0.9918059
1740546618.540705 -1.0213819 -0.7707866 5.6432619 0.0848555 -0.0937966 -0.0023964 0.9919657
1740546618.647904 -1.0083444 -0.7933427 5.7442822 0.0840065 -0.0948353 -0.0022178 0.9919397
1740546618.757271 -1.0118396 -0.8346037 5.8434262 0.0826610 -0.0949843 -0.0017396 0.9920394
1740546618.863363 -1.0459782 -0.8425427 5.9367085 0.0831503 -0.0936692 -0.0021334 0.9921228
1740546618.976150 -1.0718137 -0.8406486 6.0301881 0.0851418 -0.0928020 -0.0016269 0.9920363
1740546619.083175 -1.0685356 -0.8771695 6.1208692 0.0841924 -0.0922986 -0.0012190 0.9921649
1740546619.196720 -1.0727077 -0.8748629 6.2126207 0.0851141 -0.0934201 -0.0008868 0.9919816
1740546619.308388 -1.0522041 -0.9051937 6.2921519 0.0840838 -0.0954675 -0.0026648 0.9918714
1740546619.420618 -1.0640399 -0.9203120 6.3866434 0.0856630 -0.0949151 -0.0025086 0.9917896
1740546619.527700 -1.1078415 -0.9335477 6.4753075 0.0862861 -0.0931600 -0.0018130 0.9919035
1740546619.643437 -1.1060803 -0.9519356 6.5647836 0.0859601 -0.0943542 -0.0023462 0.9918179
1740546619.751033 -1.1288769 -0.9735177 6.6614208 0.0871700 -0.0937020 -0.0025245 0.9917737
1740546619.860739 -1.1562773 -0.9778934 6.7541685 0.0881779 -0.0934083 -0.0020654 0.9917133
1740546619.971732 -1.1666812 -0.9941205 6.8598394 0.0887148 -0.0933166 -0.0015737 0.9916750
1740546620.076688 -1.1853225 -1.0469575 6.9304981 0.0853217 -0.0927058 -0.0010394 0.9920306
1740546620.187975 -1.1812059 -1.0735132 7.0341473 0.0849955 -0.0926158 -0.0016202 0.9920663
1740546620.292698 -1.1909118 -1.0983950 7.1329780 0.0846752 -0.0923987 -0.0017202 0.9921137
1740546620.425874 -1.1778479 -1.1400222 7.2315264 0.0828665 -0.0919666 -0.0021963 0.9923056
1740546620.532569 -1.1686456 -1.1642636 7.3166676 0.0821020 -0.0929280 -0.0030590 0.9922773
1740546620.647225 -1.1640787 -1.2060204 7.3808174 0.0799713 -0.0947896 -0.0021968 0.9922776
1740546620.759367 -1.1772953 -1.2389394 7.4730849 0.0788043 -0.0944359 -0.0020552 0.9924049
1740546620.862923 -1.1886425 -1.2720917 7.5491080 0.0750308 -0.0921379 -0.0020411 0.9929133
1740546620.971270 -1.1945380 -1.3119792 7.6108356 0.0706150 -0.0915306 -0.0022450 0.9932928
1740546621.078192 -1.1907640 -1.3509570 7.6735539 0.0660425 -0.0925747 -0.0021466 0.9935108
1740546621.181936 -1.2161748 -1.3698940 7.7275376 0.0632594 -0.0906205 -0.0026236 0.9938709
1740546621.282017 -1.2139493 -1.3936061 7.7418427 0.0581390 -0.0918586 -0.0021885 0.9940709
1740546621.388610 -1.2133460 -1.4217483 7.7659287 0.0533530 -0.0926450 -0.0034625 0.9942628
1740546621.488899 -1.2159613 -1.4409393 7.8587422 0.0506285 -0.0935901 -0.0037581 0.9943156
1740546621.593247 -1.1984606 -1.4632636 7.8998251 0.0451821 -0.0977873 -0.0043878 0.9941715
1740546621.706828 -1.1639220 -1.4774606 7.9332161 0.0387339 -0.1031754 -0.0066864 0.9938862
1740546621.806002 -1.1513321 -1.4867892 7.9675279 0.0377210 -0.1087800 -0.0054976 0.9933347
1740546621.907638 -1.1329546 -1.4998168 7.9969068 0.0326274 -0.1138384 -0.0061311 0.9929445
1740546622.009420 -1.1208342 -1.5109960 8.0194559 0.0289698 -0.1205298 -0.0060983 0.9922682
1740546622.109404 -1.1125057 -1.5151213 8.0546274 0.0297807 -0.1275806 -0.0051469 0.9913676
1740546622.214390 -1.0920568 -1.5225184 8.0871115 0.0266325 -0.1347301 -0.0063301 0.9905041
1740546622.416024 -1.0463084 -1.5296950 8.1695738 0.0225194 -0.1494685 -0.0076855 0.9884802
1740546622.516254 -1.0042874 -1.5320477 8.1837578 0.0207445 -0.1594589 -0.0077778 0.9869559
1740546622.614820 -0.9741936 -1.5331681 8.1963100 0.0216236 -0.1674521 -0.0085657 0.9856058
1740546622.717636 -0.9400442 -1.5109321 8.2599926 0.0269038 -0.1744979 -0.0071490 0.9842640
1740546622.817666 -0.9052176 -1.5059483 8.3038692 0.0270259 -0.1836077 -0.0081252 0.9825944
1740546622.926711 -0.8800420 -1.5053022 8.3345003 0.0274634 -0.1923213 -0.0099570 0.9808971
1740546623.027830 -0.8646462 -1.5121862 8.3620062 0.0258212 -0.1996459 -0.0118752 0.9794558
1740546623.127322 -0.8410333 -1.5211383 8.4002895 0.0241946 -0.2082226 -0.0132735 0.9776921
1740546623.236247 -0.8218694 -1.5212771 8.4267101 0.0226595 -0.2170307 -0.0147152 0.9757908
1740546623.335909 -0.7977384 -1.5370930 8.4557800 0.0195375 -0.2255656 -0.0163423 0.9738950
1740546623.441167 -0.7646289 -1.5565627 8.4692879 0.0145655 -0.2355374 -0.0185293 0.9715795
1740546623.545948 -0.7443115 -1.5601476 8.4973917 0.0131008 -0.2440207 -0.0187425 0.9695004
1740546623.650956 -0.7281908 -1.5743973 8.5197744 0.0096481 -0.2525675 -0.0210411 0.9673024
1740546623.760334 -0.7079332 -1.5747187 8.5371771 0.0090620 -0.2609380 -0.0233424 0.9650308
1740546623.858175 -0.6961159 -1.5811399 8.5650253 0.0054090 -0.2665983 -0.0264763 0.9634288
1740546623.961860 -0.7002326 -1.6085088 8.5969543 -0.0023451 -0.2703534 -0.0300087 0.9622905
1740546624.060065 -0.7046501 -1.6270891 8.6301975 -0.0080996 -0.2729714 -0.0320886 0.9614527
1740546624.162065 -0.6914150 -1.6300349 8.6587801 -0.0148589 -0.2758995 -0.0361165 0.9603928
1740546624.261856 -0.6909062 -1.6314166 8.6960316 -0.0179578 -0.2740953 -0.0368579 0.9608282
1740546624.359774 -0.7038347 -1.6645138 8.7288103 -0.0268722 -0.2746448 -0.0398336 0.9603444
1740546624.464707 -0.7220389 -1.6726744 8.7600374 -0.0306378 -0.2717490 -0.0417991 0.9609717
1740546624.564475 -0.7587796 -1.6943691 8.7575788 -0.0365031 -0.2667245 -0.0429038 0.9621252
1740546624.672148 -0.7862230 -1.6934018 8.7738380 -0.0383242 -0.2601136 -0.0432436 0.9638476
1740546624.773469 -0.8124795 -1.6937093 8.7874804 -0.0399850 -0.2524003 -0.0446766 0.9657636
1740546624.871130 -0.8311282 -1.6907692 8.8098593 -0.0413938 -0.2448516 -0.0459671 0.9675853
1740546624.978840 -0.8521253 -1.6954674 8.8154402 -0.0432417 -0.2355702 -0.0472015 0.9697468
1740546625.077614 -0.8636536 -1.6932597 8.8216820 -0.0437823 -0.2254477 -0.0483710 0.9720683
1740546625.182755 -0.8811955 -1.6944048 8.8482733 -0.0449295 -0.2161081 -0.0490259 0.9741023
1740546625.282155 -0.9059462 -1.6967700 8.8817863 -0.0460332 -0.2061337 -0.0497854 0.9761717
1740546625.387899 -0.9258931 -1.6997653 8.9129047 -0.0490113 -0.1957413 -0.0518406 0.9780571
1740546625.493519 -0.9428806 -1.7011385 8.9431906 -0.0520332 -0.1846287 -0.0531162 0.9799916
1740546625.592700 -0.9530998 -1.6952529 8.9667826 -0.0531845 -0.1715460 -0.0541319 0.9822490
1740546625.694561 -0.9705412 -1.7000331 8.9885483 -0.0558171 -0.1584919 -0.0554850 0.9842186
1740546625.796829 -1.0005289 -1.7082584 9.0370178 -0.0580441 -0.1463680 -0.0575304 0.9858487
1740546625.901209 -1.0358511 -1.7240509 9.0693846 -0.0620712 -0.1333730 -0.0589995 0.9873590
1740546626.004168 -1.0821369 -1.7208204 9.1063604 -0.0638602 -0.1196940 -0.0599649 0.9889385
1740546626.106022 -1.0758125 -1.7275866 9.1405849 -0.0704893 -0.1109763 -0.0636214 0.9892764
1740546626.212932 -1.0276514 -1.7701688 9.1868277 -0.0771369 -0.1092306 -0.0625886 0.9890406
1740546626.312371 -0.9757746 -1.7662686 9.2186575 -0.0800204 -0.1055538 -0.0647474 0.9890717
1740546626.416791 -0.9157578 -1.7630479 9.2550831 -0.0818613 -0.1012348 -0.0664974 0.9892565
1740546626.519217 -0.8792186 -1.7702749 9.2904301 -0.0845080 -0.0959039 -0.0668508 0.9895412
1740546626.622429 -0.8535992 -1.7720152 9.3227224 -0.0876655 -0.0906010 -0.0669800 0.9897575
1740546626.728880 -0.8451186 -1.7697575 9.3550110 -0.0909238 -0.0849124 -0.0668399 0.9899774
1740546626.828767 -0.8413386 -1.7734339 9.4147444 -0.0909699 -0.0785829 -0.0669289 0.9904897
1740546626.933139 -0.8136746 -1.7529171 9.4605551 -0.0901392 -0.0736173 -0.0665038 0.9909756
1740546627.036039 -0.8014290 -1.7465138 9.5226460 -0.0936865 -0.0674457 -0.0662663 0.9911018
1740546627.150996 -0.7890322 -1.7189984 9.5706377 -0.0919017 -0.0621717 -0.0672203 0.9915494
1740546627.248028 -0.7780660 -1.7007632 9.6257305 -0.0933736 -0.0571341 -0.0657642 0.9918125
1740546627.347796 -0.7681502 -1.6703205 9.6989746 -0.0949026 -0.0519305 -0.0662253 0.9919229
1740546627.463184 -0.7488064 -1.6528460 9.7591505 -0.0961379 -0.0483553 -0.0665721 0.9919614
1740546627.561839 -0.7492855 -1.6411254 9.8375406 -0.0999238 -0.0431736 -0.0672530 0.9917804
1740546627.664455 -0.7270920 -1.6222478 9.8981495 -0.1019246 -0.0394832 -0.0671724 0.9917361
1740546627.766897 -0.7028154 -1.5978800 9.9685040 -0.1025327 -0.0367119 -0.0671131 0.9917838
1740546627.866317 -0.6741552 -1.5686231 10.0400963 -0.1028245 -0.0341263 -0.0683817 0.9917593
1740546627.978256 -0.6341799 -1.5316945 10.1206512 -0.1029463 -0.0318469 -0.0691251 0.9917709
1740546628.077468 -0.6044152 -1.5129572 10.1835957 -0.1065593 -0.0302591 -0.0674922 0.9915515
1740546628.182848 -0.5821735 -1.4897016 10.2445202 -0.1061845 -0.0278554 -0.0676515 0.9916513
1740546628.282867 -0.5583357 -1.4594339 10.3220873 -0.1081689 -0.0254410 -0.0689146 0.9914147
1740546628.382535 -0.5292652 -1.4351749 10.3924704 -0.1102972 -0.0232142 -0.0693167 0.9912068
1740546628.492956 -0.5277808 -1.4302645 10.4600391 -0.1134049 -0.0201536 -0.0696097 0.9909024
1740546628.594176 -0.5129805 -1.4233121 10.5300636 -0.1155332 -0.0176628 -0.0691129 0.9907389
1740546628.698210 -0.4922954 -1.3990705 10.5861549 -0.1149671 -0.0163698 -0.0686887 0.9908564
1740546628.799360 -0.4668171 -1.3740020 10.6551208 -0.1157271 -0.0153689 -0.0683866 0.9908049
1740546628.904348 -0.4373020 -1.3484931 10.7233858 -0.1166498 -0.0140582 -0.0686863 0.9906954
1740546629.007342 -0.4466967 -1.3365225 10.7917995 -0.1197637 -0.0109871 -0.0684423 0.9903795
1740546629.104825 -0.4235082 -1.3239355 10.8591108 -0.1221528 -0.0086385 -0.0683215 0.9901193
1740546629.217894 -0.4072922 -1.2935963 10.9332218 -0.1215286 -0.0051227 -0.0685975 0.9902015
1740546629.316396 -0.3774177 -1.2661638 10.9999123 -0.1217913 -0.0016385 -0.0681660 0.9902109
1740546629.424759 -0.3476206 -1.2383097 11.0736065 -0.1198300 0.0014154 -0.0691206 0.9903843
1740546629.522785 -0.3212880 -1.2121953 11.1501532 -0.1180362 0.0043477 -0.0701128 0.9905215
1740546629.622130 -0.3264976 -1.1803396 11.2101927 -0.1143332 0.0092251 -0.0711392 0.9908491
1740546629.742885 -0.3126821 -1.1285753 11.2752705 -0.1082482 0.0131081 -0.0716751 0.9914501
1740546629.848549 -0.2867280 -1.0932055 11.3495960 -0.1051259 0.0167616 -0.0725327 0.9916686
1740546629.954861 -0.3111252 -1.0530196 11.4246540 -0.1014518 0.0215072 -0.0738498 0.9918625
1740546630.053013 -0.3226297 -1.0185120 11.4967566 -0.0975075 0.0264575 -0.0743232 0.9921030
1740546630.161839 -0.3163036 -0.9899942 11.5741444 -0.0944454 0.0300499 -0.0747065 0.9922681
1740546630.262578 -0.3002912 -0.9536012 11.6531057 -0.0905926 0.0333716 -0.0755981 0.9924537
1740546630.360035 -0.2986214 -0.9243782 11.7205362 -0.0862458 0.0378504 -0.0761979 0.9926344
1740546630.488805 -0.2708786 -0.8881775 11.8059206 -0.0839197 0.0407646 -0.0766409 0.9926842
1740546630.600392 -0.2261898 -0.8681043 11.8826590 -0.0791720 0.0427146 -0.0775485 0.9929217
1740546630.708074 -0.1944011 -0.8619105 11.9627142 -0.0766686 0.0449935 -0.0780483 0.9929783
1740546630.802936 -0.1777212 -0.8352036 12.0414705 -0.0718327 0.0480582 -0.0792073 0.9931046
1740546630.903273 -0.1820575 -0.8030538 12.1199980 -0.0678449 0.0522924 -0.0792116 0.9931707
1740546631.003895 -0.1591673 -0.7863473 12.1991940 -0.0641910 0.0538754 -0.0793223 0.9933202
1740546631.101247 -0.1400458 -0.7654101 12.2727489 -0.0597681 0.0564819 -0.0800734 0.9933911
1740546631.204982 -0.1130264 -0.7530777 12.3483591 -0.0536407 0.0583458 -0.0808406 0.9935710
1740546631.302716 -0.1033299 -0.7369545 12.4403534 -0.0545602 0.0621707 -0.0812052 0.9932592
1740546631.404280 -0.0789800 -0.7063407 12.5070276 -0.0466136 0.0644408 -0.0820761 0.9934476
1740546631.502984 -0.0486885 -0.6911402 12.5869007 -0.0432384 0.0660054 -0.0824228 0.9934688
1740546631.599031 -0.0268457 -0.6768911 12.6804743 -0.0414238 0.0682451 -0.0828389 0.9933602
1740546631.699637 -0.0060611 -0.6641212 12.7644482 -0.0382288 0.0693778 -0.0830953 0.9933884
1740546631.796618 -0.0003177 -0.6399509 12.8505974 -0.0333158 0.0717966 -0.0835072 0.9933589
1740546631.895588 0.0150722 -0.6184640 12.9306793 -0.0280540 0.0747435 -0.0844312 0.9932259
1740546631.999527 0.0311532 -0.6111275 13.0372438 -0.0263829 0.0786288 -0.0849376 0.9929286
1740546632.095957 0.0350613 -0.6101673 13.1436749 -0.0253083 0.0821375 -0.0846643 0.9926958
1740546632.197168 0.0676425 -0.6107480 13.2478495 -0.0248291 0.0853068 -0.0848284 0.9924266
1740546632.296576 0.0925496 -0.6134951 13.3523769 -0.0231921 0.0888865 -0.0848751 0.9921480
1740546632.389587 0.1241508 -0.6218852 13.4605255 -0.0227104 0.0920221 -0.0852379 0.9918420
1740546632.495532 0.1483951 -0.6194755 13.5668707 -0.0221530 0.0948880 -0.0850972 0.9915967
1740546632.693033 0.2065216 -0.5973154 13.7788286 -0.0209897 0.1028340 -0.0853620 0.9908067
1740546632.884486 0.2273847 -0.5874208 13.9962111 -0.0202231 0.1107022 -0.0855542 0.9899579
1740546633.179997 0.2936804 -0.5949023 14.3081045 -0.0242740 0.1234486 -0.0844721 0.9884512
1740546633.280538 0.3308283 -0.6029861 14.4153519 -0.0244319 0.1280491 -0.0848893 0.9878261
1740546633.477838 0.3970933 -0.5983297 14.6227980 -0.0264930 0.1379123 -0.0845654 0.9864721
1740546633.867710 0.5625268 -0.5846298 15.0277166 -0.0361549 0.1589422 -0.0834183 0.9830929
1740546634.082053 0.6558164 -0.5757217 15.2255783 -0.0428450 0.1698821 -0.0824867 0.9810711
1740546634.474939 0.8296872 -0.5348926 15.6158104 -0.0591465 0.1923469 -0.0799380 0.9762757
1740546634.664759 0.9368517 -0.4879840 15.8061838 -0.0674335 0.2036054 -0.0783960 0.9735767
1740546634.864040 1.0482745 -0.4437290 15.9831905 -0.0763428 0.2143610 -0.0771122 0.9707084
1740546635.057187 1.1559913 -0.4043319 16.1606522 -0.0834473 0.2244840 -0.0761800 0.9679050
1740546635.346174 1.3284272 -0.3132418 16.4240456 -0.0915389 0.2390212 -0.0754164 0.9637437
1740546635.536976 1.4386480 -0.2749643 16.6057301 -0.0966007 0.2480794 -0.0753678 0.9609603
1740546635.821836 1.6185303 -0.2160975 16.8625088 -0.1006376 0.2603962 -0.0753286 0.9572834
1740546636.021149 1.7267342 -0.1690198 17.0479069 -0.1016914 0.2696364 -0.0758964 0.9545652
1740546636.310376 1.9075395 -0.1262462 17.3171730 -0.1021465 0.2822772 -0.0766965 0.9507909
1740546636.499302 2.0428121 -0.1025025 17.4796524 -0.1008808 0.2905135 -0.0779076 0.9483435
1740546636.689282 2.1820509 -0.0905356 17.6452827 -0.1001166 0.2991414 -0.0788069 0.9456641
1740546636.878782 2.3379364 -0.0748738 17.8003330 -0.0982821 0.3069602 -0.0798626 0.9432593
1740546637.068295 2.4806602 -0.0397529 17.9564724 -0.0967424 0.3146465 -0.0813968 0.9407513
1740546637.368938 2.6955879 -0.0131742 18.2018318 -0.0962135 0.3251285 -0.0824784 0.9371402
1740546637.657557 2.8831892 0.0362212 18.4577408 -0.0970936 0.3346261 -0.0824944 0.9336985
1740546637.948743 3.1044624 0.0920657 18.6832867 -0.0972686 0.3415177 -0.0829208 0.9311438
1740546638.241531 3.3358769 0.1199225 18.9070835 -0.0996612 0.3490157 -0.0826713 0.9281278
1740546638.537920 3.5567844 0.1513993 19.1364746 -0.1021732 0.3549388 -0.0813096 0.9257256
1740546638.828358 3.7953405 0.1929166 19.3461037 -0.1047555 0.3611720 -0.0813258 0.9230207
1740546639.113933 3.9961624 0.2694654 19.5858459 -0.1080738 0.3668495 -0.0803621 0.9204801
1740546639.404981 4.2252579 0.3169428 19.8022346 -0.1099738 0.3718607 -0.0800417 0.9182694
1740546639.798822 4.5361032 0.3682591 20.0864964 -0.1121442 0.3769826 -0.0797144 0.9159440
1740546639.999621 4.6954608 0.4016247 20.2193146 -0.1129913 0.3783001 -0.0794005 0.9153237
1740546640.395152 5.0158100 0.4365826 20.4934292 -0.1131685 0.3791152 -0.0790011 0.9149991
1740546640.799363 5.2938190 0.5311103 20.7857437 -0.1135611 0.3779415 -0.0785004 0.9154790
1740546641.088978 5.5070672 0.5794216 21.0065193 -0.1134376 0.3749862 -0.0791443 0.9166534
1740546641.384669 5.7282047 0.6116084 21.2246017 -0.1102283 0.3722140 -0.0789512 0.9181902
1740546641.677699 5.9294338 0.6680907 21.4568005 -0.1068481 0.3697966 -0.0793351 0.9195324
1740546641.981903 6.1433392 0.7139112 21.6759377 -0.1024441 0.3663420 -0.0812968 0.9212435
1740546642.180653 6.2986612 0.7156919 21.8249359 -0.0994201 0.3639997 -0.0832138 0.9223315
1740546642.380987 6.4307356 0.7848209 21.9867401 -0.0918751 0.3633479 -0.0855620 0.9231557
1740546642.581136 6.5391183 0.7865520 22.1418781 -0.0880597 0.3648269 -0.0864814 0.9228585
1740546642.789196 6.7189994 0.8542563 22.2747040 -0.0796761 0.3634277 -0.0895419 0.9238800
1740546642.888140 6.7739096 0.7996783 22.3391933 -0.0773030 0.3639449 -0.0857367 0.9242389
1740546642.992336 6.8635373 0.7704136 22.3991909 -0.0768471 0.3631858 -0.0890331 0.9242639
1740546643.091833 6.9284906 0.7706856 22.4712143 -0.0742473 0.3648031 -0.0914999 0.9235983
1740546643.200533 6.9890699 0.7752512 22.5182362 -0.0716068 0.3651901 -0.0914619 0.9236577
1740546643.296225 7.0663590 0.7787641 22.6261997 -0.0680104 0.3672579 -0.0946509 0.9227879
1740546643.392256 7.1451731 0.7719139 22.6600609 -0.0658922 0.3670365 -0.0960170 0.9228885
1740546643.499738 7.1902533 0.7487903 22.7658405 -0.0636329 0.3705599 -0.0944205 0.9218031
1740546643.595407 7.2680888 0.7744204 22.8330593 -0.0571690 0.3700180 -0.0949235 0.9223925
1740546643.701154 7.3233404 0.7496606 22.8804550 -0.0558674 0.3705764 -0.0956753 0.9221704
1740546643.798254 7.3599095 0.7273713 22.9459686 -0.0523368 0.3728592 -0.0974456 0.9212716
1740546643.895276 7.4449015 0.7138925 23.0153770 -0.0500683 0.3726792 -0.0986880 0.9213382
1740546643.997739 7.4713402 0.6867363 23.0671520 -0.0476143 0.3746950 -0.0986735 0.9206520
1740546644.100049 7.5579925 0.6990081 23.1515503 -0.0435267 0.3754516 -0.1002303 0.9203779
1740546644.206281 7.6460247 0.7117689 23.2073822 -0.0402328 0.3753513 -0.1018325 0.9203928
1740546644.306783 7.6911974 0.6957184 23.2778244 -0.0367033 0.3768123 -0.1021002 0.9199136
1740546644.405734 7.7440739 0.6693392 23.3491230 -0.0341390 0.3773237 -0.1030180 0.9197003
1740546644.518813 7.8018088 0.6453787 23.4306412 -0.0307220 0.3770384 -0.1037048 0.9198606
1740546644.617068 7.8279753 0.6226150 23.4775734 -0.0291628 0.3796703 -0.1031857 0.9188867
1740546644.718275 7.8949308 0.5980612 23.5203896 -0.0262992 0.3783923 -0.1046749 0.9193317
1740546644.916085 7.9407463 0.5431296 23.5523376 -0.0228878 0.3743733 -0.1034676 0.9212031
1740546645.022068 7.9477062 0.5681193 23.5647545 -0.0169148 0.3745679 -0.1022423 0.9213899
1740546645.426033 7.9599915 0.5013051 23.6019230 -0.0115437 0.3718577 -0.1028305 0.9225044
1740546645.626518 8.0115671 0.4712907 23.6601067 -0.0072111 0.3709609 -0.1015534 0.9230509
1740546645.733369 8.0452871 0.4586449 23.6791801 -0.0039022 0.3679831 -0.1068347 0.9236664
1740546645.932300 8.0950727 0.4021305 23.7327271 -0.0011961 0.3646259 -0.1058558 0.9251168
1740546646.139310 8.1668129 0.3765621 23.7893143 0.0055322 0.3605067 -0.1087463 0.9263793
1740546646.244269 8.1734371 0.3670943 23.7912140 0.0079454 0.3565662 -0.1027491 0.9285688
1740546646.343710 8.1869068 0.3428196 23.8055649 0.0075328 0.3574195 -0.1090876 0.9275206
1740546646.651712 8.2306995 0.3005111 23.8619366 0.0152603 0.3508633 -0.1076268 0.9300960
1740546646.757130 8.2349472 0.3240339 23.8833733 0.0208937 0.3514982 -0.1097897 0.9294938
1740546646.855624 8.2297287 0.3115044 23.8532696 0.0207973 0.3496332 -0.1127360 0.9298466
1740546646.963935 8.2342634 0.3094327 23.8639030 0.0227584 0.3511996 -0.1149781 0.9289353
1740546647.063807 8.2574224 0.2912905 23.8887844 0.0259363 0.3500528 -0.1183388 0.9288629
1740546647.160739 8.3149891 0.2249558 23.9529190 0.0274873 0.3453609 -0.1163812 0.9308199
1740546647.271702 8.3609867 0.2098489 23.9772682 0.0309156 0.3419793 -0.1183272 0.9317151
1740546647.371316 8.4326544 0.1788030 24.0247211 0.0351193 0.3367287 -0.1188758 0.9334072
1740546647.475609 8.4687204 0.2266972 24.0600796 0.0406562 0.3326460 -0.1186695 0.9346718
1740546647.578155 8.4460936 0.1410413 24.0872822 0.0403632 0.3315486 -0.1185337 0.9350916
1740546647.677094 8.5334425 0.1296792 24.1440239 0.0464307 0.3266995 -0.1233062 0.9358991
1740546647.878920 8.6495533 0.0408533 24.3159103 0.0560108 0.3205292 -0.1248109 0.9373080
1740546647.986372 8.6773262 0.0988278 24.3485889 0.0640014 0.3166782 -0.1276144 0.9377277
1740546648.082004 8.7111111 0.0295007 24.3722115 0.0691521 0.3103786 -0.1269026 0.9395632
1740546648.283473 8.8819494 -0.0455115 24.5031624 0.0793720 0.2944972 -0.1310785 0.9432868
1740546648.384657 8.9153347 -0.0761435 24.5529175 0.0845801 0.2891515 -0.1307075 0.9445386
1740546648.486464 8.9345274 -0.1212809 24.5909500 0.0896354 0.2825710 -0.1282176 0.9464034
1740546648.585571 8.9678240 -0.0626504 24.5925407 0.0986870 0.2744491 -0.1335963 0.9471487
1740546648.682253 9.0479965 -0.1341968 24.6443367 0.1045270 0.2666697 -0.1320777 0.9489557
1740546648.784169 9.0431080 -0.2009435 24.7282562 0.1097524 0.2644978 -0.1337965 0.9487327
1740546648.987354 9.1655807 -0.2550082 24.8001766 0.1234034 0.2494970 -0.1370991 0.9506454
1740546649.086984 9.1681356 -0.2820904 24.9119759 0.1298396 0.2482602 -0.1411989 0.9495112
1740546649.183444 9.2155275 -0.3603432 24.9497967 0.1341069 0.2399638 -0.1394283 0.9513110
1740546649.283815 9.2702990 -0.3772311 25.0150299 0.1425724 0.2347464 -0.1405253 0.9512202
1740546649.381502 9.2664394 -0.4490349 25.0914230 0.1467103 0.2323190 -0.1418585 0.9509890
1740546649.486896 9.3200436 -0.4743879 25.1415272 0.1540772 0.2268882 -0.1439956 0.9508140
1740546649.584020 9.3364382 -0.5052183 25.2191486 0.1606480 0.2252057 -0.1463890 0.9497604
1740546649.679413 9.3680038 -0.5427861 25.2932529 0.1667008 0.2219447 -0.1489498 0.9490866
1740546649.782580 9.3997574 -0.6001611 25.3573475 0.1724980 0.2186610 -0.1513554 0.9484320
1740546649.885233 9.4108858 -0.6375427 25.4451790 0.1792641 0.2180546 -0.1519466 0.9472216
1740546649.985534 9.4490118 -0.6872272 25.5181637 0.1853203 0.2150083 -0.1535438 0.9464946
1740546650.084603 9.4878759 -0.7271826 25.5877056 0.1922600 0.2119366 -0.1547187 0.9456115
1740546650.184168 9.5153275 -0.7648776 25.6659794 0.1989381 0.2101892 -0.1569647 0.9442490
1740546650.286331 9.5509424 -0.8038700 25.7522335 0.2055535 0.2089240 -0.1585167 0.9428526
1740546650.384191 9.5745811 -0.8588750 25.8249474 0.2116112 0.2078652 -0.1593510 0.9416050
1740546650.487621 9.6086941 -0.9064627 25.8964558 0.2178463 0.2068699 -0.1607436 0.9401646
1740546650.682552 9.6565828 -1.0080557 26.0490665 0.2312742 0.2069169 -0.1635133 0.9364620
1740546650.884881 9.7065363 -1.1129813 26.1936188 0.2429631 0.2073838 -0.1652220 0.9330930
1740546650.985261 9.7430515 -1.1617734 26.2609215 0.2494970 0.2074195 -0.1663836 0.9311525
1740546651.180394 9.8018465 -1.2739153 26.4027557 0.2606985 0.2092853 -0.1683110 0.9273120
1740546651.282821 9.8337555 -1.3195536 26.4730301 0.2667069 0.2094638 -0.1684709 0.9255322
1740546651.380721 9.8633814 -1.3664274 26.5453091 0.2729322 0.2102971 -0.1689865 0.9234321
1740546651.584319 9.9013681 -1.4985585 26.6824532 0.2829318 0.2127161 -0.1693321 0.9197978
1740546651.678443 9.9406128 -1.5522480 26.7463379 0.2881764 0.2135038 -0.1701072 0.9178421
1740546651.780844 9.9668360 -1.6169434 26.7977180 0.2922456 0.2147165 -0.1707573 0.9161503
1740546651.875866 10.0023460 -1.6757607 26.8644333 0.2968933 0.2153998 -0.1714553 0.9143634
1740546651.978966 10.0256462 -1.7353745 26.9295845 0.3007485 0.2169753 -0.1710613 0.9128034
1740546652.078520 10.0564451 -1.7834053 26.9973965 0.3051297 0.2180232 -0.1715889 0.9109989
1740546652.176442 10.0888882 -1.8493223 27.0542259 0.3084984 0.2186355 -0.1715546 0.9097232
1740546652.381065 10.1457157 -1.9837461 27.1784859 0.3148091 0.2204179 -0.1721631 0.9070122
1740546652.585618 10.1945267 -2.1060600 27.3006744 0.3195557 0.2222312 -0.1723166 0.9048782
1740546652.680202 10.2132597 -2.1601987 27.3677673 0.3224146 0.2241361 -0.1721253 0.9034294
1740546652.782715 10.2491293 -2.2288461 27.4212112 0.3240574 0.2244239 -0.1720443 0.9027854
1740546652.986517 10.3069134 -2.3592229 27.5434837 0.3273080 0.2253363 -0.1727301 0.9012532
1740546653.085153 10.3398304 -2.4181395 27.6062813 0.3290839 0.2253326 -0.1727584 0.9006017
1740546653.180206 10.3688803 -2.4820967 27.6696529 0.3301241 0.2256517 -0.1733516 0.9000270
1740546653.382170 10.4243784 -2.6074839 27.8003387 0.3325244 0.2263607 -0.1734357 0.8989486
1740546653.484422 10.4590359 -2.6743932 27.8561745 0.3331363 0.2262003 -0.1733101 0.8987865
1740546653.583923 10.4876976 -2.7409716 27.9143867 0.3336877 0.2263344 -0.1736931 0.8984742
1740546653.683648 10.5137577 -2.8079724 27.9766006 0.3341077 0.2265183 -0.1737011 0.8982703
1740546653.787477 10.5414600 -2.8681579 28.0438328 0.3346979 0.2263816 -0.1736597 0.8980930
1740546653.899928 10.5640135 -2.9289870 28.1124802 0.3349923 0.2266508 -0.1736879 0.8979099
1740546654.101670 10.6229887 -3.0560675 28.2448006 0.3355635 0.2258087 -0.1743007 0.8977900
1740546654.203485 10.6461706 -3.1176577 28.3053055 0.3357382 0.2256666 -0.1745468 0.8977126
1740546654.318604 10.6723318 -3.1765280 28.3698292 0.3359669 0.2254709 -0.1745938 0.8976671
1740546654.535211 10.7183695 -3.3057275 28.5020256 0.3351303 0.2258182 -0.1744034 0.8979294
1740546654.632504 10.7474537 -3.3612909 28.5666733 0.3350320 0.2253771 -0.1747956 0.8980007
1740546654.837958 10.8121986 -3.4836783 28.7059326 0.3342283 0.2248966 -0.1753496 0.8983126
1740546655.041080 10.8634195 -3.6074371 28.8432579 0.3330280 0.2246480 -0.1750427 0.8988802
1740546655.251334 10.9002495 -3.7370372 28.9841175 0.3313635 0.2253642 -0.1742410 0.8994717
1740546655.352037 10.9255114 -3.8090916 29.0504150 0.3299539 0.2247495 -0.1741077 0.9001692
1740546655.452679 10.9414272 -3.8741119 29.1149597 0.3286830 0.2248760 -0.1740843 0.9006070
1740546655.665499 11.0285864 -4.0042715 29.2657013 0.3260656 0.2222306 -0.1744153 0.9021497
1740546655.769076 11.0518255 -4.0620928 29.3257256 0.3245438 0.2209383 -0.1747201 0.9029565
1740546655.869642 11.0796108 -4.1287150 29.4085312 0.3226451 0.2197376 -0.1749101 0.9038927
1740546655.975414 11.0901623 -4.2024841 29.4844627 0.3202780 0.2201815 -0.1742809 0.9047476
1740546656.081387 11.1161995 -4.2658806 29.5675735 0.3187212 0.2196221 -0.1746648 0.9053591
1740546656.181440 11.1308413 -4.3380375 29.6462975 0.3160686 0.2189625 -0.1744230 0.9064947
1740546656.288213 11.1480265 -4.3972645 29.7194901 0.3139925 0.2182099 -0.1741854 0.9074429
1740546656.389786 11.1657839 -4.4670258 29.7918129 0.3112673 0.2171636 -0.1746145 0.9085496
1740546656.501624 11.1951542 -4.5269203 29.8724442 0.3090831 0.2162688 -0.1742369 0.9095806
1740546656.603678 11.2090693 -4.5907507 29.9588165 0.3067235 0.2159046 -0.1741061 0.9104906
1740546656.707463 11.2030163 -4.6539993 30.0419655 0.3043115 0.2164078 -0.1733724 0.9113201
1740546656.814904 11.2478447 -4.7164950 30.1071224 0.3015753 0.2141387 -0.1742665 0.9125942
1740546656.915819 11.2707863 -4.7704630 30.1891270 0.2994592 0.2129718 -0.1741684 0.9135823
1740546657.022702 11.3019629 -4.8254709 30.2708015 0.2970633 0.2116167 -0.1741475 0.9146827
1740546657.125037 11.3206472 -4.8729358 30.3485451 0.2950346 0.2112060 -0.1738801 0.9154847
1740546657.231846 11.3325424 -4.9304018 30.4306831 0.2923100 0.2102463 -0.1738318 0.9165882
1740546657.335971 11.3551664 -4.9827847 30.5224743 0.2907741 0.2094737 -0.1735994 0.9172974
1740546657.434391 11.3610649 -5.0425081 30.6150360 0.2883142 0.2099776 -0.1733479 0.9180059
1740546657.541411 11.4106350 -5.1012378 30.6985703 0.2861344 0.2082699 -0.1734116 0.9190643
1740546657.643895 11.4255562 -5.1584215 30.7841721 0.2841477 0.2081271 -0.1737956 0.9196403
1740546657.757201 11.4337597 -5.2202592 30.8682308 0.2828166 0.2088664 -0.1729762 0.9200374
1740546657.860289 11.4660416 -5.2808995 30.9473553 0.2820608 0.2084616 -0.1730800 0.9203417
1740546657.974066 11.5009031 -5.3377280 31.0300331 0.2813122 0.2082361 -0.1726983 0.9206935
1740546658.080175 11.5121193 -5.3950005 31.1236229 0.2811740 0.2093524 -0.1723245 0.9205526
1740546658.183701 11.5770645 -5.4427919 31.2004585 0.2812380 0.2077125 -0.1735649 0.9206715
1740546658.290715 11.6071806 -5.4979801 31.2873955 0.2820181 0.2080091 -0.1738980 0.9203029
1740546658.397846 11.6163273 -5.5674295 31.3668365 0.2825802 0.2086640 -0.1737778 0.9200050
1740546658.506975 11.6604776 -5.6276107 31.4485493 0.2843643 0.2074552 -0.1744584 0.9195997
1740546658.610174 11.7058964 -5.6874156 31.5295753 0.2866573 0.2060570 -0.1751816 0.9190645
1740546658.725148 11.7158232 -5.7508988 31.6160316 0.2889661 0.2067235 -0.1756979 0.9180927
1740546658.824600 11.7239246 -5.8160987 31.6959743 0.2920305 0.2076126 -0.1769940 0.9166725
1740546658.927895 11.7720137 -5.8855991 31.7637711 0.2956118 0.2055282 -0.1780913 0.9157813
1740546659.049501 11.8141737 -5.9533243 31.8380127 0.2997541 0.2036138 -0.1791718 0.9146510
1740546659.152825 11.8410921 -6.0117354 31.9314346 0.3044069 0.2018353 -0.1810076 0.9131458
1740546659.259966 11.8753710 -6.0672750 32.0151100 0.3096914 0.1989352 -0.1826692 0.9116732
1740546659.367122 11.8949757 -6.1366763 32.0953865 0.3149846 0.1962146 -0.1845117 0.9100770
1740546659.467316 11.9160328 -6.2047372 32.1725082 0.3216180 0.1928684 -0.1866073 0.9080426
1740546659.578971 11.9028797 -6.2805719 32.2561989 0.3280198 0.1916261 -0.1881528 0.9056937
1740546659.681237 11.9243116 -6.3613849 32.3220139 0.3350303 0.1874747 -0.1905958 0.9034828
1740546659.792493 11.9234314 -6.4458661 32.3929520 0.3422707 0.1845594 -0.1926331 0.9009334
1740546659.896714 11.9136572 -6.5199289 32.4707870 0.3502685 0.1823864 -0.1951203 0.8977612
1740546660.006482 11.9172611 -6.6077795 32.5299072 0.3585531 0.1786459 -0.1973277 0.8947553
1740546660.113173 11.9072437 -6.6812954 32.6047554 0.3674579 0.1760839 -0.1995081 0.8911597
1740546660.325274 11.9261131 -6.8586292 32.7286720 0.3831386 0.1693055 -0.2038973 0.8848539
1740546660.430978 11.9360676 -6.9439697 32.7941513 0.3914825 0.1665997 -0.2060056 0.8812194
1740546660.636637 11.9599304 -7.1191311 32.9119492 0.4083163 0.1607010 -0.2096602 0.8737824
1740546660.737505 11.9647093 -7.2157888 32.9669647 0.4161990 0.1584657 -0.2113883 0.8700472
1740546660.835908 11.9632006 -7.3051739 33.0229950 0.4245902 0.1567096 -0.2132265 0.8658520
1740546661.036191 11.9698906 -7.4994688 33.1246834 0.4391792 0.1525595 -0.2156305 0.8586913
1740546661.236673 11.9690351 -7.6823049 33.2418976 0.4531929 0.1494931 -0.2178040 0.8513691
1740546661.429985 11.9813271 -7.8744287 33.3391953 0.4651360 0.1468762 -0.2202096 0.8447388
1740546661.626410 11.9962082 -8.0794277 33.4111214 0.4751833 0.1435709 -0.2223594 0.8391332
1740546661.827120 12.0001936 -8.2827005 33.4812546 0.4832158 0.1402918 -0.2247233 0.8344580
1740546662.031542 11.9966984 -8.4802485 33.5641060 0.4895369 0.1363493 -0.2270155 0.8307987
1740546662.237581 11.9967384 -8.6735630 33.6605911 0.4934528 0.1315994 -0.2300399 0.8284127
1740546662.434495 12.0051250 -8.8580885 33.7751808 0.4950044 0.1254695 -0.2336048 0.8274400
1740546662.747718 11.9678192 -9.1382599 33.9225502 0.4928617 0.1151788 -0.2394047 0.8285570
1740546663.043678 11.9118223 -9.4159975 34.0788651 0.4871823 0.1027948 -0.2470910 0.8312837
1740546663.345241 11.8729162 -9.6800041 34.2612877 0.4780100 0.0884649 -0.2560787 0.8355262
1740546663.643694 11.8389378 -9.9286861 34.4585037 0.4659701 0.0741332 -0.2647553 0.8409998
1740546663.943966 11.7729073 -10.1812391 34.6514206 0.4527951 0.0593293 -0.2740581 0.8463739
1740546664.253612 11.6972733 -10.4210739 34.8518867 0.4383075 0.0443150 -0.2830077 0.8519562
1740546664.553696 11.6393776 -10.6441917 35.0745316 0.4232144 0.0294439 -0.2914284 0.8573751
1740546664.850466 11.5497255 -10.8633442 35.2902832 0.4078184 0.0166589 -0.2993503 0.8624362
1740546665.153353 11.4664621 -11.0668440 35.5220642 0.3926323 0.0035904 -0.3068043 0.8670052
1740546665.449400 11.3794813 -11.2477522 35.7728424 0.3775470 -0.0085959 -0.3140410 0.8710698
1740546665.748215 11.2880840 -11.4485826 36.0042763 0.3628796 -0.0203416 -0.3210310 0.8745534
1740546666.048440 11.1804295 -11.6213131 36.2490349 0.3480219 -0.0315218 -0.3268038 0.8781152
1740546666.343869 11.0802355 -11.7837849 36.5042419 0.3326195 -0.0429056 -0.3331851 0.8811986
1740546666.550342 10.9989386 -11.8907404 36.6668167 0.3215568 -0.0503994 -0.3371623 0.8833927
1740546666.749415 10.9398050 -11.9846010 36.8463707 0.3117933 -0.0575777 -0.3414121 0.8848206
1740546667.141929 10.7780676 -12.1625385 37.1967316 0.2891153 -0.0714624 -0.3494933 0.8883468
1740546667.440395 10.6707354 -12.2934113 37.4573250 0.2697725 -0.0807698 -0.3552889 0.8913298
1740546667.737851 10.5696201 -12.4052010 37.7239799 0.2509202 -0.0895112 -0.3619351 0.8933252
1740546667.941581 10.4855185 -12.4475307 37.9173698 0.2383439 -0.0935944 -0.3651831 0.8950272
1740546668.142917 10.4024572 -12.5004730 38.0904999 0.2238782 -0.0964754 -0.3678831 0.8973477
1740546668.343555 10.3611641 -12.5613308 38.2821922 0.2106515 -0.0992445 -0.3714158 0.8987918
1740546668.548857 10.3060503 -12.6042538 38.4775391 0.1977760 -0.1007635 -0.3747519 0.9001624
1740546668.743638 10.2423601 -12.6338615 38.6662674 0.1844847 -0.1018765 -0.3766841 0.9020509
1740546668.943170 10.1790791 -12.6761265 38.8589821 0.1723018 -0.1034590 -0.3788959 0.9033527
1740546669.145386 10.1116247 -12.7167139 39.0376930 0.1607100 -0.1050735 -0.3813342 0.9042765
1740546669.348097 10.0459108 -12.7319527 39.2338905 0.1508849 -0.1051162 -0.3831899 0.9051794
1740546669.549225 9.9929152 -12.7637882 39.4346428 0.1404942 -0.1062558 -0.3841720 0.9063018
1740546669.748323 9.9553442 -12.7830839 39.6386986 0.1327492 -0.1089388 -0.3865427 0.9061428
1740546669.942653 9.8869743 -12.7981215 39.8269157 0.1245283 -0.1110122 -0.3885779 0.9061877
1740546670.143820 9.8161449 -12.8259506 40.0235367 0.1161958 -0.1134635 -0.3903933 0.9062106
1740546670.354922 9.7456093 -12.8503485 40.2211800 0.1081087 -0.1155898 -0.3907730 0.9067789
1740546670.554711 9.6981535 -12.8743744 40.4254456 0.1004312 -0.1185097 -0.3919042 0.9067967
1740546670.650998 9.6768265 -12.8902721 40.5206680 0.0953213 -0.1209101 -0.3930365 0.9065412
1740546670.761912 9.6526546 -12.8769865 40.6229477 0.0921570 -0.1223116 -0.3951015 0.9057824
1740546670.856079 9.6153870 -12.8822632 40.7264595 0.0879587 -0.1238426 -0.3956482 0.9057531
1740546670.952521 9.5790033 -12.8800640 40.8201942 0.0826758 -0.1264447 -0.3965155 0.9055120
1740546671.053303 9.5479088 -12.8691053 40.9213676 0.0787710 -0.1286743 -0.3985570 0.9046493
1740546671.149778 9.5119591 -12.8665924 41.0179901 0.0738153 -0.1308878 -0.3997698 0.9042144
1740546671.245485 9.4804049 -12.8518867 41.1139450 0.0693014 -0.1331028 -0.4005271 0.9039131
1740546671.344940 9.4601336 -12.8324413 41.2003784 0.0642972 -0.1353357 -0.4018009 0.9033859
1740546671.441200 9.4361639 -12.8115950 41.3063126 0.0597635 -0.1385291 -0.4024693 0.9029155
1740546671.542095 9.4209328 -12.7975044 41.3827362 0.0544324 -0.1421964 -0.4037903 0.9020924
1740546671.636873 9.3875408 -12.7729340 41.4814224 0.0498169 -0.1439744 -0.4045097 0.9017547
1740546671.732307 9.3352308 -12.7659731 41.5710030 0.0433297 -0.1453353 -0.4049516 0.9016731
1740546671.836102 9.3156223 -12.7472200 41.6609917 0.0388997 -0.1482979 -0.4064133 0.9007346
1740546671.927902 9.2734489 -12.7285671 41.7591553 0.0334865 -0.1501233 -0.4068030 0.9004738
1740546672.036080 9.2385807 -12.6999836 41.8560448 0.0291407 -0.1513172 -0.4072430 0.9002261
1740546672.128795 9.2159595 -12.6881847 41.9628448 0.0240071 -0.1531446 -0.4083581 0.8995633
1740546672.224473 9.1903334 -12.6654634 42.0567245 0.0201895 -0.1547601 -0.4086070 0.8992675
1740546672.326165 9.1604853 -12.6403809 42.1566391 0.0168430 -0.1554790 -0.4088328 0.8991097
1740546672.422630 9.1286020 -12.6269093 42.2569427 0.0126918 -0.1570705 -0.4096688 0.8985206
1740546672.523412 9.0942030 -12.6091461 42.3571930 0.0096154 -0.1576919 -0.4099416 0.8983255
1740546672.624621 9.0717134 -12.5831013 42.4574051 0.0070800 -0.1580888 -0.4103240 0.8981047
1740546672.720117 9.0344868 -12.5656986 42.5554352 0.0044878 -0.1575924 -0.4106910 0.8980409
1740546672.820025 8.9952583 -12.5550051 42.6559868 0.0019684 -0.1571017 -0.4116420 0.8977004
1740546672.916525 8.9702902 -12.5424175 42.7602119 0.0001415 -0.1571339 -0.4119851 0.8975395
1740546673.112395 8.9202843 -12.5152235 42.9687462 -0.0018063 -0.1568183 -0.4117977 0.8976789
1740546673.310653 8.8668795 -12.4837742 43.1645927 -0.0025894 -0.1552566 -0.4118902 0.8979060
1740546673.407671 8.8442249 -12.4778185 43.2706490 -0.0028545 -0.1548471 -0.4117680 0.8980319
1740546673.517518 8.8132162 -12.4625416 43.3696556 -0.0027800 -0.1537738 -0.4116560 0.8982680
1740546673.707987 8.7628098 -12.4381971 43.5769768 -0.0024249 -0.1526247 -0.4118084 0.8983951
1740546673.907650 8.7143192 -12.4135427 43.7844467 -0.0013535 -0.1518579 -0.4119074 0.8984818
1740546674.113832 8.6523638 -12.3953619 43.9866371 -0.0002304 -0.1513464 -0.4115026 0.8987547
1740546674.309347 8.5792723 -12.3671265 44.1875076 0.0021355 -0.1497648 -0.4118726 0.8988475
1740546674.504739 8.5255041 -12.3372936 44.3925209 0.0033566 -0.1501875 -0.4117232 0.8988417
1740546674.701451 8.4628382 -12.3222094 44.5897751 0.0043275 -0.1499902 -0.4112281 0.8990972
1740546674.994173 8.3726225 -12.2872658 44.8882523 0.0061426 -0.1506600 -0.4109679 0.8990935
1740546675.101604 8.3404722 -12.2707891 44.9897003 0.0072865 -0.1507922 -0.4110996 0.8990026
1740546675.297287 8.2835722 -12.2507820 45.1931572 0.0080670 -0.1520616 -0.4109348 0.8988575
1740546675.682981 8.1583672 -12.2112436 45.5991173 0.0097607 -0.1530579 -0.4101456 0.8990321
1740546675.976718 8.0791006 -12.1675348 45.9029961 0.0112848 -0.1543228 -0.4105041 0.8986343
1740546676.282753 7.9815054 -12.1468067 46.2013626 0.0113156 -0.1564886 -0.4104449 0.8982863
1740546676.685736 7.8479757 -12.0947552 46.6078110 0.0107123 -0.1580650 -0.4101919 0.8981332
1740546677.084921 7.7171192 -12.0522041 47.0034637 0.0076691 -0.1600705 -0.4105681 0.8976372
1740546677.287224 7.6390610 -12.0170221 47.1981316 0.0041435 -0.1587476 -0.4115843 0.8974299
1740546677.585145 7.5324831 -11.9863319 47.4993134 -0.0053950 -0.1562182 -0.4133071 0.8970752
1740546677.786813 7.4487553 -11.9656382 47.6880798 -0.0139462 -0.1521591 -0.4146759 0.8970491
1740546678.089951 7.3507624 -11.9099026 47.9868965 -0.0315707 -0.1433619 -0.4179437 0.8965343
1740546678.398057 7.3148727 -11.8253632 48.2918930 -0.0553128 -0.1312893 -0.4212617 0.8956797
1740546678.709008 7.3160925 -11.7338924 48.5970421 -0.0838212 -0.1152439 -0.4254054 0.8937131
1740546679.025105 7.3185954 -11.6178875 48.8964195 -0.1140357 -0.0966923 -0.4301012 0.8903142
1740546679.334254 7.3645101 -11.4896431 49.1858139 -0.1450631 -0.0794161 -0.4337351 0.8857334
1740546679.642428 7.4617076 -11.3410406 49.4542389 -0.1727476 -0.0636832 -0.4364364 0.8806964
1740546679.944479 7.5500736 -11.1953869 49.7314568 -0.1968637 -0.0514113 -0.4381368 0.8755785
1740546680.456290 7.6178179 -10.9756956 50.2119827 -0.2265517 -0.0424942 -0.4387602 0.8685379
1740546680.870735 7.7091246 -10.7817392 50.5858154 -0.2416161 -0.0470505 -0.4364848 0.8653837
1740546681.274451 7.7217674 -10.5602264 50.9527855 -0.2527425 -0.0590576 -0.4329411 0.8632470
1740546681.582742 7.7544837 -10.3912668 51.2262115 -0.2592406 -0.0712315 -0.4290648 0.8623363
1740546681.979317 7.7696257 -10.1576653 51.5816879 -0.2688894 -0.0896748 -0.4237083 0.8603070
1740546682.483950 7.7735267 -9.8233919 52.0123558 -0.2815462 -0.1129597 -0.4164450 0.8570563
1740546682.882793 7.8052111 -9.5559845 52.3500443 -0.2918945 -0.1294508 -0.4108310 0.8539661
1740546683.264868 7.7693267 -9.2672043 52.6720695 -0.3002651 -0.1429573 -0.4059444 0.8512421
1740546683.660805 7.7488441 -8.9716225 52.9913483 -0.3046723 -0.1538490 -0.4025153 0.8494037
1740546684.055661 7.7164092 -8.6674595 53.2979546 -0.3045734 -0.1591565 -0.4009724 0.8491910
1740546684.344404 7.7290773 -8.4521942 53.5411530 -0.3011669 -0.1619976 -0.4003874 0.8501442
1740546684.741572 7.7164545 -8.1982536 53.8889847 -0.2924031 -0.1620607 -0.4003381 0.8532094
1740546685.052358 7.6995659 -8.0237427 54.1688995 -0.2834560 -0.1609777 -0.4003474 0.8564233
1740546685.446654 7.6620188 -7.7504282 54.5047150 -0.2692494 -0.1593590 -0.4007571 0.8611059
1740546685.651687 7.6459947 -7.6424389 54.6947098 -0.2622074 -0.1585407 -0.4018099 0.8629375
1740546686.046278 7.6055465 -7.4018106 55.0572662 -0.2466545 -0.1581565 -0.4006865 0.8681005
1740546686.339459 7.5695915 -7.2425146 55.3447800 -0.2356875 -0.1582452 -0.4004694 0.8712257
1740546686.728878 7.5305042 -7.0315676 55.7243080 -0.2205356 -0.1605157 -0.3987525 0.8755543
1740546687.029937 7.4890981 -6.8772573 56.0091820 -0.2098410 -0.1629463 -0.3972579 0.8784085
1740546687.337608 7.4362378 -6.7167406 56.2897377 -0.1986640 -0.1649672 -0.3963953 0.8810160
1740546687.639977 7.3592048 -6.5783119 56.5778046 -0.1877014 -0.1663531 -0.3950028 0.8837803
1740546687.935291 7.2976851 -6.4330530 56.8564720 -0.1770141 -0.1667847 -0.3946783 0.8860462
1740546688.224978 7.2266116 -6.2879696 57.1387215 -0.1654601 -0.1651396 -0.3937546 0.8889933
1740546688.521179 7.1575909 -6.1986485 57.4442558 -0.1555848 -0.1621440 -0.3940208 0.8912072
1740546688.812827 7.1108136 -6.0716333 57.7412605 -0.1474091 -0.1560960 -0.3947594 0.8933474
1740546689.115361 7.0448508 -5.9690609 58.0457497 -0.1407192 -0.1495426 -0.3951243 0.8953837
1740546689.410321 7.0088205 -5.8930016 58.3603325 -0.1365668 -0.1422297 -0.3957649 0.8969339
1740546689.703839 6.9673457 -5.7747583 58.6630440 -0.1349773 -0.1339064 -0.3976698 0.8976129
1740546689.994920 6.9179053 -5.6549301 58.9624100 -0.1377582 -0.1279142 -0.3984184 0.8977324
1740546690.296752 6.9074259 -5.5516272 59.2701569 -0.1428799 -0.1245638 -0.3993889 0.8969714
1740546690.594915 6.9079571 -5.4527521 59.5803566 -0.1500054 -0.1251421 -0.3998483 0.8955218
1740546690.899274 6.9051256 -5.3089495 59.8721542 -0.1576969 -0.1302450 -0.3996541 0.8935573
1740546691.195203 6.8798480 -5.1532106 60.1604805 -0.1662709 -0.1414484 -0.3977598 0.8911417
1740546691.494725 6.8299828 -5.0023375 60.4487762 -0.1735603 -0.1589222 -0.3944655 0.8882666
1740546691.796527 6.7358694 -4.8364296 60.7155647 -0.1806854 -0.1812351 -0.3895568 0.8847328
1740546692.099324 6.6503010 -4.6840124 60.9878464 -0.1858753 -0.2077962 -0.3829004 0.8807147
1740546692.398268 6.5544596 -4.5075493 61.2430725 -0.1902324 -0.2368197 -0.3757943 0.8755037
1740546692.800724 6.3658810 -4.2472878 61.5307007 -0.1936102 -0.2756923 -0.3647726 0.8680149
1740546693.103943 6.1769037 -4.0866547 61.7400208 -0.1954723 -0.3027294 -0.3566183 0.8619564
1740546693.419239 6.0224266 -3.8924255 61.9491920 -0.1933510 -0.3267520 -0.3482252 0.8570809
1740546693.721943 5.8628693 -3.6936264 62.1449089 -0.1922385 -0.3466137 -0.3419250 0.8520508
1740546694.016875 5.7015820 -3.5070934 62.3533783 -0.1894435 -0.3626210 -0.3349308 0.8487865
1740546694.218061 5.5842304 -3.3713951 62.4740143 -0.1861732 -0.3706857 -0.3315002 0.8473720
1740546694.411810 5.4755287 -3.2391281 62.6076584 -0.1804755 -0.3778988 -0.3282309 0.8466910
1740546694.609564 5.3509426 -3.1205845 62.7360077 -0.1759448 -0.3830400 -0.3248677 0.8466314
1740546694.804360 5.2262268 -3.0172138 62.8621521 -0.1700082 -0.3871896 -0.3222582 0.8469540
1740546695.000647 5.1013126 -2.9230042 62.9837952 -0.1631006 -0.3908554 -0.3174273 0.8484516
1740546695.197674 4.9786491 -2.8157816 63.1050873 -0.1558977 -0.3926326 -0.3137414 0.8503540
1740546695.399277 4.8503170 -2.7393837 63.2378273 -0.1472192 -0.3935194 -0.3139373 0.8514178
1740546695.595375 4.7325172 -2.6454639 63.3794746 -0.1396316 -0.3953056 -0.3091324 0.8536239
1740546695.786600 4.5961285 -2.5528698 63.5068398 -0.1304663 -0.3949354 -0.3059674 0.8563811
1740546695.978958 4.4710064 -2.4567127 63.6265373 -0.1212819 -0.3923542 -0.3024351 0.8601639
1740546696.178045 4.3558006 -2.3860807 63.7695122 -0.1128155 -0.3936626 -0.2996698 0.8616847
1740546696.377534 4.2280807 -2.3156605 63.9022713 -0.1082176 -0.3909022 -0.2995828 0.8635593
1740546696.473341 4.2203465 -2.2442465 63.9239044 -0.0996185 -0.3912023 -0.2973405 0.8652315
1740546696.572794 4.2112656 -2.2087955 63.9387627 -0.0948334 -0.3885195 -0.2947722 0.8678529
1740546696.672079 4.2111588 -2.1738539 63.9595032 -0.0871094 -0.3878839 -0.2925870 0.8696845
1740546696.764811 4.1795063 -2.1550646 63.9808197 -0.0834956 -0.3859046 -0.2951338 0.8700587
1740546696.865283 4.1576309 -2.1141167 64.0073242 -0.0776938 -0.3841860 -0.2921442 0.8723626
1740546696.959871 4.1278057 -2.0711174 64.0583878 -0.0735884 -0.3845430 -0.2907086 0.8730406
1740546697.076243 4.1061745 -2.0324764 64.0760345 -0.0675334 -0.3829129 -0.2919591 0.8738288
1740546697.171772 4.0895634 -2.0314732 64.0958252 -0.0650662 -0.3818012 -0.2920575 0.8744694
1740546697.264722 4.0873909 -2.0031281 64.1380081 -0.0599315 -0.3840731 -0.2923584 0.8737406
1740546697.368104 4.0947533 -1.9511967 64.1538391 -0.0489548 -0.3833141 -0.2876211 0.8763263
1740546697.460403 4.0843143 -1.9514151 64.1835556 -0.0449862 -0.3837249 -0.2890587 0.8758861
1740546697.558325 4.0751934 -1.9271450 64.2010651 -0.0390330 -0.3840181 -0.2872194 0.8766479
1740546697.654881 4.0969925 -1.9060602 64.2251434 -0.0322956 -0.3845510 -0.2829203 0.8780852
1740546697.750242 4.0761929 -1.8961220 64.2480774 -0.0299607 -0.3851380 -0.2827713 0.8779587
1740546697.856773 4.0328827 -1.8757706 64.2459488 -0.0221131 -0.3813225 -0.2855679 0.8789511
1740546697.950861 4.0155792 -1.8737974 64.2552872 -0.0182640 -0.3794301 -0.2849934 0.8800443
1740546698.044313 3.9827232 -1.8677759 64.2930527 -0.0127737 -0.3809589 -0.2876151 0.8786266
1740546698.144532 3.9771576 -1.8196912 64.2978134 -0.0048776 -0.3783704 -0.2864332 0.8802091
1740546698.241413 3.9453068 -1.8201966 64.3204575 -0.0023070 -0.3772307 -0.2896177 0.8796666
1740546698.342030 3.9381447 -1.8020568 64.3631973 -0.0026927 -0.3787701 -0.2816187 0.8815991
1740546698.439701 3.8927040 -1.7969980 64.3779449 0.0054134 -0.3781307 -0.2820983 0.8817077
1740546698.536431 3.8748360 -1.7836866 64.3936996 0.0094323 -0.3775064 -0.2846179 0.8811314
1740546698.639730 3.9058571 -1.7719002 64.4093475 0.0152895 -0.3798564 -0.2821099 0.8808458
1740546698.836725 3.8729343 -1.7710614 64.4019470 0.0201261 -0.3759123 -0.2853205 0.8814063
1740546698.937230 3.9020748 -1.7842112 64.3970184 0.0188294 -0.3793153 -0.2751916 0.8831959
1740546699.038264 3.9236622 -1.7554994 64.4017639 0.0286092 -0.3810730 -0.2702719 0.8836957
1740546699.233462 3.8979359 -1.7670531 64.4518738 0.0288036 -0.3880846 -0.2681018 0.8812957
1740546699.429043 3.8978214 -1.7358174 64.5046616 0.0405280 -0.3909370 -0.2632349 0.8810409
1740546699.525501 3.8610191 -1.7512145 64.5028152 0.0405648 -0.3890785 -0.2663116 0.8809374
1740546699.625329 3.8772812 -1.7084546 64.5220108 0.0470922 -0.3912733 -0.2612038 0.8811697
1740546699.720609 3.8463383 -1.7359557 64.5275269 0.0491261 -0.3906093 -0.2661948 0.8798588
1740546699.819979 3.8962631 -1.7262492 64.5498962 0.0532734 -0.3972837 -0.2637926 0.8773489
1740546699.915931 3.9032879 -1.7069237 64.5936661 0.0573301 -0.4019275 -0.2575651 0.8768283
1740546700.011463 3.9101315 -1.7295938 64.6128082 0.0579990 -0.4053919 -0.2568385 0.8754014
1740546700.116369 3.9053326 -1.7142019 64.6275787 0.0569519 -0.4060872 -0.2508066 0.8768955
1740546700.305286 3.8576012 -1.6962466 64.6643829 0.0609423 -0.4065184 -0.2451150 0.8780361
1740546700.405038 3.8715038 -1.6891181 64.6396179 0.0621639 -0.4070173 -0.2317538 0.8813415
1740546700.500938 3.8554840 -1.6673300 64.6737900 0.0661970 -0.4092331 -0.2293084 0.8806611
1740546700.605591 3.8808155 -1.6750329 64.6959915 0.0672217 -0.4158788 -0.2246367 0.8786719
1740546700.699716 3.8674774 -1.6643126 64.7251129 0.0681895 -0.4174034 -0.2215900 0.8786482
1740546700.794756 3.8747787 -1.6748214 64.7077560 0.0678455 -0.4189221 -0.2097505 0.8808553
1740546700.897259 3.8889179 -1.6699860 64.7617416 0.0708644 -0.4241682 -0.2104051 0.8779460
1740546700.994761 3.8506699 -1.6722548 64.7669220 0.0643839 -0.4246674 -0.1972884 0.8812432
1740546701.103343 3.8453751 -1.6739274 64.7498550 0.0666034 -0.4259374 -0.1947714 0.8810252
1740546701.198977 3.8256493 -1.6713325 64.7756424 0.0670342 -0.4262364 -0.1918720 0.8814840
1740546701.295683 3.8535099 -1.7029308 64.7908859 0.0666982 -0.4309936 -0.1925677 0.8790413
1740546701.399691 3.8250504 -1.6644648 64.7936707 0.0707185 -0.4332367 -0.1806989 0.8801436
1740546701.495748 3.8669949 -1.6576997 64.8377762 0.0708951 -0.4415693 -0.1756845 0.8769979
1740546701.600863 3.8554707 -1.6727464 64.8181763 0.0716526 -0.4408160 -0.1722506 0.8779960
1740546701.696814 3.8613377 -1.6542931 64.8345490 0.0705348 -0.4463993 -0.1565873 0.8781987
1740546701.795116 3.8564968 -1.6707666 64.8273010 0.0683886 -0.4471275 -0.1558670 0.8781261
1740546701.897596 3.8967667 -1.7110972 64.8583984 0.0655885 -0.4530618 -0.1542744 0.8755756
1740546701.995767 3.8548012 -1.6911056 64.8739014 0.0691435 -0.4532202 -0.1506528 0.8758507
1740546702.101202 3.8436623 -1.6717317 64.8414154 0.0720088 -0.4526399 -0.1470347 0.8765345
1740546702.197768 3.8992615 -1.6770765 64.8121033 0.0662438 -0.4568097 -0.1375470 0.8763661
1740546702.296104 3.8808022 -1.7214816 64.8078384 0.0617959 -0.4570644 -0.1357586 0.8768370
1740546702.397887 3.8611450 -1.7366354 64.8125381 0.0598045 -0.4591843 -0.1334689 0.8762188
1740546702.496046 3.8674412 -1.7214606 64.7781601 0.0583496 -0.4575080 -0.1292979 0.8778176
1740546702.605350 3.8084087 -1.7810042 64.7761078 0.0541684 -0.4570300 -0.1323047 0.8778866
1740546702.701051 3.7274609 -1.7910491 64.7497940 0.0532202 -0.4547945 -0.1335562 0.8789154
1740546702.796759 3.7424030 -1.8111705 64.7290955 0.0512927 -0.4559184 -0.1326772 0.8785808
1740546702.899753 3.7226372 -1.7966498 64.7004547 0.0504884 -0.4542324 -0.1283086 0.8801482
1740546702.997495 3.7421112 -1.7749329 64.7165985 0.0546344 -0.4565283 -0.1326871 0.8780611
1740546703.108803 3.6831379 -1.7840042 64.6994781 0.0521681 -0.4530953 -0.1293313 0.8804865
1740546703.207256 3.5837460 -1.7895809 64.7345963 0.0508258 -0.4520508 -0.1275505 0.8813612
1740546703.304336 3.5269794 -1.8223909 64.7739868 0.0476804 -0.4523587 -0.1292062 0.8811379
1740546703.404203 3.4249496 -1.8240638 64.8264618 0.0467152 -0.4515485 -0.1301964 0.8814594
1740546703.502542 3.3329906 -1.8161153 64.8982620 0.0455476 -0.4519111 -0.1315211 0.8811379
1740546703.608924 3.2414131 -1.8166629 64.9640121 0.0434540 -0.4510606 -0.1317959 0.8816382
1740546703.704485 3.1476059 -1.8124459 65.0196609 0.0418820 -0.4505876 -0.1305277 0.8821447
1740546703.802061 3.0593472 -1.8055007 65.0800323 0.0405275 -0.4492663 -0.1327948 0.8825434
1740546703.907078 2.9962597 -1.7972295 65.1481857 0.0398351 -0.4500805 -0.1339854 0.8819800
1740546704.003007 2.8896198 -1.8026471 65.2051620 0.0356109 -0.4478307 -0.1361967 0.8829666
1740546704.108631 2.8060474 -1.7810252 65.2782822 0.0355565 -0.4473054 -0.1355981 0.8833271
1740546704.206944 2.7300358 -1.7749407 65.3420639 0.0335530 -0.4465663 -0.1390603 0.8832412
1740546704.302463 2.6350555 -1.7777727 65.4104309 0.0294208 -0.4455241 -0.1400599 0.8837568
1740546704.404733 2.5510979 -1.7631216 65.4791412 0.0281217 -0.4443690 -0.1412896 0.8841847
1740546704.618957 2.3821640 -1.7346091 65.6081314 0.0217825 -0.4388267 -0.1431099 0.8868349
1740546704.731678 2.3054218 -1.7251906 65.6740417 0.0202490 -0.4379817 -0.1435136 0.8872237
1740546705.039585 2.0551720 -1.6957564 65.8763733 0.0087513 -0.4306440 -0.1496357 0.8899878
1740546705.250189 1.8895302 -1.6667342 66.0147400 0.0005554 -0.4243147 -0.1557742 0.8920152
1740546705.451105 1.7384071 -1.6376810 66.1474152 -0.0071574 -0.4170373 -0.1573292 0.8951403
1740546705.747183 1.5100861 -1.5840240 66.3668137 -0.0199961 -0.4057324 -0.1659787 0.8985724
1740546705.948024 1.3689938 -1.5429859 66.5195007 -0.0300705 -0.3989760 -0.1704525 0.9004776
1740546706.148567 1.2420845 -1.4873095 66.6546326 -0.0367808 -0.3912598 -0.1749297 0.9027528
1740546706.246686 1.1662884 -1.4657869 66.7266006 -0.0429922 -0.3861344 -0.1749748 0.9046744
1740546706.351566 1.0994987 -1.4368443 66.8065491 -0.0454135 -0.3816465 -0.1787241 0.9057269
1740546706.546651 0.9993544 -1.4364452 66.8592606 -0.0594141 -0.3682676 -0.1805942 0.9100740
1740546706.648298 0.9390182 -1.4535694 66.8570557 -0.0704412 -0.3557207 -0.1848636 0.9134146
1740546706.746127 0.8793688 -1.5034370 66.8538666 -0.0860003 -0.3440419 -0.1908209 0.9153286
1740546706.851282 0.8188944 -1.5268021 66.8696899 -0.0961694 -0.3351808 -0.1956884 0.9165758
1740546706.947519 0.7803268 -1.5463514 66.8868103 -0.1065398 -0.3285013 -0.1993980 0.9170478
1740546707.046123 0.7316246 -1.5813417 66.8889160 -0.1184928 -0.3189915 -0.2077513 0.9170842
1740546707.148753 0.6738119 -1.6112738 66.8898926 -0.1302571 -0.3064710 -0.2143493 0.9182391
1740546707.251436 0.6362019 -1.6407785 66.9054260 -0.1430906 -0.2976882 -0.2185593 0.9182258
1740546707.353225 0.5894041 -1.6653872 66.9130630 -0.1537998 -0.2883098 -0.2239737 0.9181824
1740546707.448416 0.5345368 -1.6909008 66.9196625 -0.1655655 -0.2761880 -0.2309629 0.9181310
1740546707.546928 0.4970202 -1.7201271 66.9406586 -0.1772289 -0.2687587 -0.2352398 0.9170720
1740546707.648912 0.4567375 -1.7514505 66.9514999 -0.1900884 -0.2596248 -0.2402935 0.9158168
1740546707.746705 0.4240727 -1.7594299 66.9554749 -0.1972108 -0.2515385 -0.2452090 0.9152644
1740546707.851725 0.3861656 -1.8129396 66.9828491 -0.2131901 -0.2441597 -0.2495356 0.9125065
1740546707.947880 0.3467879 -1.7827072 66.9729996 -0.2148648 -0.2340863 -0.2489859 0.9149004
1740546708.046844 0.2589147 -1.8222103 66.9831848 -0.2291126 -0.2172984 -0.2557048 0.9137307
1740546708.151010 0.2332089 -1.8077869 66.9703827 -0.2326418 -0.2088016 -0.2565737 0.9145762
1740546708.247090 0.2079663 -1.7876692 66.9413834 -0.2338942 -0.1981009 -0.2608974 0.9154136
1740546708.352259 0.1935143 -1.7588968 66.9305496 -0.2338836 -0.1917065 -0.2597783 0.9170945
1740546708.448448 0.1896706 -1.7254305 66.9146729 -0.2312766 -0.1857818 -0.2609255 0.9186480
1740546708.547346 0.1886609 -1.7104244 66.9262161 -0.2328840 -0.1835563 -0.2620505 0.9183691
1740546708.651234 0.1939859 -1.6720476 66.9043884 -0.2282251 -0.1784805 -0.2628100 0.9203200
1740546708.747200 0.2057085 -1.6492815 66.8999405 -0.2268157 -0.1750931 -0.2607584 0.9219013
1740546708.852358 0.2184693 -1.6073980 66.8847275 -0.2217097 -0.1720447 -0.2577451 0.9245610
1740546708.948609 0.2495908 -1.5760508 66.8735733 -0.2179332 -0.1720512 -0.2545937 0.9263291
1740546709.047817 0.2855791 -1.5496120 66.8741913 -0.2162708 -0.1740026 -0.2497675 0.9276671
1740546709.153651 0.3219867 -1.5285082 66.8743744 -0.2153528 -0.1757272 -0.2450995 0.9288000
1740546709.257398 0.3394082 -1.4905024 66.8557205 -0.2103702 -0.1731784 -0.2437761 0.9307668
1740546709.362591 0.3550664 -1.4793978 66.8558578 -0.2095391 -0.1732119 -0.2436145 0.9309903
1740546709.464235 0.3898555 -1.4640551 66.8600159 -0.2064683 -0.1769032 -0.2414191 0.9315540
1740546709.563916 0.4234810 -1.4404840 66.8551483 -0.2033619 -0.1797905 -0.2397068 0.9321266
1740546709.671849 0.4433733 -1.4027700 66.8405075 -0.1976404 -0.1802256 -0.2407301 0.9330092
1740546709.768218 0.4922496 -1.3736134 66.8347321 -0.1929406 -0.1851173 -0.2381557 0.9336956
1740546709.873244 0.5214646 -1.3542080 66.8331299 -0.1900042 -0.1886802 -0.2353284 0.9343012
1740546709.972634 0.5153283 -1.3189573 66.8199539 -0.1852346 -0.1862439 -0.2376480 0.9351603
1740546710.082686 0.5436289 -1.2969255 66.8253403 -0.1833687 -0.1893587 -0.2329050 0.9360954
1740546710.187617 0.5918674 -1.2599764 66.8269577 -0.1751225 -0.1955447 -0.2307735 0.9369301
1740546710.286055 0.6040368 -1.2190619 66.8212280 -0.1679732 -0.1955537 -0.2291794 0.9386269
1740546710.388781 0.6403694 -1.1797981 66.8267899 -0.1620378 -0.1991156 -0.2255476 0.9398005
1740546710.489165 0.6787095 -1.1591511 66.8384323 -0.1568898 -0.2054857 -0.2229088 0.9399324
1740546710.591921 0.7219174 -1.1401787 66.8541260 -0.1532994 -0.2122998 -0.2185339 0.9400378
1740546710.692069 0.7740867 -1.1209364 66.8717804 -0.1493538 -0.2209023 -0.2121104 0.9401621
1740546710.791098 0.8206632 -1.1155453 66.9023666 -0.1487823 -0.2297181 -0.2086640 0.9389104
1740546710.894467 0.8484678 -1.0977707 66.9181137 -0.1461318 -0.2353257 -0.2030759 0.9391632
1740546710.994355 0.8689446 -1.0504618 66.9238968 -0.1381972 -0.2393270 -0.2021759 0.9395473
1740546711.099173 0.8910403 -0.9997330 66.9131165 -0.1276373 -0.2424900 -0.1992748 0.9408490
1740546711.202335 0.9040346 -0.9337187 66.9009247 -0.1147183 -0.2428415 -0.1974348 0.9428082
1740546711.305146 0.9228082 -0.8746915 66.9038773 -0.1031180 -0.2456567 -0.1951696 0.9438900
1740546711.411339 0.9547791 -0.8292232 66.9124069 -0.0930208 -0.2510146 -0.1906741 0.9444481
1740546711.512673 0.9773874 -0.8012257 66.9245453 -0.0854425 -0.2557313 -0.1882236 0.9443902
1740546711.625373 0.9998088 -0.7272696 66.9201889 -0.0693605 -0.2583142 -0.1857674 0.9454911
1740546711.723981 1.0167232 -0.6949553 66.9232178 -0.0590730 -0.2611180 -0.1862554 0.9453236
1740546711.824937 1.0726619 -0.6705194 66.9505386 -0.0487046 -0.2724601 -0.1823659 0.9434702
1740546711.937770 1.1160173 -0.6454582 66.9875641 -0.0403070 -0.2832908 -0.1807521 0.9409837
1740546712.037413 1.1194115 -0.6711202 67.0446930 -0.0460969 -0.2899176 -0.1821229 0.9384317
1740546712.140582 1.1463308 -0.7079425 67.1409760 -0.0520722 -0.3032798 -0.1789944 0.9344896
1740546712.240630 1.0965881 -0.7018738 67.2118149 -0.0521322 -0.3050668 -0.1810565 0.9335068
1740546712.348939 1.0462236 -0.7252450 67.3347702 -0.0551809 -0.3132782 -0.1811989 0.9305798
1740546712.453171 1.0057678 -0.7791204 67.4154663 -0.0648446 -0.3180418 -0.1839869 0.9277896
1740546712.556215 0.9589272 -0.7717342 67.4824448 -0.0638583 -0.3159735 -0.1799605 0.9293531
1740546712.665718 0.8737736 -0.7338247 67.5632629 -0.0595306 -0.3164468 -0.1789726 0.9296700
1740546712.769012 0.8182535 -0.7118545 67.6480637 -0.0569060 -0.3192267 -0.1768785 0.9292847
1740546712.874755 0.7342186 -0.7211299 67.7166290 -0.0605206 -0.3166769 -0.1775760 0.9297956
1740546713.077712 0.6102819 -0.7230668 67.8846283 -0.0626539 -0.3212608 -0.1792938 0.9277498
1740546713.288712 0.4607553 -0.7111387 68.0327530 -0.0650859 -0.3200649 -0.1811582 0.9276336
1740546713.497766 0.3214607 -0.6832275 68.1895447 -0.0655536 -0.3180902 -0.1815861 0.9281960
1740546713.606543 0.2439985 -0.7195244 68.2543335 -0.0657720 -0.3184199 -0.1792731 0.9285171
