1740547078.431860 0.0000000 0.0000000 0.0000000 -0.0000000 -0.0000000 -0.0000000 1.0000000
1740547079.220779 0.0042653 0.0001239 0.0811914 0.0005275 -0.0005246 -0.0001340 0.9999997
1740547079.397641 0.0113244 0.0017034 0.1613620 0.0005694 -0.0016463 -0.0002490 0.9999985
1740547079.576678 0.0180543 0.0091756 0.2416304 0.0014684 -0.0028155 -0.0001141 0.9999950
1740547079.678143 0.0071083 0.0128516 0.3231097 0.0021622 -0.0040275 -0.0002268 0.9999896
1740547079.773096 0.0216092 0.0137481 0.4046001 0.0029231 -0.0063259 0.0000167 0.9999757
1740547079.867484 0.0288086 0.0081330 0.4874231 0.0038124 -0.0085824 -0.0002872 0.9999559
1740547079.963076 0.0306497 0.0041149 0.5690579 0.0052936 -0.0109461 -0.0000887 0.9999261
1740547080.166527 0.0198322 -0.0056927 0.7303681 0.0084189 -0.0159565 -0.0001943 0.9998372
1740547080.262791 0.0104230 -0.0068103 0.8135960 0.0102011 -0.0188325 -0.0004773 0.9997705
1740547080.465727 0.0023357 -0.0030364 0.9776574 0.0142167 -0.0251361 0.0001182 0.9995829
1740547080.568766 -0.0050077 0.0029315 1.0576128 0.0165896 -0.0283578 -0.0001351 0.9994602
1740547080.765559 -0.0370012 -0.0148202 1.2160922 0.0213876 -0.0353586 -0.0001829 0.9991458
1740547080.966930 -0.0514355 -0.0342255 1.3791648 0.0266402 -0.0428368 0.0000911 0.9987268
1740547081.169781 -0.0781272 -0.0597236 1.5380996 0.0314106 -0.0492935 0.0001455 0.9982903
1740547081.367635 -0.0941803 -0.0838615 1.6988926 0.0363585 -0.0556632 -0.0001610 0.9977874
1740547081.578262 -0.1226648 -0.1037392 1.8580736 0.0410526 -0.0615132 0.0002777 0.9972616
1740547081.771189 -0.1395702 -0.1122309 2.0212188 0.0464897 -0.0673450 0.0003046 0.9966460
1740547081.976437 -0.1724472 -0.1258506 2.1797671 0.0507954 -0.0727214 0.0004453 0.9960579
1740547082.185391 -0.2001461 -0.1542626 2.3340013 0.0540437 -0.0779283 0.0000765 0.9954931
1740547082.483427 -0.2447988 -0.1842256 2.5706048 0.0603532 -0.0846454 0.0005352 0.9945815
1740547082.786718 -0.2827806 -0.2245826 2.8103600 0.0668097 -0.0916240 0.0005585 0.9935498
1740547083.094476 -0.3249847 -0.2569111 3.0466175 0.0724813 -0.0992606 0.0006901 0.9924179
1740547083.400112 -0.3744714 -0.2850973 3.2794776 0.0776720 -0.1059168 0.0003100 0.9913368
1740547083.600585 -0.4225635 -0.3334545 3.4266751 0.0807410 -0.1103749 0.0002601 0.9906050
1740547083.900415 -0.5135309 -0.4119532 3.6375597 0.0843471 -0.1158929 0.0001333 0.9896739
1740547084.202682 -0.5613189 -0.4447422 3.8654554 0.0874237 -0.1220413 0.0004865 0.9886672
1740547084.407930 -0.6282237 -0.4795325 4.0082188 0.0880979 -0.1230091 0.0002788 0.9884875
1740547084.620073 -0.7160066 -0.5248165 4.1390319 0.0878253 -0.1210672 -0.0001810 0.9887515
1740547084.716517 -0.7224473 -0.5337553 4.2180190 0.0880750 -0.1219386 0.0000631 0.9886222
1740547084.815630 -0.7376601 -0.5454043 4.2909107 0.0873748 -0.1218974 -0.0001169 0.9886894
1740547084.918427 -0.7753921 -0.5684688 4.3561592 0.0870532 -0.1200048 -0.0008029 0.9889489
1740547085.015764 -0.8133218 -0.5896070 4.4238863 0.0863836 -0.1185237 -0.0006223 0.9891863
1740547085.116682 -0.8208764 -0.6070282 4.5026503 0.0859035 -0.1181420 -0.0006733 0.9892738
1740547085.216279 -0.8258510 -0.6156765 4.5861492 0.0859309 -0.1181146 -0.0009885 0.9892744
1740547085.315369 -0.8734220 -0.6452754 4.6457129 0.0843041 -0.1150323 -0.0010816 0.9897774
1740547085.419395 -0.9040285 -0.6634255 4.7147174 0.0838996 -0.1133533 -0.0004838 0.9900059
1740547085.517340 -0.9114567 -0.6795558 4.7983837 0.0837599 -0.1127021 -0.0007710 0.9900919
1740547085.620933 -0.9310467 -0.6854678 4.8698416 0.0834863 -0.1111181 -0.0010119 0.9902938
1740547085.726092 -0.9556187 -0.6819746 4.9501672 0.0839385 -0.1094174 -0.0005073 0.9904453
1740547085.827016 -0.9773278 -0.6780283 5.0065241 0.0850857 -0.1079933 -0.0006900 0.9905036
1740547085.932173 -1.0059706 -0.6781039 5.0773172 0.0854444 -0.1059758 -0.0011916 0.9906902
1740547086.033595 -0.9845281 -0.6885086 5.1674595 0.0852673 -0.1070341 -0.0001424 0.9905924
1740547086.138141 -1.0010972 -0.7122557 5.2394223 0.0846320 -0.1055463 -0.0003040 0.9908064
1740547086.236838 -1.0447701 -0.7407399 5.2987814 0.0837753 -0.1027420 -0.0010330 0.9911734
1740547086.334854 -1.0873376 -0.7655025 5.3576317 0.0828825 -0.0999151 -0.0015620 0.9915367
1740547086.447841 -1.1258868 -0.7814859 5.4283438 0.0825146 -0.0972986 -0.0008905 0.9918284
1740547086.553195 -1.1158587 -0.7718859 5.5034204 0.0843261 -0.0983243 -0.0004882 0.9915751
1740547086.668494 -1.1116296 -0.7824435 5.5882711 0.0846096 -0.0991617 -0.0001924 0.9914677
1740547086.769775 -1.0966175 -0.8006080 5.6647549 0.0851405 -0.1004516 -0.0003805 0.9912923
1740547086.870088 -1.1214707 -0.8372641 5.7297220 0.0833585 -0.0995696 -0.0009527 0.9915323
1740547086.968773 -1.1390572 -0.8593904 5.7882967 0.0833371 -0.0990772 -0.0006600 0.9915837
1740547087.067439 -1.1581424 -0.8693286 5.8692331 0.0843685 -0.0992968 -0.0001843 0.9914747
1740547087.173782 -1.1889075 -0.8954775 5.9402833 0.0837005 -0.0979864 -0.0005936 0.9916615
1740547087.273387 -1.1994534 -0.8861078 6.0181365 0.0851021 -0.0984886 -0.0002716 0.9914926
1740547087.380057 -1.2169710 -0.9172583 6.0859232 0.0843953 -0.0977370 -0.0005938 0.9916272
1740547087.480471 -1.2310147 -0.9311281 6.1606016 0.0846025 -0.0979503 -0.0005775 0.9915885
1740547087.578785 -1.2116522 -0.9556408 6.2249355 0.0841268 -0.0991530 -0.0012709 0.9915088
1740547087.682884 -1.1960046 -0.9732628 6.2868800 0.0830509 -0.1013083 -0.0019157 0.9913806
1740547087.785687 -1.2108970 -0.9767255 6.3574319 0.0837793 -0.1009379 -0.0018411 0.9913573
1740547087.891044 -1.2176354 -0.9931545 6.4201245 0.0849717 -0.1009724 -0.0014792 0.9912528
1740547087.990544 -1.2034533 -1.0165447 6.4886298 0.0848028 -0.1022699 -0.0022122 0.9911329
1740547088.089816 -1.1899124 -1.0225743 6.5307040 0.0862748 -0.1047788 -0.0034322 0.9907403
1740547088.198541 -1.1760790 -1.0304887 6.5595083 0.0846162 -0.1054723 -0.0046610 0.9908047
1740547088.296024 -1.1638492 -1.0477573 6.6241035 0.0866622 -0.1063994 -0.0039763 0.9905317
1740547088.400576 -1.1808760 -1.0523056 6.6968465 0.0874833 -0.1055370 -0.0032218 0.9905545
1740547088.502458 -1.2001435 -1.0983210 6.7441101 0.0848959 -0.1054863 -0.0022752 0.9907876
1740547088.610648 -1.2107677 -1.1312777 6.8071928 0.0833898 -0.1042186 -0.0030503 0.9910476
1740547088.713072 -1.1936395 -1.1498791 6.8663073 0.0833467 -0.1056088 -0.0032948 0.9909033
1740547088.812032 -1.1861179 -1.1828592 6.9172502 0.0805911 -0.1056869 -0.0039504 0.9911205
1740547088.916605 -1.1986960 -1.2132920 6.9904375 0.0797831 -0.1047795 -0.0041724 0.9912813
1740547089.019812 -1.2062261 -1.2330816 7.0721874 0.0798344 -0.1035393 -0.0040228 0.9914081
1740547089.120880 -1.2255558 -1.2558290 7.1241822 0.0783187 -0.1015565 -0.0030986 0.9917373
1740547089.223330 -1.2511020 -1.2868234 7.1720357 0.0757878 -0.0995345 -0.0032850 0.9921383
1740547089.324751 -1.2501909 -1.3175812 7.2263317 0.0733821 -0.0981389 -0.0041957 0.9924547
1740547089.436091 -1.2755942 -1.3341451 7.2861285 0.0728356 -0.0965904 -0.0039460 0.9926478
1740547089.550052 -1.2784812 -1.3537065 7.3307128 0.0703713 -0.0969259 -0.0028048 0.9927968
1740547089.655622 -1.2676610 -1.3819609 7.3761387 0.0659215 -0.0976065 -0.0034149 0.9930336
1740547089.756187 -1.2784542 -1.4116160 7.4443483 0.0621273 -0.0966990 -0.0039481 0.9933649
1740547089.876171 -1.2928636 -1.4523786 7.4799414 0.0563948 -0.0978357 -0.0022397 0.9936009
1740547089.973555 -1.2885427 -1.4722840 7.5111661 0.0518685 -0.0994553 -0.0031882 0.9936842
1740547090.075046 -1.2902548 -1.4909476 7.5378432 0.0488832 -0.0998598 -0.0047369 0.9937887
1740547090.184073 -1.2823346 -1.5117828 7.5940447 0.0437326 -0.1013625 -0.0057573 0.9938712
1740547090.285330 -1.2772276 -1.5344599 7.6276417 0.0391275 -0.1037664 -0.0063931 0.9938112
1740547090.392044 -1.2618960 -1.5412455 7.6388469 0.0353490 -0.1083946 -0.0070067 0.9934546
1740547090.495524 -1.2480389 -1.5417224 7.6513023 0.0341229 -0.1139495 -0.0066002 0.9928784
1740547090.606233 -1.2306345 -1.5588266 7.6702070 0.0278910 -0.1183399 -0.0070601 0.9925563
1740547090.716205 -1.2132659 -1.5692720 7.6834793 0.0238308 -0.1237821 -0.0072963 0.9919964
1740547090.816770 -1.1943280 -1.5702648 7.7111068 0.0240835 -0.1306141 -0.0065228 0.9911193
1740547090.921930 -1.1795431 -1.5782974 7.7225022 0.0187251 -0.1355695 -0.0088003 0.9905518
1740547091.020649 -1.1751593 -1.5781075 7.7370362 0.0194930 -0.1406991 -0.0079114 0.9898289
1740547091.126005 -1.1604779 -1.5749915 7.7724538 0.0200486 -0.1471014 -0.0076182 0.9888889
1740547091.227793 -1.1405970 -1.5915180 7.7912884 0.0143166 -0.1532052 -0.0098415 0.9880417
1740547091.328997 -1.1252636 -1.6002108 7.8023500 0.0115692 -0.1594123 -0.0102443 0.9870912
1740547091.434519 -1.0877666 -1.6076928 7.8250256 0.0096480 -0.1680488 -0.0110879 0.9856691
1740547091.537804 -1.0634919 -1.6178361 7.8661861 0.0078664 -0.1751148 -0.0111579 0.9844534
1740547091.649200 -1.0565223 -1.6072118 7.8904719 0.0102867 -0.1798839 -0.0119883 0.9835610
1740547091.753108 -1.0454882 -1.6014460 7.9028907 0.0122365 -0.1856482 -0.0117947 0.9824693
1740547091.850460 -1.0291770 -1.6073905 7.9152827 0.0116787 -0.1940605 -0.0110426 0.9808578
1740547091.959323 -1.0232832 -1.6256477 7.9359527 0.0084169 -0.2000489 -0.0124340 0.9796709
1740547092.058897 -0.9965313 -1.6131834 7.9500976 0.0124984 -0.2080390 -0.0120374 0.9779666
1740547092.165250 -0.9678733 -1.6074865 7.9528050 0.0142266 -0.2163489 -0.0128230 0.9761282
1740547092.262845 -0.9628019 -1.6165830 7.9577508 0.0087630 -0.2202942 -0.0170186 0.9752457
1740547092.374610 -0.9641509 -1.6283383 7.9748316 0.0092184 -0.2249262 -0.0167246 0.9741887
1740547092.470669 -0.9537416 -1.6253682 8.0156441 0.0083587 -0.2303779 -0.0196500 0.9728670
1740547092.571323 -0.9472397 -1.6295314 8.0589571 0.0069581 -0.2353479 -0.0204076 0.9716721
1740547092.691755 -0.9319845 -1.6374253 8.0772686 0.0044864 -0.2425273 -0.0217606 0.9698901
1740547092.792089 -0.8970796 -1.6512047 8.0965710 0.0013839 -0.2503626 -0.0230424 0.9678769
1740547092.902111 -0.8762673 -1.6580576 8.1116247 -0.0010087 -0.2573571 -0.0228667 0.9660453
1740547093.003301 -0.8638386 -1.6648034 8.1495800 -0.0021713 -0.2634214 -0.0237623 0.9643857
1740547093.104820 -0.8523658 -1.6637881 8.1774035 -0.0020476 -0.2692296 -0.0248469 0.9627533
1740547093.215828 -0.8388385 -1.6721678 8.1944294 -0.0039762 -0.2754121 -0.0260892 0.9609640
1740547093.314763 -0.8343961 -1.6759391 8.2098751 -0.0062263 -0.2788673 -0.0263495 0.9599479
1740547093.422426 -0.8296672 -1.6873825 8.2160416 -0.0109798 -0.2819800 -0.0298410 0.9588932
1740547093.520914 -0.8242555 -1.6999288 8.2330751 -0.0170146 -0.2855376 -0.0333084 0.9576374
1740547093.629517 -0.8074305 -1.7052824 8.2467976 -0.0206793 -0.2899140 -0.0362858 0.9561410
1740547093.732460 -0.8025311 -1.7174245 8.2598705 -0.0257399 -0.2921792 -0.0391612 0.9552147
1740547093.830217 -0.7998222 -1.7360255 8.2720251 -0.0315867 -0.2941631 -0.0423145 0.9542955
1740547093.937599 -0.7990813 -1.7492658 8.2841473 -0.0372395 -0.2954491 -0.0460085 0.9535231
1740547094.037607 -0.8027981 -1.7390413 8.3211946 -0.0372888 -0.2930251 -0.0470598 0.9542176
1740547094.140042 -0.8058911 -1.7433076 8.3489771 -0.0425574 -0.2914676 -0.0479835 0.9544281
1740547094.240745 -0.8145205 -1.7505978 8.3656054 -0.0470201 -0.2898597 -0.0500571 0.9546019
1740547094.340136 -0.8228764 -1.7540624 8.3820505 -0.0505975 -0.2858223 -0.0511347 0.9555787
1740547094.450107 -0.8408884 -1.7619816 8.3833132 -0.0540226 -0.2803237 -0.0517024 0.9569886
1740547094.547053 -0.8598003 -1.7537686 8.3953009 -0.0529857 -0.2736469 -0.0530717 0.9589021
1740547094.659033 -0.8792984 -1.7533339 8.4031372 -0.0533132 -0.2662920 -0.0534305 0.9609326
1740547094.761464 -0.8974079 -1.7603347 8.4116564 -0.0555488 -0.2588223 -0.0547538 0.9627707
1740547094.860910 -0.9099489 -1.7618078 8.4268246 -0.0573429 -0.2513836 -0.0558319 0.9645729
1740547094.964590 -0.9220355 -1.7561162 8.4393454 -0.0558868 -0.2425677 -0.0561219 0.9668961
1740547095.063426 -0.9360067 -1.7582543 8.4596090 -0.0574314 -0.2338356 -0.0573688 0.9688815
1740547095.173173 -0.9545903 -1.7599685 8.4780989 -0.0613193 -0.2253348 -0.0576279 0.9706406
1740547095.268901 -0.9681302 -1.7527310 8.5094032 -0.0606337 -0.2160274 -0.0581689 0.9727652
1740547095.372622 -0.9806011 -1.7509391 8.5445671 -0.0625550 -0.2064079 -0.0590758 0.9746757
1740547095.484210 -0.9927137 -1.7454236 8.5756521 -0.0640348 -0.1963842 -0.0600970 0.9765865
1740547095.583610 -1.0049881 -1.7521138 8.6029358 -0.0686677 -0.1870088 -0.0613711 0.9780318
1740547095.688392 -1.0138502 -1.7513002 8.6342831 -0.0710134 -0.1763670 -0.0627816 0.9797501
1740547095.788090 -1.0283014 -1.7455361 8.6645050 -0.0707048 -0.1644062 -0.0643970 0.9817456
1740547095.895625 -1.0595336 -1.7535884 8.7008219 -0.0754842 -0.1541666 -0.0647934 0.9830242
1740547096.000675 -1.0610594 -1.7803601 8.7263794 -0.0830135 -0.1458109 -0.0661986 0.9835984
1740547096.100437 -1.0825939 -1.8114036 8.7554493 -0.0883493 -0.1359995 -0.0679105 0.9844220
1740547096.205827 -1.1163589 -1.8103368 8.7950516 -0.0881126 -0.1240842 -0.0691621 0.9859290
1740547096.305734 -1.1567407 -1.7946733 8.8351231 -0.0884344 -0.1119381 -0.0696295 0.9873201
1740547096.410017 -1.2011026 -1.7765026 8.8606386 -0.0860451 -0.0989851 -0.0715275 0.9887781
1740547096.511819 -1.2418872 -1.7696093 8.8769112 -0.0835556 -0.0856826 -0.0735895 0.9900816
1740547096.614092 -1.2682455 -1.7595311 8.8888597 -0.0814709 -0.0724481 -0.0760551 0.9911253
1740547096.725836 -1.2838386 -1.7652056 8.8791733 -0.0858302 -0.0612672 -0.0758905 0.9915242
1740547096.826966 -1.2841560 -1.7694821 8.8873987 -0.0905457 -0.0536526 -0.0745603 0.9916469
1740547096.933598 -1.2765296 -1.7704839 8.8970385 -0.0927130 -0.0497156 -0.0745805 0.9916503
1740547097.033626 -1.2841539 -1.7705017 8.9089880 -0.0939800 -0.0459333 -0.0748356 0.9916943
1740547097.142603 -1.2483118 -1.7501694 8.9327660 -0.0922637 -0.0426029 -0.0756055 0.9919457
1740547097.244385 -1.2015390 -1.7188036 8.9904337 -0.0938827 -0.0383093 -0.0785105 0.9917432
1740547097.344052 -1.1854367 -1.7041124 9.0724163 -0.0949001 -0.0318321 -0.0792269 0.9918184
1740547097.455700 -1.1561105 -1.6830344 9.1303606 -0.0955744 -0.0275557 -0.0796632 0.9918468
1740547097.553770 -1.1375159 -1.6595895 9.1951618 -0.0954412 -0.0228785 -0.0801232 0.9919415
1740547097.656290 -1.1132433 -1.6372437 9.2656431 -0.0972321 -0.0189446 -0.0804618 0.9918230
1740547097.757171 -1.1071447 -1.6099952 9.3289747 -0.0971043 -0.0151361 -0.0809988 0.9918573
1740547097.857625 -1.0884023 -1.5911330 9.3870296 -0.0986047 -0.0127057 -0.0805566 0.9917794
1740547097.964214 -1.0608671 -1.5677547 9.4503946 -0.0990033 -0.0102976 -0.0813127 0.9917059
1740547098.065531 -1.0327870 -1.5448581 9.5022097 -0.0986013 -0.0084849 -0.0814469 0.9917521
1740547098.173655 -1.0516735 -1.5429277 9.5660172 -0.1010352 -0.0059130 -0.0814474 0.9915257
1740547098.271972 -1.0344740 -1.5151227 9.6376057 -0.1014809 -0.0033450 -0.0820790 0.9914401
1740547098.370537 -1.0218662 -1.4965190 9.6971626 -0.1017926 -0.0016635 -0.0823214 0.9913923
1740547098.473511 -1.0035607 -1.4767227 9.7593422 -0.1025647 -0.0000764 -0.0829909 0.9912583
1740547098.570579 -1.0002431 -1.4612653 9.8197079 -0.1036749 0.0021761 -0.0829936 0.9911402
1740547098.681854 -0.9776561 -1.4386705 9.8801012 -0.1050930 0.0032708 -0.0830814 0.9909805
1740547098.787841 -0.9520113 -1.4123591 9.9393034 -0.1049495 0.0048643 -0.0829627 0.9909991
1740547098.889436 -0.9299355 -1.3886871 10.0025654 -0.1057602 0.0067030 -0.0831994 0.9908823
1740547098.993831 -0.9164186 -1.3715219 10.0560474 -0.1067265 0.0087197 -0.0834747 0.9907398
1740547099.093839 -0.9028408 -1.3553714 10.1088476 -0.1076761 0.0109336 -0.0844831 0.9905296
1740547099.211726 -0.8948501 -1.3424970 10.1702681 -0.1094459 0.0132347 -0.0842612 0.9903265
1740547099.310130 -0.8681028 -1.3264816 10.2230787 -0.1097578 0.0146748 -0.0856604 0.9901516
1740547099.417911 -0.8353319 -1.3056340 10.2832766 -0.1109817 0.0156533 -0.0845399 0.9900964
1740547099.517599 -0.8372589 -1.2857306 10.3490257 -0.1112907 0.0177098 -0.0849628 0.9899909
1740547099.615045 -0.8540826 -1.2720906 10.4088564 -0.1132058 0.0208087 -0.0841152 0.9897859
1740547099.720071 -0.8396416 -1.2403836 10.4714556 -0.1129481 0.0236803 -0.0849209 0.9896820
1740547099.822291 -0.8038884 -1.2274952 10.5261726 -0.1127683 0.0256477 -0.0856522 0.9895905
1740547099.931548 -0.7799563 -1.2038881 10.5867214 -0.1126573 0.0285013 -0.0858458 0.9895082
1740547100.033340 -0.7582503 -1.1892910 10.6331491 -0.1127750 0.0315498 -0.0859043 0.9893972
1740547100.132043 -0.7342438 -1.1346790 10.6790733 -0.1078046 0.0350705 -0.0860533 0.9898197
1740547100.238945 -0.7075825 -1.1272167 10.7393579 -0.1076865 0.0375737 -0.0871393 0.9896457
1740547100.337408 -0.7002048 -1.0991914 10.7844114 -0.1038251 0.0417270 -0.0890468 0.9897221
1740547100.442911 -0.6761167 -1.0813843 10.8524981 -0.1024301 0.0447307 -0.0897620 0.9896717
1740547100.541137 -0.6523389 -1.0681757 10.9046087 -0.1004885 0.0466263 -0.0893761 0.9898182
1740547100.656102 -0.6397880 -1.0367349 10.9586763 -0.0971176 0.0503868 -0.0899632 0.9899172
1740547100.755781 -0.6236254 -1.0035640 11.0130463 -0.0928353 0.0531781 -0.0909553 0.9900913
1740547100.856456 -0.6145895 -0.9984015 11.0608473 -0.0914089 0.0556353 -0.0912872 0.9900585
1740547100.962229 -0.5863974 -0.9739367 11.1323185 -0.0879949 0.0568397 -0.0916224 0.9902684
1740547101.060181 -0.5762560 -0.9579489 11.1929541 -0.0861322 0.0581406 -0.0916674 0.9903525
1740547101.166018 -0.5650995 -0.9245873 11.2534761 -0.0819486 0.0599594 -0.0921647 0.9905529
1740547101.266839 -0.5440505 -0.9055517 11.3115511 -0.0794498 0.0609661 -0.0927693 0.9906386
1740547101.363759 -0.5297277 -0.8884830 11.3746481 -0.0785400 0.0624946 -0.0930630 0.9905883
1740547101.467913 -0.4956468 -0.8774008 11.4347172 -0.0760024 0.0631375 -0.0930809 0.9907438
1740547101.565195 -0.4633007 -0.8616625 11.4890738 -0.0715950 0.0642025 -0.0934512 0.9909688
1740547101.671875 -0.4268909 -0.8288929 11.5331678 -0.0664110 0.0651089 -0.0943674 0.9911838
1740547101.773691 -0.4019916 -0.8145818 11.5963640 -0.0635480 0.0664769 -0.0953696 0.9911847
1740547101.869559 -0.3749467 -0.8064975 11.6612606 -0.0604941 0.0675835 -0.0961033 0.9912301
1740547101.972955 -0.3594553 -0.7909129 11.7235193 -0.0570549 0.0692764 -0.0971995 0.9912103
1740547102.072957 -0.3389541 -0.7908173 11.7840977 -0.0550932 0.0708091 -0.0966286 0.9912688
1740547102.174790 -0.3193134 -0.7742574 11.8333445 -0.0515476 0.0721799 -0.0970380 0.9913206
1740547102.272805 -0.3096054 -0.7580056 11.8924046 -0.0485564 0.0730641 -0.0965762 0.9914520
1740547102.370183 -0.2676530 -0.7528195 11.9586906 -0.0464673 0.0728339 -0.0974904 0.9914795
1740547102.471247 -0.2549968 -0.7431269 12.0173407 -0.0441506 0.0743901 -0.0980959 0.9914101
1740547102.567883 -0.2497109 -0.7201180 12.0802050 -0.0401993 0.0782476 -0.0983731 0.9912539
1740547102.672777 -0.2357845 -0.7048526 12.1375103 -0.0362441 0.0802149 -0.0981745 0.9912688
1740547102.773738 -0.2262882 -0.6910673 12.1993799 -0.0319163 0.0828741 -0.0986048 0.9911561
1740547102.867588 -0.1967662 -0.6985714 12.2632122 -0.0316395 0.0840293 -0.0987276 0.9910554
1740547102.972614 -0.1826847 -0.6875632 12.3290854 -0.0292940 0.0852876 -0.0987601 0.9910168
1740547103.065761 -0.1567494 -0.6746054 12.3928051 -0.0265344 0.0862232 -0.0989828 0.9909914
1740547103.174789 -0.1402394 -0.6615019 12.4545298 -0.0234211 0.0874199 -0.0993652 0.9909267
1740547103.268871 -0.1242841 -0.6575074 12.5152922 -0.0227151 0.0879347 -0.0991507 0.9909191
1740547103.363054 -0.1217216 -0.6510071 12.5816965 -0.0203846 0.0902137 -0.0991721 0.9907628
1740547103.465673 -0.1114336 -0.6548429 12.6457605 -0.0196121 0.0916099 -0.0989890 0.9906685
1740547103.562516 -0.1091011 -0.6510017 12.7183304 -0.0168225 0.0939272 -0.0992679 0.9904749
1740547103.663378 -0.0868680 -0.6407951 12.7810049 -0.0134674 0.0953417 -0.0996194 0.9903558
1740547103.762625 -0.0617543 -0.6391402 12.8452415 -0.0114819 0.0960240 -0.0996437 0.9903124
1740547103.858185 -0.0495021 -0.6341147 12.9157658 -0.0081807 0.0976330 -0.1006073 0.9900904
1740547103.961348 -0.0257944 -0.6425564 12.9824390 -0.0084853 0.0985221 -0.1002866 0.9900323
1740547104.057189 -0.0144982 -0.6423124 13.0646276 -0.0072243 0.1010377 -0.1004201 0.9897752
1740547104.156415 -0.0035902 -0.6414481 13.1455183 -0.0063313 0.1037437 -0.1004148 0.9895020
1740547104.256188 0.0197936 -0.6394670 13.2231760 -0.0058333 0.1064065 -0.1001910 0.9892449
1740547104.349386 0.0468317 -0.6335733 13.3032532 -0.0054852 0.1087381 -0.1001660 0.9889959
1740547104.452030 0.0660540 -0.6299351 13.3853607 -0.0050307 0.1114530 -0.1000912 0.9887035
1740547104.545717 0.0733012 -0.6301950 13.4702034 -0.0052271 0.1143878 -0.1002715 0.9883490
1740547104.644630 0.0900147 -0.6249955 13.5502720 -0.0049451 0.1169606 -0.1000677 0.9880700
1740547104.852521 0.1154200 -0.6406814 13.7184143 -0.0056933 0.1231303 -0.0999922 0.9873237
1740547105.056417 0.1545696 -0.6437426 13.8805799 -0.0061699 0.1302465 -0.0993304 0.9864742
1740547105.345125 0.2393952 -0.6596706 14.1261005 -0.0080570 0.1416936 -0.0991828 0.9848964
1740547105.635266 0.3219308 -0.6594755 14.3650999 -0.0132635 0.1549756 -0.0981780 0.9829383
1740547105.832765 0.3880303 -0.6589615 14.5235424 -0.0169411 0.1646205 -0.0972460 0.9814053
1740547106.436713 0.6204100 -0.6523791 14.9815407 -0.0355044 0.1946405 -0.0940505 0.9757096
1740547106.721104 0.7269330 -0.6325417 15.2110453 -0.0478047 0.2093498 -0.0918220 0.9723457
1740547107.105401 0.8950245 -0.5760815 15.5028229 -0.0644521 0.2278705 -0.0883714 0.9675285
1740547107.386729 1.0316244 -0.5356766 15.7133293 -0.0761655 0.2398727 -0.0865127 0.9639375
1740547107.976566 1.3059897 -0.4488071 16.1301079 -0.0913091 0.2605924 -0.0833728 0.9574984
1740547108.356843 1.5113477 -0.3863168 16.3975525 -0.0933705 0.2719373 -0.0851615 0.9539809
1740547108.651974 1.6544447 -0.3566940 16.6066208 -0.0926551 0.2819194 -0.0850085 0.9511625
1740547108.950985 1.7881593 -0.3114779 16.8201809 -0.0885302 0.2919248 -0.0882944 0.9482333
1740547110.518715 2.6585970 -0.2757156 17.8086662 -0.0769396 0.3383055 -0.0906138 0.9334982
1740547111.506021 3.2230461 -0.1754962 18.4359703 -0.0821258 0.3565542 -0.0898447 0.9263113
1740547112.389165 3.7571135 -0.1048840 18.9660149 -0.0887465 0.3720674 -0.0882941 0.9197250
1740547113.383250 4.3721328 0.0146088 19.5429554 -0.0922277 0.3856001 -0.0878569 0.9138314
1740547114.284554 4.9406114 0.0646520 20.0401840 -0.0929665 0.3919915 -0.0868381 0.9111307
1740547115.082736 5.4028711 0.1815405 20.5193596 -0.0935541 0.3867115 -0.0855968 0.9134413
1740547115.691117 5.7730179 0.2178513 20.8697357 -0.0897396 0.3792805 -0.0857005 0.9169234
1740547116.388503 6.1868877 0.2872987 21.2939320 -0.0812114 0.3719229 -0.0874991 0.9205553
1740547116.902291 6.4596124 0.3170102 21.6102753 -0.0726896 0.3716182 -0.0909208 0.9210590
1740547117.214306 6.6266985 0.3355182 21.7970123 -0.0665254 0.3718162 -0.0928718 0.9212502
1740547117.624246 6.8961115 0.3492560 22.0125942 -0.0554548 0.3720708 -0.0970584 0.9214487
1740547117.827039 7.0117912 0.3395257 22.1224060 -0.0505040 0.3745778 -0.1006681 0.9203297
1740547118.030729 7.1276894 0.3374937 22.2418003 -0.0454455 0.3773744 -0.1025801 0.9192392
1740547118.234124 7.2545176 0.3299016 22.3436527 -0.0398523 0.3790439 -0.1046183 0.9185818
1740547118.436890 7.3538914 0.2742659 22.4425011 -0.0362642 0.3813161 -0.1057630 0.9176585
1740547118.537260 7.3770418 0.2648722 22.4589005 -0.0336374 0.3811240 -0.1052797 0.9178939
1740547118.637790 7.4131193 0.2386171 22.4992962 -0.0320338 0.3822575 -0.1060668 0.9173892
1740547118.744790 7.4664917 0.1990509 22.5470657 -0.0300393 0.3820508 -0.1053888 0.9176209
1740547118.843105 7.5072222 0.1735902 22.5930099 -0.0276090 0.3828113 -0.1038753 0.9175528
1740547118.945684 7.5504155 0.1530359 22.6505966 -0.0260851 0.3857899 -0.1052313 0.9161944
1740547119.047324 7.6150970 0.1472689 22.7010231 -0.0226774 0.3864451 -0.1068597 0.9158204
1740547119.147863 7.6462598 0.1342949 22.7521286 -0.0215926 0.3869548 -0.1075008 0.9155563
1740547119.251295 7.6898327 0.1224294 22.8005829 -0.0191003 0.3871298 -0.1074771 0.9155405
1740547119.351517 7.7374039 0.1054131 22.8611565 -0.0178920 0.3885323 -0.1082949 0.9148742
1740547119.462694 7.7915783 0.0858775 22.9017639 -0.0156928 0.3870809 -0.1093468 0.9154046
1740547119.560145 7.8100553 0.0796268 22.9142075 -0.0134012 0.3863571 -0.1117431 0.9154573
1740547119.659087 7.8282986 0.0586931 22.9336624 -0.0122055 0.3862740 -0.1121737 0.9154565
1740547119.764509 7.8605928 0.0450499 22.9776573 -0.0082409 0.3872114 -0.1132580 0.9149711
1740547119.864456 7.9046373 0.0111222 23.0181656 -0.0086746 0.3858961 -0.1121431 0.9156598
1740547119.970064 7.9547620 -0.0083767 23.0646629 -0.0076396 0.3863976 -0.1137753 0.9152561
1740547120.070414 7.9866352 -0.0341554 23.1033249 -0.0050333 0.3862257 -0.1151343 0.9151767
1740547120.175729 8.0032711 -0.0392572 23.1153431 -0.0017612 0.3846729 -0.1156949 0.9157720
1740547120.276362 8.0019455 -0.0354484 23.1130257 0.0003369 0.3853892 -0.1161942 0.9154091
1740547120.378493 8.0052080 -0.0358168 23.1196785 0.0038675 0.3841809 -0.1149062 0.9160713
1740547120.479604 8.0104237 -0.0386190 23.1287193 0.0058102 0.3839423 -0.1148346 0.9161701
1740547120.577611 8.0133305 -0.0427476 23.1379280 0.0068853 0.3841324 -0.1145480 0.9161188
1740547120.688643 8.0146646 -0.0414300 23.1352654 0.0087260 0.3834995 -0.1154092 0.9162602
1740547120.886591 8.0271568 -0.0487629 23.1425705 0.0119339 0.3804705 -0.1154045 0.9174866
1740547120.992579 8.0489950 -0.0717185 23.1634216 0.0133178 0.3787445 -0.1172536 0.9179471
1740547121.094894 8.0642366 -0.1120043 23.2074356 0.0128906 0.3800600 -0.1159626 0.9175735
1740547121.199161 8.0805798 -0.1338398 23.2635384 0.0147905 0.3840203 -0.1188325 0.9155263
1740547121.299600 8.0905781 -0.1360011 23.2798901 0.0178008 0.3821902 -0.1193071 0.9161766
1740547121.398365 8.1100836 -0.1562841 23.2970390 0.0187624 0.3803881 -0.1192306 0.9169171
1740547121.504879 8.1301298 -0.1776290 23.3192749 0.0211236 0.3786391 -0.1187307 0.9176542
1740547121.604190 8.1447926 -0.1877835 23.3309116 0.0231721 0.3778362 -0.1197777 0.9177997
1740547121.712743 8.1676636 -0.2049530 23.3563156 0.0254690 0.3749721 -0.1186434 0.9190599
1740547121.812274 8.1678228 -0.2046835 23.3560905 0.0265497 0.3750682 -0.1198634 0.9188318
1740547121.911633 8.1756382 -0.2130311 23.3632164 0.0277159 0.3744527 -0.1213891 0.9188480
1740547122.015112 8.1813812 -0.2194502 23.3685627 0.0295610 0.3725632 -0.1208123 0.9196343
1740547122.115203 8.1939449 -0.2356040 23.3878822 0.0309119 0.3715653 -0.1215736 0.9198933
1740547122.228517 8.2142763 -0.2618594 23.4425049 0.0340726 0.3720705 -0.1217787 0.9195502
1740547122.325100 8.2317505 -0.2818947 23.4615440 0.0358591 0.3701053 -0.1226727 0.9201563
1740547122.447694 8.2525406 -0.3076873 23.4877129 0.0375792 0.3686839 -0.1225573 0.9206735
1740547122.548431 8.2700415 -0.3238032 23.5256500 0.0409054 0.3686923 -0.1240896 0.9203230
1740547122.648534 8.2952442 -0.3512909 23.5604496 0.0429562 0.3667914 -0.1247236 0.9209033
1740547122.757347 8.3159494 -0.3772295 23.5813446 0.0444177 0.3648146 -0.1254452 0.9215209
1740547122.856586 8.3612690 -0.3773849 23.6226788 0.0476169 0.3622825 -0.1265214 0.9222127
1740547122.963251 8.3988781 -0.4086211 23.6541271 0.0501943 0.3586892 -0.1254861 0.9236211
1740547123.064767 8.4195538 -0.4212632 23.6789608 0.0528667 0.3574899 -0.1266469 0.9237785
1740547123.169006 8.4443798 -0.4361613 23.7170448 0.0565442 0.3557635 -0.1280654 0.9240316
1740547123.278448 8.4829006 -0.4684162 23.7399635 0.0579467 0.3503906 -0.1280630 0.9259960
1740547123.380439 8.5146627 -0.5036223 23.7604542 0.0589351 0.3449357 -0.1272927 0.9280854
1740547123.486485 8.5336380 -0.5312519 23.7853756 0.0607143 0.3411569 -0.1259876 0.9295444
1740547123.588237 8.5485592 -0.5406992 23.8085899 0.0650150 0.3393520 -0.1284186 0.9295816
1740547123.695574 8.5716505 -0.5569713 23.8267975 0.0679078 0.3354406 -0.1299394 0.9305826
1740547123.797567 8.6029158 -0.5795033 23.8573132 0.0719475 0.3300596 -0.1308315 0.9320769
1740547123.898005 8.6440496 -0.5870893 23.8753643 0.0779686 0.3223858 -0.1335465 0.9338917
1740547124.007638 8.6808100 -0.6238371 23.9092598 0.0806860 0.3173212 -0.1331050 0.9354572
1740547124.112184 8.7020760 -0.6405303 23.9341984 0.0842257 0.3143401 -0.1343758 0.9359698
1740547124.217292 8.7105494 -0.6468611 23.9505939 0.0886329 0.3109807 -0.1371633 0.9362807
1740547124.319646 8.7372980 -0.6620147 23.9785538 0.0945971 0.3042996 -0.1378009 0.9377975
1740547124.421369 8.7740297 -0.6968334 24.0240002 0.0977563 0.2994169 -0.1382078 0.9389845
1740547124.529663 8.8140450 -0.7225771 24.0623741 0.1017507 0.2933306 -0.1401070 0.9401990
1740547124.628487 8.8430948 -0.7466414 24.0976353 0.1068290 0.2881043 -0.1430966 0.9408011
1740547124.733366 8.8723946 -0.7721444 24.1321678 0.1107322 0.2823706 -0.1449623 0.9418021
1740547124.832563 8.8950281 -0.7931448 24.1574497 0.1167010 0.2749658 -0.1462619 0.9430707
1740547124.947924 8.9267397 -0.8316845 24.1948357 0.1206791 0.2679475 -0.1464394 0.9445614
1740547125.043671 8.9501324 -0.8681675 24.2364464 0.1246658 0.2642807 -0.1472601 0.9449490
1740547125.145750 8.9710217 -0.8807372 24.2592850 0.1308368 0.2588381 -0.1498180 0.9452191
1740547125.249428 9.0037403 -0.9183593 24.3170319 0.1361677 0.2550125 -0.1519200 0.9451705
1740547125.348434 9.0434856 -0.9578977 24.3644180 0.1412782 0.2482402 -0.1539836 0.9458892
1740547125.454602 9.0763330 -0.9880495 24.4046612 0.1468652 0.2411734 -0.1556541 0.9465927
1740547125.554886 9.1025648 -1.0021641 24.4299583 0.1539580 0.2330635 -0.1582677 0.9470637
1740547125.652740 9.1281567 -1.0192771 24.4610043 0.1596190 0.2279239 -0.1605873 0.9469870
1740547125.757159 9.1643877 -1.0497797 24.5099106 0.1652815 0.2218645 -0.1622439 0.9471722
1740547125.852868 9.1947784 -1.0835172 24.5534554 0.1702821 0.2162421 -0.1643985 0.9472151
1740547125.963378 9.2303905 -1.1218343 24.6134109 0.1757019 0.2115235 -0.1660870 0.9469962
1740547126.060420 9.2586508 -1.1668805 24.6698532 0.1804168 0.2071385 -0.1673549 0.9468558
1740547126.156591 9.2851086 -1.2078459 24.7253819 0.1843217 0.2040061 -0.1691696 0.9464611
1740547126.263354 9.3143969 -1.2543601 24.7739697 0.1883225 0.2002268 -0.1706560 0.9462137
1740547126.358757 9.3178663 -1.2695308 24.8004513 0.1934191 0.1986941 -0.1710128 0.9454440
1740547126.463750 9.3270063 -1.2973721 24.8364944 0.1968258 0.1979197 -0.1753679 0.9441046
1740547126.558301 9.3581858 -1.3307681 24.8912449 0.2035099 0.1942044 -0.1764174 0.9432631
1740547126.653075 9.3775654 -1.3666360 24.9515553 0.2090859 0.1933681 -0.1771657 0.9420744
1740547126.760023 9.3862677 -1.4026759 25.0161266 0.2137405 0.1922234 -0.1785787 0.9409967
1740547126.854252 9.3992271 -1.4373360 25.0590286 0.2183448 0.1901808 -0.1791236 0.9402508
1740547126.972015 9.4170914 -1.4670734 25.1065216 0.2225197 0.1893160 -0.1808068 0.9391237
1740547127.065171 9.4319506 -1.5001638 25.1589699 0.2274048 0.1893921 -0.1814181 0.9378194
1740547127.165706 9.4410477 -1.5344672 25.2108898 0.2331776 0.1908600 -0.1829892 0.9357968
1740547127.268134 9.4599247 -1.5598490 25.2424259 0.2382780 0.1890911 -0.1835123 0.9347681
1740547127.364738 9.4946938 -1.5976827 25.2988453 0.2446328 0.1872819 -0.1847833 0.9332392
1740547127.474886 9.5066147 -1.6367047 25.3453236 0.2488410 0.1893298 -0.1849794 0.9316732
1740547127.570075 9.5088348 -1.6661320 25.3963165 0.2543505 0.1919458 -0.1847537 0.9296929
1740547127.667958 9.5225954 -1.6924052 25.4427814 0.2597723 0.1928782 -0.1857452 0.9278013
1740547127.771122 9.5339575 -1.7212119 25.4873676 0.2663004 0.1950069 -0.1858905 0.9254735
1740547127.868671 9.5571051 -1.7628648 25.5395012 0.2709485 0.1952654 -0.1868748 0.9238703
1740547127.976605 9.5791540 -1.8110559 25.6027832 0.2757239 0.1959495 -0.1868821 0.9223097
1740547128.072336 9.6000328 -1.8522670 25.6638699 0.2809163 0.1970340 -0.1869388 0.9204985
1740547128.170106 9.6234379 -1.9002244 25.7244339 0.2857822 0.1979509 -0.1877940 0.9186280
1740547128.272086 9.6464968 -1.9436393 25.7792015 0.2904406 0.1991919 -0.1874886 0.9169596
1740547128.370198 9.6610909 -1.9847450 25.8411007 0.2942710 0.2003413 -0.1880596 0.9153697
1740547128.481013 9.6858358 -2.0382926 25.9043064 0.2991802 0.2007696 -0.1880938 0.9136758
1740547128.576514 9.7069435 -2.0856023 25.9733181 0.3039342 0.2018966 -0.1881550 0.9118440
1740547128.672462 9.7314558 -2.1325774 26.0397511 0.3089477 0.2025005 -0.1887475 0.9099007
1740547128.778698 9.7563820 -2.1846991 26.1023178 0.3137296 0.2031348 -0.1892831 0.9080098
1740547128.872895 9.7819185 -2.2396421 26.1557884 0.3176881 0.2039376 -0.1891843 0.9064728
1740547128.990102 9.7995806 -2.2970114 26.1983509 0.3208732 0.2048400 -0.1895134 0.9050778
1740547129.181674 9.8390446 -2.4139509 26.3103600 0.3273628 0.2070898 -0.1890380 0.9023371
1740547129.295875 9.8605251 -2.4582515 26.3543892 0.3294380 0.2080308 -0.1886707 0.9014418
1740547129.395428 9.8816366 -2.5000615 26.4014721 0.3312202 0.2083125 -0.1886597 0.9007256
1740547129.497304 9.9018192 -2.5609345 26.4546452 0.3346333 0.2093517 -0.1889270 0.8991657
1740547129.592726 9.9113770 -2.6234436 26.5114326 0.3372240 0.2111201 -0.1878478 0.8980097
1740547129.792208 9.9526234 -2.7427568 26.6154289 0.3413405 0.2122137 -0.1882438 0.8961118
1740547129.887254 9.9700909 -2.8006082 26.6701450 0.3424099 0.2130259 -0.1879204 0.8955788
1740547130.003329 9.9892139 -2.8435998 26.7299156 0.3444842 0.2138443 -0.1881048 0.8945490
1740547130.097664 10.0101833 -2.8987970 26.7869053 0.3468079 0.2143353 -0.1885544 0.8934382
1740547130.194823 10.0363722 -2.9209547 26.8704300 0.3500058 0.2155841 -0.1882506 0.8919536
1740547130.309820 10.0713425 -2.9223099 26.9569149 0.3555622 0.2153134 -0.1890205 0.8896555
1740547130.405817 10.0903444 -2.9387088 27.0148582 0.3575574 0.2161330 -0.1902401 0.8883963
1740547130.509662 10.1060438 -2.9474206 27.0641937 0.3597676 0.2172095 -0.1911612 0.8870428
1740547130.606188 10.1195593 -2.9904881 27.1324158 0.3608361 0.2182802 -0.1906304 0.8864599
1740547130.704520 10.1196213 -3.0591073 27.1949883 0.3621784 0.2193169 -0.1892673 0.8859485
1740547130.813507 10.1429033 -3.1190338 27.2508430 0.3629292 0.2192170 -0.1900018 0.8855087
1740547130.910288 10.1656990 -3.1710672 27.3076668 0.3638573 0.2193256 -0.1903776 0.8850201
1740547131.116963 10.2057800 -3.2952480 27.4180489 0.3646331 0.2192972 -0.1901405 0.8847588
1740547131.216414 10.2269745 -3.3660583 27.4661636 0.3646590 0.2191339 -0.1902458 0.8847659
1740547131.325809 10.2431984 -3.4330382 27.5112629 0.3644451 0.2192781 -0.1902080 0.8848264
1740547131.529936 10.2889833 -3.5560522 27.6268234 0.3652188 0.2191545 -0.1907877 0.8844131
1740547131.628258 10.3027420 -3.6103945 27.6821213 0.3655872 0.2193695 -0.1907697 0.8842115
1740547131.833519 10.3247833 -3.7406688 27.7952518 0.3647763 0.2196519 -0.1898072 0.8846833
1740547131.933206 10.3387890 -3.7996378 27.8557434 0.3647914 0.2197950 -0.1896857 0.8846676
1740547132.037860 10.3647680 -3.8603983 27.9073296 0.3645047 0.2193951 -0.1899062 0.8848377
1740547132.140172 10.3824511 -3.9239926 27.9595108 0.3640864 0.2193458 -0.1901615 0.8849673
1740547132.453867 10.4390574 -4.1243906 28.1157341 0.3621006 0.2194847 -0.1901214 0.8857559
1740547132.571835 10.4590311 -4.1799383 28.1737976 0.3621192 0.2196196 -0.1894457 0.8858596
1740547132.676269 10.4754467 -4.2400465 28.2298431 0.3616208 0.2197254 -0.1893034 0.8860674
1740547132.888678 10.5269194 -4.3557816 28.3404293 0.3605385 0.2192199 -0.1904707 0.8863834
1740547132.997499 10.5421314 -4.4189987 28.3909912 0.3599698 0.2202282 -0.1894828 0.8865763
1740547133.101523 10.5640392 -4.4745126 28.4544678 0.3596097 0.2202119 -0.1891626 0.8867949
1740547133.202832 10.5884771 -4.5311966 28.5097752 0.3589644 0.2201114 -0.1889879 0.8871184
1740547133.313449 10.6038866 -4.6029282 28.5636826 0.3579614 0.2208075 -0.1883476 0.8874868
1740547133.518505 10.6553946 -4.7256546 28.6776104 0.3558198 0.2189600 -0.1895997 0.8885385
1740547133.724289 10.6878233 -4.8438535 28.7783222 0.3539619 0.2189423 -0.1889936 0.8894137
1740547133.829597 10.7109041 -4.9007158 28.8380737 0.3533795 0.2185835 -0.1890237 0.8897271
1740547133.930507 10.7260828 -4.9586806 28.9014606 0.3523288 0.2183482 -0.1889676 0.8902133
1740547134.251758 10.7865543 -5.1263027 29.0736465 0.3477526 0.2166805 -0.1894600 0.8923131
1740547134.364363 10.7992496 -5.1813097 29.1324635 0.3463237 0.2155266 -0.1897686 0.8930824
1740547134.579947 10.8325596 -5.2998610 29.2440987 0.3423848 0.2139239 -0.1903093 0.8948696
1740547134.680426 10.8406801 -5.3562384 29.3036842 0.3409239 0.2136950 -0.1901947 0.8955062
1740547134.784772 10.8453941 -5.4175463 29.3634300 0.3382258 0.2132471 -0.1904548 0.8965802
1740547134.992401 10.8885393 -5.5144930 29.4883766 0.3350085 0.2105234 -0.1906502 0.8983884
1740547135.203423 10.9368687 -5.6316490 29.6071434 0.3301353 0.2076965 -0.1913905 0.9006900
1740547135.314800 10.9627905 -5.6831770 29.6604443 0.3270884 0.2060184 -0.1916678 0.9021270
1740547135.417191 10.9649315 -5.7317944 29.7289944 0.3262191 0.2055879 -0.1913443 0.9026085
1740547135.524717 10.9670744 -5.7880435 29.7936726 0.3240613 0.2059608 -0.1910784 0.9033568
1740547135.732001 11.0115118 -5.8853140 29.9168434 0.3189018 0.2028063 -0.1921061 0.9056857
1740547135.838691 11.0250521 -5.9427967 29.9787102 0.3158171 0.2017429 -0.1921243 0.9069992
1740547136.054202 11.0724888 -6.0393744 30.1031761 0.3111521 0.1994192 -0.1917362 0.9092050
1740547136.270324 11.0966272 -6.1350522 30.2376480 0.3060094 0.1988716 -0.1915711 0.9111031
1740547136.377218 11.1146355 -6.1860495 30.3092098 0.3044987 0.1983884 -0.1916290 0.9117022
1740547136.479930 11.1182327 -6.2357726 30.3762932 0.3023685 0.1988488 -0.1913421 0.9123709
1740547136.591281 11.1359768 -6.2797203 30.4466457 0.3008540 0.1988085 -0.1906521 0.9130245
1740547136.698074 11.1680527 -6.3308377 30.5061779 0.2991825 0.1980814 -0.1905822 0.9137461
1740547136.913242 11.1844473 -6.4399810 30.6380482 0.2969679 0.2002175 -0.1898533 0.9141547
1740547137.129576 11.2567024 -6.5408368 30.7566872 0.2954897 0.2001485 -0.1895885 0.9147036
1740547137.234288 11.2629347 -6.5888939 30.8273506 0.2954953 0.2020464 -0.1889537 0.9144158
1740547137.344172 11.2776136 -6.6396418 30.8895836 0.2955356 0.2032667 -0.1883767 0.9142514
1740547137.561068 11.3410711 -6.7354889 31.0150013 0.2967528 0.2040562 -0.1886369 0.9136274
1740547137.877321 11.4434443 -6.8963642 31.1939983 0.3011456 0.2021370 -0.1894569 0.9124462
1740547138.086276 11.4411545 -7.0080910 31.3168812 0.3050318 0.2048005 -0.1897586 0.9104966
1740547138.189887 11.4436083 -7.0649023 31.3793869 0.3081883 0.2043315 -0.1907467 0.9093318
1740547138.302462 11.4385014 -7.1165400 31.4353580 0.3110102 0.2056018 -0.1914020 0.9079460
1740547138.521885 11.5256224 -7.2212043 31.5467377 0.3191271 0.1991061 -0.1942326 0.9059737
1740547138.620668 11.5332346 -7.2705541 31.6240807 0.3229535 0.1973464 -0.1956524 0.9046964
1740547138.723290 11.5346460 -7.3189816 31.6912727 0.3284661 0.1952132 -0.1971927 0.9028382
1740547139.077069 11.5909252 -7.5045238 31.8615665 0.3443199 0.1827462 -0.2039020 0.8980377
1740547139.286239 11.5783215 -7.6271691 31.9881668 0.3571852 0.1757869 -0.2086248 0.8933048
1740547139.500049 11.5823631 -7.7684283 32.0896492 0.3705456 0.1670729 -0.2131317 0.8884580
1740547139.616255 11.5679531 -7.8305550 32.1466522 0.3779505 0.1638771 -0.2152788 0.8854111
1740547139.833420 11.5567074 -7.9666300 32.2467651 0.3924340 0.1565088 -0.2195557 0.8793725
1740547139.933204 11.5490208 -8.0261269 32.3035164 0.4002390 0.1534345 -0.2216766 0.8758574
1740547140.146486 11.5631285 -8.1665955 32.4065094 0.4144554 0.1472092 -0.2255808 0.8692926
1740547140.354033 11.5734844 -8.3081694 32.5002861 0.4285790 0.1423968 -0.2284018 0.8624824
1740547140.773383 11.5810585 -8.6091137 32.6645279 0.4555362 0.1352458 -0.2320830 0.8487242
1740547141.283331 11.5627785 -8.9884853 32.8619423 0.4842320 0.1318159 -0.2346447 0.8325178
1740547141.682815 11.5695114 -9.2979403 33.0018272 0.5031676 0.1302090 -0.2357399 0.8211545
1740547141.982243 11.5514507 -9.5394230 33.0833817 0.5125828 0.1285962 -0.2370152 0.8151968
1740547142.284751 11.5296078 -9.7732019 33.1741028 0.5191470 0.1245110 -0.2392920 0.8110011
1740547142.588164 11.5172615 -10.0061855 33.2714272 0.5207713 0.1183745 -0.2432352 0.8097045
1740547142.686606 11.4954300 -10.0587950 33.3324890 0.5218493 0.1172905 -0.2437273 0.8090199
1740547142.890500 11.4907503 -10.2098398 33.4041634 0.5198775 0.1113386 -0.2471379 0.8100951
1740547143.190137 11.4585552 -10.4321871 33.5194931 0.5153465 0.1011541 -0.2540945 0.8121710
1740547143.495656 11.3968315 -10.6477432 33.6361542 0.5077700 0.0904217 -0.2611117 0.8159744
1740547143.697984 11.3642883 -10.7898130 33.7201614 0.5019216 0.0823738 -0.2665098 0.8186952
1740547144.001798 11.3283615 -10.9943333 33.8561058 0.4914914 0.0704436 -0.2744323 0.8235052
1740547144.312987 11.2939796 -11.1858969 34.0105400 0.4801854 0.0592385 -0.2821819 0.8284239
1740547144.611280 11.2376404 -11.3854160 34.1549301 0.4685487 0.0476217 -0.2900413 0.8331088
1740547144.816966 11.1863995 -11.5159092 34.2471733 0.4598354 0.0404078 -0.2945099 0.8367690
1740547145.216511 11.0965014 -11.7589951 34.4577370 0.4437097 0.0259731 -0.3041771 0.8425695
1740547145.521426 11.0325966 -11.9338903 34.6294098 0.4308002 0.0153355 -0.3103470 0.8472667
1740547145.917784 10.9389982 -12.1736088 34.8453903 0.4138796 0.0024057 -0.3195217 0.8524106
1740547146.221611 10.8637915 -12.3292913 35.0220337 0.4019985 -0.0070408 -0.3247553 0.8560851
1740547146.631246 10.7688599 -12.5214300 35.2757263 0.3863618 -0.0185120 -0.3315614 0.8604934
1740547146.927778 10.6883612 -12.6720943 35.4594994 0.3752178 -0.0261132 -0.3368484 0.8631702
1740547147.350667 10.5588026 -12.8692894 35.6965027 0.3602178 -0.0361064 -0.3425066 0.8669652
1740547147.754298 10.4660416 -13.0444164 35.9643250 0.3467349 -0.0465632 -0.3485608 0.8695471
1740547148.070101 10.3628082 -13.1687546 36.1593590 0.3368860 -0.0532097 -0.3523752 0.8714977
1740547148.266400 10.3024120 -13.2454767 36.2915993 0.3305526 -0.0567778 -0.3545100 0.8728310
1740547148.471251 10.2438745 -13.3211536 36.4275284 0.3249947 -0.0596680 -0.3565198 0.8739061
1740547148.673323 10.1778774 -13.3906174 36.5629234 0.3201949 -0.0623773 -0.3585272 0.8746671
1740547148.880745 10.1157494 -13.4446278 36.6994476 0.3168931 -0.0644028 -0.3602841 0.8750008
1740547149.082118 10.0627174 -13.5284653 36.8371010 0.3133087 -0.0654030 -0.3607639 0.8760191
1740547149.282791 10.0057354 -13.6160488 36.9705696 0.3100522 -0.0656025 -0.3611055 0.8770216
1740547149.481395 9.9477863 -13.7055969 37.0969734 0.3076120 -0.0649665 -0.3621323 0.8775046
1740547149.685236 9.8991995 -13.8115673 37.2190628 0.3047941 -0.0644064 -0.3626759 0.8783044
1740547149.884982 9.8483076 -13.8616924 37.3677216 0.3044947 -0.0616637 -0.3615471 0.8790701
1740547149.979961 9.8237524 -13.9054518 37.4334793 0.3036508 -0.0605043 -0.3618550 0.8793159
1740547150.176466 9.7631588 -14.0030785 37.5622559 0.3013540 -0.0577336 -0.3614397 0.8804623
1740547150.277154 9.7441149 -14.0282555 37.6375999 0.3013937 -0.0563697 -0.3614771 0.8805218
1740547150.381653 9.7233744 -14.0568819 37.7146454 0.3016631 -0.0544760 -0.3611634 0.8806774
1740547150.475804 9.6986933 -14.1036091 37.7783394 0.3003496 -0.0526919 -0.3604983 0.8815070
1740547150.675514 9.6525364 -14.1839333 37.9203186 0.3004569 -0.0480486 -0.3594860 0.8821490
1740547150.879081 9.6214066 -14.2764893 38.0562515 0.3015062 -0.0435407 -0.3587086 0.8823414
1740547151.078822 9.5828333 -14.3782139 38.1809425 0.3025866 -0.0374788 -0.3568227 0.8830144
1740547151.381561 9.5116291 -14.5085621 38.3805733 0.3083731 -0.0266889 -0.3530180 0.8829337
1740547151.584052 9.4748240 -14.5919304 38.5192566 0.3139491 -0.0177048 -0.3491932 0.8827155
1740547151.786401 9.4238729 -14.6463909 38.6660995 0.3219492 -0.0063129 -0.3447904 0.8817190
1740547152.083592 9.3515205 -14.7606506 38.8695946 0.3391750 0.0149272 -0.3362848 0.8784361
1740547152.181908 9.3511600 -14.8341742 38.9114189 0.3460484 0.0230550 -0.3323841 0.8770632
1740547152.482540 9.3317900 -15.0623226 39.0434265 0.3723212 0.0512261 -0.3198978 0.8697231
1740547152.584273 9.3209009 -15.1222744 39.0965691 0.3825595 0.0619917 -0.3150421 0.8663450
1740547152.786836 9.3206987 -15.2334461 39.2271957 0.4051886 0.0846404 -0.3037955 0.8581180
1740547152.985394 9.3409395 -15.3467884 39.3355026 0.4299023 0.1085249 -0.2917198 0.8475294
1740547153.287051 9.3701839 -15.5569477 39.4288559 0.4695471 0.1451836 -0.2718870 0.8273601
1740547153.699376 9.4152060 -15.8838177 39.4530411 0.5216352 0.1904878 -0.2450986 0.7946936
1740547154.106804 9.4693384 -16.2434826 39.4106407 0.5643699 0.2262753 -0.2219018 0.7622636
1740547154.509792 9.5294065 -16.6104851 39.3612747 0.5905672 0.2494899 -0.2054960 0.7394300
1740547154.920794 9.5968866 -16.9615688 39.3618927 0.5976083 0.2592815 -0.1987766 0.7322057
1740547155.426539 9.6837063 -17.3629150 39.4824142 0.5817156 0.2545013 -0.2009159 0.7459683
1740547156.152937 9.7470226 -17.9221649 39.7216644 0.5211370 0.2192721 -0.2223536 0.7942889
1740547156.954077 9.8070488 -18.4915028 40.0656586 0.4180270 0.1751519 -0.2465575 0.8566123
1740547157.540911 9.8283634 -18.7293892 40.5100822 0.3236301 0.1403499 -0.2568883 0.8997632
1740547157.941412 9.8470268 -18.8653641 40.8231277 0.2567167 0.1220354 -0.2608835 0.9225745
1740547158.339226 9.8783712 -18.9593849 41.1460724 0.1944490 0.1092906 -0.2604822 0.9393584
1740547158.839080 9.9307709 -19.0484848 41.5548820 0.1236332 0.0973988 -0.2589364 0.9529849
1740547159.224835 9.9609318 -19.1054344 41.8668633 0.0730794 0.0948446 -0.2548012 0.9595521
1740547159.526029 10.0020275 -19.1346073 42.0890350 0.0418701 0.0901942 -0.2510516 0.9628525
1740547159.720788 10.0387602 -19.1438465 42.2140198 0.0210882 0.0873719 -0.2531003 0.9632558
1740547159.923450 10.0690441 -19.1511707 42.3289948 0.0029261 0.0841293 -0.2531132 0.9637673
1740547160.120637 10.1100245 -19.1533985 42.4628296 -0.0112599 0.0812140 -0.2529546 0.9639977
1740547160.314222 10.1369114 -19.1287308 42.6256790 -0.0234778 0.0798123 -0.2521006 0.9641183
1740547160.508692 10.1657753 -19.1067944 42.7895508 -0.0321827 0.0789665 -0.2516672 0.9640499
1740547160.610678 10.1802883 -19.1024189 42.8621941 -0.0375269 0.0776219 -0.2514546 0.9640214
1740547160.821735 10.2084570 -19.0885925 43.0322571 -0.0435280 0.0753100 -0.2506611 0.9641591
1740547161.011426 10.2389355 -19.0730953 43.2005806 -0.0480218 0.0719891 -0.2505803 0.9642204
1740547161.211400 10.2693453 -19.0612812 43.3648109 -0.0515310 0.0686254 -0.2500440 0.9644238
1740547161.421215 10.2923336 -19.0434856 43.5296707 -0.0525140 0.0659041 -0.2505381 0.9644323
1740547161.620123 10.3131676 -19.0270386 43.6988144 -0.0520791 0.0620514 -0.2497581 0.9649136
1740547161.826975 10.3380699 -19.0065422 43.8578262 -0.0497597 0.0582100 -0.2504977 0.9650837
1740547162.018617 10.3675947 -19.0024757 44.0257454 -0.0462923 0.0533974 -0.2505349 0.9655248
1740547162.122335 10.3673964 -18.9966240 44.1079063 -0.0444938 0.0517200 -0.2510533 0.9655660
1740547162.318414 10.3701401 -18.9852962 44.2781372 -0.0393662 0.0477634 -0.2515338 0.9658674
1740547162.420462 10.3771696 -18.9765778 44.3609161 -0.0357383 0.0453583 -0.2517340 0.9660721
1740547162.620565 10.3905840 -18.9738731 44.5226555 -0.0295983 0.0417557 -0.2508562 0.9666704
1740547162.817449 10.3905630 -18.9746780 44.6900444 -0.0228844 0.0387403 -0.2508265 0.9669858
1740547163.011698 10.4023952 -18.9357605 44.7855606 -0.0136697 0.0363211 -0.2557249 0.9659704
1740547163.116809 10.4108734 -18.9233627 44.8481331 -0.0088316 0.0354748 -0.2573402 0.9656292
1740547163.315988 10.4245243 -18.9453506 44.9955254 -0.0019897 0.0333013 -0.2574685 0.9657107
1740547163.412975 10.4244976 -18.9338570 45.0574608 0.0030605 0.0335463 -0.2582812 0.9654824
1740547163.616388 10.4376011 -18.9346981 45.2042313 0.0124442 0.0308550 -0.2608317 0.9648108
1740547163.712660 10.4361238 -18.9334354 45.2735176 0.0175808 0.0307882 -0.2614727 0.9645595
1740547163.920664 10.4466286 -18.9293346 45.3727074 0.0253583 0.0277475 -0.2614344 0.9644890
1740547164.016315 10.4503613 -18.9234161 45.4497337 0.0307130 0.0284341 -0.2622381 0.9640951
1740547164.118134 10.4568768 -18.9272156 45.5083275 0.0362563 0.0272550 -0.2615742 0.9641170
1740547164.213386 10.4556856 -18.9453564 45.5854721 0.0405375 0.0266708 -0.2622106 0.9637899
1740547164.317354 10.4599838 -18.9595509 45.6686783 0.0438968 0.0257609 -0.2630211 0.9634466
1740547164.416660 10.4563484 -18.9588699 45.7070389 0.0476517 0.0257612 -0.2635258 0.9631302
1740547164.512332 10.4642620 -18.9426308 45.7319794 0.0549718 0.0254329 -0.2662404 0.9620017
1740547164.617434 10.4665508 -18.9429646 45.7535744 0.0595336 0.0252288 -0.2647880 0.9621364
1740547164.712605 10.4725370 -18.9332657 45.7893524 0.0656642 0.0238291 -0.2658520 0.9614797
1740547164.818508 10.4784050 -18.9339027 45.8263626 0.0696562 0.0235154 -0.2668219 0.9609376
1740547164.917890 10.4747601 -18.9265900 45.8691940 0.0753874 0.0237176 -0.2704709 0.9594789
1740547165.013207 10.4716845 -18.9314785 45.9128265 0.0798744 0.0246603 -0.2714700 0.9588097
1740547165.118745 10.4782143 -18.9481068 45.9847374 0.0843234 0.0233437 -0.2711737 0.9585456
1740547165.413107 10.4661350 -18.9321289 46.0355225 0.0916664 0.0255882 -0.2718900 0.9576108
1740547165.509779 10.4639206 -18.9215527 46.0960541 0.0973018 0.0265313 -0.2713643 0.9571781
1740547165.611801 10.4660244 -18.9275513 46.1259422 0.0994616 0.0262997 -0.2699228 0.9573701
1740547165.710495 10.4516964 -18.9484024 46.1334686 0.1010041 0.0270306 -0.2721739 0.9565505
1740547165.807168 10.4497261 -18.9425964 46.1583328 0.1058830 0.0293604 -0.2745291 0.9552804
1740547165.916524 10.4448938 -18.9322090 46.1861649 0.1114402 0.0309216 -0.2752556 0.9543895
1740547166.012663 10.4336891 -18.9400196 46.2256966 0.1133535 0.0310877 -0.2761818 0.9538910
1740547166.116017 10.4124069 -18.9436817 46.2830887 0.1174662 0.0328439 -0.2739477 0.9539788
1740547166.211241 10.4383488 -18.9378872 46.3236923 0.1244069 0.0296866 -0.2705923 0.9541601
1740547166.307931 10.4222097 -18.9507389 46.3412590 0.1250053 0.0340219 -0.2743323 0.9528683
1740547166.412807 10.4399624 -18.9683037 46.3732109 0.1279915 0.0318349 -0.2750484 0.9523408
1740547166.509773 10.4381504 -18.9567661 46.3995743 0.1340383 0.0336948 -0.2750088 0.9514560
1740547166.612091 10.4369516 -18.9603157 46.4210777 0.1392829 0.0331895 -0.2776615 0.9499488
1740547166.709774 10.4441013 -18.9342346 46.4580307 0.1488417 0.0344968 -0.2755941 0.9490543
1740547166.807450 10.4668531 -18.9066544 46.4995613 0.1600579 0.0327789 -0.2755707 0.9472950
1740547166.914217 10.4573841 -18.9062042 46.5289688 0.1644805 0.0335048 -0.2756695 0.9464830
1740547167.013978 10.4590225 -18.8924675 46.5518265 0.1729410 0.0349597 -0.2803811 0.9435336
1740547167.119662 10.4501686 -18.9013138 46.5758209 0.1778312 0.0349679 -0.2811779 0.9423865
1740547167.214828 10.4159222 -18.9039688 46.6104202 0.1817966 0.0405833 -0.2805218 0.9416000
1740547167.319824 10.4117146 -18.9303455 46.6583557 0.1831056 0.0433744 -0.2802179 0.9413123
1740547167.422126 10.4041758 -18.9140892 46.7092628 0.1897538 0.0464894 -0.2793982 0.9400899
1740547167.518193 10.3978529 -18.9460487 46.7836761 0.1912235 0.0492264 -0.2786987 0.9398603
1740547167.621717 10.3936071 -18.9736404 46.8499565 0.1928812 0.0511028 -0.2775863 0.9397506
1740547167.718331 10.3893375 -19.0091534 46.9236145 0.1942826 0.0540584 -0.2778133 0.9392293
1740547167.820539 10.3964138 -19.0507812 46.9990616 0.1962541 0.0544979 -0.2776570 0.9388402
1740547167.923237 10.3934603 -19.0848618 47.0674896 0.1972745 0.0574336 -0.2771288 0.9386074
1740547168.017088 10.3927078 -19.1184769 47.1402740 0.1990587 0.0601436 -0.2758791 0.9384291
1740547168.118578 10.3938799 -19.1534843 47.2124596 0.1998829 0.0626726 -0.2764407 0.9379230
1740547168.212804 10.3937302 -19.1943855 47.2824211 0.2000267 0.0648169 -0.2760925 0.9378492
1740547168.308726 10.3935890 -19.2306881 47.3537827 0.2009594 0.0674857 -0.2752304 0.9377149
1740547168.414403 10.3953686 -19.2689724 47.4294586 0.2018324 0.0706752 -0.2749365 0.9373786
1740547168.512069 10.4014282 -19.3082848 47.5025558 0.2023364 0.0732700 -0.2737373 0.9374217
1740547168.613680 10.4057178 -19.3423080 47.5784950 0.2032454 0.0758545 -0.2730688 0.9372144
1740547168.711685 10.4086304 -19.3806038 47.6526642 0.2032996 0.0785695 -0.2723957 0.9371749
1740547168.807770 10.4120979 -19.4134083 47.7318268 0.2026430 0.0815770 -0.2726646 0.9369819
1740547168.913646 10.4191341 -19.4497375 47.8046341 0.2029619 0.0841222 -0.2711596 0.9371246
1740547169.011432 10.4234695 -19.4899082 47.8792076 0.2019419 0.0875934 -0.2704202 0.9372405
1740547169.113606 10.4276819 -19.5307083 47.9525681 0.2012708 0.0900681 -0.2699714 0.9372798
1740547169.210644 10.4333086 -19.5664520 48.0304184 0.2000359 0.0935302 -0.2688859 0.9375170
1740547169.306439 10.4376879 -19.6071873 48.1051559 0.1980689 0.0968645 -0.2679194 0.9378727
1740547169.408857 10.4458389 -19.6469898 48.1796265 0.1959987 0.1002665 -0.2674344 0.9380885
1740547169.507839 10.4559212 -19.6826439 48.2535324 0.1944410 0.1028832 -0.2669350 0.9382715
1740547169.708837 10.4765110 -19.7541523 48.4095383 0.1884306 0.1100910 -0.2649530 0.9392411
1740547170.012223 10.5127010 -19.8558731 48.6424370 0.1786263 0.1195389 -0.2618555 0.9408692
1740547170.644293 10.5422869 -19.9253998 48.7960930 0.1684615 0.1262786 -0.2596625 0.9424701
1740547170.943784 10.5893240 -20.0163631 49.0303993 0.1515747 0.1380400 -0.2556972 0.9447693
1740547171.246233 10.6520710 -20.0997028 49.2660179 0.1285047 0.1488953 -0.2511542 0.9477543
1740547171.547424 10.7156668 -20.1612358 49.5025024 0.1008459 0.1624690 -0.2451652 0.9504357
1740547171.954903 10.8320951 -20.2250004 49.8169899 0.0559949 0.1790350 -0.2367935 0.9532785
1740547172.257030 10.9343901 -20.2383957 50.0512314 0.0183203 0.1925968 -0.2283900 0.9541535
1740547172.564680 11.0521250 -20.2223930 50.2737503 -0.0221507 0.2062148 -0.2191336 0.9533967
1740547172.993858 11.2280359 -20.1652317 50.5675049 -0.0771740 0.2229348 -0.2076285 0.9493338
1740547173.399439 11.4236898 -20.0754395 50.8388290 -0.1288627 0.2392265 -0.1945977 0.9424950
1740547173.799143 11.5902748 -19.9614258 51.0877304 -0.1725505 0.2512818 -0.1838935 0.9344876
1740547174.110529 11.7503681 -19.8680553 51.2665405 -0.1985845 0.2595530 -0.1784475 0.9280910
1740547174.413224 11.9020996 -19.7647419 51.4419250 -0.2197690 0.2674786 -0.1726332 0.9221467
1740547174.817440 12.1049232 -19.6263199 51.6719513 -0.2388212 0.2777375 -0.1694276 0.9149430
1740547175.220903 12.3215027 -19.5055389 51.9034729 -0.2454901 0.2878094 -0.1694433 0.9100491
1740547175.719664 12.5816536 -19.3338776 52.1926117 -0.2388212 0.2991430 -0.1744764 0.9072133
1740547175.924549 12.6932802 -19.2935619 52.3183327 -0.2312565 0.3031329 -0.1780872 0.9071471
1740547176.133033 12.8052549 -19.2424240 52.4392891 -0.2218939 0.3076890 -0.1822612 0.9071226
1740547176.338947 12.9190521 -19.2000484 52.5596237 -0.2105667 0.3118095 -0.1866687 0.9075193
1740547176.640637 13.0895290 -19.1474190 52.7440071 -0.1888362 0.3183228 -0.1958729 0.9080999
1740547176.844797 13.2004452 -19.1292019 52.8710785 -0.1736729 0.3229423 -0.2024149 0.9080607
1740547177.046450 13.3135738 -19.1120682 52.9967842 -0.1569861 0.3260065 -0.2100159 0.9082778
1740547177.255647 13.4224958 -19.1118202 53.1243210 -0.1399307 0.3301828 -0.2171074 0.9078894
1740547177.457809 13.5256996 -19.1138973 53.2560844 -0.1222012 0.3332584 -0.2244236 0.9075460
1740547177.663901 13.6285181 -19.1190834 53.3616219 -0.1050217 0.3358425 -0.2303029 0.9072711
1740547177.763927 13.6734371 -19.1172943 53.4246101 -0.0960240 0.3387420 -0.2341844 0.9061959
1740547177.977216 13.7724733 -19.1439037 53.5419350 -0.0806478 0.3397402 -0.2399672 0.9058081
1740547178.286817 13.8989124 -19.1514015 53.7094345 -0.0546568 0.3456765 -0.2487282 0.9031360
1740547178.393501 13.9327812 -19.1494827 53.7544518 -0.0461482 0.3487771 -0.2506184 0.9018953
1740547178.594469 13.9775276 -19.1364994 53.8595314 -0.0308207 0.3575091 -0.2633502 0.8954798
1740547178.796224 13.9848518 -19.0964718 53.9299202 -0.0069481 0.3698739 -0.2725743 0.8881713
1740547179.000005 13.9953318 -19.0621777 54.0080147 0.0103857 0.3790676 -0.2908603 0.8784078
1740547179.110712 13.9959316 -19.0630207 54.0292053 0.0163992 0.3826222 -0.2934240 0.8759187
1740547179.210215 13.9825821 -19.0608730 54.0703697 0.0207050 0.3908136 -0.3000083 0.8699604
1740547179.307512 13.9738283 -19.0429497 54.1101418 0.0293065 0.3997630 -0.3045090 0.8640631
1740547179.416213 13.9729252 -19.0328445 54.1529427 0.0342304 0.4063867 -0.3111080 0.8584229
1740547179.626031 13.9415703 -18.9960136 54.2901840 0.0435312 0.4334864 -0.3186296 0.8418253
1740547179.724355 13.9494257 -18.9595108 54.3226929 0.0562211 0.4394993 -0.3239089 0.8359202
1740547179.823411 13.9418869 -18.9203701 54.3855476 0.0661797 0.4523659 -0.3312188 0.8253966
1740547180.029341 13.9997168 -18.8501148 54.5150795 0.0884505 0.4649161 -0.3444752 0.8107814
1740547180.242646 14.0273695 -18.7837372 54.5797653 0.1123585 0.4742185 -0.3566372 0.7970586
1740547180.454921 14.0973129 -18.9226360 54.5676270 0.1031335 0.4601995 -0.3539201 0.8076636
1740547180.554952 14.1210356 -18.9767342 54.5985680 0.0968287 0.4597088 -0.3518012 0.8096468
1740547180.758087 14.2424631 -19.0730820 54.6823654 0.0991526 0.4593294 -0.3530278 0.8090467
1740547180.866268 14.3050508 -19.0992508 54.7351646 0.1064070 0.4597805 -0.3533140 0.8077430
1740547180.970612 14.3508015 -19.1622982 54.7702713 0.1034182 0.4595713 -0.3543891 0.8077793
1740547181.178212 14.4720411 -19.2371140 54.8581085 0.1099319 0.4597799 -0.3557147 0.8062162
1740547181.483642 14.6316757 -19.3679581 54.9926147 0.1120245 0.4603782 -0.3571987 0.8049296
