1740547078.431860 0.0000000 0.0000000 0.0000000 -0.0000000 -0.0000000 -0.0000000 1.0000000
1740547079.220779 0.0008901 -0.0001346 0.0813898 0.0004155 -0.0003833 -0.0001601 0.9999999
1740547079.397641 0.0056548 0.0048902 0.1632847 0.0007196 -0.0014098 -0.0001612 0.9999987
1740547079.576678 0.0193510 0.0087426 0.2459403 0.0013907 -0.0029692 0.0000092 0.9999946
1740547079.678143 0.0196420 0.0159242 0.3283782 0.0023151 -0.0044889 -0.0001140 0.9999872
1740547079.773096 0.0286262 0.0117465 0.4103509 0.0028926 -0.0065725 -0.0000338 0.9999743
1740547079.867484 0.0310747 0.0133738 0.4927125 0.0044213 -0.0085729 -0.0000462 0.9999535
1740547079.963076 0.0363266 0.0089241 0.5756821 0.0056976 -0.0110909 -0.0002604 0.9999222
1740547080.166527 0.0177740 -0.0022506 0.7385289 0.0086741 -0.0158996 -0.0001395 0.9998360
1740547080.262791 0.0167693 -0.0016191 0.8207545 0.0104078 -0.0190252 -0.0003155 0.9997648
1740547080.465727 0.0089364 0.0001195 0.9866190 0.0145639 -0.0255348 -0.0002493 0.9995678
1740547080.568766 0.0000210 0.0070435 1.0681809 0.0168423 -0.0287485 -0.0000377 0.9994448
1740547080.765559 -0.0389002 -0.0121062 1.2266462 0.0216235 -0.0353949 -0.0001528 0.9991395
1740547080.966930 -0.0579316 -0.0345170 1.3883438 0.0264815 -0.0427284 0.0000685 0.9987357
1740547081.169781 -0.0689150 -0.0533701 1.5516472 0.0322499 -0.0496330 -0.0001809 0.9982467
1740547081.367635 -0.0804396 -0.0801095 1.7151619 0.0368190 -0.0563034 -0.0003963 0.9977345
1740547081.578262 -0.0997338 -0.0983630 1.8757610 0.0416399 -0.0623800 -0.0001740 0.9971834
1740547081.878608 -0.1453196 -0.1182938 2.1162436 0.0486251 -0.0705574 0.0001050 0.9963219
1740547082.185391 -0.1891306 -0.1393733 2.3559673 0.0552761 -0.0783097 0.0003570 0.9953954
1740547082.385867 -0.2228073 -0.1658297 2.5141971 0.0591611 -0.0828975 0.0000513 0.9948004
1740547082.688519 -0.2567910 -0.2086277 2.7545476 0.0649177 -0.0903065 0.0002732 0.9937959
1740547082.990153 -0.3062516 -0.2499897 2.9900985 0.0705746 -0.0972450 0.0006245 0.9927549
1740547083.293545 -0.3513191 -0.2736552 3.2273278 0.0762811 -0.1044933 0.0005958 0.9915957
1740547083.600585 -0.4075468 -0.3273777 3.4562163 0.0809686 -0.1114158 0.0003131 0.9904698
1740547083.900415 -0.4896047 -0.4073936 3.6730151 0.0845897 -0.1176848 0.0000622 0.9894417
1740547084.202682 -0.5493286 -0.4484664 3.8993623 0.0874914 -0.1229382 0.0001346 0.9885502
1740547084.407930 -0.6278870 -0.4855113 4.0304403 0.0881096 -0.1226668 -0.0003986 0.9885289
1740547084.620073 -0.6925557 -0.5127189 4.1771307 0.0888919 -0.1222823 0.0001683 0.9885066
1740547084.716517 -0.6974875 -0.5185738 4.2608132 0.0891333 -0.1229404 -0.0000337 0.9884032
1740547084.815630 -0.7136086 -0.5396417 4.3358483 0.0883676 -0.1232475 -0.0001321 0.9884337
1740547084.918427 -0.7602606 -0.5676379 4.3941584 0.0876040 -0.1209016 -0.0006414 0.9887912
1740547085.015764 -0.8028103 -0.5922937 4.4625354 0.0867504 -0.1193236 -0.0006813 0.9890580
1740547085.116682 -0.7951803 -0.5995601 4.5532050 0.0870213 -0.1196751 -0.0006479 0.9889918
1740547085.216279 -0.8139015 -0.6053118 4.6358027 0.0867340 -0.1190918 -0.0001736 0.9890876
1740547085.315369 -0.8600084 -0.6362969 4.7001443 0.0857281 -0.1166407 -0.0007241 0.9894671
1740547085.419395 -0.8909566 -0.6410717 4.7714710 0.0861839 -0.1141805 -0.0002050 0.9897147
1740547085.517340 -0.8987526 -0.6668065 4.8468828 0.0846150 -0.1137134 -0.0008116 0.9899035
1740547085.620933 -0.9236693 -0.6740434 4.9222522 0.0847515 -0.1111070 -0.0005916 0.9901879
1740547085.726092 -0.9462401 -0.6606728 4.9834085 0.0858286 -0.1094330 -0.0000435 0.9902817
1740547085.827016 -0.9799035 -0.6789047 5.0451236 0.0861808 -0.1075770 -0.0008834 0.9904541
1740547085.932173 -0.9890971 -0.6886406 5.1257839 0.0852781 -0.1067078 -0.0008272 0.9906263
1740547086.033595 -0.9886220 -0.7025276 5.1966681 0.0850190 -0.1059099 -0.0003678 0.9907345
1740547086.138141 -1.0126367 -0.7081277 5.2769709 0.0850612 -0.1047754 -0.0001843 0.9908515
1740547086.236838 -1.0548369 -0.7419389 5.3352380 0.0835775 -0.1028005 -0.0004716 0.9911845
1740547086.334854 -1.0921729 -0.7646125 5.3858070 0.0835379 -0.0995947 -0.0011136 0.9915146
1740547086.447841 -1.0976087 -0.7746944 5.4609208 0.0828777 -0.0991193 -0.0008237 0.9916179
1740547086.553195 -1.0656644 -0.7786343 5.5466366 0.0841517 -0.1017010 0.0007037 0.9912492
1740547086.668494 -1.0532190 -0.7941638 5.6270981 0.0850745 -0.1029561 0.0003371 0.9910410
1740547086.769775 -1.0779786 -0.8035504 5.7063193 0.0851315 -0.1024035 0.0006304 0.9910932
1740547086.870088 -1.0802466 -0.8107158 5.7844129 0.0855986 -0.1028640 0.0004810 0.9910054
1740547086.968773 -1.1031976 -0.8428882 5.8463340 0.0856029 -0.1027202 -0.0000281 0.9910200
1740547087.067439 -1.1088480 -0.8604525 5.9292812 0.0864186 -0.1031360 0.0004218 0.9909059
1740547087.173782 -1.1240306 -0.8695142 6.0133653 0.0872223 -0.1031187 0.0003133 0.9908374
1740547087.273387 -1.1427408 -0.8897721 6.0877099 0.0860103 -0.1031655 0.0007299 0.9909382
1740547087.380057 -1.1765561 -0.9049647 6.1629038 0.0870909 -0.1027303 0.0002064 0.9908893
1740547087.480471 -1.1469927 -0.9308372 6.2515526 0.0868688 -0.1051257 0.0007086 0.9906573
1740547087.578785 -1.1262738 -0.9607253 6.3145761 0.0854663 -0.1067699 -0.0007651 0.9906034
1740547087.682884 -1.1044903 -0.9705035 6.3736844 0.0860877 -0.1097364 -0.0011877 0.9902250
1740547087.785687 -1.0829886 -0.9974342 6.4485726 0.0857622 -0.1111937 -0.0010131 0.9900908
1740547087.891044 -1.0742203 -1.0258592 6.5161052 0.0853358 -0.1127907 -0.0015855 0.9899462
1740547087.990544 -1.0898455 -1.0416729 6.5972214 0.0854150 -0.1130558 -0.0018284 0.9899088
1740547088.089816 -1.1114783 -1.0485501 6.6646066 0.0869738 -0.1125762 -0.0010880 0.9898288
1740547088.198541 -1.1404107 -1.0551046 6.7392364 0.0880485 -0.1119282 -0.0004958 0.9898077
1740547088.296024 -1.1406900 -1.0670205 6.8104553 0.0888705 -0.1121969 0.0001957 0.9897040
1740547088.400576 -1.1313519 -1.0951312 6.8850722 0.0894677 -0.1126609 -0.0007283 0.9895971
1740547088.502458 -1.1254152 -1.1159317 6.9568691 0.0888659 -0.1129205 -0.0013870 0.9896211
1740547088.610648 -1.1240191 -1.1333975 7.0153270 0.0874007 -0.1129791 -0.0022803 0.9897432
1740547088.713072 -1.1230203 -1.1410421 7.0821738 0.0876901 -0.1130234 -0.0026930 0.9897115
1740547088.812032 -1.1521670 -1.1596861 7.1326842 0.0876285 -0.1108842 -0.0021355 0.9899603
1740547088.916605 -1.1727066 -1.1994617 7.2042279 0.0859047 -0.1090803 -0.0021255 0.9903117
1740547089.019812 -1.1741314 -1.2219241 7.2725654 0.0854481 -0.1085783 -0.0024966 0.9904056
1740547089.120880 -1.1934450 -1.2504624 7.3346143 0.0848546 -0.1068854 -0.0029691 0.9906394
1740547089.223330 -1.2074500 -1.3007312 7.3743610 0.0796511 -0.1050300 -0.0025324 0.9912710
1740547089.324751 -1.2039810 -1.3311357 7.4222460 0.0766733 -0.1052143 -0.0029971 0.9914848
1740547089.436091 -1.2097713 -1.3479040 7.4891262 0.0764790 -0.1048879 -0.0026357 0.9915355
1740547089.550052 -1.2106110 -1.3731419 7.5363650 0.0736918 -0.1060391 -0.0020839 0.9916254
1740547089.655622 -1.1978551 -1.3988128 7.5687823 0.0686161 -0.1067380 -0.0025593 0.9919134
1740547089.756187 -1.1924865 -1.4361812 7.6042633 0.0619712 -0.1074035 -0.0032915 0.9922768
1740547089.876171 -1.1716214 -1.4505866 7.6391530 0.0586520 -0.1106750 -0.0038526 0.9921170
1740547089.973555 -1.1624740 -1.4694898 7.6652651 0.0527938 -0.1125943 -0.0045806 0.9922270
1740547090.075046 -1.1768240 -1.4883568 7.6875143 0.0495254 -0.1104652 -0.0056472 0.9926292
1740547090.184073 -1.2273954 -1.5154102 7.7380881 0.0469672 -0.1094960 -0.0048677 0.9928651
1740547090.285330 -1.2383301 -1.5411954 7.7794247 0.0418382 -0.1104167 -0.0048016 0.9929928
1740547090.392044 -1.2146729 -1.5432608 7.8166752 0.0404665 -0.1145454 -0.0049521 0.9925811
1740547090.495524 -1.2039274 -1.5504314 7.8424368 0.0368681 -0.1186851 -0.0054092 0.9922325
1740547090.606233 -1.2084677 -1.5695862 7.8736930 0.0320945 -0.1198622 -0.0051568 0.9922583
1740547090.716205 -1.2140315 -1.5830433 7.8996196 0.0282273 -0.1204518 -0.0057114 0.9923014
1740547090.816770 -1.2056448 -1.5911421 7.9180427 0.0260193 -0.1231107 -0.0080350 0.9920193
1740547090.921930 -1.2111663 -1.6045707 7.9433961 0.0215061 -0.1271740 -0.0080387 0.9916146
1740547091.020649 -1.2041000 -1.6132976 7.9600158 0.0184979 -0.1334144 -0.0084386 0.9908518
1740547091.126005 -1.1798139 -1.6098756 7.9884944 0.0193931 -0.1408473 -0.0076831 0.9898115
1740547091.227793 -1.1646665 -1.6241412 8.0192137 0.0152864 -0.1464191 -0.0084380 0.9890686
1740547091.328997 -1.1383213 -1.6268986 8.0499868 0.0136055 -0.1524981 -0.0101825 0.9881577
1740547091.434519 -1.1078568 -1.6241801 8.0793009 0.0140748 -0.1604905 -0.0097283 0.9868891
1740547091.537804 -1.0990456 -1.6403869 8.0885096 0.0097423 -0.1666491 -0.0110098 0.9859067
1740547091.649200 -1.0668955 -1.6540056 8.1071634 0.0080888 -0.1746065 -0.0117529 0.9845349
1740547091.753108 -1.0352411 -1.6442487 8.1365547 0.0115689 -0.1831989 -0.0097688 0.9829593
1740547091.850460 -1.0142142 -1.6435040 8.1522417 0.0122277 -0.1907756 -0.0102855 0.9815037
1740547091.959323 -0.9868221 -1.6545271 8.1732950 0.0104956 -0.1978743 -0.0112875 0.9801062
1740547092.058897 -0.9648553 -1.6507579 8.1882343 0.0121492 -0.2061859 -0.0115696 0.9783691
1740547092.165250 -0.9379617 -1.6556538 8.2115135 0.0115475 -0.2136347 -0.0122788 0.9767682
1740547092.262845 -0.9210501 -1.6568841 8.2340431 0.0124541 -0.2204350 -0.0117934 0.9752509
1740547092.374610 -0.9049447 -1.6628504 8.2714367 0.0110504 -0.2269087 -0.0138286 0.9737552
1740547092.470669 -0.8747833 -1.6589471 8.2922916 0.0126769 -0.2354544 -0.0135466 0.9717083
1740547092.571323 -0.8534294 -1.6530136 8.3187838 0.0152248 -0.2424295 -0.0122566 0.9699721
1740547092.691755 -0.8351245 -1.6495993 8.3385353 0.0149173 -0.2497115 -0.0140730 0.9681031
1740547092.792089 -0.8256785 -1.6642035 8.3777742 0.0128333 -0.2559252 -0.0145921 0.9665013
1740547092.902111 -0.8264790 -1.6771563 8.4081011 0.0095088 -0.2610264 -0.0156315 0.9651583
1740547093.003301 -0.8220678 -1.6811635 8.4304600 0.0082465 -0.2666173 -0.0166858 0.9636227
1740547093.104820 -0.8132446 -1.6796694 8.4541798 0.0076392 -0.2722436 -0.0176798 0.9620356
1740547093.215828 -0.8072728 -1.6848570 8.4784851 0.0061238 -0.2776011 -0.0187210 0.9604945
1740547093.314763 -0.8086864 -1.7063038 8.4946270 -0.0005650 -0.2803013 -0.0201112 0.9597012
1740547093.422426 -0.7910699 -1.7122316 8.5011024 -0.0020594 -0.2867748 -0.0215883 0.9577526
1740547093.520914 -0.7874777 -1.7160550 8.5300541 -0.0033067 -0.2918478 -0.0218254 0.9562101
1740547093.629517 -0.7833232 -1.7210286 8.5530605 -0.0061036 -0.2961529 -0.0229299 0.9548458
1740547093.732460 -0.7623754 -1.7298218 8.5590773 -0.0093613 -0.3017332 -0.0247512 0.9530251
1740547093.830217 -0.7508304 -1.7354192 8.5673904 -0.0123864 -0.3052467 -0.0265993 0.9518212
1740547093.937599 -0.7476836 -1.7785560 8.5727568 -0.0230820 -0.3072971 -0.0303648 0.9508489
1740547094.037607 -0.7602054 -1.8085787 8.5913544 -0.0301189 -0.3065003 -0.0320329 0.9508545
1740547094.140042 -0.7800311 -1.8034800 8.6091805 -0.0311971 -0.3027985 -0.0323492 0.9519944
1740547094.240745 -0.7903134 -1.8001224 8.6338358 -0.0331525 -0.2991394 -0.0335291 0.9530437
1740547094.340136 -0.8097444 -1.8040240 8.6419849 -0.0352546 -0.2937121 -0.0344332 0.9546228
1740547094.450107 -0.8193375 -1.8114347 8.6449080 -0.0391071 -0.2884910 -0.0347856 0.9560511
1740547094.547053 -0.8324258 -1.8129588 8.6388330 -0.0385922 -0.2804631 -0.0362534 0.9584033
1740547094.659033 -0.8481455 -1.8112766 8.6341667 -0.0385082 -0.2720009 -0.0365116 0.9608327
1740547094.761464 -0.8585869 -1.8167702 8.6377211 -0.0410177 -0.2644776 -0.0375568 0.9627870
1740547094.860910 -0.8679356 -1.8130373 8.6428080 -0.0424007 -0.2561518 -0.0378194 0.9649653
1740547094.964590 -0.8761609 -1.8140444 8.6519680 -0.0431368 -0.2476206 -0.0385706 0.9671274
1740547095.063426 -0.8924644 -1.8137625 8.6729813 -0.0448428 -0.2389055 -0.0390538 0.9692204
1740547095.173173 -0.9082915 -1.8123517 8.6946039 -0.0466188 -0.2295640 -0.0397121 0.9713650
1740547095.268901 -0.9180747 -1.8095720 8.7162943 -0.0466224 -0.2196438 -0.0406021 0.9736193
1740547095.372622 -0.9259411 -1.8066003 8.7364235 -0.0475409 -0.2091025 -0.0410583 0.9758741
1740547095.484210 -0.9393907 -1.8017499 8.7619524 -0.0499314 -0.1985412 -0.0418613 0.9779243
1740547095.583610 -0.9726855 -1.8038988 8.7708130 -0.0520629 -0.1866124 -0.0427423 0.9801216
1740547095.688392 -0.9865234 -1.8094285 8.8028717 -0.0569084 -0.1767457 -0.0436451 0.9816402
1740547095.788090 -1.0066221 -1.8115454 8.8375216 -0.0614609 -0.1665862 -0.0440548 0.9831229
1740547095.895625 -1.0245368 -1.8164911 8.8778238 -0.0655271 -0.1562952 -0.0451025 0.9845018
1740547096.000675 -1.0432091 -1.8303273 8.8980026 -0.0701685 -0.1462966 -0.0464215 0.9856565
1740547096.100437 -1.0702440 -1.8541801 8.9223900 -0.0745024 -0.1351044 -0.0482059 0.9868497
1740547096.205827 -1.0754703 -1.8553878 8.9670753 -0.0758642 -0.1236374 -0.0491871 0.9881999
1740547096.305734 -1.1224157 -1.8695033 8.9918137 -0.0775201 -0.1103697 -0.0510154 0.9895487
1740547096.410017 -1.1792309 -1.8705184 9.0068226 -0.0760008 -0.0962775 -0.0529515 0.9910352
1740547096.511819 -1.1960474 -1.8575888 9.0123940 -0.0723110 -0.0828160 -0.0547031 0.9924315
1740547096.614092 -1.1969112 -1.8613261 9.0255995 -0.0767807 -0.0743902 -0.0545879 0.9927694
1740547096.725836 -1.1800596 -1.8650880 9.0522642 -0.0785893 -0.0690493 -0.0550407 0.9929886
1740547096.826966 -1.1657311 -1.8544875 9.0802593 -0.0777441 -0.0636971 -0.0551017 0.9934095
1740547096.933598 -1.1455057 -1.8424788 9.1083603 -0.0799744 -0.0589985 -0.0566074 0.9934379
1740547097.033626 -1.1390859 -1.8342717 9.1461477 -0.0822948 -0.0540185 -0.0576622 0.9934710
1740547097.142603 -1.1172756 -1.8291905 9.1771717 -0.0822752 -0.0498960 -0.0572989 0.9937092
1740547097.244385 -1.0842913 -1.8109736 9.2374182 -0.0828985 -0.0450786 -0.0579908 0.9938475
1740547097.344052 -1.0542226 -1.7877178 9.3197460 -0.0840197 -0.0392767 -0.0592225 0.9939269
1740547097.455700 -1.0343746 -1.7722913 9.3615456 -0.0888996 -0.0354741 -0.0623053 0.9934568
1740547097.553770 -1.0041314 -1.7479764 9.4269772 -0.0870563 -0.0318565 -0.0613234 0.9938037
1740547097.656290 -0.9734835 -1.7264094 9.5061769 -0.0877690 -0.0277743 -0.0614747 0.9938542
1740547097.757171 -0.9490415 -1.7019309 9.5698624 -0.0887952 -0.0253782 -0.0614480 0.9938287
1740547097.857625 -0.9310740 -1.6838435 9.6255932 -0.0909012 -0.0226457 -0.0619434 0.9936736
1740547097.964214 -0.9071110 -1.6716207 9.6857424 -0.0931006 -0.0198675 -0.0626425 0.9934856
1740547098.065531 -0.8916297 -1.6678264 9.7347832 -0.0945499 -0.0189696 -0.0626953 0.9933629
1740547098.173655 -0.8782989 -1.6438975 9.7886620 -0.0943774 -0.0171502 -0.0627719 0.9934075
1740547098.271972 -0.8595182 -1.6314430 9.8425083 -0.0956073 -0.0159624 -0.0625800 0.9933218
1740547098.370537 -0.8258018 -1.6174692 9.9047604 -0.0963493 -0.0150870 -0.0634891 0.9932061
1740547098.473511 -0.8402379 -1.5854894 9.9657106 -0.0963433 -0.0128228 -0.0636815 0.9932262
1740547098.570579 -0.8397583 -1.5533770 10.0116959 -0.0960223 -0.0108409 -0.0628224 0.9933355
1740547098.681854 -0.8143523 -1.5429610 10.0801735 -0.0984348 -0.0107082 -0.0633295 0.9930686
1740547098.787841 -0.7810215 -1.5343043 10.1405077 -0.1003984 -0.0099927 -0.0645192 0.9928029
1740547098.889436 -0.7563968 -1.5133184 10.1920900 -0.0999856 -0.0077982 -0.0646671 0.9928546
1740547098.993831 -0.7351782 -1.4976585 10.2469606 -0.1018741 -0.0062266 -0.0645959 0.9926783
1740547099.093839 -0.7217168 -1.4630737 10.3121214 -0.1015409 -0.0039395 -0.0660829 0.9926263
1740547099.211726 -0.7093511 -1.4549088 10.3830900 -0.1030805 -0.0010488 -0.0657339 0.9924981
1740547099.310130 -0.6831540 -1.4350599 10.4429379 -0.1040302 0.0008836 -0.0668300 0.9923259
1740547099.417911 -0.6948665 -1.4099605 10.5152874 -0.1052225 0.0036822 -0.0665128 0.9922151
1740547099.517599 -0.7079907 -1.3851439 10.5701189 -0.1036784 0.0079653 -0.0669218 0.9923250
1740547099.615045 -0.7098637 -1.3673916 10.6398029 -0.1049576 0.0109689 -0.0668032 0.9921698
1740547099.720071 -0.6969348 -1.3250250 10.7094154 -0.1045581 0.0139904 -0.0671411 0.9921511
1740547099.822291 -0.6682386 -1.3139238 10.7621374 -0.1047102 0.0163812 -0.0677796 0.9920551
1740547099.931548 -0.6401731 -1.2894380 10.8247509 -0.1046491 0.0191356 -0.0679281 0.9920021
1740547100.033340 -0.6257827 -1.2485027 10.8810472 -0.1020652 0.0232377 -0.0686469 0.9921342
1740547100.132043 -0.5921568 -1.2050626 10.9382191 -0.0988722 0.0267425 -0.0688959 0.9923520
1740547100.238945 -0.5566232 -1.1973548 11.0068674 -0.0987690 0.0292959 -0.0693361 0.9922596
1740547100.337408 -0.5207340 -1.1830199 11.0685349 -0.0978655 0.0322254 -0.0691960 0.9922680
1740547100.442911 -0.4848213 -1.1623403 11.1351004 -0.0951466 0.0349332 -0.0693940 0.9924270
1740547100.541137 -0.4551834 -1.1447506 11.1951523 -0.0938287 0.0373180 -0.0697429 0.9924412
1740547100.656102 -0.4609647 -1.1307355 11.2667427 -0.0918760 0.0411839 -0.0708188 0.9923948
1740547100.755781 -0.4352652 -1.1095788 11.3335123 -0.0893423 0.0437906 -0.0715597 0.9924614
1740547100.856456 -0.4076668 -1.0835716 11.3908949 -0.0863271 0.0463261 -0.0723386 0.9925566
1740547100.962229 -0.3989850 -1.0529996 11.4654045 -0.0845468 0.0496772 -0.0727504 0.9925177
1740547101.060181 -0.3721675 -1.0390122 11.5324354 -0.0820341 0.0510000 -0.0733986 0.9926138
1740547101.166018 -0.3825213 -1.0270897 11.6198463 -0.0819532 0.0553783 -0.0733055 0.9923927
1740547101.266839 -0.4135760 -1.0135980 11.7219629 -0.0821224 0.0601894 -0.0739385 0.9920515
1740547101.363759 -0.4106638 -1.0025854 11.7872667 -0.0807006 0.0641520 -0.0746427 0.9918671
1740547101.467913 -0.3957443 -0.9904040 11.8754759 -0.0799649 0.0674018 -0.0749861 0.9916853
1740547101.565195 -0.3674895 -0.9584428 11.9611654 -0.0774470 0.0702960 -0.0749788 0.9916847
1740547101.671875 -0.3334963 -0.9495249 12.0342741 -0.0762811 0.0733781 -0.0752095 0.9915344
1740547101.773691 -0.3137909 -0.9401782 12.1274605 -0.0749813 0.0765762 -0.0757389 0.9913514
1740547101.869559 -0.3067456 -0.9432070 12.1997852 -0.0738771 0.0799406 -0.0761659 0.9911360
1740547101.972955 -0.2879589 -0.9416918 12.2927284 -0.0726210 0.0831955 -0.0765034 0.9909349
1740547102.072957 -0.2540369 -0.9405094 12.3721581 -0.0713105 0.0859936 -0.0769725 0.9907548
1740547102.174790 -0.2488150 -0.9238814 12.4492979 -0.0690803 0.0893839 -0.0772142 0.9905940
1740547102.272805 -0.2396202 -0.9056503 12.5335083 -0.0675905 0.0927310 -0.0775390 0.9903637
1740547102.370183 -0.2101769 -0.8965407 12.6251459 -0.0664310 0.0952082 -0.0780501 0.9901669
1740547102.471247 -0.1851191 -0.8865148 12.7020369 -0.0643167 0.0978815 -0.0781896 0.9900348
1740547102.567883 -0.1710618 -0.8745067 12.7796335 -0.0625791 0.1012380 -0.0783743 0.9897940
1740547102.672777 -0.1452983 -0.8824561 12.8673506 -0.0617844 0.1042164 -0.0789728 0.9894872
1740547102.867588 -0.1015640 -0.8721735 13.0295324 -0.0587815 0.1101533 -0.0796379 0.9889736
1740547102.972614 -0.0785421 -0.8601707 13.1129084 -0.0570308 0.1127960 -0.0800040 0.9887487
1740547103.065761 -0.0583928 -0.8465531 13.1960039 -0.0557570 0.1154142 -0.0801372 0.9885083
1740547103.174789 -0.0447320 -0.8301069 13.2736216 -0.0540523 0.1183884 -0.0803273 0.9882358
1740547103.268871 -0.0236631 -0.8246702 13.3543615 -0.0529453 0.1207644 -0.0805093 0.9879934
1740547103.363054 -0.0021812 -0.8171176 13.4410677 -0.0515830 0.1234648 -0.0808523 0.9877037
1740547103.562516 0.0399382 -0.8148023 13.6012135 -0.0490750 0.1284345 -0.0814155 0.9871513
1740547103.762625 0.0945677 -0.8187974 13.7674274 -0.0474712 0.1327848 -0.0816236 0.9866369
1740547103.858185 0.1197766 -0.8205720 13.8499088 -0.0465680 0.1351776 -0.0820259 0.9863216
1740547104.057189 0.1774540 -0.8167118 14.0117197 -0.0447496 0.1397410 -0.0824067 0.9857378
1740547104.349386 0.2638386 -0.7960931 14.2503901 -0.0431238 0.1469857 -0.0827787 0.9847249
1740547104.644630 0.3229026 -0.7716625 14.4960747 -0.0426867 0.1550906 -0.0830029 0.9834812
1740547104.852521 0.3659402 -0.7604728 14.6622915 -0.0424150 0.1612227 -0.0828685 0.9825177
1740547105.251858 0.4933156 -0.7604664 14.9760590 -0.0446976 0.1751956 -0.0830926 0.9800022
1740547105.540214 0.6008762 -0.7392876 15.2068768 -0.0479004 0.1875948 -0.0827941 0.9775781
1740547106.030796 0.7926335 -0.7268751 15.5803909 -0.0606631 0.2112599 -0.0804450 0.9722232
1740547106.436713 0.9790552 -0.6924477 15.8634596 -0.0743342 0.2302016 -0.0779756 0.9671616
1740547106.916442 1.1907562 -0.6160716 16.2169151 -0.0947665 0.2540580 -0.0738791 0.9596956
1740547107.293625 1.3982406 -0.5352609 16.4744129 -0.1109172 0.2702768 -0.0701889 0.9537932
1740547107.489078 1.4934719 -0.4899538 16.5994663 -0.1166405 0.2771845 -0.0698393 0.9511499
1740547107.783701 1.6435338 -0.4209268 16.7932720 -0.1252174 0.2881702 -0.0687960 0.9468610
1740547108.263278 1.8948447 -0.3290965 17.1297455 -0.1313003 0.3045170 -0.0686497 0.9409128
1740547108.950985 2.2523499 -0.1959352 17.5727959 -0.1269394 0.3268114 -0.0732618 0.9336559
1740547109.341647 2.4779804 -0.1398142 17.8076515 -0.1223706 0.3407732 -0.0772752 0.9289390
1740547109.733898 2.7273073 -0.1049158 18.0272923 -0.1166641 0.3542253 -0.0808215 0.9243278
1740547110.125802 2.9790983 -0.0480734 18.2363415 -0.1131648 0.3651230 -0.0833422 0.9202896
1740547110.324584 3.1047111 -0.0334202 18.3472137 -0.1127878 0.3703127 -0.0835181 0.9182441
1740547110.713552 3.3251185 0.0140711 18.5922832 -0.1139266 0.3791352 -0.0835758 0.9144902
1740547111.110032 3.5677357 0.0825442 18.8125687 -0.1159657 0.3861026 -0.0837995 0.9112927
1740547111.405585 3.7574348 0.1118454 18.9728928 -0.1181925 0.3907758 -0.0831113 0.9090750
1740547111.506021 3.8247871 0.1248405 19.0238400 -0.1186714 0.3921610 -0.0831599 0.9084114
1740547111.703107 3.9538169 0.1483565 19.1277275 -0.1201648 0.3954067 -0.0824980 0.9068672
1740547111.992693 4.1432118 0.1730838 19.2894135 -0.1223441 0.4001474 -0.0821185 0.9045278
1740547112.196559 4.2831750 0.1866687 19.3788567 -0.1234393 0.4032984 -0.0819313 0.9029953
1740547112.389165 4.3978934 0.2388445 19.4923496 -0.1252623 0.4066611 -0.0813121 0.9012904
1740547112.584947 4.5157723 0.2824548 19.6091614 -0.1273508 0.4097159 -0.0804054 0.8996942
1740547112.787955 4.6377916 0.3209592 19.7186394 -0.1281694 0.4128260 -0.0806582 0.8981323
1740547113.194213 4.9059420 0.3809879 19.9187622 -0.1298989 0.4181261 -0.0805128 0.8954411
1740547113.383250 5.0439572 0.3990240 20.0123215 -0.1308646 0.4209099 -0.0799986 0.8940411
1740547113.683505 5.2356024 0.4450018 20.1665535 -0.1298124 0.4234576 -0.0800956 0.8929821
1740547113.880788 5.3741932 0.4658343 20.2667618 -0.1311724 0.4254369 -0.0799785 0.8918524
1740547114.284554 5.6537151 0.4938149 20.4555779 -0.1312458 0.4257576 -0.0799946 0.8916871
1740547114.685206 5.8968868 0.5765151 20.6730995 -0.1306181 0.4241050 -0.0793116 0.8926274
1740547114.987193 6.0784507 0.6494319 20.8263931 -0.1302540 0.4218056 -0.0790577 0.8937918
1740547115.584810 6.4652843 0.7234913 21.1483021 -0.1272737 0.4145405 -0.0793610 0.8975853
1740547116.088546 6.7724905 0.7969396 21.4160671 -0.1222851 0.4097282 -0.0803886 0.9003927
1740547116.491113 7.0277438 0.8615987 21.6240196 -0.1155610 0.4059201 -0.0821926 0.9028394
1740547116.902291 7.2718148 0.8990079 21.8453007 -0.1086196 0.4046446 -0.0858320 0.9039344
1740547117.214306 7.4536176 0.9335440 22.0055962 -0.1020024 0.4041266 -0.0886012 0.9046696
1740547117.624246 7.7092600 0.9610984 22.2203331 -0.0929292 0.4069521 -0.0931907 0.9039190
1740547117.827039 7.8308129 0.9471481 22.3192596 -0.0883408 0.4086637 -0.0963593 0.9032745
1740547118.030729 7.9904170 0.9609864 22.4433708 -0.0829815 0.4108897 -0.0998056 0.9023982
1740547118.234124 8.0649385 0.9395892 22.5011425 -0.0776680 0.4126457 -0.1003586 0.9020086
1740547118.333399 8.1199417 0.9190819 22.5501785 -0.0761188 0.4135565 -0.1011565 0.9016343
1740547118.436890 8.1695728 0.9074466 22.6083679 -0.0742717 0.4155606 -0.1015840 0.9008185
1740547118.537260 8.2087193 0.8862187 22.6365280 -0.0729460 0.4152942 -0.1010299 0.9011118
1740547118.637790 8.2280855 0.8783839 22.6529694 -0.0699108 0.4160698 -0.1024626 0.9008329
1740547118.744790 8.2637653 0.8539807 22.6866970 -0.0680371 0.4168518 -0.1021949 0.9006452
1740547118.843105 8.3068066 0.8379346 22.7353077 -0.0656315 0.4179283 -0.1012780 0.9004284
1740547118.945684 8.3648949 0.8179090 22.7877522 -0.0641255 0.4198813 -0.1032838 0.8993999
1740547119.047324 8.4179125 0.8112115 22.8449764 -0.0615803 0.4221776 -0.1050187 0.8983012
1740547119.147863 8.4798479 0.8023607 22.9020824 -0.0595913 0.4223689 -0.1061894 0.8982078
1740547119.251295 8.5266666 0.7882009 22.9471798 -0.0584302 0.4230540 -0.1067586 0.8978941
1740547119.351517 8.5589046 0.7705189 22.9705620 -0.0561123 0.4224635 -0.1059792 0.8984122
1740547119.462694 8.5880060 0.7563603 22.9927864 -0.0531754 0.4215927 -0.1059647 0.8990014
1740547119.560145 8.6360788 0.7310842 23.0297928 -0.0525823 0.4208289 -0.1058193 0.8994111
1740547119.659087 8.6718378 0.7180530 23.0620575 -0.0498469 0.4211534 -0.1068988 0.8992873
1740547119.764509 8.7043896 0.7095799 23.0943451 -0.0463303 0.4199131 -0.1075764 0.8999743
1740547119.864456 8.7464457 0.6811202 23.1304379 -0.0451888 0.4192455 -0.1062940 0.9004958
1740547119.970064 8.7812195 0.6533672 23.1589775 -0.0453266 0.4186806 -0.1060344 0.9007823
1740547120.070414 8.8139210 0.6490024 23.1931839 -0.0418989 0.4183547 -0.1070657 0.9009777
1740547120.175729 8.8356819 0.6455368 23.2076817 -0.0398778 0.4186143 -0.1086536 0.9007587
1740547120.276362 8.8489761 0.6351123 23.2147961 -0.0380527 0.4170194 -0.1094876 0.9014761
1740547120.378493 8.8518906 0.6340765 23.2199497 -0.0359322 0.4173731 -0.1100632 0.9013295
1740547120.479604 8.8569546 0.6323948 23.2276955 -0.0349272 0.4190905 -0.1130276 0.9002044
1740547120.577611 8.8757248 0.6152083 23.2395706 -0.0339793 0.4179499 -0.1127403 0.9008068
1740547120.688643 8.8853111 0.6024942 23.2527733 -0.0327742 0.4164780 -0.1113464 0.9017061
1740547120.786962 8.9111633 0.5759366 23.2796288 -0.0310600 0.4137332 -0.1089233 0.9033249
1740547120.886591 8.9395103 0.5667909 23.2979813 -0.0279269 0.4108110 -0.1104492 0.9045748
1740547120.992579 8.9390030 0.5619532 23.2953930 -0.0279513 0.4110710 -0.1122092 0.9042392
1740547121.094894 8.9433804 0.5513675 23.3027210 -0.0272337 0.4120311 -0.1127804 0.9037529
1740547121.199161 8.9685822 0.5271311 23.3266716 -0.0255754 0.4095787 -0.1118908 0.9050258
1740547121.299600 8.9563046 0.5417176 23.3128929 -0.0236077 0.4102126 -0.1139678 0.9045328
1740547121.398365 8.9699802 0.5265285 23.3262463 -0.0218992 0.4080612 -0.1119565 0.9057992
1740547121.504879 8.9499235 0.5144869 23.3191147 -0.0241972 0.4130379 -0.1174831 0.9027801
1740547121.604190 8.9508972 0.5145415 23.3210030 -0.0230589 0.4148503 -0.1212581 0.9014788
1740547121.712743 8.9738932 0.5104537 23.3377571 -0.0188928 0.4126374 -0.1224103 0.9024352
1740547121.812274 9.0213089 0.5056245 23.3742199 -0.0164121 0.4092219 -0.1224323 0.9040345
1740547121.911633 9.0607319 0.5009713 23.4008713 -0.0122294 0.4067467 -0.1238900 0.9050187
1740547122.015112 9.0780287 0.4806578 23.4627361 -0.0112612 0.4088281 -0.1242725 0.9040405
1740547122.115203 9.0966816 0.4590235 23.5004082 -0.0089052 0.4084307 -0.1249218 0.9041569
1740547122.228517 9.1176472 0.4529288 23.5244064 -0.0055729 0.4071799 -0.1273858 0.9044039
1740547122.325100 9.1366940 0.4344199 23.5434399 -0.0032272 0.4049512 -0.1263707 0.9055576
1740547122.447694 9.1738701 0.4268236 23.5627136 -0.0007267 0.4022237 -0.1284925 0.9064796
1740547122.548431 9.2191381 0.3962839 23.6137867 0.0021658 0.4011341 -0.1275383 0.9070947
1740547122.648534 9.2680521 0.3526232 23.6558723 0.0041679 0.3982319 -0.1274296 0.9083809
1740547122.757347 9.2996874 0.3361228 23.6833839 0.0070627 0.3971547 -0.1288784 0.9086301
1740547122.856586 9.3467474 0.3005166 23.7265892 0.0090152 0.3945642 -0.1286951 0.9097667
1740547122.963251 9.3790245 0.2882612 23.7492714 0.0118007 0.3899279 -0.1277456 0.9118652
1740547123.064767 9.4011250 0.2753179 23.7716293 0.0134659 0.3872871 -0.1278030 0.9129588
1740547123.169006 9.4226122 0.2558196 23.8276215 0.0164553 0.3883271 -0.1296145 0.9122124
1740547123.278448 9.4718494 0.2303469 23.8684483 0.0201927 0.3843760 -0.1301275 0.9137364
1740547123.380439 9.5043850 0.2067831 23.8960590 0.0217700 0.3812108 -0.1309990 0.9149009
1740547123.486485 9.5229311 0.1870213 23.9133968 0.0242947 0.3772954 -0.1301774 0.9165761
1740547123.588237 9.5478125 0.1757541 23.9381294 0.0285049 0.3754251 -0.1321303 0.9169433
1740547123.695574 9.5679178 0.1477661 23.9598370 0.0306068 0.3719528 -0.1323644 0.9182560
1740547123.797567 9.5996799 0.1223330 23.9822865 0.0335210 0.3663953 -0.1323013 0.9203951
1740547123.898005 9.6377697 0.1093776 24.0065041 0.0386510 0.3603031 -0.1347152 0.9222471
1740547124.007638 9.6807098 0.0742540 24.0453300 0.0408482 0.3560621 -0.1339016 0.9239165
1740547124.112184 9.7107201 0.0583198 24.0728035 0.0463002 0.3521535 -0.1360462 0.9248435
1740547124.217292 9.7201738 0.0631185 24.0879574 0.0526368 0.3497323 -0.1396056 0.9248930
1740547124.319646 9.7573376 0.0532234 24.1092911 0.0594907 0.3423635 -0.1421030 0.9268522
1740547124.421369 9.7987690 0.0221658 24.1508007 0.0637997 0.3367203 -0.1429070 0.9285077
1740547124.529663 9.8381939 -0.0056601 24.1857605 0.0681802 0.3298845 -0.1440550 0.9304708
1740547124.628487 9.8870544 -0.0274508 24.2361240 0.0734117 0.3244087 -0.1461332 0.9316731
1740547124.733366 9.9314327 -0.0561855 24.2749939 0.0793245 0.3179372 -0.1473388 0.9332282
1740547124.832563 9.9643574 -0.0892346 24.3104248 0.0833765 0.3104202 -0.1485274 0.9352151
1740547124.947924 10.0039148 -0.1182168 24.3533821 0.0882623 0.3043146 -0.1499268 0.9365492
1740547125.043671 10.0397263 -0.1401093 24.3860435 0.0942655 0.2965628 -0.1517148 0.9381616
1740547125.145750 10.0840340 -0.1648362 24.4192734 0.0992320 0.2895225 -0.1555005 0.9392281
1740547125.249428 10.1236420 -0.1991210 24.4684296 0.1056486 0.2839438 -0.1562353 0.9401090
1740547125.348434 10.1641693 -0.2489111 24.5302372 0.1097420 0.2791882 -0.1573639 0.9408758
1740547125.454602 10.1912651 -0.2774377 24.5901566 0.1153766 0.2742838 -0.1594207 0.9412979
1740547125.554886 10.2155762 -0.2956483 24.6252651 0.1219285 0.2676206 -0.1618301 0.9419786
1740547125.652740 10.2481737 -0.3358324 24.6818485 0.1261116 0.2637515 -0.1628997 0.9423347
1740547125.757159 10.2912989 -0.3615787 24.7388039 0.1315524 0.2582885 -0.1644386 0.9428366
1740547125.852868 10.3306074 -0.3996468 24.7960129 0.1365343 0.2542121 -0.1652881 0.9430877
1740547125.963378 10.3653479 -0.4351146 24.8604755 0.1415854 0.2505125 -0.1674898 0.9429445
1740547126.060420 10.3957901 -0.4784310 24.9245567 0.1457731 0.2472330 -0.1691985 0.9428669
1740547126.156591 10.4256229 -0.5145116 24.9836636 0.1503792 0.2445245 -0.1707101 0.9425773
1740547126.263354 10.4584293 -0.5500612 25.0514946 0.1548339 0.2417177 -0.1719620 0.9423524
1740547126.358757 10.4835758 -0.5919304 25.1173801 0.1588482 0.2397567 -0.1733694 0.9419273
1740547126.463750 10.5098095 -0.6265857 25.1759911 0.1636550 0.2373433 -0.1749206 0.9414287
1740547126.558301 10.5306005 -0.6687291 25.2452927 0.1685842 0.2360637 -0.1767668 0.9405354
1740547126.653075 10.5465813 -0.6975269 25.3093433 0.1746361 0.2359462 -0.1775318 0.9393158
1740547126.760023 10.5664225 -0.7286425 25.3731995 0.1801368 0.2353803 -0.1789385 0.9381514
1740547126.854252 10.5942888 -0.7676091 25.4250755 0.1852772 0.2329252 -0.1798510 0.9375883
1740547126.972015 10.6241121 -0.7995815 25.4773693 0.1890184 0.2313514 -0.1823202 0.9367539
1740547127.065171 10.6506844 -0.8301778 25.5371284 0.1953538 0.2308211 -0.1836688 0.9353204
1740547127.165706 10.6670065 -0.8697588 25.5929565 0.1991831 0.2319180 -0.1841414 0.9341478
1740547127.268134 10.7052155 -0.9127965 25.6540413 0.2046681 0.2298652 -0.1856145 0.9331775
1740547127.364738 10.7396345 -0.9513183 25.7061596 0.2104983 0.2292248 -0.1861699 0.9319267
1740547127.474886 10.7803211 -0.9985063 25.7648869 0.2152292 0.2281007 -0.1874456 0.9308656
1740547127.570075 10.8023510 -1.0255754 25.8044605 0.2202429 0.2281603 -0.1886419 0.9294354
1740547127.667958 10.8251972 -1.0547116 25.8496990 0.2246928 0.2285334 -0.1881506 0.9283776
1740547127.771122 10.8546095 -1.0996933 25.9125690 0.2303564 0.2283272 -0.1889877 0.9268691
1740547127.868671 10.8850937 -1.1406639 25.9688015 0.2349275 0.2287908 -0.1902015 0.9253579
1740547127.976605 10.9113150 -1.1843908 26.0333862 0.2399703 0.2291373 -0.1907483 0.9238644
1740547128.072336 10.9330978 -1.2124538 26.0788574 0.2456726 0.2303111 -0.1916582 0.9218833
1740547128.170106 10.9613142 -1.2544284 26.1334114 0.2497809 0.2305183 -0.1919896 0.9206578
1740547128.272086 10.9915123 -1.2950501 26.1940117 0.2546684 0.2318223 -0.1922957 0.9189259
1740547128.370198 11.0189114 -1.3344240 26.2523308 0.2596509 0.2326281 -0.1923904 0.9173067
1740547128.481013 11.0466185 -1.3771768 26.3174591 0.2643060 0.2337474 -0.1927949 0.9156061
1740547128.576514 11.0735998 -1.4173226 26.3833218 0.2696948 0.2349457 -0.1929223 0.9136992
1740547128.672462 11.1010761 -1.4680943 26.4434624 0.2730178 0.2357299 -0.1932368 0.9124430
1740547128.778698 11.1300745 -1.5163069 26.5077133 0.2785824 0.2362031 -0.1946282 0.9103405
1740547128.872895 11.1630983 -1.5540771 26.5709324 0.2831535 0.2371750 -0.1944036 0.9087240
1740547128.990102 11.1814737 -1.6116672 26.6101646 0.2852948 0.2389216 -0.1945187 0.9075714
1740547129.083815 11.2081375 -1.6766129 26.6770172 0.2895263 0.2395746 -0.1939229 0.9061856
1740547129.295875 11.2603273 -1.7777882 26.7944336 0.2956161 0.2421892 -0.1940983 0.9034830
1740547129.395428 11.2909660 -1.8115168 26.8488503 0.2981432 0.2423532 -0.1948976 0.9024358
1740547129.497304 11.3215380 -1.8346524 26.9236526 0.3031573 0.2437074 -0.1959290 0.9001746
1740547129.688763 11.3592281 -1.9690547 27.0210037 0.3059575 0.2464301 -0.1945831 0.8987767
1740547129.887254 11.4080343 -2.0604882 27.1371746 0.3113191 0.2470216 -0.1946017 0.8967670
1740547130.003329 11.4341764 -2.1023641 27.2014294 0.3127241 0.2477589 -0.1950624 0.8959743
1740547130.194823 11.4743481 -2.2254434 27.3085384 0.3157510 0.2498128 -0.1947337 0.8944125
1740547130.309820 11.5002689 -2.2528858 27.3763027 0.3180523 0.2508505 -0.1949635 0.8932558
1740547130.405817 11.5309124 -2.2609391 27.4432297 0.3210441 0.2512368 -0.1949149 0.8920868
1740547131.013942 11.7339659 -2.6727424 27.7599010 0.3237807 0.2505727 -0.1968532 0.8908582
1740547131.216414 11.7857981 -2.7848310 27.8577690 0.3236908 0.2500930 -0.1977543 0.8908260
1740547131.325809 11.7976456 -2.8482566 27.9152298 0.3242035 0.2510468 -0.1968227 0.8905776
1740547131.426371 11.8237247 -2.9024425 27.9685593 0.3245970 0.2513310 -0.1968071 0.8903575
1740547131.628258 11.8787632 -3.0223789 28.0893784 0.3246176 0.2507519 -0.1970065 0.8904692
1740547131.833519 11.9214001 -3.1224737 28.2155724 0.3247843 0.2516086 -0.1963832 0.8903044
1740547132.037860 11.9717607 -3.2410760 28.3292389 0.3244111 0.2512298 -0.1965613 0.8905081
1740547132.351326 12.0430460 -3.4110723 28.4962273 0.3238959 0.2514901 -0.1959912 0.8907478
1740547132.571835 12.1103334 -3.5290375 28.6101151 0.3221797 0.2504089 -0.1963205 0.8916019
1740547132.784065 12.1611595 -3.6437459 28.7264862 0.3213998 0.2517629 -0.1955295 0.8916758
1740547133.101523 12.2508965 -3.7939348 28.9021759 0.3204083 0.2510278 -0.1955322 0.8922392
1740547133.313449 12.3036547 -3.9091225 29.0040150 0.3184653 0.2508465 -0.1948520 0.8931341
1740547133.518505 12.3436766 -4.0200438 29.1151237 0.3171972 0.2510678 -0.1951997 0.8934472
1740547133.621521 12.3637905 -4.0743871 29.1723900 0.3163304 0.2510718 -0.1950288 0.8937907
1740547133.724289 12.3894873 -4.1319470 29.2346210 0.3152258 0.2508148 -0.1949120 0.8942785
1740547135.101317 12.7611494 -4.8082371 30.0041466 0.2938615 0.2370155 -0.1959250 0.9050317
1740547135.203423 12.7783804 -4.8599386 30.0713081 0.2912280 0.2363944 -0.1960658 0.9060145
1740547135.417191 12.8169708 -4.9569178 30.1993427 0.2863770 0.2342852 -0.1964005 0.9080339
1740547135.524717 12.8242292 -5.0124860 30.2677097 0.2838384 0.2338906 -0.1962923 0.9089556
1740547135.732001 12.8827305 -5.1066875 30.3963776 0.2792543 0.2309289 -0.1959217 0.9112100
1740547135.944313 12.9290724 -5.2016521 30.5331402 0.2739570 0.2291981 -0.1959551 0.9132456
1740547136.158334 12.9682293 -5.2921147 30.6752548 0.2689949 0.2282824 -0.1957435 0.9149936
1740547136.377218 13.0332470 -5.3799043 30.8032837 0.2650298 0.2261862 -0.1954644 0.9167294
1740547136.479930 13.0519676 -5.4205980 30.8781815 0.2631886 0.2263371 -0.1948934 0.9173439
1740547137.561068 13.3427134 -5.8903685 31.5315552 0.2573411 0.2303197 -0.1925943 0.9184965
1740547137.771633 13.4045000 -5.9884210 31.6601524 0.2596878 0.2305024 -0.1930042 0.9177038
1740547137.978824 13.4625778 -6.0865626 31.7851715 0.2636611 0.2300777 -0.1938671 0.9164948
1740547138.189887 13.5344763 -6.1898890 31.8999691 0.2694419 0.2277262 -0.1952329 0.9151098
1740547138.620668 13.6520643 -6.3840199 32.1564484 0.2851804 0.2194858 -0.2009539 0.9111068
1740547138.856836 13.6851187 -6.4834032 32.2893944 0.2949611 0.2133671 -0.2046925 0.9086108
1740547139.181810 13.7255983 -6.6568131 32.4841995 0.3127265 0.2015951 -0.2115076 0.9037843
1740547139.392372 13.7308083 -6.7826347 32.5985107 0.3261690 0.1937980 -0.2163871 0.8995737
1740547139.715184 13.7373219 -6.9836197 32.7649078 0.3471431 0.1812385 -0.2235473 0.8925642
1740547140.146486 13.7520599 -7.2464786 32.9882202 0.3763200 0.1680007 -0.2321013 0.8810720
1740547140.565437 13.7890205 -7.5229425 33.1890526 0.4049987 0.1585818 -0.2377772 0.8684986
1740547141.083315 13.7909851 -7.8884468 33.4187546 0.4372010 0.1538257 -0.2422450 0.8523558
1740547141.483840 13.8069830 -8.1803503 33.5962219 0.4580362 0.1508164 -0.2434573 0.8415378
1740547141.784060 13.8126230 -8.4104223 33.7011528 0.4704821 0.1496079 -0.2442981 0.8346152
1740547142.085462 13.8095121 -8.6526661 33.7961578 0.4791812 0.1465150 -0.2462851 0.8296158
1740547142.384249 13.8058329 -8.8847980 33.8972931 0.4835947 0.1414152 -0.2495342 0.8269647
1740547142.686606 13.7980242 -9.0978985 34.0295944 0.4848036 0.1350244 -0.2532721 0.8261883
1740547143.091143 13.7865496 -9.3863621 34.2137909 0.4804851 0.1223111 -0.2604273 0.8284635
1740547143.395741 13.7496376 -9.5950651 34.3480835 0.4739247 0.1114442 -0.2673140 0.8315761
1740547143.697984 13.7022667 -9.8058176 34.4857903 0.4645717 0.0994964 -0.2741895 0.8361182
1740547143.903760 13.6912060 -9.9405422 34.5831070 0.4575687 0.0911302 -0.2793504 0.8392196
1740547144.207542 13.6609116 -10.1221819 34.7526855 0.4461210 0.0799058 -0.2856734 0.8443825
1740547144.510788 13.6339703 -10.3180580 34.9126282 0.4339690 0.0675800 -0.2934500 0.8491119
1740547144.916680 13.5515156 -10.5625334 35.1309204 0.4175085 0.0524746 -0.3017676 0.8554937
1740547145.216511 13.4982471 -10.7432117 35.3019371 0.4043051 0.0414487 -0.3085884 0.8599957
1740547145.521426 13.4491673 -10.9000607 35.4939003 0.3914991 0.0310198 -0.3138591 0.8644413
1740547145.816972 13.3907881 -11.0658312 35.6739273 0.3790888 0.0208345 -0.3196452 0.8681501
1740547146.330541 13.2885723 -11.3123951 35.9898071 0.3585991 0.0054503 -0.3282561 0.8738564
1740547146.535545 13.2466345 -11.3864946 36.1284332 0.3508359 0.0001642 -0.3305030 0.8761746
1740547146.927778 13.1673689 -11.5868979 36.3908310 0.3349832 -0.0113539 -0.3372600 0.8797233
1740547147.350667 13.0583229 -11.7702551 36.6483727 0.3196840 -0.0216630 -0.3424553 0.8832086
1740547147.656289 13.0046444 -11.8840446 36.8632011 0.3093246 -0.0293001 -0.3454987 0.8854889
1740547147.858928 12.9446487 -11.9605160 36.9966545 0.3019059 -0.0337759 -0.3479498 0.8869289
1740547148.070101 12.8954124 -12.0250597 37.1393166 0.2962784 -0.0387791 -0.3503004 0.8876964
1740547148.372349 12.8203802 -12.1313553 37.3586197 0.2873560 -0.0440808 -0.3535065 0.8891100
1740547148.673323 12.7366104 -12.2313795 37.5730858 0.2794718 -0.0479909 -0.3556032 0.8905834
1740547148.880745 12.6952505 -12.2731762 37.7200394 0.2761227 -0.0508847 -0.3574933 0.8907107
1740547149.082118 12.6470280 -12.3282909 37.8678169 0.2725997 -0.0515218 -0.3577324 0.8916627
1740547149.179141 12.6253319 -12.3389301 37.9473724 0.2728378 -0.0507611 -0.3582103 0.8914416
1740547149.282791 12.6103210 -12.3416176 38.0308914 0.2728116 -0.0505807 -0.3594730 0.8909515
1740547149.385071 12.5996294 -12.3432865 38.0953484 0.2729555 -0.0510055 -0.3604195 0.8905008
1740547149.481395 12.5727139 -12.3731432 38.1623497 0.2723603 -0.0502657 -0.3601132 0.8908489
1740547149.685236 12.5356855 -12.5036297 38.2981453 0.2689954 -0.0503709 -0.3618317 0.8911690
1740547149.784984 12.5195637 -12.5122414 38.3772125 0.2687002 -0.0491609 -0.3613071 0.8915384
1740547149.884982 12.5087614 -12.5081196 38.4547577 0.2695586 -0.0485246 -0.3607465 0.8915411
1740547149.979961 12.4864683 -12.5136433 38.5351791 0.2702661 -0.0466026 -0.3615177 0.8911169
1740547150.081243 12.4590855 -12.5660458 38.6026497 0.2693545 -0.0451309 -0.3611099 0.8916339
1740547150.176466 12.4288483 -12.6072178 38.6731224 0.2681067 -0.0433750 -0.3604925 0.8923467
1740547150.277154 12.4154711 -12.6356277 38.7435455 0.2673440 -0.0422126 -0.3611991 0.8923455
1740547150.381653 12.4002333 -12.6315670 38.8306694 0.2687589 -0.0401891 -0.3610055 0.8920922
1740547150.475804 12.3879566 -12.6687164 38.9041290 0.2684241 -0.0388558 -0.3610119 0.8922495
1740547150.578868 12.3695831 -12.7060156 38.9780502 0.2682019 -0.0369464 -0.3606366 0.8925492
1740547150.675514 12.3543997 -12.7471285 39.0471230 0.2678924 -0.0352024 -0.3601311 0.8929166
1740547150.771723 12.3403196 -12.7885571 39.1228256 0.2688991 -0.0326349 -0.3596303 0.8929135
1740547150.879081 12.3181448 -12.8298120 39.1938286 0.2693868 -0.0293799 -0.3588845 0.8931794
1740547150.975632 12.3046293 -12.8821716 39.2592049 0.2697843 -0.0265929 -0.3579497 0.8935218
1740547151.078822 12.2903576 -12.9230289 39.3276596 0.2705904 -0.0239844 -0.3570545 0.8937101
1740547151.176074 12.2757435 -12.9739380 39.3945961 0.2713823 -0.0209125 -0.3561040 0.8939263
1740547151.274409 12.2623901 -13.0111046 39.4624596 0.2737846 -0.0181049 -0.3556481 0.8934364
1740547151.478163 12.2220602 -13.0919886 39.6113167 0.2787280 -0.0089886 -0.3533690 0.8929504
1740547151.683628 12.1816721 -13.1370811 39.7695160 0.2860574 0.0020816 -0.3491885 0.8923196
1740547151.883985 12.1275930 -13.2066879 39.9041595 0.2943361 0.0142799 -0.3447129 0.8912550
1740547151.982747 12.0985670 -13.2294064 39.9813690 0.3003367 0.0214226 -0.3418279 0.8902205
1740547152.083592 12.0879421 -13.2696419 40.0461578 0.3062682 0.0295402 -0.3388854 0.8890916
1740547152.280436 12.1015739 -13.4198742 40.1489983 0.3226875 0.0467127 -0.3328227 0.8848275
1740547152.385657 12.0917606 -13.4908113 40.1915741 0.3314423 0.0568477 -0.3286816 0.8825433
1740547152.482540 12.0783005 -13.5551720 40.2459373 0.3410956 0.0672460 -0.3243890 0.8797179
1740547152.584273 12.0728779 -13.6139889 40.3082199 0.3518251 0.0779562 -0.3203485 0.8760815
1740547152.684985 12.0733032 -13.6704922 40.3737831 0.3629148 0.0891281 -0.3154644 0.8722564
1740547152.786836 12.0839043 -13.7204838 40.4438324 0.3747821 0.1006216 -0.3106440 0.8677062
1740547152.885058 12.0929136 -13.7729187 40.5064850 0.3869054 0.1130312 -0.3049118 0.8628771
1740547152.985394 12.1062984 -13.8329077 40.5611191 0.3997465 0.1252198 -0.2993480 0.8572710
1740547153.085686 12.1171703 -13.8963814 40.6035347 0.4128267 0.1376399 -0.2933899 0.8512060
1740547153.185597 12.1294794 -13.9668846 40.6375809 0.4264316 0.1499512 -0.2875322 0.8443909
1740547153.384885 12.1578617 -14.1193256 40.6825867 0.4537612 0.1742012 -0.2758459 0.8292549
1740547153.590322 12.1815481 -14.2847300 40.6983948 0.4796760 0.1973251 -0.2634367 0.8133725
1740547154.002954 12.2351170 -14.6440401 40.6830750 0.5258766 0.2370055 -0.2412980 0.7804213
1740547154.613837 12.3324261 -15.2052193 40.6324348 0.5654051 0.2716147 -0.2187767 0.7474486
1740547155.017330 12.4209042 -15.5512257 40.6666641 0.5685818 0.2768253 -0.2156626 0.7440243
1740547155.526714 12.5075607 -15.9395866 40.8242645 0.5465737 0.2694829 -0.2176465 0.7624081
1740547155.852780 12.5363989 -16.1697311 40.9456711 0.5225289 0.2581529 -0.2243915 0.7810051
1740547156.054772 12.5467930 -16.3223419 41.0288239 0.5025437 0.2486351 -0.2282579 0.7959452
1740547156.357128 12.5705519 -16.5526295 41.1490021 0.4688372 0.2307130 -0.2383374 0.8186321
1740547156.654725 12.6088200 -16.7674637 41.2902260 0.4300295 0.2123307 -0.2457189 0.8423851
1740547157.054761 12.6716003 -17.0353222 41.4918671 0.3710770 0.1867326 -0.2553782 0.8730491
1740547157.350225 12.6880779 -17.1423645 41.7300797 0.3228748 0.1698980 -0.2596573 0.8941279
1740547157.640697 12.7166510 -17.2257137 41.9783592 0.2723230 0.1545125 -0.2615581 0.9129915
1740547157.843382 12.7337818 -17.2889290 42.1366844 0.2392067 0.1453904 -0.2627147 0.9233758
1740547158.040469 12.7574387 -17.3372822 42.3007698 0.2056959 0.1375653 -0.2621346 0.9327649
1740547158.237343 12.7846985 -17.3848495 42.4647827 0.1732757 0.1298213 -0.2615938 0.9405800
1740547158.435567 12.8131886 -17.4126949 42.6318283 0.1431817 0.1244303 -0.2598712 0.9468279
1740547158.728687 12.8600712 -17.4496632 42.8860207 0.1004583 0.1170374 -0.2565359 0.9541487
1740547159.026203 12.9176502 -17.4676723 43.1336823 0.0630519 0.1112097 -0.2543658 0.9586213
1740547159.224835 12.9451857 -17.4851589 43.2853622 0.0388812 0.1088245 -0.2507073 0.9611407
1740547159.428932 12.9873877 -17.5011311 43.4158516 0.0155298 0.1033449 -0.2490496 0.9628359
1740547159.625706 13.0250740 -17.5020218 43.5472145 -0.0039287 0.1016701 -0.2474936 0.9635324
1740547159.720788 13.0398216 -17.5022469 43.5908852 -0.0149990 0.1014695 -0.2495139 0.9629236
1740547159.923450 13.0727100 -17.4956722 43.6919136 -0.0320104 0.0980402 -0.2446623 0.9641078
1740547160.020684 13.0955076 -17.4831543 43.7142639 -0.0394298 0.0961952 -0.2452231 0.9638762
1740547160.120637 13.1152754 -17.4899845 43.7523766 -0.0492564 0.0941905 -0.2460186 0.9634194
1740547160.216824 13.1356306 -17.4695091 43.7808418 -0.0538760 0.0929391 -0.2480558 0.9627710
1740547160.314222 13.1494417 -17.4564629 43.8042030 -0.0602064 0.0910575 -0.2496888 0.9621534
1740547160.411493 13.1602440 -17.4405975 43.8214302 -0.0652679 0.0905100 -0.2512969 0.9614561
1740547160.610678 13.1837626 -17.4482288 43.9137421 -0.0760245 0.0877345 -0.2525081 0.9606053
1740547160.709288 13.1870441 -17.4347916 43.9781380 -0.0793564 0.0892161 -0.2540980 0.9597798
1740547160.821735 13.2012882 -17.4229393 44.0273819 -0.0828552 0.0876610 -0.2559164 0.9591441
1740547160.916578 13.2226048 -17.4039841 44.0962448 -0.0844429 0.0856656 -0.2562461 0.9590979
1740547161.011426 13.2413979 -17.3896179 44.1645317 -0.0868919 0.0841340 -0.2572189 0.9587542
1740547161.114306 13.2596493 -17.3823318 44.2445946 -0.0905345 0.0831263 -0.2565304 0.9586896
1740547161.324257 13.2713327 -17.3315601 44.3248711 -0.0917359 0.0799880 -0.2546026 0.9593560
1740547161.421215 13.2900457 -17.3034725 44.3839531 -0.0882001 0.0781928 -0.2555521 0.9595831
1740547161.515310 13.3072720 -17.2876797 44.4612961 -0.0889477 0.0766019 -0.2544430 0.9599371
1740547161.620123 13.3236380 -17.2695942 44.5347137 -0.0885783 0.0749698 -0.2547416 0.9600209
1740547161.714081 13.3387308 -17.2409916 44.6002922 -0.0852878 0.0734064 -0.2548100 0.9604214
1740547161.826975 13.3519239 -17.2333755 44.6786766 -0.0850025 0.0716572 -0.2557999 0.9603157
1740547162.018617 13.3828974 -17.2111359 44.8213196 -0.0810644 0.0684848 -0.2540913 0.9613407
1740547162.217063 13.3975706 -17.1787643 44.9655380 -0.0749442 0.0636612 -0.2577467 0.9611958
1740547162.420462 13.4129677 -17.1588478 45.1284180 -0.0693340 0.0602053 -0.2584923 0.9616392
1740547162.620565 13.4311790 -17.1440086 45.2885056 -0.0631318 0.0561360 -0.2587900 0.9622322
1740547162.715790 13.4377956 -17.1416245 45.3662834 -0.0608951 0.0538206 -0.2578906 0.9627500
1740547162.817449 13.4480610 -17.1230679 45.4264336 -0.0557280 0.0527359 -0.2590624 0.9628084
1740547162.916281 13.4632502 -17.1035957 45.4738159 -0.0501075 0.0503582 -0.2588015 0.9633147
1740547163.116809 13.4671793 -17.0924454 45.6161270 -0.0427642 0.0485254 -0.2621859 0.9628474
1740547163.212118 13.4871407 -17.0908260 45.6840553 -0.0383446 0.0477801 -0.2625495 0.9629717
1740547163.315988 13.4945688 -17.0721264 45.7263222 -0.0324407 0.0476643 -0.2632553 0.9630017
1740547163.412975 13.5008650 -17.0493927 45.7785492 -0.0252987 0.0466475 -0.2659928 0.9625133
1740547163.511757 13.4931326 -17.0347729 45.8137512 -0.0203659 0.0473999 -0.2689393 0.9617745
1740547163.616388 13.4818344 -17.0149727 45.8402214 -0.0131047 0.0492008 -0.2724975 0.9608083
1740547163.712660 13.4728203 -16.9993763 45.8848381 -0.0074005 0.0510622 -0.2727745 0.9606935
1740547163.817750 13.4964647 -16.9810104 45.9218330 -0.0002230 0.0480387 -0.2736597 0.9606261
1740547163.920664 13.5200348 -16.9614601 45.9442749 0.0077458 0.0450427 -0.2748622 0.9603968
1740547164.016315 13.5316420 -16.9451580 45.9850960 0.0139767 0.0442329 -0.2764618 0.9599047
1740547164.118134 13.5261688 -16.9437027 46.0234375 0.0182656 0.0444598 -0.2781880 0.9593233
1740547164.213386 13.5193539 -16.9394207 46.0571556 0.0250451 0.0454488 -0.2813237 0.9582089
1740547164.317354 13.5197496 -16.9525795 46.0661125 0.0270853 0.0449422 -0.2838475 0.9574326
1740547164.416660 13.5194664 -16.9603271 46.1028252 0.0302190 0.0434059 -0.2835025 0.9575119
1740547164.512332 13.5202465 -16.9387817 46.1276703 0.0398589 0.0433718 -0.2857781 0.9564837
1740547164.617434 13.4940186 -16.9380684 46.1584320 0.0415778 0.0487951 -0.2879497 0.9554974
1740547164.712605 13.4995317 -16.9226894 46.1743088 0.0505210 0.0485636 -0.2880826 0.9550381
1740547164.818508 13.4893932 -16.9584084 46.1853867 0.0480644 0.0476994 -0.2942428 0.9533288
1740547164.917890 13.5082960 -16.9450645 46.2316437 0.0541824 0.0461361 -0.2962746 0.9524480
1740547165.013207 13.5077000 -16.9523239 46.2818565 0.0575463 0.0460639 -0.2977816 0.9517840
1740547165.118745 13.5291843 -16.9674892 46.3262520 0.0628015 0.0439277 -0.2934792 0.9528884
1740547165.413107 13.5339279 -16.9716034 46.3429871 0.0671471 0.0421675 -0.2936283 0.9526256
1740547165.509779 13.5259590 -16.9716778 46.3873024 0.0700583 0.0437956 -0.2949854 0.9519230
1740547165.611801 13.5006161 -16.9833870 46.4003906 0.0704126 0.0468313 -0.2974344 0.9509899
1740547165.710495 13.4816427 -16.9962158 46.4187622 0.0722727 0.0485996 -0.3004532 0.9498119
1740547165.807168 13.5048466 -16.9988155 46.4384689 0.0757635 0.0461343 -0.3004941 0.9496499
1740547165.916524 13.4940186 -17.0061798 46.4561043 0.0781997 0.0480771 -0.3003919 0.9493883
1740547166.012663 13.4658585 -17.0207882 46.4849472 0.0775741 0.0500755 -0.3022632 0.9487422
1740547166.116017 13.4430447 -17.0212955 46.5240593 0.0806795 0.0530130 -0.3028131 0.9481480
1740547166.211241 13.4304876 -17.0239506 46.5369987 0.0842848 0.0550808 -0.3035598 0.9474775
1740547166.307931 13.4265985 -17.0357056 46.5483589 0.0852641 0.0550271 -0.3052884 0.9468374
1740547166.412807 13.4161682 -17.0276756 46.5717659 0.0914173 0.0585037 -0.3073907 0.9453736
1740547166.509773 13.4119759 -17.0392513 46.5822678 0.0924113 0.0584094 -0.3074720 0.9452564
1740547166.612091 13.3885908 -17.0638313 46.5815125 0.0908049 0.0633672 -0.3098319 0.9443216
1740547166.709774 13.3835907 -17.0413914 46.5984001 0.1001595 0.0667185 -0.3092937 0.9433209
1740547166.807450 13.3581142 -17.0692654 46.6125717 0.0975815 0.0710622 -0.3140909 0.9416873
1740547166.914217 13.3332806 -17.0868397 46.6344223 0.0971044 0.0762003 -0.3166776 0.9404677
1740547167.013978 13.3117027 -17.1014729 46.6464081 0.0972546 0.0803915 -0.3208142 0.9386997
1740547167.119662 13.2757263 -17.1211014 46.6737671 0.0949598 0.0860811 -0.3255999 0.9367803
1740547167.214828 13.2605686 -17.1311474 46.7203217 0.0970061 0.0882975 -0.3248447 0.9366266
1740547167.319824 13.2685604 -17.1447983 46.7761688 0.0997174 0.0891383 -0.3252646 0.9361163
1740547167.422126 13.2709084 -17.1429539 46.8320236 0.1044210 0.0909048 -0.3258400 0.9352331
1740547167.518193 13.2631483 -17.1726265 46.9057617 0.1033537 0.0949401 -0.3249930 0.9352455
1740547167.621717 13.2631416 -17.1961555 46.9745369 0.1045590 0.0969848 -0.3235742 0.9353936
1740547167.718331 13.2690868 -17.2251167 47.0450859 0.1043102 0.0994173 -0.3249522 0.9346880
1740547167.820539 13.2860069 -17.2408142 47.1089821 0.1071301 0.1000234 -0.3253818 0.9341547
1740547167.923237 13.2931499 -17.2626915 47.1900177 0.1100136 0.1035698 -0.3245841 0.9337106
1740547168.017088 13.3060398 -17.2914257 47.2673187 0.1114242 0.1055887 -0.3255903 0.9329666
1740547168.118578 13.3171120 -17.3141384 47.3410034 0.1130861 0.1075447 -0.3262928 0.9322976
1740547168.212804 13.3244133 -17.3428688 47.4175301 0.1137973 0.1102041 -0.3261701 0.9319433
1740547168.308726 13.3321724 -17.3693771 47.4951439 0.1148408 0.1128232 -0.3250987 0.9318763
1740547168.414403 13.3435965 -17.3971767 47.5709000 0.1153842 0.1160289 -0.3251655 0.9313921
1740547168.512069 13.3601408 -17.4299927 47.6467323 0.1150436 0.1181297 -0.3248812 0.9312693
1740547168.613680 13.3727074 -17.4527321 47.7247429 0.1161207 0.1208837 -0.3241231 0.9310464
1740547168.711685 13.3883553 -17.4817810 47.8021698 0.1164456 0.1229540 -0.3239388 0.9307988
1740547168.913646 13.4142723 -17.5249786 47.9581871 0.1165714 0.1298656 -0.3232119 0.9300968
1740547169.113606 13.4444065 -17.5842018 48.1106567 0.1159289 0.1352566 -0.3221056 0.9297925
1740547169.408857 13.4909439 -17.6681900 48.3475990 0.1110708 0.1450578 -0.3197337 0.9297268
1740547169.708837 13.5591040 -17.7384357 48.5815887 0.1059657 0.1537270 -0.3173081 0.9297606
1740547169.910778 13.5987129 -17.7895851 48.7383461 0.0993152 0.1607860 -0.3155219 0.9299088
1740547170.644293 13.6698999 -17.8597279 48.9741173 0.0869840 0.1718516 -0.3123346 0.9302408
1740547171.042542 13.7827311 -17.9433651 49.2868652 0.0638986 0.1875060 -0.3059495 0.9312108
1740547171.451369 13.9089594 -18.0032387 49.5997543 0.0305486 0.2046729 -0.2989331 0.9315658
1740547171.954903 14.1014986 -18.0450077 49.9837570 -0.0217126 0.2292420 -0.2859519 0.9301656
1740547172.464197 14.3363295 -18.0084839 50.3383484 -0.0840226 0.2559679 -0.2693151 0.9246026
1740547172.765223 14.5025063 -17.9619560 50.5321426 -0.1239446 0.2704749 -0.2583215 0.9191034
1740547173.098340 14.6610489 -17.8926392 50.7114067 -0.1625502 0.2849839 -0.2460593 0.9120397
1740547173.296572 14.7840052 -17.8393364 50.8195953 -0.1872894 0.2933342 -0.2386433 0.9066020
1740547173.604849 14.9598484 -17.7457867 50.9783020 -0.2208475 0.3049623 -0.2276337 0.8980018
1740547173.902069 15.1293154 -17.6333923 51.1365700 -0.2492680 0.3152891 -0.2190734 0.8890811
1740547174.110529 15.2610455 -17.5756855 51.2302933 -0.2662641 0.3203925 -0.2137965 0.8835967
1740547174.413224 15.4375401 -17.4659824 51.3697586 -0.2873549 0.3302457 -0.2064777 0.8750611
1740547174.715567 15.6231127 -17.3519173 51.5097427 -0.3003240 0.3386715 -0.2029891 0.8682756
1740547175.019086 15.8169203 -17.2468872 51.6371498 -0.3077218 0.3454632 -0.2015738 0.8633253
1740547175.220903 15.9483013 -17.1759872 51.7214851 -0.3096882 0.3496580 -0.2012042 0.8610165
1740547175.515979 16.1442051 -17.0656910 51.8473358 -0.3086548 0.3549090 -0.2045457 0.8584480
1740547175.823540 16.3266106 -16.9598427 52.0000763 -0.2999248 0.3618131 -0.2100974 0.8573188
1740547176.133033 16.5196819 -16.8822536 52.1423035 -0.2875745 0.3668216 -0.2173881 0.8576043
1740547176.436682 16.7220516 -16.8155212 52.2864151 -0.2699307 0.3720518 -0.2265726 0.8587082
1740547176.743550 16.9174957 -16.7534637 52.4382019 -0.2477673 0.3773814 -0.2380755 0.8599504
1740547177.046450 17.1146011 -16.7231674 52.5993576 -0.2246134 0.3816018 -0.2496274 0.8611708
1740547177.357389 17.3024349 -16.7084618 52.7584877 -0.1990279 0.3848957 -0.2619792 0.8623284
1740547177.558938 17.4220867 -16.7017059 52.8643036 -0.1813212 0.3873558 -0.2704436 0.8625186
1740547177.763927 17.5491161 -16.7009296 52.9630890 -0.1635598 0.3880290 -0.2783048 0.8632659
1740547177.977216 17.6655312 -16.7168255 53.0867500 -0.1488533 0.3907496 -0.2873634 0.8617306
1740547178.189509 17.7804871 -16.7040977 53.1790428 -0.1300956 0.3920792 -0.2945513 0.8617358
1740547178.286817 17.8080368 -16.6917801 53.2209244 -0.1199161 0.3949161 -0.3013721 0.8595558
1740547178.393501 17.8466301 -16.6906223 53.2605171 -0.1131516 0.3961400 -0.3039422 0.8590046
1740547178.491401 17.8785648 -16.6611900 53.2976227 -0.1025461 0.3978662 -0.3146224 0.8556867
1740547178.594469 17.8910255 -16.6246490 53.3360748 -0.0880639 0.4035127 -0.3233855 0.8513777
1740547178.796224 17.9182644 -16.5706978 53.4082565 -0.0647415 0.4127327 -0.3364344 0.8439621
1740547178.903130 17.9391556 -16.5323982 53.4319649 -0.0488626 0.4155392 -0.3449322 0.8402151
1740547179.000005 17.9675064 -16.5182323 53.4667397 -0.0414412 0.4170920 -0.3491309 0.8381077
1740547179.110712 17.9740562 -16.5039806 53.4988594 -0.0323035 0.4228458 -0.3536422 0.8337237
1740547179.210215 17.9901752 -16.4944935 53.5398102 -0.0274023 0.4270398 -0.3589857 0.8294669
1740547179.307512 17.9969597 -16.4720154 53.5806122 -0.0194327 0.4332200 -0.3649647 0.8238589
1740547179.416213 18.0100937 -16.4551125 53.6312370 -0.0136940 0.4405099 -0.3688791 0.8183470
1740547179.517163 18.0193710 -16.4358635 53.6672783 -0.0063883 0.4455879 -0.3734491 0.8136009
1740547179.626031 18.0227394 -16.3903885 53.7415810 0.0041051 0.4576889 -0.3802206 0.8037016
1740547179.724355 18.0181179 -16.3468609 53.8042450 0.0134670 0.4703010 -0.3867440 0.7931360
1740547179.823411 18.0253220 -16.2923393 53.8721046 0.0256995 0.4832977 -0.3949565 0.7808792
1740547180.029341 17.9907246 -16.1611900 54.1198311 0.0444397 0.5313104 -0.4074805 0.7414137
1740547180.142462 17.9947186 -16.1283340 54.1812820 0.0536845 0.5426572 -0.4115680 0.7302417
1740547180.242646 18.0265045 -16.1159477 54.2858658 0.0603880 0.5584723 -0.4106022 0.7182394
1740547180.345852 18.0652199 -16.1520920 54.3378448 0.0616812 0.5651424 -0.4086831 0.7139941
1740547180.454921 18.1207676 -16.2311783 54.3546219 0.0609191 0.5638409 -0.4086770 0.7150912
1740547180.554952 18.1848660 -16.2631969 54.4010468 0.0649406 0.5672893 -0.4097929 0.7113616
1740547180.758087 18.2879925 -16.3628445 54.4844742 0.0645691 0.5774069 -0.4062005 0.7052895
1740547180.970612 18.3887901 -16.4734306 54.5561142 0.0654153 0.5837830 -0.4032928 0.7016218
1740547181.178212 18.4974232 -16.5711555 54.6306992 0.0671415 0.5931491 -0.3983439 0.6964110
1740547181.384224 18.6156979 -16.6710529 54.6924133 0.0676544 0.5997233 -0.3961887 0.6919460
1740547181.583525 18.6756115 -16.7197323 54.7160797 0.0682527 0.6003744 -0.3938798 0.6926405
