1740547078.431860 0.0000000 0.0000000 0.0000000 -0.0000000 -0.0000000 -0.0000000 1.0000000
1740547079.220779 0.0080995 -0.0040325 0.0801930 0.0001697 -0.0004974 -0.0001766 0.9999999
1740547079.397641 0.0129497 0.0062932 0.1625219 0.0005117 -0.0015297 0.0001615 0.9999987
1740547079.576678 0.0135500 -0.0049908 0.2430163 0.0004925 -0.0024652 0.0000082 0.9999968
1740547079.678143 0.0120548 0.0136345 0.3275532 0.0022055 -0.0039934 0.0001999 0.9999896
1740547079.773096 0.0136034 0.0092879 0.4072581 0.0025047 -0.0056406 0.0003657 0.9999809
1740547079.867484 0.0238547 0.0077965 0.4910346 0.0040832 -0.0079594 -0.0000367 0.9999600
1740547080.067243 0.0095050 -0.0010941 0.6550449 0.0068758 -0.0119814 0.0000037 0.9999046
1740547080.166527 0.0065367 -0.0040496 0.7354260 0.0085135 -0.0147977 0.0000211 0.9998543
1740547080.262791 0.0056159 -0.0040001 0.8182684 0.0102175 -0.0180070 0.0000584 0.9997857
1740547080.367325 -0.0088595 -0.0118086 0.8993907 0.0117640 -0.0206977 -0.0000201 0.9997166
1740547080.568766 -0.0233296 0.0011504 1.0676126 0.0164483 -0.0270116 0.0005640 0.9994997
1740547080.667293 -0.0300027 -0.0006318 1.1497713 0.0193086 -0.0309131 -0.0000851 0.9993356
1740547080.966930 -0.0682700 -0.0412250 1.3944575 0.0262348 -0.0416359 0.0001783 0.9987884
1740547081.169781 -0.0945293 -0.0684501 1.5527040 0.0310076 -0.0480426 0.0000390 0.9983639
1740547081.464507 -0.1068332 -0.1011963 1.7955079 0.0386285 -0.0576703 0.0001671 0.9975880
1740547081.771189 -0.1536403 -0.1197634 2.0402484 0.0460318 -0.0660938 0.0003400 0.9967510
1740547081.976437 -0.1725769 -0.1235932 2.2063730 0.0508978 -0.0718614 0.0007475 0.9961149
1740547082.282081 -0.2260284 -0.1540976 2.4435759 0.0572345 -0.0788402 0.0006628 0.9952427
1740547082.588627 -0.2709401 -0.1953824 2.6809158 0.0631411 -0.0853922 0.0007484 0.9943444
1740547082.891361 -0.3050115 -0.2307551 2.9222927 0.0695090 -0.0926561 0.0013791 0.9932681
1740547083.094476 -0.3326232 -0.2665705 3.0748527 0.0726301 -0.0973949 0.0006753 0.9925919
1740547083.400112 -0.3939190 -0.2855482 3.3121934 0.0779016 -0.1038549 0.0011229 0.9915363
1740547083.699883 -0.4565748 -0.3561269 3.5393436 0.0822733 -0.1109270 0.0006481 0.9904171
1740547083.999104 -0.5403881 -0.4279515 3.7568882 0.0858653 -0.1163813 0.0005420 0.9894859
1740547084.299621 -0.6283042 -0.4653940 3.9737740 0.0883846 -0.1192951 0.0007987 0.9889167
1740547084.620073 -0.6967774 -0.5045587 4.1975493 0.0888132 -0.1202919 0.0006022 0.9887577
1740547084.716517 -0.7107960 -0.5181674 4.2730322 0.0889157 -0.1206579 0.0007877 0.9887037
1740547084.815630 -0.7230663 -0.5260350 4.3450103 0.0889573 -0.1206321 0.0006967 0.9887032
1740547084.918427 -0.7518756 -0.5319116 4.4170580 0.0896428 -0.1195253 0.0005846 0.9887758
1740547085.015764 -0.7728654 -0.5498847 4.4979687 0.0892122 -0.1187943 0.0006551 0.9889028
1740547085.116682 -0.8062771 -0.5740067 4.5595765 0.0883075 -0.1170004 0.0006259 0.9891978
1740547085.216279 -0.8385068 -0.5927071 4.6290460 0.0877695 -0.1152638 0.0003521 0.9894497
1740547085.315369 -0.8666328 -0.6007456 4.6978312 0.0876833 -0.1133521 0.0006199 0.9896780
1740547085.419395 -0.8713467 -0.6154900 4.7818661 0.0871956 -0.1127383 0.0009602 0.9897909
1740547085.517340 -0.8853891 -0.6257806 4.8585057 0.0866939 -0.1117837 0.0007932 0.9899434
1740547085.620933 -0.9130032 -0.6435699 4.9320083 0.0864261 -0.1097649 0.0009943 0.9901925
1740547085.726092 -0.9518622 -0.6684767 4.9898696 0.0854661 -0.1071140 0.0001086 0.9905666
1740547085.827016 -0.9818217 -0.6807179 5.0548015 0.0853758 -0.1048947 0.0001343 0.9908118
1740547085.932173 -0.9926339 -0.6831325 5.1376953 0.0854363 -0.1038205 0.0002449 0.9909198
1740547086.033595 -1.0069600 -0.6838905 5.2139096 0.0856809 -0.1030311 0.0006128 0.9909809
1740547086.138141 -1.0149843 -0.6984321 5.2911530 0.0853688 -0.1022858 0.0006658 0.9910849
1740547086.236838 -1.0475421 -0.7200860 5.3557572 0.0846728 -0.1000072 0.0005213 0.9913772
1740547086.334854 -1.0788463 -0.7344044 5.4141359 0.0844507 -0.0985502 0.0003901 0.9915422
1740547086.447841 -1.0975196 -0.7470489 5.4829297 0.0843688 -0.0972412 0.0006958 0.9916782
1740547086.553195 -1.0903162 -0.7631871 5.5577288 0.0840837 -0.0973896 0.0011179 0.9916875
1740547086.668494 -1.0999632 -0.7772823 5.6322246 0.0842057 -0.0975573 0.0012110 0.9916605
1740547086.769775 -1.1091809 -0.7864083 5.7016354 0.0853228 -0.0977610 0.0010803 0.9915451
1740547086.870088 -1.1203427 -0.8180277 5.7754331 0.0842743 -0.0972056 0.0012335 0.9916891
1740547086.968773 -1.1127902 -0.8336473 5.8334742 0.0843982 -0.0983294 0.0008375 0.9915683
1740547087.067439 -1.1508876 -0.8393351 5.9077692 0.0855181 -0.0973775 0.0013031 0.9915658
1740547087.173782 -1.1582395 -0.8713244 5.9757981 0.0844511 -0.0974604 0.0017020 0.9916484
1740547087.273387 -1.1695232 -0.8704037 6.0524664 0.0857403 -0.0981853 0.0014805 0.9914666
1740547087.380057 -1.1797835 -0.8940716 6.1267843 0.0850296 -0.0980605 0.0015947 0.9915400
1740547087.480471 -1.2012080 -0.8998026 6.1970191 0.0861178 -0.0979145 0.0014905 0.9914607
1740547087.578785 -1.1844647 -0.9185324 6.2408175 0.0850736 -0.1001726 0.0014872 0.9913253
1740547087.682884 -1.2134347 -0.9226344 6.3110728 0.0848945 -0.0988920 0.0011391 0.9914696
1740547087.785687 -1.2217900 -0.9519344 6.3817010 0.0842771 -0.0989420 0.0007826 0.9915177
1740547087.891044 -1.2504344 -0.9654351 6.4533529 0.0846163 -0.0981525 0.0014038 0.9915665
1740547087.990544 -1.2567855 -0.9728834 6.5293298 0.0862919 -0.0987177 0.0010029 0.9913665
1740547088.089816 -1.2822267 -0.9862365 6.5824361 0.0862476 -0.0975772 0.0015752 0.9914826
1740547088.198541 -1.3085846 -1.0067642 6.6362834 0.0852269 -0.0960876 0.0010970 0.9917169
1740547088.296024 -1.3073136 -1.0279695 6.6795526 0.0843225 -0.0979161 0.0014259 0.9916149
1740547088.400576 -1.2770265 -1.0534966 6.7632036 0.0846820 -0.0995350 0.0014235 0.9914231
1740547088.502458 -1.2829819 -1.0634031 6.8316722 0.0850439 -0.0987891 0.0012395 0.9914669
1740547088.610648 -1.2796867 -1.0922834 6.9051280 0.0851117 -0.0987439 0.0006568 0.9914662
1740547088.713072 -1.3152573 -1.0936229 6.9819827 0.0864867 -0.0970297 0.0012587 0.9915159
1740547088.812032 -1.3302339 -1.1204922 7.0256233 0.0846663 -0.0954675 0.0020124 0.9918233
1740547088.916605 -1.3250424 -1.1539298 7.0878010 0.0828644 -0.0950881 0.0014877 0.9920129
1740547089.019812 -1.3231032 -1.1764925 7.1590905 0.0827065 -0.0944574 0.0012584 0.9920866
1740547089.120880 -1.3308821 -1.1885190 7.2294998 0.0832120 -0.0932769 0.0017621 0.9921553
1740547089.223330 -1.3261709 -1.2161028 7.2860336 0.0810161 -0.0932539 0.0014632 0.9923397
1740547089.324751 -1.3162348 -1.2274737 7.3197570 0.0792773 -0.0946590 0.0003186 0.9923481
1740547089.436091 -1.3332156 -1.2655175 7.3756676 0.0759701 -0.0927871 0.0007354 0.9927832
1740547089.550052 -1.3265628 -1.2832234 7.4244828 0.0748691 -0.0940552 0.0009563 0.9927474
1740547089.655622 -1.3178748 -1.3094611 7.4553318 0.0696868 -0.0952595 0.0009181 0.9930099
1740547089.756187 -1.3138258 -1.3387517 7.5017319 0.0650355 -0.0964553 0.0016808 0.9932089
1740547089.876171 -1.3175075 -1.3681924 7.5552969 0.0608812 -0.0969370 0.0013573 0.9934258
1740547089.973555 -1.3073773 -1.3876294 7.5959334 0.0564138 -0.0987683 0.0004133 0.9935100
1740547090.075046 -1.3232665 -1.4191277 7.6322699 0.0515045 -0.0988170 0.0005527 0.9937717
1740547090.184073 -1.3318179 -1.4415711 7.6649585 0.0476879 -0.0977782 -0.0008190 0.9940647
1740547090.285330 -1.3254514 -1.4592593 7.6927381 0.0438842 -0.1014870 -0.0008230 0.9938682
1740547090.392044 -1.3046554 -1.4715749 7.7298050 0.0393124 -0.1050420 -0.0019856 0.9936885
1740547090.495524 -1.3004553 -1.4847871 7.7626276 0.0362826 -0.1097651 -0.0015563 0.9932939
1740547090.606233 -1.2899761 -1.5072670 7.7987766 0.0297572 -0.1132443 -0.0019704 0.9931195
1740547090.716205 -1.2785294 -1.5119517 7.8154216 0.0270451 -0.1183473 -0.0014225 0.9926029
1740547090.816770 -1.2575604 -1.5006123 7.8435097 0.0287500 -0.1242695 -0.0006980 0.9918317
1740547090.921930 -1.2554351 -1.5071505 7.8789592 0.0277458 -0.1294810 -0.0011080 0.9911931
1740547091.020649 -1.2499193 -1.5323869 7.9031982 0.0209305 -0.1326374 -0.0024325 0.9909406
1740547091.126005 -1.2321814 -1.5524312 7.9253435 0.0159755 -0.1381686 -0.0042331 0.9902709
1740547091.227793 -1.2147830 -1.5588363 7.9673243 0.0144103 -0.1440246 -0.0047522 0.9894578
1740547091.434519 -1.1555142 -1.5632796 8.0110579 0.0104474 -0.1575254 -0.0079879 0.9874274
1740547091.649200 -1.1323073 -1.5879651 8.0504160 0.0061398 -0.1695488 -0.0106534 0.9854451
1740547091.753108 -1.1210617 -1.5867530 8.0775776 0.0060765 -0.1749291 -0.0093465 0.9845179
1740547091.850460 -1.0956275 -1.5947244 8.1002493 0.0058150 -0.1832358 -0.0091412 0.9830093
1740547091.959323 -1.0810297 -1.6039267 8.1329155 0.0052409 -0.1894566 -0.0099324 0.9818249
1740547092.058897 -1.0647880 -1.5995644 8.1510267 0.0070554 -0.1972279 -0.0099657 0.9802817
1740547092.165250 -1.0592656 -1.6030123 8.1671572 0.0070327 -0.2006572 -0.0112450 0.9795718
1740547092.262845 -1.0504541 -1.6008443 8.1739140 0.0086668 -0.2062613 -0.0103077 0.9784043
1740547092.374610 -1.0390702 -1.6120263 8.1799517 0.0060117 -0.2131996 -0.0119263 0.9769174
1740547092.470669 -1.0356340 -1.6173037 8.2130938 0.0085758 -0.2190948 -0.0105791 0.9756085
1740547092.571323 -1.0176814 -1.6204560 8.2338018 0.0072956 -0.2256513 -0.0125102 0.9741005
1740547092.691755 -1.0164363 -1.6083457 8.2904673 0.0074018 -0.2298683 -0.0143467 0.9730878
1740547092.792089 -1.0024351 -1.6206464 8.3133402 0.0044948 -0.2365740 -0.0149899 0.9714875
1740547092.902111 -1.0004512 -1.6382627 8.3364067 0.0001813 -0.2421535 -0.0162746 0.9701014
1740547093.003301 -0.9907511 -1.6526489 8.3632698 -0.0030228 -0.2474023 -0.0171452 0.9687564
1740547093.104820 -0.9776083 -1.6457192 8.4020243 -0.0047836 -0.2525818 -0.0194894 0.9673674
1740547093.215828 -0.9733791 -1.6428858 8.4320564 -0.0044031 -0.2579201 -0.0197229 0.9659549
1740547093.314763 -0.9736092 -1.6556031 8.4507895 -0.0101634 -0.2604947 -0.0217657 0.9651765
1740547093.422426 -0.9656569 -1.6545322 8.4642525 -0.0088249 -0.2631041 -0.0208021 0.9645028
1740547093.520914 -0.9590219 -1.6655490 8.4875860 -0.0135687 -0.2673240 -0.0234392 0.9632261
1740547093.629517 -0.9573600 -1.6783693 8.5114603 -0.0174348 -0.2710580 -0.0251998 0.9620751
1740547093.732460 -0.9519161 -1.6895508 8.5219469 -0.0240938 -0.2743243 -0.0290664 0.9608958
1740547093.830217 -0.9445453 -1.6990185 8.5258436 -0.0281878 -0.2773820 -0.0325674 0.9597937
1740547093.937599 -0.9377929 -1.7044570 8.5343704 -0.0334470 -0.2792049 -0.0358521 0.9589789
1740547094.037607 -0.9432404 -1.6976974 8.5662003 -0.0343053 -0.2768748 -0.0363379 0.9596057
1740547094.140042 -0.9452966 -1.6944420 8.5962610 -0.0381855 -0.2752203 -0.0370613 0.9599074
1740547094.240745 -0.9476026 -1.6918631 8.6247721 -0.0423218 -0.2725755 -0.0383560 0.9604375
1740547094.340136 -0.9638299 -1.6944718 8.6369915 -0.0438007 -0.2683612 -0.0395635 0.9615085
1740547094.450107 -0.9853768 -1.6999267 8.6426935 -0.0462633 -0.2622751 -0.0397826 0.9630622
1740547094.547053 -1.0043459 -1.6978271 8.6555634 -0.0461489 -0.2556073 -0.0409816 0.9648086
1740547094.659033 -1.0218275 -1.6905057 8.6675386 -0.0438114 -0.2478996 -0.0417199 0.9668949
1740547094.761464 -1.0338149 -1.6933270 8.6822176 -0.0456816 -0.2407898 -0.0424191 0.9685733
1740547094.860910 -1.0523731 -1.6853507 8.6872997 -0.0462535 -0.2323696 -0.0423090 0.9706054
1740547094.964590 -1.0652907 -1.6757438 8.7024040 -0.0424878 -0.2233422 -0.0435281 0.9728404
1740547095.063426 -1.0818621 -1.6766831 8.7332764 -0.0450588 -0.2156054 -0.0437945 0.9744568
1740547095.173173 -1.1000217 -1.6745332 8.7731800 -0.0461795 -0.2073760 -0.0442586 0.9761679
1740547095.268901 -1.1169107 -1.6732789 8.8104000 -0.0473859 -0.1988739 -0.0444774 0.9778678
1740547095.372622 -1.1347271 -1.6779886 8.8508511 -0.0492271 -0.1899690 -0.0453056 0.9795080
1740547095.484210 -1.1561506 -1.6738174 8.8889656 -0.0511734 -0.1804198 -0.0462650 0.9811674
1740547095.583610 -1.1713248 -1.6739016 8.9273243 -0.0531937 -0.1706015 -0.0472930 0.9827660
1740547095.688392 -1.1839292 -1.6726252 8.9675026 -0.0560856 -0.1607911 -0.0490415 0.9841725
1740547095.788090 -1.2109495 -1.6907387 9.0085344 -0.0589232 -0.1499094 -0.0507290 0.9856378
1740547095.895625 -1.2308185 -1.6967884 9.0607719 -0.0619701 -0.1401179 -0.0514251 0.9868547
1740547096.000675 -1.2419426 -1.7187415 9.0754404 -0.0670236 -0.1313628 -0.0521252 0.9876916
1740547096.100437 -1.2654407 -1.7251642 9.0974588 -0.0680856 -0.1209681 -0.0539797 0.9888464
1740547096.205827 -1.3128204 -1.7073349 9.1257277 -0.0675921 -0.1081753 -0.0543712 0.9903399
1740547096.305734 -1.3588550 -1.6888927 9.1555042 -0.0668555 -0.0951359 -0.0549004 0.9916983
1740547096.410017 -1.4055145 -1.6856699 9.1793709 -0.0641108 -0.0819501 -0.0569376 0.9929411
1740547096.511819 -1.4508457 -1.6870281 9.1909170 -0.0625730 -0.0678686 -0.0585428 0.9940077
1740547096.614092 -1.4717088 -1.6994002 9.2148228 -0.0660122 -0.0582303 -0.0585938 0.9943935
1740547096.725836 -1.4749429 -1.7056625 9.2324724 -0.0709801 -0.0495436 -0.0576774 0.9945756
1740547096.826966 -1.4589109 -1.6988981 9.2619772 -0.0720631 -0.0441110 -0.0578873 0.9947413
1740547096.933598 -1.4271125 -1.6782310 9.3280869 -0.0720697 -0.0374059 -0.0592550 0.9949350
1740547097.033626 -1.4170611 -1.6795229 9.4060154 -0.0735801 -0.0299816 -0.0593491 0.9950702
1740547097.142603 -1.4127195 -1.6521966 9.4819012 -0.0734194 -0.0223023 -0.0601778 0.9952341
1740547097.244385 -1.4069542 -1.6459121 9.5646830 -0.0748863 -0.0150165 -0.0605523 0.9952387
1740547097.344052 -1.3796444 -1.6293327 9.6448460 -0.0758250 -0.0087458 -0.0609796 0.9952164
1740547097.455700 -1.3482368 -1.6114954 9.7096500 -0.0771803 -0.0040768 -0.0612598 0.9951251
1740547097.553770 -1.3349708 -1.5906099 9.7799320 -0.0776868 0.0009271 -0.0613561 0.9950876
1740547097.656290 -1.3358047 -1.5659809 9.8527050 -0.0786374 0.0055770 -0.0622804 0.9949403
1740547097.757171 -1.3076216 -1.5436597 9.9194498 -0.0791943 0.0085144 -0.0620728 0.9948883
1740547097.857625 -1.2872062 -1.5293655 9.9854250 -0.0814882 0.0117328 -0.0627968 0.9946249
1740547097.964214 -1.2623743 -1.5132070 10.0433817 -0.0834042 0.0138602 -0.0625167 0.9944563
1740547098.065531 -1.2843668 -1.5076004 10.1115341 -0.0846054 0.0175353 -0.0628966 0.9942728
1740547098.173655 -1.2752256 -1.5004357 10.1820612 -0.0868752 0.0200370 -0.0633518 0.9940009
1740547098.271972 -1.2565863 -1.4787606 10.2357645 -0.0877917 0.0220438 -0.0628281 0.9939111
1740547098.370537 -1.2363290 -1.4769938 10.3039904 -0.0897590 0.0231975 -0.0636762 0.9936551
1740547098.473511 -1.2379855 -1.4488114 10.3673763 -0.0899147 0.0259682 -0.0632883 0.9935973
1740547098.570579 -1.1997492 -1.4269181 10.4305773 -0.0900826 0.0270833 -0.0640010 0.9935067
1740547098.681854 -1.1700938 -1.4088275 10.4929504 -0.0918782 0.0280818 -0.0637778 0.9933289
1740547098.787841 -1.1389979 -1.3875873 10.5553083 -0.0916744 0.0296168 -0.0643027 0.9932693
1740547098.889436 -1.1130604 -1.3720092 10.6177788 -0.0939000 0.0314041 -0.0644483 0.9929970
1740547098.993831 -1.0874081 -1.3562866 10.6654263 -0.0950215 0.0333849 -0.0651292 0.9927812
1740547099.093839 -1.0827025 -1.3339419 10.7246380 -0.0956522 0.0360304 -0.0655701 0.9925991
1740547099.211726 -1.0526909 -1.3199506 10.7848883 -0.0969120 0.0376303 -0.0657436 0.9924061
1740547099.310130 -1.0164468 -1.3003982 10.8458033 -0.0969257 0.0398387 -0.0662215 0.9922868
1740547099.417911 -0.9842498 -1.2877060 10.8952961 -0.0996963 0.0404923 -0.0645714 0.9920945
1740547099.517599 -0.9863850 -1.2740450 10.9607382 -0.1008424 0.0425730 -0.0647290 0.9918813
1740547099.615045 -0.9876727 -1.2481347 11.0221434 -0.1017688 0.0454572 -0.0641132 0.9916987
1740547099.720071 -0.9810362 -1.2475569 11.0900488 -0.1049935 0.0488664 -0.0643675 0.9911838
1740547099.822291 -0.9604098 -1.2321432 11.1465149 -0.1061752 0.0518340 -0.0644224 0.9909036
1740547099.931548 -0.9279027 -1.2036529 11.2085400 -0.1056921 0.0549911 -0.0651833 0.9907352
1740547100.033340 -0.8817110 -1.1607419 11.2704601 -0.1043609 0.0573432 -0.0645090 0.9907871
1740547100.132043 -0.8753674 -1.1387358 11.3275967 -0.1022829 0.0620053 -0.0661316 0.9906161
1740547100.238945 -0.8665816 -1.1152066 11.3854332 -0.1000169 0.0665769 -0.0672394 0.9904761
1740547100.337408 -0.8040888 -1.0863299 11.4432735 -0.0998466 0.0684612 -0.0665244 0.9904132
1740547100.442911 -0.7611147 -1.0800250 11.5082569 -0.0990371 0.0712797 -0.0667279 0.9902819
1740547100.541137 -0.7598063 -1.0575504 11.5628490 -0.0971525 0.0752810 -0.0672667 0.9901361
1740547100.656102 -0.7589519 -1.0317557 11.6215305 -0.0945012 0.0795049 -0.0676464 0.9900366
1740547100.755781 -0.7429576 -1.0167716 11.6678305 -0.0918938 0.0833917 -0.0686062 0.9898962
1740547100.856456 -0.7050672 -0.9974025 11.7368021 -0.0894452 0.0853163 -0.0693940 0.9899016
1740547100.962229 -0.7044041 -0.9709667 11.7862921 -0.0870935 0.0895205 -0.0693310 0.9897444
1740547101.060181 -0.7057341 -0.9578609 11.8564024 -0.0853283 0.0917210 -0.0703723 0.9896232
1740547101.166018 -0.6939300 -0.9356048 11.9370966 -0.0836127 0.0930531 -0.0702551 0.9896536
1740547101.266839 -0.6809799 -0.9054544 12.0190449 -0.0802863 0.0948993 -0.0707815 0.9897163
1740547101.363759 -0.6679089 -0.8894699 12.0639534 -0.0783006 0.0983572 -0.0708485 0.9895329
1740547101.467913 -0.6573716 -0.8638496 12.1077776 -0.0743953 0.1018505 -0.0715994 0.9894268
1740547101.565195 -0.6070132 -0.8561276 12.1986809 -0.0726541 0.1011186 -0.0728876 0.9895372
1740547101.671875 -0.5734143 -0.8394850 12.2460775 -0.0692759 0.1033696 -0.0730722 0.9895332
1740547101.773691 -0.5616485 -0.8244488 12.3056555 -0.0669025 0.1061817 -0.0732192 0.9893880
1740547101.869559 -0.5330174 -0.8093399 12.3638630 -0.0650413 0.1077257 -0.0731885 0.9893474
1740547101.972955 -0.5013848 -0.7991236 12.4240637 -0.0614081 0.1095237 -0.0739202 0.9893278
1740547102.072957 -0.4784711 -0.7843889 12.5017815 -0.0581101 0.1111567 -0.0745083 0.9893007
1740547102.174790 -0.4624774 -0.7786996 12.5542231 -0.0565287 0.1136485 -0.0750410 0.9890689
1740547102.272805 -0.4459225 -0.7522352 12.6217279 -0.0532648 0.1152178 -0.0749208 0.9890777
1740547102.370183 -0.4060208 -0.7387403 12.6813469 -0.0504472 0.1162901 -0.0753622 0.9890664
1740547102.471247 -0.3874760 -0.7336949 12.7376080 -0.0485509 0.1184026 -0.0760346 0.9888591
1740547102.567883 -0.3684704 -0.7246721 12.8035851 -0.0454398 0.1206566 -0.0762100 0.9887210
1740547102.672777 -0.3445192 -0.7130516 12.8637600 -0.0431302 0.1227279 -0.0761366 0.9885752
1740547102.773738 -0.3153915 -0.7050031 12.9268303 -0.0403839 0.1241664 -0.0768118 0.9884593
1740547102.867588 -0.3048649 -0.6953552 12.9902878 -0.0377399 0.1261208 -0.0768544 0.9883130
1740547102.972614 -0.2716688 -0.6893783 13.0520096 -0.0358351 0.1271215 -0.0771472 0.9882329
1740547103.065761 -0.2433686 -0.6782571 13.1121426 -0.0334956 0.1282018 -0.0773302 0.9881611
1740547103.174789 -0.2270130 -0.6559806 13.1857090 -0.0306739 0.1304514 -0.0770741 0.9879783
1740547103.268871 -0.1966871 -0.6465687 13.2508478 -0.0278425 0.1311444 -0.0777259 0.9879193
1740547103.363054 -0.1812262 -0.6424887 13.3128538 -0.0262485 0.1329790 -0.0773389 0.9877481
1740547103.465673 -0.1744785 -0.6461409 13.3857784 -0.0246587 0.1351347 -0.0777289 0.9874659
1740547103.562516 -0.1563655 -0.6463923 13.4654512 -0.0236039 0.1374997 -0.0776071 0.9871747
1740547103.663378 -0.1390663 -0.6503755 13.5407219 -0.0227091 0.1399767 -0.0777283 0.9868380
1740547103.762625 -0.1141961 -0.6551324 13.6203537 -0.0218886 0.1423079 -0.0776295 0.9865308
1740547103.858185 -0.1079428 -0.6517984 13.6919603 -0.0207389 0.1457937 -0.0776887 0.9860419
1740547103.961348 -0.0463277 -0.6735801 13.7831144 -0.0213409 0.1458259 -0.0783436 0.9859725
1740547104.057189 -0.0378017 -0.6587953 13.8553562 -0.0193923 0.1494668 -0.0781352 0.9854839
1740547104.156415 -0.0188020 -0.6635072 13.9373398 -0.0195641 0.1520187 -0.0781657 0.9850877
1740547104.349386 0.0604249 -0.6601173 14.0923243 -0.0186451 0.1563342 -0.0785424 0.9843999
1740547104.545717 0.1045125 -0.6496946 14.2566051 -0.0182242 0.1615525 -0.0783799 0.9835778
1740547104.749624 0.1562764 -0.6482399 14.4168520 -0.0179906 0.1668594 -0.0786369 0.9826752
1740547105.056417 0.2326884 -0.6437293 14.6527519 -0.0184248 0.1771169 -0.0776784 0.9809466
1740547105.345125 0.3358910 -0.6554817 14.8945513 -0.0204824 0.1883873 -0.0778788 0.9787878
1740547105.740676 0.4783604 -0.6498222 15.1974115 -0.0280979 0.2062851 -0.0762980 0.9751080
1740547106.220770 0.7077987 -0.6430847 15.5570288 -0.0418829 0.2291740 -0.0732035 0.9697249
1740547106.623116 0.8866768 -0.6251591 15.8454332 -0.0576071 0.2482679 -0.0697001 0.9644617
1740547106.916442 1.0295503 -0.5607272 16.0593796 -0.0684193 0.2618527 -0.0676332 0.9603009
1740547107.105401 1.1252394 -0.5309087 16.1958618 -0.0774050 0.2706814 -0.0651750 0.9573361
1740547107.386729 1.2895937 -0.4661474 16.3895340 -0.0876403 0.2819808 -0.0632726 0.9533114
1740547107.583337 1.3969759 -0.4427550 16.5243530 -0.0947754 0.2896364 -0.0616794 0.9504336
1740547107.692528 1.4505494 -0.4173489 16.5856590 -0.0971351 0.2928202 -0.0610274 0.9492612
1740547108.950985 2.1261835 -0.2310723 17.4490128 -0.1041377 0.3351847 -0.0630841 0.9342521
1740547109.633704 2.5553551 -0.1881249 17.8499126 -0.0959996 0.3586691 -0.0674908 0.9260592
1740547110.125802 2.8753297 -0.1379447 18.1321182 -0.0929098 0.3750871 -0.0701345 0.9196513
1740547110.713552 3.2372406 -0.0846737 18.4896507 -0.0932174 0.3892642 -0.0707351 0.9136632
1740547111.110032 3.4926248 -0.0241421 18.7151508 -0.0956196 0.3965854 -0.0702996 0.9102938
1740547111.506021 3.7550070 0.0027931 18.9295998 -0.0992917 0.4034873 -0.0688885 0.9069694
1740547111.992693 4.0825248 0.0448172 19.1968956 -0.1032149 0.4117511 -0.0676971 0.9028980
1740547112.389165 4.3427978 0.0968314 19.3946075 -0.1068029 0.4178636 -0.0665411 0.8997530
1740547112.787955 4.5887136 0.1667655 19.6177711 -0.1100881 0.4237944 -0.0652846 0.8966699
1740547113.194213 4.8597369 0.2209224 19.8131599 -0.1116980 0.4289974 -0.0649093 0.8940200
1740547113.484245 5.0650783 0.2474954 19.9516640 -0.1123037 0.4326843 -0.0651608 0.8921470
1740547113.683505 5.1933389 0.2709379 20.0572758 -0.1126731 0.4343479 -0.0651241 0.8912944
1740547113.880788 5.3311553 0.2933506 20.1457329 -0.1129721 0.4359149 -0.0650127 0.8904992
1740547114.078958 5.4796839 0.3005115 20.2223740 -0.1125591 0.4362558 -0.0651505 0.8903745
1740547114.284554 5.6112556 0.3103537 20.3251190 -0.1134123 0.4360445 -0.0648763 0.8903898
1740547114.582371 5.7948360 0.3571372 20.4858131 -0.1134846 0.4346839 -0.0644008 0.8910801
1740547114.882693 5.9812250 0.4273298 20.6339912 -0.1131021 0.4317756 -0.0641656 0.8925584
1740547115.185823 6.1689649 0.4715578 20.7936325 -0.1127004 0.4282604 -0.0639023 0.8943200
1740547115.484941 6.3629642 0.4899865 20.9501057 -0.1116186 0.4244622 -0.0639950 0.8962577
1740547115.790936 6.5587387 0.5236219 21.0927448 -0.1095703 0.4212439 -0.0648490 0.8979658
1740547116.088546 6.7367649 0.5607609 21.2629814 -0.1059552 0.4183190 -0.0658103 0.8996953
1740547116.292767 6.8639374 0.5874619 21.3642941 -0.1035109 0.4163761 -0.0666043 0.9008220
1740547116.593136 7.0503597 0.6139237 21.5164490 -0.0989892 0.4142183 -0.0686397 0.9021713
1740547116.902291 7.2249470 0.6557929 21.6849060 -0.0925314 0.4139047 -0.0709491 0.9028217
1740547117.214306 7.4012308 0.6827780 21.8426514 -0.0861652 0.4138225 -0.0735346 0.9032825
1740547117.524193 7.5918779 0.7033833 21.9894962 -0.0785090 0.4153218 -0.0771037 0.9029946
1740547117.728324 7.7082782 0.6981302 22.0941830 -0.0743405 0.4179304 -0.0794429 0.9019404
1740547117.931598 7.8399029 0.6957853 22.1956882 -0.0691418 0.4187299 -0.0806631 0.9018748
1740547118.030729 7.8976121 0.6948661 22.2344208 -0.0665578 0.4203011 -0.0829117 0.9011341
1740547118.128801 7.9477062 0.6873301 22.2741489 -0.0647376 0.4213813 -0.0842904 0.9006342
1740547118.234124 7.9859228 0.6663193 22.3044109 -0.0629921 0.4227743 -0.0844796 0.9000873
1740547118.333399 8.0440407 0.6485630 22.3602924 -0.0609412 0.4240697 -0.0849584 0.8995739
1740547118.436890 8.1005726 0.6505851 22.4193897 -0.0577843 0.4260079 -0.0855851 0.8988067
1740547118.537260 8.1510715 0.6264395 22.4591217 -0.0562911 0.4257359 -0.0853724 0.8990506
1740547118.637790 8.2061672 0.6041329 22.5024185 -0.0541201 0.4269355 -0.0870328 0.8984556
1740547118.744790 8.2717915 0.6312177 22.5483379 -0.0501354 0.4282344 -0.0890632 0.8978694
1740547118.843105 8.3438816 0.6210599 22.5967007 -0.0476516 0.4291152 -0.0910738 0.8973823
1740547118.945684 8.3978367 0.6062666 22.6390839 -0.0462301 0.4307309 -0.0920738 0.8965803
1740547119.047324 8.4524927 0.5911102 22.6929970 -0.0436564 0.4314305 -0.0924698 0.8963321
1740547119.147863 8.4978104 0.5673913 22.7314339 -0.0427438 0.4320276 -0.0930439 0.8960290
1740547119.251295 8.5399179 0.5532037 22.7708626 -0.0406167 0.4319348 -0.0930926 0.8961676
1740547119.351517 8.5825825 0.5355226 22.8127632 -0.0388349 0.4327580 -0.0933307 0.8958246
1740547119.462694 8.6315966 0.5211284 22.8640442 -0.0371084 0.4324034 -0.0943760 0.8959595
1740547119.560145 8.6626415 0.5095315 22.8873062 -0.0348467 0.4319747 -0.0959284 0.8960922
1740547119.659087 8.6900635 0.4909080 22.9162827 -0.0329251 0.4330620 -0.0963764 0.8955920
1740547119.764509 8.7228498 0.4800094 22.9430695 -0.0302526 0.4323103 -0.0976762 0.8959085
1740547119.864456 8.7778177 0.4626632 22.9760075 -0.0284424 0.4310387 -0.0970638 0.8966467
1740547119.970064 8.8294163 0.4459164 23.0299606 -0.0268911 0.4308042 -0.0974688 0.8967633
1740547120.070414 8.8734207 0.4405613 23.0786800 -0.0239085 0.4311872 -0.0981258 0.8965921
1740547120.175729 8.8937864 0.4317603 23.0916939 -0.0225004 0.4299194 -0.0977817 0.8972747
1740547120.276362 8.8938084 0.4331015 23.0908852 -0.0200203 0.4304112 -0.1000535 0.8968471
1740547120.378493 8.8939476 0.4332999 23.0928955 -0.0172317 0.4306085 -0.1016178 0.8966344
1740547120.479604 8.9081020 0.4277097 23.1109066 -0.0153241 0.4323014 -0.1043488 0.8955401
1740547120.577611 8.9201164 0.3980591 23.1215000 -0.0154678 0.4307803 -0.1033463 0.8963864
1740547120.688643 8.9310322 0.3879743 23.1372795 -0.0135315 0.4301124 -0.1025815 0.8968262
1740547120.786962 8.9426107 0.3839327 23.1421280 -0.0111458 0.4272761 -0.1016885 0.8983153
1740547120.886591 8.9451180 0.3805110 23.1441479 -0.0108383 0.4276468 -0.1033223 0.8979562
1740547120.992579 8.9635086 0.3635150 23.1565247 -0.0104813 0.4269735 -0.1050223 0.8980836
1740547121.094894 8.9851122 0.3414398 23.1857452 -0.0087107 0.4286406 -0.1067518 0.8971039
1740547121.199161 8.9943142 0.3114104 23.2222042 -0.0076803 0.4290489 -0.1036503 0.8972818
1740547121.299600 8.9923639 0.3159235 23.2175255 -0.0057799 0.4275634 -0.1049061 0.8978590
1740547121.398365 9.0151100 0.2999281 23.2314701 -0.0038315 0.4267116 -0.1076181 0.8979537
1740547121.504879 9.0367603 0.2627065 23.2539711 -0.0031652 0.4248159 -0.1075218 0.8988663
1740547121.604190 9.0709591 0.2405093 23.2845974 -0.0017809 0.4244402 -0.1084070 0.8989412
1740547121.712743 9.0814438 0.2425592 23.2926788 0.0007434 0.4229303 -0.1084561 0.8996481
1740547121.812274 9.1116314 0.2235684 23.3061924 0.0032278 0.4198335 -0.1085028 0.9010863
1740547121.911633 9.1346636 0.2022161 23.3255157 0.0050050 0.4197133 -0.1108423 0.9008495
1740547122.015112 9.1655121 0.1891015 23.3694420 0.0065352 0.4188474 -0.1099958 0.9013463
1740547122.115203 9.1932335 0.1491196 23.4276009 0.0075222 0.4187095 -0.1092741 0.9014904
1740547122.228517 9.2081003 0.1409719 23.4373360 0.0097205 0.4163224 -0.1096229 0.9025320
1740547122.325100 9.2214851 0.1306200 23.4476547 0.0121656 0.4144123 -0.1105395 0.9032693
1740547122.447694 9.2353821 0.1169858 23.4648209 0.0145562 0.4128377 -0.1110122 0.9038969
1740547122.548431 9.2497025 0.1071048 23.4917355 0.0168222 0.4134250 -0.1130630 0.9033347
1740547122.648534 9.3036976 0.0673993 23.5321999 0.0185701 0.4107487 -0.1124053 0.9046025
1740547122.757347 9.3351250 0.0545397 23.5703621 0.0223713 0.4092043 -0.1133698 0.9050960
1740547122.856586 9.3746414 0.0250471 23.6414757 0.0228283 0.4094362 -0.1139856 0.9049023
1740547122.963251 9.3975945 0.0036476 23.6614742 0.0239754 0.4081422 -0.1148409 0.9053490
1740547123.064767 9.4297428 -0.0174842 23.6896515 0.0267626 0.4061177 -0.1152653 0.9061270
1740547123.169006 9.4788218 -0.0553548 23.7293129 0.0284311 0.4038998 -0.1153119 0.9070610
1740547123.278448 9.5266895 -0.0837910 23.7639599 0.0307099 0.3999415 -0.1149756 0.9087818
1740547123.380439 9.5542393 -0.0979812 23.7868614 0.0335356 0.3972657 -0.1161299 0.9097083
1740547123.486485 9.5796051 -0.1305535 23.8098888 0.0362545 0.3933617 -0.1155078 0.9113782
1740547123.588237 9.5985489 -0.1374352 23.8303413 0.0395429 0.3914411 -0.1174129 0.9118248
1740547123.695574 9.6143932 -0.1572921 23.8459320 0.0431418 0.3873912 -0.1156962 0.9136090
1740547123.797567 9.6535892 -0.1893795 23.8681335 0.0468797 0.3816662 -0.1166614 0.9157093
1740547123.898005 9.6682053 -0.1959064 23.8797073 0.0501117 0.3795945 -0.1195244 0.9160299
1740547124.007638 9.6991262 -0.2255237 23.9023151 0.0520881 0.3749606 -0.1203516 0.9177183
1740547124.112184 9.7236500 -0.2386854 23.9239769 0.0563177 0.3719046 -0.1219846 0.9184961
1740547124.217292 9.7520676 -0.2541659 23.9511433 0.0609722 0.3677357 -0.1240445 0.9196009
1740547124.319646 9.7937794 -0.2713614 24.0038128 0.0663748 0.3641317 -0.1265658 0.9203171
1740547124.421369 9.8332787 -0.2974098 24.0352955 0.0708486 0.3572298 -0.1281064 0.9224728
1740547124.529663 9.8739433 -0.3240099 24.0684204 0.0745164 0.3517739 -0.1297646 0.9240474
1740547124.628487 9.9089622 -0.3436968 24.0986710 0.0800139 0.3457229 -0.1329382 0.9254193
1740547124.733366 9.9468145 -0.3738372 24.1330719 0.0841712 0.3393043 -0.1328057 0.9274430
1740547124.832563 9.9782906 -0.3832800 24.1548214 0.0909144 0.3318353 -0.1362146 0.9290132
1740547124.947924 10.0076237 -0.4245358 24.1854744 0.0932407 0.3259706 -0.1360135 0.9308866
1740547125.043671 10.0509319 -0.4519327 24.2245445 0.0990678 0.3192888 -0.1375283 0.9323766
1740547125.145750 10.0932207 -0.4624999 24.2531376 0.1059909 0.3116436 -0.1422279 0.9334964
1740547125.249428 10.1309986 -0.5047514 24.3055897 0.1110631 0.3069673 -0.1433213 0.9342886
1740547125.348434 10.1737452 -0.5493045 24.3489799 0.1157927 0.3005320 -0.1454940 0.9354700
1740547125.454602 10.2165413 -0.5755248 24.3946953 0.1217936 0.2943690 -0.1472761 0.9363883
1740547125.554886 10.2494411 -0.5933917 24.4247169 0.1279023 0.2882505 -0.1497085 0.9370913
1740547125.652740 10.2789288 -0.6231513 24.4667206 0.1320608 0.2848388 -0.1512630 0.9373081
1740547125.757159 10.3243771 -0.6493068 24.5061340 0.1374106 0.2778787 -0.1542505 0.9381410
1740547125.852868 10.3669119 -0.6744730 24.5545349 0.1433152 0.2731934 -0.1567964 0.9382116
1740547125.963378 10.3972549 -0.7076714 24.6031513 0.1481175 0.2685947 -0.1592769 0.9383758
1740547126.060420 10.4251766 -0.7395799 24.6596508 0.1542634 0.2661445 -0.1608800 0.9378099
1740547126.156591 10.4520073 -0.7714074 24.7222652 0.1595532 0.2646828 -0.1628811 0.9369928
1740547126.263354 10.4690371 -0.7918530 24.7439709 0.1637538 0.2606376 -0.1646898 0.9370859
1740547126.358757 10.4819641 -0.8130291 24.7729950 0.1695090 0.2586950 -0.1659778 0.9363734
1740547126.463750 10.5148306 -0.8543200 24.8294716 0.1736038 0.2568072 -0.1690286 0.9355967
1740547126.558301 10.5389538 -0.8828399 24.8796463 0.1790340 0.2550958 -0.1692890 0.9349943
1740547126.653075 10.5513716 -0.9174197 24.9431820 0.1839165 0.2554722 -0.1701369 0.9337891
1740547126.760023 10.5683517 -0.9498055 24.9952431 0.1898019 0.2550536 -0.1717910 0.9324220
1740547126.854252 10.5838861 -0.9740927 25.0455627 0.1959602 0.2554769 -0.1739330 0.9306334
1740547126.972015 10.5996351 -0.9894745 25.0809460 0.2005151 0.2547954 -0.1765032 0.9293652
1740547127.065171 10.6128263 -1.0114429 25.1244049 0.2065373 0.2560282 -0.1784844 0.9273269
1740547127.165706 10.6511002 -1.0488775 25.1745625 0.2127846 0.2536530 -0.1801256 0.9262493
1740547127.268134 10.6776257 -1.0784283 25.2064247 0.2176497 0.2523841 -0.1834701 0.9248079
1740547127.364738 10.7082644 -1.1081510 25.2595234 0.2240262 0.2522925 -0.1845834 0.9230871
1740547127.474886 10.7299223 -1.1404474 25.3087997 0.2298510 0.2540475 -0.1847447 0.9211394
1740547127.570075 10.7376547 -1.1672428 25.3459167 0.2329602 0.2563687 -0.1842101 0.9198214
1740547127.667958 10.7711315 -1.1947737 25.3825836 0.2399731 0.2535928 -0.1862281 0.9183805
1740547127.771122 10.7946978 -1.2251596 25.4239006 0.2458588 0.2546909 -0.1881265 0.9161301
1740547127.868671 10.8218746 -1.2593446 25.4684582 0.2509961 0.2554975 -0.1893969 0.9142488
1740547127.976605 10.8499680 -1.3033781 25.5254192 0.2568158 0.2567680 -0.1896982 0.9122118
1740547128.072336 10.8812246 -1.3417120 25.5848770 0.2621474 0.2576670 -0.1904741 0.9102781
1740547128.170106 10.9172096 -1.3853254 25.6383057 0.2666477 0.2578416 -0.1913321 0.9087402
1740547128.272086 10.9477825 -1.4284487 25.6934090 0.2714124 0.2586358 -0.1916217 0.9070413
1740547128.370198 10.9750690 -1.4688754 25.7505207 0.2758113 0.2594190 -0.1924123 0.9053217
1740547128.481013 11.0060835 -1.5121360 25.7986946 0.2802464 0.2586842 -0.1936601 0.9039028
1740547128.576514 11.0287466 -1.5645137 25.8635998 0.2850544 0.2601403 -0.1942083 0.9018615
1740547128.672462 11.0612173 -1.6088195 25.9270363 0.2899217 0.2612297 -0.1944686 0.8999369
1740547128.778698 11.0907946 -1.6429243 25.9772282 0.2947403 0.2615949 -0.1959983 0.8979315
1740547128.872895 11.1203222 -1.6814961 26.0315628 0.2990783 0.2630441 -0.1961559 0.8960373
1740547128.990102 11.1446295 -1.7499032 26.0698776 0.3011624 0.2646446 -0.1962355 0.8948498
1740547129.083815 11.1571093 -1.8102794 26.1092300 0.3031369 0.2668651 -0.1949682 0.8938000
1740547129.181674 11.1926250 -1.8633428 26.1543674 0.3058271 0.2673288 -0.1956023 0.8926056
1740547129.295875 11.2153082 -1.9095187 26.2095470 0.3086326 0.2687542 -0.1951113 0.8913185
1740547129.395428 11.2527905 -1.9653988 26.2655144 0.3122549 0.2693138 -0.1959029 0.8897129
1740547129.497304 11.2843456 -1.9901385 26.3199005 0.3161936 0.2700407 -0.1965125 0.8879654
1740547129.592726 11.3078918 -2.0498328 26.3633652 0.3178999 0.2705278 -0.1961392 0.8872902
1740547129.688763 11.3377562 -2.1148133 26.4126587 0.3203634 0.2714486 -0.1961080 0.8861290
1740547129.792208 11.3622475 -2.1680923 26.4710884 0.3229216 0.2724547 -0.1962952 0.8848493
1740547129.887254 11.3876743 -2.2209454 26.5221062 0.3246671 0.2730726 -0.1962737 0.8840244
1740547130.003329 11.4145555 -2.2643251 26.5833206 0.3261673 0.2742034 -0.1965816 0.8830533
1740547130.097664 11.4387178 -2.3138776 26.6418705 0.3284427 0.2751612 -0.1967156 0.8818814
1740547130.194823 11.4736118 -2.3356524 26.7185326 0.3322128 0.2762726 -0.1975649 0.8799297
1740547130.309820 11.4983053 -2.3452973 26.7634411 0.3338558 0.2770676 -0.1983283 0.8788855
1740547130.405817 11.5287142 -2.3587232 26.8271427 0.3367550 0.2775723 -0.1999356 0.8772545
1740547130.509662 11.5583544 -2.3678675 26.8817348 0.3400297 0.2785466 -0.2008840 0.8754640
1740547130.606188 11.5798683 -2.3952789 26.9414330 0.3413882 0.2788842 -0.2017946 0.8746180
1740547130.704520 11.6107807 -2.4486270 26.9964409 0.3427700 0.2787832 -0.2026059 0.8739219
1740547130.813507 11.6321802 -2.5109429 27.0445480 0.3433890 0.2789388 -0.2023565 0.8736870
1740547130.910288 11.6572723 -2.5665884 27.1018639 0.3437285 0.2797915 -0.2021600 0.8733263
1740547131.013942 11.6736288 -2.6141253 27.1595078 0.3444237 0.2803927 -0.2007401 0.8731871
1740547131.116963 11.7032318 -2.6784415 27.2072563 0.3450606 0.2805287 -0.2014570 0.8727267
1740547131.216414 11.7307415 -2.7400255 27.2469406 0.3450468 0.2803756 -0.2013043 0.8728166
1740547131.325809 11.7530203 -2.8067179 27.2999363 0.3455330 0.2807717 -0.2005827 0.8726631
1740547131.426371 11.7785912 -2.8678780 27.3533115 0.3456104 0.2815576 -0.2001313 0.8724828
1740547131.529936 11.8109064 -2.9311142 27.4064751 0.3456326 0.2811366 -0.2007989 0.8724564
1740547131.628258 11.8297167 -2.9810629 27.4612579 0.3463262 0.2810630 -0.2005504 0.8722622
1740547131.727340 11.8518009 -3.0300527 27.5210266 0.3467473 0.2815868 -0.2010873 0.8718022
1740547131.833519 11.8834801 -3.0920701 27.5716095 0.3463615 0.2811670 -0.2006814 0.8721845
1740547131.933206 11.9034176 -3.1486454 27.6301155 0.3464570 0.2812548 -0.2005502 0.8721485
1740547132.037860 11.9298420 -3.2021503 27.6909714 0.3466147 0.2814696 -0.2002976 0.8720745
1740547132.140172 11.9566402 -3.2704787 27.7355194 0.3460305 0.2815073 -0.2002990 0.8722940
1740547132.253306 11.9903831 -3.3351727 27.7828541 0.3456307 0.2812240 -0.2004998 0.8724978
1740547132.351326 12.0172386 -3.3892436 27.8351173 0.3455028 0.2812319 -0.2002801 0.8725963
1740547132.453867 12.0395966 -3.4567342 27.8854218 0.3449994 0.2815801 -0.2001950 0.8727027
1740547132.571835 12.0679846 -3.5231304 27.9320393 0.3440787 0.2815340 -0.1990224 0.8733491
1740547132.676269 12.0981598 -3.5754519 27.9858799 0.3439225 0.2815953 -0.1991706 0.8733570
1740547132.888678 12.1647863 -3.6920891 28.0923176 0.3425729 0.2819582 -0.1998003 0.8736265
1740547132.997499 12.1927967 -3.7503157 28.1397896 0.3422786 0.2819879 -0.1993579 0.8738333
1740547133.101523 12.2149448 -3.8018403 28.2005692 0.3418562 0.2823265 -0.1987530 0.8740271
1740547133.202832 12.2390404 -3.8585372 28.2511482 0.3414792 0.2827302 -0.1984900 0.8741037
1740547133.313449 12.2677822 -3.9143682 28.3057518 0.3409002 0.2827359 -0.1985943 0.8743042
1740547133.518505 12.3212214 -4.0324788 28.4152985 0.3396091 0.2830258 -0.1988208 0.8746613
1740547133.621521 12.3407698 -4.0921717 28.4677639 0.3386607 0.2830543 -0.1986186 0.8750657
1740547133.724289 12.3666182 -4.1528254 28.5222893 0.3374626 0.2829292 -0.1978347 0.8757463
1740547134.045590 12.4637442 -4.3305840 28.6831017 0.3337942 0.2810736 -0.1977711 0.8777617
1740547134.147958 12.4885502 -4.3923969 28.7360592 0.3321040 0.2803112 -0.1982698 0.8785338
1740547134.364363 12.5377884 -4.5013857 28.8477173 0.3288082 0.2786556 -0.1984576 0.8802561
1740547134.579947 12.5839682 -4.6164293 28.9631615 0.3257010 0.2779235 -0.1976330 0.8818269
1740547134.680426 12.6058264 -4.6707582 29.0202637 0.3237371 0.2769884 -0.1979079 0.8827820
1740547134.888541 12.6757774 -4.7839155 29.1292019 0.3194062 0.2740030 -0.1980388 0.8852586
1740547134.992401 12.6944847 -4.8404403 29.1895828 0.3169727 0.2733358 -0.1984085 0.8862561
1740547135.101317 12.7171545 -4.8936396 29.2481995 0.3151563 0.2728719 -0.1975962 0.8872279
1740547135.417191 12.8261185 -5.0607204 29.4062462 0.3076541 0.2673128 -0.1983631 0.8913726
1740547135.631138 12.8709507 -5.1697116 29.5297279 0.3031781 0.2656905 -0.1978476 0.8935032
1740547135.838691 12.9346037 -5.2672224 29.6498871 0.2980388 0.2633606 -0.1982247 0.8958354
1740547136.054202 13.0056086 -5.3703561 29.7603493 0.2931606 0.2601123 -0.1979946 0.8984413
1740547136.158334 13.0234756 -5.4137630 29.8356590 0.2909773 0.2605307 -0.1972637 0.8991902
1740547136.270324 13.0358315 -5.4574757 29.9042530 0.2888030 0.2607847 -0.1969303 0.8998904
1740547136.479930 13.0970325 -5.5524325 30.0344315 0.2850799 0.2599015 -0.1965995 0.9014041
1740547136.591281 13.1142855 -5.6013041 30.1027889 0.2834558 0.2605651 -0.1958898 0.9018791
1740547136.808497 13.1965113 -5.7012291 30.2083054 0.2808338 0.2589177 -0.1954915 0.9032592
1740547136.913242 13.2044935 -5.7557802 30.2761688 0.2796980 0.2606733 -0.1950700 0.9031977
1740547137.022551 13.2237015 -5.8084249 30.3377132 0.2787354 0.2623884 -0.1946820 0.9030824
1740547137.129576 13.2742968 -5.8493071 30.3959312 0.2785656 0.2620696 -0.1948070 0.9032004
1740547137.234288 13.2892284 -5.8960867 30.4643764 0.2782803 0.2639067 -0.1943651 0.9028486
1740547137.344172 13.3413076 -5.9490423 30.5138168 0.2779188 0.2635806 -0.1942289 0.9030845
1740547137.449650 13.3879833 -5.9931397 30.5676422 0.2788561 0.2637908 -0.1941622 0.9027485
1740547137.561068 13.4035301 -6.0496721 30.6330376 0.2791551 0.2651189 -0.1942095 0.9022567
1740547137.771633 13.4972420 -6.1495619 30.7338448 0.2818859 0.2637243 -0.1944531 0.9017638
1740547137.877321 13.5093603 -6.2003922 30.8090324 0.2836500 0.2650574 -0.1952865 0.9006389
1740547137.978824 13.5235987 -6.2552581 30.8745384 0.2857778 0.2656332 -0.1957890 0.8996870
1740547138.189887 13.6062498 -6.3674059 30.9634514 0.2907870 0.2628635 -0.1980879 0.8983912
1740547138.302462 13.6556015 -6.4242063 31.0132351 0.2938062 0.2602477 -0.1989789 0.8979735
1740547138.521885 13.7155409 -6.5188203 31.1241341 0.3023207 0.2569427 -0.2020706 0.8954051
1740547138.620668 13.7343044 -6.5638003 31.1984062 0.3066726 0.2550447 -0.2040843 0.8940099
1740547138.723290 13.7523537 -6.6128359 31.2654114 0.3115596 0.2524594 -0.2060515 0.8926016
1740547139.077069 13.8317070 -6.7958841 31.4338398 0.3276956 0.2398909 -0.2136453 0.8884951
1740547139.181810 13.8310442 -6.8555555 31.4965630 0.3338148 0.2365238 -0.2161035 0.8865232
1740547139.392372 13.8484125 -6.9868536 31.6013546 0.3467057 0.2285720 -0.2213722 0.8823516
1740547139.616255 13.8556108 -7.1234531 31.7036018 0.3603678 0.2205181 -0.2268730 0.8775166
1740547139.833420 13.8602667 -7.2614369 31.8008118 0.3745493 0.2128152 -0.2321471 0.8720839
1740547140.038850 13.8722668 -7.3997393 31.9026070 0.3884988 0.2061869 -0.2368955 0.8662772
1740547140.354033 13.9256916 -7.6091185 32.0458717 0.4100133 0.1969452 -0.2431790 0.8567179
1740547140.773383 13.9507790 -7.9090767 32.2120781 0.4367078 0.1901854 -0.2486183 0.8433889
1740547141.180444 13.9674931 -8.2090950 32.3733826 0.4602990 0.1862988 -0.2526140 0.8304238
1740547141.586035 13.9951181 -8.5168638 32.5217400 0.4794336 0.1841520 -0.2550616 0.8192526
1740547141.882349 14.0040951 -8.7551670 32.6097717 0.4910906 0.1821979 -0.2569538 0.8121629
1740547142.284751 13.9994545 -9.0709991 32.7333565 0.5004595 0.1771225 -0.2602549 0.8064957
1740547142.483861 14.0005035 -9.2238302 32.8052025 0.5023518 0.1731694 -0.2624418 0.8054684
1740547142.890500 14.0160856 -9.5257320 32.9657936 0.5007587 0.1625759 -0.2695328 0.8063262
1740547143.190137 13.9977827 -9.7514162 33.0838318 0.4957771 0.1527724 -0.2760869 0.8090993
1740547143.697984 13.9419804 -10.1210451 33.2951012 0.4817469 0.1337045 -0.2879672 0.8167729
1740547144.110791 13.9174919 -10.3900213 33.4954147 0.4673355 0.1184789 -0.2975009 0.8240470
1740547144.510788 13.8873911 -10.6639252 33.6978493 0.4509337 0.1031006 -0.3068858 0.8317753
1740547144.916680 13.8257217 -10.9312572 33.9050560 0.4341853 0.0878287 -0.3156682 0.8391204
1740547145.316202 13.7662640 -11.1738567 34.1350708 0.4170699 0.0738992 -0.3236830 0.8460621
1740547145.717732 13.7178516 -11.4147406 34.3728981 0.3998615 0.0599430 -0.3318295 0.8522950
1740547146.122985 13.6419878 -11.6431198 34.6111984 0.3829920 0.0475244 -0.3387094 0.8580993
1740547146.535545 13.5690203 -11.8377342 34.8802032 0.3667650 0.0363204 -0.3445817 0.8633816
1740547146.927778 13.5049219 -12.0471544 35.1415100 0.3512017 0.0251780 -0.3507224 0.8677656
1740547147.452114 13.3972044 -12.3010406 35.4635315 0.3321508 0.0121119 -0.3576176 0.8727192
1740547147.858928 13.3189983 -12.4717331 35.7459412 0.3179230 0.0022796 -0.3622824 0.8761685
1740547148.070101 13.2674847 -12.5549717 35.8836327 0.3113384 -0.0020415 -0.3643450 0.8776770
1740547148.372349 13.2153378 -12.6847134 36.1024780 0.3020624 -0.0080297 -0.3677368 0.8794677
1740547148.574775 13.1745977 -12.7554865 36.2468262 0.2968905 -0.0112072 -0.3695480 0.8804345
1740547148.976472 13.0705376 -12.8972225 36.5350685 0.2886378 -0.0146796 -0.3713557 0.8823648
1740547149.179141 13.0312366 -12.9826164 36.6761055 0.2847003 -0.0149918 -0.3719261 0.8833980
1740547149.385071 13.0037231 -13.0621166 36.8195534 0.2825473 -0.0153588 -0.3731345 0.8835733
1740547149.481395 12.9779758 -13.1035213 36.8863716 0.2815775 -0.0149692 -0.3731850 0.8838682
1740547149.784984 12.9156904 -13.2411823 37.0993042 0.2780696 -0.0122970 -0.3725647 0.8852805
1740547149.979961 12.8904343 -13.3086700 37.2491837 0.2776412 -0.0100733 -0.3725377 0.8854545
1740547150.081243 12.8689775 -13.3487015 37.3183403 0.2770249 -0.0087595 -0.3721975 0.8858045
1740547150.381653 12.8175316 -13.4659462 37.5377235 0.2752939 -0.0037164 -0.3711718 0.8868094
1740547150.578868 12.7834959 -13.5390625 37.6905785 0.2751750 0.0009500 -0.3698420 0.8874090
1740547150.879081 12.7537298 -13.6731243 37.9035759 0.2764733 0.0077499 -0.3679472 0.8877597
1740547151.176074 12.7151718 -13.8161898 38.1062317 0.2797995 0.0176372 -0.3647483 0.8878964
1740547151.478163 12.6710510 -13.9483070 38.3196182 0.2868720 0.0299032 -0.3609104 0.8868788
1740547151.786401 12.6286125 -14.0334797 38.5475426 0.2986920 0.0461198 -0.3549953 0.8846663
1740547152.083592 12.5810518 -14.1469460 38.7607994 0.3166189 0.0673921 -0.3476534 0.8799704
1740547152.385657 12.5902767 -14.3753281 38.8927612 0.3412168 0.0940236 -0.3370157 0.8724397
1740547152.684985 12.5890846 -14.5614624 39.0582428 0.3726044 0.1251632 -0.3244405 0.8603712
1740547152.985394 12.6363115 -14.7302151 39.2318878 0.4095376 0.1599175 -0.3088884 0.8433821
1740547153.185597 12.6635399 -14.8650789 39.3032684 0.4364847 0.1838750 -0.2972233 0.8290533
1740547153.699376 12.7358484 -15.2681074 39.3408012 0.5032060 0.2392875 -0.2686309 0.7857244
1740547154.205375 12.8047905 -15.7209969 39.2818794 0.5548570 0.2808650 -0.2441157 0.7440807
1740547154.509792 12.8498278 -15.9978333 39.2399597 0.5727522 0.2961307 -0.2336131 0.7277956
1740547154.819350 12.9027414 -16.2655468 39.2266541 0.5798482 0.3044569 -0.2271756 0.7207450
1740547155.121460 12.9687176 -16.5123329 39.2666206 0.5768573 0.3058169 -0.2258930 0.7229689
1740547155.526714 13.0468254 -16.8234596 39.3689651 0.5570396 0.2982527 -0.2290030 0.7404795
1740547155.852780 13.0839214 -17.0549107 39.4700699 0.5328001 0.2873252 -0.2345980 0.7606130
1740547156.250334 13.1212940 -17.3660641 39.6175919 0.4916266 0.2667682 -0.2439468 0.7922298
1740547156.556305 13.1579952 -17.5880737 39.7410393 0.4549186 0.2498280 -0.2505524 0.8172262
1740547156.954077 13.2349796 -17.8632355 39.9261589 0.3989821 0.2285469 -0.2574508 0.8498816
1740547157.249664 13.2620506 -18.0002270 40.1351051 0.3531199 0.2117101 -0.2605946 0.8732558
1740547157.540911 13.3094788 -18.0974884 40.3694229 0.3043856 0.1961731 -0.2623350 0.8944528
1740547157.843382 13.3498478 -18.1989861 40.6000252 0.2549030 0.1818924 -0.2621289 0.9128134
1740547158.141306 13.3968220 -18.2760391 40.8391571 0.2063753 0.1718787 -0.2600318 0.9274969
1740547158.339226 13.4366016 -18.3243046 40.9987602 0.1747549 0.1648394 -0.2580752 0.9357809
1740547158.530729 13.4716663 -18.3618069 41.1620026 0.1458856 0.1603494 -0.2558769 0.9420894
1740547158.728687 13.5100985 -18.3835411 41.3273125 0.1188522 0.1570091 -0.2531215 0.9471810
1740547158.932595 13.5539989 -18.4113731 41.4914703 0.0923801 0.1531803 -0.2503817 0.9514782
1740547159.127702 13.6009073 -18.4262066 41.6495209 0.0698988 0.1509372 -0.2471948 0.9545820
1740547159.428932 13.6572208 -18.4567051 41.8709335 0.0360663 0.1483915 -0.2432716 0.9578612
1740547159.625706 13.6945448 -18.4703598 42.0047340 0.0155568 0.1473137 -0.2406194 0.9592492
1740547159.824473 13.7365780 -18.4710274 42.1369705 -0.0017944 0.1446188 -0.2374991 0.9605604
1740547160.020684 13.7940216 -18.4655418 42.2700157 -0.0169464 0.1418744 -0.2365332 0.9610601
1740547160.216824 13.8388386 -18.4569416 42.4283752 -0.0304746 0.1408125 -0.2344033 0.9614043
1740547160.411493 13.8808918 -18.4299145 42.5837593 -0.0402656 0.1391439 -0.2317035 0.9619414
1740547160.709288 13.9566088 -18.4003105 42.8095360 -0.0521194 0.1359157 -0.2309308 0.9620194
1740547160.916578 14.0010633 -18.3876457 42.9634705 -0.0569343 0.1327440 -0.2296165 0.9625039
1740547161.211400 14.0771990 -18.3685989 43.2086449 -0.0623293 0.1285133 -0.2291469 0.9628557
1740547161.421215 14.1203127 -18.3534355 43.3725777 -0.0635522 0.1251615 -0.2292911 0.9631829
1740547161.826975 14.1988506 -18.3203163 43.6638298 -0.0610524 0.1168349 -0.2291234 0.9644297
1740547162.122335 14.2562418 -18.3081284 43.8998260 -0.0546470 0.1113457 -0.2304567 0.9651453
1740547162.318414 14.2833414 -18.2980576 44.0627937 -0.0493467 0.1065675 -0.2309948 0.9658414
1740547162.517831 14.3068295 -18.2873402 44.2152977 -0.0432631 0.1034260 -0.2322465 0.9661744
1740547162.715790 14.3373718 -18.2894135 44.3764839 -0.0360078 0.1001708 -0.2327269 0.9666992
1740547162.916281 14.3630829 -18.2889252 44.5355759 -0.0286726 0.0972071 -0.2333245 0.9671031
1740547163.116809 14.3895054 -18.2898197 44.6962471 -0.0213789 0.0954226 -0.2342336 0.9672498
1740547163.315988 14.4242172 -18.3073177 44.8487511 -0.0134968 0.0934909 -0.2358539 0.9671868
1740547163.511757 14.4651384 -18.2901077 44.9758072 -0.0026513 0.0904908 -0.2359396 0.9675418
1740547163.712660 14.4795914 -18.3031178 45.1078186 0.0050420 0.0899312 -0.2380453 0.9670684
1740547163.920664 14.5031700 -18.3145905 45.2738724 0.0136981 0.0891506 -0.2402674 0.9665072
1740547164.118134 14.5334206 -18.3192329 45.4033432 0.0222410 0.0884113 -0.2420736 0.9659654
1740547164.317354 14.5734472 -18.2988873 45.4565277 0.0342797 0.0849788 -0.2468662 0.9647076
1740547164.416660 14.5876751 -18.2948418 45.4819183 0.0401221 0.0826127 -0.2457508 0.9649725
1740547164.617434 14.5857887 -18.2711239 45.5455551 0.0492859 0.0848605 -0.2529384 0.9624925
1740547164.712605 14.6098995 -18.2687473 45.5640831 0.0548674 0.0821578 -0.2524967 0.9625409
1740547164.818508 14.6166887 -18.2727127 45.5832176 0.0585487 0.0818276 -0.2573444 0.9610673
1740547164.917890 14.6167994 -18.2624321 45.6174583 0.0641970 0.0819533 -0.2614186 0.9595951
1740547165.013207 14.6286268 -18.2607880 45.6452179 0.0692266 0.0812530 -0.2616185 0.9592505
1740547165.118745 14.6337643 -18.2694435 45.6667976 0.0738922 0.0806998 -0.2603715 0.9592884
1740547165.413107 14.6268053 -18.2655811 45.6811447 0.0797413 0.0804518 -0.2596933 0.9590247
1740547165.509779 14.6133471 -18.2635651 45.7179527 0.0832469 0.0826787 -0.2619814 0.9579144
1740547165.611801 14.6045485 -18.2555847 45.7420616 0.0898319 0.0846094 -0.2654141 0.9562044
1740547165.710495 14.5929871 -18.2723579 45.7546577 0.0918357 0.0847683 -0.2684183 0.9551608
1740547165.807168 14.5921516 -18.2632179 45.7774048 0.1002239 0.0855379 -0.2714398 0.9533934
1740547165.916524 14.5826759 -18.2585526 45.7896881 0.1046143 0.0874666 -0.2720893 0.9525612
1740547166.012663 14.5541325 -18.2705154 45.8200150 0.1051399 0.0913013 -0.2745453 0.9514381
1740547166.116017 14.5271854 -18.2815361 45.8406181 0.1072925 0.0944479 -0.2742552 0.9509742
1740547166.211241 14.5282984 -18.2712231 45.8531075 0.1138549 0.0951868 -0.2745729 0.9500454
1740547166.307931 14.5239601 -18.2731571 45.8722801 0.1179061 0.0963563 -0.2777217 0.9485169
1740547166.412807 14.5110302 -18.2605362 45.9059753 0.1228870 0.1008422 -0.2775350 0.9474725
1740547166.509773 14.4996548 -18.2937927 45.9073257 0.1195512 0.1022619 -0.2799866 0.9470256
1740547166.612091 14.4796629 -18.3023262 45.9210892 0.1221487 0.1069047 -0.2810830 0.9458560
1740547166.709774 14.4684000 -18.3141861 45.9326324 0.1238573 0.1097588 -0.2834607 0.9445964
1740547166.807450 14.4652510 -18.3254471 45.9660568 0.1258075 0.1108498 -0.2835422 0.9441867
1740547166.914217 14.4258194 -18.3477440 46.0034294 0.1254569 0.1178372 -0.2837936 0.9433113
1740547167.013978 14.4245319 -18.3624001 46.0144615 0.1266054 0.1183857 -0.2878328 0.9418643
1740547167.119662 14.3803101 -18.3973675 46.0355911 0.1222022 0.1256131 -0.2902745 0.9407597
1740547167.214828 14.3497295 -18.4209385 46.0723534 0.1210914 0.1300032 -0.2897526 0.9404677
1740547167.319824 14.3590698 -18.4396095 46.1148949 0.1225031 0.1310869 -0.2901780 0.9400032
1740547167.422126 14.3578243 -18.4417686 46.1772003 0.1266221 0.1344990 -0.2893026 0.9392448
1740547167.518193 14.3719053 -18.4637947 46.2479668 0.1290453 0.1360384 -0.2875965 0.9392173
1740547167.621717 14.3777475 -18.4925175 46.3166428 0.1300797 0.1386316 -0.2875624 0.9387057
1740547167.718331 14.3930349 -18.5232506 46.3841209 0.1312451 0.1405108 -0.2888066 0.9378818
1740547167.820539 14.4098530 -18.5601349 46.4557571 0.1322196 0.1422284 -0.2896873 0.9372141
1740547167.923237 14.4254675 -18.5880394 46.5337753 0.1347087 0.1446719 -0.2888290 0.9367505
1740547168.017088 14.4418402 -18.6174831 46.6104736 0.1365696 0.1473873 -0.2878576 0.9363567
1740547168.118578 14.4614735 -18.6481133 46.6815300 0.1371332 0.1494213 -0.2881529 0.9358610
1740547168.308726 14.4909430 -18.7118320 46.8344269 0.1390271 0.1552688 -0.2874762 0.9348372
1740547168.512069 14.5335093 -18.7820568 46.9831963 0.1399017 0.1605081 -0.2866023 0.9340898
1740547168.613680 14.5553894 -18.8106956 47.0584869 0.1406882 0.1629195 -0.2857648 0.9338108
1740547168.807770 14.5932350 -18.8741570 47.2141838 0.1396240 0.1690209 -0.2841302 0.9333848
1740547169.113606 14.6576548 -18.9733887 47.4355316 0.1384101 0.1777395 -0.2829828 0.9322940
1740547169.306439 14.7029657 -19.0396366 47.5894775 0.1353995 0.1838618 -0.2815961 0.9319686
1740547169.507839 14.7541924 -19.1025810 47.7385979 0.1323807 0.1897149 -0.2794283 0.9318817
1740547169.708837 14.8111839 -19.1598949 47.8903465 0.1277270 0.1961894 -0.2778875 0.9316513
1740547170.012223 14.8930254 -19.2484093 48.1185303 0.1164349 0.2065106 -0.2743452 0.9319501
1740547170.644293 14.9552975 -19.3045406 48.2702675 0.1069990 0.2136188 -0.2710391 0.9324462
1740547171.042542 15.0906792 -19.4031200 48.5711250 0.0833619 0.2289674 -0.2642116 0.9331758
1740547171.451369 15.2388639 -19.4746761 48.8712463 0.0502671 0.2448380 -0.2551246 0.9340444
1740547171.954903 15.4548416 -19.5283489 49.2377243 -0.0024913 0.2677719 -0.2394408 0.9332525
1740547172.364828 15.6579485 -19.5159855 49.5145073 -0.0525891 0.2854969 -0.2242111 0.9302985
1740547172.669622 15.8311043 -19.4760113 49.7071877 -0.0927331 0.2977124 -0.2121859 0.9261453
1740547173.098340 16.0558872 -19.3871078 49.9452858 -0.1449297 0.3135644 -0.1942907 0.9181089
1740547173.399439 16.2442169 -19.3024902 50.1053429 -0.1820016 0.3240437 -0.1816690 0.9104216
1740547173.701056 16.4183445 -19.2040844 50.2667084 -0.2154933 0.3328034 -0.1703289 0.9021046
1740547173.998747 16.5965538 -19.0912418 50.4126663 -0.2427777 0.3420542 -0.1600883 0.8935489
1740547174.306927 16.7769871 -18.9795914 50.5577507 -0.2650980 0.3496496 -0.1530946 0.8854548
1740547174.616861 16.9593410 -18.8663235 50.6896400 -0.2826838 0.3562789 -0.1477907 0.8782443
1740547174.817440 17.0837097 -18.7816296 50.7662048 -0.2890992 0.3605798 -0.1451794 0.8748296
1740547175.019086 17.2130795 -18.7177620 50.8596115 -0.2941747 0.3656083 -0.1443579 0.8711789
1740547175.318492 17.4068069 -18.6023502 50.9795609 -0.2961124 0.3721336 -0.1447466 0.8676880
1740547175.621835 17.5951824 -18.4870968 51.1074257 -0.2932922 0.3779404 -0.1480152 0.8655820
1740547175.823540 17.7188663 -18.4245434 51.2087784 -0.2880425 0.3818514 -0.1521568 0.8649100
1740547176.133033 17.9138947 -18.3433189 51.3448257 -0.2760660 0.3876528 -0.1593923 0.8649318
1740547176.436682 18.1154556 -18.2676659 51.4803619 -0.2579715 0.3942507 -0.1695476 0.8656043
1740547176.743550 18.3145180 -18.2046700 51.6255646 -0.2371748 0.4005815 -0.1812409 0.8662761
1740547176.947263 18.4464417 -18.1794529 51.7241554 -0.2223121 0.4048300 -0.1887896 0.8666306
1740547177.156503 18.5751095 -18.1569672 51.8183632 -0.2053753 0.4078747 -0.1986457 0.8671788
1740547177.357389 18.7030010 -18.1489830 51.9226303 -0.1896087 0.4111811 -0.2073219 0.8671772
1740547177.558938 18.8356209 -18.1382084 52.0288696 -0.1717300 0.4145831 -0.2165521 0.8670264
1740547177.663901 18.8932476 -18.1341896 52.0722084 -0.1630629 0.4174984 -0.2203968 0.8663319
1740547177.874865 19.0108337 -18.1269093 52.1612473 -0.1456242 0.4193690 -0.2301644 0.8659952
1740547178.080628 19.1103477 -18.1233692 52.2453270 -0.1301092 0.4220070 -0.2381561 0.8650222
1740547178.189509 19.1517868 -18.1175442 52.2841187 -0.1222876 0.4233008 -0.2439453 0.8639172
1740547178.393501 19.1958141 -18.0635834 52.3622971 -0.0985642 0.4329937 -0.2642635 0.8561345
1740547178.491401 19.2254219 -18.0435562 52.3975296 -0.0882381 0.4362195 -0.2724298 0.8530584
1740547178.594469 19.2574654 -18.0038452 52.4268646 -0.0723722 0.4383135 -0.2830002 0.8500320
1740547178.696539 19.2720375 -17.9912167 52.4512520 -0.0615011 0.4412342 -0.2918783 0.8463670
1740547178.903130 19.3088531 -17.8998871 52.5176468 -0.0277837 0.4528252 -0.3095447 0.8356791
1740547179.110712 19.3574066 -17.9206657 52.5677185 -0.0207655 0.4551984 -0.3134643 0.8331286
1740547179.307512 19.4215508 -17.9304905 52.6475639 -0.0131564 0.4593677 -0.3167323 0.8297523
1740547179.416213 19.4246826 -17.9318085 52.6932945 -0.0117848 0.4672072 -0.3201839 0.8240515
1740547179.517163 19.4422321 -17.9356956 52.7189789 -0.0090602 0.4695270 -0.3217837 0.8221421
1740547179.724355 19.4666710 -17.8625717 52.7930908 0.0151034 0.4847221 -0.3289569 0.8103109
1740547179.823411 19.4913845 -17.8407536 52.8042755 0.0240449 0.4856722 -0.3360506 0.8066068
1740547179.929365 19.5062828 -17.8192616 52.8281403 0.0327440 0.4896003 -0.3418273 0.8014821
1740547180.029341 19.5170994 -17.7828579 52.8732910 0.0424748 0.4983990 -0.3472813 0.7932150
1740547180.142462 19.5248470 -17.7509003 52.9014854 0.0539673 0.5039322 -0.3531366 0.7864060
1740547180.345852 19.5437012 -17.6772881 52.9779510 0.0793705 0.5207105 -0.3682507 0.7661282
1740547180.454921 19.5895271 -17.6777592 52.9905930 0.0841805 0.5162032 -0.3725726 0.7665753
1740547180.554952 19.6394806 -17.7462311 53.0077667 0.0797923 0.5135770 -0.3720495 0.7690585
1740547180.758087 19.7806149 -17.8291683 53.0887527 0.0860330 0.5145977 -0.3758299 0.7658587
1740547181.068317 19.9736423 -17.9625549 53.2028275 0.0959554 0.5136966 -0.3812714 0.7625881
1740547181.278733 20.0969410 -18.0600452 53.2722778 0.0976823 0.5145440 -0.3829492 0.7609550
1740547181.583525 20.2184162 -18.1504478 53.3560867 0.1018712 0.5135109 -0.3837664 0.7606919
