1740013960.211435 0.0000000 0.0000000 0.0000000 -0.0000000 -0.0000000 -0.0000000 1.0000000
1740013961.464137 0.0093739 -0.0161087 0.0748788 -0.0000484 -0.0005418 -0.0002870 0.9999998
1740013961.868524 -0.0020558 0.0043269 0.1599135 0.0000216 -0.0019519 -0.0003032 0.9999980
1740013962.072695 -0.0040352 0.0256524 0.2504552 0.0004453 -0.0039914 -0.0001978 0.9999920
1740013962.286964 -0.0173883 0.0375496 0.3358162 0.0006945 -0.0057561 -0.0001067 0.9999832
1740013962.504619 -0.0292366 0.0329824 0.4161418 0.0005574 -0.0078945 -0.0001149 0.9999687
1740013962.713093 -0.0210347 0.0380565 0.5046691 0.0013412 -0.0113682 -0.0000603 0.9999345
1740013962.905291 -0.0152128 0.0396271 0.5927716 0.0019670 -0.0153083 -0.0003218 0.9998809
1740013963.158698 -0.0176370 0.0379954 0.6734144 0.0025206 -0.0191460 -0.0001966 0.9998135
1740013963.587861 -0.0199524 0.0395350 0.7578727 0.0034180 -0.0233345 -0.0001129 0.9997219
1740013963.824825 -0.0619531 0.0375792 0.8390631 0.0036053 -0.0263465 -0.0001298 0.9996464
1740013964.038796 -0.0699288 0.0512531 0.9227666 0.0050176 -0.0307733 -0.0004321 0.9995137
1740013964.253786 -0.0722673 0.0585883 1.0063592 0.0059287 -0.0355859 -0.0002909 0.9993490
1740013964.479469 -0.0715600 0.0565133 1.0934690 0.0070109 -0.0407134 -0.0005227 0.9991462
1740013964.723262 -0.0945593 0.0539754 1.1724986 0.0083589 -0.0454768 -0.0002604 0.9989304
1740013964.922649 -0.1187993 0.0518668 1.2580357 0.0109690 -0.0496639 -0.0001138 0.9987057
1740013965.141497 -0.1270797 0.0430850 1.3420402 0.0122272 -0.0548281 0.0000369 0.9984210
1740013965.392079 -0.1766968 0.0155024 1.4158142 0.0129598 -0.0580440 0.0002596 0.9982299
1740013965.607084 -0.1677806 0.0171842 1.5008011 0.0156573 -0.0628095 0.0000852 0.9979027
1740013966.084457 -0.2001505 -0.0014393 1.6683433 0.0195876 -0.0707205 0.0003503 0.9973038
1740013966.509827 -0.2140203 -0.0145761 1.8361032 0.0238831 -0.0783795 0.0009273 0.9966370
1740013966.964376 -0.2298074 -0.0207774 2.0035489 0.0286027 -0.0852115 0.0005865 0.9959521
1740013967.424229 -0.2869402 -0.0469196 2.1599274 0.0320812 -0.0906551 0.0002782 0.9953655
1740013967.890450 -0.3046148 -0.0493424 2.3318362 0.0366832 -0.0968547 0.0006513 0.9946221
1740013968.157028 -0.3439333 -0.0467295 2.4118707 0.0399872 -0.0981265 0.0014682 0.9943691
1740013968.623908 -0.3728192 -0.0539892 2.5768270 0.0448679 -0.1029985 0.0021968 0.9936666
1740013969.044914 -0.3969537 -0.0832735 2.7372439 0.0488680 -0.1074785 0.0023309 0.9930030
1740013969.516614 -0.4307788 -0.1237226 2.8981202 0.0525619 -0.1120157 0.0019027 0.9923135
1740013969.957085 -0.4749951 -0.1484690 3.0559909 0.0569761 -0.1164617 0.0018927 0.9915578
1740013970.456939 -0.5321435 -0.1675284 3.2100112 0.0607379 -0.1196034 0.0019950 0.9909601
1740013970.908390 -0.5670704 -0.1846516 3.3731854 0.0645443 -0.1240667 0.0025177 0.9901693
1740013971.342676 -0.6093423 -0.2152433 3.5259180 0.0689263 -0.1287070 0.0030274 0.9892798
1740013971.812317 -0.6824878 -0.2796438 3.6683168 0.0717795 -0.1320278 0.0031765 0.9886386
1740013972.247937 -0.7335202 -0.3353898 3.8098917 0.0735975 -0.1354344 0.0020738 0.9880469
1740013972.691860 -0.7776285 -0.3286730 3.9647708 0.0761340 -0.1382584 0.0040208 0.9874574
1740013973.125612 -0.8203822 -0.3533905 4.1252141 0.0772257 -0.1406003 0.0032346 0.9870448
1740013973.563147 -0.8718012 -0.3799103 4.2732782 0.0772716 -0.1405585 0.0031613 0.9870473
1740013973.809380 -0.8853781 -0.3762359 4.3536921 0.0778113 -0.1405852 0.0039549 0.9869983
1740013973.992082 -0.9121851 -0.4195963 4.4235191 0.0759260 -0.1407137 0.0030093 0.9871301
1740013974.208336 -0.9322531 -0.4235652 4.5060110 0.0766675 -0.1404769 0.0030087 0.9871066
1740013974.476855 -0.9604285 -0.4425556 4.5728164 0.0751259 -0.1390637 0.0032602 0.9874243
1740013974.709387 -0.9893810 -0.4618790 4.6502156 0.0754336 -0.1382228 0.0027827 0.9875204
1740013974.908753 -1.0105990 -0.4691286 4.7236381 0.0747093 -0.1371301 0.0026850 0.9877280
1740013975.128749 -1.0123817 -0.4802535 4.8120961 0.0745075 -0.1375087 0.0034290 0.9876883
1740013975.355256 -1.0493171 -0.5038452 4.8790927 0.0735506 -0.1352922 0.0024715 0.9880689
1740013975.562495 -1.0874128 -0.5136936 4.9491186 0.0729035 -0.1334028 0.0028527 0.9883727
1740013975.776611 -1.0908285 -0.5080716 5.0341840 0.0728539 -0.1332253 0.0032082 0.9883993
1740013976.009298 -1.0938137 -0.5085454 5.1160064 0.0732527 -0.1331747 0.0027989 0.9883779
1740013976.242708 -1.1436300 -0.5394325 5.1792779 0.0721119 -0.1304293 0.0022495 0.9888291
1740013976.494522 -1.1895454 -0.5643567 5.2381067 0.0706704 -0.1280955 0.0031603 0.9892357
1740013976.726618 -1.1823479 -0.5560540 5.3309598 0.0712528 -0.1285123 0.0029453 0.9891405
1740013976.942996 -1.1904988 -0.5913814 5.4016733 0.0702985 -0.1283903 0.0034950 0.9892228
1740013977.174508 -1.2096742 -0.5851257 5.4879236 0.0708039 -0.1275785 0.0029369 0.9892937
1740013977.408230 -1.2372769 -0.6197469 5.5462546 0.0689481 -0.1264645 0.0025621 0.9895688
1740013977.614464 -1.2448554 -0.6256850 5.6337056 0.0696635 -0.1262222 0.0030121 0.9895483
1740013977.810938 -1.2788951 -0.6282476 5.6974959 0.0702430 -0.1250739 0.0032194 0.9896525
1740013978.165939 -1.3037384 -0.6536165 5.7695732 0.0695392 -0.1244420 0.0032274 0.9897819
1740013978.427705 -1.3160626 -0.6633633 5.8444495 0.0701305 -0.1245400 0.0032889 0.9897276
1740013978.678370 -1.3273785 -0.6768136 5.9292517 0.0707027 -0.1253341 0.0041538 0.9895834
1740013978.906491 -1.3474953 -0.6850342 6.0023484 0.0714640 -0.1245026 0.0035190 0.9896361
1740013979.097243 -1.4039540 -0.6811977 6.0737977 0.0730021 -0.1233177 0.0043311 0.9896690
1740013979.310969 -1.4118450 -0.6987814 6.1462708 0.0728933 -0.1235689 0.0042123 0.9896462
1740013979.558090 -1.4408742 -0.7061384 6.2216301 0.0738042 -0.1230519 0.0040648 0.9896437
1740013979.776834 -1.4554272 -0.7267619 6.2922282 0.0734412 -0.1234183 0.0036233 0.9896268
1740013980.037816 -1.4563606 -0.7438873 6.3755074 0.0737481 -0.1242789 0.0033751 0.9894971
1740013980.277135 -1.4775110 -0.7504343 6.4496365 0.0738217 -0.1239452 0.0036443 0.9895325
1740013980.493671 -1.5188295 -0.7423645 6.5198340 0.0755463 -0.1232256 0.0046430 0.9894881
1740013980.744480 -1.5335249 -0.7639837 6.5964909 0.0756748 -0.1230988 0.0044423 0.9894950
1740013980.960696 -1.5280565 -0.7874081 6.6705365 0.0755135 -0.1243871 0.0040922 0.9893477
1740013981.181989 -1.5755862 -0.7998653 6.7398415 0.0757468 -0.1225024 0.0040178 0.9895653
1740013981.395164 -1.5842075 -0.8111650 6.7967653 0.0761293 -0.1225759 0.0041129 0.9895265
1740013981.594600 -1.5996042 -0.8311492 6.8881178 0.0761857 -0.1221142 0.0041085 0.9895792
1740013981.810468 -1.6254112 -0.8345837 6.9542718 0.0768875 -0.1207748 0.0046461 0.9896869
1740013982.045461 -1.6366303 -0.8591497 7.0210857 0.0764881 -0.1205207 0.0044270 0.9897498
1740013982.276927 -1.6647025 -0.8934092 7.0876875 0.0748749 -0.1190433 0.0052494 0.9900479
1740013982.510589 -1.6852708 -0.8835738 7.1702061 0.0768072 -0.1173200 0.0043948 0.9901098
1740013982.727169 -1.7030604 -0.9057062 7.2382569 0.0767372 -0.1158819 0.0045170 0.9902840
1740013982.979640 -1.7119249 -0.9293177 7.3092728 0.0759812 -0.1150834 0.0051244 0.9904324
1740013983.197980 -1.7152703 -0.9393752 7.3811226 0.0757351 -0.1143584 0.0055350 0.9905331
1740013983.398012 -1.7155166 -0.9677821 7.4408793 0.0740438 -0.1136210 0.0050295 0.9907485
1740013983.611364 -1.7488908 -0.9714175 7.5149202 0.0742175 -0.1116181 0.0051718 0.9909624
1740013983.828434 -1.7583908 -0.9872730 7.5914998 0.0732668 -0.1106176 0.0055642 0.9911432
1740013984.045733 -1.7785766 -1.0119642 7.6543283 0.0705694 -0.1092426 0.0053853 0.9914923
1740013984.277554 -1.7904677 -1.0224805 7.7214661 0.0691945 -0.1088116 0.0052932 0.9916371
1740013984.494805 -1.7971309 -1.0364161 7.7907548 0.0670603 -0.1085021 0.0052324 0.9918180
1740013984.716123 -1.8125165 -1.0461160 7.8584161 0.0652523 -0.1080362 0.0051803 0.9919897
1740013984.982280 -1.8229207 -1.0667299 7.9303918 0.0627471 -0.1086859 0.0052331 0.9920800
1740013985.215630 -1.8152677 -1.0866750 7.9860601 0.0597461 -0.1104294 0.0049774 0.9920741
1740013985.449916 -1.8296771 -1.0998951 8.0573530 0.0567947 -0.1112671 0.0044953 0.9921561
1740013985.646249 -1.8347272 -1.1201520 8.1210594 0.0534186 -0.1124963 0.0035728 0.9922088
1740013985.878554 -1.8411088 -1.1490700 8.1827269 0.0497241 -0.1140817 0.0045915 0.9922156
1740013986.094780 -1.8682754 -1.1552968 8.2444849 0.0476972 -0.1145052 0.0043762 0.9922673
1740013986.328835 -1.8736585 -1.1806048 8.3001261 0.0434663 -0.1168493 0.0040928 0.9921896
1740013986.561754 -1.8717816 -1.1921442 8.3571548 0.0405348 -0.1200233 0.0033935 0.9919374
1740013986.796103 -1.8807774 -1.2196391 8.4180193 0.0366675 -0.1221611 0.0037479 0.9918256
1740013987.013288 -1.8890982 -1.2486721 8.4728718 0.0331511 -0.1249128 0.0036480 0.9916071
1740013987.274494 -1.8852690 -1.2405536 8.5351191 0.0323403 -0.1281305 0.0030856 0.9912251
1740013987.482641 -1.8733872 -1.2479994 8.5974712 0.0310479 -0.1326198 0.0023989 0.9906777
1740013987.707420 -1.8601243 -1.2608767 8.6501884 0.0292304 -0.1367014 0.0020603 0.9901788
1740013987.916224 -1.8653029 -1.2688533 8.7134304 0.0285540 -0.1406056 0.0018218 0.9896522
1740013988.130711 -1.8596578 -1.2850482 8.7608604 0.0268087 -0.1452188 0.0013345 0.9890354
1740013988.347042 -1.8437349 -1.2894814 8.8097906 0.0257111 -0.1504353 0.0008347 0.9882852
1740013988.578812 -1.8349451 -1.3061451 8.8528872 0.0237793 -0.1553434 0.0005069 0.9875742
1740013988.812558 -1.8239110 -1.3041497 8.9010973 0.0246157 -0.1607269 0.0000016 0.9866920
1740013989.016675 -1.8285798 -1.3268573 8.9563961 0.0239800 -0.1647456 0.0004505 0.9860445
1740013989.272637 -1.8307588 -1.3420385 9.0057249 0.0240597 -0.1691040 -0.0003736 0.9853045
1740013989.499868 -1.8246490 -1.3517854 9.0515270 0.0240624 -0.1740120 -0.0006883 0.9844493
1740013989.732660 -1.8260173 -1.3661212 9.1018276 0.0234574 -0.1782421 -0.0010995 0.9837064
1740013989.935063 -1.8162370 -1.3672038 9.1246519 0.0244136 -0.1825448 -0.0008036 0.9828941
1740013990.148630 -1.8077059 -1.3596470 9.1428576 0.0277382 -0.1859990 -0.0003732 0.9821582
1740013990.381057 -1.7901837 -1.3616019 9.1651220 0.0285140 -0.1935298 -0.0005213 0.9806799
1740013990.631129 -1.7690657 -1.3603104 9.1928434 0.0281765 -0.2005328 -0.0016227 0.9792804
1740013990.865098 -1.7516462 -1.3642322 9.2197781 0.0290024 -0.2081557 -0.0016216 0.9776643
1740013991.081244 -1.7454298 -1.3711154 9.2591295 0.0281869 -0.2137297 -0.0021686 0.9764838
1740013991.320555 -1.7269135 -1.3808963 9.2863197 0.0260353 -0.2204277 -0.0031175 0.9750508
1740013991.564734 -1.7115918 -1.3818228 9.3158455 0.0266639 -0.2267268 -0.0031526 0.9735882
1740013991.783082 -1.6992869 -1.3768796 9.3376846 0.0307250 -0.2322036 -0.0014646 0.9721807
1740013992.009297 -1.6881218 -1.3742375 9.3715229 0.0303937 -0.2377120 -0.0025825 0.9708566
1740013992.246933 -1.6802121 -1.3803235 9.3942871 0.0301548 -0.2435971 -0.0019441 0.9694057
1740013992.447316 -1.6731927 -1.3903005 9.4137993 0.0276202 -0.2473252 -0.0036022 0.9685321
1740013992.697931 -1.6793818 -1.4015483 9.4276476 0.0262357 -0.2473096 -0.0025057 0.9685780
1740013992.931170 -1.6696463 -1.4028062 9.4280577 0.0260481 -0.2507808 -0.0032401 0.9676880
1740013993.147239 -1.6731926 -1.3965721 9.4412022 0.0281696 -0.2504111 -0.0017331 0.9677281
1740013993.364629 -1.6752675 -1.3886983 9.4483585 0.0309723 -0.2511381 -0.0018026 0.9674540
1740013993.628741 -1.6679187 -1.3870194 9.4530010 0.0317509 -0.2528109 -0.0009413 0.9669942
1740013993.832538 -1.6616349 -1.3968352 9.4608622 0.0279845 -0.2541805 -0.0021694 0.9667494
1740013994.050159 -1.6585224 -1.3976246 9.4687757 0.0265096 -0.2540310 -0.0043862 0.9668228
1740013994.255705 -1.6613667 -1.3973594 9.4939566 0.0232832 -0.2511316 -0.0053176 0.9676583
1740013994.505036 -1.6709076 -1.3934902 9.5197124 0.0222017 -0.2462720 -0.0066981 0.9689233
1740013994.737490 -1.6733509 -1.3911617 9.5373812 0.0187344 -0.2417368 -0.0069464 0.9701362
1740013994.948647 -1.6943648 -1.3957253 9.5478687 0.0168734 -0.2345733 -0.0072616 0.9719249
1740013995.164466 -1.7173967 -1.3986789 9.5653353 0.0148525 -0.2278832 -0.0076434 0.9735452
1740013995.381583 -1.7319911 -1.4044046 9.5854759 0.0125926 -0.2208126 -0.0083244 0.9751995
1740013995.632846 -1.7458328 -1.4084064 9.6127033 0.0103946 -0.2134708 -0.0082918 0.9768590
1740013995.847851 -1.7644767 -1.4224287 9.6388502 0.0066617 -0.2065174 -0.0083497 0.9783846
1740013996.078822 -1.7782618 -1.4247760 9.6592484 0.0032018 -0.1985102 -0.0096470 0.9800462
1740013996.291303 -1.7928811 -1.4296166 9.6857214 0.0025366 -0.1887797 -0.0106252 0.9819587
1740013996.523018 -1.8109082 -1.4267006 9.7094221 0.0015327 -0.1783337 -0.0107266 0.9839104
1740013996.733752 -1.8266139 -1.4253439 9.7394695 0.0010116 -0.1678672 -0.0110606 0.9857470
1740013996.981903 -1.8473836 -1.4214081 9.7784853 -0.0010032 -0.1576583 -0.0108125 0.9874340
1740013997.215128 -1.8680853 -1.4281561 9.8070431 -0.0034222 -0.1461841 -0.0115712 0.9891838
1740013997.448276 -1.8862621 -1.4224977 9.8319960 -0.0067910 -0.1343134 -0.0118054 0.9908453
1740013997.718124 -1.8953629 -1.4337418 9.8644466 -0.0115859 -0.1237602 -0.0127392 0.9921628
1740013997.948622 -1.9103080 -1.4389352 9.8949928 -0.0183776 -0.1136689 -0.0131324 0.9932619
1740013998.181869 -1.9814317 -1.4871702 9.8924494 -0.0263903 -0.1001715 -0.0129096 0.9945363
1740013998.398412 -2.0372458 -1.5485098 9.8819141 -0.0371454 -0.0906018 -0.0107890 0.9951357
1740013998.633349 -2.0063529 -1.5564083 9.8910894 -0.0399695 -0.0859036 -0.0094120 0.9954569
1740013998.854364 -1.9951898 -1.5583704 9.8917141 -0.0417678 -0.0813137 -0.0078124 0.9957824
1740013999.099105 -1.9702215 -1.5626223 9.9216623 -0.0442207 -0.0760570 -0.0087239 0.9960842
1740013999.351108 -1.9318591 -1.5687339 9.9400330 -0.0492007 -0.0717354 -0.0091114 0.9961678
1740013999.583591 -1.9098108 -1.5495156 9.9636536 -0.0482665 -0.0666053 -0.0090527 0.9965702
1740013999.862314 -1.8824749 -1.5217323 9.9980612 -0.0448754 -0.0593128 -0.0083671 0.9971952
1740014000.110707 -1.8786956 -1.5019413 10.0229244 -0.0425781 -0.0540355 -0.0089455 0.9975907
1740014000.323231 -1.8723222 -1.4897852 10.0360203 -0.0433661 -0.0502803 -0.0102830 0.9977402
1740014000.533372 -1.8505919 -1.4677248 10.0901337 -0.0453190 -0.0453890 -0.0114207 0.9978755
1740014000.765441 -1.8191093 -1.4457425 10.1638870 -0.0465002 -0.0393780 -0.0118385 0.9980717
1740014000.983650 -1.7905710 -1.4311936 10.2373371 -0.0473013 -0.0336922 -0.0116350 0.9982445
1740014001.216491 -1.7718719 -1.4068276 10.2990360 -0.0490448 -0.0291733 -0.0127697 0.9982888
1740014001.449115 -1.7256304 -1.3743351 10.3363571 -0.0480455 -0.0268673 -0.0134954 0.9983925
1740014001.649361 -1.6999931 -1.3491098 10.4044704 -0.0486866 -0.0239056 -0.0137518 0.9984333
1740014001.894808 -1.7019531 -1.3127627 10.4685993 -0.0499437 -0.0193498 -0.0137213 0.9984703
1740014002.134498 -1.7024021 -1.3151509 10.5424452 -0.0529950 -0.0157307 -0.0142137 0.9983697
1740014002.353601 -1.6941999 -1.2956660 10.6087513 -0.0544260 -0.0123100 -0.0145475 0.9983360
1740014002.550642 -1.6868334 -1.2886022 10.6787701 -0.0564276 -0.0093880 -0.0147260 0.9982539
1740014002.783621 -1.6920133 -1.2723315 10.7551184 -0.0575176 -0.0060927 -0.0148315 0.9982157
1740014003.017749 -1.6846795 -1.2588930 10.8277655 -0.0594169 -0.0036465 -0.0151806 0.9981112
1740014003.266405 -1.6619843 -1.2397677 10.9005508 -0.0609878 -0.0016881 -0.0151897 0.9980215
1740014003.483249 -1.6705376 -1.2392730 10.9749031 -0.0633757 0.0010678 -0.0152279 0.9978730
1740014003.701040 -1.6526910 -1.1994698 11.0449696 -0.0643236 0.0032712 -0.0149384 0.9978119
1740014003.917690 -1.6362475 -1.1861839 11.1165886 -0.0663847 0.0051763 -0.0153340 0.9976628
1740014004.168306 -1.6235471 -1.1704023 11.1894274 -0.0683140 0.0075012 -0.0155511 0.9975145
1740014004.396062 -1.6088555 -1.1503719 11.2572699 -0.0700554 0.0100124 -0.0155924 0.9973710
1740014004.584922 -1.6015067 -1.1277782 11.3316545 -0.0714653 0.0125657 -0.0158458 0.9972380
1740014004.938157 -1.5783685 -1.1012501 11.4007187 -0.0727949 0.0148910 -0.0158664 0.9971095
1740014005.218455 -1.5642118 -1.0773625 11.4732161 -0.0743726 0.0178723 -0.0159038 0.9969435
1740014005.450917 -1.5611937 -1.0578676 11.5453548 -0.0756798 0.0206649 -0.0159953 0.9967897
1740014005.667834 -1.5573540 -1.0476602 11.6246424 -0.0776120 0.0235547 -0.0163954 0.9965705
1740014005.897296 -1.5627968 -1.0271184 11.6950893 -0.0789243 0.0266512 -0.0162453 0.9963919
1740014006.132355 -1.5459729 -0.9932210 11.7739620 -0.0798215 0.0294617 -0.0162812 0.9962407
1740014006.387575 -1.5435271 -0.9744476 11.8454580 -0.0813441 0.0332968 -0.0163254 0.9959960
1740014006.587743 -1.5215771 -0.9506623 11.9168215 -0.0823078 0.0365713 -0.0166900 0.9957958
1740014006.800633 -1.4913870 -0.9202262 11.9879570 -0.0827732 0.0399067 -0.0168647 0.9956263
1740014007.017516 -1.4660510 -0.9026544 12.0578527 -0.0834024 0.0436793 -0.0172412 0.9954089
1740014007.251698 -1.4368010 -0.8785788 12.1296301 -0.0839752 0.0470505 -0.0171422 0.9952088
1740014007.485855 -1.4096371 -0.8663774 12.2002411 -0.0844904 0.0509508 -0.0176550 0.9949642
1740014007.701667 -1.3778316 -0.8444442 12.2693787 -0.0844582 0.0546047 -0.0179814 0.9947672
1740014007.926160 -1.3627748 -0.8338639 12.3437138 -0.0847850 0.0584001 -0.0180154 0.9945232
1740014008.157446 -1.3398317 -0.8169691 12.4165916 -0.0844850 0.0618989 -0.0183880 0.9943303
1740014008.406735 -1.3233012 -0.8024719 12.4894323 -0.0839278 0.0657425 -0.0187763 0.9941235
1740014008.654014 -1.2939028 -0.8036005 12.5657034 -0.0844904 0.0688294 -0.0193915 0.9938551
1740014008.856078 -1.2727127 -0.7880654 12.6418743 -0.0835693 0.0719868 -0.0200037 0.9936971
1740014009.067655 -1.2734860 -0.7698413 12.7162418 -0.0826853 0.0754047 -0.0201213 0.9935152
1740014009.285980 -1.2703608 -0.7540656 12.7934694 -0.0818266 0.0786150 -0.0203612 0.9933325
1740014009.503841 -1.2513801 -0.7347791 12.8686552 -0.0809362 0.0812940 -0.0206245 0.9931844
1740014009.717912 -1.2472162 -0.7184156 12.9434328 -0.0800737 0.0847820 -0.0209746 0.9929553
1740014009.930817 -1.2285458 -0.6944082 13.0175467 -0.0784286 0.0878186 -0.0209793 0.9928226
1740014010.142295 -1.2042634 -0.6758116 13.0895252 -0.0771660 0.0906273 -0.0212614 0.9926631
1740014010.412066 -1.1767401 -0.6555681 13.1626196 -0.0758755 0.0933477 -0.0216309 0.9925025
1740014010.656675 -1.1558143 -0.6465324 13.2318401 -0.0746874 0.0966472 -0.0219917 0.9922689
1740014010.869539 -1.1269071 -0.6391475 13.3014402 -0.0738099 0.0994314 -0.0222131 0.9920545
1740014011.085648 -1.0982041 -0.6314797 13.3748245 -0.0724065 0.1022408 -0.0226573 0.9918623
1740014011.301824 -1.0667173 -0.6222920 13.4495153 -0.0710583 0.1046376 -0.0231303 0.9916989
1740014011.536171 -1.0469825 -0.6140451 13.5211401 -0.0700305 0.1075145 -0.0235634 0.9914541
1740014011.769876 -1.0262797 -0.5990852 13.5931377 -0.0688907 0.1101765 -0.0236945 0.9912385
1740014011.985522 -1.0087848 -0.5827497 13.6683273 -0.0671168 0.1130297 -0.0241779 0.9910273
1740014012.203131 -0.9855766 -0.5682250 13.7412243 -0.0656167 0.1156766 -0.0242755 0.9908199
1740014012.443465 -0.9598328 -0.5566549 13.8146038 -0.0643794 0.1183542 -0.0245339 0.9905785
1740014012.697526 -0.9271342 -0.5505716 13.8836699 -0.0630737 0.1208441 -0.0249464 0.9903515
1740014012.942883 -0.8988931 -0.5500523 13.9547882 -0.0621362 0.1234668 -0.0254403 0.9900746
1740014013.136535 -0.8719724 -0.5422163 14.0254745 -0.0610848 0.1260391 -0.0258324 0.9898058
1740014013.352046 -0.8392815 -0.5307224 14.0976849 -0.0597031 0.1281112 -0.0262359 0.9896134
1740014013.569834 -0.8175374 -0.5172476 14.1701078 -0.0585204 0.1307352 -0.0262899 0.9893394
1740014013.804899 -0.7982007 -0.5022978 14.2438555 -0.0571105 0.1330384 -0.0267476 0.9891025
1740014014.020865 -0.7701207 -0.4876494 14.3154535 -0.0558059 0.1351593 -0.0268635 0.9888862
1740014014.237500 -0.7452523 -0.4812300 14.3889427 -0.0547444 0.1371471 -0.0272455 0.9886615
1740014014.467976 -0.7209707 -0.4738267 14.4614258 -0.0536300 0.1395121 -0.0274736 0.9883853
1740014014.708201 -0.6925913 -0.4726958 14.5333853 -0.0532109 0.1414346 -0.0274968 0.9881340
1740014014.935600 -0.6621306 -0.4691205 14.6045713 -0.0522042 0.1433975 -0.0279391 0.9878924
1740014015.156410 -0.6325760 -0.4662146 14.6774778 -0.0510101 0.1453555 -0.0282898 0.9876586
1740014015.351557 -0.6024369 -0.4606904 14.7480831 -0.0503712 0.1472319 -0.0283242 0.9874125
1740014015.570289 -0.5681823 -0.4635417 14.8186111 -0.0503766 0.1490156 -0.0284689 0.9871404
1740014015.805044 -0.5380836 -0.4535653 14.8922482 -0.0494442 0.1508764 -0.0288269 0.9868944
1740014016.035759 -0.5124327 -0.4496254 14.9688606 -0.0494445 0.1535933 -0.0288319 0.9864751
1740014016.257813 -0.4774745 -0.4390528 15.0424137 -0.0490241 0.1556071 -0.0289323 0.9861774
1740014016.467043 -0.4501216 -0.4256824 15.1203928 -0.0489515 0.1581498 -0.0288743 0.9857782
1740014016.720045 -0.4283490 -0.4178977 15.2000103 -0.0495044 0.1609148 -0.0289591 0.9853005
1740014016.966599 -0.4083278 -0.4085902 15.2797537 -0.0497512 0.1636877 -0.0290585 0.9848283
1740014017.191628 -0.3906181 -0.4029700 15.3619547 -0.0502053 0.1666483 -0.0291822 0.9843049
1740014017.388518 -0.3674302 -0.3983184 15.4413834 -0.0509039 0.1695684 -0.0290878 0.9837730
1740014017.604261 -0.3451417 -0.3949097 15.5233803 -0.0515971 0.1728378 -0.0290617 0.9831685
1740014017.820491 -0.3141626 -0.3914284 15.6020069 -0.0526974 0.1761278 -0.0289342 0.9825298
1740014018.304244 -0.1717561 -0.3991691 15.5510683 -0.0512832 0.1668726 -0.0264264 0.9842892
1740014018.519621 -0.1323306 -0.3949180 15.6207542 -0.0523695 0.1700063 -0.0260608 0.9837053
1740014018.726366 -0.0975525 -0.3930217 15.7008820 -0.0547505 0.1739195 -0.0260029 0.9828928
1740014018.974843 -0.0699412 -0.3849411 15.7827206 -0.0571329 0.1781670 -0.0253791 0.9820124
1740014019.370405 -0.0032532 -0.3586781 15.9311314 -0.0612941 0.1861887 -0.0249092 0.9802838
1740014019.588330 0.0366153 -0.3452666 16.0079517 -0.0640813 0.1904970 -0.0245569 0.9792862
1740014020.018883 0.1140893 -0.3362250 16.1583920 -0.0713618 0.1993975 -0.0235536 0.9770330
1740014020.271670 0.1564760 -0.3281333 16.2296600 -0.0752065 0.2036490 -0.0228829 0.9758829
1740014020.689695 0.2324592 -0.3031397 16.3795090 -0.0838146 0.2128212 -0.0217811 0.9732460
1740014021.171371 0.3152787 -0.2772698 16.5123062 -0.0924432 0.2209867 -0.0207268 0.9706645
1740014021.404418 0.3672282 -0.2561464 16.5745144 -0.0965619 0.2243352 -0.0197322 0.9695154
1740014021.621568 0.3932210 -0.2375402 16.6516609 -0.1017945 0.2286214 -0.0189418 0.9679935
1740014022.051417 0.4717010 -0.1845610 16.7940445 -0.1112765 0.2365552 -0.0172632 0.9650706
1740014022.512153 0.5604619 -0.1274157 16.9221191 -0.1209991 0.2437364 -0.0157635 0.9621348
1740014022.941990 0.6433216 -0.0690932 17.0541878 -0.1301094 0.2508813 -0.0144239 0.9591257
1740014023.390465 0.7342983 -0.0210543 17.1872997 -0.1385758 0.2574789 -0.0131182 0.9562057
1740014023.830885 0.8238037 0.0423248 17.3156986 -0.1453168 0.2638690 -0.0122953 0.9534701
1740014024.548632 0.9614534 0.1219004 17.5108280 -0.1541477 0.2728211 -0.0106370 0.9495757
1740014025.224091 1.0886178 0.1940550 17.7166538 -0.1589590 0.2824254 -0.0110358 0.9459631
1740014025.886157 1.2322917 0.2835114 17.9066887 -0.1608911 0.2921687 -0.0120521 0.9426591
1740014026.563439 1.3712637 0.3504191 18.1054935 -0.1606619 0.3021222 -0.0136801 0.9395334
1740014027.225718 1.5199497 0.4207966 18.2972088 -0.1591650 0.3133469 -0.0158530 0.9360710
1740014027.675037 1.6320596 0.4674624 18.4121361 -0.1578981 0.3204989 -0.0179306 0.9338239
1740014028.115765 1.7527202 0.5016406 18.5223637 -0.1566773 0.3276095 -0.0192290 0.9315334
1740014028.543267 1.8719002 0.5397598 18.6344376 -0.1555437 0.3349709 -0.0210234 0.9290634
1740014029.190597 2.0471900 0.6074648 18.7999897 -0.1552835 0.3447793 -0.0230422 0.9254639
1740014029.647916 2.1657131 0.6525409 18.9089031 -0.1555473 0.3503426 -0.0236066 0.9233136
1740014030.323035 2.3393180 0.7079530 19.0823975 -0.1566298 0.3574691 -0.0241712 0.9203796
1740014030.776296 2.4370551 0.7622576 19.2103577 -0.1580555 0.3617194 -0.0242712 0.9184707
1740014031.208308 2.5459938 0.8232060 19.3231411 -0.1592168 0.3651856 -0.0245835 0.9168889
1740014031.674999 2.6633430 0.8737960 19.4321194 -0.1613018 0.3683553 -0.0243287 0.9152619
1740014032.089772 2.7822161 0.9164686 19.5411224 -0.1631829 0.3714381 -0.0235806 0.9137008
1740014032.524797 2.9134679 0.9606293 19.6388245 -0.1650325 0.3743403 -0.0233919 0.9121878
1740014032.975126 3.0311756 1.0100636 19.7481689 -0.1672055 0.3775001 -0.0230976 0.9104958
1740014033.430959 3.1424065 1.0524919 19.8666153 -0.1698506 0.3808176 -0.0227707 0.9086310
1740014033.876890 3.2840004 1.0823033 19.9488564 -0.1716573 0.3834836 -0.0225693 0.9071741
1740014034.308269 3.3984718 1.1470168 20.0483055 -0.1734381 0.3863645 -0.0223922 0.9056160
1740014034.738699 3.4982934 1.2240732 20.1657066 -0.1753228 0.3889022 -0.0220428 0.9041743
1740014035.210094 3.6091273 1.2806140 20.2780342 -0.1773676 0.3920861 -0.0219320 0.9024014
1740014035.659606 3.7285821 1.3287406 20.3798790 -0.1788573 0.3947403 -0.0215454 0.9009584
1740014036.127078 3.8514113 1.3858562 20.4784927 -0.1803289 0.3976794 -0.0212955 0.8993771
1740014036.559545 3.9818537 1.4356383 20.5641842 -0.1808943 0.3998212 -0.0213591 0.8983118
1740014037.001070 4.1040797 1.4806708 20.6706448 -0.1820594 0.4017883 -0.0212984 0.8971995
1740014037.444017 4.2255197 1.5318371 20.7739029 -0.1826763 0.4033055 -0.0209699 0.8964007
1740014037.879306 4.3576884 1.5820966 20.8558807 -0.1824479 0.4047918 -0.0213450 0.8957683
1740014038.307875 4.4892092 1.6235743 20.9387646 -0.1823535 0.4053011 -0.0213925 0.8955560
1740014038.772259 4.6118541 1.6739118 21.0421753 -0.1815274 0.4043735 -0.0215763 0.8961386
1740014039.256640 4.7265410 1.7283382 21.1468277 -0.1812978 0.4029456 -0.0208517 0.8968451
1740014039.842079 4.8313289 1.8039324 21.2485085 -0.1807092 0.4019020 -0.0192817 0.8974671
1740014040.528251 5.0010781 1.8960255 21.4006310 -0.1800424 0.3985392 -0.0199028 0.8990858
1740014041.236037 5.1775107 1.9563885 21.5617733 -0.1787987 0.3952318 -0.0205283 0.9007782
1740014041.928397 5.3657746 2.0222480 21.7088661 -0.1768285 0.3916407 -0.0197463 0.9027510
1740014042.594900 5.5247607 2.1089313 21.8714752 -0.1727109 0.3896493 -0.0206379 0.9043885
1740014043.281886 5.6989360 2.1846581 22.0343819 -0.1685782 0.3871402 -0.0226833 0.9061950
1740014043.910873 5.8827624 2.2259161 22.1861057 -0.1653538 0.3849455 -0.0246571 0.9076713
1740014044.593982 6.0429459 2.3148324 22.3511009 -0.1584209 0.3851605 -0.0262279 0.9087719
1740014045.226748 6.2041893 2.3729088 22.5244637 -0.1519864 0.3868698 -0.0298586 0.9090327
1740014045.693442 6.3267469 2.4112401 22.6143551 -0.1475274 0.3880173 -0.0315773 0.9092200
1740014046.158365 6.4528389 2.4466317 22.7109604 -0.1429161 0.3897526 -0.0340688 0.9091244
1740014046.613251 6.5572357 2.4776351 22.8420658 -0.1377461 0.3945143 -0.0371526 0.9077467
1740014047.078225 6.6754327 2.5354888 22.9353237 -0.1317463 0.3974003 -0.0402544 0.9072461
1740014047.309501 6.6936812 2.4996083 22.9775105 -0.1319109 0.3997893 -0.0409380 0.9061413
1740014047.571223 6.7587228 2.5339913 23.0099907 -0.1274584 0.4005962 -0.0415444 0.9063945
1740014048.045496 6.8551874 2.5361590 23.1133842 -0.1241563 0.4047407 -0.0447018 0.9048602
1740014048.304162 6.9444962 2.5753505 23.1489468 -0.1198295 0.4044317 -0.0454434 0.9055445
1740014048.566666 7.0055742 2.5847476 23.1846657 -0.1170036 0.4049214 -0.0462118 0.9056563
1740014048.813670 7.0402536 2.5741649 23.2220154 -0.1158423 0.4067332 -0.0473409 0.9049351
1740014049.014446 7.0598783 2.5541463 23.2411613 -0.1149713 0.4081722 -0.0476485 0.9043819
1740014049.245520 7.1208830 2.5617149 23.2973862 -0.1121592 0.4101889 -0.0483585 0.9037848
1740014049.480676 7.1600513 2.5735490 23.3270836 -0.1086994 0.4114397 -0.0504880 0.9035224
1740014049.727975 7.1987801 2.5442929 23.3476524 -0.1084159 0.4106476 -0.0495275 0.9039699
1740014050.197419 7.2520180 2.5393493 23.4088745 -0.1039083 0.4136718 -0.0516410 0.9030016
1740014050.429457 7.3043623 2.5291662 23.4509850 -0.1032612 0.4143899 -0.0522230 0.9027131
1740014050.663129 7.3374920 2.5168397 23.4721146 -0.1010107 0.4139198 -0.0516454 0.9032165
1740014050.880852 7.3746119 2.4937818 23.4943962 -0.0993574 0.4136474 -0.0523775 0.9034824
1740014051.110533 7.4163933 2.4806385 23.5217648 -0.0977731 0.4139260 -0.0524110 0.9035258
1740014051.370263 7.4576731 2.4543028 23.5489807 -0.0967345 0.4117824 -0.0509021 0.9047025
1740014051.567372 7.4906034 2.4497876 23.5829887 -0.0941774 0.4127403 -0.0523610 0.9044526
1740014051.799287 7.5076671 2.4361668 23.5813484 -0.0933486 0.4120435 -0.0534041 0.9047952
1740014052.031085 7.5195599 2.4319477 23.5994320 -0.0906781 0.4121745 -0.0540782 0.9049670
1740014052.247854 7.5237522 2.4294298 23.6073818 -0.0903144 0.4138882 -0.0572827 0.9040235
1740014052.497113 7.5339627 2.4229054 23.6169739 -0.0883963 0.4134438 -0.0571601 0.9044241
1740014052.747492 7.5380735 2.4212780 23.6223507 -0.0868473 0.4134457 -0.0573146 0.9045635
1740014052.962957 7.5416183 2.4212501 23.6178455 -0.0851986 0.4128405 -0.0582748 0.9049354
1740014053.181147 7.5475206 2.4139588 23.6275482 -0.0840003 0.4124998 -0.0572934 0.9052653
1740014053.415533 7.5544939 2.4116726 23.6343651 -0.0819271 0.4118299 -0.0583747 0.9056912
1740014053.632753 7.5616598 2.4093187 23.6321869 -0.0812214 0.4123525 -0.0606022 0.9053705
1740014053.876783 7.5724645 2.4005435 23.6571198 -0.0786018 0.4117031 -0.0599481 0.9059407
1740014054.137084 7.5902596 2.3892846 23.6675510 -0.0776881 0.4111298 -0.0598670 0.9062852
1740014054.352911 7.5941405 2.3892918 23.6672096 -0.0751824 0.4100527 -0.0601715 0.9069641
1740014054.552044 7.6056204 2.3901672 23.6714725 -0.0728223 0.4097246 -0.0617511 0.9071987
1740014054.784123 7.6113462 2.3831620 23.6823578 -0.0723219 0.4111167 -0.0641089 0.9064451
1740014055.015890 7.6121879 2.3865232 23.6834888 -0.0706588 0.4106391 -0.0633286 0.9068475
1740014055.245739 7.6292248 2.3891172 23.7086487 -0.0675764 0.4113880 -0.0663283 0.9065285
1740014055.465060 7.6527615 2.3733108 23.7239380 -0.0646847 0.4088480 -0.0651692 0.9079715
1740014055.669257 7.6507058 2.3742249 23.7240124 -0.0645548 0.4107891 -0.0689058 0.9068280
1740014055.898123 7.6458139 2.3857386 23.7213783 -0.0616606 0.4109816 -0.0688600 0.9069456
1740014056.139566 7.6651678 2.3623607 23.7293320 -0.0612386 0.4068969 -0.0663311 0.9090021
1740014056.358083 7.6979923 2.3499689 23.7779236 -0.0579272 0.4077970 -0.0681714 0.9086797
1740014056.600131 7.7212887 2.3332748 23.8284225 -0.0555709 0.4090159 -0.0706037 0.9080930
1740014056.832798 7.7195902 2.3365338 23.8272476 -0.0543451 0.4108683 -0.0737744 0.9070784
1740014057.082800 7.7216916 2.3313498 23.8215141 -0.0533753 0.4092338 -0.0736476 0.9078848
1740014057.318439 7.7221346 2.3288610 23.8230476 -0.0526949 0.4100303 -0.0762081 0.9073538
1740014057.534063 7.7319231 2.3264141 23.8337822 -0.0489458 0.4095410 -0.0766539 0.9077471
1740014057.749014 7.7740545 2.2919130 23.8661842 -0.0466859 0.4058793 -0.0753719 0.9096162
1740014057.950028 7.8355169 2.2685204 23.9027824 -0.0443658 0.4025487 -0.0754172 0.9112072
1740014058.182941 7.8866882 2.2696929 23.9286652 -0.0394547 0.3984490 -0.0771514 0.9130878
1740014058.402103 7.9490290 2.2529743 23.9829521 -0.0370178 0.3966475 -0.0767805 0.9140050
1740014058.650276 8.0099277 2.2318423 24.0243816 -0.0332453 0.3932666 -0.0762715 0.9156521
1740014058.896383 8.0519924 2.2139237 24.0473061 -0.0291502 0.3874121 -0.0763119 0.9182802
1740014059.153131 8.0987873 2.1893969 24.0822964 -0.0249153 0.3830633 -0.0762274 0.9202343
1740014059.404925 8.1440268 2.1803010 24.1037445 -0.0201200 0.3776315 -0.0776630 0.9224739
1740014059.667045 8.1877689 2.2039802 24.1082687 -0.0120497 0.3728233 -0.0829794 0.9241061
1740014059.932013 8.2357092 2.1758361 24.1574974 -0.0089773 0.3697658 -0.0818608 0.9254683
1740014060.199927 8.2952118 2.1628308 24.1919327 -0.0028899 0.3647260 -0.0829987 0.9274038
1740014060.436466 8.3342133 2.1524291 24.2120934 0.0022724 0.3584997 -0.0848127 0.9296665
1740014060.678547 8.3806591 2.1451988 24.2509460 0.0080812 0.3551116 -0.0869619 0.9307352
1740014060.928341 8.4185619 2.1358397 24.2699776 0.0149676 0.3489005 -0.0891680 0.9327880
1740014061.168114 8.4813108 2.1788795 24.2482471 0.0275268 0.3380356 -0.0938364 0.9360390
1740014061.396374 8.5194197 2.1739793 24.2781639 0.0356127 0.3315456 -0.0964918 0.9378159
1740014061.601450 8.5865536 2.1612833 24.3120060 0.0417307 0.3249130 -0.0972925 0.9398001
1740014061.834332 8.6324711 2.1466165 24.3583641 0.0476418 0.3207643 -0.0992729 0.9407367
1740014062.051007 8.6832180 2.1286709 24.4081535 0.0536531 0.3160674 -0.1018806 0.9417235
1740014062.284454 8.7268581 2.1185210 24.4699135 0.0599838 0.3122501 -0.1037865 0.9424067
1740014062.498101 8.7756729 2.0917017 24.5158100 0.0659194 0.3070472 -0.1054568 0.9435335
1740014062.718848 8.8207664 2.0532784 24.5611668 0.0705347 0.3022466 -0.1072076 0.9445520
1740014062.956751 8.8793287 2.0265450 24.6206970 0.0759845 0.2976722 -0.1092169 0.9453514
1740014063.218667 8.9191542 2.0070014 24.6817627 0.0822174 0.2941308 -0.1120747 0.9456039
1740014063.437838 8.9641809 1.9887125 24.7237091 0.0891770 0.2888891 -0.1142492 0.9463285
1740014063.659697 9.0090694 1.9558935 24.7810993 0.0947902 0.2844818 -0.1155322 0.9469621
1740014063.868397 9.0631742 1.9321876 24.8231258 0.0999573 0.2788089 -0.1165344 0.9479946
1740014064.101118 9.1039419 1.9064445 24.8937302 0.1063222 0.2752737 -0.1178810 0.9481688
1740014064.318906 9.1464396 1.8723533 24.9285908 0.1112779 0.2711208 -0.1196361 0.9485768
1740014064.551431 9.1549950 1.8459420 25.0014248 0.1165576 0.2711261 -0.1214074 0.9477158
1740014064.782587 9.1885223 1.8082645 25.0547409 0.1201939 0.2686347 -0.1238488 0.9476552
1740014065.001952 9.2128773 1.7826650 25.1072998 0.1255963 0.2658063 -0.1250848 0.9475898
1740014065.222165 9.2384014 1.7211084 25.1853199 0.1288853 0.2654986 -0.1272183 0.9469501
1740014065.485337 9.2771339 1.6978152 25.2525349 0.1354595 0.2631762 -0.1280533 0.9465682
1740014065.685285 9.2964344 1.6691077 25.3064747 0.1401029 0.2622672 -0.1310693 0.9457315
1740014066.035400 9.3233385 1.6318450 25.3549080 0.1441859 0.2610614 -0.1317187 0.9453611
1740014066.268073 9.3470125 1.6044290 25.4224434 0.1501993 0.2612728 -0.1342632 0.9440075
1740014066.504742 9.3736105 1.5615125 25.5032902 0.1551957 0.2615953 -0.1354176 0.9429445
1740014066.735124 9.4096117 1.5198085 25.5591507 0.1600887 0.2603498 -0.1368386 0.9422658
1740014066.954600 9.4467030 1.4915977 25.5950394 0.1648286 0.2583204 -0.1380804 0.9418259
1740014067.199754 9.4818525 1.4559839 25.6792374 0.1702801 0.2585672 -0.1390202 0.9406493
1740014067.457934 9.5123434 1.4187086 25.7517586 0.1746008 0.2592328 -0.1405668 0.9394434
1740014067.705500 9.5327520 1.3673592 25.8137398 0.1792411 0.2605223 -0.1418222 0.9380230
1740014067.902604 9.5692921 1.3381772 25.8750401 0.1842836 0.2605056 -0.1428110 0.9368999
1740014068.118871 9.6169567 1.2930036 25.9485188 0.1900752 0.2606622 -0.1433508 0.9356160
1740014068.333482 9.6575518 1.2610991 25.9998360 0.1947500 0.2609479 -0.1454692 0.9342470
1740014068.568843 9.6819372 1.2129912 26.0479412 0.1988575 0.2619744 -0.1459457 0.9330193
1740014068.802099 9.7152500 1.1832056 26.1151772 0.2045126 0.2629241 -0.1465603 0.9314321
1740014069.084898 9.7510281 1.1555934 26.1801090 0.2103657 0.2639620 -0.1479942 0.9296064
1740014069.335785 9.7874556 1.1204867 26.2363834 0.2151732 0.2655002 -0.1488696 0.9279268
1740014069.587106 9.8316307 1.0784936 26.3000069 0.2206164 0.2665312 -0.1497532 0.9262092
1740014069.819632 9.8704967 1.0389676 26.3685303 0.2252935 0.2680440 -0.1498163 0.9246353
1740014070.047841 9.9106998 0.9996786 26.4351158 0.2304067 0.2700090 -0.1512606 0.9225661
1740014070.252892 9.9440002 0.9647040 26.4887695 0.2348532 0.2713493 -0.1517841 0.9209643
1740014070.472504 9.9832287 0.9243779 26.5525284 0.2394677 0.2726434 -0.1524953 0.9192747
1740014070.716968 10.0168400 0.8770070 26.6119537 0.2437392 0.2743767 -0.1530255 0.9175467
1740014070.949220 10.0513248 0.8305821 26.6723671 0.2482021 0.2758912 -0.1537300 0.9157766
1740014071.152271 10.0733404 0.7647223 26.7235622 0.2508353 0.2777955 -0.1534151 0.9145355
1740014071.402779 10.1090746 0.7159076 26.7860737 0.2547746 0.2798195 -0.1539719 0.9127342
1740014071.655877 10.1454296 0.6647363 26.8408012 0.2587145 0.2815019 -0.1540389 0.9110958
1740014071.887862 10.1835737 0.6093369 26.8903294 0.2614955 0.2831489 -0.1544596 0.9097192
1740014072.103868 10.2191830 0.5588193 26.9508648 0.2643400 0.2851009 -0.1540655 0.9083533
1740014072.537148 10.2955399 0.4555264 27.0667629 0.2700976 0.2879989 -0.1549115 0.9055972
1740014072.875889 10.3242836 0.4078102 27.0988083 0.2721685 0.2889677 -0.1548435 0.9046798
1740014073.101657 10.3584023 0.3547745 27.1491032 0.2746132 0.2903945 -0.1546080 0.9035237
1740014073.320460 10.3923054 0.3099999 27.2036934 0.2773471 0.2915727 -0.1551636 0.9022130
1740014073.553794 10.4322472 0.2565899 27.2607250 0.2794079 0.2928308 -0.1552683 0.9011510
1740014073.789225 10.4674892 0.2088037 27.3226814 0.2813881 0.2938003 -0.1552967 0.9002139
1740014073.998106 10.5042076 0.1508136 27.3835373 0.2828345 0.2948391 -0.1552625 0.8994266
1740014074.225526 10.5393257 0.1021104 27.4362831 0.2842019 0.2958165 -0.1552053 0.8986841
1740014074.636806 10.6227856 -0.0154686 27.5161285 0.2857684 0.2965767 -0.1558230 0.8978295
1740014074.855232 10.6579704 -0.0361156 27.5887966 0.2887316 0.2977887 -0.1556254 0.8965136
1740014075.088129 10.6914282 -0.1100378 27.6320496 0.2884399 0.2983079 -0.1550534 0.8965340
1740014075.538958 10.7558537 -0.2026720 27.7484646 0.2902934 0.2993006 -0.1556576 0.8954996
1740014075.785697 10.7916117 -0.2603559 27.8064194 0.2907768 0.2999350 -0.1557565 0.8951132
1740014076.245144 10.8750305 -0.3593879 27.9113846 0.2920670 0.2996184 -0.1561033 0.8947388
1740014076.453904 10.9112301 -0.4131589 27.9678879 0.2921693 0.2998379 -0.1562849 0.8946002
1740014076.688857 10.9512110 -0.4660125 28.0240402 0.2923343 0.2998658 -0.1563973 0.8945172
1740014076.937966 10.9927139 -0.5154605 28.0756645 0.2930353 0.2996039 -0.1565621 0.8943468
1740014077.186399 11.0342846 -0.5771136 28.1234055 0.2926628 0.2991745 -0.1567973 0.8945713
1740014077.657058 11.0916061 -0.6760035 28.2342186 0.2925077 0.2995818 -0.1562090 0.8945886
1740014077.890059 11.1294537 -0.7312145 28.2886086 0.2922775 0.2989042 -0.1570347 0.8947460
1740014078.542195 11.2419167 -0.8915997 28.4525070 0.2911108 0.2974487 -0.1574607 0.8955361
1740014078.990597 11.3134956 -0.9766068 28.5539894 0.2910683 0.2967626 -0.1574451 0.8957803
1740014079.224862 11.3517056 -1.0342641 28.6095333 0.2905683 0.2961920 -0.1576406 0.8960970
1740014079.689437 11.4174891 -1.1388102 28.7208748 0.2891983 0.2962768 -0.1568458 0.8966514
1740014079.936749 11.4575062 -1.1883817 28.7762604 0.2884218 0.2961488 -0.1567686 0.8969573
1740014080.189361 11.4955063 -1.2396407 28.8354015 0.2877473 0.2962597 -0.1565498 0.8971755
1740014080.640493 11.5668449 -1.3350716 28.9470444 0.2862034 0.2957438 -0.1564952 0.8978488
1740014080.855278 11.6004848 -1.3848996 29.0048885 0.2854352 0.2955033 -0.1562811 0.8982098
1740014081.350701 11.6600666 -1.4730082 29.1266174 0.2842083 0.2948256 -0.1564983 0.8987836
1740014081.584938 11.6892319 -1.5207157 29.1898804 0.2837112 0.2946857 -0.1562711 0.8990260
1740014082.087345 11.7754707 -1.6132097 29.2969131 0.2817488 0.2932279 -0.1565243 0.9000751
1740014082.346353 11.8155518 -1.6594677 29.3558655 0.2809545 0.2927455 -0.1562573 0.9005267
1740014082.773243 11.9098854 -1.7625828 29.4539299 0.2790928 0.2906978 -0.1566681 0.9016969
1740014083.222834 11.9643230 -1.8651114 29.5645294 0.2771821 0.2902317 -0.1560133 0.9025494
1740014083.473161 11.9936657 -1.9249763 29.6208038 0.2753584 0.2898666 -0.1558129 0.9032593
1740014083.908240 12.0825739 -2.0250840 29.7278061 0.2719267 0.2861716 -0.1567999 0.9053041
1740014084.139706 12.1222992 -2.0713854 29.7841225 0.2702251 0.2839705 -0.1567838 0.9065087
1740014084.372266 12.1527319 -2.1178694 29.8493767 0.2681238 0.2823465 -0.1568021 0.9076360
1740014084.595150 12.1807013 -2.1733828 29.9096756 0.2652768 0.2804151 -0.1568175 0.9090676
1740014084.834795 12.2085762 -2.2152748 29.9772568 0.2628372 0.2787604 -0.1569787 0.9102566
1740014085.257620 12.2959213 -2.3007281 30.0925350 0.2567832 0.2724276 -0.1577173 0.9137674
1740014085.503106 12.3265362 -2.3465433 30.1532288 0.2533067 0.2696275 -0.1577235 0.9155654
1740014085.722848 12.3575687 -2.3981059 30.2128716 0.2488713 0.2665658 -0.1578424 0.9176555
1740014085.941101 12.3864002 -2.4465580 30.2739792 0.2445013 0.2634116 -0.1577849 0.9197485
1740014086.191260 12.4155531 -2.4918928 30.3395729 0.2398896 0.2599194 -0.1579145 0.9219316
1740014086.671144 12.4697733 -2.5557773 30.4756927 0.2303347 0.2526082 -0.1580442 0.9263677
1740014086.877566 12.4932480 -2.5976677 30.5512791 0.2246388 0.2489738 -0.1578071 0.9287876
1740014087.379885 12.5401773 -2.6606474 30.6981621 0.2130333 0.2420822 -0.1572361 0.9334291
1740014087.652383 12.5653410 -2.6987472 30.7719154 0.2065916 0.2387187 -0.1568936 0.9357979
1740014088.396935 12.6547384 -2.7922971 30.9870186 0.1868593 0.2295251 -0.1550318 0.9425322
1740014088.878747 12.7194881 -2.8434787 31.1284065 0.1730822 0.2248568 -0.1532534 0.9465703
1740014089.308507 12.7869806 -2.8896327 31.2767258 0.1585256 0.2218779 -0.1509260 0.9501901
1740014089.775014 12.8499975 -2.9337354 31.4262638 0.1442075 0.2199241 -0.1485201 0.9532992
1740014090.241776 12.9126310 -2.9832418 31.5690708 0.1291030 0.2189824 -0.1456570 0.9561188
1740014090.741811 12.9705391 -3.0164616 31.7237644 0.1138443 0.2201025 -0.1423901 0.9582899
1740014091.445711 13.0786905 -3.0713377 31.9411373 0.0895038 0.2233905 -0.1367305 0.9609321
1740014092.150961 13.1817379 -3.1051211 32.1652069 0.0634707 0.2301253 -0.1301034 0.9623341
1740014092.924021 13.2912025 -3.1142697 32.3898735 0.0342720 0.2392182 -0.1225628 0.9625894
1740014093.593818 13.4184475 -3.1236763 32.6042099 0.0011901 0.2499853 -0.1136936 0.9615507
1740014094.059851 13.5206938 -3.1345782 32.7369843 -0.0228205 0.2570921 -0.1070159 0.9601721
1740014094.759905 13.6739826 -3.1377823 32.9386024 -0.0628674 0.2669099 -0.0966457 0.9568001
1740014095.226393 13.7652617 -3.1000690 33.0705566 -0.0907961 0.2730325 -0.0887849 0.9535862
1740014095.945438 13.9217234 -2.9720263 33.2201843 -0.1324803 0.2801418 -0.0771582 0.9476371
1740014096.630133 14.0552511 -2.8345020 33.3858757 -0.1725964 0.2852578 -0.0654894 0.9405050
1740014097.326961 14.1782494 -2.6935246 33.5525436 -0.2068465 0.2876962 -0.0549955 0.9334993
1740014097.976314 14.3079395 -2.5479517 33.7189484 -0.2324505 0.2874938 -0.0466108 0.9279772
1740014098.693810 14.4541702 -2.4175570 33.8845673 -0.2487774 0.2851684 -0.0407706 0.9247305
1740014099.377654 14.5989666 -2.3004601 34.0552750 -0.2564224 0.2820135 -0.0378383 0.9237339
1740014100.050385 14.7386274 -2.1926901 34.2344475 -0.2564948 0.2774706 -0.0366021 0.9251383
1740014100.759300 14.8615246 -2.0883069 34.4301262 -0.2511132 0.2713570 -0.0363335 0.9284328
1740014101.467671 14.9977636 -1.9950254 34.6209335 -0.2431442 0.2612270 -0.0360467 0.9334570
1740014102.221056 15.1284876 -1.9065037 34.8173828 -0.2343721 0.2499770 -0.0356224 0.9387823
1740014102.966095 15.2433290 -1.8109570 35.0295296 -0.2251446 0.2358225 -0.0345019 0.9447260
1740014103.716200 15.3192024 -1.6835018 35.2338448 -0.2156462 0.2209552 -0.0330759 0.9505690
1740014104.397055 15.4109211 -1.5805478 35.4488106 -0.2061575 0.2044315 -0.0321225 0.9563864
1740014105.113443 15.5094948 -1.5057929 35.6728325 -0.1960716 0.1879138 -0.0304606 0.9619337
1740014105.780743 15.5686264 -1.4043691 35.9019203 -0.1859515 0.1724803 -0.0297841 0.9668431
1740014106.413402 15.6532125 -1.3499694 36.1363831 -0.1754989 0.1567360 -0.0286154 0.9715015
1740014107.096205 15.7234726 -1.3051473 36.3802452 -0.1657923 0.1422122 -0.0275392 0.9754641
1740014107.796826 15.7596636 -1.2247854 36.6208763 -0.1577667 0.1282476 -0.0262945 0.9787599
1740014108.463975 15.8175459 -1.1331986 36.8571091 -0.1513160 0.1143132 -0.0249173 0.9815372
1740014109.259482 15.8835192 -1.0573702 37.0941162 -0.1477555 0.1005540 -0.0235738 0.9836166
1740014109.914633 15.9310789 -0.9983743 37.3386879 -0.1458526 0.0868079 -0.0219226 0.9852466
1740014110.599773 15.9637861 -0.9434118 37.5915184 -0.1459511 0.0726852 -0.0194001 0.9864273
1740014111.300760 15.9630985 -0.8844423 37.8363876 -0.1485165 0.0591921 -0.0179267 0.9869741
1740014111.778698 15.9495411 -0.8266132 37.9982796 -0.1519019 0.0505463 -0.0163607 0.9869667
1740014112.521676 15.9592495 -0.7228638 38.2345276 -0.1564927 0.0365246 -0.0141716 0.9869018
1740014113.232937 15.9848337 -0.6369869 38.4739456 -0.1626532 0.0244017 -0.0119676 0.9863089
1740014113.962531 16.0051479 -0.5598953 38.7178917 -0.1700019 0.0130320 -0.0092266 0.9853144
1740014114.866611 15.9838562 -0.4427192 39.0417099 -0.1807342 -0.0007778 -0.0072707 0.9835048
1740014115.606802 15.9386158 -0.3475177 39.2793007 -0.1901447 -0.0093734 -0.0055768 0.9816955
1740014116.328392 15.9155579 -0.2558259 39.5186310 -0.1989513 -0.0166869 -0.0042089 0.9798583
1740014117.016038 15.9218149 -0.1411518 39.7527046 -0.2069504 -0.0227492 -0.0034834 0.9780807
1740014117.717222 15.8931046 -0.0084440 39.9741211 -0.2147583 -0.0272245 -0.0025692 0.9762843
1740014118.417779 15.8722401 0.1064724 40.2087746 -0.2226982 -0.0293361 -0.0024648 0.9744428
1740014119.267174 15.8643055 0.2713355 40.5080605 -0.2283570 -0.0311582 -0.0021807 0.9730763
1740014119.966548 15.8344460 0.4204106 40.7214050 -0.2277480 -0.0321081 -0.0019573 0.9731886
1740014120.419466 15.8172264 0.4964108 40.8774986 -0.2256368 -0.0323494 -0.0012716 0.9736735
1740014120.867501 15.8124008 0.5742090 41.0273438 -0.2208758 -0.0338763 -0.0012245 0.9747127
1740014121.533664 15.8167925 0.6833464 41.2635345 -0.2108173 -0.0369341 -0.0000825 0.9768275
1740014122.001574 15.8283005 0.7621688 41.4179382 -0.2018670 -0.0405968 0.0005848 0.9785711
1740014122.434133 15.8273649 0.7967299 41.5901718 -0.1919059 -0.0449624 0.0024814 0.9803798
1740014122.899676 15.7963696 0.8051005 41.7602158 -0.1814172 -0.0511405 0.0039783 0.9820675
1740014123.604268 15.7402267 0.8719917 42.0089340 -0.1663260 -0.0624543 0.0068513 0.9840672
1740014124.069131 15.7120676 0.9187220 42.1731224 -0.1569854 -0.0719938 0.0092202 0.9849302
1740014124.534422 15.6782436 0.9703224 42.3373489 -0.1478992 -0.0815841 0.0112406 0.9855676
1740014125.218774 15.6033306 1.0370319 42.5787888 -0.1371443 -0.0964211 0.0145253 0.9857401
1740014125.867386 15.5069752 1.1012081 42.8128281 -0.1274046 -0.1101829 0.0175252 0.9855561
1740014126.318624 15.4592533 1.1486355 42.9731293 -0.1212439 -0.1175393 0.0193843 0.9854485
1740014126.999953 15.3947763 1.1999327 43.2192039 -0.1123719 -0.1265384 0.0212273 0.9853477
1740014127.669718 15.3088932 1.2398775 43.4679451 -0.1024384 -0.1310656 0.0232712 0.9857924
1740014128.135768 15.2508249 1.2697344 43.6276321 -0.0962323 -0.1327152 0.0243502 0.9861709
1740014128.835722 15.1796665 1.3059881 43.8711281 -0.0861132 -0.1328015 0.0253591 0.9870690
1740014129.524786 15.1376762 1.3148929 44.1268768 -0.0758556 -0.1310516 0.0266106 0.9881110
1740014130.186134 15.0768719 1.3479598 44.3798103 -0.0646755 -0.1279858 0.0281623 0.9892642
1740014130.650967 15.0293560 1.3735635 44.5449982 -0.0586636 -0.1262020 0.0291840 0.9898384
1740014131.103756 14.9801388 1.3865551 44.7098236 -0.0530454 -0.1236376 0.0293848 0.9904729
1740014131.772061 14.9277611 1.3821119 44.9636688 -0.0462481 -0.1223114 0.0300356 0.9909586
1740014132.445024 14.8677235 1.3733829 45.2163734 -0.0410908 -0.1209983 0.0308564 0.9913218
1740014132.921380 14.8106956 1.3853084 45.3785477 -0.0393802 -0.1195963 0.0314204 0.9915436
1740014133.599167 14.7515345 1.4102542 45.6321182 -0.0380806 -0.1185284 0.0316684 0.9917147
1740014134.254056 14.7086630 1.4337560 45.8898239 -0.0391396 -0.1177039 0.0314925 0.9917773
1740014134.939276 14.6382275 1.4513028 46.1382523 -0.0406221 -0.1158402 0.0314604 0.9919381
1740014135.615288 14.5802450 1.4685160 46.3921127 -0.0428160 -0.1142209 0.0310735 0.9920458
1740014136.272632 14.5165815 1.5067480 46.6397820 -0.0451737 -0.1125761 0.0302658 0.9921542
1740014136.955571 14.4706659 1.5273470 46.8949127 -0.0454483 -0.1113594 0.0304568 0.9922731
1740014137.632579 14.4232121 1.5642778 47.1459618 -0.0447930 -0.1098568 0.0306088 0.9924657
1740014138.307313 14.3640890 1.5805531 47.4004211 -0.0435719 -0.1088450 0.0306742 0.9926296
1740014139.022603 14.3031464 1.5903137 47.6528893 -0.0426123 -0.1102854 0.0308364 0.9925072
1740014139.489848 14.2589703 1.5863751 47.8244133 -0.0440545 -0.1115583 0.0302784 0.9923191
1740014140.160608 14.2131252 1.6017640 48.0800514 -0.0470484 -0.1147482 0.0308030 0.9918016
1740014140.648587 14.1779232 1.6066997 48.2470436 -0.0508390 -0.1177675 0.0310180 0.9912539
1740014141.172110 14.1449909 1.6172776 48.4190598 -0.0573581 -0.1215761 0.0299468 0.9904709
1740014141.673848 14.1067543 1.6347597 48.5906906 -0.0660857 -0.1260343 0.0296423 0.9893783
1740014142.378524 14.0351048 1.6760082 48.8380699 -0.0833429 -0.1333174 0.0276173 0.9871767
1740014143.041317 13.9347687 1.7488651 49.0617218 -0.1034886 -0.1404510 0.0253407 0.9843381
1740014143.701559 13.8557777 1.8110292 49.2019920 -0.1186252 -0.1445023 0.0233914 0.9820896
1740014144.195437 13.7945013 1.8752189 49.3521347 -0.1344623 -0.1481530 0.0211034 0.9795536
1740014144.607354 13.7397327 1.9397423 49.5007744 -0.1494698 -0.1489975 0.0193313 0.9772844
1740014145.089469 13.6861858 2.0135677 49.6462021 -0.1648112 -0.1491853 0.0169692 0.9748298
1740014145.790215 13.6080885 2.1326497 49.8690910 -0.1851678 -0.1464139 0.0134125 0.9716460
1740014146.472019 13.5146999 2.2392478 50.0897942 -0.2047252 -0.1397590 0.0090493 0.9687483
1740014147.141845 13.4999313 2.3645003 50.3158607 -0.2219238 -0.1322495 0.0041565 0.9660448
1740014147.842233 13.4779549 2.4726131 50.5501785 -0.2375993 -0.1236629 0.0001521 0.9634594
1740014148.496449 13.4258728 2.6143174 50.7629738 -0.2522269 -0.1154387 -0.0033806 0.9607518
1740014148.995653 13.3766842 2.7017322 50.9021835 -0.2623918 -0.1123743 -0.0057831 0.9583784
1740014149.677065 13.3299885 2.8592834 51.1011086 -0.2759628 -0.1087055 -0.0082847 0.9549655
1740014150.159006 13.3147449 2.9641747 51.2416725 -0.2842358 -0.1077561 -0.0094849 0.9526325
1740014150.808476 13.2568960 3.1309409 51.4310951 -0.2957741 -0.1079163 -0.0104985 0.9490846
1740014151.276121 13.2182264 3.2305849 51.5732155 -0.3017358 -0.1088929 -0.0107183 0.9470918
1740014151.766136 13.1863308 3.3359714 51.7074547 -0.3075383 -0.1098836 -0.0107961 0.9451081
1740014152.192554 13.1499586 3.4338937 51.8409500 -0.3123191 -0.1104885 -0.0108360 0.9434679
1740014152.642440 13.1154270 3.5411825 51.9703331 -0.3160112 -0.1124511 -0.0097166 0.9420177
1740014153.060215 13.0685825 3.6482821 52.0891609 -0.3187780 -0.1127252 -0.0105183 0.9410436
1740014153.525530 13.0226727 3.7512436 52.2164764 -0.3212518 -0.1124523 -0.0104439 0.9402354
1740014154.015727 12.9926863 3.8611991 52.3476334 -0.3216104 -0.1125918 -0.0099801 0.9401012
1740014154.460537 12.9569960 3.9641058 52.4831276 -0.3217778 -0.1112130 -0.0110086 0.9401966
1740014155.126327 12.9060631 4.1151428 52.6833649 -0.3208205 -0.1085181 -0.0128052 0.9408156
1740014155.576402 12.8728228 4.2264795 52.8124847 -0.3199153 -0.1054894 -0.0135752 0.9414573
1740014156.045015 12.8431110 4.3245382 52.9524384 -0.3189339 -0.1023092 -0.0143292 0.9421299
1740014156.504789 12.8216705 4.4347925 53.0851135 -0.3163566 -0.0993583 -0.0146202 0.9433095
1740014157.128043 12.7744646 4.5833206 53.2860756 -0.3143114 -0.0938470 -0.0166577 0.9445230
1740014157.561571 12.7613621 4.6773438 53.4297256 -0.3118436 -0.0900892 -0.0172279 0.9456959
1740014158.037694 12.7256622 4.7840948 53.5599098 -0.3093531 -0.0863467 -0.0184595 0.9468390
1740014158.711015 12.6938639 4.9316301 53.7587433 -0.3060449 -0.0814199 -0.0204205 0.9483092
1740014159.159996 12.6666584 5.0327268 53.8968887 -0.3038379 -0.0778536 -0.0215061 0.9492939
1740014159.830237 12.6295757 5.1739507 54.1072807 -0.2993858 -0.0711758 -0.0226216 0.9512047
1740014160.332145 12.6186781 5.2817416 54.2414207 -0.2958136 -0.0673417 -0.0242811 0.9525596
1740014160.824518 12.5826254 5.3859868 54.3742371 -0.2920546 -0.0627719 -0.0248433 0.9540160
1740014161.245356 12.5693779 5.4857593 54.5158920 -0.2883551 -0.0587219 -0.0261544 0.9553633
1740014161.928470 12.5688448 5.5925856 54.7538643 -0.2844456 -0.0524353 -0.0277586 0.9568546
1740014162.380257 12.5678835 5.6752691 54.9051132 -0.2816795 -0.0481693 -0.0298444 0.9578338
1740014163.073336 12.5678396 5.8049603 55.1288185 -0.2797070 -0.0437397 -0.0313852 0.9585750
1740014163.698091 12.5474043 5.9364810 55.3485680 -0.2802322 -0.0402328 -0.0327973 0.9585278
1740014164.381110 12.5532188 6.0733180 55.5696030 -0.2843134 -0.0398207 -0.0335840 0.9573152
1740014164.896592 12.5382090 6.1685066 55.7127647 -0.2890193 -0.0397865 -0.0337795 0.9558995
1740014165.448125 12.5239286 6.2632036 55.8615570 -0.2953747 -0.0420103 -0.0335804 0.9538665
1740014166.133958 12.5264864 6.4166021 56.0676460 -0.3077996 -0.0460406 -0.0336324 0.9497413
1740014166.614848 12.5025730 6.5246978 56.2004242 -0.3174397 -0.0498058 -0.0332290 0.9463864
1740014167.342814 12.4715462 6.7047076 56.3851242 -0.3330326 -0.0561636 -0.0320144 0.9406966
1740014168.019206 12.4730825 6.8744369 56.5768394 -0.3492970 -0.0638997 -0.0313109 0.9343062
1740014168.513736 12.4386196 6.9950876 56.7035751 -0.3587608 -0.0699531 -0.0296877 0.9303311
1740014169.014003 12.4090796 7.1254854 56.8038750 -0.3695319 -0.0754977 -0.0289638 0.9256929
1740014169.464493 12.3920364 7.2524595 56.9127312 -0.3790541 -0.0817036 -0.0270143 0.9213647
1740014170.145086 12.3568773 7.4537783 57.0732079 -0.3920685 -0.0911080 -0.0248242 0.9150767
1740014170.584648 12.3355532 7.5918045 57.1778259 -0.3993912 -0.0987921 -0.0221747 0.9111724
1740014171.048184 12.2906923 7.7142763 57.2815170 -0.4054074 -0.1048690 -0.0205145 0.9078693
1740014171.698747 12.2196541 7.9061489 57.4382133 -0.4141065 -0.1145601 -0.0184579 0.9028018
1740014171.935329 12.2003117 7.9602623 57.4937363 -0.4167931 -0.1174905 -0.0169189 0.9012176
1740014172.170286 12.1777859 8.0263367 57.5457916 -0.4189480 -0.1197164 -0.0166719 0.8999292
1740014172.920358 12.1197720 8.2232533 57.6947441 -0.4261578 -0.1270792 -0.0139284 0.8955705
1740014173.436616 12.0699883 8.3586559 57.7869797 -0.4299160 -0.1306735 -0.0126670 0.8932728
1740014173.906662 12.0104132 8.4875517 57.8786659 -0.4330056 -0.1307834 -0.0129936 0.8917584
1740014174.365773 12.0054340 8.5161343 57.9059563 -0.4377318 -0.1328629 -0.0158566 0.8890933
1740014174.832892 12.0385876 8.5237017 57.9234734 -0.4447798 -0.1392162 -0.0171253 0.8845884
1740014175.298921 12.0827065 8.5460367 57.9299278 -0.4459707 -0.1458752 -0.0197784 0.8828586
1740014175.516195 12.1031742 8.5309381 57.9588013 -0.4535204 -0.1505701 -0.0214800 0.8781722
1740014175.748888 12.1044712 8.5234337 57.9689064 -0.4589109 -0.1507732 -0.0236907 0.8752754
1740014175.988618 12.1157284 8.5341463 57.9582939 -0.4598212 -0.1521026 -0.0251391 0.8745269
1740014176.216637 12.1201229 8.5308237 57.9618683 -0.4641183 -0.1530717 -0.0271878 0.8720230
1740014176.471431 12.1266937 8.5256329 57.9749069 -0.4697875 -0.1529202 -0.0294278 0.8689356
1740014176.716813 12.1423454 8.5205135 57.9776993 -0.4731869 -0.1543665 -0.0300131 0.8668128
1740014176.983390 12.1537075 8.5314531 57.9552422 -0.4717096 -0.1544467 -0.0306778 0.8675801
1740014177.203606 12.1684761 8.5537930 57.9557343 -0.4747685 -0.1555823 -0.0322233 0.8656505
1740014177.470064 12.1760006 8.5510950 57.9512634 -0.4769581 -0.1554313 -0.0322882 0.8644707
1740014177.715574 12.1936455 8.5626040 57.9553680 -0.4773303 -0.1565440 -0.0330007 0.8640375
1740014177.973040 12.1972084 8.5962915 57.9781532 -0.4820290 -0.1584022 -0.0342542 0.8610362
1740014178.266440 12.1862688 8.6551266 57.9971466 -0.4847847 -0.1585234 -0.0345605 0.8594532
1740014178.520112 12.1715775 8.7206707 58.0243340 -0.4843049 -0.1590528 -0.0355662 0.8595847
1740014178.775555 12.1558056 8.7920866 58.0715027 -0.4855105 -0.1594256 -0.0360242 0.8588163
1740014179.005393 12.1397266 8.8654642 58.1125412 -0.4855276 -0.1592971 -0.0353909 0.8588567
1740014179.246607 12.1272888 8.9386530 58.1510620 -0.4858232 -0.1603920 -0.0363847 0.8584442
1740014179.495063 12.1106873 9.0068264 58.1904602 -0.4852219 -0.1604367 -0.0366202 0.8587658
1740014179.721319 12.0859470 9.0744944 58.2374191 -0.4849654 -0.1598644 -0.0360803 0.8590403
1740014179.939007 12.0717659 9.1503496 58.2788391 -0.4839408 -0.1604633 -0.0359759 0.8595107
1740014180.151469 12.0550613 9.2182980 58.3171082 -0.4846146 -0.1605062 -0.0352047 0.8591549
1740014180.369571 12.0443516 9.2856855 58.3463211 -0.4826890 -0.1608291 -0.0338750 0.8602313
1740014180.606690 12.0254374 9.3406277 58.3760757 -0.4823785 -0.1624031 -0.0346756 0.8600779
1740014180.834819 12.0226860 9.4028759 58.4030342 -0.4823197 -0.1643913 -0.0339991 0.8597600
1740014181.052140 12.0123119 9.4390249 58.4022789 -0.4799580 -0.1644619 -0.0353526 0.8610127
1740014181.294984 12.0196590 9.4719687 58.3914871 -0.4751361 -0.1678614 -0.0358408 0.8630085
1740014181.549463 12.0196629 9.4965372 58.3838158 -0.4716812 -0.1692037 -0.0364214 0.8646158
1740014181.781292 12.0352488 9.5128508 58.3756790 -0.4671013 -0.1728279 -0.0332762 0.8665100
1740014181.999698 12.0563736 9.5315723 58.3620529 -0.4614436 -0.1767387 -0.0297541 0.8688774
1740014182.251504 12.0699463 9.5485039 58.3622742 -0.4581046 -0.1806035 -0.0273630 0.8699275
1740014182.451875 12.0743227 9.5684509 58.3435440 -0.4511112 -0.1837350 -0.0250554 0.8729905
1740014182.672298 12.0595131 9.5887775 58.3252449 -0.4444639 -0.1846754 -0.0271636 0.8761330
1740014182.918274 12.0720692 9.6275616 58.2990150 -0.4339193 -0.1887475 -0.0265201 0.8805596
1740014183.152335 12.0605211 9.6541204 58.2870293 -0.4279574 -0.1886993 -0.0269134 0.8834708
1740014183.384183 12.0718136 9.6873741 58.2623291 -0.4170909 -0.1915386 -0.0277227 0.8880200
1740014183.620547 12.0604858 9.7162256 58.2461700 -0.4111087 -0.1913571 -0.0265509 0.8908800
1740014183.851951 12.0737915 9.7411251 58.2365112 -0.4038571 -0.1966438 -0.0242820 0.8931076
1740014184.071400 12.0859823 9.7738380 58.2185326 -0.3951648 -0.2009252 -0.0226735 0.8960803
1740014184.313582 12.0639172 9.7801304 58.1983376 -0.3891961 -0.1978309 -0.0244377 0.8993287
1740014184.539991 12.0507812 9.8012123 58.1722870 -0.3785769 -0.1971612 -0.0291482 0.9038569
1740014184.776525 12.0644312 9.8425627 58.1624985 -0.3700307 -0.2000254 -0.0274052 0.9068164
1740014185.039482 12.0962267 9.8641586 58.1739235 -0.3640006 -0.2111444 -0.0280289 0.9067172
1740014185.287627 12.0904350 9.8825569 58.1613083 -0.3566643 -0.2125619 -0.0298014 0.9092414
1740014185.539311 12.1137276 9.9387312 58.0996857 -0.3353098 -0.2176032 -0.0274468 0.9162220
1740014185.804138 12.0814810 9.9910173 58.0727577 -0.3256629 -0.2127393 -0.0320322 0.9206843
1740014186.046912 12.0617142 10.0107660 58.0661125 -0.3211417 -0.2099623 -0.0310240 0.9229417
1740014186.275826 12.0433025 10.0466051 58.0407944 -0.3103337 -0.2054646 -0.0313455 0.9276286
1740014186.503850 12.0295391 10.0599318 58.0420876 -0.3084480 -0.2048649 -0.0331307 0.9283278
1740014186.735620 12.0821676 10.0848761 58.0772476 -0.3086690 -0.2164222 -0.0221839 0.9259551
1740014186.968964 12.1052847 10.1688700 58.0816612 -0.2966526 -0.2253082 -0.0218752 0.9277688
1740014187.202599 12.1361294 10.2339869 58.0906448 -0.2882032 -0.2357370 -0.0196625 0.9278904
1740014187.465337 12.1919994 10.3223572 58.1299667 -0.2781411 -0.2500643 -0.0132671 0.9273238
1740014187.690198 12.2471628 10.4110813 58.1663666 -0.2676736 -0.2664904 -0.0049969 0.9259097
1740014187.936073 12.2793703 10.5097799 58.2133904 -0.2577378 -0.2818169 0.0025541 0.9241991
1740014188.171519 12.2729769 10.5441561 58.2897644 -0.2568825 -0.2927001 0.0018978 0.9210508
1740014188.403137 12.2833061 10.5823212 58.3856277 -0.2555506 -0.3073511 0.0056762 0.9166226
1740014188.620063 12.2162428 10.6232166 58.4305649 -0.2548037 -0.3065756 0.0060403 0.9170878
1740014189.136283 12.1602373 10.7072477 58.5548019 -0.2492025 -0.3231207 0.0116460 0.9128831
1740014189.603234 12.0764637 10.8001432 58.6679955 -0.2443619 -0.3373396 0.0183369 0.9089296
1740014190.085021 11.9810228 10.8737631 58.7765045 -0.2366254 -0.3510355 0.0238934 0.9056553
1740014190.580802 11.8876114 10.9577198 58.8831596 -0.2291008 -0.3676137 0.0338515 0.9006815
1740014190.830325 11.8404255 10.9908829 58.9443398 -0.2277169 -0.3742751 0.0370987 0.8981575
1740014191.348114 11.7432537 11.0610542 59.0580864 -0.2227945 -0.3888845 0.0439211 0.8928620
1740014191.606144 11.6622543 11.0864410 59.0953674 -0.2210571 -0.3909528 0.0460531 0.8922829
1740014191.852390 11.5846748 11.1144028 59.1089363 -0.2164214 -0.3990211 0.0512382 0.8895609
1740014192.089912 11.5076389 11.1210451 59.0987282 -0.2153277 -0.4045347 0.0518003 0.8873007
