1740013960.211435 0.0000000 0.0000000 0.0000000 -0.0000000 -0.0000000 -0.0000000 1.0000000
1740013961.464137 0.0030586 -0.0131345 0.0686585 -0.0003383 0.0000206 -0.0002444 0.9999999
1740013961.868524 0.0004623 -0.0040929 0.1568379 -0.0005963 -0.0018864 -0.0002106 0.9999980
1740013962.072695 -0.0064591 0.0202647 0.2469578 -0.0004409 -0.0040052 -0.0008865 0.9999915
1740013962.286964 -0.0127732 0.0284896 0.3291639 -0.0001774 -0.0058263 -0.0003713 0.9999830
1740013962.504619 -0.0296150 0.0239233 0.4122757 -0.0001350 -0.0078882 -0.0000633 0.9999689
1740013962.713093 -0.0218564 0.0352985 0.4992301 0.0009535 -0.0112835 -0.0005141 0.9999357
1740013962.905291 -0.0192477 0.0334299 0.5856841 0.0016579 -0.0149366 -0.0004582 0.9998870
1740013963.158698 -0.0330791 0.0360427 0.6672016 0.0022213 -0.0185716 0.0000093 0.9998251
1740013963.587861 -0.0384821 0.0371736 0.7464266 0.0027671 -0.0225446 -0.0003115 0.9997420
1740013963.824825 -0.0521538 0.0477661 0.8333192 0.0039953 -0.0266236 -0.0001587 0.9996375
1740013964.038796 -0.0589916 0.0512888 0.9147179 0.0047008 -0.0313044 0.0000326 0.9994988
1740013964.253786 -0.0645085 0.0609110 1.0022610 0.0059376 -0.0360276 -0.0001985 0.9993331
1740013964.479469 -0.0688556 0.0672458 1.0847825 0.0073995 -0.0410231 0.0001096 0.9991308
1740013964.723262 -0.0972091 0.0511217 1.1644225 0.0082137 -0.0454760 0.0001327 0.9989317
1740013964.922649 -0.1148019 0.0475945 1.2458804 0.0101311 -0.0499262 -0.0002088 0.9987015
1740013965.141497 -0.1304949 0.0451292 1.3295982 0.0121882 -0.0547427 0.0002523 0.9984261
1740013965.392079 -0.1615432 0.0269562 1.4073663 0.0135556 -0.0587016 0.0004036 0.9981835
1740013965.607084 -0.1716381 0.0078714 1.4905380 0.0149480 -0.0631520 0.0000266 0.9978920
1740013966.084457 -0.1849914 0.0107123 1.6588207 0.0198644 -0.0714170 0.0004499 0.9972486
1740013966.509827 -0.1975727 -0.0002961 1.8239200 0.0242871 -0.0791041 0.0007225 0.9965702
1740013966.964376 -0.2434472 -0.0217322 1.9864216 0.0286231 -0.0849913 0.0005628 0.9959704
1740013967.424229 -0.2820650 -0.0298006 2.1476579 0.0329819 -0.0908402 0.0007859 0.9953189
1740013967.890450 -0.3210604 -0.0410958 2.3104522 0.0378460 -0.0959613 0.0013020 0.9946645
1740013968.157028 -0.3432670 -0.0463841 2.3940344 0.0402362 -0.0983229 0.0014587 0.9943398
1740013968.623908 -0.3811862 -0.0702026 2.5537949 0.0446231 -0.1028389 0.0015867 0.9936954
1740013969.044914 -0.4006206 -0.0930978 2.7186840 0.0492455 -0.1075742 0.0017764 0.9929751
1740013969.516614 -0.4413116 -0.1143964 2.8774459 0.0539109 -0.1118548 0.0022480 0.9922586
1740013969.957085 -0.4754542 -0.1408581 3.0397866 0.0581690 -0.1165269 0.0025164 0.9914795
1740013970.456939 -0.5268367 -0.1560378 3.1938934 0.0617130 -0.1202531 0.0023052 0.9908206
1740013970.908390 -0.5630078 -0.1827296 3.3522625 0.0655418 -0.1245789 0.0019460 0.9900407
1740013971.342676 -0.6168990 -0.2031501 3.5080004 0.0702410 -0.1286717 0.0032463 0.9891912
1740013971.812317 -0.6584828 -0.2655479 3.6555362 0.0727056 -0.1330588 0.0028910 0.9884335
1740013972.247937 -0.7224853 -0.3112395 3.8039012 0.0753211 -0.1362561 0.0020952 0.9878039
1740013972.691860 -0.7786583 -0.3243973 3.9567215 0.0771538 -0.1386400 0.0029098 0.9873286
1740013973.125612 -0.8288131 -0.3467319 4.1130428 0.0782824 -0.1402728 0.0035762 0.9870069
1740013973.563147 -0.8771328 -0.3676514 4.2615514 0.0785999 -0.1408451 0.0033661 0.9869009
1740013973.809380 -0.8944576 -0.3954482 4.3341994 0.0778044 -0.1406376 0.0030681 0.9869945
1740013973.992082 -0.9098497 -0.3917103 4.4142499 0.0778604 -0.1409196 0.0037545 0.9869475
1740013974.208336 -0.9519632 -0.4211503 4.4801435 0.0773548 -0.1388203 0.0030180 0.9872872
1740013974.476855 -1.0017710 -0.4462409 4.5441508 0.0766074 -0.1368450 0.0024869 0.9876227
1740013974.709387 -0.9936934 -0.4428704 4.6412249 0.0767811 -0.1383172 0.0031806 0.9874021
1740013974.908753 -1.0029746 -0.4536715 4.7190838 0.0765587 -0.1375324 0.0031357 0.9875292
1740013975.128749 -1.0323485 -0.4727707 4.7901483 0.0755688 -0.1361474 0.0028533 0.9877981
1740013975.355256 -1.0652468 -0.4758566 4.8624444 0.0757165 -0.1349955 0.0025074 0.9879459
1740013975.562495 -1.0894438 -0.4898663 4.9348421 0.0750097 -0.1335266 0.0023048 0.9881998
1740013975.776611 -1.1016190 -0.4943475 5.0214944 0.0745652 -0.1325740 0.0039376 0.9883566
1740013976.009298 -1.1562774 -0.5031579 5.0857081 0.0738170 -0.1302277 0.0034568 0.9887264
1740013976.242708 -1.1540263 -0.5034115 5.1654158 0.0744906 -0.1298733 0.0020900 0.9887263
1740013976.494522 -1.1659619 -0.5185710 5.2471027 0.0741108 -0.1292541 0.0030191 0.9888336
1740013976.726618 -1.2084408 -0.5489059 5.3053765 0.0731652 -0.1271085 0.0024872 0.9891835
1740013976.942996 -1.2254342 -0.5473809 5.3769984 0.0726802 -0.1258820 0.0026668 0.9893757
1740013977.174508 -1.2577698 -0.5800914 5.4532156 0.0717640 -0.1246236 0.0022908 0.9896028
1740013977.408230 -1.2739780 -0.5687315 5.5253234 0.0725582 -0.1239893 0.0022678 0.9896246
1740013977.614464 -1.2677543 -0.5897699 5.6175399 0.0727630 -0.1249309 0.0022159 0.9894913
1740013977.810938 -1.3166038 -0.5833328 5.6900501 0.0739945 -0.1228595 0.0026400 0.9896582
1740013978.165939 -1.3346416 -0.5994669 5.7588363 0.0738480 -0.1227739 0.0023316 0.9896806
1740013978.427705 -1.3464808 -0.6271270 5.8452015 0.0733303 -0.1228362 0.0020067 0.9897121
1740013978.678370 -1.3642875 -0.6370069 5.9180517 0.0740904 -0.1224900 0.0028036 0.9896964
1740013978.906491 -1.3950253 -0.6667259 5.9908195 0.0737112 -0.1217582 0.0026807 0.9898154
1740013979.097243 -1.4177394 -0.6752369 6.0717645 0.0745511 -0.1218915 0.0025735 0.9897363
1740013979.310969 -1.4264430 -0.6766171 6.1534023 0.0752920 -0.1221202 0.0031231 0.9896505
1740013979.558090 -1.4500229 -0.7002944 6.2232604 0.0750973 -0.1218817 0.0029447 0.9896952
1740013979.776834 -1.4569114 -0.7122422 6.3022752 0.0756664 -0.1225279 0.0028502 0.9895723
1740013980.037816 -1.4701855 -0.6998349 6.3815560 0.0768673 -0.1231908 0.0033187 0.9893960
1740013980.277135 -1.4952098 -0.7307164 6.4524474 0.0756834 -0.1229689 0.0026171 0.9895170
1740013980.493671 -1.5265700 -0.7349013 6.5337677 0.0763064 -0.1226798 0.0032855 0.9895030
1740013980.744480 -1.5450523 -0.7472389 6.6094551 0.0775333 -0.1224831 0.0027242 0.9894338
1740013980.960696 -1.5676997 -0.7670296 6.6790705 0.0777771 -0.1218538 0.0033861 0.9894903
1740013981.181989 -1.6005709 -0.7858231 6.7555132 0.0776627 -0.1212024 0.0035403 0.9895787
1740013981.395164 -1.6297765 -0.7936226 6.8268790 0.0778798 -0.1196489 0.0026310 0.9897535
1740013981.594600 -1.6361318 -0.8035501 6.9098587 0.0790980 -0.1197366 0.0028981 0.9896455
1740013981.810468 -1.6552471 -0.8228639 6.9854784 0.0789860 -0.1187253 0.0035079 0.9897743
1740013982.045461 -1.6908808 -0.8364536 7.0559726 0.0789127 -0.1169277 0.0041253 0.9899918
1740013982.276927 -1.7063376 -0.8374611 7.1307020 0.0797067 -0.1161463 0.0042974 0.9900194
1740013982.510589 -1.7291286 -0.8678139 7.2037616 0.0784223 -0.1145965 0.0044846 0.9903017
1740013982.727169 -1.7261344 -0.8920876 7.2838655 0.0780162 -0.1137294 0.0034681 0.9904378
1740013982.979640 -1.7457104 -0.9174297 7.3578572 0.0779415 -0.1126863 0.0035332 0.9905627
1740013983.197980 -1.7649773 -0.9278994 7.4249072 0.0780499 -0.1111522 0.0046554 0.9907228
1740013983.398012 -1.7723018 -0.9534982 7.4998779 0.0767267 -0.1099635 0.0040184 0.9909616
1740013983.611364 -1.7815057 -0.9777419 7.5726829 0.0750455 -0.1087409 0.0048646 0.9912214
1740013983.828434 -1.8018377 -0.9935665 7.6558027 0.0736125 -0.1065167 0.0036345 0.9915756
1740013984.045733 -1.8200282 -0.9953939 7.7282557 0.0727888 -0.1052801 0.0037479 0.9917681
1740013984.277554 -1.8343142 -1.0204090 7.7981949 0.0704747 -0.1049187 0.0044283 0.9919707
1740013984.494805 -1.8571328 -1.0232712 7.8721976 0.0690225 -0.1039861 0.0043621 0.9921712
1740013984.716123 -1.8651990 -1.0597949 7.9529166 0.0659700 -0.1037973 0.0042614 0.9923991
1740013984.982280 -1.8870031 -1.0617623 7.9946837 0.0644668 -0.1035674 0.0039249 0.9925233
1740013985.215630 -1.8922967 -1.0864303 8.0452137 0.0608684 -0.1050373 0.0041082 0.9925953
1740013985.449916 -1.8932853 -1.0989717 8.1206112 0.0586436 -0.1060117 0.0039748 0.9926262
1740013985.646249 -1.9009446 -1.1023339 8.1945419 0.0564653 -0.1066630 0.0028441 0.9926866
1740013985.878554 -1.9110146 -1.1039017 8.2623787 0.0547248 -0.1081084 0.0027510 0.9926280
1740013986.094780 -1.9163829 -1.1179796 8.3242702 0.0528733 -0.1102051 0.0028691 0.9924974
1740013986.328835 -1.9208457 -1.1452187 8.3798723 0.0483223 -0.1125242 0.0024195 0.9924704
1740013986.561754 -1.9356872 -1.1652106 8.4292946 0.0448354 -0.1144407 0.0030257 0.9924132
1740013986.796103 -1.9280725 -1.1852834 8.4846001 0.0412468 -0.1177092 0.0024711 0.9921881
1740013987.013288 -1.9335626 -1.2055941 8.5361910 0.0387248 -0.1212694 0.0023122 0.9918613
1740013987.274494 -1.9384787 -1.2357925 8.5943089 0.0352667 -0.1237643 0.0021535 0.9916824
1740013987.482641 -1.9312434 -1.2610328 8.6433516 0.0314582 -0.1280114 0.0012714 0.9912729
1740013987.707420 -1.9268982 -1.2718081 8.6920128 0.0299426 -0.1321210 0.0009979 0.9907808
1740013987.916224 -1.9048269 -1.2784729 8.7392311 0.0289575 -0.1373936 0.0010272 0.9900926
1740013988.130711 -1.8900841 -1.2872945 8.7811918 0.0261772 -0.1427055 -0.0001662 0.9894190
1740013988.347042 -1.8959831 -1.3094282 8.8377333 0.0250457 -0.1467829 0.0002234 0.9888516
1740013988.578812 -1.8905317 -1.3194698 8.8834944 0.0239939 -0.1512122 -0.0008343 0.9882098
1740013988.812558 -1.8950821 -1.3378377 8.9258327 0.0218559 -0.1546928 -0.0007632 0.9877205
1740013989.016675 -1.8926727 -1.3423089 8.9536257 0.0244311 -0.1580127 -0.0003153 0.9871348
1740013989.272637 -1.8864989 -1.3498679 8.9704933 0.0233653 -0.1619006 -0.0014606 0.9865294
1740013989.499868 -1.8703479 -1.3377969 8.9816113 0.0253554 -0.1666449 0.0001583 0.9856910
1740013989.732660 -1.8660010 -1.3727775 9.0209827 0.0217444 -0.1718945 -0.0005380 0.9848753
1740013989.935063 -1.8606559 -1.3868552 9.0597448 0.0215443 -0.1773176 -0.0005593 0.9839177
1740013990.148630 -1.8401967 -1.3828549 9.0925369 0.0223104 -0.1840658 -0.0016515 0.9826593
1740013990.381057 -1.8324046 -1.3777716 9.0905209 0.0248319 -0.1884228 -0.0001345 0.9817740
1740013990.631129 -1.8156877 -1.3803260 9.1142426 0.0242944 -0.1952593 -0.0014462 0.9804497
1740013990.865098 -1.7888801 -1.3819600 9.1450262 0.0251827 -0.2030375 0.0002357 0.9788470
1740013991.081244 -1.7671839 -1.3893042 9.1662407 0.0251414 -0.2107653 -0.0012087 0.9772126
1740013991.320555 -1.7547475 -1.3783473 9.1940107 0.0261811 -0.2161745 -0.0014726 0.9760026
1740013991.564734 -1.7413095 -1.3787904 9.2260370 0.0263888 -0.2222397 -0.0007604 0.9746346
1740013991.783082 -1.7260202 -1.3753952 9.2515602 0.0286705 -0.2279616 0.0007141 0.9732477
1740013992.009297 -1.7345363 -1.3822839 9.2989721 0.0279272 -0.2322189 -0.0001936 0.9722625
1740013992.246933 -1.7238191 -1.3814346 9.3376665 0.0282740 -0.2370022 -0.0004274 0.9710975
1740013992.447316 -1.7026007 -1.3853872 9.3455582 0.0285725 -0.2431204 -0.0003846 0.9695752
1740013992.697931 -1.6942436 -1.3861926 9.3558025 0.0292452 -0.2457549 -0.0000372 0.9688907
1740013992.931170 -1.6830028 -1.3919208 9.3689089 0.0264375 -0.2493532 -0.0017133 0.9680502
1740013993.147239 -1.6833161 -1.3972087 9.3780375 0.0262046 -0.2494513 -0.0020685 0.9680306
1740013993.364629 -1.6752615 -1.4014915 9.3875513 0.0255003 -0.2517707 -0.0027075 0.9674471
1740013993.628741 -1.6788213 -1.4018244 9.3950024 0.0249993 -0.2517315 -0.0034849 0.9674679
1740013993.832538 -1.6695114 -1.4064460 9.4071045 0.0236142 -0.2535601 -0.0043182 0.9670218
1740013994.050159 -1.6643091 -1.4053802 9.4097872 0.0245701 -0.2539653 -0.0045451 0.9668905
1740013994.255705 -1.6635604 -1.4042068 9.4307384 0.0208941 -0.2533497 -0.0068453 0.9671249
1740013994.505036 -1.6660346 -1.4093885 9.4551754 0.0189580 -0.2519728 -0.0083624 0.9675125
1740013994.737490 -1.6850739 -1.4178663 9.4805193 0.0156508 -0.2481810 -0.0089195 0.9685462
1740013994.948647 -1.7056198 -1.4243889 9.5123034 0.0126178 -0.2434148 -0.0101406 0.9697872
1740013995.164466 -1.7297784 -1.4307448 9.5443106 0.0124054 -0.2372172 -0.0106536 0.9713190
1740013995.381583 -1.7503564 -1.4407823 9.5681343 0.0106132 -0.2305828 -0.0113921 0.9729282
1740013995.632846 -1.7672396 -1.4439065 9.5893612 0.0089259 -0.2229266 -0.0114512 0.9747271
1740013995.847851 -1.7883345 -1.4501173 9.6144609 0.0067392 -0.2155114 -0.0123474 0.9764000
1740013996.078822 -1.7986139 -1.4506948 9.6471949 0.0031022 -0.2078148 -0.0127498 0.9780802
1740013996.291303 -1.8174499 -1.4564763 9.6769075 0.0025734 -0.1984633 -0.0148992 0.9799917
1740013996.523018 -1.8402021 -1.4488192 9.7162371 0.0028385 -0.1888611 -0.0138754 0.9819017
1740013996.733752 -1.8496119 -1.4486045 9.7468224 0.0002562 -0.1790012 -0.0143603 0.9837440
1740013996.981903 -1.8613676 -1.4421130 9.7814322 -0.0020094 -0.1689370 -0.0136288 0.9855306
1740013997.215128 -1.8769536 -1.4499843 9.8115196 -0.0054885 -0.1581534 -0.0153374 0.9872802
1740013997.448276 -1.8761072 -1.4483554 9.8491955 -0.0076374 -0.1470924 -0.0168992 0.9889489
1740013997.718124 -1.8807073 -1.4466314 9.8796883 -0.0106760 -0.1358022 -0.0172024 0.9905291
1740013997.948622 -1.9252206 -1.4700195 9.8900719 -0.0175231 -0.1238507 -0.0174754 0.9919922
1740013998.181869 -1.9611703 -1.5090733 9.8733959 -0.0262041 -0.1151210 -0.0162931 0.9928721
1740013998.398412 -1.9433330 -1.4997908 9.8786154 -0.0303212 -0.1109347 -0.0186270 0.9931904
1740013998.633349 -1.9304380 -1.4770575 9.8943329 -0.0294412 -0.1060247 -0.0202231 0.9937218
1740013998.854364 -1.9118352 -1.5037326 9.8819103 -0.0359624 -0.1026893 -0.0176051 0.9939073
1740013999.099105 -1.8992076 -1.5025406 9.8824701 -0.0335855 -0.0981427 -0.0187399 0.9944289
1740013999.351108 -1.8588614 -1.4952406 9.8944712 -0.0336859 -0.0948892 -0.0178248 0.9947581
1740013999.583591 -1.8464088 -1.4771619 9.9314871 -0.0322829 -0.0879926 -0.0191941 0.9954128
1740013999.862314 -1.8240447 -1.4442835 9.9893246 -0.0298127 -0.0804699 -0.0191451 0.9961271
1740014000.110707 -1.8089883 -1.4113837 10.0087328 -0.0264519 -0.0752292 -0.0207205 0.9966000
1740014000.323231 -1.7828999 -1.3999226 10.0546169 -0.0278937 -0.0702093 -0.0208016 0.9969252
1740014000.533372 -1.7721997 -1.3841306 10.1138391 -0.0286434 -0.0644151 -0.0214178 0.9972821
1740014000.765441 -1.7543787 -1.3646547 10.1694784 -0.0290398 -0.0589048 -0.0218766 0.9976013
1740014000.983650 -1.7472444 -1.3402541 10.2259884 -0.0295202 -0.0535802 -0.0217668 0.9978898
1740014001.216491 -1.7348008 -1.3426690 10.2883234 -0.0320183 -0.0494242 -0.0220414 0.9980212
1740014001.449115 -1.7208924 -1.3272432 10.3443050 -0.0334228 -0.0459106 -0.0223629 0.9981358
1740014001.649361 -1.7064457 -1.3100100 10.4012299 -0.0348175 -0.0425386 -0.0223143 0.9982386
1740014001.894808 -1.6887368 -1.2931701 10.4627438 -0.0362358 -0.0402447 -0.0223929 0.9982815
1740014002.134498 -1.6909344 -1.2774203 10.5187435 -0.0378663 -0.0370185 -0.0222928 0.9983481
1740014002.353601 -1.6875182 -1.2657859 10.5765123 -0.0390249 -0.0347314 -0.0221321 0.9983892
1740014002.550642 -1.6689230 -1.2479500 10.6347046 -0.0400629 -0.0331086 -0.0221516 0.9984028
1740014002.783621 -1.6732608 -1.2496958 10.6975899 -0.0422867 -0.0308307 -0.0225574 0.9983749
1740014003.017749 -1.6579438 -1.2350101 10.7538252 -0.0434810 -0.0294062 -0.0224843 0.9983683
1740014003.266405 -1.6380992 -1.2202852 10.8146963 -0.0445139 -0.0286311 -0.0225936 0.9983428
1740014003.483249 -1.6245402 -1.2031240 10.8722200 -0.0455690 -0.0276004 -0.0224175 0.9983281
1740014003.701040 -1.6068529 -1.1898125 10.9302683 -0.0471288 -0.0267788 -0.0224558 0.9982773
1740014003.917690 -1.5922443 -1.1762501 10.9865570 -0.0484197 -0.0258187 -0.0224336 0.9982413
1740014004.168306 -1.5790733 -1.1622179 11.0437603 -0.0502110 -0.0246558 -0.0227286 0.9981755
1740014004.396062 -1.5637966 -1.1431299 11.1006298 -0.0512090 -0.0235341 -0.0221951 0.9981639
1740014004.584922 -1.5467182 -1.1247139 11.1590214 -0.0523873 -0.0219953 -0.0225914 0.9981290
1740014004.938157 -1.5285058 -1.1148953 11.2158051 -0.0542544 -0.0210111 -0.0221707 0.9980599
1740014005.218455 -1.5216177 -1.1069337 11.2758102 -0.0562164 -0.0185415 -0.0222300 0.9979989
1740014005.450917 -1.5111246 -1.0977265 11.3339815 -0.0576747 -0.0172978 -0.0225967 0.9979298
1740014005.667834 -1.5086521 -1.0815057 11.3952284 -0.0581099 -0.0152115 -0.0224331 0.9979422
1740014005.897296 -1.5055044 -1.0577129 11.4599628 -0.0585083 -0.0131945 -0.0225712 0.9979445
1740014006.132355 -1.5026275 -1.0412283 11.5253868 -0.0596570 -0.0106944 -0.0224524 0.9979091
1740014006.387575 -1.4842920 -1.0289326 11.5860882 -0.0608383 -0.0088234 -0.0224181 0.9978569
1740014006.587743 -1.4613242 -1.0042442 11.6382046 -0.0614838 -0.0071388 -0.0226976 0.9978245
1740014006.800633 -1.4368057 -0.9817165 11.7101364 -0.0618515 -0.0047596 -0.0224935 0.9978205
1740014007.017516 -1.4138167 -0.9617556 11.7719145 -0.0619608 -0.0019499 -0.0227211 0.9978181
1740014007.251698 -1.3860290 -0.9461600 11.8334351 -0.0620648 0.0004694 -0.0225256 0.9978178
1740014007.485855 -1.3566096 -0.9176525 11.8942471 -0.0612286 0.0028166 -0.0223504 0.9978696
1740014007.701667 -1.3328261 -0.8957083 11.9607887 -0.0603216 0.0064483 -0.0227965 0.9978978
1740014007.926160 -1.3059239 -0.8846283 12.0290079 -0.0602502 0.0081938 -0.0228465 0.9978882
1740014008.157446 -1.2623570 -0.8680990 12.1052380 -0.0594241 0.0094498 -0.0230849 0.9979211
1740014008.406735 -1.2629372 -0.8552826 12.1710520 -0.0583796 0.0135033 -0.0233221 0.9979306
1740014008.654014 -1.2391452 -0.8396812 12.2402449 -0.0570545 0.0161094 -0.0233403 0.9979682
1740014008.856078 -1.2169774 -0.8265637 12.3078651 -0.0560806 0.0181492 -0.0237943 0.9979777
1740014009.067655 -1.2146597 -0.8150001 12.3790770 -0.0551300 0.0207319 -0.0236612 0.9979835
1740014009.285980 -1.2261559 -0.7956168 12.4518557 -0.0532605 0.0237426 -0.0235163 0.9980214
1740014009.503841 -1.2141542 -0.7755545 12.5220985 -0.0516624 0.0258716 -0.0234431 0.9980541
1740014009.717912 -1.2044433 -0.7547435 12.5894270 -0.0493593 0.0285725 -0.0239561 0.9980848
1740014009.930817 -1.1948258 -0.7338633 12.6615400 -0.0472555 0.0311550 -0.0237299 0.9981148
1740014010.142295 -1.1730844 -0.7166909 12.7285089 -0.0453201 0.0332717 -0.0238575 0.9981332
1740014010.412066 -1.1541390 -0.7047566 12.7978516 -0.0439010 0.0353677 -0.0239917 0.9981214
1740014010.656675 -1.1295372 -0.6962706 12.8654737 -0.0422191 0.0372911 -0.0240971 0.9981214
1740014010.869539 -1.1116803 -0.6867919 12.9332867 -0.0403608 0.0399362 -0.0243667 0.9980894
1740014011.085648 -1.0876491 -0.6732057 13.0009956 -0.0381232 0.0419275 -0.0242790 0.9980978
1740014011.301824 -1.0678632 -0.6673214 13.0710602 -0.0362489 0.0438928 -0.0247278 0.9980721
1740014011.536171 -1.0497191 -0.6587425 13.1406746 -0.0342347 0.0459176 -0.0249860 0.9980457
1740014011.769876 -1.0363865 -0.6461859 13.2083549 -0.0326724 0.0479368 -0.0249726 0.9980035
1740014011.985522 -1.0244769 -0.6389192 13.2768192 -0.0311332 0.0499708 -0.0250481 0.9979510
1740014012.203131 -1.0116237 -0.6255144 13.3437233 -0.0291839 0.0524946 -0.0250608 0.9978800
1740014012.443465 -0.9912230 -0.6108437 13.4146423 -0.0267474 0.0544342 -0.0249400 0.9978474
1740014012.697526 -0.9707830 -0.6144933 13.4791584 -0.0258350 0.0564098 -0.0253072 0.9977525
1740014012.942883 -0.9543097 -0.6130837 13.5458498 -0.0243295 0.0587814 -0.0254535 0.9976497
1740014013.136535 -0.9282092 -0.6050641 13.6128788 -0.0225573 0.0603693 -0.0257880 0.9975879
1740014013.352046 -0.9056350 -0.5957065 13.6803999 -0.0206215 0.0620284 -0.0260123 0.9975222
1740014013.569834 -0.8884094 -0.5928134 13.7506065 -0.0196128 0.0635671 -0.0259368 0.9974477
1740014013.804899 -0.8749546 -0.5710381 13.8204756 -0.0166941 0.0656099 -0.0259028 0.9973694
1740014014.020865 -0.8541729 -0.5666530 13.8897123 -0.0154896 0.0668223 -0.0261254 0.9973025
1740014014.237500 -0.8359676 -0.5616217 13.9599752 -0.0138657 0.0681633 -0.0261887 0.9972340
1740014014.467976 -0.8318924 -0.5580033 14.0324469 -0.0120645 0.0709713 -0.0261691 0.9970620
1740014014.708201 -0.8184206 -0.5539916 14.1078701 -0.0106216 0.0732786 -0.0263661 0.9969063
1740014014.935600 -0.7917853 -0.5491236 14.1783562 -0.0086536 0.0744634 -0.0264599 0.9968351
1740014015.156410 -0.7736595 -0.5545144 14.2502460 -0.0076494 0.0761823 -0.0267859 0.9967047
1740014015.351557 -0.7575600 -0.5530900 14.3251534 -0.0067673 0.0785132 -0.0266890 0.9965328
1740014015.570289 -0.7387992 -0.5595512 14.4039421 -0.0062898 0.0808474 -0.0266756 0.9963496
1740014015.805044 -0.7334070 -0.5583485 14.4888973 -0.0055712 0.0842391 -0.0266359 0.9960739
1740014016.035759 -0.7265265 -0.5627004 14.5744181 -0.0056189 0.0873276 -0.0265559 0.9958098
1740014016.257813 -0.7088422 -0.5616119 14.6622543 -0.0056635 0.0899964 -0.0263882 0.9955763
1740014016.467043 -0.6914088 -0.5549734 14.7473068 -0.0056727 0.0928713 -0.0263694 0.9953127
1740014016.720045 -0.6796911 -0.5501606 14.8321600 -0.0060275 0.0959745 -0.0263747 0.9950160
1740014016.966599 -0.6684703 -0.5476282 14.9184332 -0.0063137 0.0988481 -0.0264096 0.9947320
1740014017.191628 -0.6650401 -0.5477555 15.0075912 -0.0067705 0.1020249 -0.0264968 0.9944059
1740014017.388518 -0.6551043 -0.5526083 15.0938597 -0.0077716 0.1051389 -0.0262229 0.9940814
1740014017.604261 -0.6389192 -0.5547453 15.1818533 -0.0083397 0.1085889 -0.0262048 0.9937063
1740014017.820491 -0.6150265 -0.5595070 15.2664165 -0.0094225 0.1118824 -0.0262392 0.9933303
1740014018.304244 -0.5294408 -0.5661375 15.3235264 -0.0083412 0.1110952 -0.0240958 0.9934826
1740014018.519621 -0.5022734 -0.5641829 15.3584042 -0.0086874 0.1115665 -0.0234722 0.9934418
1740014018.726366 -0.4780072 -0.5684910 15.4455481 -0.0110498 0.1155235 -0.0232527 0.9929711
1740014018.974843 -0.4558329 -0.5678521 15.5315962 -0.0136793 0.1199286 -0.0229146 0.9924238
1740014019.370405 -0.3876805 -0.5613294 15.6430969 -0.0169922 0.1240548 -0.0213570 0.9919000
1740014019.588330 -0.3641205 -0.5581349 15.7252989 -0.0197251 0.1285821 -0.0210665 0.9912789
1740014020.018883 -0.3111094 -0.5653608 15.8799448 -0.0271133 0.1377233 -0.0197814 0.9899020
1740014020.271670 -0.2718494 -0.5644504 15.9537573 -0.0309006 0.1414419 -0.0191186 0.9892794
1740014020.689695 -0.2181131 -0.5489265 16.0972157 -0.0382899 0.1497312 -0.0179464 0.9878221
1740014020.938817 -0.1827257 -0.5341185 16.1730156 -0.0426978 0.1537097 -0.0172740 0.9870420
1740014021.404418 -0.1111305 -0.5219550 16.3129787 -0.0519018 0.1616136 -0.0163020 0.9853535
1740014021.621568 -0.0835603 -0.5036683 16.3908062 -0.0566758 0.1650295 -0.0153530 0.9845392
1740014022.051417 -0.0256958 -0.4681666 16.5444412 -0.0666727 0.1729724 -0.0141065 0.9825662
1740014022.512153 0.0421636 -0.4253487 16.6894054 -0.0770568 0.1805721 -0.0128278 0.9804547
1740014022.941990 0.1129053 -0.3804125 16.8319473 -0.0863999 0.1875799 -0.0116942 0.9783722
1740014023.390465 0.1863215 -0.3466246 16.9786625 -0.0952281 0.1941874 -0.0102193 0.9762778
1740014023.830885 0.2581837 -0.2970873 17.1210842 -0.1021473 0.2006483 -0.0096061 0.9742761
1740014024.548632 0.3647272 -0.2385974 17.3384800 -0.1114409 0.2099537 -0.0085448 0.9713019
1740014024.992450 0.4344274 -0.2018948 17.4817924 -0.1148028 0.2157225 -0.0083698 0.9696463
1740014025.672974 0.5472035 -0.1402271 17.6992054 -0.1179561 0.2255258 -0.0089383 0.9670287
1740014026.313705 0.6540849 -0.0807040 17.9194889 -0.1183005 0.2359903 -0.0099391 0.9644765
1740014026.990110 0.7691563 -0.0287541 18.1376877 -0.1173321 0.2474069 -0.0117943 0.9617088
1740014027.458021 0.8628231 0.0058869 18.2741718 -0.1160014 0.2548624 -0.0127329 0.9599097
1740014028.115765 1.0062177 0.0502530 18.4726067 -0.1140763 0.2668079 -0.0149949 0.9568570
1740014028.755894 1.1657884 0.0812851 18.6640816 -0.1135020 0.2774425 -0.0162520 0.9538757
1740014029.433906 1.3117874 0.1447128 18.8585835 -0.1133398 0.2876959 -0.0178668 0.9508238
1740014029.879962 1.4141574 0.1771629 18.9889908 -0.1134162 0.2931527 -0.0182862 0.9491385
1740014030.323035 1.5152500 0.2013225 19.1206131 -0.1145504 0.2977918 -0.0183719 0.9475552
1740014030.776296 1.5904117 0.2489441 19.2657871 -0.1155417 0.3024587 -0.0186928 0.9459490
1740014031.424867 1.7332700 0.3109122 19.4593830 -0.1188641 0.3079543 -0.0183949 0.9437675
1740014031.878798 1.8326473 0.3548970 19.5918179 -0.1203248 0.3111977 -0.0183594 0.9425184
1740014032.308793 1.9419341 0.3826973 19.7129097 -0.1223226 0.3142799 -0.0177511 0.9412493
1740014032.758897 2.0557117 0.4195118 19.8289108 -0.1243566 0.3170612 -0.0174040 0.9400557
1740014033.178391 2.1463971 0.4563130 19.9652672 -0.1270411 0.3204275 -0.0164745 0.9385710
1740014033.876890 2.3286822 0.4936123 20.1309891 -0.1297739 0.3250382 -0.0165235 0.9366088
1740014034.523586 2.4696345 0.5849330 20.3217316 -0.1324181 0.3293540 -0.0161463 0.9347356
1740014034.989319 2.5592308 0.6341631 20.4517441 -0.1350895 0.3322129 -0.0157669 0.9333471
1740014035.659606 2.7135398 0.6965785 20.6387520 -0.1379443 0.3361877 -0.0148624 0.9315193
1740014036.343064 2.8809969 0.7655741 20.8121357 -0.1399297 0.3402135 -0.0150028 0.9297578
1740014037.001070 3.0493603 0.8186101 20.9873180 -0.1409400 0.3432841 -0.0149076 0.9284771
1740014037.444017 3.1570394 0.8599211 21.1069565 -0.1419133 0.3446227 -0.0147406 0.9278354
1740014037.879306 3.2759495 0.8970337 21.2110634 -0.1426483 0.3464682 -0.0147386 0.9270351
1740014038.544765 3.4516585 0.9464455 21.3786926 -0.1426812 0.3468519 -0.0142293 0.9268945
1740014038.997699 3.5530462 0.9857196 21.5038033 -0.1426517 0.3456940 -0.0139354 0.9273359
1740014039.842079 3.6962752 1.0789987 21.6825867 -0.1411560 0.3435057 -0.0133212 0.9283864
1740014040.311759 3.7943275 1.1347884 21.8061790 -0.1412639 0.3414771 -0.0132710 0.9291188
1740014040.988418 3.9458690 1.1918151 21.9974022 -0.1404562 0.3382610 -0.0142937 0.9304016
1740014041.694947 4.1142569 1.2422826 22.1781940 -0.1376793 0.3341870 -0.0137404 0.9322954
1740014042.160766 4.2194777 1.2901944 22.2977695 -0.1356815 0.3321090 -0.0144199 0.9333200
1740014042.811128 4.3573790 1.3494530 22.4949455 -0.1314139 0.3298558 -0.0151035 0.9347178
1740014043.281886 4.4592967 1.3927159 22.6213799 -0.1283940 0.3279028 -0.0162090 0.9358056
1740014043.910873 4.6098585 1.4394847 22.8051739 -0.1240396 0.3269733 -0.0179902 0.9366851
1740014044.593982 4.7532263 1.4999416 22.9946213 -0.1179013 0.3267971 -0.0189432 0.9375202
1740014045.226748 4.8921280 1.5569904 23.1945457 -0.1101753 0.3280152 -0.0207430 0.9379964
1740014045.693442 5.0030241 1.5702804 23.3125725 -0.1067466 0.3293792 -0.0225574 0.9378730
1740014046.158365 5.1070862 1.6074830 23.4360905 -0.1010628 0.3325502 -0.0253470 0.9373122
1740014046.613251 5.1985655 1.6239600 23.5438805 -0.0962513 0.3358164 -0.0275869 0.9365906
1740014047.571223 5.4148388 1.6873059 23.7730370 -0.0842461 0.3417172 -0.0309779 0.9355065
1740014047.830233 5.4663410 1.6747096 23.8159714 -0.0831422 0.3429080 -0.0323997 0.9351212
1740014048.304162 5.5437527 1.6940963 23.9346905 -0.0774347 0.3466142 -0.0337779 0.9341956
1740014049.014446 5.7080884 1.7245287 24.0750389 -0.0691044 0.3503890 -0.0373455 0.9333046
1740014049.245520 5.7638016 1.7157359 24.1311779 -0.0672591 0.3516312 -0.0383328 0.9329321
1740014049.480676 5.8056517 1.7107514 24.1909828 -0.0654938 0.3533036 -0.0386634 0.9324121
1740014049.727975 5.8593950 1.7180949 24.2350693 -0.0631187 0.3536673 -0.0388664 0.9324296
1740014049.964282 5.8984728 1.7443732 24.3026886 -0.0591912 0.3555198 -0.0400941 0.9319305
1740014050.197419 5.9507837 1.7319758 24.3517418 -0.0578719 0.3561602 -0.0410854 0.9317257
1740014050.429457 5.9911461 1.7152016 24.3912468 -0.0561950 0.3561943 -0.0415961 0.9317926
1740014050.663129 6.0320072 1.7184230 24.4283791 -0.0531097 0.3558734 -0.0420419 0.9320762
1740014050.880852 6.0806704 1.7130510 24.4740219 -0.0511299 0.3560344 -0.0430494 0.9320794
1740014051.110533 6.1258187 1.6840370 24.5116081 -0.0497400 0.3565120 -0.0437546 0.9319392
1740014051.370263 6.1634836 1.6547402 24.5480003 -0.0482487 0.3561881 -0.0430645 0.9321736
1740014051.567372 6.1973839 1.6435041 24.5757198 -0.0464409 0.3557097 -0.0442394 0.9323930
1740014051.799287 6.2224388 1.6291916 24.5877533 -0.0454289 0.3549888 -0.0453770 0.9326629
1740014052.031085 6.2345276 1.6185244 24.6103783 -0.0438592 0.3556416 -0.0464060 0.9324387
1740014052.247854 6.2464867 1.6120620 24.6258793 -0.0415446 0.3564700 -0.0479057 0.9321525
1740014052.497113 6.2655888 1.6007682 24.6472988 -0.0397712 0.3565439 -0.0485758 0.9321669
1740014052.747492 6.2696962 1.5953836 24.6516857 -0.0382507 0.3576007 -0.0498827 0.9317566
1740014052.962957 6.2796426 1.5808334 24.6730347 -0.0370154 0.3579399 -0.0507551 0.9316292
1740014053.181147 6.2863808 1.5763971 24.6837158 -0.0356832 0.3575123 -0.0513885 0.9318106
1740014053.415533 6.2911234 1.5760480 24.6842709 -0.0341459 0.3563211 -0.0509785 0.9323468
1740014053.632753 6.2944336 1.5699542 24.6910458 -0.0324675 0.3569458 -0.0511740 0.9321571
1740014053.876783 6.3018866 1.5632422 24.6924934 -0.0317749 0.3561267 -0.0523281 0.9324301
1740014054.137084 6.3131084 1.5593336 24.7061977 -0.0293675 0.3571957 -0.0540459 0.9320021
1740014054.352911 6.3086367 1.5627344 24.7019043 -0.0284030 0.3574964 -0.0549004 0.9318668
1740014054.784123 6.3373585 1.5470269 24.7252483 -0.0243538 0.3553574 -0.0558135 0.9327448
1740014055.015890 6.3344150 1.5472472 24.7226410 -0.0229511 0.3557511 -0.0567294 0.9325750
1740014055.245739 6.3541894 1.5368509 24.7390175 -0.0212967 0.3544920 -0.0577043 0.9330338
1740014055.465060 6.3717957 1.5109396 24.7742691 -0.0188611 0.3536757 -0.0567077 0.9334570
1740014055.898123 6.3627844 1.5318518 24.7495842 -0.0158687 0.3548790 -0.0593251 0.9328932
1740014056.139566 6.3867397 1.5074445 24.8093262 -0.0131270 0.3535491 -0.0585642 0.9334886
1740014056.358083 6.4049368 1.4935209 24.8311977 -0.0099317 0.3528433 -0.0596461 0.9337266
1740014056.600131 6.4066787 1.4910160 24.8274746 -0.0098879 0.3528118 -0.0610855 0.9336458
1740014056.832798 6.4104619 1.4913170 24.8297043 -0.0080913 0.3529772 -0.0627265 0.9334918
1740014057.082800 6.4220695 1.4795218 24.8422508 -0.0064182 0.3519089 -0.0637371 0.9338397
1740014057.318439 6.4498434 1.4710461 24.8664246 -0.0027921 0.3509047 -0.0638924 0.9342248
1740014057.534063 6.4619021 1.4615059 24.8828259 -0.0011289 0.3507945 -0.0656542 0.9341475
1740014057.749014 6.4858980 1.4368619 24.9235172 0.0018885 0.3502350 -0.0667974 0.9342751
1740014057.950028 6.5100613 1.4199699 24.9882774 0.0058128 0.3509562 -0.0690271 0.9338261
1740014058.182941 6.5639958 1.4030635 25.0402145 0.0083584 0.3490401 -0.0701863 0.9344383
1740014058.402103 6.6267405 1.3781743 25.0792198 0.0116034 0.3453978 -0.0699492 0.9357739
1740014058.650276 6.6772442 1.3581787 25.1198120 0.0145409 0.3414796 -0.0697373 0.9371856
1740014058.896383 6.7223997 1.3297038 25.1487751 0.0184059 0.3359702 -0.0692254 0.9391449
1740014059.153131 6.7532339 1.3092867 25.1862259 0.0231453 0.3327009 -0.0695394 0.9401801
1740014059.404925 6.8053036 1.2928934 25.2211514 0.0274390 0.3284058 -0.0702505 0.9415209
1740014059.667045 6.8361826 1.2819531 25.2505531 0.0332391 0.3254204 -0.0730551 0.9421569
1740014059.932013 6.8895016 1.2752275 25.2817307 0.0381432 0.3203191 -0.0742897 0.9436216
1740014060.199927 6.9258833 1.2510215 25.3312759 0.0428484 0.3170987 -0.0743002 0.9445062
1740014060.436466 6.9677625 1.2299243 25.3637962 0.0471770 0.3121294 -0.0751851 0.9458841
1740014060.678547 7.0151358 1.2248095 25.4003124 0.0526260 0.3078347 -0.0769020 0.9468656
1740014060.928341 7.0456400 1.2141505 25.4310570 0.0600568 0.3041404 -0.0786830 0.9474707
1740014061.168114 7.0888128 1.1799952 25.4672604 0.0645807 0.2985063 -0.0786698 0.9489649
1740014061.396374 7.1309195 1.1803349 25.4804420 0.0725180 0.2896689 -0.0805397 0.9509714
1740014061.601450 7.1726656 1.1480415 25.5355854 0.0766206 0.2859532 -0.0808912 0.9517440
1740014061.834332 7.2111998 1.1254858 25.5668259 0.0842060 0.2797214 -0.0807663 0.9529649
1740014062.051007 7.2564116 1.1107631 25.6160450 0.0906256 0.2752947 -0.0829740 0.9534754
1740014062.284454 7.2983360 1.0818205 25.6791801 0.0971392 0.2717869 -0.0846904 0.9536894
1740014062.498101 7.3444080 1.0481707 25.7278557 0.1015668 0.2664037 -0.0849191 0.9547262
1740014062.956751 7.4212279 0.9886333 25.8102646 0.1131828 0.2571893 -0.0875285 0.9557103
1740014063.218667 7.4392281 0.9488108 25.8597660 0.1183620 0.2536206 -0.0880035 0.9559929
1740014063.437838 7.4816833 0.9109693 25.9075451 0.1237245 0.2492267 -0.0895807 0.9563230
1740014063.659697 7.5230808 0.8792452 25.9783707 0.1295257 0.2456617 -0.0912485 0.9563196
1740014064.101118 7.6080532 0.8194785 26.1117630 0.1403529 0.2381238 -0.0939730 0.9564346
1740014064.551431 7.6454825 0.7636006 26.2293072 0.1508950 0.2347633 -0.0977577 0.9552802
1740014064.782587 7.6716881 0.7227492 26.3063107 0.1557269 0.2332026 -0.0995081 0.9547062
1740014065.001952 7.6946115 0.6880569 26.3733768 0.1608998 0.2316226 -0.1013844 0.9540353
1740014065.222165 7.7171373 0.6497862 26.4460258 0.1658067 0.2307440 -0.1029906 0.9532357
1740014065.485337 7.7593069 0.6097677 26.5046692 0.1713747 0.2279087 -0.1036755 0.9528587
1740014065.685285 7.7883515 0.5660982 26.5730782 0.1764070 0.2264463 -0.1048958 0.9521552
1740014066.035400 7.8132076 0.5210257 26.6384182 0.1808954 0.2254840 -0.1061791 0.9513988
1740014066.268073 7.8582611 0.4805031 26.7042847 0.1867113 0.2237658 -0.1081617 0.9504572
1740014066.504742 7.8755870 0.4385307 26.7742100 0.1917074 0.2240920 -0.1091479 0.9492723
1740014066.735124 7.9014854 0.4007003 26.8417435 0.1971311 0.2239974 -0.1100133 0.9480831
1740014066.954600 7.9410653 0.3540006 26.8938370 0.2013516 0.2222683 -0.1106673 0.9475269
1740014067.199754 7.9735861 0.3169951 26.9653015 0.2065729 0.2223818 -0.1119496 0.9462247
1740014067.457934 7.9960642 0.2735646 27.0381336 0.2109457 0.2229576 -0.1134853 0.9449407
1740014067.705500 8.0343771 0.2331264 27.1002903 0.2166208 0.2228433 -0.1144547 0.9435658
1740014067.902604 8.0685301 0.1859643 27.1701584 0.2216109 0.2230087 -0.1151562 0.9422817
1740014068.118871 8.0916862 0.1467621 27.2399654 0.2269009 0.2241763 -0.1158051 0.9406648
1740014068.333482 8.1230011 0.0988250 27.3023605 0.2311861 0.2252844 -0.1169157 0.9392182
1740014068.568843 8.1501942 0.0622528 27.3629723 0.2368973 0.2262665 -0.1175582 0.9374771
1740014068.802099 8.1823330 0.0215490 27.4243851 0.2420842 0.2271529 -0.1186668 0.9357965
1740014069.084898 8.2189360 -0.0234814 27.4819221 0.2468636 0.2283041 -0.1193944 0.9341738
1740014069.335785 8.2483692 -0.0617299 27.5461483 0.2522080 0.2296408 -0.1202559 0.9323062
1740014069.587106 8.2875338 -0.1064453 27.6076736 0.2572312 0.2307464 -0.1201804 0.9306691
1740014069.819632 8.3209219 -0.1506515 27.6695957 0.2616769 0.2326275 -0.1206453 0.9288996
1740014070.047841 8.3531246 -0.1925817 27.7366714 0.2668276 0.2345117 -0.1211007 0.9268991
1740014070.252892 8.3862295 -0.2309942 27.7969627 0.2713299 0.2361493 -0.1213861 0.9251373
1740014070.472504 8.4163589 -0.2785239 27.8585358 0.2757948 0.2380559 -0.1220263 0.9232422
1740014070.949220 8.4664507 -0.3930922 27.9665833 0.2828926 0.2416861 -0.1222374 0.9201183
1740014071.152271 8.4951849 -0.4602404 28.0179901 0.2860706 0.2433043 -0.1221875 0.9187148
1740014071.402779 8.5250177 -0.5009909 28.0826283 0.2904658 0.2455629 -0.1224490 0.9166977
1740014071.887862 8.5967207 -0.6178808 28.1811619 0.2967379 0.2485726 -0.1225987 0.9138533
1740014072.103868 8.6325779 -0.6715117 28.2380028 0.2997226 0.2499521 -0.1226251 0.9124984
1740014072.320212 8.6664772 -0.7212086 28.2984943 0.3024923 0.2518374 -0.1230702 0.9110050
1740014072.537148 8.6995163 -0.7737331 28.3500042 0.3052575 0.2533934 -0.1230929 0.9096471
1740014073.101657 8.7681665 -0.8875756 28.4491062 0.3100135 0.2562148 -0.1232976 0.9072173
1740014073.553794 8.8250828 -1.0000792 28.5453529 0.3137211 0.2588219 -0.1231840 0.9052160
1740014073.789225 8.8584642 -1.0274005 28.6079750 0.3164133 0.2595431 -0.1230842 0.9040853
1740014074.225526 8.9179745 -1.1343040 28.7233601 0.3195715 0.2620077 -0.1227706 0.9023045
1740014074.420599 8.9566135 -1.2063875 28.7677040 0.3201588 0.2625979 -0.1228493 0.9019140
1740014074.636806 8.9829626 -1.2285709 28.8383789 0.3229527 0.2639138 -0.1222264 0.9006175
1740014074.855232 9.0183411 -1.2864022 28.8903656 0.3241605 0.2648093 -0.1224293 0.8998928
1740014075.088129 9.0463161 -1.3440170 28.9400768 0.3246725 0.2654785 -0.1222555 0.8995346
1740014075.304545 9.0803947 -1.4050016 28.9889679 0.3250938 0.2656134 -0.1228514 0.8992614
1740014075.785697 9.1462774 -1.5121002 29.1008911 0.3264117 0.2661627 -0.1227409 0.8986365
1740014076.033355 9.1814632 -1.5685439 29.1481781 0.3266452 0.2661804 -0.1227417 0.8985463
1740014076.245144 9.2173643 -1.6198006 29.2016335 0.3272771 0.2661496 -0.1235177 0.8982191
1740014076.937966 9.3248959 -1.7943659 29.3542671 0.3278616 0.2662005 -0.1233636 0.8980120
1740014077.421803 9.3936348 -1.9094286 29.4498005 0.3276806 0.2654129 -0.1235500 0.8982855
1740014077.890059 9.4517670 -2.0068564 29.5765629 0.3281129 0.2653682 -0.1238296 0.8981024
1740014078.338107 9.5106544 -2.1152539 29.6838188 0.3276351 0.2647864 -0.1241269 0.8984075
1740014078.990597 9.6057863 -2.2864723 29.8371849 0.3260605 0.2635614 -0.1243765 0.8993055
1740014079.689437 9.7056656 -2.4477892 29.9984589 0.3243035 0.2627031 -0.1243503 0.9001952
1740014080.189361 9.7820072 -2.5552187 30.1038208 0.3231272 0.2618207 -0.1241322 0.9009051
1740014080.640493 9.8520641 -2.6541314 30.2160606 0.3217961 0.2612243 -0.1242933 0.9015322
1740014080.855278 9.8755789 -2.7083106 30.2739773 0.3209419 0.2614074 -0.1241017 0.9018099
1740014081.584938 9.9601774 -2.8623624 30.4509411 0.3186193 0.2595028 -0.1242604 0.9031608
1740014082.346353 10.0601959 -3.0105312 30.6246948 0.3163178 0.2585191 -0.1241172 0.9042709
1740014082.773243 10.1409054 -3.1227336 30.7240047 0.3142654 0.2568150 -0.1243900 0.9054338
1740014083.473161 10.2407227 -3.2878838 30.8787003 0.3108030 0.2540408 -0.1244787 0.9073973
1740014083.908240 10.3007174 -3.3963902 30.9937286 0.3076176 0.2516299 -0.1249420 0.9090893
1740014084.372266 10.3637733 -3.4963720 31.1087303 0.3035721 0.2473459 -0.1255267 0.9115410
1740014084.834795 10.4281826 -3.5972161 31.2252884 0.2987725 0.2423006 -0.1263739 0.9143605
1740014085.257620 10.4945726 -3.6913309 31.3445740 0.2927659 0.2365147 -0.1274989 0.9176562
1740014085.503106 10.5210323 -3.7408104 31.4037933 0.2892612 0.2334798 -0.1276141 0.9195269
1740014085.941101 10.5832081 -3.8444865 31.5178242 0.2809934 0.2263768 -0.1282749 0.9237651
1740014086.441678 10.6240797 -3.9327416 31.6522217 0.2720308 0.2192617 -0.1292324 0.9280208
1740014087.147542 10.6828756 -4.0529289 31.8688946 0.2556726 0.2077022 -0.1299703 0.9352000
1740014087.878096 10.7388964 -4.1656814 32.0871925 0.2373119 0.1973163 -0.1296796 0.9423018
1740014088.396935 10.7812328 -4.2355819 32.2320824 0.2242209 0.1914745 -0.1291302 0.9467777
1740014088.878747 10.8253241 -4.2944055 32.3811264 0.2106152 0.1871108 -0.1280988 0.9509056
1740014089.308507 10.8905172 -4.3484988 32.5237083 0.1961848 0.1826130 -0.1266527 0.9550514
1740014090.241776 10.9824324 -4.4639387 32.8232269 0.1664311 0.1795993 -0.1223516 0.9618081
1740014090.741811 11.0239458 -4.5009542 32.9807510 0.1514884 0.1803491 -0.1202952 0.9643934
1740014091.208045 11.0899448 -4.5439286 33.1281013 0.1353668 0.1813667 -0.1169314 0.9670104
1740014091.914572 11.1794586 -4.6071234 33.3484612 0.1096431 0.1858064 -0.1120873 0.9699953
1740014092.924021 11.2897768 -4.6458430 33.6618118 0.0707382 0.1969728 -0.1033806 0.9723735
1740014093.593818 11.4041309 -4.6686397 33.8857040 0.0370743 0.2064121 -0.0957414 0.9730638
1740014094.292410 11.5243206 -4.6953444 34.0994759 -0.0003770 0.2175235 -0.0875318 0.9721223
1740014094.993046 11.6586027 -4.6905255 34.3100967 -0.0420725 0.2259553 -0.0787135 0.9700404
1740014095.679372 11.7854862 -4.5941777 34.5009727 -0.0846607 0.2340414 -0.0684559 0.9661112
1740014096.409343 11.9012852 -4.4667320 34.6847343 -0.1264624 0.2398593 -0.0583480 0.9607655
1740014097.097464 12.0080223 -4.3345156 34.8677063 -0.1638000 0.2426004 -0.0490994 0.9549366
1740014097.760744 12.1182146 -4.2025495 35.0533676 -0.1928764 0.2424099 -0.0413965 0.9499066
1740014098.449201 12.2329206 -4.0777793 35.2437134 -0.2130366 0.2411012 -0.0362848 0.9461337
1740014099.181723 12.3597689 -3.9636607 35.4307518 -0.2230157 0.2379595 -0.0333715 0.9447357
1740014099.811241 12.4867344 -3.8640566 35.6282845 -0.2255224 0.2335923 -0.0312538 0.9453028
1740014100.544646 12.5981092 -3.7694323 35.8320656 -0.2213485 0.2279085 -0.0309592 0.9476836
1740014101.222958 12.7042198 -3.6864810 36.0459976 -0.2140181 0.2190277 -0.0307161 0.9514619
1740014101.962097 12.8167009 -3.6051373 36.2599983 -0.2049162 0.2080157 -0.0301336 0.9559450
1740014102.701495 12.9171524 -3.5294390 36.4821091 -0.1957764 0.1945709 -0.0294220 0.9607019
1740014103.490880 12.9825716 -3.4248776 36.7057877 -0.1857523 0.1795120 -0.0285514 0.9656378
1740014104.163524 13.0387764 -3.3231149 36.9285660 -0.1767843 0.1636673 -0.0273473 0.9701611
1740014104.879734 13.1159286 -3.2601542 37.1674881 -0.1667689 0.1472462 -0.0258004 0.9745979
1740014105.580471 13.1685019 -3.1749845 37.4056015 -0.1560757 0.1303489 -0.0249662 0.9787881
1740014106.218065 13.2167339 -3.1192195 37.6499557 -0.1450390 0.1146925 -0.0236043 0.9824725
1740014106.862895 13.2702999 -3.0918136 37.9061890 -0.1349481 0.0997187 -0.0229601 0.9855547
1740014107.580866 13.2871323 -3.0437946 38.1564178 -0.1262848 0.0855992 -0.0222434 0.9880437
1740014108.258028 13.3172789 -2.9725788 38.4026337 -0.1194073 0.0709477 -0.0210677 0.9900831
1740014109.031527 13.3504429 -2.9019229 38.6496277 -0.1145179 0.0579188 -0.0194122 0.9915413
1740014109.684076 13.3810520 -2.8583970 38.9026794 -0.1122363 0.0439675 -0.0181373 0.9925426
1740014110.381887 13.3931417 -2.8173480 39.1602707 -0.1114094 0.0296061 -0.0169561 0.9931888
1740014111.066869 13.3811827 -2.7797899 39.4132805 -0.1133453 0.0156534 -0.0151450 0.9933169
1740014111.778698 13.3426495 -2.7151165 39.6595612 -0.1174946 0.0022859 -0.0136845 0.9929766
1740014112.521676 13.3268147 -2.6257741 39.9004478 -0.1217894 -0.0116642 -0.0118683 0.9924164
1740014113.232937 13.3306494 -2.5617688 40.1511002 -0.1287108 -0.0240803 -0.0107716 0.9913313
1740014113.962531 13.3238468 -2.4955971 40.4000282 -0.1357350 -0.0353267 -0.0089201 0.9900750
1740014114.866611 13.2691212 -2.3936472 40.7251740 -0.1457364 -0.0490687 -0.0079533 0.9880739
1740014115.606802 13.1983309 -2.3131106 40.9605598 -0.1544186 -0.0576072 -0.0068014 0.9863012
1740014116.087939 13.1697989 -2.2602119 41.1239548 -0.1604186 -0.0632712 -0.0060437 0.9850006
1740014116.767460 13.1400175 -2.1771946 41.3667679 -0.1685993 -0.0697960 -0.0059586 0.9831924
1740014117.717222 13.0843334 -2.0340919 41.6740417 -0.1805201 -0.0760193 -0.0054233 0.9806142
1740014118.417779 13.0361233 -1.9346352 41.9128418 -0.1878797 -0.0778515 -0.0054620 0.9790866
1740014119.051107 13.0161161 -1.8246868 42.1456337 -0.1918593 -0.0798793 -0.0056041 0.9781502
1740014119.516865 12.9801702 -1.7353547 42.2874527 -0.1932756 -0.0804294 -0.0059228 0.9778244
1740014119.966548 12.9433851 -1.6483228 42.4361572 -0.1921864 -0.0809163 -0.0057882 0.9779997
1740014120.419466 12.9113398 -1.5835059 42.5939255 -0.1898496 -0.0813774 -0.0052668 0.9784207
1740014121.068942 12.8829556 -1.4879671 42.8288040 -0.1824785 -0.0835925 -0.0046456 0.9796389
1740014121.533664 12.8678703 -1.4279792 42.9905510 -0.1755065 -0.0857697 -0.0031910 0.9807298
1740014122.001574 12.8618546 -1.3633512 43.1543541 -0.1664923 -0.0893096 -0.0018763 0.9819881
1740014122.668960 12.8217287 -1.3477780 43.4095383 -0.1518157 -0.0966475 0.0011198 0.9836717
1740014123.317279 12.7425261 -1.3149338 43.6559525 -0.1361509 -0.1076365 0.0040184 0.9848154
1740014123.851045 12.6959324 -1.2776126 43.8188782 -0.1262432 -0.1163645 0.0063539 0.9851303
1740014124.300285 12.6475754 -1.2407098 43.9842453 -0.1168401 -0.1255497 0.0084491 0.9851468
1740014124.751831 12.5916090 -1.2051053 44.1456146 -0.1085924 -0.1351679 0.0106357 0.9847965
1740014125.218774 12.5300159 -1.1724339 44.3030663 -0.1017570 -0.1459064 0.0124710 0.9839722
1740014125.867386 12.4094229 -1.1258446 44.5299225 -0.0920373 -0.1593093 0.0154433 0.9828078
1740014126.318624 12.3455248 -1.0899503 44.6858673 -0.0857952 -0.1668132 0.0173839 0.9820949
1740014126.999953 12.2556486 -1.0571780 44.9264336 -0.0770898 -0.1755906 0.0198197 0.9812402
1740014127.669718 12.1495342 -1.0445808 45.1649132 -0.0682619 -0.1802249 0.0215800 0.9810166
1740014128.135768 12.0745296 -1.0237138 45.3219147 -0.0619471 -0.1818035 0.0231504 0.9811086
1740014128.835722 11.9768486 -1.0096463 45.5569954 -0.0518111 -0.1818015 0.0246937 0.9816588
1740014129.524786 11.9130325 -1.0177113 45.8088913 -0.0413466 -0.1801854 0.0265200 0.9824054
1740014130.186134 11.8321562 -1.0052781 46.0559464 -0.0309306 -0.1775174 0.0285111 0.9832182
1740014130.886800 11.7348900 -0.9930325 46.2955284 -0.0224442 -0.1746109 0.0301862 0.9839187
1740014131.555890 11.6472359 -1.0104524 46.5356064 -0.0146179 -0.1716821 0.0310524 0.9845544
1740014132.220384 11.5712366 -1.0384208 46.7836075 -0.0091472 -0.1708190 0.0317699 0.9847476
1740014132.688281 11.5034046 -1.0437670 46.9403381 -0.0059991 -0.1692926 0.0324139 0.9850144
1740014133.155433 11.4352341 -1.0417222 47.0984383 -0.0046953 -0.1681031 0.0330649 0.9852036
1740014133.812902 11.3612070 -1.0374434 47.3458939 -0.0044560 -0.1672531 0.0329000 0.9853548
1740014134.489239 11.2856913 -1.0297122 47.5907249 -0.0051292 -0.1655834 0.0330788 0.9856275
1740014135.172011 11.1946182 -1.0327201 47.8321381 -0.0075453 -0.1645544 0.0328502 0.9857920
1740014135.838305 11.1110010 -1.0289350 48.0737762 -0.0096319 -0.1622811 0.0319047 0.9861816
1740014136.505287 11.0246096 -1.0073649 48.3137932 -0.0107917 -0.1606678 0.0326295 0.9864100
1740014137.191070 10.9543972 -1.0078833 48.5605812 -0.0109256 -0.1594252 0.0324530 0.9866160
1740014137.873048 10.8863878 -0.9884057 48.8061600 -0.0099030 -0.1581952 0.0312782 0.9868627
1740014138.556285 10.8155174 -0.9999824 49.0602074 -0.0091112 -0.1587926 0.0320339 0.9867501
1740014139.256559 10.7165594 -1.0075324 49.3035202 -0.0089634 -0.1598231 0.0317425 0.9865945
1740014139.926829 10.6444721 -1.0161020 49.5511208 -0.0107489 -0.1619848 0.0314186 0.9862344
1740014140.384606 10.5863342 -1.0265261 49.7145042 -0.0143019 -0.1645860 0.0311703 0.9857664
1740014140.909140 10.5418682 -1.0348322 49.8823624 -0.0195755 -0.1681141 0.0301860 0.9851108
1740014141.442702 10.4876604 -1.0277216 50.0447845 -0.0263332 -0.1721288 0.0291960 0.9842895
1740014142.142655 10.3931961 -1.0130595 50.2920990 -0.0426456 -0.1795787 0.0263009 0.9824669
1740014142.807496 10.2864380 -0.9706513 50.5255203 -0.0625357 -0.1867554 0.0232043 0.9801394
1740014143.417910 10.1983089 -0.9228526 50.6657524 -0.0764397 -0.1917406 0.0206590 0.9782463
1740014143.958144 10.1101799 -0.8676572 50.8018875 -0.0914066 -0.1948050 0.0184080 0.9764001
1740014144.607354 10.0017347 -0.7921731 51.0272064 -0.1153595 -0.1972528 0.0131287 0.9734532
1740014145.326773 9.9120350 -0.6891928 51.2508087 -0.1371991 -0.1975581 0.0093354 0.9705978
1740014146.007072 9.7888346 -0.5980349 51.4677277 -0.1578006 -0.1918910 0.0041187 0.9686381
1740014146.707242 9.6913462 -0.4998546 51.6894646 -0.1762122 -0.1852663 -0.0003519 0.9667603
1740014147.359014 9.6609316 -0.3914261 51.9233475 -0.1929154 -0.1766511 -0.0054269 0.9651676
1740014147.842233 9.6267042 -0.3324049 52.0838242 -0.2031835 -0.1702712 -0.0087544 0.9641823
1740014148.496449 9.5521851 -0.2063627 52.3041687 -0.2177773 -0.1626166 -0.0126771 0.9622725
1740014148.995653 9.4872494 -0.1273503 52.4468727 -0.2273113 -0.1591321 -0.0157829 0.9606026
1740014149.474701 9.4354839 -0.0340548 52.5839539 -0.2365871 -0.1561690 -0.0180515 0.9588075
1740014149.926322 9.4088144 0.0651383 52.7269325 -0.2452644 -0.1552356 -0.0204002 0.9567294
1740014150.374668 9.3685179 0.1588440 52.8692093 -0.2535819 -0.1543356 -0.0211938 0.9546872
1740014150.808476 9.3136692 0.2649174 52.9941788 -0.2607598 -0.1548105 -0.0225541 0.9526433
1740014151.276121 9.2609520 0.3520889 53.1328201 -0.2670121 -0.1553623 -0.0226175 0.9508184
1740014151.766136 9.2122488 0.4502859 53.2725639 -0.2725295 -0.1564236 -0.0229850 0.9490685
1740014152.192554 9.1658163 0.5378122 53.4098511 -0.2776504 -0.1573844 -0.0233886 0.9474140
1740014152.642440 9.1088581 0.6370029 53.5432396 -0.2810148 -0.1588289 -0.0234023 0.9461799
1740014153.060215 9.0516424 0.7371783 53.6646194 -0.2839490 -0.1587370 -0.0243655 0.9452946
1740014153.525530 8.9922218 0.8347797 53.7966309 -0.2859500 -0.1592051 -0.0244039 0.9446114
1740014154.015727 8.9480906 0.9321332 53.9312363 -0.2864938 -0.1592111 -0.0244886 0.9444435
1740014154.460537 8.8952770 1.0272994 54.0711288 -0.2865840 -0.1575095 -0.0254191 0.9446768
1740014154.892927 8.8527098 1.1193023 54.2083511 -0.2866762 -0.1557572 -0.0258076 0.9449288
1740014155.360828 8.8027859 1.2138586 54.3421326 -0.2857944 -0.1534713 -0.0261401 0.9455606
1740014155.822937 8.7540121 1.3086672 54.4833298 -0.2845515 -0.1505037 -0.0274010 0.9463764
1740014156.274535 8.7186785 1.4027505 54.6170197 -0.2820608 -0.1472643 -0.0282905 0.9476047
1740014156.911269 8.6401091 1.5426049 54.8205261 -0.2791351 -0.1420686 -0.0295982 0.9492229
1740014157.561571 8.6035252 1.6662769 55.0472679 -0.2768424 -0.1369179 -0.0305276 0.9506208
1740014158.037694 8.5550861 1.7597337 55.1788101 -0.2744291 -0.1334193 -0.0316935 0.9517792
1740014158.478207 8.5248079 1.8571255 55.3127861 -0.2717616 -0.1304035 -0.0326655 0.9529290
1740014158.944154 8.4762707 1.9407008 55.4541397 -0.2694458 -0.1267449 -0.0332492 0.9540594
1740014159.610535 8.4249029 2.0725706 55.6770668 -0.2652542 -0.1213814 -0.0339932 0.9559034
1740014160.080838 8.3930378 2.1624513 55.8170776 -0.2621008 -0.1171169 -0.0349793 0.9572687
1740014160.590386 8.3520069 2.2595286 55.9562149 -0.2584831 -0.1130251 -0.0365146 0.9586859
1740014161.245356 8.2914152 2.3954728 56.1722527 -0.2531058 -0.1054328 -0.0380484 0.9609234
1740014161.712096 8.2702904 2.4680386 56.3293381 -0.2484120 -0.1009423 -0.0388185 0.9625981
1740014162.380257 8.2509689 2.5643320 56.5667229 -0.2443866 -0.0951982 -0.0402872 0.9641522
1740014163.073336 8.2285624 2.6750989 56.7952499 -0.2431989 -0.0906627 -0.0420387 0.9648147
1740014163.698091 8.1862936 2.7905536 57.0225105 -0.2430552 -0.0872491 -0.0431717 0.9651155
1740014164.381110 8.1662922 2.9092400 57.2455215 -0.2467837 -0.0859381 -0.0436576 0.9642648
1740014164.896592 8.1364918 2.9934597 57.3952484 -0.2520237 -0.0862258 -0.0440001 0.9628671
1740014165.448125 8.1069040 3.0775800 57.5436401 -0.2580648 -0.0885832 -0.0445509 0.9610259
1740014166.133958 8.0842934 3.2174697 57.7611847 -0.2699926 -0.0916111 -0.0455707 0.9574105
1740014166.866036 8.0225306 3.3687363 57.9607964 -0.2847969 -0.0964968 -0.0455355 0.9526309
1740014167.342814 7.9972425 3.4851558 58.0874176 -0.2948489 -0.1014287 -0.0455972 0.9490507
1740014168.019206 7.9788551 3.6369896 58.2943764 -0.3126262 -0.1089605 -0.0466978 0.9424499
1740014168.513736 7.9262638 3.7428880 58.4270668 -0.3235767 -0.1139015 -0.0445242 0.9382655
1740014169.014003 7.8862367 3.8676958 58.5342903 -0.3339452 -0.1199577 -0.0450601 0.9338417
1740014169.464493 7.8589439 3.9953527 58.6501122 -0.3421750 -0.1259139 -0.0437415 0.9301337
1740014170.145086 7.8092718 4.1824441 58.8231773 -0.3558919 -0.1353002 -0.0416187 0.9237438
1740014170.815438 7.7456126 4.3661003 58.9877014 -0.3667258 -0.1449594 -0.0392953 0.9181257
1740014171.481909 7.6614313 4.5423231 59.1553268 -0.3768205 -0.1548777 -0.0369205 0.9124999
1740014171.698747 7.6356573 4.5939274 59.2105141 -0.3801346 -0.1579088 -0.0361502 0.9106348
1740014172.427433 7.5627694 4.7769575 59.3723717 -0.3873243 -0.1662806 -0.0337735 0.9061953
1740014172.680903 7.5414424 4.8379726 59.4221802 -0.3894876 -0.1689720 -0.0328961 0.9048015
1740014173.436616 7.4475775 5.0279760 59.5694351 -0.3948073 -0.1733580 -0.0318964 0.9016966
1740014173.906662 7.3902903 5.1446495 59.6663284 -0.3990219 -0.1766857 -0.0324596 0.8991719
1740014174.365773 7.3278756 5.2788563 59.7678375 -0.4014111 -0.1773089 -0.0322831 0.8979914
1740014174.832892 7.3393202 5.3239603 59.7941971 -0.4053126 -0.1792663 -0.0352414 0.8957362
1740014175.050034 7.3559623 5.3263168 59.7983322 -0.4083655 -0.1815724 -0.0355087 0.8938726
1740014175.516195 7.3903751 5.3261070 59.8192825 -0.4144085 -0.1876753 -0.0391907 0.8896672
1740014175.748888 7.4098268 5.3343344 59.8219147 -0.4163238 -0.1915655 -0.0401572 0.8878990
1740014175.988618 7.4233055 5.3440666 59.8119469 -0.4174416 -0.1930169 -0.0419980 0.8869742
1740014176.216637 7.4304476 5.3448038 59.8076019 -0.4203428 -0.1932514 -0.0438485 0.8854622
1740014176.471431 7.4421492 5.3407030 59.8360405 -0.4277115 -0.1946965 -0.0458456 0.8815069
1740014176.716813 7.4377341 5.3295040 59.8416367 -0.4335614 -0.1925303 -0.0481841 0.8789966
1740014176.983390 7.4671474 5.3432465 59.8314743 -0.4326342 -0.1963759 -0.0477764 0.8786248
1740014177.203606 7.5040307 5.3698072 59.8213387 -0.4312704 -0.2005317 -0.0474825 0.8783726
1740014177.470064 7.5100613 5.3644152 59.8270187 -0.4344348 -0.2007736 -0.0492869 0.8766568
1740014177.715574 7.5321655 5.3724823 59.8456306 -0.4369515 -0.2025816 -0.0509848 0.8748912
1740014177.973040 7.5476141 5.3962059 59.8496933 -0.4370774 -0.2034492 -0.0523032 0.8745491
1740014178.266440 7.5559130 5.4159374 59.8469963 -0.4392512 -0.2029216 -0.0522341 0.8735862
1740014178.520112 7.5481491 5.4697456 59.8663635 -0.4393803 -0.2041024 -0.0539580 0.8731413
1740014178.775555 7.5239439 5.5367069 59.9126549 -0.4395145 -0.2034006 -0.0544577 0.8732066
1740014179.005393 7.5013094 5.6067467 59.9616356 -0.4398776 -0.2035535 -0.0547325 0.8729708
1740014179.246607 7.4812841 5.6796246 60.0075035 -0.4397503 -0.2041587 -0.0543696 0.8729163
1740014179.495063 7.4557400 5.7465057 60.0528870 -0.4390792 -0.2038294 -0.0552299 0.8732769
1740014179.721319 7.4263668 5.8117886 60.1070824 -0.4391022 -0.2040526 -0.0544154 0.8732644
1740014179.939007 7.4087687 5.8818798 60.1521301 -0.4373644 -0.2050455 -0.0541430 0.8739206
1740014180.151469 7.3856630 5.9446640 60.1908112 -0.4378794 -0.2047621 -0.0543222 0.8737180
1740014180.369571 7.3704634 6.0099869 60.2273636 -0.4361291 -0.2059336 -0.0530986 0.8743931
1740014180.606690 7.3486643 6.0625849 60.2546196 -0.4346773 -0.2075343 -0.0540989 0.8746762
1740014180.834819 7.3420496 6.1236668 60.2813644 -0.4328293 -0.2089578 -0.0528216 0.8753316
1740014181.052140 7.3250656 6.1748495 60.3010025 -0.4307638 -0.2091764 -0.0529051 0.8762927
1740014181.294984 7.3098154 6.2285681 60.3365669 -0.4287277 -0.2103967 -0.0515528 0.8770792
1740014181.549463 7.2828569 6.2990551 60.3864822 -0.4270739 -0.2124554 -0.0504146 0.8774560
1740014181.781292 7.2519169 6.3651314 60.4249420 -0.4249695 -0.2120782 -0.0504069 0.8785686
1740014181.999698 7.2245378 6.4307137 60.4799652 -0.4242044 -0.2141793 -0.0490482 0.8785056
1740014182.251504 7.2045689 6.4884005 60.5230293 -0.4216338 -0.2159771 -0.0482858 0.8793449
1740014182.451875 7.1800871 6.5574884 60.5604858 -0.4188951 -0.2169150 -0.0458471 0.8805525
1740014182.672298 7.1434755 6.6219149 60.6123581 -0.4159346 -0.2193750 -0.0438852 0.8814461
1740014182.918274 7.1349955 6.6717987 60.6317520 -0.4130894 -0.2222556 -0.0443729 0.8820378
1740014183.152335 7.1310825 6.7030125 60.6284027 -0.4081440 -0.2238814 -0.0441874 0.8839361
1740014183.384183 7.1385174 6.7397079 60.6156464 -0.4004403 -0.2263121 -0.0426039 0.8869134
1740014183.620547 7.1281528 6.7677040 60.5944519 -0.3922904 -0.2264296 -0.0421255 0.8905410
1740014183.851951 7.1266632 6.8062773 60.5706215 -0.3831635 -0.2275369 -0.0401161 0.8943173
1740014184.071400 7.1063690 6.8430300 60.5368500 -0.3719847 -0.2267974 -0.0424338 0.8991050
1740014184.313582 7.1025705 6.8715067 60.5177383 -0.3636479 -0.2284436 -0.0433853 0.9020485
1740014184.539991 7.0912447 6.9153695 60.4825974 -0.3507002 -0.2284149 -0.0442526 0.9071261
1740014184.776525 7.0724506 6.9512787 60.4464035 -0.3389609 -0.2264971 -0.0475833 0.9118884
1740014185.039482 7.0803485 6.9705644 60.4315834 -0.3281705 -0.2310926 -0.0507703 0.9145069
1740014185.287627 7.0532460 6.9937000 60.4032249 -0.3180389 -0.2292296 -0.0565481 0.9182088
1740014185.539311 7.0375972 7.0270219 60.3898926 -0.3106700 -0.2285517 -0.0587455 0.9207591
1740014185.804138 7.0215549 7.0639300 60.3649902 -0.3004037 -0.2256744 -0.0587925 0.9248633
1740014186.046912 6.9947896 7.0850778 60.3509254 -0.2953936 -0.2219696 -0.0610941 0.9272215
1740014186.275826 6.9515328 7.1122112 60.3133163 -0.2865237 -0.2122666 -0.0668104 0.9318709
1740014186.503850 6.9335814 7.1472960 60.2945671 -0.2802723 -0.2077787 -0.0667758 0.9347816
1740014186.735620 6.9578757 7.1588802 60.3082390 -0.2784373 -0.2163479 -0.0641151 0.9335713
1740014186.968964 6.9531708 7.1991210 60.3341751 -0.2769738 -0.2208560 -0.0656389 0.9328449
1740014187.202599 7.0012617 7.2555861 60.3546829 -0.2704947 -0.2335498 -0.0609559 0.9319718
1740014187.465337 7.0494976 7.3470302 60.3893127 -0.2581745 -0.2451867 -0.0575895 0.9326912
1740014187.690198 7.0910449 7.4137659 60.4398613 -0.2531847 -0.2594993 -0.0499212 0.9306264
1740014187.936073 7.1196246 7.4775290 60.4765167 -0.2485052 -0.2704053 -0.0424464 0.9291525
1740014188.171519 7.1334877 7.5510731 60.5769997 -0.2432966 -0.2840986 -0.0349223 0.9267552
1740014188.403137 7.0712023 7.5606699 60.6570053 -0.2459726 -0.2869979 -0.0380940 0.9250290
1740014188.620063 7.0472794 7.6159544 60.7062798 -0.2428225 -0.2917139 -0.0343326 0.9245331
1740014188.905569 6.9916267 7.6265831 60.7783051 -0.2453697 -0.2970604 -0.0387728 0.9219791
1740014189.352953 6.9113207 7.7371187 60.8875961 -0.2379247 -0.3088610 -0.0326919 0.9202869
1740014189.603234 6.9037542 7.8011513 60.9534569 -0.2316069 -0.3207744 -0.0254763 0.9180484
1740014190.085021 6.8008623 7.8675613 61.0727768 -0.2267150 -0.3314505 -0.0221648 0.9155598
1740014190.580802 6.7049408 7.9610610 61.1746216 -0.2191271 -0.3444404 -0.0112744 0.9128072
1740014190.830325 6.6588535 7.9834232 61.2434349 -0.2201246 -0.3510559 -0.0099626 0.9100581
1740014191.087204 6.6101971 8.0138073 61.3056946 -0.2189898 -0.3577671 -0.0088997 0.9077262
1740014191.348114 6.5681553 8.0503712 61.3669205 -0.2168228 -0.3655621 -0.0062088 0.9051595
1740014191.606144 6.5093298 8.0990553 61.4097366 -0.2118436 -0.3706241 -0.0007640 0.9043006
1740014191.852390 6.4231472 8.1238365 61.4240036 -0.2093439 -0.3766580 0.0019996 0.9023857
1740014192.089912 6.3411636 8.1329727 61.4141045 -0.2099768 -0.3805145 0.0046954 0.9006089
