1739772415.161766 0.0000000 0.0000000 0.0000000 -0.0000000 -0.0000000 -0.0000000 1.0000000
1739772415.877532 0.0008780 -0.0055670 0.0724520 -0.0002522 -0.0001032 -0.0002108 0.9999999
1739772415.976540 -0.0023947 -0.0175101 0.1462102 -0.0006183 0.0000075 -0.0001158 0.9999998
1739772416.071889 -0.0045705 -0.0303806 0.2229424 -0.0007498 0.0001776 -0.0003237 0.9999996
1739772416.170257 -0.0056440 -0.0339001 0.2971378 0.0000030 0.0001067 -0.0002500 1.0000000
1739772416.268087 -0.0018887 -0.0440559 0.3712606 0.0005604 0.0000023 -0.0003747 0.9999998
1739772416.365528 -0.0011531 -0.0507577 0.4468007 0.0017332 -0.0000624 -0.0003005 0.9999985
1739772416.465480 0.0018786 -0.0549834 0.5239774 0.0030037 -0.0000988 -0.0002093 0.9999955
1739772416.564463 0.0025967 -0.0549226 0.6026338 0.0048351 0.0000851 -0.0004925 0.9999882
1739772416.662791 -0.0047662 -0.0690312 0.6763117 0.0061933 0.0002726 -0.0003604 0.9999807
1739772416.761616 0.0015203 -0.0714237 0.7512985 0.0083252 -0.0002433 -0.0003437 0.9999653
1739772416.861223 0.0058105 -0.0599566 0.8270757 0.0109072 -0.0004117 -0.0002279 0.9999404
1739772416.959757 -0.0007002 -0.0725092 0.9004004 0.0123781 -0.0007306 -0.0001014 0.9999231
1739772417.068570 -0.0000782 -0.0683434 0.9763499 0.0147565 -0.0010927 -0.0001970 0.9998905
1739772417.275131 -0.0048123 -0.0696611 1.0518682 0.0170587 -0.0015026 -0.0001968 0.9998534
1739772417.371407 -0.0131759 -0.0719465 1.1265036 0.0194926 -0.0014512 -0.0001619 0.9998090
1739772417.470371 -0.0043053 -0.0755762 1.2021713 0.0219935 -0.0025278 -0.0002932 0.9997549
1739772417.583506 -0.0034618 -0.0836106 1.2784700 0.0245873 -0.0029661 -0.0001806 0.9996933
1739772417.682980 -0.0177761 -0.0951690 1.3530493 0.0272130 -0.0030011 -0.0002750 0.9996251
1739772417.791322 -0.0175818 -0.1050946 1.4275066 0.0299661 -0.0039486 -0.0000551 0.9995431
1739772417.900062 -0.0060477 -0.1133597 1.5021559 0.0329333 -0.0057840 -0.0003085 0.9994408
1739772418.006025 -0.0136357 -0.1289170 1.5753986 0.0353070 -0.0065952 -0.0003505 0.9993547
1739772418.116267 -0.0247877 -0.1463487 1.6532968 0.0376702 -0.0070460 -0.0005709 0.9992653
1739772418.217543 -0.0247242 -0.1497693 1.7310457 0.0406939 -0.0084831 -0.0004129 0.9991356
1739772418.322111 -0.0476369 -0.1629524 1.8038524 0.0432471 -0.0083397 -0.0006849 0.9990293
1739772418.422010 -0.0668198 -0.1808112 1.8752077 0.0454554 -0.0091306 -0.0001268 0.9989247
1739772418.528623 -0.0825053 -0.2093464 1.9470224 0.0471856 -0.0092387 -0.0008414 0.9988431
1739772418.628261 -0.0650043 -0.2140825 2.0273142 0.0497074 -0.0111935 -0.0010119 0.9987006
1739772418.727589 -0.0831853 -0.2430023 2.0922284 0.0507102 -0.0109936 -0.0009324 0.9986525
1739772418.836370 -0.0895937 -0.2601797 2.1699014 0.0525759 -0.0117085 -0.0009329 0.9985479
1739772418.936283 -0.0908910 -0.2719106 2.2445416 0.0542538 -0.0128528 -0.0009002 0.9984440
1739772419.043463 -0.0981089 -0.2820426 2.3285670 0.0566954 -0.0132175 -0.0006164 0.9983038
1739772419.145028 -0.0917961 -0.2998260 2.4036672 0.0585312 -0.0139739 -0.0011777 0.9981871
1739772419.246374 -0.1040501 -0.3131143 2.4747770 0.0595424 -0.0136700 -0.0010871 0.9981316
1739772419.352917 -0.1270928 -0.3483979 2.5523305 0.0597992 -0.0139222 -0.0009231 0.9981129
1739772419.451511 -0.1327501 -0.3411646 2.6269457 0.0623938 -0.0136864 -0.0005280 0.9979576
1739772419.557866 -0.1607708 -0.3602108 2.6924117 0.0622218 -0.0124795 -0.0002147 0.9979843
1739772419.658561 -0.1470800 -0.3757748 2.7703013 0.0622158 -0.0138821 -0.0008134 0.9979659
1739772419.763036 -0.1628173 -0.3943115 2.8450303 0.0620413 -0.0135309 -0.0005116 0.9979817
1739772419.870240 -0.1756977 -0.4201935 2.9072542 0.0611797 -0.0122336 -0.0010897 0.9980512
1739772419.973442 -0.2021768 -0.4428169 2.9753609 0.0595647 -0.0110159 -0.0005006 0.9981635
1739772420.090559 -0.2036323 -0.4672453 3.0381827 0.0575207 -0.0103235 -0.0011117 0.9982904
1739772420.193680 -0.2126956 -0.4931705 3.0978887 0.0551982 -0.0100985 -0.0006664 0.9984241
1739772420.302145 -0.2205368 -0.5238455 3.1620090 0.0530618 -0.0084966 -0.0015274 0.9985539
1739772420.401536 -0.2329518 -0.5514929 3.2246161 0.0506612 -0.0077505 -0.0017343 0.9986843
1739772420.499029 -0.2592528 -0.5719687 3.2934608 0.0485755 -0.0059644 -0.0009217 0.9988013
1739772420.602612 -0.2786628 -0.5972956 3.3512733 0.0456630 -0.0038651 -0.0015308 0.9989483
1739772420.700415 -0.3001831 -0.6173194 3.4109936 0.0430435 -0.0017906 -0.0011053 0.9990710
1739772420.806674 -0.2990315 -0.6477607 3.4793172 0.0392176 -0.0012255 -0.0020205 0.9992279
1739772420.909473 -0.3202052 -0.6323792 3.5386651 0.0380644 0.0013452 -0.0010521 0.9992738
1739772421.012752 -0.3386849 -0.6481614 3.5992050 0.0344601 0.0025365 -0.0019372 0.9994010
1739772421.123519 -0.3572544 -0.6603218 3.6548343 0.0314723 0.0056921 -0.0020168 0.9994864
1739772421.224638 -0.3703752 -0.6763699 3.7230473 0.0288262 0.0082617 -0.0022431 0.9995478
1739772421.334483 -0.3559527 -0.6697012 3.7993140 0.0268117 0.0089982 -0.0026483 0.9995965
1739772421.434789 -0.3747655 -0.6877068 3.8668175 0.0239088 0.0118997 -0.0031030 0.9996385
1739772421.539663 -0.3938006 -0.6964755 3.9340127 0.0207854 0.0146266 -0.0022009 0.9996746
1739772421.642406 -0.4016352 -0.7199976 3.9956129 0.0173340 0.0157222 -0.0028599 0.9997221
1739772421.743057 -0.4106531 -0.7286251 4.0539827 0.0155209 0.0188385 -0.0031803 0.9996970
1739772421.849990 -0.4298907 -0.7433261 4.1229067 0.0125738 0.0214394 -0.0029956 0.9996866
1739772421.952270 -0.4438293 -0.7470790 4.2016172 0.0103697 0.0233656 -0.0030143 0.9996687
1739772422.068439 -0.4321104 -0.7304571 4.2684498 0.0107472 0.0252503 -0.0032645 0.9996181
1739772422.169330 -0.4350203 -0.7527506 4.3203611 0.0074807 0.0258913 -0.0033495 0.9996312
1739772422.273971 -0.4352097 -0.7684848 4.3588033 0.0046751 0.0266605 -0.0038768 0.9996261
1739772422.385446 -0.4517620 -0.7882976 4.4206452 0.0027357 0.0302476 -0.0045664 0.9995283
1739772422.484435 -0.4562254 -0.7851524 4.4887004 0.0016726 0.0323663 -0.0045936 0.9994642
1739772422.601539 -0.4596856 -0.7914072 4.5235171 0.0012308 0.0338125 -0.0049847 0.9994150
1739772422.702698 -0.4651815 -0.7987698 4.5481954 -0.0004592 0.0337386 -0.0046364 0.9994199
1739772422.806702 -0.4694309 -0.7788832 4.5777454 0.0001641 0.0351387 -0.0048333 0.9993708
1739772422.909947 -0.4816093 -0.7727674 4.6313572 0.0003481 0.0392459 -0.0044975 0.9992194
1739772423.012976 -0.4966405 -0.7655381 4.6812439 -0.0002352 0.0433114 -0.0038800 0.9990541
1739772423.121831 -0.5207744 -0.7782345 4.7284808 -0.0021332 0.0474616 -0.0044870 0.9988607
1739772423.224214 -0.5227659 -0.7926568 4.7724357 -0.0046276 0.0476089 -0.0066298 0.9988334
1739772423.358319 -0.5122992 -0.7891690 4.8017955 -0.0045142 0.0472672 -0.0068051 0.9988489
1739772423.458254 -0.5326936 -0.7688183 4.8228583 -0.0022278 0.0510596 -0.0076461 0.9986638
1739772423.570130 -0.5273175 -0.7638690 4.8623643 -0.0011880 0.0506604 -0.0066155 0.9986933
1739772423.670592 -0.4912932 -0.7642488 4.9254131 -0.0001756 0.0486445 -0.0066438 0.9987941
1739772423.770450 -0.4616477 -0.7645892 4.9519172 -0.0018786 0.0467169 -0.0075342 0.9988780
1739772423.886435 -0.4185379 -0.7615823 5.0110769 0.0003984 0.0448694 -0.0080017 0.9989607
1739772423.989843 -0.3765554 -0.7909878 5.0589337 -0.0019343 0.0417259 -0.0062939 0.9991074
1739772424.112144 -0.3536803 -0.7984169 5.1255269 -0.0025605 0.0405223 -0.0067320 0.9991527
1739772424.217915 -0.3266039 -0.8360453 5.1818066 -0.0056819 0.0388165 -0.0057831 0.9992135
1739772424.328640 -0.3186378 -0.8348243 5.2334952 -0.0055686 0.0392646 -0.0069938 0.9991888
1739772424.431302 -0.3242346 -0.8315292 5.2861176 -0.0039304 0.0376736 -0.0069986 0.9992579
1739772424.531492 -0.3025663 -0.8287293 5.3299065 -0.0033945 0.0371449 -0.0052273 0.9992905
1739772424.639469 -0.2605309 -0.8244290 5.3745327 -0.0027679 0.0343519 -0.0046616 0.9993951
1739772424.743328 -0.2285706 -0.8208141 5.4134526 -0.0025662 0.0316186 -0.0059266 0.9994791
1739772424.863554 -0.2391637 -0.8094180 5.4472408 -0.0014643 0.0318013 -0.0072915 0.9994665
1739772424.964400 -0.2393826 -0.8230082 5.4903712 -0.0029162 0.0343173 -0.0076277 0.9993777
1739772425.070569 -0.2663395 -0.8119316 5.5550041 -0.0001853 0.0361690 -0.0085336 0.9993092
1739772425.172137 -0.2740990 -0.8155720 5.6308713 0.0002813 0.0371337 -0.0090931 0.9992689
1739772425.272000 -0.2453570 -0.8230771 5.6981707 -0.0001781 0.0367020 -0.0083375 0.9992915
1739772425.377337 -0.2245222 -0.8224379 5.7659135 0.0001820 0.0369263 -0.0073174 0.9992912
1739772425.478179 -0.1960943 -0.8259384 5.8183360 -0.0012744 0.0364125 -0.0087211 0.9992980
1739772425.587626 -0.1817547 -0.8433465 5.8444676 -0.0022637 0.0337770 -0.0075591 0.9993982
1739772425.689383 -0.1607470 -0.8382162 5.8702464 -0.0025975 0.0337281 -0.0103388 0.9993742
1739772425.811241 -0.1379877 -0.8212919 5.9211740 -0.0006407 0.0359472 -0.0105596 0.9992977
1739772425.908604 -0.1415701 -0.8128883 5.9683828 -0.0007974 0.0377893 -0.0104023 0.9992313
1739772426.014106 -0.1333666 -0.8039438 5.9993362 -0.0014621 0.0384022 -0.0099949 0.9992113
1739772426.129197 -0.0954375 -0.8019109 6.0300732 -0.0018647 0.0354998 -0.0102360 0.9993156
1739772426.233946 -0.0618725 -0.8111721 6.0575070 -0.0051360 0.0318575 -0.0109238 0.9994195
1739772426.339863 -0.0407449 -0.8310364 6.1313396 -0.0081593 0.0323544 -0.0102182 0.9993909
1739772426.442330 -0.0402682 -0.8453558 6.1696653 -0.0119900 0.0329382 -0.0108691 0.9993263
1739772426.562583 -0.0312232 -0.8609859 6.2109971 -0.0147795 0.0327716 -0.0093897 0.9993095
1739772426.659649 -0.0068355 -0.8873033 6.2390237 -0.0204536 0.0291968 -0.0081580 0.9993311
1739772426.762541 0.0058126 -0.9045907 6.2421460 -0.0258137 0.0249947 -0.0084248 0.9993188
1739772426.869563 0.0234282 -0.9070740 6.2568355 -0.0288177 0.0199303 -0.0083849 0.9993508
1739772426.970021 0.0416279 -0.9449465 6.2674475 -0.0373961 0.0164266 -0.0074826 0.9991375
1739772427.077986 0.0578232 -0.9524204 6.3254180 -0.0421375 0.0142281 -0.0076575 0.9989812
1739772427.182731 0.0806278 -0.9644000 6.3395085 -0.0468410 0.0079438 -0.0071052 0.9988455
1739772427.284091 0.0939133 -0.9767374 6.3663659 -0.0511434 0.0036858 -0.0069582 0.9986603
1739772427.402759 0.1224321 -0.9864732 6.4001832 -0.0541606 -0.0017044 -0.0050835 0.9985179
1739772427.503770 0.1359913 -0.9993024 6.4199133 -0.0585828 -0.0079130 -0.0047094 0.9982401
1739772427.616814 0.1476910 -0.9989800 6.4339404 -0.0590654 -0.0145567 -0.0036835 0.9981412
1739772427.720449 0.1757026 -0.9897249 6.4367661 -0.0596639 -0.0222562 -0.0030694 0.9979657
1739772427.824122 0.1823153 -0.9981345 6.4698510 -0.0597729 -0.0274306 -0.0020946 0.9978328
1739772427.927905 0.1945220 -1.0062751 6.4980073 -0.0622701 -0.0335989 -0.0015840 0.9974924
1739772428.034354 0.2114070 -0.9982978 6.4969053 -0.0634353 -0.0410812 -0.0028579 0.9971360
1739772428.147312 0.2475589 -0.9883780 6.5283818 -0.0647519 -0.0476983 -0.0033822 0.9967551
1739772428.253214 0.2683588 -0.9876902 6.5476122 -0.0670367 -0.0546253 -0.0051823 0.9962406
1739772428.358596 0.2981219 -0.9898803 6.5454597 -0.0683404 -0.0636145 -0.0055969 0.9956161
1739772428.461416 0.3113746 -0.9891301 6.5533700 -0.0680312 -0.0693557 -0.0055929 0.9952539
1739772428.569247 0.3221519 -0.9958095 6.5698771 -0.0694637 -0.0746765 -0.0064187 0.9947648
1739772428.671290 0.3307937 -0.9902318 6.5755582 -0.0656573 -0.0806564 -0.0051394 0.9945638
1739772428.771066 0.3432101 -0.9888119 6.5870423 -0.0654055 -0.0874628 -0.0045924 0.9940077
1739772428.878006 0.3708362 -0.9900959 6.6053061 -0.0646679 -0.0951882 -0.0045956 0.9933460
1739772428.983354 0.3998770 -0.9760500 6.6150422 -0.0611822 -0.1027042 -0.0042377 0.9928195
1739772429.095113 0.4307159 -0.9623784 6.6130233 -0.0571289 -0.1110886 -0.0041253 0.9921585
1739772429.199911 0.4514232 -0.9578196 6.6413312 -0.0550991 -0.1175708 -0.0041535 0.9915261
1739772429.627469 0.5195084 -0.9361904 6.6743026 -0.0465648 -0.1436754 -0.0028508 0.9885247
1739772429.730757 0.5338414 -0.9325466 6.6777616 -0.0443213 -0.1503729 -0.0030457 0.9876307
1739772429.845713 0.5530527 -0.9301665 6.7003756 -0.0435278 -0.1572947 -0.0023514 0.9865892
1739772429.953095 0.5706966 -0.9326239 6.7143636 -0.0454412 -0.1647581 -0.0039213 0.9852789
1739772430.064494 0.5845667 -0.9384797 6.7248726 -0.0480491 -0.1721754 -0.0046872 0.9838826
1739772430.170190 0.6046352 -0.9387784 6.7419167 -0.0479290 -0.1790463 -0.0056622 0.9826562
1739772430.273034 0.6211358 -0.9412581 6.7544913 -0.0495277 -0.1865527 -0.0065696 0.9811738
1739772430.378841 0.6349658 -0.9353983 6.7656031 -0.0465202 -0.1923603 -0.0058674 0.9802035
1739772430.483299 0.6476318 -0.9382775 6.7727070 -0.0478455 -0.1973246 -0.0062518 0.9791501
1739772430.596733 0.6672091 -0.9451150 6.7763934 -0.0504686 -0.2046362 -0.0074761 0.9775076
1739772430.703591 0.6825780 -0.9403737 6.7784224 -0.0477421 -0.2103593 -0.0065318 0.9764359
1739772430.814601 0.6991839 -0.9393253 6.7697783 -0.0466091 -0.2161911 -0.0048192 0.9752260
1739772430.918758 0.7107024 -0.9350399 6.7820768 -0.0484951 -0.2202483 -0.0065049 0.9742159
1739772431.019688 0.7134621 -0.9323558 6.7835565 -0.0469341 -0.2207922 -0.0053245 0.9741764
1739772431.131000 0.7155165 -0.9285794 6.7879462 -0.0455880 -0.2212898 -0.0054971 0.9741265
1739772431.237864 0.7160342 -0.9293519 6.7892218 -0.0503130 -0.2254276 -0.0099195 0.9729094
1739772431.346838 0.7248203 -0.9345769 6.8009787 -0.0539505 -0.2278427 -0.0138226 0.9721039
1739772431.453533 0.7276812 -0.9405419 6.8101120 -0.0579604 -0.2286883 -0.0144661 0.9716651
1739772431.564719 0.7069432 -0.9382769 6.8343520 -0.0607733 -0.2247804 -0.0158549 0.9723832
1739772431.671777 0.6938180 -0.9480773 6.8510752 -0.0652753 -0.2211133 -0.0169079 0.9729143
1739772431.774031 0.6893873 -0.9446343 6.8655505 -0.0680294 -0.2168690 -0.0179902 0.9736612
1739772431.986542 0.6516206 -0.9440712 6.9033618 -0.0695762 -0.2017077 -0.0205757 0.9767547
1739772432.107319 0.6354090 -0.9470435 6.9355149 -0.0722845 -0.1955515 -0.0217856 0.9777832
1739772432.212022 0.6203447 -0.9412364 6.9657459 -0.0753377 -0.1884654 -0.0225310 0.9789267
1739772432.322984 0.6129513 -0.9434571 6.9962668 -0.0819278 -0.1825893 -0.0231126 0.9794972
1739772432.427456 0.5977693 -0.9352914 7.0167856 -0.0837433 -0.1727494 -0.0245753 0.9810917
1739772432.531064 0.5823111 -0.9268966 7.0400143 -0.0841579 -0.1623599 -0.0266544 0.9827748
1739772432.640496 0.5674145 -0.9184602 7.0627279 -0.0882302 -0.1526013 -0.0278551 0.9839473
1739772432.743074 0.5578699 -0.9105576 7.0954080 -0.0945976 -0.1443020 -0.0296263 0.9845560
1739772432.854689 0.5531814 -0.9107498 7.1353917 -0.1027864 -0.1367388 -0.0304384 0.9847898
1739772432.956661 0.5489051 -0.9127671 7.1855116 -0.1102768 -0.1303038 -0.0320665 0.9848003
1739772433.066479 0.5506651 -0.9201298 7.2123466 -0.1154644 -0.1266349 -0.0324021 0.9846734
1739772433.170587 0.5510056 -0.9202726 7.2166786 -0.1222285 -0.1227953 -0.0341065 0.9842857
1739772433.273406 0.5555668 -0.9247797 7.2296815 -0.1268525 -0.1195044 -0.0346530 0.9840865
1739772433.381656 0.5841593 -0.9349759 7.2595191 -0.1337239 -0.1169483 -0.0359349 0.9834377
1739772433.486466 0.6003569 -0.9327297 7.2877169 -0.1379647 -0.1129311 -0.0372353 0.9832730
1739772433.597897 0.6167930 -0.9359977 7.3107595 -0.1461796 -0.1089020 -0.0393270 0.9824588
1739772433.706362 0.6321065 -0.9150153 7.3353796 -0.1482470 -0.1038308 -0.0401416 0.9826651
1739772433.815891 0.6523635 -0.8939370 7.3671350 -0.1511298 -0.0984907 -0.0411650 0.9827334
1739772433.919991 0.6683039 -0.8764254 7.3931894 -0.1536398 -0.0934521 -0.0419163 0.9828044
1739772434.021720 0.6804593 -0.8563617 7.4209266 -0.1555034 -0.0887999 -0.0425216 0.9829167
1739772434.132472 0.6887935 -0.8386620 7.4429655 -0.1574481 -0.0838523 -0.0445359 0.9829524
1739772434.236825 0.6956429 -0.8311846 7.4540453 -0.1615960 -0.0805547 -0.0445715 0.9825534
1739772434.348582 0.7034975 -0.8221618 7.4774661 -0.1642548 -0.0769720 -0.0447010 0.9823937
1739772434.452835 0.7187327 -0.7865015 7.5315351 -0.1647208 -0.0711371 -0.0462362 0.9826845
1739772434.566883 0.7265331 -0.7479825 7.5979090 -0.1667779 -0.0657579 -0.0470641 0.9826729
1739772434.673512 0.7244518 -0.7141138 7.6666608 -0.1701622 -0.0605996 -0.0483272 0.9823630
1739772434.778206 0.7337699 -0.6708487 7.7315469 -0.1726612 -0.0559982 -0.0492398 0.9821547
1739772434.891284 0.7336555 -0.6417277 7.8032579 -0.1760184 -0.0520521 -0.0506827 0.9817023
1739772434.991829 0.7131801 -0.5966935 7.8670607 -0.1783086 -0.0475408 -0.0516712 0.9814662
1739772435.099420 0.7221365 -0.5589009 7.9293599 -0.1807082 -0.0443436 -0.0520334 0.9811579
1739772435.204994 0.7436529 -0.5204750 7.9919515 -0.1836514 -0.0425020 -0.0522657 0.9806804
1739772435.317850 0.7313260 -0.4807954 8.0582876 -0.1856106 -0.0395308 -0.0531006 0.9803909
1739772435.419641 0.7030352 -0.4562573 8.1345415 -0.1882965 -0.0361710 -0.0543414 0.9799404
1739772435.520572 0.7215532 -0.4197738 8.2014742 -0.1906843 -0.0346520 -0.0548626 0.9795044
1739772435.627921 0.7447973 -0.3799009 8.2650576 -0.1927323 -0.0336580 -0.0550790 0.9791260
1739772435.731779 0.7537531 -0.3338207 8.3289795 -0.1941641 -0.0317147 -0.0551949 0.9789014
1739772435.848368 0.7505362 -0.2963822 8.4015989 -0.1962362 -0.0301401 -0.0557974 0.9785038
1739772435.954686 0.7531560 -0.2563059 8.4683552 -0.1983775 -0.0283647 -0.0561274 0.9781061
1739772436.068744 0.7467663 -0.2212591 8.5417709 -0.2013198 -0.0261779 -0.0564592 0.9775466
1739772436.172970 0.7686630 -0.1669456 8.6009083 -0.2023516 -0.0246785 -0.0568497 0.9773499
1739772436.273973 0.7903244 -0.1254655 8.6607866 -0.2049426 -0.0239602 -0.0579782 0.9767615
1739772436.384170 0.7750320 -0.0833474 8.7298517 -0.2077217 -0.0207644 -0.0582320 0.9762323
1739772436.487359 0.7904634 -0.0387208 8.7896328 -0.2097374 -0.0182486 -0.0584367 0.9758393
1739772436.597281 0.7892095 0.0003805 8.8588352 -0.2121047 -0.0154788 -0.0592998 0.9753233
1739772436.698660 0.7881584 0.0474491 8.9257832 -0.2138934 -0.0126676 -0.0602303 0.9749162
1739772436.806015 0.7820691 0.0792022 8.9983978 -0.2168467 -0.0101684 -0.0603519 0.9742852
1739772436.909184 0.7764025 0.1169726 9.0675182 -0.2189231 -0.0071987 -0.0616237 0.9737676
1739772437.009855 0.7780832 0.1481659 9.1434174 -0.2217848 -0.0042016 -0.0622265 0.9730991
1739772437.127545 0.7587838 0.2011008 9.2106247 -0.2236609 -0.0005830 -0.0629254 0.9726335
1739772437.226891 0.7688674 0.2445816 9.2768726 -0.2258059 0.0023425 -0.0635751 0.9720928
1739772437.335599 0.7708529 0.2821243 9.3461361 -0.2290071 0.0062569 -0.0643881 0.9712728
1739772437.435717 0.7790222 0.3267328 9.4146204 -0.2305832 0.0104236 -0.0654451 0.9707934
1739772437.534859 0.7927598 0.3657816 9.4874268 -0.2328521 0.0143841 -0.0664144 0.9701351
1739772437.640919 0.8058464 0.4097361 9.5453234 -0.2341558 0.0188014 -0.0678951 0.9696431
1739772437.765043 0.8278286 0.4553892 9.6168051 -0.2356696 0.0228469 -0.0684450 0.9691508
1739772437.886497 0.8513826 0.5000520 9.6857920 -0.2369246 0.0266467 -0.0688852 0.9687164
1739772437.984933 0.8671286 0.5352584 9.7583437 -0.2384390 0.0306167 -0.0697301 0.9681669
1739772438.089633 0.8879614 0.5722526 9.8289986 -0.2396559 0.0345891 -0.0704433 0.9676810
1739772438.197613 0.9008547 0.5970491 9.9103928 -0.2408649 0.0382853 -0.0717250 0.9671473
1739772438.299011 0.9135599 0.6349946 9.9812183 -0.2415545 0.0421473 -0.0726970 0.9667420
1739772438.414277 0.9284384 0.6732573 10.0530071 -0.2420879 0.0458833 -0.0735459 0.9663743
1739772438.515375 0.9362340 0.7069148 10.1307554 -0.2425088 0.0492323 -0.0745044 0.9660304
1739772438.631028 0.9307415 0.7406476 10.2028160 -0.2429678 0.0529185 -0.0754544 0.9656464
1739772438.732440 0.9319077 0.7829534 10.2804937 -0.2431515 0.0562846 -0.0760798 0.9653607
1739772438.840019 0.9386569 0.8238147 10.3511791 -0.2431574 0.0596567 -0.0767421 0.9651043
1739772438.938822 0.9432036 0.8725263 10.4246464 -0.2430319 0.0630227 -0.0774617 0.9648644
1739772439.039020 0.9617176 0.9065335 10.4944344 -0.2431551 0.0663924 -0.0787645 0.9645019
1739772439.141453 0.9831170 0.9502072 10.5449257 -0.2419771 0.0699769 -0.0794954 0.9644848
1739772439.238566 1.0009955 0.9902158 10.6250591 -0.2417786 0.0733445 -0.0802655 0.9642205
1739772439.339762 1.0297368 1.0221013 10.6898184 -0.2423531 0.0766611 -0.0812712 0.9637339
1739772439.439212 1.0490961 1.0590035 10.7601910 -0.2418512 0.0798904 -0.0821547 0.9635228
1739772439.539732 1.0779579 1.0975845 10.8381033 -0.2413246 0.0830614 -0.0828908 0.9633237
1739772439.642447 1.0962467 1.1256273 10.9112387 -0.2413941 0.0864419 -0.0836187 0.9629458
1739772439.740304 1.1155502 1.1574180 10.9794693 -0.2414598 0.0898424 -0.0846772 0.9625255
1739772439.843187 1.1298872 1.1965901 11.0468693 -0.2411300 0.0933196 -0.0854221 0.9622115
1739772439.942633 1.1456140 1.2447100 11.1166887 -0.2404719 0.0963105 -0.0860649 0.9620241
1739772440.039541 1.1689162 1.2787558 11.1997156 -0.2400941 0.0992991 -0.0868510 0.9617440
1739772440.142380 1.1891136 1.3149474 11.2680273 -0.2395907 0.1028564 -0.0879243 0.9613980
1739772440.241986 1.2124451 1.3483860 11.3433285 -0.2396380 0.1058484 -0.0886498 0.9609948
1739772440.348250 1.2343040 1.3833318 11.4082079 -0.2391160 0.1092236 -0.0893621 0.9606811
1739772440.456381 1.2694390 1.4163425 11.4867907 -0.2392835 0.1119253 -0.0896156 0.9603047
1739772440.554186 1.2896488 1.4542181 11.5477610 -0.2387901 0.1151428 -0.0907737 0.9599383
1739772440.756842 1.3331749 1.5326463 11.6869793 -0.2381506 0.1207355 -0.0918547 0.9593070
1739772440.863896 1.3512728 1.5729769 11.7644176 -0.2379204 0.1238939 -0.0928701 0.9588636
1739772440.961238 1.3813934 1.6133854 11.8369427 -0.2375784 0.1262514 -0.0935273 0.9585769
1739772441.369145 1.4830582 1.7273794 12.1165428 -0.2375102 0.1364682 -0.0955274 0.9569952
1739772441.572513 1.5452123 1.7869629 12.2667370 -0.2373729 0.1409155 -0.0964681 0.9562902
1739772441.673338 1.5791533 1.8203900 12.3395329 -0.2372581 0.1432911 -0.0971572 0.9558958
1739772441.769599 1.6140120 1.8553641 12.4064531 -0.2374266 0.1454104 -0.0972768 0.9555216
1739772441.969277 1.6652606 1.9291935 12.5372782 -0.2376319 0.1506490 -0.0987207 0.9545105
1739772442.173496 1.7225330 2.0115988 12.6765079 -0.2388511 0.1548797 -0.0994801 0.9534496
1739772442.381204 1.7583795 2.0762961 12.8163548 -0.2404374 0.1602338 -0.1003735 0.9520715
1739772442.685205 1.8518667 2.1768680 13.0314255 -0.2435737 0.1682425 -0.1012853 0.9497935
1739772442.891442 1.9282472 2.2407236 13.1733112 -0.2471741 0.1737924 -0.1021878 0.9477652
1739772443.191073 2.0432684 2.3410437 13.3636179 -0.2541518 0.1830501 -0.1026348 0.9441216
1739772443.585626 2.1899059 2.4983006 13.6192150 -0.2683657 0.1975091 -0.1027343 0.9372383
1739772444.077751 2.3981447 2.6968517 13.9244709 -0.2894282 0.2141275 -0.1021817 0.9273293
1739772444.384844 2.5263772 2.8216643 14.0960121 -0.3044092 0.2237545 -0.1006644 0.9203997
1739772444.679699 2.6339779 2.9819448 14.2545147 -0.3194373 0.2323249 -0.0992026 0.9133148
1739772444.879072 2.7207770 3.0890293 14.3482971 -0.3299674 0.2368746 -0.0977286 0.9085489
1739772445.068660 2.8160946 3.1939831 14.4336653 -0.3393461 0.2408784 -0.0957122 0.9042461
1739772445.173762 2.8618791 3.2458920 14.4815483 -0.3433138 0.2432215 -0.0952651 0.9021660
1739772445.466853 3.0015142 3.3981400 14.6158161 -0.3550412 0.2492226 -0.0937725 0.8961253
1739772445.662227 3.0822282 3.5139165 14.7104034 -0.3612245 0.2539462 -0.0939487 0.8923014
1739772445.946999 3.2112422 3.6715667 14.8481207 -0.3663144 0.2608244 -0.0946089 0.8881630
1739772446.233043 3.3537765 3.8274107 14.9889889 -0.3703541 0.2680931 -0.0963078 0.8841317
1739772446.437432 3.4481912 3.9279881 15.0777044 -0.3717359 0.2738383 -0.0975689 0.8816492
1739772446.637245 3.5324314 4.0250735 15.1823368 -0.3721570 0.2802000 -0.0998105 0.8792184
1739772446.926899 3.6784792 4.1727285 15.3227739 -0.3722054 0.2903056 -0.1040831 0.8754156
1739772447.218274 3.8416662 4.3107710 15.4488258 -0.3720805 0.3007263 -0.1081855 0.8714446
1739772447.509516 4.0250425 4.4409847 15.5699577 -0.3721263 0.3108630 -0.1121805 0.8673533
1739772447.698727 4.1439996 4.5291014 15.6499786 -0.3731447 0.3174533 -0.1142690 0.8642506
1739772447.896824 4.2522011 4.6333570 15.7225342 -0.3732470 0.3233561 -0.1164486 0.8617234
1739772448.107039 4.3693700 4.7245688 15.7903042 -0.3741641 0.3280464 -0.1175375 0.8594020
1739772448.400877 4.5438218 4.8612156 15.9283915 -0.3770220 0.3351185 -0.1188691 0.8552310
1739772448.612866 4.6301150 4.9685326 16.0166473 -0.3782894 0.3383442 -0.1197101 0.8532818
1739772448.708621 4.6863589 5.0200896 16.0521564 -0.3787095 0.3398907 -0.1199870 0.8524415
1739772448.998832 4.8513880 5.1702213 16.1630630 -0.3817909 0.3440278 -0.1199566 0.8494062
1739772449.209227 4.9613986 5.2707272 16.2425461 -0.3842343 0.3466511 -0.1203624 0.8471777
1739772449.497743 5.1498876 5.4018030 16.3398170 -0.3874180 0.3506800 -0.1203349 0.8440678
1739772449.796056 5.3131294 5.5467806 16.4574318 -0.3908252 0.3540537 -0.1198614 0.8411509
1739772450.083090 5.5170422 5.6656737 16.5410328 -0.3940945 0.3574364 -0.1200727 0.8381595
1739772450.376185 5.6604881 5.8268414 16.6559372 -0.3989097 0.3611916 -0.1195022 0.8343446
1739772450.686619 5.8222280 5.9886012 16.7573490 -0.4013693 0.3642729 -0.1197187 0.8317905
1739772450.986773 5.9946456 6.1377110 16.8526974 -0.4037697 0.3678198 -0.1200725 0.8290122
1739772451.279368 6.1818328 6.2796583 16.9349213 -0.4062988 0.3707221 -0.1199187 0.8265022
1739772451.575449 6.3520427 6.4111586 17.0240898 -0.4077942 0.3733222 -0.1188580 0.8247467
1739772451.867997 6.5484247 6.5513649 17.1020336 -0.4075238 0.3737110 -0.1201721 0.8245139
1739772452.159006 6.7384801 6.6694107 17.1931343 -0.4084637 0.3752114 -0.1198304 0.8234164
1739772452.453427 6.8953228 6.8179855 17.3060036 -0.4081971 0.3747094 -0.1202511 0.8237158
1739772452.757820 7.0509076 6.9808102 17.3930645 -0.4072464 0.3727252 -0.1183808 0.8253559
1739772453.063074 7.2143044 7.1335382 17.4882088 -0.4063826 0.3691985 -0.1178661 0.8274378
1739772453.378279 7.3885288 7.2747135 17.6025734 -0.4040450 0.3665474 -0.1165063 0.8299499
1739772453.670830 7.5738964 7.3877311 17.6897831 -0.4015702 0.3629652 -0.1171923 0.8326246
1739772453.980521 7.7292209 7.5318670 17.7926121 -0.3978228 0.3607197 -0.1191345 0.8351199
1739772454.286555 7.8931551 7.7151208 17.9095383 -0.3926147 0.3605369 -0.1206899 0.8374370
1739772454.588817 8.0881920 7.7851353 18.0136528 -0.3899242 0.3600031 -0.1182728 0.8392666
1739772454.904059 8.1628962 7.9117689 18.1398506 -0.3846783 0.3620625 -0.1226539 0.8401722
1739772455.211749 8.4172125 8.0478115 18.2520828 -0.3806086 0.3607679 -0.1246321 0.8422888
1739772455.415485 8.4678564 8.1504145 18.2990932 -0.3750210 0.3628770 -0.1306986 0.8429694
1739772455.616652 8.5843420 8.1911964 18.3722992 -0.3714585 0.3663909 -0.1294155 0.8432247
1739772455.826493 8.6599054 8.2602119 18.4506207 -0.3689342 0.3718291 -0.1327344 0.8414347
1739772455.944911 8.7671146 8.3254547 18.4427738 -0.3635046 0.3709326 -0.1342471 0.8439497
1739772456.041431 8.7735033 8.3698854 18.4355907 -0.3603062 0.3721476 -0.1382230 0.8441445
1739772456.146883 8.8005638 8.4416018 18.4647923 -0.3564782 0.3758585 -0.1409159 0.8436803
1739772456.242720 8.8754129 8.4400234 18.4558411 -0.3547671 0.3752653 -0.1421230 0.8444628
1739772456.341558 8.8857536 8.4583511 18.4926414 -0.3522667 0.3783310 -0.1429114 0.8440084
1739772456.446136 8.9544811 8.4506779 18.5151863 -0.3527727 0.3773330 -0.1453416 0.8438288
1739772456.544197 8.9987268 8.4704952 18.5603409 -0.3505513 0.3795438 -0.1462904 0.8435992
1739772456.652680 9.0588894 8.5042105 18.5813351 -0.3474045 0.3808739 -0.1464305 0.8442768
1739772456.756740 9.0931168 8.5248470 18.6282806 -0.3465509 0.3829108 -0.1481006 0.8434145
1739772456.859269 9.1278000 8.5647964 18.6324730 -0.3427460 0.3854524 -0.1486253 0.8437192
1739772456.969359 9.1782551 8.5846701 18.6492386 -0.3406896 0.3864190 -0.1500922 0.8438503
1739772457.200287 9.2718153 8.6026039 18.7000580 -0.3376570 0.3883837 -0.1530165 0.8436421
1739772457.302027 9.2974892 8.5871201 18.7123070 -0.3367408 0.3890007 -0.1539918 0.8435465
1739772457.413696 9.3442926 8.5796862 18.7532234 -0.3360665 0.3895092 -0.1535506 0.8436611
1739772457.824761 9.5282803 8.6463718 18.8802338 -0.3273799 0.3928030 -0.1564121 0.8450227
1739772458.979422 9.7579699 8.6170511 19.0326614 -0.3126439 0.3931314 -0.1632140 0.8491541
1739772459.079135 9.7772064 8.6150045 19.0543823 -0.3107134 0.3928923 -0.1638615 0.8498484
1739772459.185302 9.7946587 8.6068106 19.0593414 -0.3094852 0.3920028 -0.1632695 0.8508207
1739772459.287993 9.8256826 8.6140051 19.0794830 -0.3069806 0.3922261 -0.1637362 0.8515351
1739772459.395255 9.8414688 8.6093817 19.0862732 -0.3054473 0.3918484 -0.1643035 0.8521510
1739772459.495483 9.8567524 8.6007013 19.1057243 -0.3050561 0.3920833 -0.1662257 0.8518101
1739772459.702129 9.9116230 8.6011209 19.1403618 -0.3009166 0.3913560 -0.1675197 0.8533621
1739772459.805631 9.9424400 8.6002951 19.1548958 -0.2985215 0.3898100 -0.1672821 0.8549560
1739772459.918174 9.9739046 8.5888329 19.1805115 -0.2975125 0.3890460 -0.1663390 0.8558393
1739772460.019003 10.0151329 8.5887508 19.2040615 -0.2949797 0.3880509 -0.1662406 0.8571858
1739772460.131490 10.0562916 8.5963058 19.2203331 -0.2924077 0.3867652 -0.1655683 0.8587768
1739772460.231910 10.0912628 8.5933971 19.2455215 -0.2901679 0.3860586 -0.1656312 0.8598416
1739772460.333735 10.1189127 8.5839682 19.2661552 -0.2877743 0.3846665 -0.1644514 0.8614949
1739772460.453065 10.1601143 8.5813751 19.2903023 -0.2856790 0.3836523 -0.1641741 0.8626965
1739772460.555600 10.1852207 8.5831404 19.3065109 -0.2831246 0.3824991 -0.1649281 0.8639060
1739772460.665586 10.2116737 8.5782528 19.3217926 -0.2805747 0.3816265 -0.1644286 0.8652180
1739772460.778659 10.2461891 8.5765142 19.3508377 -0.2788403 0.3811476 -0.1646175 0.8659536
1739772460.884275 10.2872858 8.5817404 19.3711052 -0.2762608 0.3802308 -0.1653344 0.8670462
1739772460.995590 10.3358860 8.5774689 19.4020939 -0.2736397 0.3784687 -0.1648965 0.8687301
1739772461.095931 10.3823242 8.5874405 19.4206734 -0.2707621 0.3768592 -0.1656238 0.8701918
1739772461.207212 10.4228077 8.5854349 19.4471893 -0.2687111 0.3757993 -0.1658281 0.8712465
1739772461.309587 10.4680233 8.5834179 19.4774284 -0.2661049 0.3742267 -0.1661353 0.8726635
1739772461.419445 10.4935617 8.5860281 19.4963474 -0.2638892 0.3738116 -0.1673287 0.8732860
1739772461.524792 10.5207901 8.5828419 19.5187492 -0.2613250 0.3725448 -0.1681236 0.8744450
1739772461.733582 10.2967882 8.4521122 19.3589096 -0.2638641 0.3700943 -0.1618269 0.8759098
1739772461.835527 10.3459082 8.4666443 19.3965034 -0.2600174 0.3685534 -0.1622837 0.8776237
1739772462.053585 10.4556494 8.5115108 19.4657688 -0.2519802 0.3658694 -0.1653669 0.8805109
1739772462.264190 10.5634851 8.5444374 19.5368271 -0.2433826 0.3624435 -0.1680712 0.8838279
1739772462.471068 10.6733971 8.5560026 19.6021614 -0.2346475 0.3580881 -0.1690949 0.8877615
1739772462.678866 10.7836399 8.5913067 19.6743393 -0.2234878 0.3534395 -0.1727207 0.8917966
1739772462.901426 10.8795614 8.6112671 19.7608566 -0.2135794 0.3488748 -0.1756061 0.8954511
1739772463.102511 10.9772921 8.6416578 19.8465767 -0.2017946 0.3440537 -0.1792947 0.8993105
1739772463.307966 11.0803318 8.6549788 19.9287643 -0.1888488 0.3380174 -0.1823082 0.9037943
1739772463.521999 11.1767559 8.6462679 20.0150814 -0.1772878 0.3323653 -0.1856904 0.9075359
1739772463.628338 11.2221518 8.6521015 20.0503387 -0.1705139 0.3291321 -0.1880346 0.9095274
1739772463.735680 11.2639313 8.6536827 20.1117439 -0.1649552 0.3275843 -0.1901097 0.9106792
1739772463.838577 11.3247967 8.6497822 20.1681290 -0.1591578 0.3246166 -0.1912006 0.9125432
1739772463.953447 11.3748188 8.6494207 20.2084980 -0.1524714 0.3210995 -0.1924286 0.9146687
1739772464.058010 11.4163370 8.6552114 20.2581444 -0.1467104 0.3185674 -0.1937788 0.9162100
1739772464.163861 11.4638948 8.6613865 20.3116112 -0.1405881 0.3166986 -0.1960223 0.9173397
1739772464.267452 11.5033779 8.6599522 20.3791428 -0.1357266 0.3165804 -0.1984679 0.9175869
1739772464.369741 11.5280981 8.6561394 20.4228096 -0.1305726 0.3157439 -0.2007824 0.9181193
1739772464.480625 11.5609684 8.6535883 20.4689903 -0.1257067 0.3141075 -0.2028459 0.9189058
1739772464.579511 11.6166878 8.6546783 20.5148201 -0.1195026 0.3115557 -0.2046586 0.9201995
1739772464.686308 11.6446218 8.6552610 20.5733318 -0.1144105 0.3117080 -0.2067472 0.9203282
1739772464.789968 11.6821012 8.6423855 20.6151371 -0.1111846 0.3105609 -0.2075768 0.9209244
1739772464.907213 11.7306547 8.6498489 20.6691284 -0.1047661 0.3100186 -0.2098895 0.9213355
1739772465.113302 11.8231649 8.6519985 20.7937965 -0.0924435 0.3104176 -0.2149125 0.9213619
1739772465.218383 11.8589611 8.6518736 20.8462791 -0.0875184 0.3120611 -0.2167041 0.9208679
1739772465.320453 11.9098415 8.6457071 20.8958874 -0.0819650 0.3112806 -0.2174873 0.9214584
1739772465.430541 11.9512310 8.6402426 20.9324207 -0.0766219 0.3101595 -0.2190466 0.9219267
1739772465.531498 11.9964609 8.6431856 20.9838867 -0.0714688 0.3114823 -0.2208858 0.9214557
1739772465.631657 12.0220299 8.6383457 21.0270710 -0.0685923 0.3121839 -0.2228047 0.9209747
1739772465.741366 12.0472555 8.6406240 21.0616131 -0.0626615 0.3143056 -0.2261260 0.9198655
1739772465.843213 12.0797567 8.6399870 21.1328468 -0.0575512 0.3165479 -0.2283832 0.9188724
1739772465.947770 12.1319637 8.6332607 21.1949615 -0.0530091 0.3178861 -0.2295436 0.9183944
1739772466.048131 12.1906786 8.6299067 21.2511024 -0.0481787 0.3195335 -0.2303372 0.9178900
1739772466.155307 12.2362928 8.6279182 21.2970028 -0.0416415 0.3203827 -0.2336555 0.9170747
1739772466.260885 12.2635708 8.6215620 21.3396797 -0.0381680 0.3235477 -0.2343537 0.9159358
1739772466.359493 12.3073645 8.6185036 21.3858948 -0.0322592 0.3247072 -0.2372150 0.9150156
1739772466.466417 12.3572035 8.6074848 21.4428654 -0.0278292 0.3269998 -0.2378970 0.9141673
1739772466.567380 12.4073906 8.6017723 21.5047874 -0.0227764 0.3287487 -0.2394535 0.9132730
1739772466.679933 12.4567728 8.5969362 21.5577812 -0.0176565 0.3317264 -0.2408408 0.9119439
1739772466.781267 12.5051832 8.5942535 21.6091003 -0.0129143 0.3337491 -0.2425586 0.9108294
1739772466.879949 12.5542278 8.5920029 21.6653099 -0.0077144 0.3365923 -0.2438321 0.9095010
1739772466.986579 12.5962343 8.5861683 21.7107162 -0.0038684 0.3391003 -0.2447367 0.9083502
1739772467.090846 12.6454477 8.5804186 21.7654572 0.0008087 0.3403503 -0.2462648 0.9074771
1739772467.196652 12.6968546 8.5761843 21.8242130 0.0058992 0.3417106 -0.2481925 0.9064213
1739772467.297653 12.7464085 8.5722866 21.8807220 0.0096930 0.3439454 -0.2489862 0.9053251
1739772467.404686 12.7873259 8.5463285 21.9460030 0.0130849 0.3467578 -0.2495739 0.9040468
1739772467.506799 12.8397818 8.5339699 21.9983692 0.0172050 0.3481612 -0.2507306 0.9031179
1739772467.605755 12.8898239 8.5185928 22.0506477 0.0202705 0.3500271 -0.2518996 0.9020071
1739772467.714239 12.9416866 8.4876947 22.1014214 0.0224772 0.3518786 -0.2529461 0.9009409
1739772467.814630 12.9958553 8.4729958 22.1600876 0.0254511 0.3536102 -0.2538264 0.8999357
1739772467.917458 13.0383015 8.4578400 22.2146454 0.0277736 0.3544563 -0.2539711 0.8994932
1739772468.018275 13.0746202 8.4445515 22.2801437 0.0302933 0.3579775 -0.2540763 0.8979865
1739772468.116131 13.1158953 8.4342480 22.3418217 0.0333073 0.3603826 -0.2547782 0.8967179
1739772468.218856 13.1694317 8.4008312 22.3917599 0.0343381 0.3619615 -0.2553350 0.8958844
1739772468.317425 13.2214680 8.3877831 22.4438000 0.0365958 0.3628970 -0.2560267 0.8952190
1739772468.425551 13.2624512 8.3939686 22.4837189 0.0386683 0.3619489 -0.2583490 0.8948484
1739772468.525193 13.3082771 8.3832779 22.5450554 0.0401211 0.3638019 -0.2583968 0.8940188
1739772468.624928 13.3607588 8.3588066 22.6087570 0.0412564 0.3644112 -0.2590165 0.8935395
1739772468.732531 13.4033871 8.3358889 22.6498528 0.0427475 0.3651845 -0.2590208 0.8931524
1739772468.831301 13.4309425 8.3341064 22.6868858 0.0446951 0.3661056 -0.2587057 0.8927712
1739772468.941841 13.4578304 8.3393192 22.7246590 0.0456077 0.3666257 -0.2591053 0.8923957
1739772469.052577 13.4975891 8.3507109 22.7982063 0.0483751 0.3683365 -0.2600982 0.8912559
1739772469.167961 13.5442333 8.3311605 22.8650169 0.0493839 0.3700023 -0.2599991 0.8905392
1739772469.266934 13.5940886 8.2910137 22.9123802 0.0490414 0.3696203 -0.2594505 0.8908767
1739772469.369692 13.6453533 8.2768917 22.9777832 0.0501532 0.3702399 -0.2596003 0.8905138
1739772469.481573 13.6861534 8.2996864 23.0455818 0.0528490 0.3710419 -0.2615811 0.8894438
1739772469.580802 13.7270489 8.2799072 23.1153030 0.0526376 0.3720500 -0.2608211 0.8892584
1739772469.689482 13.7799339 8.2447205 23.1667156 0.0524100 0.3715482 -0.2609994 0.8894293
1739772469.794328 13.8279772 8.2220049 23.2295799 0.0533662 0.3719631 -0.2618202 0.8889577
1739772469.906147 13.8675880 8.2023468 23.2837582 0.0535948 0.3729697 -0.2618464 0.8885143
1739772470.011495 13.9170055 8.1748123 23.3409538 0.0540264 0.3734609 -0.2614287 0.8884048
1739772470.113532 13.9696579 8.1403055 23.3953896 0.0538003 0.3735460 -0.2612059 0.8884483
1739772470.221294 14.0134811 8.1163120 23.4535770 0.0536453 0.3737039 -0.2610995 0.8884225
1739772470.325274 14.0629921 8.0954380 23.5186119 0.0534832 0.3738757 -0.2606350 0.8884965
1739772470.437582 14.1062727 8.0647602 23.5652351 0.0532870 0.3728051 -0.2612150 0.8887877
1739772470.542032 14.1549883 8.0485420 23.6262684 0.0534501 0.3723768 -0.2618468 0.8887715
1739772470.656325 14.1930580 8.0361881 23.6779232 0.0537217 0.3720389 -0.2625572 0.8886871
1739772470.767357 14.2335501 8.0143089 23.7462635 0.0533969 0.3723153 -0.2619675 0.8887650
1739772470.868239 14.2799006 7.9979711 23.8082447 0.0533861 0.3722067 -0.2622325 0.8887329
1739772470.983152 14.3290796 7.9810023 23.8720551 0.0531813 0.3724604 -0.2616530 0.8888097
1739772471.085808 14.3736649 7.9510179 23.9250584 0.0530402 0.3719178 -0.2615376 0.8890793
1739772471.201003 14.4224854 7.9298244 23.9864216 0.0525094 0.3717923 -0.2617554 0.8890992
1739772471.303190 14.4755335 7.9022465 24.0477180 0.0516684 0.3715581 -0.2614906 0.8893242
1739772471.412039 14.5253019 7.8815947 24.0997734 0.0514527 0.3712831 -0.2616781 0.8893965
1739772471.514602 14.5714474 7.8433909 24.1579094 0.0499735 0.3708547 -0.2617084 0.8896506
1739772471.617409 14.6308880 7.8217306 24.2127113 0.0496180 0.3702097 -0.2611284 0.8901094
1739772471.723368 14.6827736 7.7996006 24.2695942 0.0488117 0.3699387 -0.2608158 0.8903583
1739772471.829127 14.7319355 7.7855940 24.3330040 0.0483865 0.3702053 -0.2603521 0.8904065
1739772471.938009 14.7819538 7.7671976 24.3879890 0.0478453 0.3694090 -0.2604542 0.8907365
1739772472.041077 14.8217220 7.7420573 24.4525146 0.0472026 0.3692436 -0.2600292 0.8909635
1739772472.156477 14.8573017 7.7255340 24.5209999 0.0461698 0.3697634 -0.2596930 0.8909001
1739772472.254751 14.9029942 7.7021084 24.5817757 0.0455439 0.3688341 -0.2596862 0.8913194
1739772472.356802 14.9630375 7.6896486 24.6402073 0.0449204 0.3680059 -0.2597752 0.8916674
1739772472.470854 15.0060120 7.6724439 24.7069855 0.0446740 0.3680888 -0.2594397 0.8917432
1739772472.572135 15.0561514 7.6550512 24.7664471 0.0436599 0.3678364 -0.2595464 0.8918665
1739772472.683915 15.1044655 7.6250916 24.8240166 0.0425453 0.3676939 -0.2588961 0.8921681
1739772472.784121 15.1485691 7.5961132 24.8875637 0.0412075 0.3676504 -0.2591645 0.8921709
1739772472.886838 15.1918488 7.5665188 24.9428768 0.0401568 0.3671913 -0.2586629 0.8925534
1739772472.998621 15.2426701 7.5497279 25.0061111 0.0398004 0.3666232 -0.2587607 0.8927745
1739772473.100683 15.3012543 7.5203032 25.0552788 0.0387652 0.3652218 -0.2581410 0.8935735
1739772473.213361 15.3499012 7.4939270 25.1158485 0.0374773 0.3641862 -0.2578171 0.8941444
1739772473.315657 15.3913069 7.4595990 25.1767979 0.0352714 0.3632980 -0.2579688 0.8945516
1739772473.425418 15.4396935 7.4448304 25.2359352 0.0345116 0.3617352 -0.2573223 0.8954003
1739772473.535024 15.4852734 7.4274130 25.3071308 0.0329408 0.3601780 -0.2574462 0.8960514
1739772473.642958 15.5281868 7.4067879 25.3705940 0.0309653 0.3581910 -0.2575588 0.8968856
1739772473.758867 15.5690441 7.3731728 25.4330788 0.0283984 0.3560889 -0.2565126 0.8981066
1739772473.867058 15.6165752 7.3705444 25.5021744 0.0268224 0.3538724 -0.2565820 0.8990109
1739772473.990741 15.6878376 7.3684797 25.5505390 0.0254464 0.3499407 -0.2562427 0.9006851
1739772474.097924 15.7326317 7.3395433 25.6142654 0.0223009 0.3469540 -0.2556874 0.9020807
1739772474.210491 15.7795572 7.3303580 25.6792431 0.0202310 0.3434298 -0.2552191 0.9036094
1739772474.319799 15.8205509 7.3084693 25.7465858 0.0168382 0.3400058 -0.2546821 0.9051241
1739772474.432539 15.8528194 7.2893949 25.8171654 0.0129715 0.3373198 -0.2541901 0.9063303
1739772474.541304 15.9024391 7.2813101 25.8773098 0.0093409 0.3330528 -0.2537703 0.9080690
1739772474.650776 15.9530983 7.2600660 25.9463921 0.0052297 0.3280638 -0.2525141 0.9102656
1739772474.769916 15.9979382 7.2500424 26.0155773 0.0008712 0.3234541 -0.2512514 0.9122770
1739772474.875191 16.0355930 7.2450008 26.0861301 -0.0036106 0.3189096 -0.2505206 0.9140695
1739772475.000771 16.0738602 7.2384582 26.1596336 -0.0085272 0.3145802 -0.2488678 0.9159866
1739772475.109501 16.1175079 7.2401509 26.2336273 -0.0131168 0.3100325 -0.2474365 0.9178687
1739772475.223498 16.1559181 7.2347860 26.3082237 -0.0187969 0.3057584 -0.2460742 0.9195684
1739772475.335806 16.1935139 7.2263169 26.3800888 -0.0249542 0.3017349 -0.2447115 0.9211133
1739772475.452014 16.2315369 7.2306623 26.4552898 -0.0299409 0.2976761 -0.2434078 0.9226295
1739772475.557708 16.2767620 7.2248073 26.5263786 -0.0361484 0.2934946 -0.2412869 0.9243023
1739772475.669722 16.3293648 7.2216935 26.5886478 -0.0418373 0.2891929 -0.2395595 0.9258663
1739772475.784580 16.3701973 7.2325511 26.6617393 -0.0480675 0.2864535 -0.2378956 0.9268439
1739772475.891289 16.4154663 7.2437282 26.7290249 -0.0540350 0.2832247 -0.2363638 0.9278988
1739772476.008172 16.4597168 7.2489009 26.7966042 -0.0608247 0.2802443 -0.2342599 0.9289165
1739772476.117066 16.5071945 7.2604156 26.8635674 -0.0671641 0.2778972 -0.2322998 0.9296768
1739772476.225732 16.5494671 7.2693257 26.9324913 -0.0737886 0.2757828 -0.2305253 0.9302458
1739772476.332681 16.6031017 7.2722688 26.9928856 -0.0806953 0.2728770 -0.2281955 0.9311032
1739772476.442137 16.6402359 7.2813931 27.0714645 -0.0875883 0.2721424 -0.2263142 0.9311545
1739772476.550180 16.6879272 7.2862754 27.1376839 -0.0939793 0.2701920 -0.2237705 0.9317141
1739772476.653965 16.7272739 7.2966003 27.2092667 -0.1012247 0.2692289 -0.2218411 0.9316952
1739772476.767416 16.7651253 7.3144097 27.2791805 -0.1086138 0.2688230 -0.2196064 0.9315097
1739772476.871372 16.8061905 7.3254914 27.3488979 -0.1162875 0.2684511 -0.2173592 0.9312177
1739772476.990909 16.8593922 7.3393612 27.4140511 -0.1235280 0.2677094 -0.2149291 0.9310629
1739772477.103025 16.9122353 7.3512363 27.4740353 -0.1308955 0.2667650 -0.2126999 0.9308392
1739772477.222694 16.9451122 7.3657913 27.5420265 -0.1393905 0.2677506 -0.2103603 0.9298540
1739772477.333602 16.9965611 7.3814378 27.6087894 -0.1475167 0.2677223 -0.2078653 0.9291694
1739772477.451641 17.0360317 7.4033585 27.6694908 -0.1562199 0.2688244 -0.2055438 0.9279442
1739772477.555432 17.0857067 7.4256334 27.7326965 -0.1651762 0.2692734 -0.2027624 0.9268743
1739772477.663287 17.1276131 7.4571009 27.7928963 -0.1741314 0.2705615 -0.1999304 0.9254743
1739772477.790109 17.1701565 7.4840674 27.8614902 -0.1841112 0.2724744 -0.1969946 0.9236091
1739772477.910536 17.2185364 7.5114555 27.9318333 -0.1944610 0.2737722 -0.1939756 0.9217414
1739772478.030426 17.2715340 7.5402899 27.9826813 -0.2047510 0.2747521 -0.1903915 0.9199671
1739772478.132900 17.3132305 7.5697913 28.0495148 -0.2157314 0.2768416 -0.1876329 0.9173945
1739772478.254449 17.3702793 7.5942755 28.1077557 -0.2268338 0.2780122 -0.1841388 0.9150676
1739772478.357671 17.4206772 7.6145296 28.1687164 -0.2388057 0.2799845 -0.1809264 0.9120560
1739772478.471661 17.4857807 7.6352773 28.2214928 -0.2510875 0.2807510 -0.1765341 0.9093787
1739772478.574836 17.5417690 7.6585741 28.2770786 -0.2639714 0.2815608 -0.1723985 0.9062679
1739772478.690966 17.6003532 7.6900330 28.3270950 -0.2768256 0.2824307 -0.1678433 0.9030111
1739772478.795065 17.6520710 7.7291698 28.3760719 -0.2904930 0.2830189 -0.1633226 0.8993552
1739772478.897573 17.6983109 7.7808928 28.4278107 -0.3040463 0.2838915 -0.1585420 0.8954474
1739772479.003975 17.7439976 7.8322630 28.4703331 -0.3177388 0.2838620 -0.1535656 0.8915616
1739772479.218110 17.8450356 7.9509001 28.5225601 -0.3456411 0.2829629 -0.1425818 0.8832523
1739772479.420869 17.9282608 8.0830097 28.5797043 -0.3722655 0.2814434 -0.1322261 0.8744852
1739772479.731447 18.0368595 8.2845249 28.6661835 -0.4100015 0.2782526 -0.1166703 0.8607336
1739772480.033767 18.1539917 8.4902363 28.7559299 -0.4416874 0.2724280 -0.1023959 0.8486521
1739772480.335692 18.2596245 8.6955576 28.8439693 -0.4662202 0.2681642 -0.0906787 0.8381552
1739772480.543377 18.3484077 8.8297262 28.8972359 -0.4778539 0.2642876 -0.0845061 0.8334665
1739772481.052161 18.5602112 9.1652451 29.0263824 -0.4916800 0.2568819 -0.0757719 0.8285657
1739772481.362632 18.6992912 9.3545780 29.1172714 -0.4918941 0.2515943 -0.0725393 0.8303484
1739772481.876166 18.9029732 9.6665201 29.2915001 -0.4820589 0.2414476 -0.0697144 0.8393224
1739772482.584013 19.1310234 10.1093359 29.5909634 -0.4562455 0.2195343 -0.0664688 0.8597829
1739772483.103204 19.2978630 10.4278679 29.8007126 -0.4320219 0.2022912 -0.0647139 0.8764973
1739772483.619714 19.4536095 10.7036753 30.0718689 -0.4055958 0.1852820 -0.0628890 0.8928648
1739772484.038325 19.5774498 10.8743000 30.3373756 -0.3877093 0.1722213 -0.0615119 0.9034587
1739772484.669513 19.7278748 11.1740303 30.7035599 -0.3720680 0.1531070 -0.0571818 0.9137034
1739772485.189348 19.8296986 11.4877424 30.9598656 -0.3706628 0.1371594 -0.0515283 0.9171375
1739772485.613764 19.9294987 11.7332706 31.1615486 -0.3711155 0.1243765 -0.0461659 0.9190606
1739772486.024836 20.0005417 11.9564667 31.3987465 -0.3692817 0.1095947 -0.0409252 0.9219247
1739772486.335152 20.0455589 12.1091080 31.5953331 -0.3652810 0.0988131 -0.0369875 0.9248987
1739772486.648255 20.0717449 12.2710285 31.7828426 -0.3586476 0.0871204 -0.0335845 0.9287918
1739772487.066062 20.1153584 12.4980373 32.0245895 -0.3472803 0.0713773 -0.0286069 0.9346033
1739772487.594511 20.1652927 12.7453928 32.3537292 -0.3335358 0.0523125 -0.0228824 0.9410068
1739772488.026645 20.1618023 12.9013281 32.6503487 -0.3278019 0.0368785 -0.0171613 0.9438705
1739772488.337071 20.1680336 13.0454254 32.8607674 -0.3268652 0.0262750 -0.0134712 0.9446096
1739772488.756629 20.1890984 13.2704430 33.1061249 -0.3299609 0.0121400 -0.0080634 0.9438821
1739772489.065984 20.1734047 13.4496498 33.2844238 -0.3349489 0.0031049 -0.0050566 0.9422176
1739772489.388827 20.1400986 13.6273861 33.4588699 -0.3392201 -0.0052342 -0.0022167 0.9406899
1739772489.700977 20.1391411 13.7961674 33.6424980 -0.3421195 -0.0103882 -0.0001026 0.9395990
1739772490.025864 20.1425552 13.9603510 33.8306198 -0.3423725 -0.0115845 0.0003980 0.9394928
1739772490.333892 20.1014080 14.1195860 34.0219727 -0.3388907 -0.0062237 -0.0012623 0.9408043
1739772490.637236 20.0632343 14.2651443 34.2189026 -0.3342611 0.0065992 -0.0060479 0.9424380
1739772490.946829 20.0552521 14.4177380 34.4189644 -0.3271611 0.0307716 -0.0141135 0.9443620
1739772491.365193 20.1224899 14.5981951 34.6854515 -0.3164276 0.0801707 -0.0313982 0.9447012
1739772491.686838 20.1989784 14.6975374 34.9004517 -0.3096878 0.1313291 -0.0488149 0.9404591
1739772492.008857 20.2993679 14.8124285 35.0948181 -0.3032722 0.1913613 -0.0691679 0.9309257
1739772492.327423 20.4874382 14.9315214 35.2075768 -0.2980666 0.2559588 -0.0894961 0.9152223
1739772492.640935 20.7100182 15.0192785 35.2845154 -0.2924291 0.3209643 -0.1104525 0.8940176
1739772493.070623 21.0326385 15.0891914 35.3710709 -0.2858654 0.4000666 -0.1337000 0.8604372
1739772493.392416 21.2665825 15.1232481 35.4529915 -0.2822864 0.4486091 -0.1476182 0.8350288
1739772493.805165 21.5810432 15.1737185 35.5456009 -0.2819762 0.4961611 -0.1579548 0.8058311
1739772494.110350 21.8183575 15.2292347 35.5980530 -0.2859579 0.5196226 -0.1601116 0.7890404
1739772494.406347 22.0586548 15.2980251 35.6459656 -0.2944795 0.5332600 -0.1574326 0.7772583
1739772494.706971 22.2825146 15.3937111 35.6896057 -0.3067859 0.5402275 -0.1500854 0.7690976
1739772495.013147 22.5091667 15.4872818 35.7406311 -0.3218151 0.5416254 -0.1387424 0.7640862
1739772495.318644 22.7199745 15.6118698 35.7684135 -0.3382161 0.5385653 -0.1258546 0.7613921
1739772495.622603 22.9496880 15.6991997 35.8104553 -0.3549343 0.5326436 -0.1114809 0.7601871
1739772495.931481 23.1602859 15.8278198 35.8357620 -0.3717307 0.5237237 -0.0962640 0.7604361
1739772496.239336 23.3540211 15.9782600 35.8841095 -0.3873257 0.5138215 -0.0801812 0.7612734
1739772496.539222 23.5426025 16.1377316 35.9221573 -0.4016371 0.5013788 -0.0651101 0.7635887
1739772496.840028 23.7244244 16.3018284 35.9735069 -0.4147092 0.4878109 -0.0497596 0.7665382
1739772497.042948 23.8446121 16.4140358 36.0014114 -0.4230008 0.4776585 -0.0401475 0.7689609
1739772497.255772 23.9597130 16.5351887 36.0348434 -0.4298621 0.4679717 -0.0302626 0.7715603
1739772497.453221 24.0732155 16.6490459 36.0704193 -0.4367171 0.4571922 -0.0216307 0.7744583
1739772497.755772 24.2342930 16.8320255 36.1307907 -0.4456418 0.4424849 -0.0075215 0.7781735
1739772497.956454 24.3312283 16.9603004 36.1754684 -0.4503056 0.4335386 0.0004422 0.7805568
1739772498.268771 24.4823780 17.1534214 36.2327957 -0.4577934 0.4195697 0.0127169 0.7837249
1739772498.581768 24.6228104 17.3418121 36.2997971 -0.4652799 0.4054724 0.0236131 0.7864790
1739772498.882716 24.7514229 17.5455208 36.3666687 -0.4720376 0.3943575 0.0348735 0.7876843
1739772499.184422 24.8795090 17.7479210 36.4335976 -0.4806511 0.3838635 0.0439405 0.7872055
1739772499.502585 25.0041656 17.9524002 36.4962463 -0.4875818 0.3750980 0.0528504 0.7866209
1739772499.813187 25.1182365 18.1782284 36.5532608 -0.4939460 0.3685715 0.0594027 0.7852666
1739772500.124540 25.2425900 18.3964481 36.6139679 -0.5012630 0.3636509 0.0667410 0.7823292
1739772500.432958 25.3610878 18.6182423 36.6624603 -0.5071663 0.3599462 0.0729344 0.7796804
1739772500.640339 25.4400253 18.7615967 36.6957779 -0.5114523 0.3571151 0.0741412 0.7780671
1739772500.937314 25.5632439 18.9802990 36.7415428 -0.5158727 0.3537800 0.0800381 0.7760856
1739772501.135286 25.6418514 19.1316967 36.7739487 -0.5188258 0.3513707 0.0811537 0.7750952
1739772501.543067 25.7985039 19.4207649 36.8362427 -0.5204958 0.3440094 0.0877968 0.7765523
1739772501.861289 25.9002533 19.6530247 36.8760681 -0.5202010 0.3356976 0.0931227 0.7797604
1739772502.171283 25.9957714 19.8851128 36.9388885 -0.5196969 0.3277489 0.0990878 0.7827371
1739772502.510130 26.0944881 20.1038132 37.0293427 -0.5169409 0.3168527 0.1049072 0.7882708
1739772502.808163 26.1866169 20.3267117 37.0970764 -0.5132926 0.3034993 0.1119315 0.7949153
1739772503.111942 26.2610054 20.5524006 37.1788101 -0.5070037 0.2899354 0.1193343 0.8028972
1739772503.311528 26.3022346 20.6963291 37.2431107 -0.5020327 0.2799322 0.1235560 0.8089098
1739772503.721866 26.3951588 20.9959106 37.3836479 -0.4902398 0.2617761 0.1319889 0.8208028
1739772503.926891 26.4376411 21.1315346 37.4467049 -0.4840293 0.2515793 0.1350366 0.8271570
1739772504.133096 26.4776764 21.2729912 37.5267830 -0.4784376 0.2404977 0.1393148 0.8329764
1739772504.231542 26.4927025 21.3355236 37.5552902 -0.4751925 0.2358170 0.1393987 0.8361522
1739772504.335963 26.5096302 21.4029217 37.5860519 -0.4713624 0.2324233 0.1406288 0.8390593
1739772504.431044 26.5153732 21.4626980 37.5930634 -0.4678036 0.2257147 0.1390360 0.8431380
1739772504.535746 26.5214157 21.5215683 37.6222839 -0.4641903 0.2224952 0.1400525 0.8458183
1739772504.632530 26.5225906 21.5796375 37.6485825 -0.4609386 0.2182599 0.1383867 0.8489684
1739772504.730798 26.5082455 21.6379929 37.6666489 -0.4565059 0.2148408 0.1327685 0.8531227
1739772504.833898 26.5129414 21.6901779 37.6937981 -0.4541760 0.2107761 0.1318123 0.8555250
1739772504.931555 26.4917316 21.7377548 37.7146988 -0.4495268 0.2091569 0.1280519 0.8589423
1739772505.038586 26.5023842 21.8156357 37.7545319 -0.4494305 0.2058186 0.1281034 0.8597909
1739772505.133081 26.4671841 21.8336220 37.8019714 -0.4462058 0.2095523 0.1278372 0.8606079
1739772505.337745 26.4236908 21.8596382 37.8238525 -0.4433402 0.2043096 0.1190977 0.8645941
1739772505.544924 26.3590431 21.9226856 37.8743439 -0.4400635 0.1970008 0.0907393 0.8713789
1739772505.645467 26.3142052 21.9112530 37.8388443 -0.4301493 0.2020166 0.0970346 0.8744971
1739772505.845358 26.2608376 21.9597969 37.9194794 -0.4314192 0.2023318 0.0823480 0.8753046
1739772505.942353 26.2492123 21.9842224 37.9347610 -0.4287276 0.1994435 0.0729170 0.8781220
1739772506.057659 26.2078094 22.0022068 37.9494553 -0.4250967 0.1995980 0.0594880 0.8808601
1739772506.153429 26.1775284 22.0298309 37.9620857 -0.4197235 0.2029608 0.0557109 0.8829130
1739772506.253313 26.1546326 22.0069981 37.9526291 -0.4179885 0.2038994 0.0566609 0.8834592
1739772506.450824 26.1171913 22.0836239 38.0039291 -0.4132038 0.2082804 0.0464817 0.8852804
1739772506.558971 26.0951576 22.1172581 38.0044708 -0.4078516 0.2112406 0.0419829 0.8872835
1739772506.758780 26.0467148 22.1517410 37.9994621 -0.3988622 0.2183741 0.0362475 0.8898920
1739772506.857738 26.0363617 22.1542740 38.0213242 -0.3986212 0.2207178 0.0322167 0.8895768
1739772506.960014 26.0080490 22.1704578 38.0137711 -0.3935623 0.2256074 0.0259409 0.8908070
1739772507.062388 26.0014477 22.1784019 38.0395775 -0.3950325 0.2303601 0.0243890 0.8889818
1739772507.162201 25.9825096 22.1988087 38.0393333 -0.3876255 0.2355228 0.0215077 0.8909618
1739772507.273818 25.9761772 22.2084141 38.0586319 -0.3862586 0.2393931 0.0154654 0.8906493
1739772507.372972 25.9840374 22.2377148 38.0488663 -0.3796428 0.2389460 0.0103838 0.8936825
1739772507.472495 25.9580021 22.2457256 38.0591888 -0.3767433 0.2463523 0.0114085 0.8928857
1739772507.581067 25.9620495 22.2714939 38.0583115 -0.3725107 0.2471048 0.0069008 0.8944984
1739772507.683028 25.9514503 22.2994137 38.0323792 -0.3688476 0.2498641 0.0039596 0.8952674
1739772507.795254 25.9618340 22.3075333 38.0530624 -0.3663458 0.2524695 -0.0011921 0.8955716
1739772507.892274 25.9670143 22.3177853 38.0554771 -0.3641126 0.2561767 0.0013598 0.8954294
1739772507.991679 25.9660797 22.3416328 38.0546646 -0.3608657 0.2586673 -0.0028322 0.8960241
1739772508.104987 25.9503117 22.3638954 38.0591660 -0.3538588 0.2640021 -0.0059481 0.8972466
1739772508.204757 25.9471397 22.3773384 38.0793610 -0.3490674 0.2701890 -0.0026493 0.8972975
1739772508.308159 25.9497643 22.3802185 38.0874786 -0.3481562 0.2710013 -0.0058608 0.8973913
1739772508.409968 25.9571896 22.3815117 38.1048279 -0.3473370 0.2727832 -0.0102562 0.8971295
1739772508.522339 25.9554539 22.3867302 38.1135178 -0.3457429 0.2753207 -0.0118779 0.8969500
1739772508.618397 25.9518242 22.3934364 38.1426163 -0.3437526 0.2797475 -0.0151313 0.8962960
1739772508.722246 25.9643078 22.3938370 38.1681824 -0.3445336 0.2809366 -0.0198437 0.8955320
1739772508.827212 25.9803028 22.3981285 38.1841049 -0.3429648 0.2817211 -0.0213712 0.8958524
1739772508.927589 26.0294838 22.4436817 38.2189178 -0.3432830 0.2801412 -0.0231542 0.8961816
1739772509.034923 26.0779209 22.4545918 38.2635345 -0.3456517 0.2795297 -0.0216854 0.8954986
1739772509.139306 26.1085167 22.4842148 38.3117065 -0.3463950 0.2808392 -0.0211576 0.8948141
1739772509.237551 26.1499367 22.5272179 38.3596344 -0.3472092 0.2815741 -0.0218290 0.8942512
1739772509.345686 26.1998959 22.5855274 38.4009972 -0.3474110 0.2804481 -0.0218086 0.8945271
1739772509.447392 26.2506771 22.6216602 38.4595642 -0.3504369 0.2792972 -0.0210908 0.8937238
1739772509.560500 26.2969971 22.6706505 38.5115929 -0.3521940 0.2785814 -0.0213285 0.8932508
1739772509.662431 26.3407574 22.7199745 38.5512848 -0.3512555 0.2781403 -0.0227205 0.8937233
1739772509.773494 26.3798847 22.7674236 38.5983734 -0.3523377 0.2787854 -0.0226231 0.8930985
1739772509.877601 26.4239712 22.8135242 38.6337967 -0.3523854 0.2764641 -0.0217698 0.8938223
1739772509.977099 26.4678631 22.8612747 38.6886139 -0.3549088 0.2762970 -0.0211633 0.8928896
1739772510.089283 26.5070820 22.9075661 38.7384033 -0.3569848 0.2765425 -0.0180627 0.8920537
1739772510.194779 26.5552139 22.9490967 38.7785568 -0.3586377 0.2740675 -0.0184320 0.8921470
1739772510.297768 26.5986881 23.0007095 38.8286209 -0.3607237 0.2734605 -0.0181562 0.8914977
1739772510.401809 26.6344852 23.0487328 38.8668098 -0.3616488 0.2728266 -0.0174383 0.8913314
1739772510.503900 26.6838722 23.1058292 38.9226913 -0.3639776 0.2715954 -0.0158221 0.8907895
1739772510.610857 26.7303829 23.1573753 38.9684944 -0.3674345 0.2693756 -0.0146692 0.8900638
1739772510.710518 26.7641335 23.2128086 39.0143890 -0.3687844 0.2693317 -0.0132068 0.8895416
1739772510.818983 26.8067474 23.2665749 39.0646706 -0.3718420 0.2673187 -0.0131303 0.8888767
1739772510.923320 26.8433418 23.3158722 39.1125259 -0.3751336 0.2657838 -0.0120472 0.8879688
1739772511.037279 26.8820362 23.3661404 39.1599045 -0.3779786 0.2646553 -0.0096406 0.8871285
1739772511.134234 26.9187641 23.4182072 39.2068939 -0.3817078 0.2620067 -0.0085987 0.8863282
1739772511.349718 26.9953308 23.5429344 39.2917328 -0.3876102 0.2583667 -0.0057423 0.8848571
1739772511.452354 27.0297737 23.5965366 39.3410950 -0.3912762 0.2569112 -0.0044623 0.8836740
1739772511.566605 27.0651493 23.6454830 39.3782272 -0.3941561 0.2551920 -0.0027924 0.8828987
1739772511.781773 27.1356792 23.7602940 39.4647293 -0.4027163 0.2492050 0.0012942 0.8807467
1739772511.993177 27.2040482 23.8842812 39.5584335 -0.4119090 0.2456846 0.0072907 0.8774490
1739772512.209183 27.2723179 23.9998703 39.6333122 -0.4210903 0.2381668 0.0115597 0.8751148
1739772512.423017 27.3285599 24.1148567 39.7108536 -0.4300871 0.2320354 0.0160931 0.8723105
1739772512.537311 27.3526840 24.1759605 39.7499657 -0.4340361 0.2310122 0.0204150 0.8705339
1739772512.739661 27.4159470 24.3078976 39.8293877 -0.4456078 0.2228309 0.0248765 0.8666956
1739772512.955443 27.4653625 24.4422607 39.9098053 -0.4559437 0.2164012 0.0291751 0.8628063
1739772513.065972 27.4902611 24.5124550 39.9417953 -0.4602599 0.2134159 0.0327105 0.8611298
1739772513.276873 27.5373554 24.6500702 40.0155334 -0.4705867 0.2064666 0.0383949 0.8569980
1739772513.475373 27.5838146 24.7827282 40.0814934 -0.4793593 0.1982006 0.0443773 0.8537926
1739772513.678786 27.6234398 24.9191360 40.1484566 -0.4894748 0.1902017 0.0497079 0.8495687
1739772513.891015 27.6681576 25.0559788 40.2167053 -0.4984411 0.1834182 0.0560573 0.8454418
1739772514.098024 27.6880913 25.1813145 40.2717133 -0.5056806 0.1780687 0.0624342 0.8418317
1739772514.314136 27.7211208 25.3206139 40.3368683 -0.5132223 0.1706893 0.0685681 0.8383117
1739772514.509363 27.7460365 25.4593925 40.3989639 -0.5202250 0.1645526 0.0754101 0.8346267
1739772514.616755 27.7578297 25.5262184 40.4298515 -0.5231083 0.1624908 0.0794138 0.8328553
1739772514.825948 27.8161774 25.6204796 40.4902420 -0.5303481 0.1532402 0.0893729 0.8290120
1739772514.923465 27.8364925 25.6438141 40.5085297 -0.5332682 0.1486427 0.0940383 0.8274583
1739772515.129207 27.8902149 25.7076492 40.5692139 -0.5417390 0.1424229 0.1078789 0.8213384
1739772515.328431 27.8926697 25.7604885 40.6209869 -0.5486770 0.1457985 0.1173750 0.8148125
1739772515.539969 27.8971329 25.7853146 40.6192245 -0.5476567 0.1464086 0.1350458 0.8126497
1739772515.635468 27.9080677 25.7914410 40.6566086 -0.5530712 0.1432602 0.1406590 0.8085814
1739772515.735745 27.9371529 25.8063545 40.7157097 -0.5619705 0.1397519 0.1481681 0.8016887
1739772515.846769 27.9381618 25.8406391 40.7673187 -0.5673615 0.1406198 0.1503979 0.7973127
1739772516.049832 28.0064125 25.8948956 40.8030815 -0.5738525 0.1255334 0.1596783 0.7933710
1739772516.150448 28.0432777 25.9230137 40.8346176 -0.5804429 0.1152891 0.1607247 0.7899126
1739772516.252465 28.0462532 25.9327164 40.8872147 -0.5880002 0.1159424 0.1645073 0.7834223
1739772516.362973 28.0683365 25.9406528 40.9297714 -0.5945345 0.1115688 0.1701931 0.7778916
1739772516.462687 28.0843010 25.9579067 40.9764862 -0.6011918 0.1089140 0.1747053 0.7721297
1739772516.569985 28.0803986 25.9603653 41.0054626 -0.6057182 0.1078078 0.1774725 0.7681058
1739772516.675157 28.1085892 25.9696808 41.0404701 -0.6115888 0.1021510 0.1840321 0.7626642
1739772516.773613 28.1383553 25.9717941 41.0755272 -0.6188787 0.0962760 0.1892873 0.7562344
1739772516.885889 28.1454296 26.0033684 41.1239090 -0.6264772 0.0936854 0.1889177 0.7503728
1739772516.990072 28.1562767 26.0172920 41.1766052 -0.6361129 0.0935009 0.1909968 0.7417130
1739772517.094809 28.1551819 26.0392303 41.2115631 -0.6399829 0.0926436 0.1925932 0.7380697
1739772517.196820 28.1565418 26.0740471 41.2415924 -0.6435568 0.0902141 0.1937604 0.7349510
1739772517.303172 28.1585827 26.1369267 41.2710190 -0.6487442 0.0882749 0.1916755 0.7311628
1739772517.409662 28.1583195 26.1807995 41.2956161 -0.6522233 0.0866734 0.1918502 0.7282073
1739772517.510137 28.1431313 26.2212963 41.3267975 -0.6566782 0.0879269 0.1874132 0.7252027
1739772517.617876 28.1277161 26.2578793 41.3534851 -0.6608424 0.0886094 0.1834007 0.7223573
1739772517.719560 28.1274242 26.3199043 41.3880234 -0.6664005 0.0850411 0.1838390 0.7175525
1739772517.834356 28.1495152 26.3685017 41.4337082 -0.6742315 0.0835291 0.1856798 0.7098998
1739772517.939213 28.1344681 26.3847389 41.4873657 -0.6837450 0.0859643 0.1830769 0.7011318
1739772518.052668 28.1313534 26.4324837 41.5445557 -0.6926097 0.0842491 0.1815853 0.6929796
1739772518.150245 28.1305294 26.4664478 41.5452194 -0.6930869 0.0841727 0.1851614 0.6915640
1739772518.251292 28.1525726 26.4939461 41.5711975 -0.7007034 0.0806225 0.1898794 0.6829792
1739772518.373668 28.1186028 26.5340042 41.6448097 -0.7145017 0.0872950 0.1819694 0.6698910
1739772518.474118 28.1248302 26.5971966 41.7161636 -0.7287143 0.0839971 0.1816847 0.6549127
1739772518.582662 28.1276150 26.6737213 41.7634430 -0.7392083 0.0834601 0.1814514 0.6431803
1739772518.683418 28.1353111 26.7417297 41.7735023 -0.7452161 0.0816105 0.1798253 0.6369110
1739772518.815236 28.1148014 26.8300934 41.7694702 -0.7503464 0.0828084 0.1793869 0.6308275
1739772518.914821 28.0948753 26.9072838 41.7450943 -0.7527612 0.0851443 0.1795683 0.6275796
1739772519.015660 28.1441860 26.9778900 41.7164536 -0.7547147 0.0762576 0.1896650 0.6233920
1739772519.224151 28.1143475 27.1344109 41.6825943 -0.7620468 0.0782763 0.1875352 0.6148074
1739772519.335902 28.1016674 27.2045097 41.6611366 -0.7649475 0.0774597 0.1878408 0.6112048
1739772519.553437 28.0876598 27.3618355 41.6285057 -0.7727190 0.0769828 0.1877909 0.6014264
1739772519.764941 28.0676651 27.5161324 41.5972977 -0.7806749 0.0754038 0.1905821 0.5903722
1739772519.980713 28.0520039 27.6503677 41.5179710 -0.7846471 0.0735667 0.1914148 0.5850446
