1739772415.161766 0.0000000 0.0000000 0.0000000 -0.0000000 -0.0000000 -0.0000000 1.0000000
1739772415.877532 -0.0015938 -0.0069247 0.0728651 -0.0002821 -0.0000181 -0.0001566 0.9999999
1739772415.976540 -0.0064390 -0.0201408 0.1473281 -0.0007855 0.0002098 -0.0000395 0.9999997
1739772416.071889 -0.0087524 -0.0289981 0.2228688 -0.0008198 0.0005142 -0.0001986 0.9999995
1739772416.170257 -0.0091813 -0.0357169 0.2974224 -0.0000692 0.0003945 -0.0004593 0.9999998
1739772416.268087 -0.0101211 -0.0395931 0.3723871 0.0008735 0.0005788 -0.0001904 0.9999995
1739772416.365528 -0.0091138 -0.0478137 0.4478200 0.0017143 0.0005334 -0.0002482 0.9999984
1739772416.465480 -0.0052577 -0.0491926 0.5260602 0.0031717 0.0004120 -0.0000391 0.9999949
1739772416.564463 -0.0045097 -0.0579993 0.6047248 0.0046300 0.0004636 -0.0004657 0.9999891
1739772416.662791 -0.0157287 -0.0712807 0.6789042 0.0058922 0.0008964 -0.0002756 0.9999822
1739772416.761616 -0.0083881 -0.0722802 0.7552577 0.0080233 0.0003279 -0.0002771 0.9999678
1739772416.861223 -0.0103944 -0.0751565 0.8300968 0.0100861 0.0002473 -0.0001111 0.9999491
1739772416.959757 -0.0071281 -0.0742537 0.9052687 0.0120907 -0.0002403 0.0001325 0.9999269
1739772417.068570 -0.0041514 -0.0672571 0.9808287 0.0145261 -0.0008179 -0.0001533 0.9998941
1739772417.275131 -0.0182795 -0.0747142 1.0564095 0.0166902 -0.0007009 -0.0001290 0.9998605
1739772417.371407 -0.0098274 -0.0717927 1.1333123 0.0193449 -0.0015926 0.0000402 0.9998116
1739772417.583506 -0.0076088 -0.0808293 1.2855402 0.0245737 -0.0026668 0.0000739 0.9996945
1739772417.682980 -0.0078707 -0.0906319 1.3591570 0.0269759 -0.0035033 -0.0001988 0.9996300
1739772417.900062 -0.0080313 -0.1120197 1.5100042 0.0323894 -0.0054332 -0.0000095 0.9994606
1739772418.006025 -0.0206627 -0.1304415 1.5838870 0.0349023 -0.0061616 -0.0001478 0.9993717
1739772418.116267 -0.0258100 -0.1453626 1.6613091 0.0373192 -0.0071267 -0.0003678 0.9992779
1739772418.217543 -0.0333821 -0.1511670 1.7408293 0.0401578 -0.0082507 -0.0002348 0.9991593
1739772418.322111 -0.0392683 -0.1729249 1.8215981 0.0419393 -0.0093351 -0.0004670 0.9990765
1739772418.422010 -0.0638311 -0.1885548 1.8906250 0.0445533 -0.0088779 -0.0005931 0.9989674
1739772418.528623 -0.0694883 -0.2100546 1.9663230 0.0464559 -0.0101378 -0.0009181 0.9988685
1739772418.628261 -0.0616717 -0.2081663 2.0439303 0.0495141 -0.0116613 -0.0007395 0.9987051
1739772418.727589 -0.0694294 -0.2285462 2.1211021 0.0516000 -0.0125969 -0.0011262 0.9985878
1739772418.836370 -0.0848572 -0.2523466 2.1937094 0.0531371 -0.0124837 -0.0007543 0.9985089
1739772418.936283 -0.0990988 -0.2687875 2.2749720 0.0550257 -0.0128719 -0.0006840 0.9984018
1739772419.043463 -0.0930205 -0.2786347 2.3542655 0.0571506 -0.0140581 -0.0001173 0.9982666
1739772419.145028 -0.0945010 -0.2916098 2.4300408 0.0588543 -0.0144599 -0.0006258 0.9981617
1739772419.246374 -0.0913392 -0.2986047 2.5083187 0.0604097 -0.0155154 -0.0006665 0.9980528
1739772419.352917 -0.1078582 -0.3193631 2.5804124 0.0612025 -0.0155828 -0.0005599 0.9980036
1739772419.451511 -0.1338241 -0.3435129 2.6497505 0.0620611 -0.0145689 -0.0007783 0.9979658
1739772419.557866 -0.1612532 -0.3644790 2.7157502 0.0616978 -0.0139082 -0.0000141 0.9979980
1739772419.658561 -0.1524129 -0.3712949 2.7959447 0.0624582 -0.0153222 -0.0002357 0.9979299
1739772419.763036 -0.1640672 -0.3955543 2.8671608 0.0620103 -0.0154557 -0.0004945 0.9979557
1739772419.870240 -0.1801866 -0.4196168 2.9424951 0.0614228 -0.0152903 -0.0004673 0.9979947
1739772419.973442 -0.1828733 -0.4424497 2.9985712 0.0595639 -0.0142292 -0.0009382 0.9981226
1739772420.090559 -0.1849203 -0.4728519 3.0667033 0.0578845 -0.0138738 -0.0018422 0.9982252
1739772420.193680 -0.2046359 -0.4979391 3.1372981 0.0564687 -0.0127273 -0.0017143 0.9983218
1739772420.302145 -0.2220005 -0.5162420 3.2063191 0.0546934 -0.0116911 -0.0011883 0.9984341
1739772420.401536 -0.2341263 -0.5356349 3.2715204 0.0533420 -0.0104115 -0.0011712 0.9985213
1739772420.499029 -0.2421441 -0.5569892 3.3383303 0.0508803 -0.0095076 -0.0017178 0.9986581
1739772420.602612 -0.2609925 -0.5847169 3.4037020 0.0485721 -0.0074836 -0.0022655 0.9987891
1739772420.700415 -0.2847120 -0.6116465 3.4721837 0.0453424 -0.0059942 -0.0021778 0.9989512
1739772420.806674 -0.3105846 -0.6215234 3.5402210 0.0434935 -0.0040220 -0.0019934 0.9990436
1739772420.909473 -0.3207678 -0.6238884 3.6076488 0.0412197 -0.0023921 -0.0027392 0.9991435
1739772421.012752 -0.3403424 -0.6443530 3.6731937 0.0372938 -0.0006209 -0.0030076 0.9992996
1739772421.123519 -0.3610340 -0.6578867 3.7418785 0.0345146 0.0015692 -0.0031270 0.9993981
1739772421.224638 -0.3735017 -0.6731698 3.8045771 0.0315333 0.0042299 -0.0032631 0.9994885
1739772421.334483 -0.3931623 -0.6765959 3.8612988 0.0292808 0.0076766 -0.0041256 0.9995332
1739772421.434789 -0.4140232 -0.6926312 3.9209838 0.0256157 0.0108732 -0.0042769 0.9996036
1739772421.539663 -0.4374077 -0.7174278 3.9884589 0.0225931 0.0140737 -0.0046838 0.9996347
1739772421.642406 -0.4541198 -0.7341536 4.0428491 0.0181973 0.0160705 -0.0040796 0.9996969
1739772421.743057 -0.4611616 -0.7425514 4.1100922 0.0171052 0.0182598 -0.0050298 0.9996743
1739772421.849990 -0.4745528 -0.7485579 4.1785951 0.0147300 0.0212312 -0.0050292 0.9996534
1739772421.952270 -0.4953626 -0.7656960 4.2509270 0.0118251 0.0237364 -0.0052278 0.9996346
1739772422.068439 -0.5062801 -0.7785963 4.3043737 0.0096869 0.0264055 -0.0052705 0.9995905
1739772422.169330 -0.5106624 -0.8039457 4.3702154 0.0067748 0.0283166 -0.0055358 0.9995608
1739772422.273971 -0.5146058 -0.7931492 4.4423385 0.0062273 0.0299500 -0.0062225 0.9995127
1739772422.385446 -0.5058531 -0.7789249 4.5153599 0.0054958 0.0316217 -0.0057435 0.9994683
1739772422.484435 -0.5205606 -0.8011348 4.5756826 0.0021691 0.0338787 -0.0058198 0.9994067
1739772422.601539 -0.5251743 -0.8113193 4.6204772 0.0016650 0.0351369 -0.0060284 0.9993629
1739772422.702698 -0.5175606 -0.8006519 4.6770720 0.0009888 0.0363867 -0.0067861 0.9993142
1739772422.806702 -0.5265734 -0.8133472 4.7241111 0.0000488 0.0374123 -0.0057039 0.9992836
1739772422.909947 -0.5361440 -0.8162023 4.7896090 -0.0007728 0.0399781 -0.0064079 0.9991797
1739772423.012976 -0.5231972 -0.8052163 4.8629069 -0.0012271 0.0411370 -0.0056143 0.9991370
1739772423.121831 -0.5386723 -0.8221396 4.9250021 -0.0022223 0.0438203 -0.0060401 0.9990187
1739772423.224214 -0.5404966 -0.8437535 4.9649682 -0.0044757 0.0435740 -0.0048597 0.9990284
1739772423.358319 -0.5343542 -0.8411939 5.0130382 -0.0048727 0.0447153 -0.0053495 0.9989736
1739772423.458254 -0.5440421 -0.8192056 5.0780540 -0.0029580 0.0461459 -0.0057200 0.9989139
1739772423.570130 -0.5389913 -0.8175538 5.1282163 -0.0025610 0.0467655 -0.0058538 0.9988855
1739772423.670592 -0.5130744 -0.8038316 5.1810560 -0.0008203 0.0456053 -0.0051625 0.9989459
1739772423.770450 -0.5053948 -0.8171018 5.2426748 -0.0020301 0.0458614 -0.0053018 0.9989317
1739772423.886435 -0.4732443 -0.8194294 5.2878871 -0.0022428 0.0436423 -0.0052052 0.9990311
1739772423.989843 -0.4656273 -0.8469391 5.3584232 -0.0035712 0.0437878 -0.0045144 0.9990243
1739772424.112144 -0.4753882 -0.8504186 5.4327192 -0.0032829 0.0452099 -0.0050232 0.9989595
1739772424.217915 -0.4760614 -0.8472261 5.4905205 -0.0021732 0.0467691 -0.0051917 0.9988899
1739772424.328640 -0.4837080 -0.8156585 5.5484681 0.0005640 0.0481219 -0.0046082 0.9988307
1739772424.431302 -0.5013942 -0.8181163 5.6114664 0.0005869 0.0493434 -0.0063487 0.9987615
1739772424.531492 -0.5101435 -0.8295110 5.6494093 -0.0004149 0.0508630 -0.0066428 0.9986835
1739772424.639469 -0.4661776 -0.8205320 5.6941266 0.0008938 0.0476354 -0.0066450 0.9988423
1739772424.743328 -0.4473567 -0.8304818 5.7331386 0.0000471 0.0454309 -0.0055972 0.9989518
1739772424.863554 -0.4633678 -0.8417652 5.7881756 -0.0009236 0.0474909 -0.0063317 0.9988512
1739772424.964400 -0.4502416 -0.8491277 5.8401928 -0.0018030 0.0490245 -0.0066719 0.9987737
1739772425.070569 -0.4018633 -0.8320618 5.8894696 -0.0000963 0.0465719 -0.0074691 0.9988870
1739772425.172137 -0.3871314 -0.8447655 5.9581304 -0.0004397 0.0471360 -0.0083788 0.9988533
1739772425.272000 -0.3623145 -0.8532022 6.0253615 -0.0012575 0.0480371 -0.0085201 0.9988084
1739772425.377337 -0.3440323 -0.8576968 6.0988388 -0.0011108 0.0483478 -0.0085837 0.9987931
1739772425.478179 -0.3322138 -0.8592960 6.1676254 -0.0014538 0.0497424 -0.0086756 0.9987234
1739772425.587626 -0.3384429 -0.8544667 6.2459188 -0.0011000 0.0516845 -0.0091044 0.9986213
1739772425.689383 -0.3477629 -0.8537444 6.3301244 -0.0009450 0.0536774 -0.0090353 0.9985170
1739772425.811241 -0.3515480 -0.8538845 6.3956223 -0.0013594 0.0564949 -0.0084070 0.9983666
1739772425.908604 -0.3536724 -0.8570158 6.4488640 -0.0029339 0.0600388 -0.0092251 0.9981492
1739772426.014106 -0.3513464 -0.8700756 6.4775624 -0.0049278 0.0614346 -0.0077341 0.9980690
1739772426.129197 -0.3286086 -0.8815156 6.4814882 -0.0069253 0.0588625 -0.0081823 0.9982085
1739772426.233946 -0.2979470 -0.8811983 6.5125170 -0.0100841 0.0559010 -0.0091676 0.9983433
1739772426.339863 -0.2492095 -0.8841203 6.5483541 -0.0132327 0.0533391 -0.0098568 0.9984401
1739772426.442330 -0.2268082 -0.8777944 6.5942039 -0.0143688 0.0520895 -0.0104301 0.9984846
1739772426.562583 -0.2181879 -0.8882341 6.6144214 -0.0159182 0.0501495 -0.0091027 0.9985734
1739772426.659649 -0.1915003 -0.9088048 6.6402941 -0.0205855 0.0461262 -0.0082075 0.9986898
1739772426.762541 -0.1727909 -0.9126617 6.6733685 -0.0227985 0.0427275 -0.0078313 0.9987959
1739772426.869563 -0.1585459 -0.9310687 6.6915121 -0.0273284 0.0392210 -0.0081255 0.9988238
1739772426.970021 -0.1282531 -0.9287882 6.7114201 -0.0313572 0.0339990 -0.0078595 0.9988989
1739772427.077986 -0.0962761 -0.9387302 6.7123141 -0.0354890 0.0265407 -0.0079368 0.9989861
1739772427.182731 -0.0765072 -0.9396995 6.7294941 -0.0371344 0.0222594 -0.0073554 0.9990352
1739772427.284091 -0.0586596 -0.9562601 6.7506580 -0.0433227 0.0166312 -0.0062689 0.9989030
1739772427.402759 -0.0448705 -0.9690821 6.7903275 -0.0453147 0.0126564 -0.0056734 0.9988765
1739772427.503770 -0.0265424 -0.9721086 6.8077283 -0.0484652 0.0064801 -0.0059402 0.9987862
1739772427.616814 -0.0159841 -0.9693049 6.8193626 -0.0497003 0.0014258 -0.0037853 0.9987560
1739772427.720449 0.0023998 -0.9688402 6.8346605 -0.0512357 -0.0047288 -0.0027209 0.9986717
1739772427.824122 0.0149695 -0.9583762 6.8324776 -0.0491961 -0.0100707 -0.0026812 0.9987348
1739772427.927905 0.0288348 -0.9618981 6.8644514 -0.0508358 -0.0155085 -0.0024739 0.9985836
1739772428.034354 0.0529077 -0.9651025 6.8893242 -0.0536509 -0.0224480 -0.0028628 0.9983034
1739772428.147312 0.0764030 -0.9917960 6.9051557 -0.0583694 -0.0292435 -0.0018844 0.9978649
1739772428.253214 0.0939741 -1.0033540 6.9129467 -0.0611121 -0.0374495 -0.0029044 0.9974239
1739772428.358596 0.1212704 -1.0058953 6.9332175 -0.0630449 -0.0448464 -0.0025271 0.9969994
1739772428.461416 0.1521959 -1.0084538 6.9390221 -0.0629167 -0.0522848 -0.0025154 0.9966451
1739772428.569247 0.1835072 -1.0152862 6.9641495 -0.0655898 -0.0594960 -0.0026045 0.9960680
1739772428.671290 0.1974489 -0.9878389 6.9845009 -0.0603423 -0.0628388 -0.0029401 0.9961935
1739772428.771066 0.2157702 -1.0147518 6.9990482 -0.0651848 -0.0694519 -0.0019448 0.9954515
1739772428.878006 0.2354334 -1.0224935 7.0141768 -0.0659829 -0.0766093 -0.0030175 0.9948710
1739772428.983354 0.2414548 -1.0181818 7.0273004 -0.0621948 -0.0819846 -0.0022476 0.9946886
1739772429.095113 0.2613063 -1.0127547 7.0391541 -0.0603082 -0.0896726 -0.0024409 0.9941407
1739772429.199911 0.2808879 -1.0003992 7.0636330 -0.0575572 -0.0958091 -0.0024537 0.9937313
1739772429.313194 0.3002292 -0.9994484 7.0696630 -0.0553012 -0.1032080 -0.0017875 0.9931197
1739772429.418428 0.3259228 -0.9996099 7.0803046 -0.0542632 -0.1108616 -0.0019751 0.9923514
1739772429.520448 0.3519017 -0.9931551 7.0911064 -0.0496755 -0.1168512 -0.0005008 0.9919062
1739772429.627469 0.3732020 -0.9904085 7.1069298 -0.0478418 -0.1241128 -0.0007477 0.9911138
1739772429.730757 0.3960279 -0.9952672 7.1062269 -0.0494432 -0.1325440 -0.0016006 0.9899419
1739772429.845713 0.4139106 -0.9982440 7.1171932 -0.0517264 -0.1398632 -0.0028610 0.9888147
1739772429.953095 0.4341062 -1.0074302 7.1296334 -0.0548716 -0.1475192 -0.0040847 0.9875275
1739772430.064494 0.4532509 -1.0023721 7.1323910 -0.0518246 -0.1547687 -0.0032157 0.9865853
1739772430.170190 0.4687788 -0.9964787 7.1502161 -0.0505683 -0.1612131 -0.0030111 0.9856187
1739772430.273034 0.4923489 -1.0042903 7.1585631 -0.0513549 -0.1688166 -0.0028801 0.9843045
1739772430.378841 0.5129703 -1.0053362 7.1676922 -0.0536876 -0.1764986 -0.0046046 0.9828249
1739772430.483299 0.5344341 -1.0014111 7.1695275 -0.0538802 -0.1836605 -0.0052572 0.9814979
1739772430.596733 0.5586091 -0.9951778 7.1712971 -0.0523069 -0.1907431 -0.0048784 0.9802333
1739772430.703591 0.5714277 -0.9894197 7.1770597 -0.0497032 -0.1961346 -0.0047571 0.9793050
1739772430.814601 0.5830452 -0.9735261 7.1769257 -0.0418892 -0.1980872 -0.0000115 0.9792889
1739772430.918758 0.5898830 -0.9634977 7.1925464 -0.0446416 -0.2013898 -0.0012702 0.9784926
1739772431.019688 0.5933121 -0.9610267 7.1984839 -0.0459115 -0.2041779 -0.0040392 0.9778482
1739772431.131000 0.6060622 -0.9478122 7.1995831 -0.0410217 -0.2062158 0.0001242 0.9776463
1739772431.237864 0.6208771 -0.9523995 7.2050719 -0.0441756 -0.2112888 -0.0014200 0.9764239
1739772431.346838 0.6266659 -0.9496223 7.2167969 -0.0489860 -0.2155741 -0.0053220 0.9752435
1739772431.453533 0.6300435 -0.9478721 7.2270455 -0.0533893 -0.2174098 -0.0087521 0.9745799
1739772431.564719 0.6323192 -0.9365907 7.2293406 -0.0507788 -0.2163908 -0.0082657 0.9749504
1739772431.671777 0.6307747 -0.9335081 7.2378531 -0.0523791 -0.2139353 -0.0096095 0.9753952
1739772431.774031 0.6274557 -0.9409748 7.2511964 -0.0583912 -0.2118773 -0.0115944 0.9754815
1739772431.881295 0.6175134 -0.9323078 7.2730103 -0.0581058 -0.2040951 -0.0128553 0.9771406
1739772431.986542 0.6029677 -0.9364132 7.2899842 -0.0601442 -0.1968364 -0.0146762 0.9784798
1739772432.107319 0.5957940 -0.9365199 7.3085456 -0.0655114 -0.1908455 -0.0155101 0.9793088
1739772432.212022 0.5827463 -0.9371680 7.3419218 -0.0698844 -0.1845832 -0.0165771 0.9801890
1739772432.322984 0.5752513 -0.9412380 7.3709826 -0.0757293 -0.1785034 -0.0176176 0.9808625
1739772432.427456 0.5640284 -0.9421693 7.3979359 -0.0815509 -0.1711686 -0.0189098 0.9816788
1739772432.531064 0.5473015 -0.9357182 7.4456406 -0.0847878 -0.1636900 -0.0208188 0.9826409
1739772432.640496 0.5209501 -0.9279892 7.5140896 -0.0885032 -0.1569848 -0.0213926 0.9833948
1739772432.743074 0.4997394 -0.9188423 7.5772405 -0.0924471 -0.1498050 -0.0232787 0.9841088
1739772432.854689 0.4881895 -0.9214644 7.6426682 -0.0979867 -0.1430067 -0.0242160 0.9845614
1739772432.956661 0.4565977 -0.9087253 7.7058024 -0.1021926 -0.1348906 -0.0255660 0.9852449
1739772433.066479 0.4388050 -0.9132504 7.7690115 -0.1083150 -0.1274475 -0.0274509 0.9855311
1739772433.170587 0.4275271 -0.9142083 7.8189158 -0.1137985 -0.1193210 -0.0284170 0.9859031
1739772433.273406 0.4146522 -0.8803902 7.8540764 -0.1146951 -0.1127619 -0.0297661 0.9865311
1739772433.381656 0.4000787 -0.8628939 7.9015431 -0.1174441 -0.1059932 -0.0309623 0.9869213
1739772433.486466 0.3572675 -0.8444914 7.9530859 -0.1199396 -0.0951298 -0.0323720 0.9876826
1739772433.597897 0.3487249 -0.8339083 8.0053539 -0.1246846 -0.0862281 -0.0335945 0.9878714
1739772433.706362 0.3837141 -0.8046126 8.0308256 -0.1253301 -0.0816237 -0.0357459 0.9881054
1739772433.815891 0.4064900 -0.7732711 8.0607309 -0.1269955 -0.0759430 -0.0358088 0.9883433
1739772433.919991 0.4300802 -0.7388917 8.0930119 -0.1277219 -0.0696229 -0.0363022 0.9886971
1739772434.021720 0.4464358 -0.7169818 8.1255789 -0.1295889 -0.0637911 -0.0372234 0.9888133
1739772434.132472 0.4548022 -0.6901881 8.1457100 -0.1292465 -0.0580984 -0.0379697 0.9891806
1739772434.236825 0.4633899 -0.6783645 8.1635990 -0.1316972 -0.0537548 -0.0381574 0.9890957
1739772434.348582 0.4718456 -0.6434188 8.2022467 -0.1311478 -0.0474135 -0.0402551 0.9894098
1739772434.452835 0.4760935 -0.5967479 8.2570915 -0.1323437 -0.0409019 -0.0412207 0.9895014
1739772434.566883 0.4820026 -0.5614393 8.3174095 -0.1346758 -0.0352327 -0.0425408 0.9893490
1739772434.673512 0.4981164 -0.5266044 8.3801088 -0.1376723 -0.0307329 -0.0433394 0.9890518
1739772434.778206 0.5109906 -0.4961659 8.4523344 -0.1404841 -0.0262487 -0.0441374 0.9887503
1739772434.891284 0.5311290 -0.4581749 8.5156956 -0.1423467 -0.0227011 -0.0445152 0.9885548
1739772434.991829 0.5471534 -0.4199387 8.5662527 -0.1439288 -0.0194804 -0.0450344 0.9883708
1739772435.099420 0.5494125 -0.3755258 8.6291809 -0.1461919 -0.0168695 -0.0452579 0.9880765
1739772435.204994 0.5709673 -0.3374665 8.6913242 -0.1477319 -0.0142299 -0.0460058 0.9878544
1739772435.317850 0.5344707 -0.3000768 8.7523098 -0.1489883 -0.0103684 -0.0473549 0.9876500
1739772435.419641 0.5473933 -0.2748023 8.8232327 -0.1517543 -0.0084314 -0.0475370 0.9872385
1739772435.520572 0.5427918 -0.2463227 8.8801441 -0.1532350 -0.0061109 -0.0482747 0.9869910
1739772435.627921 0.5571907 -0.2077843 8.9472303 -0.1542009 -0.0036900 -0.0484400 0.9868445
1739772435.731779 0.5806243 -0.1753764 9.0030289 -0.1574160 -0.0027663 -0.0484669 0.9863385
1739772435.848368 0.5628868 -0.1600378 9.0765257 -0.1588787 -0.0005192 -0.0495319 0.9860547
1739772435.954686 0.5806760 -0.1174197 9.1374016 -0.1598937 0.0013208 -0.0495505 0.9858890
1739772436.068744 0.6050770 -0.0759888 9.1996899 -0.1612461 0.0032386 -0.0480588 0.9857381
1739772436.384170 0.6300628 0.0573976 9.3948593 -0.1662800 0.0066008 -0.0514481 0.9847134
1739772436.487359 0.6481251 0.0982805 9.4517851 -0.1669646 0.0089359 -0.0513516 0.9845842
1739772436.597281 0.6398482 0.1277173 9.5026665 -0.1679471 0.0129024 -0.0525102 0.9843119
1739772436.698660 0.6587651 0.1700538 9.5736418 -0.1699941 0.0154245 -0.0518271 0.9839604
1739772436.806015 0.6417332 0.2189578 9.6232681 -0.1703293 0.0190400 -0.0530711 0.9837728
1739772436.909184 0.6404245 0.2273669 9.7015762 -0.1738815 0.0214597 -0.0529973 0.9831053
1739772437.009855 0.6334881 0.2568094 9.7705393 -0.1756229 0.0246894 -0.0537244 0.9826804
1739772437.127545 0.6300282 0.2909404 9.8371668 -0.1779295 0.0276094 -0.0547221 0.9821326
1739772437.226891 0.6294931 0.3186989 9.9044094 -0.1801295 0.0308684 -0.0554132 0.9815956
1739772437.335599 0.6374027 0.3649187 9.9713144 -0.1817267 0.0339373 -0.0558754 0.9811736
1739772437.435717 0.6512175 0.4046268 10.0317039 -0.1833011 0.0383000 -0.0562050 0.9807012
1739772437.534859 0.6667226 0.4447953 10.0913839 -0.1840111 0.0423846 -0.0572456 0.9803399
1739772437.640919 0.6897657 0.4744335 10.1519022 -0.1849945 0.0456156 -0.0581306 0.9799577
1739772437.765043 0.7282729 0.5131552 10.2161388 -0.1861073 0.0485441 -0.0585430 0.9795817
1739772437.886497 0.7411214 0.5506669 10.2713985 -0.1859867 0.0526756 -0.0595635 0.9793296
1739772437.984933 0.7673653 0.5914162 10.3310232 -0.1859775 0.0557487 -0.0599732 0.9791362
1739772438.089633 0.7734592 0.6129140 10.4013634 -0.1873209 0.0594779 -0.0605950 0.9786223
1739772438.197613 0.8061740 0.6437976 10.4726896 -0.1871096 0.0623382 -0.0615160 0.9784272
1739772438.299011 0.8245021 0.6779695 10.5383959 -0.1869314 0.0661950 -0.0621081 0.9781705
1739772438.414277 0.8495916 0.7130192 10.6008120 -0.1867508 0.0688594 -0.0627530 0.9779799
1739772438.515375 0.8548759 0.7446427 10.6703472 -0.1862530 0.0720541 -0.0638161 0.9777758
1739772438.631028 0.8545846 0.7718055 10.7396994 -0.1856509 0.0755674 -0.0644227 0.9775853
1739772438.732440 0.8591058 0.8089558 10.8061142 -0.1845374 0.0790924 -0.0644486 0.9775156
1739772438.840019 0.8544739 0.8496404 10.8741541 -0.1833829 0.0828731 -0.0656132 0.9773422
1739772438.938822 0.8706861 0.8928199 10.9398403 -0.1820520 0.0859324 -0.0658032 0.9773141
1739772439.039020 0.8968229 0.9206706 11.0109253 -0.1815756 0.0887248 -0.0670045 0.9770715
1739772439.141453 0.9210274 0.9595660 11.0737371 -0.1804880 0.0918747 -0.0676477 0.9769375
1739772439.238566 0.9366144 0.9942576 11.1465025 -0.1800049 0.0955276 -0.0682121 0.9766370
1739772439.339762 0.9696199 1.0133871 11.2213221 -0.1801085 0.0985531 -0.0687751 0.9762778
1739772439.439212 0.9965501 1.0478058 11.2869701 -0.1791034 0.1019981 -0.0694723 0.9760594
1739772439.539732 1.0195048 1.0656720 11.3585854 -0.1786253 0.1059040 -0.0707619 0.9756383
1739772439.642447 1.0384958 1.0949410 11.4294949 -0.1783174 0.1094923 -0.0711062 0.9752734
1739772439.740304 1.0600342 1.1218293 11.5058002 -0.1782742 0.1128537 -0.0715232 0.9748676
1739772439.843187 1.0735520 1.1501055 11.5783253 -0.1783070 0.1164115 -0.0720665 0.9744031
1739772439.942633 1.0949504 1.1867814 11.6497297 -0.1774661 0.1196596 -0.0727873 0.9741095
1739772440.039541 1.1114919 1.2075155 11.7299643 -0.1774266 0.1231677 -0.0735851 0.9736194
1739772440.142380 1.1411326 1.2326474 11.8011103 -0.1776105 0.1261822 -0.0739977 0.9731685
1739772440.241986 1.1727114 1.2575128 11.8757648 -0.1772887 0.1294956 -0.0748656 0.9727255
1739772440.348250 1.2036173 1.2840248 11.9495106 -0.1766843 0.1324030 -0.0754256 0.9724007
1739772440.456381 1.2330873 1.3152772 12.0186052 -0.1764096 0.1356181 -0.0759398 0.9719673
1739772440.554186 1.2583026 1.3471379 12.0908871 -0.1756991 0.1387742 -0.0761389 0.9716349
1739772440.659525 1.2836533 1.3762838 12.1659737 -0.1754127 0.1417177 -0.0767998 0.9712097
1739772440.756842 1.3031693 1.4062016 12.2384205 -0.1752575 0.1446622 -0.0772192 0.9707702
1739772440.863896 1.3283205 1.4324801 12.3145733 -0.1750654 0.1476430 -0.0777167 0.9703164
1739772440.961238 1.3605423 1.4614667 12.3895321 -0.1744253 0.1499519 -0.0782705 0.9700330
1739772441.059144 1.3782012 1.4810747 12.4654732 -0.1741881 0.1529782 -0.0791597 0.9695308
1739772441.164312 1.4115305 1.5073040 12.5397730 -0.1738547 0.1552224 -0.0795784 0.9691996
1739772441.262570 1.4363281 1.5319309 12.6150913 -0.1736109 0.1580045 -0.0801599 0.9687457
1739772441.369145 1.4738417 1.5503416 12.6878548 -0.1737310 0.1603308 -0.0800684 0.9683494
1739772441.572513 1.5397966 1.5894084 12.8342838 -0.1736179 0.1649315 -0.0810511 0.9675149
1739772441.673338 1.5782959 1.6086351 12.9043627 -0.1740924 0.1672086 -0.0816567 0.9669877
1739772441.769599 1.6141837 1.6349605 12.9767981 -0.1741548 0.1695169 -0.0819215 0.9665521
1739772442.079697 1.7178342 1.7260158 13.1861315 -0.1750054 0.1765098 -0.0827374 0.9650761
1739772442.276081 1.7559428 1.7851388 13.3389006 -0.1761333 0.1815910 -0.0837353 0.9638414
1739772442.381204 1.7866393 1.8136666 13.4080696 -0.1765722 0.1838420 -0.0836364 0.9633428
1739772442.483630 1.8138268 1.8288451 13.4862347 -0.1780444 0.1864690 -0.0839362 0.9625405
1739772442.591057 1.8441932 1.8524523 13.5614223 -0.1793934 0.1892353 -0.0841970 0.9617270
1739772442.781166 1.9113499 1.8959697 13.7036257 -0.1823878 0.1953808 -0.0846695 0.9598917
1739772442.984863 2.0041065 1.9469486 13.8427382 -0.1860917 0.2009545 -0.0848351 0.9580137
1739772443.288796 2.1126704 2.0344305 14.0488071 -0.1939354 0.2110927 -0.0844290 0.9543064
1739772443.485934 2.1988482 2.1012025 14.1794119 -0.2002096 0.2176600 -0.0845402 0.9515215
1739772443.980850 2.4228406 2.2508981 14.4990349 -0.2212599 0.2348674 -0.0825611 0.9429024
1739772444.187311 2.5187674 2.3190160 14.6169710 -0.2315592 0.2406186 -0.0810262 0.9391048
1739772444.479192 2.6396680 2.4308569 14.8022079 -0.2470677 0.2493103 -0.0786816 0.9330655
1739772444.773154 2.7684817 2.5635018 14.9693823 -0.2630020 0.2570411 -0.0754528 0.9268585
1739772444.975129 2.8571877 2.6589193 15.0715418 -0.2732213 0.2616836 -0.0735833 0.9227445
1739772445.265161 3.0065227 2.7922277 15.2292595 -0.2865919 0.2677110 -0.0706350 0.9171731
1739772445.466853 3.0908766 2.8918238 15.3274040 -0.2937575 0.2723962 -0.0701042 0.9135602
1739772445.755923 3.2400510 3.0336127 15.4651814 -0.3020803 0.2772658 -0.0686452 0.9094828
1739772445.946999 3.3279727 3.1198463 15.5758057 -0.3062467 0.2821769 -0.0688915 0.9065557
1739772446.141716 3.4227335 3.2050254 15.6822319 -0.3086880 0.2873168 -0.0696838 0.9040493
1739772446.530779 3.6028881 3.3864880 15.8827915 -0.3116617 0.2982767 -0.0723541 0.8992569
1739772446.729658 3.7079391 3.4681597 15.9876690 -0.3120899 0.3046829 -0.0737309 0.8968456
1739772446.926899 3.8094301 3.5608120 16.0829163 -0.3115722 0.3115432 -0.0765674 0.8944278
1739772447.126553 3.9141839 3.6317508 16.1772652 -0.3123410 0.3186671 -0.0784433 0.8914825
1739772447.313684 4.0277023 3.7153482 16.2499275 -0.3113753 0.3242763 -0.0814639 0.8895246
1739772447.509516 4.1477957 3.7890813 16.3449726 -0.3121845 0.3318357 -0.0839447 0.8862162
1739772447.605993 4.2121873 3.8321939 16.3804111 -0.3119061 0.3347281 -0.0847061 0.8851534
1739772447.794085 4.3216286 3.9143586 16.4631901 -0.3127611 0.3406357 -0.0864391 0.8824263
1739772447.994972 4.4406838 4.0056300 16.5363617 -0.3123737 0.3456693 -0.0881566 0.8804339
1739772448.200366 4.5667105 4.0750008 16.6322212 -0.3153986 0.3506950 -0.0878935 0.8773890
1739772448.499742 4.7260032 4.1932564 16.7741699 -0.3176675 0.3564793 -0.0890193 0.8741198
1739772448.708621 4.8270965 4.2907515 16.8737755 -0.3196723 0.3595062 -0.0895927 0.8720883
1739772448.902729 4.9337120 4.3847613 16.9584389 -0.3215622 0.3623484 -0.0892831 0.8702471
1739772449.209227 5.1069751 4.5135489 17.0894470 -0.3247153 0.3663964 -0.0892932 0.8673756
1739772449.406468 5.2327585 4.5931630 17.1605988 -0.3265537 0.3684790 -0.0892822 0.8658029
1739772449.700545 5.4151554 4.7143154 17.2849007 -0.3312490 0.3718610 -0.0882412 0.8626743
1739772449.895169 5.5351176 4.7956038 17.3625965 -0.3330468 0.3739562 -0.0881684 0.8610824
1739772450.182550 5.7350612 4.9078817 17.4644737 -0.3374827 0.3776903 -0.0872460 0.8578133
1739772450.376185 5.8291082 5.0167770 17.5477543 -0.3392131 0.3797576 -0.0868773 0.8562541
1739772450.686619 5.9927654 5.1620398 17.6695824 -0.3421721 0.3826807 -0.0866310 0.8537967
1739772450.893847 6.1126666 5.2488842 17.7515736 -0.3447112 0.3849963 -0.0863331 0.8517621
1739772451.183383 6.2889752 5.3882546 17.8503571 -0.3462007 0.3881736 -0.0870590 0.8496394
1739772451.383456 6.4258618 5.4639344 17.9144745 -0.3479457 0.3901548 -0.0866212 0.8480624
1739772451.575449 6.5398035 5.5503817 17.9964981 -0.3477859 0.3921303 -0.0873888 0.8471375
1739772451.867997 6.7290368 5.6813354 18.0873909 -0.3480330 0.3941948 -0.0874636 0.8460696
1739772452.060090 6.8658113 5.7532601 18.1468964 -0.3485987 0.3949995 -0.0875776 0.8454493
1739772452.253685 6.9926777 5.8251448 18.2275200 -0.3496077 0.3943602 -0.0872111 0.8453690
1739772452.553600 7.1612692 5.9651456 18.3502388 -0.3486249 0.3930866 -0.0871413 0.8463746
1739772452.757820 7.2688904 6.0696459 18.4230881 -0.3479518 0.3915241 -0.0868509 0.8474051
1739772452.961022 7.3781166 6.1672516 18.5009613 -0.3475413 0.3895887 -0.0863108 0.8485200
1739772453.269722 7.5560455 6.2973800 18.6182823 -0.3451778 0.3868444 -0.0861009 0.8507587
1739772453.568356 7.7416062 6.4152613 18.7340126 -0.3424996 0.3842622 -0.0866261 0.8529552
1739772453.767455 7.8634834 6.5063982 18.8078728 -0.3398557 0.3829022 -0.0870440 0.8545802
1739772453.980521 7.9738069 6.5908346 18.8932877 -0.3379585 0.3817978 -0.0878341 0.8557451
1739772454.189884 8.0851297 6.6759133 18.9803009 -0.3347285 0.3814958 -0.0888150 0.8570471
1739772454.395848 8.2021828 6.7666750 19.0538254 -0.3315910 0.3809179 -0.0898015 0.8584199
1739772454.588817 8.3195629 6.8435397 19.1401691 -0.3282563 0.3811390 -0.0915280 0.8594205
1739772454.795373 8.4411488 6.9179440 19.2291985 -0.3246173 0.3817328 -0.0932332 0.8603553
1739772455.004091 8.5509968 7.0112486 19.3135185 -0.3209426 0.3821505 -0.0950632 0.8613477
1739772455.211749 8.6638298 7.0930972 19.3945312 -0.3156824 0.3840424 -0.0964019 0.8623008
1739772455.314359 8.7320461 7.1116209 19.4381714 -0.3148991 0.3845164 -0.0982700 0.8621652
1739772455.415485 8.7994137 7.1288104 19.4809818 -0.3145165 0.3853463 -0.1000588 0.8617284
1739772455.616652 8.9114599 7.2317696 19.5542126 -0.3084458 0.3895059 -0.1023182 0.8617873
1739772455.729659 8.9903994 7.2408929 19.5934067 -0.3080682 0.3897338 -0.1042277 0.8615904
1739772455.826493 9.0551872 7.2749605 19.6206760 -0.3055651 0.3908198 -0.1053529 0.8618530
1739772455.944911 9.1227217 7.2882490 19.6559448 -0.3054202 0.3916137 -0.1069911 0.8613421
1739772456.041431 9.1404057 7.2930989 19.6712532 -0.3029248 0.3941677 -0.1071584 0.8610374
1739772456.146883 9.1572819 7.2958255 19.6831589 -0.3015389 0.3955643 -0.1085375 0.8607106
1739772456.242720 9.1664257 7.2946062 19.6859589 -0.2994023 0.3965399 -0.1079714 0.8610788
1739772456.341558 9.1750002 7.2965918 19.6964283 -0.2972524 0.3989301 -0.1073969 0.8607913
1739772456.446136 9.1935320 7.3000360 19.7090378 -0.2974331 0.4010566 -0.1102239 0.8593823
1739772456.544197 9.2176170 7.2969322 19.7243385 -0.2967302 0.4035981 -0.1126204 0.8581238
1739772456.652680 9.2777958 7.3251553 19.7655888 -0.2939048 0.4054219 -0.1145685 0.8579785
1739772456.756740 9.3344240 7.3400860 19.8102207 -0.2929606 0.4070063 -0.1154335 0.8574352
1739772456.859269 9.3671703 7.3456454 19.8309326 -0.2908205 0.4085974 -0.1146399 0.8575134
1739772456.969359 9.3901129 7.3534317 19.8543758 -0.2880349 0.4109636 -0.1164382 0.8570805
1739772457.096291 9.3967438 7.3471866 19.8506432 -0.2867094 0.4125023 -0.1171438 0.8566895
1739772457.200287 9.4355383 7.3494334 19.8698044 -0.2852315 0.4121572 -0.1172184 0.8573385
1739772457.302027 9.4938860 7.3421130 19.9004173 -0.2846074 0.4115154 -0.1154361 0.8580957
1739772457.413696 9.5207682 7.3451691 19.9124641 -0.2813830 0.4120252 -0.1151594 0.8589512
1739772457.512143 9.5120773 7.3455448 19.9035873 -0.2802476 0.4130895 -0.1137053 0.8590050
1739772457.610237 9.5203924 7.3472023 19.9143715 -0.2789794 0.4135640 -0.1151029 0.8590034
1739772457.725628 9.5400314 7.3558125 19.9397621 -0.2756579 0.4146069 -0.1137295 0.8597555
1739772457.824761 9.5896673 7.3531113 19.9500160 -0.2709925 0.4121788 -0.1130085 0.8624969
1739772457.930075 9.6630116 7.3695116 19.9697189 -0.2700561 0.4117248 -0.1152891 0.8627055
1739772458.029766 9.7130280 7.3661180 19.9896736 -0.2674140 0.4099462 -0.1144474 0.8644858
1739772458.136546 9.7299423 7.3665967 19.9989395 -0.2650162 0.4099529 -0.1147040 0.8651868
1739772458.239410 9.7294722 7.3669453 20.0004959 -0.2646319 0.4114096 -0.1159360 0.8644483
1739772458.343119 9.7340412 7.3667264 20.0033722 -0.2622389 0.4109793 -0.1169611 0.8652438
1739772458.449033 9.7455025 7.3686175 20.0071964 -0.2594388 0.4095537 -0.1165436 0.8668188
1739772458.548949 9.7542944 7.3661771 20.0114784 -0.2589492 0.4099777 -0.1172813 0.8666652
1739772458.659549 9.7532978 7.3503275 20.0102730 -0.2601718 0.4106216 -0.1187627 0.8657921
1739772458.762719 9.7700119 7.3467617 20.0188370 -0.2586311 0.4093561 -0.1175908 0.8670121
1739772458.866004 9.7707195 7.3516874 20.0330696 -0.2555094 0.4116931 -0.1185332 0.8667028
1739772458.979422 9.7747030 7.3500123 20.0269470 -0.2548289 0.4111561 -0.1209483 0.8668243
1739772459.079135 9.7931490 7.3468981 20.0330429 -0.2541210 0.4107688 -0.1237856 0.8668152
1739772459.185302 9.8085556 7.3425426 20.0439911 -0.2538475 0.4112905 -0.1262645 0.8662903
1739772459.287993 9.8363419 7.3215017 20.0579357 -0.2532864 0.4087543 -0.1247683 0.8678703
1739772459.395255 9.8495874 7.3150730 20.0631142 -0.2514592 0.4069021 -0.1215614 0.8697252
1739772459.495483 9.8813591 7.3071566 20.0808601 -0.2464827 0.4043372 -0.1200322 0.8725537
1739772459.596344 9.9132614 7.2925172 20.1093311 -0.2436191 0.4031718 -0.1177737 0.8742034
1739772459.702129 9.9624462 7.2882738 20.1320591 -0.2432299 0.4022750 -0.1183212 0.8746508
1739772459.805631 10.0008049 7.2780857 20.1523647 -0.2407216 0.3998814 -0.1177221 0.8765212
1739772459.918174 10.0219631 7.2696886 20.1650467 -0.2388161 0.3987958 -0.1166769 0.8776761
1739772460.019003 10.0384560 7.2699718 20.1877060 -0.2370926 0.3991375 -0.1183942 0.8777580
1739772460.131490 10.0426521 7.2707176 20.1916008 -0.2344020 0.3997215 -0.1191438 0.8781134
1739772460.231910 10.0517120 7.2694426 20.1957550 -0.2326895 0.3996237 -0.1203415 0.8784500
1739772460.333735 10.0738773 7.2617168 20.2089767 -0.2311966 0.3976911 -0.1184979 0.8799706
1739772460.453065 10.0951633 7.2576947 20.2209587 -0.2289868 0.3969152 -0.1184120 0.8809097
1739772460.555600 10.1129341 7.2496672 20.2331333 -0.2258924 0.3942662 -0.1159877 0.8832178
1739772460.665586 10.1345177 7.2471862 20.2461510 -0.2240859 0.3945694 -0.1182918 0.8832370
1739772460.778659 10.1502781 7.2497196 20.2496185 -0.2212108 0.3932506 -0.1178494 0.8846080
1739772460.884275 10.1972427 7.2380505 20.2785263 -0.2188072 0.3913010 -0.1174910 0.8861167
1739772460.995590 10.2417936 7.2266078 20.3073540 -0.2156555 0.3898039 -0.1168787 0.8876289
1739772461.095931 10.2890692 7.2256122 20.3413429 -0.2135658 0.3887468 -0.1167714 0.8886114
1739772461.207212 10.3307381 7.2348452 20.3758736 -0.2103201 0.3880581 -0.1186919 0.8894317
1739772461.309587 10.3772011 7.2256331 20.4059410 -0.2068727 0.3863297 -0.1187385 0.8909850
1739772461.419445 10.4252872 7.2230897 20.4374714 -0.2045396 0.3857222 -0.1184560 0.8918241
1739772461.524792 10.4680099 7.2270885 20.4589424 -0.2009904 0.3830902 -0.1186073 0.8937433
1739772461.626862 10.4790649 7.2248979 20.4668541 -0.1982789 0.3821191 -0.1199619 0.8945835
1739772461.733582 10.5145149 7.2310400 20.4853649 -0.1925086 0.3803999 -0.1221803 0.8962747
1739772461.835527 10.5671587 7.2271934 20.5196724 -0.1883250 0.3771059 -0.1226223 0.8984924
1739772461.951317 10.6230326 7.2275057 20.5623398 -0.1852254 0.3758813 -0.1233248 0.8995531
1739772462.053585 10.6647930 7.2256141 20.5913200 -0.1817145 0.3738782 -0.1240875 0.9009979
1739772462.161783 10.6982327 7.2200451 20.6111298 -0.1774012 0.3710549 -0.1249178 0.9029079
1739772462.264190 10.7445240 7.2175069 20.6444855 -0.1740151 0.3696862 -0.1269090 0.9038501
1739772462.364295 10.7883759 7.2212529 20.6770210 -0.1691397 0.3678978 -0.1284011 0.9052934
1739772462.471068 10.8330040 7.2282577 20.7100449 -0.1642036 0.3653477 -0.1293942 0.9070917
1739772462.571021 10.8681011 7.2257581 20.7363014 -0.1580410 0.3634179 -0.1289799 0.9090185
1739772462.678866 10.9108753 7.2216125 20.7582073 -0.1533504 0.3600574 -0.1299629 0.9110170
1739772462.782263 10.9511738 7.2098665 20.7883072 -0.1481871 0.3562272 -0.1300252 0.9133653
1739772462.901426 10.9893761 7.2073689 20.8148537 -0.1408806 0.3535503 -0.1299170 0.9155744
1739772463.002135 11.0259848 7.2138109 20.8270493 -0.1344165 0.3483135 -0.1325180 0.9181769
1739772463.102511 11.0690002 7.2170391 20.8825169 -0.1279176 0.3477111 -0.1343744 0.9190634
1739772463.210301 11.1040936 7.2236309 20.9236698 -0.1213036 0.3450827 -0.1371135 0.9205451
1739772463.307966 11.1422386 7.2219763 20.9520912 -0.1130245 0.3409594 -0.1385020 0.9229243
1739772463.416631 11.1801662 7.2282095 20.9735641 -0.1037659 0.3360328 -0.1412248 0.9254028
1739772463.521999 11.2215691 7.2378340 20.9956589 -0.0944155 0.3311282 -0.1446859 0.9276345
1739772463.628338 11.2680588 7.2550354 21.0198345 -0.0845131 0.3267578 -0.1496588 0.9293488
1739772463.735680 11.3165255 7.2502031 21.0626945 -0.0770464 0.3242600 -0.1513041 0.9306054
1739772463.838577 11.3531904 7.2508688 21.0777016 -0.0687300 0.3181305 -0.1544232 0.9328573
1739772463.953447 11.3970490 7.2395816 21.1041451 -0.0620317 0.3121141 -0.1563614 0.9350337
1739772464.058010 11.4361010 7.2498207 21.1326408 -0.0530033 0.3076524 -0.1579237 0.9368035
1739772464.163861 11.4766331 7.2490330 21.1831951 -0.0451797 0.3053953 -0.1596825 0.9376534
1739772464.267452 11.4946585 7.2419920 21.2307644 -0.0385492 0.3077615 -0.1631621 0.9365762
1739772464.369741 11.5219316 7.2360687 21.2733612 -0.0324180 0.3066023 -0.1652904 0.9368155
1739772464.480625 11.5505524 7.2307281 21.3327408 -0.0249297 0.3066829 -0.1676043 0.9366072
1739772464.579511 11.5841465 7.2191329 21.3897514 -0.0195908 0.3066061 -0.1706557 0.9362081
1739772464.686308 11.6159821 7.2061105 21.4533958 -0.0136922 0.3072802 -0.1722743 0.9357954
1739772464.789968 11.6516371 7.2017508 21.4820957 -0.0076936 0.3053477 -0.1752754 0.9359392
1739772464.907213 11.6991358 7.1819801 21.5406456 -0.0035840 0.3048300 -0.1768931 0.9358283
1739772465.011664 11.7359676 7.1746311 21.5932846 0.0031960 0.3056629 -0.1786756 0.9352192
1739772465.113302 11.7802677 7.1671047 21.6453362 0.0089041 0.3055800 -0.1800380 0.9349481
1739772465.218383 11.8095713 7.1469579 21.6913757 0.0126451 0.3066002 -0.1805159 0.9344788
1739772465.320453 11.8502655 7.1363621 21.7530212 0.0180691 0.3077716 -0.1822374 0.9336700
1739772465.430541 11.8858137 7.1193247 21.8218651 0.0229754 0.3096127 -0.1838335 0.9326400
1739772465.531498 11.9115953 7.1145630 21.8576336 0.0289783 0.3107187 -0.1852493 0.9318245
1739772465.631657 11.9187183 7.1099081 21.8631115 0.0329368 0.3122212 -0.1878635 0.9306666
1739772465.741366 11.9308758 7.0988817 21.8752499 0.0361422 0.3141158 -0.1891294 0.9296532
1739772465.843213 11.9643736 7.0834284 21.9327545 0.0415579 0.3172254 -0.1903749 0.9281155
1739772465.947770 12.0098124 7.0646868 22.0065861 0.0458234 0.3186516 -0.1910924 0.9272783
1739772466.048131 12.0420742 7.0487227 22.0640144 0.0506364 0.3214395 -0.1917615 0.9259267
1739772466.155307 12.0838251 7.0373316 22.1153488 0.0561698 0.3238706 -0.1933107 0.9244370
1739772466.260885 12.1137400 7.0234404 22.1488514 0.0596758 0.3247273 -0.1952071 0.9235179
1739772466.359493 12.1432228 7.0141587 22.1931286 0.0649794 0.3281476 -0.1963215 0.9217130
1739772466.466417 12.1750793 7.0009232 22.2504139 0.0701032 0.3314036 -0.1958584 0.9202699
1739772466.567380 12.2062836 6.9858389 22.3012142 0.0746699 0.3336408 -0.1972309 0.9188080
1739772466.679933 12.2505856 6.9695148 22.3524551 0.0792616 0.3365003 -0.1980905 0.9171942
1739772466.781267 12.2945585 6.9556074 22.4059391 0.0837238 0.3396558 -0.1987173 0.9154976
1739772466.879949 12.3407726 6.9423504 22.4678726 0.0887698 0.3424907 -0.2008615 0.9134959
1739772466.986579 12.3849125 6.9232950 22.5228233 0.0926661 0.3456324 -0.2004903 0.9120060
1739772467.090846 12.4355659 6.9008336 22.5847492 0.0965964 0.3479182 -0.2022048 0.9103490
1739772467.196652 12.4855146 6.8848653 22.6436138 0.1015803 0.3496824 -0.2034833 0.9088445
1739772467.297653 12.5191774 6.8746333 22.6926250 0.1056115 0.3524887 -0.2046882 0.9070285
1739772467.404686 12.5661659 6.8576288 22.7592621 0.1104204 0.3553329 -0.2056543 0.9051255
1739772467.506799 12.6153908 6.8377604 22.8246212 0.1146377 0.3580997 -0.2070149 0.9031985
1739772467.605755 12.6534128 6.8006644 22.8735428 0.1166891 0.3604703 -0.2073171 0.9019226
1739772467.714239 12.6988869 6.7785358 22.9268398 0.1200635 0.3629721 -0.2080934 0.9002962
1739772467.814630 12.7457256 6.7567306 22.9784794 0.1224378 0.3647172 -0.2086198 0.8991486
1739772467.917458 12.7922401 6.7276506 23.0372124 0.1253445 0.3663745 -0.2084621 0.8981103
1739772468.018275 12.8429079 6.6950531 23.0895615 0.1268508 0.3685492 -0.2089820 0.8968874
1739772468.116131 12.8858986 6.6772928 23.1484070 0.1297835 0.3701022 -0.2095631 0.8956919
1739772468.218856 12.9351902 6.6317778 23.1972847 0.1310016 0.3717474 -0.2093192 0.8948899
1739772468.317425 12.9835358 6.6083808 23.2518673 0.1331430 0.3736293 -0.2100008 0.8936296
1739772468.425551 13.0320969 6.5733366 23.2996902 0.1348000 0.3752978 -0.2104368 0.8925788
1739772468.525193 13.0762596 6.5416708 23.3639317 0.1366048 0.3769126 -0.2105677 0.8915926
1739772468.624928 13.1171026 6.5244622 23.4183292 0.1380809 0.3783782 -0.2107691 0.8906963
1739772468.732531 13.1626644 6.4996476 23.4653206 0.1400403 0.3789397 -0.2113437 0.8900153
1739772468.831301 13.1952219 6.4661808 23.4870682 0.1389413 0.3780482 -0.2107207 0.8907141
1739772468.941841 13.2416077 6.4418225 23.5476074 0.1405211 0.3800970 -0.2106348 0.8896140
1739772469.052577 13.2791328 6.4493432 23.6168785 0.1432911 0.3816902 -0.2135788 0.8877862
1739772469.167961 13.3121557 6.4595571 23.7014389 0.1456572 0.3850980 -0.2137802 0.8858789
1739772469.266934 13.3490334 6.4748092 23.7695808 0.1493963 0.3864866 -0.2152236 0.8843006
1739772469.369692 13.3901110 6.4864526 23.8399773 0.1523585 0.3878445 -0.2162407 0.8829516
1739772469.481573 13.4146976 6.4856386 23.8849335 0.1538426 0.3884389 -0.2172724 0.8821794
1739772469.580802 13.4490395 6.4734702 23.9535789 0.1545875 0.3896207 -0.2163134 0.8817635
1739772469.689482 13.4868746 6.4458356 24.0081158 0.1551417 0.3903234 -0.2149382 0.8816918
1739772469.794328 13.5313110 6.4039564 24.0608330 0.1550554 0.3907835 -0.2150528 0.8814752
1739772469.906147 13.5739975 6.3763514 24.1118736 0.1557308 0.3916753 -0.2145806 0.8810753
1739772470.011495 13.6229668 6.3318467 24.1627388 0.1555452 0.3918497 -0.2146412 0.8810157
1739772470.113532 13.6777706 6.2993112 24.2175064 0.1565472 0.3921176 -0.2147472 0.8806931
1739772470.221294 13.7217083 6.2477694 24.2635269 0.1555625 0.3920844 -0.2144920 0.8809446
1739772470.325274 13.7716789 6.2174783 24.3217468 0.1561227 0.3919882 -0.2143925 0.8809125
1739772470.437582 13.8205090 6.1715913 24.3672066 0.1553975 0.3912842 -0.2149266 0.8812235
1739772470.542032 13.8749456 6.1377730 24.4208164 0.1553762 0.3902928 -0.2152046 0.8815989
1739772470.656325 13.9191837 6.1087842 24.4771156 0.1554653 0.3904502 -0.2153974 0.8814665
1739772470.767357 13.9634113 6.0810418 24.5381393 0.1559871 0.3906276 -0.2150296 0.8813856
1739772470.868239 14.0121498 6.0425382 24.5940170 0.1556469 0.3901940 -0.2149090 0.8816671
1739772470.983152 14.0601616 6.0118213 24.6535797 0.1554810 0.3902544 -0.2147126 0.8817174
1739772471.085808 14.1020336 5.9795003 24.7084465 0.1551898 0.3902026 -0.2147247 0.8817888
1739772471.201003 14.1525583 5.9392552 24.7694817 0.1545285 0.3898924 -0.2148106 0.8820211
1739772471.303190 14.2035732 5.8973947 24.8196373 0.1537230 0.3893791 -0.2148768 0.8823724
1739772471.412039 14.2549877 5.8678803 24.8698959 0.1535493 0.3886182 -0.2151312 0.8826761
1739772471.514602 14.3114996 5.8332410 24.9210033 0.1530515 0.3882588 -0.2147698 0.8830087
1739772471.723368 14.4148417 5.7623177 25.0250130 0.1515048 0.3876395 -0.2143988 0.8836374
1739772471.829127 14.4685745 5.7284093 25.0798454 0.1510278 0.3874660 -0.2141938 0.8838449
1739772471.938009 14.5206556 5.7020483 25.1355419 0.1506286 0.3869600 -0.2143618 0.8840939
1739772472.156477 14.6106682 5.6302938 25.2559090 0.1490410 0.3861756 -0.2141191 0.8847646
1739772472.254751 14.6582527 5.5981112 25.3161736 0.1486673 0.3855611 -0.2135495 0.8852329
1739772472.356802 14.7045832 5.5677299 25.3766441 0.1477295 0.3849280 -0.2139767 0.8855622
1739772472.572135 14.8100662 5.5064483 25.4898319 0.1466822 0.3842793 -0.2134288 0.8861501
1739772472.784121 14.9296951 5.4384050 25.5902615 0.1453474 0.3824312 -0.2134061 0.8871744
1739772472.998621 15.0231972 5.3561530 25.6954517 0.1435668 0.3811011 -0.2134544 0.8880246
1739772473.100683 15.0725899 5.3240213 25.7518406 0.1426889 0.3803204 -0.2134506 0.8885016
1739772473.213361 15.1223211 5.2844944 25.8046322 0.1412912 0.3795324 -0.2131149 0.8891423
1739772473.425418 15.2209883 5.2146049 25.9201202 0.1388359 0.3767199 -0.2131590 0.8907132
1739772473.758867 15.3840351 5.1216269 26.0843315 0.1346200 0.3685983 -0.2130540 0.8947741
1739772473.867058 15.4222927 5.0872359 26.1446686 0.1325270 0.3666447 -0.2129734 0.8959077
1739772473.990741 15.4671087 5.0526476 26.2051315 0.1299663 0.3638868 -0.2129371 0.8974146
1739772474.210491 15.5836391 4.9970317 26.3209190 0.1251930 0.3557452 -0.2131630 0.9012955
1739772474.319799 15.6250639 4.9601941 26.3817596 0.1220978 0.3521338 -0.2128690 0.9032058
1739772474.541304 15.7188635 4.9022050 26.5081825 0.1152461 0.3438071 -0.2124910 0.9073933
1739772474.769916 15.7994814 4.8553948 26.6402683 0.1077832 0.3349877 -0.2117962 0.9117612
1739772474.875191 15.8310452 4.8288546 26.7120972 0.1032195 0.3304022 -0.2115473 0.9140174
1739772475.000771 15.8642845 4.8093934 26.7886295 0.0986039 0.3262511 -0.2107319 0.9162039
1739772475.223498 15.9458714 4.7684722 26.9295597 0.0886780 0.3166105 -0.2091945 0.9209406
1739772475.335806 15.9844294 4.7529163 27.0009346 0.0834582 0.3120618 -0.2083209 0.9231763
1739772475.557708 16.0593567 4.7123260 27.1437759 0.0719300 0.3041275 -0.2063593 0.9272262
1739772475.669722 16.1037865 4.6973281 27.2097168 0.0662031 0.2997422 -0.2052568 0.9293231
1739772475.891289 16.1919289 4.6788774 27.3525085 0.0541449 0.2927360 -0.2025328 0.9329279
1739772476.008172 16.2359028 4.6714606 27.4230480 0.0475403 0.2897873 -0.2013044 0.9344730
1739772476.225732 16.3170166 4.6627088 27.5705452 0.0345158 0.2849814 -0.1980194 0.9372207
1739772476.332681 16.3732109 4.6475635 27.6320114 0.0276182 0.2818921 -0.1961664 0.9387720
1739772476.442137 16.4113293 4.6338749 27.7041759 0.0206594 0.2803966 -0.1945590 0.9397328
1739772476.653965 16.4833431 4.6234627 27.8520222 0.0065613 0.2776441 -0.1911342 0.9414555
1739772476.990909 16.6003666 4.6168814 28.0716991 -0.0158992 0.2760752 -0.1847220 0.9430840
1739772477.222694 16.6828499 4.6099272 28.2173252 -0.0321296 0.2765349 -0.1802365 0.9434039
1739772477.333602 16.7316914 4.6147547 28.2822380 -0.0400483 0.2764223 -0.1776650 0.9436218
1739772477.663287 16.8679752 4.6452684 28.4867287 -0.0669651 0.2775528 -0.1700092 0.9431739
1739772477.910536 16.9559517 4.6655965 28.6236877 -0.0874868 0.2796477 -0.1638296 0.9419677
1739772478.132900 17.0510082 4.6927538 28.7630844 -0.1094756 0.2823081 -0.1572414 0.9399959
1739772478.254449 17.1027069 4.7032032 28.8278255 -0.1209393 0.2833121 -0.1538526 0.9388489
1739772478.574836 17.2661095 4.7295666 29.0155907 -0.1586906 0.2858297 -0.1420985 0.9343055
1739772478.795065 17.3686733 4.7733388 29.1359863 -0.1861055 0.2866319 -0.1336240 0.9302428
1739772479.003975 17.4555073 4.8486342 29.2491570 -0.2144060 0.2865261 -0.1241451 0.9254842
1739772479.218110 17.5528221 4.9616776 29.3256340 -0.2427491 0.2845556 -0.1144858 0.9203228
1739772479.527946 17.6793365 5.1329207 29.4547119 -0.2841338 0.2797484 -0.0993088 0.9116724
1739772479.935588 17.8213749 5.3743973 29.6431580 -0.3329490 0.2721351 -0.0808984 0.8991901
1739772480.335692 17.9620399 5.6186638 29.8215599 -0.3685589 0.2638390 -0.0663099 0.8889074
1739772480.750974 18.1269646 5.8585124 29.9889812 -0.3893354 0.2561644 -0.0568300 0.8829315
1739772481.472786 18.4235172 6.2601995 30.2915497 -0.3937656 0.2448291 -0.0502004 0.8845831
1739772481.876166 18.5871735 6.4719162 30.4970398 -0.3846388 0.2352135 -0.0488941 0.8912559
1739772482.695310 18.8338013 6.9021034 30.9550095 -0.3515033 0.2096297 -0.0475552 0.9111747
1739772483.314322 19.0213985 7.2031660 31.3106041 -0.3197942 0.1879091 -0.0472626 0.9274633
1739772483.829883 19.1797256 7.3771944 31.6618996 -0.2925729 0.1714795 -0.0476625 0.9395340
1739772484.343711 19.3078251 7.5156302 32.0393257 -0.2739068 0.1552350 -0.0467406 0.9479939
1739772484.873225 19.3990517 7.7320061 32.3820229 -0.2666850 0.1391526 -0.0433564 0.9526992
1739772485.397909 19.5206871 7.9859324 32.7000580 -0.2662942 0.1224205 -0.0387356 0.9553011
1739772485.820780 19.5881786 8.1761093 32.9719543 -0.2663290 0.1080060 -0.0350606 0.9571700
1739772486.335152 19.6595745 8.3649244 33.3444290 -0.2599201 0.0891185 -0.0302114 0.9610342
1739772486.648255 19.6769791 8.4787760 33.5697060 -0.2532440 0.0777611 -0.0278343 0.9638703
1739772487.163789 19.7276535 8.6904058 33.9310989 -0.2382505 0.0576801 -0.0234134 0.9692066
1739772487.489693 19.7573586 8.7864084 34.1623268 -0.2301994 0.0457054 -0.0206779 0.9718497
1739772487.910189 19.7554207 8.8882694 34.4840546 -0.2217986 0.0294752 -0.0175717 0.9744885
1739772488.236899 19.7425289 8.9680386 34.7231216 -0.2200896 0.0185385 -0.0150472 0.9751874
1739772488.756629 19.7661343 9.1647215 35.0958443 -0.2239438 -0.0005028 -0.0104619 0.9745458
1739772489.065984 19.7450371 9.2974930 35.3124123 -0.2292967 -0.0098771 -0.0081406 0.9732724
1739772489.388827 19.6995792 9.4356260 35.5191422 -0.2335633 -0.0180194 -0.0067225 0.9721514
1739772489.700977 19.6937981 9.5587587 35.7383041 -0.2370917 -0.0234537 -0.0052627 0.9711899
1739772490.025864 19.6898003 9.6768456 35.9576492 -0.2372036 -0.0246695 -0.0049895 0.9711339
1739772490.333892 19.6450310 9.7912903 36.1769333 -0.2337763 -0.0194795 -0.0058484 0.9720777
1739772490.637236 19.5986614 9.8930378 36.4000893 -0.2285347 -0.0060030 -0.0091434 0.9734743
1739772491.053103 19.5950165 10.0323019 36.7041855 -0.2186613 0.0293260 -0.0171378 0.9752095
1739772491.365193 19.6450863 10.1158257 36.9336548 -0.2106334 0.0698558 -0.0262305 0.9747131
1739772491.686838 19.7180672 10.1668367 37.1664314 -0.2041181 0.1224833 -0.0381175 0.9705054
1739772492.008857 19.8127632 10.2394218 37.3837280 -0.1984859 0.1847459 -0.0516109 0.9611496
1739772492.327423 19.9929104 10.3352880 37.5262909 -0.1942880 0.2516993 -0.0650114 0.9458717
1739772492.753703 20.2947121 10.4196711 37.6539154 -0.1897230 0.3406275 -0.0826027 0.9171450
1739772493.070623 20.5373936 10.4504490 37.7343140 -0.1878847 0.4002269 -0.0927217 0.8921438
1739772493.392416 20.7684898 10.4649801 37.8287048 -0.1870403 0.4503207 -0.1011447 0.8671777
1739772493.805165 21.0778160 10.4942265 37.9361191 -0.1893753 0.4991427 -0.1066599 0.8388189
1739772494.206630 21.3948612 10.5532293 38.0258369 -0.1984462 0.5279213 -0.1057293 0.8189868
1739772494.510342 21.6274719 10.6171551 38.1006012 -0.2094544 0.5395567 -0.1002253 0.8092974
1739772494.809613 21.8509731 10.6998453 38.1717453 -0.2239432 0.5430791 -0.0907460 0.8041639
1739772495.113623 22.0642681 10.8018217 38.2432213 -0.2400261 0.5417475 -0.0795107 0.8016078
1739772495.418377 22.2870483 10.8936949 38.3042603 -0.2571289 0.5362232 -0.0663984 0.8012120
1739772495.717391 22.5098896 10.9901848 38.3724442 -0.2741113 0.5278524 -0.0532083 0.8021246
1739772496.038026 22.7125130 11.1184435 38.4454460 -0.2907104 0.5172212 -0.0387087 0.8040345
1739772496.336497 22.9075279 11.2591276 38.5236244 -0.3057436 0.5041627 -0.0250501 0.8072876
1739772496.539222 23.0309238 11.3550024 38.5741730 -0.3150459 0.4943828 -0.0158916 0.8099871
1739772496.840028 23.2138138 11.5071335 38.6650085 -0.3274189 0.4791261 -0.0025892 0.8143884
1739772497.146145 23.3851166 11.6669664 38.7480011 -0.3384922 0.4624007 0.0105477 0.8194495
1739772497.453221 23.5538998 11.8213100 38.8422470 -0.3487905 0.4462472 0.0223345 0.8238384
1739772497.655468 23.6565971 11.9358721 38.9079514 -0.3541854 0.4355230 0.0300263 0.8270253
1739772497.956454 23.8122711 12.1030846 39.0151443 -0.3616723 0.4192744 0.0413186 0.8316820
1739772498.268771 23.9632568 12.2684917 39.1171227 -0.3700933 0.4027367 0.0516346 0.8355644
1739772498.462550 24.0504684 12.3846436 39.1915283 -0.3740260 0.3936080 0.0577722 0.8377587
1739772498.787565 24.1759109 12.5688915 39.3033600 -0.3813735 0.3799514 0.0669625 0.8400639
1739772498.987231 24.2673645 12.6927652 39.3755264 -0.3859174 0.3709514 0.0729306 0.8415129
1739772499.293376 24.3807411 12.8857279 39.4878235 -0.3921338 0.3619399 0.0808420 0.8418404
1739772499.603577 24.4931488 13.0794516 39.5998802 -0.3979158 0.3546656 0.0872526 0.8415832
1739772499.918266 24.6064968 13.2735758 39.7098503 -0.4060742 0.3475060 0.0932317 0.8400305
1739772500.124540 24.6860771 13.4010715 39.7810440 -0.4113612 0.3436416 0.0966582 0.8386594
1739772500.432958 24.7979927 13.6096449 39.8741722 -0.4158883 0.3398850 0.1017880 0.8373496
1739772500.640339 24.8741646 13.7365141 39.9487762 -0.4219702 0.3376952 0.1027356 0.8350740
1739772501.040679 25.0341988 13.9984913 40.0695763 -0.4290547 0.3313920 0.1093125 0.8331519
1739772501.340558 25.1405659 14.2067556 40.1778717 -0.4310313 0.3268846 0.1127724 0.8334512
1739772501.543067 25.2240067 14.3367319 40.2452316 -0.4330219 0.3224241 0.1150089 0.8338511
1739772501.963611 25.3556194 14.6165180 40.3699379 -0.4318963 0.3124188 0.1220047 0.8372424
1739772502.274609 25.4438858 14.8195858 40.4931412 -0.4311979 0.3030120 0.1264520 0.8403940
1739772502.607522 25.5356846 15.0195732 40.6268768 -0.4256561 0.2916048 0.1316892 0.8464287
1739772502.907664 25.6210537 15.2289877 40.7452850 -0.4193807 0.2776745 0.1381051 0.8531962
1739772503.209335 25.7004623 15.4224777 40.8983002 -0.4129788 0.2643817 0.1454644 0.8592967
1739772503.408531 25.7430553 15.5521669 41.0010452 -0.4079807 0.2528574 0.1486203 0.8645964
1739772503.626853 25.7761040 15.6833334 41.0847282 -0.3977561 0.2455944 0.1527572 0.8707116
1739772503.828995 25.8275871 15.8147726 41.1988068 -0.3925417 0.2344943 0.1543491 0.8758423
1739772504.033999 25.8714886 15.9364529 41.3115311 -0.3871955 0.2246719 0.1597276 0.8798234
1739772504.231542 25.8767300 16.0284481 41.3825912 -0.3789296 0.2155775 0.1614459 0.8853666
1739772504.431044 25.9341984 16.1447220 41.5071754 -0.3749663 0.2072003 0.1670603 0.8880085
1739772504.632530 25.9513226 16.2583160 41.6209335 -0.3674593 0.2000686 0.1678120 0.8926284
1739772504.833898 25.9699707 16.3842926 41.7242050 -0.3608801 0.1917423 0.1610203 0.8983724
1739772504.931555 25.9646721 16.4342117 41.7663879 -0.3582018 0.1896590 0.1579352 0.9004318
1739772505.038586 25.9402809 16.4766369 41.7902870 -0.3536350 0.1875203 0.1507837 0.9039041
1739772505.133081 25.9328537 16.5095863 41.8230591 -0.3506402 0.1864654 0.1508973 0.9052691
1739772505.231273 25.9076691 16.5351849 41.8364792 -0.3473053 0.1837414 0.1439760 0.9082341
1739772505.337745 25.8859901 16.5294895 41.8587265 -0.3463325 0.1827524 0.1392296 0.9095441
1739772505.433585 25.8390980 16.5381088 41.8801880 -0.3434210 0.1833925 0.1304664 0.9118156
1739772505.544924 25.8080788 16.5654659 41.8961372 -0.3386563 0.1832631 0.1219290 0.9148005
1739772505.645467 25.7879047 16.5749245 41.9130135 -0.3360816 0.1820897 0.1188249 0.9163914
1739772505.743480 25.7170467 16.5459690 41.8358383 -0.3252500 0.1911317 0.1284257 0.9171630
1739772505.845358 25.6509399 16.5567436 41.8462334 -0.3255697 0.1962402 0.1226049 0.9167673
1739772505.942353 25.6701775 16.5529823 41.8605423 -0.3247344 0.1883865 0.1138782 0.9198315
1739772506.057659 25.6495132 16.5732555 41.8487091 -0.3184761 0.1898268 0.1083099 0.9223924
1739772506.153429 25.5864906 16.5808029 41.8665009 -0.3150967 0.1968463 0.1053601 0.9224234
1739772506.253313 25.5666695 16.5471001 41.9544334 -0.3202098 0.2021537 0.1001376 0.9200935
1739772506.450824 25.5856361 16.5568733 41.8577766 -0.3092009 0.1955702 0.0902328 0.9262857
1739772506.558971 25.4768639 16.5879478 41.9511452 -0.3032307 0.2130438 0.0899901 0.9244270
1739772506.655239 25.4827881 16.5753880 41.9531364 -0.3043486 0.2128620 0.0817072 0.9248706
1739772506.758780 25.4431210 16.6236954 41.9717789 -0.2975478 0.2200436 0.0792056 0.9256201
1739772506.857738 25.4460945 16.6362114 41.9776917 -0.2939939 0.2189033 0.0763989 0.9272606
1739772506.960014 25.4436760 16.5612831 42.0250778 -0.2997570 0.2238601 0.0757233 0.9242827
1739772507.062388 25.4207211 16.6321564 41.9935493 -0.2923895 0.2261252 0.0623377 0.9270867
1739772507.162201 25.4187565 16.6350441 42.0115204 -0.2897044 0.2271715 0.0598140 0.9278398
1739772507.273818 25.4075260 16.6578503 42.0271873 -0.2873854 0.2313994 0.0606944 0.9274590
1739772507.372972 25.3888874 16.6703033 42.0566025 -0.2843962 0.2363325 0.0586460 0.9272683
1739772507.472495 25.3691654 16.6837921 42.0809250 -0.2815675 0.2423765 0.0530069 0.9269108
1739772507.581067 25.3669510 16.6984253 42.0758171 -0.2779457 0.2451978 0.0522107 0.9273070
1739772507.683028 25.3577461 16.7269363 42.0794029 -0.2727697 0.2495293 0.0509653 0.9277577
1739772507.795254 25.3432827 16.7247601 42.1422539 -0.2739043 0.2545100 0.0463076 0.9263135
1739772507.892274 25.3506317 16.7681084 42.1277618 -0.2660135 0.2541637 0.0449777 0.9287705
1739772507.991679 25.3204746 16.7736588 42.1633415 -0.2667279 0.2634819 0.0416095 0.9261222
1739772508.104987 25.3024788 16.8111954 42.1670799 -0.2598753 0.2679668 0.0348772 0.9270611
1739772508.204757 25.2858772 16.8329239 42.1878738 -0.2541122 0.2732306 0.0355542 0.9270965
1739772508.308159 25.2566299 16.8535557 42.2047958 -0.2497322 0.2817188 0.0379542 0.9256499
1739772508.409968 25.2103977 16.8897705 42.2623329 -0.2469171 0.2936226 0.0426422 0.9224963
1739772508.618397 25.3953152 16.8159618 42.2029495 -0.2485646 0.2793597 0.0335941 0.9268470
1739772508.722246 25.4465256 16.8405190 42.2478409 -0.2472511 0.2804205 0.0349527 0.9268277
1739772508.827212 25.4866333 16.8364086 42.2850113 -0.2490459 0.2801404 0.0340227 0.9264664
1739772508.927589 25.5304756 16.8679123 42.3285980 -0.2489029 0.2797024 0.0319145 0.9267122
1739772509.034923 25.5726719 16.8982620 42.3952560 -0.2504465 0.2800578 0.0315742 0.9262004
1739772509.139306 25.6186619 16.9501476 42.4519043 -0.2482054 0.2808990 0.0311785 0.9265623
1739772509.237551 25.6674919 16.9802513 42.5088043 -0.2492595 0.2805001 0.0313331 0.9263950
1739772509.345686 25.7058525 17.0137424 42.5541725 -0.2496551 0.2804727 0.0321083 0.9262702
1739772509.447392 25.7537766 17.0362644 42.6252365 -0.2518381 0.2806705 0.0343035 0.9255403
1739772509.560500 25.8001041 17.1001205 42.6863480 -0.2510095 0.2807746 0.0331046 0.9257776
1739772509.662431 25.8453655 17.1248264 42.7417526 -0.2541994 0.2791908 0.0318098 0.9254314
1739772509.773494 25.8861904 17.1701183 42.7972908 -0.2537965 0.2790790 0.0322151 0.9255617
1739772509.877601 25.9284515 17.2094135 42.8597984 -0.2545939 0.2790731 0.0332030 0.9253095
1739772509.977099 25.9676952 17.2525749 42.9120674 -0.2562099 0.2781291 0.0327683 0.9251632
1739772510.089283 26.0135117 17.2870007 42.9816093 -0.2579600 0.2777934 0.0353010 0.9246845
1739772510.194779 26.0659657 17.3307362 43.0343094 -0.2597987 0.2746743 0.0344042 0.9251352
1739772510.297768 26.0937557 17.3725300 43.1023750 -0.2606454 0.2767871 0.0362229 0.9241974
1739772510.401809 26.1395969 17.4172459 43.1467323 -0.2623994 0.2741855 0.0360499 0.9244832
1739772510.503900 26.1830482 17.4555531 43.2125778 -0.2651248 0.2729635 0.0373438 0.9240158
1739772510.710518 26.2700748 17.5398026 43.3276176 -0.2701931 0.2681044 0.0393359 0.9238877
1739772510.818983 26.3055191 17.5869408 43.3842773 -0.2717247 0.2672122 0.0394375 0.9236926
1739772510.923320 26.3485146 17.6238518 43.4427376 -0.2765347 0.2647209 0.0393743 0.9229849
1739772511.134234 26.4219990 17.7194614 43.5650063 -0.2811253 0.2620475 0.0438824 0.9221573
1739772511.236468 26.4731541 17.7519779 43.6216927 -0.2867762 0.2580267 0.0456812 0.9214634
1739772511.452354 26.5365334 17.8467712 43.7262955 -0.2929318 0.2535185 0.0491229 0.9206011
1739772511.566605 26.5665627 17.8904819 43.7781982 -0.2969230 0.2515893 0.0497504 0.9198176
1739772511.781773 26.6341248 17.9813347 43.8853149 -0.3050702 0.2456656 0.0541107 0.9185057
1739772511.890256 26.6752720 18.0275345 43.9413147 -0.3111120 0.2417307 0.0558981 0.9174154
1739772512.101230 26.7297001 18.1331749 44.0433426 -0.3190951 0.2360947 0.0599581 0.9158835
1739772512.209183 26.7579632 18.1719685 44.0927963 -0.3253037 0.2333294 0.0616191 0.9142964
1739772512.423017 26.8171310 18.2774410 44.2009735 -0.3338901 0.2266901 0.0664567 0.9125308
1739772512.537311 26.8395233 18.3315563 44.2451019 -0.3371106 0.2240803 0.0705838 0.9116811
1739772512.739661 26.8938370 18.4415188 44.3457718 -0.3484254 0.2151471 0.0723441 0.9094383
1739772512.955443 26.9426899 18.5476074 44.4402313 -0.3575036 0.2075681 0.0783171 0.9071786
1739772513.168085 26.9915581 18.6566944 44.5302505 -0.3670023 0.1987806 0.0868368 0.9045745
1739772513.376446 27.0274296 18.7692413 44.6305923 -0.3787148 0.1925071 0.0907912 0.9007070
1739772513.577574 27.0659161 18.9040966 44.7306366 -0.3871445 0.1836799 0.0958247 0.8984423
1739772513.790853 27.0953350 19.0118828 44.8106117 -0.3949744 0.1760758 0.0999396 0.8961053
1739772513.891015 27.1146927 19.0570488 44.8484955 -0.3993739 0.1704756 0.1030301 0.8948874
1739772513.988117 27.1329575 19.1100807 44.8943481 -0.4043684 0.1670443 0.1039333 0.8931855
1739772514.098024 27.1418400 19.1568184 44.9284706 -0.4074997 0.1638885 0.1092374 0.8917128
1739772514.197751 27.1655464 19.1995430 44.9767036 -0.4133009 0.1588922 0.1124614 0.8895437
1739772514.314136 27.1825294 19.2617741 45.0240402 -0.4180531 0.1540520 0.1134145 0.8880522
1739772514.410228 27.2253513 19.3148594 45.0496674 -0.4204174 0.1450966 0.1185728 0.8877707
1739772514.509363 27.2273064 19.3640480 45.1142731 -0.4268566 0.1437256 0.1225517 0.8843741
1739772514.616755 27.2503834 19.4177055 45.1419449 -0.4290538 0.1374745 0.1275116 0.8836031
1739772514.717482 27.2613049 19.4657822 45.1830368 -0.4319394 0.1346953 0.1322625 0.8819252
1739772514.825948 27.2964783 19.5106030 45.2303963 -0.4361363 0.1287629 0.1379259 0.8798760
1739772514.923465 27.3271141 19.5426102 45.2761917 -0.4402860 0.1225439 0.1421557 0.8780222
1739772515.027219 27.3518105 19.5722752 45.2863884 -0.4421196 0.1161692 0.1488243 0.8768616
1739772515.129207 27.3734875 19.5818100 45.3253937 -0.4491334 0.1122983 0.1533155 0.8730193
1739772515.225590 27.4264565 19.5989742 45.3651657 -0.4563343 0.1012334 0.1580619 0.8697858
1739772515.328431 27.4492950 19.6042728 45.4040260 -0.4635347 0.0976054 0.1651787 0.8650576
1739772515.635468 27.4984055 19.6385498 45.4603920 -0.4745714 0.0880246 0.1829019 0.8564932
1739772515.735745 27.5361900 19.6435890 45.4944534 -0.4816570 0.0807689 0.1907994 0.8515154
1739772515.846769 27.5502644 19.6494102 45.5451851 -0.4884579 0.0769646 0.1955500 0.8469035
1739772515.945146 27.5697384 19.6642952 45.5902214 -0.4938776 0.0729180 0.2018631 0.8426264
1739772516.049832 27.5881310 19.6727715 45.6481018 -0.5013279 0.0690080 0.2073699 0.8372013
1739772516.150448 27.5933800 19.7071190 45.6883774 -0.5055023 0.0655628 0.2075947 0.8349092
1739772516.252465 27.6065311 19.7095947 45.7338943 -0.5130745 0.0626367 0.2096813 0.8299789
1739772516.362973 27.6056786 19.7169285 45.7783241 -0.5186908 0.0613387 0.2101813 0.8264511
1739772516.462687 27.6192226 19.7182999 45.8169708 -0.5254730 0.0574943 0.2152110 0.8211314
1739772516.569985 27.6258812 19.7227345 45.8370628 -0.5291432 0.0539050 0.2194696 0.8178844
1739772516.675157 27.6353416 19.7123871 45.8932419 -0.5404157 0.0518344 0.2214137 0.8100864
1739772516.773613 27.6648064 19.7117062 45.9341049 -0.5484927 0.0447402 0.2259416 0.8038062
1739772516.885889 27.6687717 19.7255268 45.9891891 -0.5575578 0.0423841 0.2246951 0.7980257
1739772516.990072 27.6764507 19.7372322 46.0292282 -0.5641598 0.0405764 0.2255412 0.7932267
1739772517.094809 27.6793900 19.7445698 46.0616150 -0.5689678 0.0374160 0.2278959 0.7892650
1739772517.196820 27.6819725 19.7727280 46.1058426 -0.5736383 0.0357399 0.2298313 0.7853913
1739772517.303172 27.6799278 19.7939491 46.1302299 -0.5763084 0.0356925 0.2294937 0.7835352
1739772517.409662 27.6654434 19.8311901 46.1645737 -0.5792058 0.0367100 0.2277219 0.7818670
1739772517.510137 27.6434784 19.8489895 46.2140579 -0.5859883 0.0394609 0.2234446 0.7779030
1739772517.617876 27.6227531 19.8814335 46.2281456 -0.5860988 0.0416301 0.2220089 0.7781177
1739772517.719560 27.6040611 19.9403458 46.3053246 -0.5971067 0.0422937 0.2212102 0.7698967
1739772517.834356 27.6353416 19.9855003 46.3489838 -0.6036276 0.0365268 0.2231403 0.7645311
1739772517.939213 27.6420689 20.0140800 46.3976784 -0.6114585 0.0335898 0.2241670 0.7581156
1739772518.052668 27.6283493 20.0345821 46.4588585 -0.6230682 0.0338792 0.2259566 0.7480520
1739772518.150245 27.6071701 20.0708981 46.4913330 -0.6270574 0.0360233 0.2237964 0.7452627
1739772518.251292 27.6231613 20.1070099 46.5346870 -0.6360386 0.0322760 0.2258040 0.7371742
1739772518.373668 27.6051559 20.1546383 46.5562286 -0.6390882 0.0331258 0.2243359 0.7349438
1739772518.474118 27.6299953 20.1944466 46.6530457 -0.6582035 0.0268150 0.2258559 0.7176616
1739772518.582662 27.6377525 20.2476425 46.7241669 -0.6709028 0.0237620 0.2252322 0.7061127
1739772518.683418 27.6589584 20.3079567 46.7640915 -0.6803403 0.0180413 0.2279169 0.6963229
1739772518.815236 27.6600990 20.3838959 46.7733994 -0.6845951 0.0152480 0.2320220 0.6908421
1739772518.914821 27.6392441 20.4547882 46.7989120 -0.6927304 0.0126844 0.2289540 0.6837718
1739772519.015660 27.6595001 20.5289345 46.8027573 -0.6971018 0.0072252 0.2367448 0.6767192
1739772519.125283 27.6310806 20.6002235 46.7921982 -0.6988339 0.0102547 0.2366580 0.6749215
1739772519.224151 27.6184444 20.6828461 46.7911873 -0.7038500 0.0072227 0.2353382 0.6701933
1739772519.335902 27.5984097 20.7580490 46.7920113 -0.7095165 0.0070952 0.2357521 0.6640459
1739772519.441243 27.5843735 20.8348694 46.7812805 -0.7121627 0.0065135 0.2379897 0.6604110
1739772519.666125 27.5457497 20.9862709 46.7752609 -0.7204482 0.0029288 0.2381581 0.6513267
1739772519.882552 27.5132751 21.1440468 46.7684975 -0.7273053 -0.0025082 0.2419340 0.6422528
1739772520.089972 27.5035629 21.2031021 46.7263641 -0.7310838 -0.0018883 0.2417807 0.6380087
