1739772415.161766 0.0000000 0.0000000 0.0000000 -0.0000000 -0.0000000 -0.0000000 1.0000000
1739772415.877532 0.0009137 -0.0046446 0.0734559 -0.0002193 -0.0001331 -0.0003276 0.9999999
1739772415.976540 -0.0024085 -0.0153324 0.1466106 -0.0004660 0.0000486 -0.0002319 0.9999999
1739772416.071889 -0.0047384 -0.0267771 0.2233201 -0.0004676 0.0002178 -0.0003778 0.9999998
1739772416.170257 -0.0061197 -0.0385774 0.2962083 -0.0002318 0.0001287 -0.0004302 0.9999999
1739772416.268087 -0.0026839 -0.0365420 0.3718529 0.0009633 0.0001302 -0.0004533 0.9999995
1739772416.365528 -0.0023247 -0.0420315 0.4481790 0.0021062 0.0000709 -0.0003720 0.9999977
1739772416.465480 0.0002545 -0.0511163 0.5250326 0.0031649 0.0001079 -0.0002127 0.9999950
1739772416.564463 0.0022618 -0.0557321 0.6025339 0.0048377 0.0001958 -0.0005076 0.9999881
1739772416.662791 -0.0042997 -0.0639504 0.6766617 0.0065054 0.0002960 -0.0003109 0.9999788
1739772416.761616 -0.0023537 -0.0683829 0.7514696 0.0083357 0.0000205 -0.0003943 0.9999652
1739772416.861223 -0.0051514 -0.0699745 0.8271375 0.0105450 0.0000836 -0.0003971 0.9999443
1739772416.959757 0.0004505 -0.0641562 0.9025993 0.0129596 -0.0005409 -0.0002366 0.9999158
1739772417.068570 -0.0022887 -0.0632485 0.9752896 0.0149103 -0.0008691 -0.0001973 0.9998884
1739772417.275131 -0.0114720 -0.0690026 1.0514600 0.0171007 -0.0009887 -0.0002136 0.9998533
1739772417.371407 -0.0117977 -0.0694562 1.1271120 0.0196189 -0.0013915 -0.0003710 0.9998065
1739772417.470371 -0.0083613 -0.0757693 1.2021657 0.0219162 -0.0021181 -0.0004470 0.9997575
1739772417.583506 -0.0047935 -0.0764385 1.2795618 0.0248940 -0.0027822 -0.0000974 0.9996862
1739772417.682980 -0.0141511 -0.0889841 1.3533527 0.0275934 -0.0030316 -0.0004405 0.9996146
1739772417.791322 -0.0187996 -0.1018455 1.4276263 0.0300983 -0.0037366 0.0000228 0.9995400
1739772417.900062 -0.0139362 -0.1120329 1.4985733 0.0328322 -0.0052022 -0.0003140 0.9994473
1739772418.006025 -0.0130202 -0.1243669 1.5772747 0.0354367 -0.0063137 -0.0004384 0.9993519
1739772418.116267 -0.0256205 -0.1358338 1.6532182 0.0381872 -0.0067628 -0.0005363 0.9992476
1739772418.217543 -0.0396254 -0.1491620 1.7282118 0.0407813 -0.0073919 -0.0001511 0.9991407
1739772418.322111 -0.0418074 -0.1589680 1.8025205 0.0433348 -0.0083827 -0.0006171 0.9990253
1739772418.422010 -0.0653055 -0.1756861 1.8750666 0.0456995 -0.0084597 -0.0002059 0.9989194
1739772418.528623 -0.0641477 -0.1894513 1.9502294 0.0479406 -0.0099142 -0.0006764 0.9988008
1739772418.628261 -0.0625684 -0.1956942 2.0299847 0.0506675 -0.0111542 -0.0006541 0.9986531
1739772418.727589 -0.0661730 -0.2138681 2.1066494 0.0526668 -0.0120172 -0.0007614 0.9985396
1739772418.836370 -0.0861051 -0.2453360 2.1745780 0.0533785 -0.0119092 -0.0008043 0.9985030
1739772418.936283 -0.0910742 -0.2660062 2.2405396 0.0546930 -0.0123222 -0.0007050 0.9984270
1739772419.043463 -0.1022430 -0.2821577 2.3226178 0.0566423 -0.0126445 -0.0007285 0.9983142
1739772419.145028 -0.0964672 -0.2877494 2.3983240 0.0587500 -0.0137738 -0.0006685 0.9981775
1739772419.246374 -0.0932360 -0.3023070 2.4752853 0.0599834 -0.0142605 -0.0011266 0.9980969
1739772419.352917 -0.0976875 -0.3245072 2.5509889 0.0610246 -0.0148555 -0.0012368 0.9980250
1739772419.451511 -0.1210690 -0.3390329 2.6230779 0.0616428 -0.0146302 -0.0008893 0.9979907
1739772419.557866 -0.1514724 -0.3619043 2.6940248 0.0622540 -0.0137143 -0.0008374 0.9979658
1739772419.658561 -0.1557358 -0.3720036 2.7678466 0.0623772 -0.0140153 -0.0007603 0.9979540
1739772419.763036 -0.1729141 -0.3957863 2.8404849 0.0618970 -0.0136725 -0.0008000 0.9979886
1739772419.870240 -0.1818262 -0.4178381 2.9025278 0.0609112 -0.0133450 -0.0009996 0.9980535
1739772419.973442 -0.2049257 -0.4456533 2.9715731 0.0590992 -0.0123707 -0.0005531 0.9981753
1739772420.090559 -0.2059288 -0.4723206 3.0374138 0.0575397 -0.0122457 -0.0007270 0.9982679
1739772420.193680 -0.2185703 -0.4908025 3.0906861 0.0547406 -0.0111424 -0.0002834 0.9984384
1739772420.302145 -0.2384941 -0.5211341 3.1631722 0.0533005 -0.0098641 -0.0010842 0.9985293
1739772420.401536 -0.2517119 -0.5480301 3.2292058 0.0512451 -0.0087709 -0.0008839 0.9986472
1739772420.499029 -0.2597840 -0.5786796 3.2961910 0.0485792 -0.0078988 -0.0017458 0.9987866
1739772420.602612 -0.2779350 -0.6087032 3.3639214 0.0463668 -0.0062090 -0.0025799 0.9989018
1739772420.700415 -0.2976867 -0.6113025 3.4369133 0.0448352 -0.0051903 -0.0017866 0.9989793
1739772420.806674 -0.3122071 -0.6249744 3.5016842 0.0427428 -0.0032601 -0.0021235 0.9990786
1739772420.909473 -0.3290153 -0.6312558 3.5702264 0.0401353 -0.0013392 -0.0022272 0.9991909
1739772421.012752 -0.3472504 -0.6536394 3.6400626 0.0363448 -0.0003295 -0.0026871 0.9993356
1739772421.123519 -0.3689215 -0.6663678 3.7080059 0.0332480 0.0018900 -0.0027229 0.9994417
1739772421.224638 -0.3897820 -0.6813738 3.7653170 0.0297047 0.0049955 -0.0018454 0.9995446
1739772421.334483 -0.3679610 -0.6747209 3.8414531 0.0284639 0.0049437 -0.0024476 0.9995796
1739772421.434789 -0.3853104 -0.6598412 3.9192691 0.0269377 0.0070534 -0.0012002 0.9996115
1739772421.539663 -0.4041617 -0.6856313 3.9908688 0.0233879 0.0096804 -0.0021001 0.9996774
1739772421.642406 -0.4230351 -0.7085010 4.0597878 0.0201254 0.0125832 -0.0031281 0.9997134
1739772421.743057 -0.4468360 -0.7136602 4.1276560 0.0187821 0.0152630 -0.0035257 0.9997009
1739772421.849990 -0.4649968 -0.7236852 4.1972022 0.0162023 0.0181491 -0.0038969 0.9996964
1739772421.952270 -0.4754187 -0.7254646 4.2728825 0.0147808 0.0199260 -0.0033690 0.9996865
1739772422.068439 -0.4619617 -0.7025982 4.3286333 0.0154267 0.0206031 -0.0040654 0.9996604
1739772422.169330 -0.4416567 -0.7018471 4.3654003 0.0149759 0.0195541 -0.0040082 0.9996886
1739772422.273971 -0.4343728 -0.6996230 4.3746228 0.0132591 0.0200745 -0.0046170 0.9996999
1739772422.385446 -0.4486322 -0.6996461 4.4261918 0.0117336 0.0238488 -0.0046096 0.9996361
1739772422.484435 -0.4693049 -0.7233376 4.4830379 0.0090549 0.0275380 -0.0054166 0.9995651
1739772422.601539 -0.4722281 -0.7349576 4.5211449 0.0072223 0.0278704 -0.0048162 0.9995739
1739772422.702698 -0.4776982 -0.7393546 4.5548277 0.0054703 0.0285145 -0.0042401 0.9995694
1739772422.806702 -0.4779635 -0.7357618 4.5836272 0.0060778 0.0283703 -0.0028272 0.9995750
1739772422.909947 -0.4842358 -0.7335007 4.6143107 0.0055247 0.0292459 -0.0033566 0.9995514
1739772423.012976 -0.4906866 -0.7464210 4.6768680 0.0045511 0.0320911 -0.0040037 0.9994666
1739772423.121831 -0.5043386 -0.7421866 4.7306190 0.0042629 0.0355453 -0.0040080 0.9993510
1739772423.224214 -0.5012662 -0.7523732 4.7698579 0.0027533 0.0364612 -0.0040217 0.9993232
1739772423.358319 -0.4839206 -0.7549040 4.8063126 0.0031805 0.0349822 -0.0028716 0.9993788
1739772423.458254 -0.4789300 -0.7406558 4.8394852 0.0036196 0.0347453 -0.0030207 0.9993851
1739772423.570130 -0.4794399 -0.7162655 4.8890934 0.0061059 0.0354306 -0.0046636 0.9993426
1739772423.670592 -0.4621885 -0.7303987 4.9404073 0.0053904 0.0343102 -0.0044286 0.9993869
1739772423.770450 -0.4440666 -0.7442958 4.9794846 0.0050201 0.0331717 -0.0048287 0.9994254
1739772423.886435 -0.4680879 -0.7577871 5.0402060 0.0043479 0.0356875 -0.0044046 0.9993439
1739772423.989843 -0.4646289 -0.7523887 5.1123557 0.0049985 0.0365546 -0.0040004 0.9993111
1739772424.112144 -0.4921588 -0.7545823 5.1594853 0.0056544 0.0397414 -0.0045730 0.9991835
1739772424.217915 -0.5071629 -0.7398156 5.2250428 0.0074627 0.0416808 -0.0047201 0.9990920
1739772424.328640 -0.5191586 -0.7279591 5.2740536 0.0090921 0.0435172 -0.0044002 0.9990016
1739772424.431302 -0.5025753 -0.7547406 5.3200693 0.0067674 0.0422500 -0.0039806 0.9990762
1739772424.531492 -0.4843718 -0.7458088 5.3456950 0.0076170 0.0391913 -0.0051866 0.9991893
1739772424.639469 -0.4443148 -0.7432280 5.3781047 0.0091522 0.0355589 -0.0035330 0.9993194
1739772424.743328 -0.4375140 -0.7445261 5.4102354 0.0089298 0.0347787 -0.0054079 0.9993405
1739772424.863554 -0.4391850 -0.7457149 5.4824424 0.0103178 0.0355756 -0.0053675 0.9992993
1739772424.964400 -0.4546120 -0.7536007 5.5187101 0.0093713 0.0388830 -0.0062199 0.9991805
1739772425.070569 -0.4487161 -0.7527634 5.5275235 0.0102018 0.0389971 -0.0062873 0.9991675
1739772425.172137 -0.4369488 -0.7639733 5.5862908 0.0106061 0.0381381 -0.0066507 0.9991941
1739772425.272000 -0.4285714 -0.7654514 5.6628270 0.0098842 0.0389735 -0.0063511 0.9991712
1739772425.377337 -0.4406584 -0.7623758 5.7293320 0.0100571 0.0414035 -0.0065575 0.9990704
1739772425.478179 -0.4467104 -0.7659537 5.7953010 0.0095939 0.0442605 -0.0066318 0.9989520
1739772425.587626 -0.4606187 -0.7558984 5.8495154 0.0106781 0.0479956 -0.0063624 0.9987702
1739772425.689383 -0.4532015 -0.7533165 5.9177423 0.0120959 0.0484466 -0.0069341 0.9987285
1739772425.811241 -0.4487085 -0.7650871 5.9490433 0.0109561 0.0495819 -0.0064909 0.9986889
1739772425.908604 -0.4555921 -0.7665714 5.9819412 0.0103479 0.0519864 -0.0067648 0.9985713
1739772426.014106 -0.4549762 -0.7702294 6.0493541 0.0098854 0.0543727 -0.0061815 0.9984527
1739772426.129197 -0.4902616 -0.7568018 6.0972152 0.0105424 0.0600005 -0.0068247 0.9981194
1739772426.233946 -0.4624058 -0.7578526 6.1468029 0.0091650 0.0600282 -0.0071919 0.9981287
1739772426.339863 -0.4339482 -0.7759228 6.1888995 0.0050879 0.0588435 -0.0058251 0.9982373
1739772426.442330 -0.4185347 -0.8095150 6.2127466 0.0005677 0.0561046 -0.0041887 0.9984159
1739772426.562583 -0.4077716 -0.8118955 6.2429314 -0.0010269 0.0539079 -0.0040935 0.9985370
1739772426.659649 -0.3891556 -0.8396336 6.2682695 -0.0062185 0.0503321 -0.0024007 0.9987103
1739772426.762541 -0.3709013 -0.8601155 6.2812357 -0.0118595 0.0460306 -0.0020745 0.9988675
1739772426.869563 -0.3292437 -0.8667578 6.3020487 -0.0153405 0.0407522 -0.0014080 0.9990506
1739772426.970021 -0.3072484 -0.8730233 6.3231745 -0.0197784 0.0374204 -0.0012693 0.9991031
1739772427.077986 -0.2781856 -0.8614364 6.3465800 -0.0215449 0.0318157 -0.0029443 0.9992572
1739772427.182731 -0.2580520 -0.8819319 6.3712168 -0.0269077 0.0263916 -0.0020695 0.9992873
1739772427.284091 -0.2514668 -0.8955626 6.3949900 -0.0311573 0.0232950 -0.0027956 0.9992391
1739772427.402759 -0.2196492 -0.8977515 6.4078569 -0.0343870 0.0166622 -0.0018904 0.9992679
1739772427.503770 -0.2035150 -0.8959959 6.4209619 -0.0365495 0.0107402 -0.0026987 0.9992705
1739772427.616814 -0.1891426 -0.8960330 6.4351301 -0.0374800 0.0049950 -0.0012856 0.9992841
1739772427.720449 -0.1625276 -0.8940601 6.4504399 -0.0382889 -0.0020167 -0.0003611 0.9992647
1739772427.824122 -0.1454913 -0.8914473 6.4647870 -0.0390996 -0.0082060 -0.0009332 0.9992012
1739772427.927905 -0.1304405 -0.8878701 6.4775224 -0.0394169 -0.0154406 -0.0016206 0.9991022
1739772428.034354 -0.1156584 -0.8873007 6.4840279 -0.0404704 -0.0211610 -0.0015790 0.9989554
1739772428.147312 -0.1105722 -0.8966361 6.5023913 -0.0435913 -0.0255468 -0.0026319 0.9987193
1739772428.253214 -0.0965035 -0.9041681 6.5222740 -0.0460860 -0.0318385 -0.0028894 0.9984258
1739772428.358596 -0.0715796 -0.9181780 6.5387583 -0.0487175 -0.0398377 -0.0030575 0.9980131
1739772428.461416 -0.0449289 -0.9229802 6.5531292 -0.0500915 -0.0475473 -0.0032171 0.9976071
1739772428.569247 -0.0300446 -0.9408675 6.5681391 -0.0530064 -0.0541375 -0.0042529 0.9971166
1739772428.671290 -0.0156145 -0.9328954 6.5836592 -0.0493320 -0.0594732 -0.0035108 0.9970040
1739772428.771066 -0.0001481 -0.9318953 6.5856109 -0.0490157 -0.0672969 -0.0047284 0.9965171
1739772428.878006 0.0245077 -0.9394086 6.5999713 -0.0509610 -0.0750998 -0.0050227 0.9958603
1739772428.983354 0.0505434 -0.9438762 6.6178741 -0.0498586 -0.0822838 -0.0045980 0.9953504
1739772429.095113 0.0732190 -0.9498708 6.6353750 -0.0502602 -0.0902836 -0.0050414 0.9946343
1739772429.199911 0.0925280 -0.9392128 6.6590986 -0.0465908 -0.0961336 -0.0050320 0.9942647
1739772429.313194 0.1082382 -0.9381968 6.6634216 -0.0465125 -0.1031825 -0.0059004 0.9935568
1739772429.418428 0.1318521 -0.9225791 6.6752276 -0.0422999 -0.1097644 -0.0054825 0.9930421
1739772429.520448 0.1561526 -0.9127110 6.6912489 -0.0393617 -0.1164875 -0.0050847 0.9923989
1739772429.627469 0.1721345 -0.9040035 6.6988869 -0.0359195 -0.1232312 -0.0048358 0.9917160
1739772429.730757 0.1920927 -0.9031449 6.7021799 -0.0334074 -0.1301931 -0.0039945 0.9909176
1739772429.845713 0.2042802 -0.9047708 6.7127872 -0.0332993 -0.1371421 -0.0040569 0.9899833
1739772429.953095 0.2245584 -0.9154709 6.7297211 -0.0359586 -0.1442233 -0.0049221 0.9888794
1739772430.064494 0.2427718 -0.9176745 6.7460732 -0.0364829 -0.1513668 -0.0055686 0.9877885
1739772430.170190 0.2581069 -0.9242723 6.7574701 -0.0385819 -0.1585555 -0.0062603 0.9865761
1739772430.273034 0.2763679 -0.9248768 6.7640753 -0.0386926 -0.1661558 -0.0070480 0.9853149
1739772430.378841 0.2922075 -0.9262822 6.7748103 -0.0383839 -0.1713297 -0.0078770 0.9844342
1739772430.483299 0.3098691 -0.9322932 6.7841663 -0.0410805 -0.1786458 -0.0085920 0.9830179
1739772430.596733 0.3330970 -0.9416514 6.7802591 -0.0421859 -0.1865587 -0.0086035 0.9815000
1739772430.703591 0.3475320 -0.9341211 6.7841249 -0.0392408 -0.1919875 -0.0081030 0.9805791
1739772430.814601 0.3594851 -0.9338145 6.7906990 -0.0380579 -0.1971304 -0.0070137 0.9796132
1739772430.918758 0.3716775 -0.9290211 6.8065314 -0.0402638 -0.2009725 -0.0071492 0.9787430
1739772431.019688 0.3847010 -0.9360073 6.8084192 -0.0434760 -0.2056412 -0.0076558 0.9776313
1739772431.131000 0.3912632 -0.9398844 6.8161616 -0.0450074 -0.2075122 -0.0085653 0.9771590
1739772431.237864 0.4034779 -0.9372081 6.8076520 -0.0465645 -0.2132124 -0.0105943 0.9758381
1739772431.346838 0.4103465 -0.9327629 6.8107929 -0.0484070 -0.2182961 -0.0120185 0.9746072
1739772431.453533 0.4140632 -0.9330724 6.8153100 -0.0498614 -0.2189212 -0.0122781 0.9743904
1739772431.564719 0.4156921 -0.9323219 6.8171396 -0.0486634 -0.2177275 -0.0102341 0.9747420
1739772431.671777 0.4155918 -0.9323509 6.8173203 -0.0499992 -0.2152374 -0.0110037 0.9752189
1739772431.774031 0.4120356 -0.9253227 6.8247604 -0.0491143 -0.2120569 -0.0105797 0.9759650
1739772431.881295 0.4094020 -0.9196396 6.8433719 -0.0493420 -0.2078601 -0.0115792 0.9768447
1739772431.986542 0.3854061 -0.9218233 6.8610353 -0.0502024 -0.1999313 -0.0135806 0.9784287
1739772432.107319 0.3735684 -0.9318562 6.8780522 -0.0574005 -0.1943113 -0.0140709 0.9791580
1739772432.212022 0.3614365 -0.9327488 6.9037352 -0.0604406 -0.1870585 -0.0148775 0.9803748
1739772432.322984 0.3562183 -0.9392981 6.9312563 -0.0674069 -0.1815506 -0.0158825 0.9809401
1739772432.427456 0.3449736 -0.9391050 6.9646330 -0.0718293 -0.1740508 -0.0173258 0.9819607
1739772432.531064 0.3279029 -0.9340904 7.0040278 -0.0762892 -0.1666455 -0.0188838 0.9828798
1739772432.640496 0.3215292 -0.9349681 7.0403624 -0.0821329 -0.1606169 -0.0187221 0.9834154
1739772432.743074 0.3134424 -0.9422185 7.0843143 -0.0898572 -0.1535768 -0.0212199 0.9838138
1739772432.854689 0.3021074 -0.9424139 7.1195068 -0.0970231 -0.1455288 -0.0237212 0.9842994
1739772432.956661 0.3033139 -0.9478626 7.1490746 -0.1041543 -0.1395026 -0.0264672 0.9843731
1739772433.066479 0.3263207 -0.9475885 7.1799464 -0.1106056 -0.1367441 -0.0289071 0.9839877
1739772433.170587 0.3279736 -0.9608119 7.1934671 -0.1200900 -0.1329761 -0.0300299 0.9833586
1739772433.273406 0.3514207 -0.9655387 7.2084231 -0.1268510 -0.1307696 -0.0312140 0.9827685
1739772433.381656 0.3741244 -0.9678494 7.2154660 -0.1303786 -0.1280358 -0.0317387 0.9826500
1739772433.486466 0.3871262 -0.9626068 7.2245412 -0.1349115 -0.1254829 -0.0342840 0.9822818
1739772433.597897 0.4120574 -0.9742861 7.2475963 -0.1421148 -0.1219396 -0.0359705 0.9816518
1739772433.706362 0.4152630 -0.9748060 7.2826176 -0.1447919 -0.1165616 -0.0365353 0.9818930
1739772433.815891 0.4296899 -0.9441704 7.3120375 -0.1463234 -0.1102147 -0.0370422 0.9823798
1739772433.919991 0.4338285 -0.9295416 7.3502584 -0.1484481 -0.1045218 -0.0391532 0.9826013
1739772434.021720 0.4457494 -0.9101149 7.3755527 -0.1496982 -0.0995777 -0.0387936 0.9829394
1739772434.132472 0.4547373 -0.8868179 7.3930182 -0.1481635 -0.0931866 -0.0392180 0.9837814
1739772434.236825 0.4699158 -0.8697431 7.4188957 -0.1518825 -0.0892500 -0.0401331 0.9835423
1739772434.348582 0.4737818 -0.8284521 7.4600105 -0.1517158 -0.0835363 -0.0421396 0.9839859
1739772434.452835 0.4850182 -0.7835258 7.5173287 -0.1538199 -0.0775865 -0.0431229 0.9841038
1739772434.566883 0.4831670 -0.7478495 7.5838842 -0.1561951 -0.0716914 -0.0447205 0.9841054
1739772434.673512 0.4886487 -0.7192647 7.6542745 -0.1598813 -0.0668563 -0.0455689 0.9838149
1739772434.778206 0.5031782 -0.6749375 7.7206168 -0.1623102 -0.0623095 -0.0460640 0.9836925
1739772434.891284 0.4966843 -0.6406683 7.7914815 -0.1655436 -0.0578235 -0.0474214 0.9833631
1739772434.991829 0.5051807 -0.5961262 7.8473749 -0.1670463 -0.0545765 -0.0478664 0.9832730
1739772435.099420 0.5187905 -0.5632313 7.9074936 -0.1706258 -0.0525312 -0.0484501 0.9827411
1739772435.204994 0.5057892 -0.5197935 7.9764342 -0.1722978 -0.0492030 -0.0489989 0.9825943
1739772435.317850 0.4835458 -0.4710003 8.0411053 -0.1737924 -0.0455317 -0.0498377 0.9824659
1739772435.419641 0.4936581 -0.4315408 8.1024323 -0.1753280 -0.0434187 -0.0503240 0.9822639
1739772435.520572 0.4954777 -0.4154188 8.1744080 -0.1783821 -0.0416414 -0.0512328 0.9817439
1739772435.627921 0.4876260 -0.3848797 8.2478104 -0.1807152 -0.0394385 -0.0513830 0.9814003
1739772435.731779 0.5052076 -0.3416184 8.3067932 -0.1823538 -0.0384111 -0.0515171 0.9811308
1739772435.848368 0.4845968 -0.3110199 8.3718596 -0.1836939 -0.0359704 -0.0521650 0.9809391
1739772435.954686 0.4879544 -0.2655502 8.4377623 -0.1852835 -0.0345967 -0.0524169 0.9806761
1739772436.068744 0.5005592 -0.2153621 8.4978867 -0.1864092 -0.0330854 -0.0529734 0.9804850
1739772436.172970 0.5147783 -0.1681027 8.5685902 -0.1885908 -0.0317960 -0.0530157 0.9801081
1739772436.273973 0.5257892 -0.1312504 8.6154299 -0.1894143 -0.0300371 -0.0536721 0.9799690
1739772436.384170 0.5402101 -0.0858153 8.6733675 -0.1912426 -0.0283885 -0.0543428 0.9796261
1739772436.487359 0.5528198 -0.0491069 8.7280502 -0.1931341 -0.0266153 -0.0538829 0.9793301
1739772436.597281 0.5542475 -0.0122199 8.7887144 -0.1944982 -0.0239171 -0.0555269 0.9790379
1739772436.698660 0.5524753 0.0427809 8.8461285 -0.1949721 -0.0215635 -0.0561705 0.9789616
1739772436.806015 0.5266600 0.0851130 8.8921261 -0.1954689 -0.0172921 -0.0573145 0.9788809
1739772436.909184 0.5375929 0.1113283 8.9564695 -0.1975762 -0.0158029 -0.0579744 0.9784441
1739772437.009855 0.5225630 0.1508000 9.0260906 -0.1991116 -0.0132907 -0.0581520 0.9781596
1739772437.127545 0.5266494 0.1778497 9.0916395 -0.2016063 -0.0109469 -0.0583349 0.9776667
1739772437.226891 0.5384983 0.2252424 9.1523333 -0.2028958 -0.0086665 -0.0588824 0.9773899
1739772437.335599 0.5542853 0.2591813 9.2168427 -0.2054102 -0.0065800 -0.0596206 0.9768361
1739772437.435717 0.5583169 0.3074355 9.2800941 -0.2067615 -0.0024443 -0.0606334 0.9765077
1739772437.534859 0.5668001 0.3404340 9.3412828 -0.2083862 0.0013088 -0.0617893 0.9760920
1739772437.640919 0.5904465 0.3791317 9.3993120 -0.2095199 0.0043931 -0.0621854 0.9758151
1739772437.765043 0.6124238 0.4129377 9.4602280 -0.2109754 0.0069060 -0.0627211 0.9754526
1739772437.886497 0.6386015 0.4501783 9.5225506 -0.2115314 0.0098585 -0.0634436 0.9752601
1739772437.984933 0.6613650 0.4968431 9.5844154 -0.2114660 0.0131452 -0.0639972 0.9751993
1739772438.089633 0.6723723 0.5273862 9.6522055 -0.2124659 0.0164559 -0.0648389 0.9748761
1739772438.197613 0.6856446 0.5750715 9.7132587 -0.2111967 0.0200201 -0.0656522 0.9750308
1739772438.299011 0.7009388 0.6043220 9.7805281 -0.2115130 0.0231402 -0.0669304 0.9748062
1739772438.414277 0.7164569 0.6451602 9.8329229 -0.2102092 0.0270601 -0.0675997 0.9749411
1739772438.515375 0.7135218 0.6839501 9.9002581 -0.2092836 0.0303698 -0.0686120 0.9749720
1739772438.631028 0.7049760 0.7202953 9.9657955 -0.2087435 0.0335509 -0.0690610 0.9749519
1739772438.732440 0.6954279 0.7598251 10.0271492 -0.2070893 0.0374144 -0.0701088 0.9750892
1739772438.840019 0.6912341 0.8008081 10.0850544 -0.2053945 0.0412482 -0.0710659 0.9752238
1739772438.938822 0.7034727 0.8474795 10.1489058 -0.2037853 0.0439988 -0.0715925 0.9754026
1739772439.039020 0.7284440 0.8776385 10.2206736 -0.2031407 0.0466409 -0.0723623 0.9753575
1739772439.141453 0.7374812 0.9303036 10.2733955 -0.2010016 0.0500052 -0.0731497 0.9755752
1739772439.238566 0.7513392 0.9671350 10.3393250 -0.1997972 0.0533455 -0.0737704 0.9755989
1739772439.339762 0.7732080 1.0080532 10.3961353 -0.1983340 0.0562050 -0.0745345 0.9756789
1739772439.439212 0.7938884 1.0368739 10.4601030 -0.1968770 0.0591676 -0.0754615 0.9757276
1739772439.539732 0.8057135 1.0740368 10.5203829 -0.1948499 0.0628232 -0.0766993 0.9758095
1739772439.642447 0.8278438 1.1036718 10.5901327 -0.1935683 0.0653640 -0.0772276 0.9758559
1739772439.740304 0.8514858 1.1339813 10.6452656 -0.1929067 0.0684140 -0.0779984 0.9757166
1739772439.843187 0.8538713 1.1696140 10.7157459 -0.1923506 0.0719680 -0.0785551 0.9755260
1739772439.942633 0.8486472 1.1956887 10.7829504 -0.1919899 0.0757438 -0.0794805 0.9752362
1739772440.039541 0.8682147 1.2262151 10.8645077 -0.1916397 0.0786119 -0.0802109 0.9750183
1739772440.142380 0.8840834 1.2565125 10.9269962 -0.1906394 0.0822558 -0.0807212 0.9748716
1739772440.241986 0.8992827 1.2838168 10.9905968 -0.1901627 0.0859769 -0.0819485 0.9745412
1739772440.348250 0.9234786 1.3062342 11.0602436 -0.1901962 0.0890639 -0.0825190 0.9742092
1739772440.456381 0.9545710 1.3523822 11.1476221 -0.1885084 0.0916654 -0.0831101 0.9742458
1739772440.554186 0.9664695 1.3734168 11.2129402 -0.1889915 0.0950444 -0.0835457 0.9737910
1739772440.659525 0.9823835 1.4116219 11.2905941 -0.1879242 0.0980812 -0.0841358 0.9736456
1739772440.756842 1.0080223 1.4406911 11.3560390 -0.1881886 0.1005799 -0.0845257 0.9733058
1739772440.863896 1.0237114 1.4757431 11.4343109 -0.1878364 0.1037403 -0.0851265 0.9729897
1739772440.961238 1.0447330 1.5047325 11.5033340 -0.1871988 0.1062001 -0.0859028 0.9727789
1739772441.059144 1.0481235 1.5320629 11.5951691 -0.1870513 0.1096797 -0.0866942 0.9723509
1739772441.164312 1.0784125 1.5576860 11.6583290 -0.1862815 0.1119415 -0.0870110 0.9722127
1739772441.262570 1.1005313 1.5783576 11.7351112 -0.1864060 0.1146622 -0.0875204 0.9718259
1739772441.466465 1.1478295 1.6263241 11.8888922 -0.1868360 0.1196207 -0.0881960 0.9710843
1739772441.572513 1.1716084 1.6520042 11.9658070 -0.1862556 0.1221445 -0.0886965 0.9708360
1739772441.673338 1.2086906 1.6738209 12.0367107 -0.1868240 0.1241604 -0.0889918 0.9704440
1739772442.276081 1.3559096 1.8422503 12.4715109 -0.1908528 0.1378684 -0.0906518 0.9676517
1739772442.483630 1.3860966 1.8918139 12.6277637 -0.1930544 0.1433978 -0.0912698 0.9663523
1739772442.591057 1.4214263 1.9206518 12.7025118 -0.1940975 0.1457141 -0.0915127 0.9657738
1739772442.685205 1.4370311 1.9540251 12.7763233 -0.1950614 0.1494303 -0.0917851 0.9649855
1739772442.891442 1.5118532 2.0065401 12.9268408 -0.1991707 0.1544987 -0.0917174 0.9633530
1739772443.091836 1.5790794 2.0596054 13.0673361 -0.2036553 0.1611496 -0.0923946 0.9612588
1739772443.388495 1.6708009 2.1583652 13.2768307 -0.2125991 0.1715696 -0.0924629 0.9575052
1739772443.684814 1.7874036 2.2613392 13.4759378 -0.2229028 0.1821066 -0.0917849 0.9532717
1739772443.887451 1.8733304 2.3229947 13.6089573 -0.2319200 0.1886738 -0.0913234 0.9498817
1739772444.187311 1.9880736 2.4367700 13.8015289 -0.2465625 0.1982520 -0.0898438 0.9443681
1739772444.479192 2.0960884 2.5493002 13.9900856 -0.2625091 0.2069641 -0.0882849 0.9383286
1739772444.879072 2.2479157 2.7399223 14.2126312 -0.2832374 0.2166945 -0.0856111 0.9303176
1739772445.068660 2.3318069 2.8400841 14.3164291 -0.2928205 0.2211257 -0.0838886 0.9264568
1739772445.375808 2.4573472 2.9760394 14.4834442 -0.3063062 0.2275923 -0.0823326 0.9206518
1739772445.561819 2.5411737 3.0787163 14.5792255 -0.3128954 0.2315611 -0.0815426 0.9175112
1739772445.755923 2.6248648 3.1760504 14.6853428 -0.3183301 0.2355836 -0.0810531 0.9146566
1739772445.852315 2.6635623 3.2220001 14.7418499 -0.3204777 0.2379169 -0.0812540 0.9132838
1739772446.141716 2.7922411 3.3574514 14.9070740 -0.3250991 0.2452954 -0.0825561 0.9095742
1739772446.331722 2.8806469 3.4579339 15.0055046 -0.3268828 0.2506774 -0.0831742 0.9074087
1739772446.637245 3.0052643 3.5925508 15.1748257 -0.3279502 0.2602667 -0.0859869 0.9040555
1739772446.824933 3.0905190 3.6844687 15.2881222 -0.3282642 0.2673652 -0.0886761 0.9016069
1739772447.126553 3.2358153 3.8157954 15.4398670 -0.3285976 0.2783793 -0.0923076 0.8977794
1739772447.313684 3.3496592 3.8938847 15.5311661 -0.3288502 0.2852175 -0.0943945 0.8953202
1739772447.509516 3.4644072 3.9701445 15.6290560 -0.3294142 0.2922809 -0.0966927 0.8925854
1739772447.605993 3.5162995 4.0164199 15.6710653 -0.3291146 0.2956232 -0.0979975 0.8914522
1739772447.794085 3.6242929 4.1001053 15.7614212 -0.3297954 0.3016742 -0.0997837 0.8889718
1739772448.107039 3.7922237 4.2360826 15.8947363 -0.3317520 0.3097552 -0.1018990 0.8852169
1739772448.400877 3.9560719 4.3581581 16.0429783 -0.3342172 0.3162061 -0.1025254 0.8819304
1739772448.708621 4.0880432 4.5055981 16.1965046 -0.3363156 0.3211854 -0.1035353 0.8792111
1739772448.902729 4.1957994 4.5992875 16.2801857 -0.3386021 0.3237859 -0.1029886 0.8774422
1739772449.116059 4.3005486 4.6944075 16.3691788 -0.3404345 0.3263237 -0.1034412 0.8757380
1739772449.305258 4.4149714 4.7818394 16.4581051 -0.3430292 0.3289845 -0.1030172 0.8737779
1739772449.591594 4.5902548 4.9083295 16.5813694 -0.3468091 0.3325312 -0.1029398 0.8709477
1739772449.895169 4.7581491 5.0355597 16.7160568 -0.3502544 0.3361095 -0.1025352 0.8682389
1739772450.182550 4.9485536 5.1577873 16.8203506 -0.3540235 0.3396153 -0.1021707 0.8653843
1739772450.376185 5.0319510 5.2737727 16.9135113 -0.3565255 0.3419204 -0.1016798 0.8635052
1739772450.686619 5.1786509 5.4216552 17.0488930 -0.3607840 0.3456013 -0.1010541 0.8603387
1739772450.986773 5.3503098 5.5588417 17.1641922 -0.3633158 0.3483709 -0.1012663 0.8581285
1739772451.279368 5.5295906 5.7006578 17.2701569 -0.3651406 0.3518581 -0.1013213 0.8559219
1739772451.575449 5.6992707 5.8334522 17.3917046 -0.3661271 0.3540288 -0.1016027 0.8545709
1739772451.867997 5.8784800 5.9624853 17.4980965 -0.3677839 0.3562166 -0.1015992 0.8529493
1739772452.159006 6.0700965 6.0807309 17.6025543 -0.3679455 0.3564399 -0.1015741 0.8527892
1739772452.553600 6.2694125 6.2700186 17.7771568 -0.3676418 0.3558719 -0.1010639 0.8532179
1739772452.961022 6.4684553 6.4806595 17.9268265 -0.3664443 0.3518216 -0.0998213 0.8555558
1739772453.269722 6.6264138 6.6189260 18.0567265 -0.3643677 0.3491434 -0.0989824 0.8576348
1739772453.568356 6.7987862 6.7416534 18.1749306 -0.3616560 0.3459421 -0.0990499 0.8600687
1739772453.881450 6.9579587 6.8871469 18.2916946 -0.3579748 0.3437063 -0.0992778 0.8624755
1739772454.189884 7.1088877 7.0121551 18.4283371 -0.3540432 0.3423546 -0.1006670 0.8644726
1739772454.490247 7.2727718 7.1461473 18.5455666 -0.3494698 0.3409988 -0.1021620 0.8666912
1739772454.795373 7.4222898 7.2690134 18.6864433 -0.3443979 0.3422403 -0.1046815 0.8679305
1739772455.103668 7.5637274 7.4043922 18.8230286 -0.3385947 0.3441487 -0.1070869 0.8691649
1739772455.314359 7.6694040 7.4804001 18.9150620 -0.3346640 0.3463246 -0.1095732 0.8695131
1739772455.616652 7.8435702 7.5896282 19.0318527 -0.3292681 0.3499657 -0.1131162 0.8696616
1739772455.826493 7.9580278 7.6644831 19.1176281 -0.3248899 0.3531438 -0.1158072 0.8696693
1739772456.041431 8.0614862 7.7450976 19.1992989 -0.3205811 0.3572243 -0.1192515 0.8691362
1739772456.146883 8.1013165 7.7445736 19.2285671 -0.3200040 0.3590204 -0.1203384 0.8684587
1739772456.242720 8.1065598 7.7460761 19.2360802 -0.3182539 0.3609656 -0.1211331 0.8681849
1739772456.341558 8.1197929 7.7491703 19.2482510 -0.3159724 0.3629464 -0.1220628 0.8680622
1739772456.446136 8.1761961 7.7542653 19.2845039 -0.3150205 0.3642988 -0.1228155 0.8677354
1739772456.544197 8.2323799 7.7676368 19.3194408 -0.3132120 0.3654619 -0.1229866 0.8678769
1739772456.652680 8.2830667 7.8066144 19.3564644 -0.3108073 0.3671357 -0.1243012 0.8678476
1739772456.756740 8.3344927 7.8398781 19.3899536 -0.3083174 0.3688346 -0.1256849 0.8678161
1739772456.859269 8.3804960 7.8646002 19.4302597 -0.3066408 0.3710667 -0.1266464 0.8673186
1739772456.969359 8.4270658 7.8774920 19.4698601 -0.3050866 0.3729970 -0.1275483 0.8669065
1739772457.096291 8.4422092 7.8747416 19.4818115 -0.3039165 0.3744945 -0.1291234 0.8664386
1739772457.200287 8.4902983 7.8879743 19.5151138 -0.3024045 0.3760742 -0.1302019 0.8661219
1739772457.302027 8.5319862 7.8911605 19.5374565 -0.3002787 0.3757715 -0.1300631 0.8670133
1739772457.413696 8.5440855 7.8944683 19.5490341 -0.2989012 0.3773037 -0.1308851 0.8667001
1739772457.512143 8.5905056 7.9138021 19.5883904 -0.2971240 0.3783193 -0.1319141 0.8667125
1739772457.610237 8.6426382 7.9295740 19.6240578 -0.2951829 0.3791030 -0.1327123 0.8669114
1739772457.725628 8.6981430 7.9527955 19.6648712 -0.2928948 0.3794521 -0.1331199 0.8674721
1739772457.824761 8.7474308 7.9524994 19.6961670 -0.2910474 0.3796559 -0.1337392 0.8679093
1739772457.930075 8.7841854 7.9576015 19.7320328 -0.2897697 0.3807096 -0.1346247 0.8677384
1739772458.029766 8.7807465 7.9671268 19.7273083 -0.2872173 0.3824780 -0.1379308 0.8672900
1739772458.136546 8.8214569 7.9589810 19.7525101 -0.2866191 0.3815621 -0.1373934 0.8679764
1739772458.239410 8.8438396 7.9552984 19.7707825 -0.2846973 0.3818592 -0.1371428 0.8685176
1739772458.343119 8.8486519 7.9549570 19.7736645 -0.2827574 0.3816974 -0.1384994 0.8690071
1739772458.449033 8.8437824 7.9578152 19.7714119 -0.2816676 0.3827812 -0.1401627 0.8686175
1739772458.548949 8.8724022 7.9509025 19.7879333 -0.2795523 0.3816182 -0.1384908 0.8700795
1739772458.659549 8.8944988 7.9478664 19.8059578 -0.2768825 0.3809162 -0.1369549 0.8714828
1739772458.762719 8.8993206 7.9455628 19.8097000 -0.2746949 0.3805208 -0.1343760 0.8727484
1739772458.866004 8.9012947 7.9462595 19.8133354 -0.2740224 0.3814649 -0.1374109 0.8720748
1739772458.979422 8.9043236 7.9455862 19.8146782 -0.2730395 0.3818813 -0.1384675 0.8720338
1739772459.079135 8.9227180 7.9470186 19.8236389 -0.2722526 0.3817471 -0.1428834 0.8716261
1739772459.185302 8.9424114 7.9463916 19.8447475 -0.2713324 0.3834602 -0.1462240 0.8706064
1739772459.287993 8.9390678 7.9456949 19.8418350 -0.2704076 0.3830061 -0.1456518 0.8711898
1739772459.395255 8.9384642 7.9459004 19.8414307 -0.2695036 0.3834116 -0.1477446 0.8709391
1739772459.495483 8.9524651 7.9372988 19.8544693 -0.2692187 0.3836777 -0.1503256 0.8704683
1739772459.596344 8.9672747 7.9331341 19.8641815 -0.2676669 0.3833341 -0.1509582 0.8709885
1739772459.702129 8.9799147 7.9279637 19.8709869 -0.2661039 0.3829254 -0.1535181 0.8711998
1739772459.805631 9.0002813 7.9209652 19.8839302 -0.2636777 0.3808163 -0.1524103 0.8730544
1739772459.918174 9.0224714 7.9147940 19.9086971 -0.2622851 0.3805978 -0.1511391 0.8737899
1739772460.019003 9.0375128 7.9172802 19.9316082 -0.2603538 0.3807337 -0.1494449 0.8745994
1739772460.131490 9.0673208 7.9125919 19.9547768 -0.2571442 0.3804762 -0.1513443 0.8753340
1739772460.231910 9.0891399 7.9060860 19.9675655 -0.2554988 0.3789344 -0.1497882 0.8767512
1739772460.333735 9.1022663 7.9003410 19.9763184 -0.2534357 0.3782649 -0.1496030 0.8776702
1739772460.453065 9.1299133 7.8889451 20.0012016 -0.2513702 0.3770547 -0.1483003 0.8790050
1739772460.555600 9.1514511 7.8917737 20.0093842 -0.2489904 0.3759449 -0.1492665 0.8799936
1739772460.665586 9.1642313 7.8906560 20.0270996 -0.2458919 0.3754196 -0.1478128 0.8813335
1739772460.778659 9.1863070 7.8843789 20.0376930 -0.2432903 0.3737271 -0.1460192 0.8830721
1739772460.884275 9.2078972 7.8731365 20.0568848 -0.2419253 0.3728227 -0.1445229 0.8840750
1739772460.995590 9.2573357 7.8682847 20.0912914 -0.2378874 0.3710864 -0.1449088 0.8858364
1739772461.095931 9.2948236 7.8703332 20.1199188 -0.2352691 0.3704651 -0.1440284 0.8869386
1739772461.207212 9.3196754 7.8624949 20.1396599 -0.2326896 0.3700594 -0.1445123 0.8877093
1739772461.309587 9.3608437 7.8551388 20.1680832 -0.2305069 0.3680334 -0.1450705 0.8890290
1739772461.419445 9.3971386 7.8632874 20.2054501 -0.2282478 0.3671008 -0.1445697 0.8900784
1739772461.524792 9.4115086 7.8657475 20.2231483 -0.2249006 0.3670227 -0.1473061 0.8905139
1739772461.626862 9.4162903 7.8617682 20.2264938 -0.2231622 0.3652348 -0.1458660 0.8919222
1739772461.733582 9.4450855 7.8622746 20.2618370 -0.2192008 0.3648925 -0.1466406 0.8929172
1739772461.835527 9.5083199 7.8537393 20.2972336 -0.2161965 0.3610885 -0.1459860 0.8953001
1739772461.951317 9.5583735 7.8452315 20.3355713 -0.2118905 0.3585090 -0.1442825 0.8976393
1739772462.053585 9.5955982 7.8494201 20.3616714 -0.2083496 0.3565753 -0.1458195 0.8989890
1739772462.161783 9.6248045 7.8478093 20.3817101 -0.2031983 0.3542244 -0.1454386 0.9011565
1739772462.264190 9.6678791 7.8347354 20.4137554 -0.1993678 0.3526474 -0.1460300 0.9025339
1739772462.364295 9.7011690 7.8283253 20.4412041 -0.1951708 0.3503930 -0.1482670 0.9039636
1739772462.471068 9.7531452 7.8281784 20.4838448 -0.1911041 0.3479619 -0.1478618 0.9058359
1739772462.571021 9.7904453 7.8331361 20.5019608 -0.1852946 0.3446110 -0.1476036 0.9083624
1739772462.678866 9.8188343 7.8499942 20.5300083 -0.1767859 0.3420522 -0.1498703 0.9106514
1739772462.782263 9.8740568 7.8243484 20.5708771 -0.1744486 0.3378025 -0.1487199 0.9128744
1739772462.901426 9.9094467 7.8402824 20.5883179 -0.1652116 0.3343791 -0.1513592 0.9154158
1739772463.002135 9.9495792 7.8439302 20.6216984 -0.1607740 0.3307334 -0.1520899 0.9174071
1739772463.102511 9.9938869 7.8483591 20.6663685 -0.1535239 0.3286919 -0.1531228 0.9192091
1739772463.210301 10.0256987 7.8469234 20.7190018 -0.1487904 0.3273929 -0.1543028 0.9202532
1739772463.307966 10.0518856 7.8420029 20.7577610 -0.1431043 0.3240062 -0.1555254 0.9221459
1739772463.416631 10.0877695 7.8407822 20.8127193 -0.1367470 0.3227185 -0.1572575 0.9232676
1739772463.521999 10.1180258 7.8322210 20.8379478 -0.1313396 0.3202363 -0.1598914 0.9244639
1739772463.628338 10.1543198 7.8262997 20.8647251 -0.1262280 0.3159533 -0.1617576 0.9263232
1739772463.735680 10.2068758 7.8214130 20.9133034 -0.1202790 0.3128631 -0.1636728 0.9278259
1739772463.838577 10.2459097 7.8107162 20.9914360 -0.1147293 0.3117135 -0.1650528 0.9286708
1739772463.953447 10.2926350 7.8300657 21.0350571 -0.1069042 0.3086402 -0.1677050 0.9301547
1739772464.058010 10.3336630 7.8330841 21.0883884 -0.1011705 0.3056610 -0.1692635 0.9314965
1739772464.163861 10.3593493 7.8306170 21.1307716 -0.0949423 0.3046347 -0.1713077 0.9321144
1739772464.267452 10.3720303 7.8271828 21.1699238 -0.0902680 0.3067185 -0.1748638 0.9312347
1739772464.369741 10.3986816 7.8219719 21.1991425 -0.0849673 0.3055179 -0.1773145 0.9316646
1739772464.480625 10.4088221 7.8192463 21.2158241 -0.0801058 0.3043078 -0.1796557 0.9320428
1739772464.579511 10.4208651 7.8179150 21.2439156 -0.0754362 0.3044262 -0.1806024 0.9322107
1739772464.686308 10.4362030 7.8132591 21.2793560 -0.0703827 0.3042793 -0.1844071 0.9319090
1739772464.789968 10.4544735 7.8099828 21.3126945 -0.0637289 0.3057119 -0.1861615 0.9315701
1739772464.907213 10.4937134 7.8016472 21.3820591 -0.0586585 0.3064810 -0.1881500 0.9312509
1739772465.011664 10.5460606 7.7971392 21.4385414 -0.0531012 0.3058857 -0.1897275 0.9314600
1739772465.113302 10.5939589 7.7888560 21.4969254 -0.0479725 0.3065842 -0.1916974 0.9311052
1739772465.218383 10.6260185 7.7799702 21.5583000 -0.0426031 0.3082443 -0.1931236 0.9305233
1739772465.320453 10.6787052 7.7797475 21.6186371 -0.0362296 0.3082556 -0.1949597 0.9304067
1739772465.430541 10.7293663 7.7673359 21.6837635 -0.0316765 0.3084993 -0.1968838 0.9300869
1739772465.531498 10.7769518 7.7574749 21.7293568 -0.0263602 0.3090568 -0.1981418 0.9298005
1739772465.631657 10.8113794 7.7464819 21.7769909 -0.0243722 0.3091667 -0.1994178 0.9295453
1739772465.741366 10.8374805 7.7351351 21.8168011 -0.0199231 0.3126288 -0.2022824 0.9278730
1739772465.843213 10.8834543 7.7234526 21.8823032 -0.0151916 0.3142910 -0.2032275 0.9271941
1739772465.947770 10.9392214 7.7173386 21.9370995 -0.0097020 0.3150690 -0.2048275 0.9266515
1739772466.048131 10.9875469 7.7065215 22.0009537 -0.0055483 0.3174523 -0.2058250 0.9256508
1739772466.155307 11.0177612 7.7008400 22.0426254 0.0004176 0.3204144 -0.2081165 0.9241331
1739772466.260885 11.0361271 7.6946898 22.0613022 0.0042527 0.3216836 -0.2095830 0.9233508
1739772466.359493 11.0792189 7.6878934 22.1183681 0.0099225 0.3240791 -0.2106188 0.9222332
1739772466.466417 11.1280241 7.6763301 22.1833344 0.0144919 0.3264756 -0.2114179 0.9211440
1739772466.567380 11.1755896 7.6622734 22.2460861 0.0189597 0.3288620 -0.2129414 0.9198621
1739772466.679933 11.2259331 7.6520705 22.3030968 0.0236579 0.3315642 -0.2131720 0.9187291
1739772466.781267 11.2801647 7.6414299 22.3676910 0.0279590 0.3337874 -0.2151664 0.9173373
1739772466.879949 11.3290110 7.6348968 22.4299850 0.0327929 0.3364685 -0.2161727 0.9159601
1739772466.986579 11.3749695 7.6215796 22.4804535 0.0361826 0.3388211 -0.2166428 0.9148535
1739772467.090846 11.4264412 7.6068511 22.5450230 0.0404427 0.3410299 -0.2180424 0.9135209
1739772467.196652 11.4794111 7.5987120 22.6073761 0.0458334 0.3427855 -0.2195302 0.9122521
1739772467.297653 11.5339642 7.5899343 22.6715794 0.0501137 0.3450744 -0.2202754 0.9109835
1739772467.404686 11.5528984 7.5654287 22.7228298 0.0529300 0.3485956 -0.2211065 0.9092807
1739772467.506799 11.6067657 7.5412898 22.7814980 0.0559527 0.3505930 -0.2221042 0.9080879
1739772467.605755 11.6582975 7.5183463 22.8370724 0.0593836 0.3523858 -0.2226781 0.9070349
1739772467.714239 11.7125320 7.4845028 22.8823204 0.0615701 0.3539378 -0.2235675 0.9060655
1739772467.814630 11.7694530 7.4654408 22.9402752 0.0638849 0.3560638 -0.2245268 0.9048343
1739772467.917458 11.8169775 7.4525170 23.0017643 0.0665840 0.3576340 -0.2248900 0.9039298
1739772468.018275 11.8692207 7.4160414 23.0528564 0.0686323 0.3596079 -0.2253574 0.9028764
1739772468.116131 11.9154310 7.3946986 23.0902481 0.0709336 0.3593293 -0.2255147 0.9027702
1739772468.218856 11.9608173 7.3659501 23.1507492 0.0722686 0.3617183 -0.2256309 0.9016805
1739772468.317425 12.0182018 7.3411169 23.1986694 0.0745063 0.3626989 -0.2268014 0.9008104
1739772468.425551 12.0660191 7.3285670 23.2629700 0.0766195 0.3642302 -0.2273440 0.8998781
1739772468.525193 12.1064014 7.3139119 23.3276711 0.0783213 0.3665997 -0.2273362 0.8987706
1739772468.624928 12.1570187 7.2871919 23.3834572 0.0798797 0.3668004 -0.2282643 0.8983163
1739772468.732531 12.2110500 7.2649202 23.4399319 0.0811178 0.3675514 -0.2283750 0.8978701
1739772468.831301 12.2432919 7.2594476 23.4948196 0.0820534 0.3691829 -0.2277374 0.8972775
1739772468.941841 12.2757950 7.2732906 23.5453949 0.0849569 0.3699406 -0.2298406 0.8961582
1739772469.052577 12.3115053 7.2858810 23.6014328 0.0888623 0.3723220 -0.2301652 0.8947088
1739772469.167961 12.3297520 7.2831802 23.6484337 0.0895717 0.3745126 -0.2295446 0.8938829
1739772469.266934 12.3736286 7.3016639 23.7211304 0.0927499 0.3761331 -0.2304374 0.8926478
1739772469.369692 12.4055490 7.2989125 23.7718906 0.0940933 0.3761604 -0.2318686 0.8921249
1739772469.481573 12.4467201 7.2640095 23.8408432 0.0946890 0.3766192 -0.2317371 0.8919024
1739772469.580802 12.4914856 7.2479262 23.8969707 0.0949112 0.3771064 -0.2312209 0.8918069
1739772469.689482 12.5278902 7.2275596 23.9572906 0.0950540 0.3771862 -0.2317094 0.8916312
1739772469.794328 12.5739670 7.1999617 24.0103951 0.0952938 0.3768238 -0.2316827 0.8917657
1739772469.906147 12.6266575 7.1767726 24.0699463 0.0962396 0.3776906 -0.2321732 0.8911697
1739772470.011495 12.6734829 7.1536832 24.1329880 0.0967165 0.3784126 -0.2314240 0.8910066
1739772470.113532 12.7174625 7.1144648 24.1808796 0.0963508 0.3785886 -0.2316677 0.8909082
1739772470.221294 12.7625275 7.0864120 24.2387886 0.0964900 0.3790248 -0.2317930 0.8906749
1739772470.325274 12.8152046 7.0611258 24.2982178 0.0966610 0.3788688 -0.2316462 0.8907610
1739772470.437582 12.8585196 7.0261607 24.3424759 0.0962056 0.3778818 -0.2322012 0.8910850
1739772470.542032 12.9013433 7.0034699 24.4028931 0.0964142 0.3777882 -0.2327557 0.8909574
1739772470.656325 12.9413738 6.9841852 24.4545555 0.0962622 0.3775690 -0.2331883 0.8909538
1739772470.767357 12.9860535 6.9645114 24.5222549 0.0967856 0.3776343 -0.2327448 0.8909853
1739772470.868239 13.0350399 6.9389157 24.5817795 0.0966910 0.3772593 -0.2330619 0.8910715
1739772470.983152 13.0764065 6.8911180 24.6333237 0.0952536 0.3776489 -0.2318547 0.8913761
1739772471.085808 13.1255398 6.8665237 24.6958580 0.0950181 0.3771800 -0.2321669 0.8915186
1739772471.201003 13.1731663 6.8430190 24.7568512 0.0951840 0.3771622 -0.2321520 0.8915123
1739772471.412039 13.2822762 6.7757702 24.8605804 0.0936026 0.3759548 -0.2319021 0.8922544
1739772471.514602 13.3289347 6.7455487 24.9196568 0.0931018 0.3760734 -0.2312667 0.8924218
1739772471.617409 13.3895855 6.7208061 24.9687576 0.0926456 0.3751901 -0.2316093 0.8927522
1739772471.829127 13.4981804 6.6746898 25.0864220 0.0913991 0.3745580 -0.2310667 0.8932865
1739772472.041077 13.5925064 6.6268163 25.2155094 0.0901306 0.3738756 -0.2310842 0.8936967
1739772472.254751 13.6952448 6.5768666 25.3368073 0.0887867 0.3725081 -0.2301404 0.8946452
1739772472.356802 13.7376337 6.5473146 25.3991375 0.0878236 0.3722705 -0.2301969 0.8948246
1739772472.470854 13.7849388 6.5227427 25.4551582 0.0869985 0.3718682 -0.2301790 0.8950771
1739772472.572135 13.8410034 6.5070710 25.5207367 0.0865852 0.3716419 -0.2299926 0.8952591
1739772472.886838 13.9993477 6.4231215 25.6845207 0.0843255 0.3698919 -0.2293653 0.8963598
1739772472.998621 14.0476170 6.3881073 25.7439213 0.0831893 0.3692710 -0.2291670 0.8967725
1739772473.213361 14.1433830 6.3411541 25.8633308 0.0815699 0.3679425 -0.2290856 0.8974879
1739772473.315657 14.1912689 6.3092318 25.9211540 0.0801602 0.3667038 -0.2290999 0.8981180
1739772473.425418 14.2640915 6.2868314 25.9795799 0.0795335 0.3634072 -0.2295322 0.8994023
1739772473.535024 14.2997313 6.2543511 26.0422783 0.0771655 0.3620578 -0.2297263 0.9001030
1739772473.867058 14.4544735 6.1920452 26.2286987 0.0722351 0.3544906 -0.2286508 0.9037906
1739772474.097924 14.5655432 6.1394482 26.3459435 0.0668018 0.3475635 -0.2277064 0.9071312
1739772474.210491 14.6055183 6.1231785 26.4090958 0.0643909 0.3445189 -0.2277409 0.9084573
1739772474.432539 14.6851072 6.0761299 26.5466156 0.0577784 0.3376411 -0.2271045 0.9116379
1739772474.650776 14.7764263 6.0394392 26.6781044 0.0503226 0.3288247 -0.2260645 0.9155527
1739772474.769916 14.8200359 6.0203595 26.7468719 0.0460944 0.3239810 -0.2250335 0.9177536
1739772474.875191 14.8618555 6.0090108 26.8165455 0.0416361 0.3190633 -0.2241441 0.9199046
1739772475.000771 14.8933678 5.9951143 26.8955898 0.0366646 0.3147294 -0.2231858 0.9218401
1739772475.335806 15.0119963 5.9710503 27.1134396 0.0214419 0.3009268 -0.2200398 0.9276668
1739772475.452014 15.0502548 5.9637756 27.1845379 0.0162549 0.2968703 -0.2187704 0.9293779
1739772475.669722 15.1405134 5.9455194 27.3216095 0.0044911 0.2881843 -0.2156909 0.9329561
1739772475.891289 15.2182980 5.9491372 27.4689331 -0.0081027 0.2821539 -0.2129717 0.9353965
1739772476.008172 15.2552738 5.9474430 27.5414276 -0.0146063 0.2794468 -0.2112927 0.9365103
1739772476.117066 15.3074570 5.9471369 27.6057644 -0.0212467 0.2761900 -0.2092018 0.9378179
1739772476.442137 15.4408531 5.9487123 27.8157864 -0.0415077 0.2694058 -0.2038484 0.9402891
1739772476.550180 15.4775753 5.9521236 27.8893433 -0.0484459 0.2680859 -0.2020219 0.9407285
1739772476.767416 15.5594883 5.9587097 28.0337296 -0.0631946 0.2656569 -0.1975063 0.9415010
1739772476.990909 15.6399145 5.9752040 28.1767921 -0.0783966 0.2648598 -0.1936395 0.9413857
1739772477.103025 15.6851091 5.9895906 28.2437553 -0.0857090 0.2647085 -0.1912386 0.9412817
1739772477.333602 15.7680578 6.0098190 28.3862877 -0.1022673 0.2653892 -0.1868067 0.9403262
1739772477.451641 15.8100967 6.0211101 28.4530277 -0.1114142 0.2660783 -0.1844268 0.9395616
1739772477.555432 15.8585777 6.0361881 28.5152550 -0.1205720 0.2665204 -0.1817811 0.9388210
1739772477.663287 15.8984423 6.0608549 28.5811825 -0.1299781 0.2676410 -0.1786549 0.9378467
1739772477.790109 15.9388714 6.0843711 28.6516418 -0.1395640 0.2688566 -0.1760260 0.9366178
1739772478.030426 16.0444813 6.1294594 28.7808113 -0.1600649 0.2699166 -0.1698168 0.9341770
1739772478.132900 16.0871792 6.1500397 28.8459339 -0.1715458 0.2717377 -0.1667006 0.9321703
1739772478.254449 16.1338558 6.1728239 28.9099693 -0.1827366 0.2734095 -0.1631857 0.9301747
1739772478.471661 16.2467613 6.2036099 29.0321522 -0.2070869 0.2750772 -0.1557665 0.9258425
1739772478.574836 16.3015900 6.2258401 29.0891457 -0.2201542 0.2759967 -0.1518880 0.9231945
1739772478.690966 16.3577271 6.2515054 29.1431293 -0.2331258 0.2761353 -0.1477044 0.9206438
1739772478.795065 16.4020691 6.2858434 29.1993866 -0.2472964 0.2767464 -0.1435221 0.9174189
1739772478.897573 16.4480362 6.3296971 29.2551727 -0.2611069 0.2772181 -0.1386022 0.9142007
1739772479.109239 16.5378056 6.4343724 29.3431778 -0.2895163 0.2764768 -0.1291966 0.9072205
1739772479.316966 16.6243973 6.5590982 29.4070663 -0.3174252 0.2747759 -0.1191145 0.8997506
1739772479.527946 16.7042789 6.6836958 29.4802132 -0.3441080 0.2718690 -0.1088009 0.8920982
1739772479.828558 16.8078251 6.8831301 29.5866699 -0.3804068 0.2664931 -0.0945889 0.8805255
1739772480.234894 16.9471703 7.1493096 29.7356644 -0.4188367 0.2583344 -0.0780133 0.8670370
1739772480.543377 17.0598316 7.3488078 29.8401566 -0.4383722 0.2526532 -0.0694106 0.8597548
1739772481.052161 17.2664108 7.6699829 30.0074692 -0.4528407 0.2443866 -0.0606003 0.8553000
1739772481.572629 17.4706001 7.9777064 30.1962776 -0.4499426 0.2358892 -0.0571460 0.8594430
1739772482.081444 17.6635818 8.2697906 30.4321899 -0.4356153 0.2234508 -0.0543500 0.8702616
1739772482.695310 17.8283768 8.6427298 30.7358589 -0.4106726 0.2037623 -0.0521114 0.8871941
1739772483.314322 18.0039024 8.9911203 31.0506668 -0.3795466 0.1831065 -0.0509297 0.9054405
1739772483.619714 18.0997028 9.1275816 31.2386780 -0.3635021 0.1731761 -0.0504874 0.9139624
1739772484.038325 18.2080879 9.2755680 31.5212917 -0.3449908 0.1608224 -0.0497178 0.9233882
1739772484.454528 18.3071156 9.4407463 31.8051224 -0.3325154 0.1481089 -0.0470031 0.9302086
1739772484.985720 18.3921471 9.7221632 32.1084328 -0.3269480 0.1315581 -0.0426816 0.9348667
1739772485.397909 18.4925365 9.9569244 32.3283386 -0.3270404 0.1184054 -0.0385668 0.9367696
1739772485.721578 18.5438519 10.1260576 32.5072403 -0.3271572 0.1080712 -0.0349370 0.9381195
1739772486.124128 18.5993633 10.3208637 32.7761765 -0.3240055 0.0933898 -0.0307731 0.9409313
1739772486.335152 18.6190796 10.4077406 32.9211006 -0.3210433 0.0865430 -0.0287134 0.9426649
1739772486.648255 18.6400394 10.5514545 33.1256485 -0.3139274 0.0747076 -0.0252887 0.9461654
1739772487.066062 18.6739082 10.7608128 33.3884583 -0.3018866 0.0589818 -0.0210619 0.9512844
1739772487.489693 18.7177620 10.9382133 33.6711998 -0.2905720 0.0430879 -0.0167937 0.9557350
1739772487.910189 18.7013359 11.0724850 33.9837723 -0.2830349 0.0285857 -0.0122671 0.9586051
1739772488.337071 18.6970558 11.2276506 34.2843437 -0.2810221 0.0130983 -0.0081758 0.9595771
1739772488.642141 18.7072678 11.3793287 34.4855423 -0.2824056 0.0024233 -0.0049981 0.9592790
1739772488.957716 18.7014256 11.5356264 34.6879234 -0.2874728 -0.0075458 -0.0020006 0.9577571
1739772489.285635 18.6642075 11.7022667 34.8716202 -0.2911726 -0.0168761 0.0005112 0.9565216
1739772489.595450 18.6390095 11.8577995 35.0672798 -0.2947524 -0.0231990 0.0023901 0.9552891
1739772489.918320 18.6433277 12.0031013 35.2705917 -0.2964103 -0.0260156 0.0032223 0.9547009
1739772490.333892 18.5875835 12.1895370 35.5419273 -0.2927769 -0.0206922 0.0016181 0.9559556
1739772490.637236 18.5392551 12.3169155 35.7538452 -0.2881609 -0.0072706 -0.0023798 0.9575515
1739772490.946829 18.5249557 12.4539137 35.9677315 -0.2806053 0.0174182 -0.0094814 0.9596184
1739772491.365193 18.5822582 12.6044197 36.2531281 -0.2710470 0.0676310 -0.0240133 0.9598870
1739772491.686838 18.6534176 12.6862869 36.4800644 -0.2644544 0.1196548 -0.0391302 0.9561462
1739772492.008857 18.7481632 12.7852097 36.6853638 -0.2581422 0.1809819 -0.0563959 0.9473267
1739772492.327423 18.9314499 12.8968277 36.8158112 -0.2539326 0.2467828 -0.0737736 0.9322950
1739772492.753703 19.2330933 13.0007420 36.9310303 -0.2476777 0.3344677 -0.0973135 0.9040560
1739772493.070623 19.4738503 13.0466032 37.0078812 -0.2442524 0.3936042 -0.1116346 0.8791782
1739772493.392416 19.7053413 13.0734739 37.0972862 -0.2424023 0.4427248 -0.1229999 0.8544630
1739772493.701536 19.9373817 13.1052532 37.1775169 -0.2426435 0.4806246 -0.1302854 0.8325562
1739772494.010083 20.1723785 13.1549091 37.2431412 -0.2460393 0.5077282 -0.1330136 0.8148523
1739772494.309464 20.4114780 13.2178497 37.3038330 -0.2538656 0.5242924 -0.1311008 0.8021735
1739772494.610988 20.6412830 13.3010082 37.3653259 -0.2656284 0.5326583 -0.1251037 0.7937668
1739772494.907064 20.8662281 13.3936443 37.4311600 -0.2807648 0.5354775 -0.1150884 0.7881558
1739772495.211749 21.0701256 13.5230846 37.4786377 -0.2963512 0.5332991 -0.1029352 0.7856033
1739772495.525095 21.2983131 13.6024399 37.5332031 -0.3138480 0.5276261 -0.0897599 0.7842532
1739772495.836786 21.5134773 13.7201500 37.5804825 -0.3307701 0.5191669 -0.0752084 0.7844746
1739772496.134459 21.7068539 13.8654633 37.6459274 -0.3466688 0.5083040 -0.0601687 0.7860200
1739772496.431596 21.8967628 14.0165386 37.7026291 -0.3612519 0.4953695 -0.0450264 0.7887198
1739772496.746117 22.0801983 14.1786022 37.7691803 -0.3746199 0.4810762 -0.0305445 0.7920181
1739772497.042948 22.2538719 14.3487091 37.8396492 -0.3866769 0.4664863 -0.0169120 0.7953524
1739772497.255772 22.3672199 14.4620886 37.8812943 -0.3938977 0.4549984 -0.0080182 0.7985968
1739772497.558517 22.5262413 14.6322746 37.9579773 -0.4027283 0.4402844 0.0056775 0.8024508
1739772497.857557 22.6778641 14.8095293 38.0421295 -0.4116826 0.4238953 0.0169523 0.8065624
1739772498.158711 22.8192368 14.9914141 38.1203537 -0.4187969 0.4089906 0.0286486 0.8102562
1739772498.365383 22.9080582 15.1186857 38.1731949 -0.4239624 0.3983805 0.0353716 0.8125870
1739772498.581768 22.9953251 15.2481003 38.2355843 -0.4277024 0.3899063 0.0408764 0.8144770
1739772498.882716 23.1153927 15.4364567 38.3232346 -0.4354062 0.3782346 0.0514560 0.8152989
1739772499.184422 23.2314968 15.6377001 38.4083862 -0.4419273 0.3682862 0.0604879 0.8157247
1739772499.502585 23.3493423 15.8403244 38.4976959 -0.4495321 0.3586711 0.0681082 0.8152530
1739772499.813187 23.4596386 16.0459137 38.5812988 -0.4567308 0.3513148 0.0744177 0.8139024
1739772500.124540 23.5765953 16.2481899 38.6582031 -0.4642581 0.3453185 0.0807392 0.8116038
1739772500.432958 23.6812687 16.4580021 38.7321243 -0.4700460 0.3423159 0.0848952 0.8091164
1739772500.640339 23.7623863 16.5969543 38.7797012 -0.4745118 0.3387569 0.0879789 0.8076769
1739772501.040679 23.9143600 16.8675156 38.8647537 -0.4807867 0.3335083 0.0940002 0.8054690
1739772501.340558 24.0127068 17.0856800 38.9467239 -0.4831837 0.3304556 0.0976313 0.8048608
1739772501.640526 24.1219158 17.2929287 39.0220032 -0.4852543 0.3239709 0.1012137 0.8058082
1739772501.861289 24.1826420 17.4479198 39.0582161 -0.4841891 0.3185440 0.1044025 0.8082021
1739772502.274609 24.3045082 17.7311554 39.1729622 -0.4832336 0.3053425 0.1116751 0.8128837
1739772502.607522 24.3910847 17.9299431 39.2842255 -0.4794484 0.2942778 0.1165454 0.8185029
1739772502.907664 24.4632721 18.1316967 39.3803482 -0.4755027 0.2824479 0.1241649 0.8238346
1739772503.111942 24.5058002 18.2762222 39.4463730 -0.4688947 0.2727618 0.1282964 0.8302281
1739772503.311528 24.5449047 18.4017696 39.5281754 -0.4649493 0.2640505 0.1345332 0.8342663
1739772503.519700 24.5978279 18.5416164 39.5993423 -0.4594803 0.2531200 0.1371673 0.8402341
1739772503.721866 24.6254368 18.6666775 39.6846962 -0.4547547 0.2436452 0.1408643 0.8449808
1739772503.926891 24.6663685 18.8087025 39.7678299 -0.4481813 0.2338046 0.1435986 0.8507928
1739772504.133096 24.6947556 18.9158745 39.8604202 -0.4449714 0.2247411 0.1467978 0.8543666
1739772504.335963 24.7190228 19.0737782 39.9517517 -0.4347190 0.2175537 0.1482905 0.8612199
1739772504.535746 24.7499084 19.2058830 40.0327454 -0.4287010 0.2087368 0.1530141 0.8655813
1739772504.730798 24.7711182 19.3286572 40.1580505 -0.4238296 0.2039654 0.1529563 0.8691208
1739772504.833898 24.7666912 19.3756561 40.1711464 -0.4205101 0.1976830 0.1457122 0.8734189
1739772504.931555 24.7551365 19.4914474 40.1409836 -0.4096818 0.1919827 0.1366147 0.8812718
1739772505.038586 24.7705688 19.4893456 40.2086029 -0.4100235 0.1903320 0.1450505 0.8801221
1739772505.133081 24.8022537 19.6084785 40.2898560 -0.4059623 0.1873707 0.1458816 0.8824995
1739772505.231273 24.7274647 19.6327000 40.3099480 -0.4048538 0.1876798 0.1300658 0.8854110
1739772505.337745 24.7086487 19.6298714 40.3264160 -0.4008830 0.1868918 0.1357813 0.8865256
1739772505.433585 24.6610012 19.6798248 40.3488846 -0.3963229 0.1894937 0.1290597 0.8890241
1739772505.544924 24.6458321 19.6886997 40.3701057 -0.3972237 0.1849873 0.1214922 0.8906361
1739772505.645467 24.6117954 19.7228737 40.3949661 -0.3920756 0.1859364 0.1205596 0.8928436
1739772505.743480 24.5810165 19.7588615 40.3808289 -0.3840730 0.1868771 0.1156075 0.8967719
1739772505.845358 24.5461140 19.7598743 40.4169617 -0.3846382 0.1876395 0.1079776 0.8973214
1739772505.942353 24.5219078 19.7824688 40.4287033 -0.3812530 0.1869698 0.1019155 0.8996119
1739772506.057659 24.5199051 19.7965145 40.4644775 -0.3817753 0.1852750 0.0964417 0.9003443
1739772506.153429 24.4663181 19.8015232 40.4775200 -0.3769471 0.1943860 0.0976856 0.9003236
1739772506.253313 24.4424210 19.8055458 40.4854965 -0.3735070 0.1950507 0.0926741 0.9021415
1739772506.356200 24.4334030 19.8145599 40.5187302 -0.3728150 0.1958868 0.0856583 0.9029397
1739772506.450824 24.4275532 19.8537197 40.5082741 -0.3662361 0.1958837 0.0857384 0.9056211
1739772506.558971 24.4183159 19.8753357 40.5104790 -0.3654535 0.1947200 0.0766108 0.9070053
1739772506.655239 24.3776569 19.8847446 40.5331497 -0.3613726 0.2025828 0.0739069 0.9071426
1739772506.758780 24.3385601 19.9236565 40.5594864 -0.3557992 0.2098365 0.0753868 0.9075750
1739772506.857738 24.3332386 19.9461899 40.5660934 -0.3531945 0.2097094 0.0700231 0.9090503
1739772506.960014 24.3162270 19.9464111 40.5696487 -0.3513223 0.2144206 0.0690959 0.9087476
1739772507.062388 24.3028870 19.9714375 40.6151161 -0.3497081 0.2188806 0.0669680 0.9084662
1739772507.162201 24.2649326 20.0387058 40.6123466 -0.3404401 0.2249430 0.0581925 0.9111063
1739772507.273818 24.2606316 20.0370674 40.6293640 -0.3385490 0.2285143 0.0584339 0.9109069
1739772507.372972 24.2299423 20.0921383 40.6249619 -0.3287637 0.2343962 0.0544759 0.9132389
1739772507.472495 24.2432804 20.1065521 40.6624222 -0.3311279 0.2354964 0.0469899 0.9125172
1739772507.581067 24.2313118 20.1456985 40.6580353 -0.3235318 0.2391008 0.0469553 0.9143048
1739772507.683028 24.2024498 20.2054825 40.6554108 -0.3163182 0.2444314 0.0418090 0.9156681
1739772507.795254 24.1838150 20.2498112 40.6781158 -0.3116509 0.2511937 0.0444083 0.9153160
1739772507.892274 24.1796684 20.2742290 40.7074471 -0.3098409 0.2545308 0.0398850 0.9152169
1739772507.991679 24.1537209 20.3189793 40.6892738 -0.3027425 0.2600940 0.0368606 0.9161547
1739772508.104987 24.1539688 20.3403683 40.6897430 -0.2965918 0.2634686 0.0362612 0.9172256
1739772508.204757 24.1476822 20.3460941 40.7388992 -0.2982662 0.2678447 0.0297468 0.9156482
1739772508.308159 24.1370602 20.3354225 40.7763672 -0.2974288 0.2726111 0.0317759 0.9144450
1739772508.409968 24.1093330 20.3552608 40.8399811 -0.2969513 0.2815864 0.0300002 0.9119370
1739772508.522339 24.1367455 20.3594284 40.8755951 -0.2972215 0.2824718 0.0297134 0.9115844
1739772508.722246 24.4739819 20.1654530 40.9070740 -0.3136159 0.2586639 0.0323472 0.9130672
1739772508.827212 24.5012169 20.2037868 40.9509277 -0.3132787 0.2599561 0.0309911 0.9128630
1739772508.927589 24.5307102 20.2430706 40.9921150 -0.3131159 0.2610746 0.0311847 0.9125930
1739772509.034923 24.5718403 20.2866230 41.0462036 -0.3138840 0.2607844 0.0313182 0.9124075
1739772509.139306 24.6066132 20.3221703 41.0942307 -0.3136106 0.2613840 0.0302317 0.9123666
1739772509.345686 24.6907234 20.4279022 41.2071686 -0.3148073 0.2616153 0.0298943 0.9118992
1739772509.560500 24.7709942 20.5243225 41.3155518 -0.3155794 0.2613853 0.0300690 0.9116926
1739772509.773494 24.8487225 20.6226768 41.4290657 -0.3191665 0.2608016 0.0304451 0.9105979
1739772509.977099 24.9233189 20.7251663 41.5389252 -0.3200096 0.2597671 0.0301920 0.9106060
1739772510.194779 24.9968147 20.8241100 41.6473312 -0.3226281 0.2583040 0.0317583 0.9100448
1739772510.503900 25.1077232 20.9787216 41.8026581 -0.3275124 0.2552029 0.0331694 0.9091243
1739772510.710518 25.1783962 21.0828362 41.9145279 -0.3320224 0.2535882 0.0352071 0.9078627
1739772511.037279 25.2781677 21.2376289 42.0706177 -0.3383856 0.2491009 0.0394306 0.9065810
1739772511.236468 25.3476124 21.3429356 42.1784973 -0.3461083 0.2443169 0.0412094 0.9048868
1739772511.452354 25.4072037 21.4654007 42.2811089 -0.3508098 0.2413487 0.0455254 0.9036652
1739772511.668801 25.4735775 21.5723705 42.3855743 -0.3596797 0.2359683 0.0484123 0.9014465
1739772511.890256 25.5327988 21.6872311 42.4839630 -0.3673433 0.2308055 0.0526698 0.8994519
1739772512.101230 25.5880394 21.8076973 42.5747833 -0.3753106 0.2243873 0.0564843 0.8975532
1739772512.319350 25.6403160 21.9217415 42.6743240 -0.3846435 0.2191615 0.0618504 0.8945346
1739772512.537311 25.6907787 22.0448990 42.7690697 -0.3947332 0.2119224 0.0660617 0.8915775
1739772512.739661 25.7340355 22.1698532 42.8607941 -0.4045379 0.2052539 0.0710486 0.8883536
1739772512.955443 25.7810669 22.2834988 42.9467926 -0.4150939 0.1971223 0.0768892 0.8848322
1739772513.168085 25.8179188 22.4139404 43.0393715 -0.4249118 0.1903619 0.0816417 0.8812190
1739772513.376446 25.8604317 22.5480366 43.1253586 -0.4348021 0.1814478 0.0858998 0.8778639
1739772513.577574 25.9023170 22.6866264 43.2128792 -0.4443273 0.1718964 0.0934214 0.8742411
1739772513.790853 25.9344940 22.8050957 43.2943649 -0.4544036 0.1632866 0.0971455 0.8702974
1739772513.891015 25.9546490 22.8746662 43.3346634 -0.4576654 0.1591661 0.1018229 0.8688157
1739772513.988117 25.9686680 22.9403839 43.3722534 -0.4613615 0.1557386 0.1047291 0.8671349
1739772514.098024 25.9687176 23.0109711 43.4132309 -0.4660979 0.1520426 0.1069146 0.8649884
1739772514.197751 25.9722900 23.0787182 43.4519768 -0.4688392 0.1504483 0.1099128 0.8634086
1739772514.314136 25.9882545 23.1469498 43.4925156 -0.4723929 0.1453214 0.1113617 0.8621631
1739772514.509363 26.0109348 23.2679787 43.5524750 -0.4796350 0.1379368 0.1187580 0.8583823
1739772514.616755 26.0420189 23.3340034 43.5640640 -0.4805206 0.1308952 0.1226797 0.8584382
1739772514.717482 26.0698338 23.3746662 43.5915985 -0.4840181 0.1251422 0.1278851 0.8565695
1739772514.825948 26.1020565 23.4235229 43.6250839 -0.4871322 0.1199854 0.1350216 0.8544443
1739772514.923465 26.1234512 23.4495907 43.6699829 -0.4931393 0.1153967 0.1386096 0.8510492
1739772515.129207 26.1638737 23.4837494 43.6528473 -0.4939664 0.1079996 0.1512618 0.8493840
1739772515.225590 26.1924667 23.4960823 43.6928711 -0.5017227 0.1031330 0.1595920 0.8439007
1739772515.328431 26.2008057 23.4936390 43.7421570 -0.5116208 0.1026485 0.1657705 0.8367960
1739772515.429162 26.2239685 23.5050507 43.7705879 -0.5161001 0.0960209 0.1724230 0.8334813
1739772515.635468 26.1784725 23.4953289 43.8051376 -0.5225577 0.0990875 0.1789266 0.8277079
1739772515.735745 26.2070599 23.5029259 43.8418198 -0.5295171 0.0939572 0.1878410 0.8218878
1739772515.846769 26.2184372 23.5097351 43.8830261 -0.5357598 0.0912037 0.1930687 0.8169258
1739772515.945146 26.2315674 23.5214119 43.9104729 -0.5399364 0.0866941 0.1975358 0.8135923
1739772516.049832 26.2176552 23.5252533 43.9556427 -0.5457446 0.0894607 0.2017965 0.8083550
1739772516.150448 26.2216358 23.5359249 44.0160828 -0.5549446 0.0886405 0.2049201 0.8013658
1739772516.252465 26.2252121 23.5459595 44.0548592 -0.5599793 0.0873160 0.2089681 0.7969514
1739772516.362973 26.2302685 23.5560207 44.0930138 -0.5646077 0.0855235 0.2118937 0.7930983
1739772516.462687 26.2455387 23.5684624 44.1491051 -0.5726137 0.0823144 0.2164198 0.7864479
1739772516.569985 26.2437553 23.5719013 44.1857910 -0.5790415 0.0814900 0.2192451 0.7810262
1739772516.675157 26.2694550 23.5813847 44.2301559 -0.5865141 0.0754842 0.2242791 0.7745982
1739772516.773613 26.2766781 23.5726185 44.2912903 -0.5982968 0.0733002 0.2241993 0.7657694
1739772516.885889 26.2825584 23.5957832 44.3404465 -0.6056538 0.0705216 0.2244201 0.7601617
1739772516.990072 26.3183365 23.6134663 44.3867569 -0.6137709 0.0629328 0.2304799 0.7524651
1739772517.094809 26.3227119 23.6285858 44.4088745 -0.6161173 0.0596272 0.2345965 0.7495389
1739772517.196820 26.3100681 23.6605415 44.4380188 -0.6185252 0.0597185 0.2344394 0.7475951
1739772517.303172 26.3244629 23.6842022 44.4746246 -0.6244127 0.0562393 0.2360780 0.7424372
1739772517.409662 26.3039780 23.7183418 44.5052223 -0.6278372 0.0586121 0.2319274 0.7406718
1739772517.510137 26.2744160 23.7421284 44.5343208 -0.6311558 0.0629949 0.2274937 0.7388644
1739772517.617876 26.2514458 23.7738686 44.5605659 -0.6343216 0.0654709 0.2248530 0.7367435
1739772517.719560 26.2454910 23.8375683 44.6144257 -0.6431173 0.0622159 0.2213969 0.7304196
1739772517.834356 26.2463417 23.8673573 44.6629562 -0.6513411 0.0636650 0.2207451 0.7231688
1739772517.939213 26.2368965 23.8944340 44.7043266 -0.6579510 0.0642985 0.2210714 0.7170032
1739772518.052668 26.2385693 23.9242916 44.7630310 -0.6695602 0.0616035 0.2233146 0.7057087
1739772518.150245 26.2449760 23.9555073 44.7759781 -0.6727679 0.0598162 0.2263693 0.7018278
1739772518.251292 26.2391224 23.9928989 44.8172379 -0.6815929 0.0608535 0.2268957 0.6929981
1739772518.373668 26.1936340 24.0279636 44.8471756 -0.6874484 0.0677279 0.2210509 0.6884506
1739772518.474118 26.1812210 24.0907288 44.9254227 -0.7022297 0.0657966 0.2159802 0.6752014
1739772518.582662 26.1562481 24.1756935 44.9125061 -0.7032700 0.0683379 0.2143870 0.6743734
1739772518.683418 26.1468983 24.2462502 44.9287720 -0.7100927 0.0686973 0.2111117 0.6681924
1739772518.815236 26.1239719 24.3318596 44.9362373 -0.7156583 0.0694502 0.2096692 0.6626075
1739772518.914821 26.1062183 24.4101372 44.9176025 -0.7181004 0.0692167 0.2092423 0.6601200
1739772519.125283 26.0932713 24.5663147 44.9063034 -0.7274217 0.0696446 0.2077626 0.6502631
1739772519.224151 26.0782356 24.6436348 44.8974152 -0.7315386 0.0696722 0.2054380 0.6463685
1739772519.553437 26.0374126 24.8731995 44.8995743 -0.7497222 0.0734378 0.1997096 0.6266096
1739772519.764941 26.0100765 25.0303078 44.8716125 -0.7561753 0.0755163 0.2015973 0.6179439
1739772519.980713 25.9787197 25.1678238 44.8134308 -0.7619076 0.0783356 0.1984753 0.6115292
