1739772415.161766 0.0000000 0.0000000 0.0000000 -0.0000000 -0.0000000 -0.0000000 1.0000000
1739772415.877532 -0.0569431 -0.0580472 0.0603308 -0.0025751 0.0021716 -0.0003977 0.9999943
1739772415.976540 -0.0457466 -0.0515984 0.1394954 -0.0020675 0.0015445 -0.0005327 0.9999965
1739772416.071889 -0.0642661 -0.0656595 0.2140968 -0.0020494 0.0024737 -0.0001158 0.9999948
1739772416.170257 -0.0455777 -0.0349706 0.2852861 0.0001445 0.0020353 0.0005744 0.9999978
1739772416.268087 -0.0431658 -0.0615898 0.3616495 -0.0000036 0.0019439 -0.0004292 0.9999980
1739772416.365528 -0.0390531 -0.0520805 0.4403507 0.0022246 0.0019888 -0.0000525 0.9999956
1739772416.465480 -0.0368341 -0.0745813 0.5153671 0.0021363 0.0019015 -0.0005423 0.9999958
1739772416.564463 -0.0509221 -0.0872415 0.5906290 0.0032095 0.0024401 0.0004224 0.9999918
1739772416.662791 -0.0487750 -0.0881359 0.6657404 0.0055822 0.0023809 -0.0002287 0.9999816
1739772416.761616 -0.0454545 -0.0960224 0.7415190 0.0067859 0.0022377 -0.0003093 0.9999744
1739772416.861223 -0.0457263 -0.0973589 0.8170481 0.0090684 0.0016700 -0.0003173 0.9999574
1739772416.959757 -0.0498701 -0.0964867 0.8903165 0.0112042 0.0018281 -0.0001019 0.9999356
1739772417.068570 -0.0523640 -0.0926002 0.9664055 0.0136727 0.0013050 0.0001191 0.9999056
1739772417.275131 -0.0391514 -0.0850587 1.0437231 0.0163395 0.0002068 -0.0004335 0.9998664
1739772417.371407 -0.0500853 -0.0884552 1.1183839 0.0189012 0.0002951 -0.0001294 0.9998213
1739772417.470371 -0.0284480 -0.0989464 1.1940401 0.0209748 -0.0017821 -0.0003185 0.9997784
1739772417.583506 -0.0512321 -0.1165082 1.2639488 0.0227986 -0.0008072 -0.0004414 0.9997396
1739772417.682980 -0.0426306 -0.1221149 1.3427221 0.0259993 -0.0020113 -0.0005611 0.9996598
1739772417.791322 -0.0559441 -0.1241963 1.4165432 0.0288849 -0.0018909 -0.0001431 0.9995810
1739772417.900062 -0.0440963 -0.1416021 1.4886148 0.0312724 -0.0034652 -0.0004443 0.9995048
1739772418.006025 -0.0393391 -0.1533680 1.5648688 0.0342417 -0.0049878 -0.0003865 0.9994011
1739772418.116267 -0.0469268 -0.1580627 1.6421450 0.0368699 -0.0057872 -0.0005921 0.9993032
1739772418.217543 -0.0547146 -0.1685305 1.7162330 0.0398473 -0.0070197 -0.0003359 0.9991811
1739772418.322111 -0.0664326 -0.1819353 1.7895061 0.0423835 -0.0074988 -0.0007658 0.9990730
1739772418.422010 -0.0605455 -0.1890068 1.8666406 0.0450006 -0.0090903 -0.0006307 0.9989454
1739772418.528623 -0.0889519 -0.2112493 1.9361191 0.0473928 -0.0090175 -0.0007334 0.9988354
1739772418.628261 -0.0963716 -0.2250458 2.0065074 0.0493985 -0.0097008 -0.0005974 0.9987319
1739772418.727589 -0.0969026 -0.2369978 2.0838594 0.0515840 -0.0107150 -0.0005691 0.9986110
1739772418.836370 -0.1071092 -0.2535094 2.1586680 0.0534157 -0.0113189 -0.0005406 0.9985081
1739772418.936283 -0.0960696 -0.2671620 2.2348325 0.0551750 -0.0129207 -0.0006526 0.9983929
1739772419.043463 -0.1075413 -0.2790395 2.3139935 0.0572524 -0.0131742 -0.0005307 0.9982727
1739772419.145028 -0.1046165 -0.2981184 2.3874209 0.0585956 -0.0141687 -0.0007106 0.9981810
1739772419.246374 -0.1009355 -0.3025679 2.4674232 0.0605452 -0.0149898 -0.0008697 0.9980525
1739772419.352917 -0.1088393 -0.3268629 2.5455954 0.0612212 -0.0158934 -0.0006370 0.9979975
1739772419.451511 -0.1282172 -0.3449710 2.6092496 0.0614826 -0.0150900 -0.0006037 0.9979939
1739772419.557866 -0.1537279 -0.3675580 2.6819122 0.0618158 -0.0146159 -0.0003389 0.9979805
1739772419.658561 -0.1506995 -0.3717441 2.7613342 0.0626289 -0.0157384 -0.0004173 0.9979127
1739772419.763036 -0.1495583 -0.3854411 2.8400073 0.0625581 -0.0162401 -0.0007880 0.9979089
1739772419.870240 -0.1615419 -0.4029883 2.9111006 0.0621426 -0.0155107 -0.0008888 0.9979464
1739772419.973442 -0.1778145 -0.4255295 2.9735746 0.0605816 -0.0147603 -0.0006905 0.9980538
1739772420.090559 -0.1847256 -0.4471139 3.0442746 0.0592689 -0.0143497 -0.0008450 0.9981385
1739772420.193680 -0.2017122 -0.4695342 3.1188860 0.0580773 -0.0139177 -0.0006841 0.9982148
1739772420.302145 -0.2128666 -0.4944793 3.1814771 0.0561350 -0.0127683 -0.0007222 0.9983413
1739772420.401536 -0.2166459 -0.5088291 3.2530205 0.0550543 -0.0121420 -0.0009867 0.9984091
1739772420.602612 -0.2128908 -0.5381288 3.4147980 0.0510448 -0.0118329 -0.0012800 0.9986255
1739772420.700415 -0.2290860 -0.5676962 3.4819770 0.0484180 -0.0109327 -0.0019687 0.9987654
1739772420.806674 -0.2386544 -0.5807019 3.5558333 0.0460641 -0.0102553 -0.0016795 0.9988844
1739772420.909473 -0.2590573 -0.5751892 3.6318116 0.0443718 -0.0085230 -0.0012763 0.9989779
1739772421.012752 -0.2767580 -0.5970167 3.7008941 0.0414932 -0.0067053 -0.0021097 0.9991141
1739772421.123519 -0.2900909 -0.6157140 3.7759502 0.0383338 -0.0055217 -0.0026237 0.9992463
1739772421.224638 -0.3049542 -0.6138465 3.8496583 0.0364392 -0.0036512 -0.0023827 0.9993263
1739772421.334483 -0.2938604 -0.6065882 3.9302359 0.0346295 -0.0027466 -0.0024340 0.9993935
1739772421.434789 -0.3093702 -0.6276969 3.9955015 0.0307379 -0.0004830 -0.0023135 0.9995247
1739772421.539663 -0.3313638 -0.6380500 4.0617371 0.0290187 0.0021088 -0.0024058 0.9995738
1739772421.642406 -0.3467579 -0.6539589 4.1337667 0.0257550 0.0046547 -0.0030325 0.9996529
1739772421.743057 -0.3284725 -0.6224534 4.2076373 0.0266387 0.0048475 -0.0023385 0.9996307
1739772421.849990 -0.3424166 -0.6303308 4.2779417 0.0240713 0.0073409 -0.0026435 0.9996798
1739772421.952270 -0.3574856 -0.6530936 4.3401861 0.0210268 0.0088308 -0.0025460 0.9997367
1739772422.068439 -0.3755141 -0.6735530 4.3964128 0.0186017 0.0129617 -0.0039488 0.9997352
1739772422.169330 -0.3516220 -0.6576604 4.4541588 0.0180653 0.0121787 -0.0038197 0.9997554
1739772422.273971 -0.3655394 -0.6711660 4.5288496 0.0166573 0.0145258 -0.0041740 0.9997470
1739772422.385446 -0.3807632 -0.6940058 4.5956321 0.0135149 0.0169112 -0.0040497 0.9997575
1739772422.484435 -0.3986638 -0.7135713 4.6564951 0.0109552 0.0193410 -0.0053759 0.9997385
1739772422.601539 -0.3915184 -0.7223477 4.6815310 0.0106657 0.0185782 -0.0050924 0.9997575
1739772422.702698 -0.3949327 -0.6985743 4.7412724 0.0103725 0.0210677 -0.0037341 0.9997173
1739772422.806702 -0.3862272 -0.6998542 4.7862692 0.0094977 0.0212460 -0.0032582 0.9997239
1739772422.909947 -0.4078404 -0.6980060 4.8532004 0.0093181 0.0243923 -0.0037211 0.9996521
1739772423.012976 -0.4251401 -0.7199543 4.9143519 0.0068961 0.0269116 -0.0044575 0.9996041
1739772423.121831 -0.4412237 -0.7398919 4.9697413 0.0056305 0.0303319 -0.0048584 0.9995123
1739772423.224214 -0.4452252 -0.7547368 5.0068455 0.0039246 0.0300761 -0.0052232 0.9995263
1739772423.358319 -0.4368957 -0.7386017 5.0406899 0.0059240 0.0299776 -0.0055367 0.9995177
1739772423.458254 -0.4398099 -0.7113301 5.0895634 0.0091119 0.0306623 -0.0043411 0.9994788
1739772423.570130 -0.4420996 -0.6979501 5.1476274 0.0101037 0.0321969 -0.0056918 0.9994143
1739772423.670592 -0.4132820 -0.7031324 5.1962123 0.0108173 0.0294722 -0.0053611 0.9994927
1739772423.770450 -0.4039722 -0.6773373 5.2526131 0.0135732 0.0296983 -0.0059808 0.9994489
1739772423.886435 -0.4073195 -0.7062006 5.3183255 0.0110107 0.0303742 -0.0058382 0.9994609
1739772423.989843 -0.3883580 -0.7362744 5.3785191 0.0094857 0.0300231 -0.0045072 0.9994941
1739772424.112144 -0.3999972 -0.7371399 5.4473004 0.0099756 0.0316983 -0.0048879 0.9994358
1739772424.217915 -0.4055873 -0.7416978 5.5165095 0.0095875 0.0324350 -0.0044979 0.9994177
1739772424.328640 -0.4158328 -0.7257837 5.5701642 0.0116774 0.0352604 -0.0043012 0.9993007
1739772424.431302 -0.4207985 -0.7108048 5.6123815 0.0134892 0.0352379 -0.0044909 0.9992778
1739772424.531492 -0.3914814 -0.7295630 5.6295171 0.0112762 0.0311479 -0.0045829 0.9994407
1739772424.639469 -0.3639451 -0.7240370 5.6607018 0.0131861 0.0290603 -0.0040279 0.9994826
1739772424.743328 -0.3581277 -0.7214941 5.7096786 0.0142880 0.0284665 -0.0054690 0.9994777
1739772424.863554 -0.3494705 -0.7375038 5.7671113 0.0126424 0.0293842 -0.0055174 0.9994730
1739772424.964400 -0.3340403 -0.7428175 5.8258438 0.0115819 0.0299823 -0.0055768 0.9994678
1739772425.070569 -0.3267393 -0.7446625 5.8977246 0.0125540 0.0297724 -0.0060008 0.9994599
1739772425.172137 -0.3306905 -0.7634788 5.9512901 0.0115826 0.0315982 -0.0064062 0.9994130
1739772425.272000 -0.3048047 -0.7693539 6.0160794 0.0118822 0.0323573 -0.0066246 0.9993838
1739772425.377337 -0.2973832 -0.7804007 6.0735011 0.0094052 0.0336365 -0.0064460 0.9993691
1739772425.478179 -0.2751368 -0.8008388 6.1229668 0.0065578 0.0332342 -0.0054987 0.9994109
1739772425.587626 -0.2576545 -0.8042710 6.1532583 0.0066390 0.0321874 -0.0052404 0.9994461
1739772425.689383 -0.2440845 -0.8059701 6.1789699 0.0072417 0.0320777 -0.0056903 0.9994430
1739772425.811241 -0.2553879 -0.8133466 6.2380366 0.0068458 0.0355644 -0.0063125 0.9993240
1739772425.908604 -0.2703854 -0.8172276 6.2888918 0.0049231 0.0398541 -0.0062661 0.9991738
1739772426.014106 -0.2529171 -0.8291095 6.3407898 0.0029060 0.0404998 -0.0053015 0.9991613
1739772426.129197 -0.2311614 -0.8396729 6.3725748 0.0021180 0.0386973 -0.0048144 0.9992372
1739772426.233946 -0.1922336 -0.8333867 6.3833199 0.0000198 0.0341337 -0.0059548 0.9993995
1739772426.339863 -0.1600020 -0.8452624 6.4298992 -0.0027691 0.0328974 -0.0056857 0.9994388
1739772426.442330 -0.1501904 -0.8649389 6.4647455 -0.0062152 0.0315769 -0.0055526 0.9994666
1739772426.562583 -0.1229546 -0.8772990 6.4968715 -0.0105487 0.0283555 -0.0057435 0.9995258
1739772426.659649 -0.1069386 -0.8898376 6.5219183 -0.0152147 0.0256698 -0.0049676 0.9995424
1739772426.762541 -0.1052287 -0.9001546 6.5738773 -0.0170765 0.0239505 -0.0046691 0.9995564
1739772426.869563 -0.0867429 -0.9050166 6.5974832 -0.0193537 0.0196924 -0.0042948 0.9996095
1739772426.970021 -0.0724622 -0.9344001 6.6289182 -0.0262254 0.0176138 -0.0022357 0.9994984
1739772427.077986 -0.0510322 -0.9441566 6.6525736 -0.0313746 0.0128515 -0.0027494 0.9994213
1739772427.182731 -0.0170029 -0.9469044 6.6574759 -0.0335955 0.0056831 -0.0022184 0.9994169
1739772427.284091 0.0018511 -0.9580607 6.6886716 -0.0385813 0.0009347 -0.0017078 0.9992536
1739772427.402759 0.0106231 -0.9600264 6.7108564 -0.0412824 -0.0026029 -0.0009939 0.9991437
1739772427.503770 0.0258346 -0.9722072 6.7267861 -0.0463984 -0.0085943 -0.0018710 0.9988843
1739772427.616814 0.0395382 -0.9784881 6.7486243 -0.0497755 -0.0143969 -0.0013411 0.9986558
1739772427.720449 0.0543563 -0.9787654 6.7602267 -0.0508791 -0.0209264 -0.0008266 0.9984853
1739772427.824122 0.0653583 -0.9763613 6.7684803 -0.0500020 -0.0258588 -0.0016866 0.9984129
1739772427.927905 0.0820597 -0.9868960 6.7922454 -0.0520916 -0.0327056 -0.0009628 0.9981062
1739772428.034354 0.0936205 -0.9976841 6.8219805 -0.0553631 -0.0379248 -0.0011406 0.9977452
1739772428.147312 0.1151697 -1.0018361 6.8395300 -0.0581020 -0.0439505 -0.0028216 0.9973387
1739772428.253214 0.1331138 -0.9961376 6.8432484 -0.0569472 -0.0512653 -0.0025804 0.9970568
1739772428.358596 0.1579005 -0.9830632 6.8527489 -0.0542822 -0.0576005 -0.0029453 0.9968585
1739772428.461416 0.1852910 -0.9853106 6.8600311 -0.0552407 -0.0656712 -0.0030487 0.9963064
1739772428.569247 0.2129675 -0.9802428 6.8670259 -0.0551043 -0.0740039 -0.0032834 0.9957290
1739772428.671290 0.2310336 -0.9698245 6.8684168 -0.0502852 -0.0800664 -0.0020892 0.9955182
1739772428.771066 0.2591569 -0.9581959 6.8798180 -0.0468882 -0.0870264 -0.0004835 0.9951018
1739772428.878006 0.2831172 -0.9526011 6.8833718 -0.0468022 -0.0952013 -0.0018259 0.9943556
1739772428.983354 0.3026863 -0.9414897 6.8950677 -0.0418562 -0.1015730 -0.0007310 0.9939469
1739772429.095113 0.3154857 -0.9308873 6.9184370 -0.0368979 -0.1069339 0.0000264 0.9935813
1739772429.199911 0.3402947 -0.9171095 6.9433627 -0.0334470 -0.1131780 0.0000436 0.9930116
1739772429.313194 0.3673917 -0.8948024 6.9759793 -0.0303540 -0.1192765 -0.0003891 0.9923969
1739772429.418428 0.3906140 -0.8986102 6.9953570 -0.0295452 -0.1261752 -0.0001810 0.9915679
1739772429.520448 0.4116181 -0.8908814 7.0174360 -0.0278905 -0.1327480 -0.0008393 0.9907570
1739772429.627469 0.4249332 -0.8846786 7.0374599 -0.0265623 -0.1387309 -0.0012927 0.9899730
1739772429.730757 0.4420123 -0.8869500 7.0427041 -0.0275308 -0.1470392 -0.0037622 0.9887403
1739772429.845713 0.4565085 -0.8858949 7.0458255 -0.0276473 -0.1541752 -0.0045652 0.9876461
1739772429.953095 0.4774786 -0.8904557 7.0559278 -0.0296628 -0.1620099 -0.0048822 0.9863311
1739772430.064494 0.4934650 -0.8829405 7.0844316 -0.0273882 -0.1678272 -0.0038728 0.9854283
1739772430.170190 0.5131711 -0.8811717 7.0956955 -0.0276958 -0.1751711 -0.0045672 0.9841378
1739772430.273034 0.5315266 -0.8845682 7.1053710 -0.0284860 -0.1825696 -0.0050590 0.9827672
1739772430.378841 0.5650339 -0.8790030 7.1053929 -0.0272176 -0.1896777 -0.0054337 0.9814541
1739772430.483299 0.5702472 -0.8628122 7.1341262 -0.0230495 -0.1928440 -0.0040818 0.9809502
1739772430.596733 0.5859914 -0.8625954 7.1381135 -0.0228615 -0.2001471 -0.0048174 0.9794873
1739772430.703591 0.6027174 -0.8568478 7.1397696 -0.0202741 -0.2059450 -0.0047998 0.9783418
1739772430.814601 0.6154627 -0.8480278 7.1506886 -0.0170892 -0.2104299 -0.0031251 0.9774546
1739772430.918758 0.6239629 -0.8508967 7.1606464 -0.0189186 -0.2142926 -0.0021728 0.9765839
1739772431.019688 0.6243870 -0.8486767 7.1637011 -0.0205638 -0.2161359 -0.0050401 0.9761337
1739772431.131000 0.6276826 -0.8447780 7.1636105 -0.0175712 -0.2163789 -0.0034223 0.9761454
1739772431.237864 0.6278749 -0.8515918 7.1602063 -0.0224829 -0.2205748 -0.0076881 0.9750806
1739772431.346838 0.6406619 -0.8532183 7.1640010 -0.0258169 -0.2252709 -0.0100187 0.9739025
1739772431.453533 0.6418307 -0.8581231 7.1827755 -0.0307453 -0.2264262 -0.0130894 0.9734550
1739772431.564719 0.6421825 -0.8555557 7.1901760 -0.0315549 -0.2254729 -0.0143086 0.9736332
1739772431.671777 0.6423453 -0.8560987 7.1894903 -0.0336404 -0.2251317 -0.0146859 0.9736367
1739772431.774031 0.6397834 -0.8532424 7.1970339 -0.0339887 -0.2222984 -0.0148098 0.9742735
1739772431.881295 0.6316519 -0.8465861 7.2210569 -0.0352301 -0.2156166 -0.0141594 0.9757397
1739772431.986542 0.6153107 -0.8486569 7.2441573 -0.0377206 -0.2091250 -0.0161219 0.9770282
1739772432.107319 0.6139680 -0.8595167 7.2540669 -0.0443661 -0.2029447 -0.0173884 0.9780301
1739772432.212022 0.6088926 -0.8604627 7.2638483 -0.0491454 -0.1952230 -0.0183721 0.9793545
1739772432.322984 0.5980031 -0.8538126 7.2861176 -0.0504351 -0.1862860 -0.0191689 0.9810129
1739772432.427456 0.5852390 -0.8509316 7.3178239 -0.0529688 -0.1778995 -0.0202708 0.9824129
1739772432.531064 0.5698582 -0.8475304 7.3494849 -0.0573890 -0.1695094 -0.0220192 0.9836098
1739772432.640496 0.5550431 -0.8438730 7.3868966 -0.0629526 -0.1617903 -0.0220605 0.9845681
1739772432.743074 0.5475668 -0.8488275 7.4269052 -0.0692986 -0.1541752 -0.0240617 0.9853166
1739772432.854689 0.5321423 -0.8524743 7.4601040 -0.0751761 -0.1452586 -0.0250901 0.9862145
1739772432.956661 0.5292051 -0.8704816 7.4922314 -0.0840157 -0.1390486 -0.0258409 0.9863768
1739772433.066479 0.5232949 -0.8771020 7.5032988 -0.0911398 -0.1323236 -0.0271547 0.9866340
1739772433.170587 0.5223331 -0.8772298 7.5078454 -0.0985020 -0.1282734 -0.0284563 0.9864246
1739772433.273406 0.5464097 -0.8762847 7.5347128 -0.1046055 -0.1251813 -0.0296937 0.9861570
1739772433.381656 0.5745306 -0.9006026 7.5752850 -0.1123997 -0.1221478 -0.0302035 0.9856642
1739772433.486466 0.5709038 -0.9139408 7.6052866 -0.1196197 -0.1174433 -0.0306661 0.9853719
1739772433.597897 0.5960404 -0.9119486 7.6248312 -0.1265339 -0.1142007 -0.0325958 0.9848273
1739772433.706362 0.5801072 -0.9140727 7.6672592 -0.1289077 -0.1076861 -0.0328912 0.9852435
1739772433.815891 0.5929634 -0.8945947 7.6936545 -0.1306036 -0.1016556 -0.0333636 0.9856449
1739772433.919991 0.5900913 -0.8804815 7.7299705 -0.1331473 -0.0957364 -0.0334847 0.9858931
1739772434.021720 0.6037400 -0.8672470 7.7533050 -0.1360919 -0.0918897 -0.0335444 0.9858550
1739772434.132472 0.6123892 -0.8544829 7.7744327 -0.1376257 -0.0869194 -0.0348277 0.9860483
1739772434.236825 0.6183323 -0.8327243 7.7877474 -0.1391131 -0.0812043 -0.0340409 0.9863542
1739772434.348582 0.6183272 -0.8181840 7.7964859 -0.1362939 -0.0741950 -0.0386407 0.9871302
1739772434.452835 0.6279100 -0.7820899 7.8297334 -0.1340348 -0.0678594 -0.0389250 0.9878839
1739772434.566883 0.6097804 -0.7362581 7.8832712 -0.1344916 -0.0616901 -0.0402816 0.9881719
1739772434.673512 0.6199269 -0.7007537 7.9477577 -0.1368593 -0.0569147 -0.0412296 0.9880943
1739772434.778206 0.6298487 -0.6734701 8.0228071 -0.1407986 -0.0519113 -0.0419365 0.9877866
1739772434.891284 0.6397482 -0.6311667 8.0948858 -0.1434605 -0.0478220 -0.0427741 0.9875741
1739772434.991829 0.6286299 -0.5910380 8.1640911 -0.1462318 -0.0434104 -0.0433646 0.9873456
1739772435.099420 0.6116852 -0.5497835 8.2371855 -0.1487040 -0.0395119 -0.0439756 0.9871131
1739772435.204994 0.6111825 -0.5234215 8.3138313 -0.1524344 -0.0361771 -0.0448284 0.9866334
1739772435.317850 0.6034966 -0.4916927 8.3849888 -0.1547831 -0.0334036 -0.0452889 0.9863444
1739772435.419641 0.5917485 -0.4627462 8.4609957 -0.1574658 -0.0300513 -0.0461568 0.9859874
1739772435.520572 0.5860471 -0.4395950 8.5368147 -0.1601222 -0.0277200 -0.0467414 0.9856002
1739772435.627921 0.5959561 -0.4217647 8.6145248 -0.1635902 -0.0258363 -0.0468150 0.9850782
1739772435.731779 0.6203441 -0.3743476 8.6866884 -0.1656266 -0.0246954 -0.0469084 0.9847627
1739772435.848368 0.6281734 -0.3478611 8.7616377 -0.1679208 -0.0227904 -0.0475302 0.9843902
1739772435.954686 0.5987441 -0.3098853 8.8330078 -0.1696781 -0.0198795 -0.0484392 0.9841077
1739772436.068744 0.6140890 -0.2632740 8.8992739 -0.1717966 -0.0184880 -0.0482277 0.9837775
1739772436.172970 0.5951367 -0.2267251 8.9654865 -0.1740903 -0.0152059 -0.0492340 0.9833806
1739772436.273973 0.6032656 -0.2063278 9.0456762 -0.1781873 -0.0129825 -0.0498632 0.9826466
1739772436.384170 0.6119541 -0.1720587 9.1210079 -0.1809947 -0.0105576 -0.0502696 0.9821417
1739772436.487359 0.6311823 -0.1268387 9.1852636 -0.1832222 -0.0080281 -0.0506673 0.9817321
1739772436.597281 0.6343659 -0.0820800 9.2522821 -0.1851205 -0.0053690 -0.0516097 0.9813450
1739772436.698660 0.6280178 -0.0518606 9.3265953 -0.1882065 -0.0019992 -0.0522129 0.9807386
1739772436.806015 0.6141960 -0.0194634 9.4033575 -0.1909919 0.0012356 -0.0526801 0.9801762
1739772436.909184 0.6293656 0.0018739 9.4833546 -0.1948262 0.0034017 -0.0535335 0.9793699
1739772437.009855 0.6018674 0.0345208 9.5583200 -0.1970214 0.0072814 -0.0540110 0.9788833
1739772437.127545 0.5961770 0.0794559 9.6291447 -0.1997601 0.0106817 -0.0542538 0.9782834
1739772437.226891 0.6092480 0.1125139 9.7059107 -0.2026406 0.0139924 -0.0550305 0.9776056
1739772437.335599 0.6070170 0.1638522 9.7768831 -0.2045308 0.0179995 -0.0559031 0.9770967
1739772437.435717 0.6177651 0.2049076 9.8473368 -0.2064472 0.0219996 -0.0567898 0.9765605
1739772437.534859 0.6351900 0.2424452 9.9148731 -0.2086708 0.0260320 -0.0575538 0.9759439
1739772437.640919 0.6610173 0.2893918 9.9829979 -0.2102683 0.0300439 -0.0579549 0.9754618
1739772437.765043 0.6903703 0.3230032 10.0559940 -0.2124223 0.0337898 -0.0585557 0.9748366
1739772437.886497 0.7152313 0.3589976 10.1314068 -0.2141764 0.0374677 -0.0592928 0.9742736
1739772437.984933 0.7281045 0.3956939 10.2036171 -0.2151474 0.0417126 -0.0600270 0.9738421
1739772438.089633 0.7416661 0.4272882 10.2746677 -0.2164129 0.0458229 -0.0608586 0.9733252
1739772438.197613 0.7544016 0.4638313 10.3530941 -0.2173819 0.0495561 -0.0616917 0.9728738
1739772438.299011 0.7781159 0.4900857 10.4327822 -0.2184367 0.0529703 -0.0626063 0.9723991
1739772438.414277 0.7912273 0.5276400 10.5008669 -0.2189171 0.0570302 -0.0631560 0.9720258
1739772438.515375 0.7815777 0.5615870 10.5801001 -0.2190377 0.0609516 -0.0643617 0.9716815
1739772438.631028 0.7913939 0.5843958 10.6570530 -0.2198664 0.0641488 -0.0649333 0.9712504
1739772438.732440 0.7945390 0.6270350 10.7332087 -0.2199338 0.0675730 -0.0655915 0.9709587
1739772438.840019 0.7978674 0.6616673 10.8101635 -0.2202498 0.0709971 -0.0666008 0.9705740
1739772438.938822 0.8096033 0.6978590 10.8775196 -0.2204308 0.0741594 -0.0672011 0.9702550
1739772439.039020 0.8212178 0.7271003 10.9441414 -0.2203414 0.0782608 -0.0683658 0.9698717
1739772439.141453 0.8399118 0.7790526 11.0184689 -0.2196897 0.0816513 -0.0688204 0.9697078
1739772439.238566 0.8652904 0.8119486 11.0876074 -0.2194582 0.0850296 -0.0693044 0.9694354
1739772439.339762 0.8974954 0.8466755 11.1734152 -0.2199924 0.0873210 -0.0701751 0.9690479
1739772439.439212 0.9117721 0.8657535 11.2163124 -0.2184857 0.0926012 -0.0716744 0.9687889
1739772439.539732 0.9542121 0.9089149 11.3161144 -0.2187771 0.0936292 -0.0716380 0.9686270
1739772439.642447 0.9723045 0.9330354 11.3831081 -0.2189862 0.0976090 -0.0726624 0.9681104
1739772439.740304 0.9905233 0.9578490 11.4467888 -0.2187467 0.1011563 -0.0736024 0.9677293
1739772439.843187 0.9971565 0.9952258 11.5127993 -0.2190977 0.1047558 -0.0740446 0.9672331
1739772439.942633 1.0165936 1.0374746 11.6099987 -0.2193054 0.1075281 -0.0748153 0.9668224
1739772440.039541 1.0318813 1.0729853 11.6742001 -0.2176780 0.1112408 -0.0757208 0.9666996
1739772440.142380 1.0604953 1.1093509 11.7436733 -0.2171485 0.1137975 -0.0759739 0.9665012
1739772440.348250 1.1127996 1.1645603 11.8951168 -0.2173814 0.1207621 -0.0776565 0.9654695
1739772440.456381 1.1473366 1.2009784 11.9628019 -0.2171247 0.1237679 -0.0780867 0.9651119
1739772440.554186 1.1701763 1.2326272 12.0324249 -0.2167439 0.1269062 -0.0789831 0.9647169
1739772440.961238 1.2558675 1.3779782 12.3253717 -0.2153154 0.1387903 -0.0817520 0.9631683
1739772441.059144 1.2969458 1.4106188 12.4153624 -0.2163040 0.1403677 -0.0821471 0.9626845
1739772441.262570 1.3551358 1.4652748 12.5421963 -0.2143782 0.1454175 -0.0831816 0.9622768
1739772441.369145 1.3890439 1.4841168 12.6100121 -0.2147583 0.1476476 -0.0835108 0.9618238
1739772441.466465 1.4146056 1.5143762 12.6773844 -0.2145896 0.1503022 -0.0837114 0.9614328
1739772441.673338 1.4792280 1.5724130 12.8210020 -0.2143616 0.1544524 -0.0845201 0.9607549
1739772441.871704 1.5327830 1.6490541 12.9982262 -0.2156597 0.1609538 -0.0863689 0.9592316
1739772442.079697 1.6131600 1.7239084 13.1027670 -0.2135450 0.1638610 -0.0865956 0.9591920
1739772442.276081 1.6532786 1.7863483 13.2454662 -0.2159706 0.1690334 -0.0873248 0.9576841
1739772442.483630 1.6990664 1.8442488 13.4148178 -0.2197279 0.1745201 -0.0882777 0.9557559
1739772442.685205 1.7679634 1.9043143 13.5479774 -0.2220266 0.1795818 -0.0885950 0.9542565
1739772442.781166 1.8071942 1.9523519 13.6281090 -0.2203664 0.1823644 -0.0894568 0.9540333
1739772442.984863 1.8810453 1.9929241 13.7486095 -0.2268887 0.1887684 -0.0895220 0.9512486
1739772443.191073 1.9322658 2.0523443 13.8625908 -0.2327282 0.1977150 -0.0900741 0.9479626
1739772443.585626 2.1210041 2.2066307 14.1422596 -0.2450465 0.2081019 -0.0895312 0.9426717
1739772444.077751 2.3277762 2.3937173 14.4474163 -0.2671290 0.2254377 -0.0884288 0.9327381
1739772444.384844 2.4603662 2.5100331 14.6231966 -0.2825312 0.2346443 -0.0867134 0.9260664
1739772444.679699 2.5756173 2.6520634 14.8000431 -0.2992374 0.2426021 -0.0839117 0.9189995
1739772444.975129 2.7093031 2.8159356 14.9458981 -0.3144260 0.2500055 -0.0814325 0.9121416
1739772445.265161 2.8386779 2.9617052 15.0965271 -0.3276210 0.2564405 -0.0795182 0.9058585
1739772445.466853 2.9269383 3.0738335 15.1842203 -0.3346375 0.2607985 -0.0790782 0.9020801
1739772445.755923 3.0637019 3.2271013 15.3211727 -0.3427739 0.2668183 -0.0779620 0.8973495
1739772446.040611 3.1940360 3.3700895 15.4728508 -0.3484156 0.2739418 -0.0786539 0.8929591
1739772446.233043 3.2890427 3.4699063 15.5676212 -0.3509512 0.2791474 -0.0795422 0.8902713
1739772446.437432 3.3812594 3.5704927 15.6610126 -0.3525375 0.2849329 -0.0810767 0.8876695
1739772446.729658 3.5216782 3.7063055 15.8162727 -0.3536940 0.2941516 -0.0841866 0.8839049
1739772447.019807 3.6766117 3.8490143 15.9513407 -0.3536484 0.3046976 -0.0879087 0.8799797
1739772447.218274 3.7878356 3.9397588 16.0322800 -0.3534475 0.3114517 -0.0908745 0.8773908
1739772447.509516 3.9656940 4.0623488 16.1551437 -0.3536615 0.3217134 -0.0948259 0.8731736
1739772447.698727 4.0902228 4.1479006 16.2346687 -0.3543371 0.3283149 -0.0963001 0.8702763
1739772447.896824 4.2019877 4.2403064 16.3098717 -0.3553092 0.3339330 -0.0978337 0.8675671
1739772448.296049 4.4345756 4.4147243 16.4665604 -0.3576050 0.3428319 -0.1002028 0.8628698
1739772448.499742 4.5358477 4.5056171 16.5482445 -0.3586550 0.3470450 -0.1011274 0.8606391
1739772448.708621 4.6408415 4.6112823 16.6452007 -0.3612380 0.3497560 -0.1008085 0.8584961
1739772448.998832 4.7989917 4.7608333 16.7543564 -0.3638027 0.3539256 -0.1013218 0.8556390
1739772449.209227 4.9110675 4.8546677 16.8329659 -0.3655452 0.3564111 -0.1014573 0.8538467
1739772449.406468 5.0408993 4.9357533 16.9025269 -0.3685200 0.3587674 -0.1007412 0.8516632
1739772449.591594 5.1529350 5.0276480 16.9720287 -0.3707999 0.3610824 -0.1009139 0.8496725
1739772449.796056 5.2617502 5.1205587 17.0533657 -0.3731944 0.3632475 -0.1002897 0.8477731
1739772449.991459 5.3965416 5.1938553 17.1154213 -0.3755129 0.3655970 -0.1006663 0.8456921
1739772450.277326 5.5660844 5.3411942 17.2148743 -0.3797451 0.3691931 -0.0998916 0.8423252
1739772450.686619 5.7675362 5.5540032 17.3656425 -0.3840666 0.3734633 -0.0994543 0.8385266
1739772450.986773 5.9440770 5.6956325 17.4656391 -0.3871171 0.3763277 -0.0991198 0.8358787
1739772451.383456 6.1951303 5.8784413 17.5833740 -0.3902124 0.3802849 -0.0991942 0.8326333
1739772451.675565 6.3568025 6.0185909 17.6876965 -0.3911177 0.3831239 -0.0995577 0.8308617
1739772451.964808 6.5564709 6.1415825 17.7529793 -0.3916871 0.3841679 -0.0994182 0.8301279
1739772452.253685 6.7371755 6.2715278 17.8523178 -0.3915432 0.3845090 -0.0994901 0.8300292
1739772452.453427 6.8481092 6.3665047 17.9242554 -0.3916238 0.3836360 -0.0990733 0.8304449
1739772452.868368 7.0538278 6.5849781 18.0550079 -0.3904874 0.3805259 -0.0976408 0.8325779
1739772453.269722 7.2784252 6.7723098 18.2007828 -0.3888428 0.3767522 -0.0965258 0.8351897
1739772453.472278 7.3976040 6.8553619 18.2755394 -0.3873352 0.3748374 -0.0967509 0.8367243
1739772453.767455 7.5709815 6.9977007 18.3659706 -0.3839796 0.3725355 -0.0970994 0.8392548
1739772454.078594 7.7319412 7.1353903 18.4820709 -0.3802385 0.3706730 -0.0982923 0.8416405
1739772454.395848 7.8969564 7.2800121 18.5870743 -0.3754242 0.3698413 -0.0993639 0.8440385
1739772454.694244 8.0676088 7.4047618 18.6938362 -0.3703112 0.3700750 -0.1017710 0.8459060
1739772454.904059 8.1715012 7.4965229 18.7733421 -0.3667074 0.3708061 -0.1038320 0.8469046
1739772455.211749 8.3235292 7.6277723 18.8857155 -0.3610958 0.3734185 -0.1071470 0.8477547
1739772455.415485 8.4509649 7.6996403 18.9540596 -0.3574496 0.3749646 -0.1095717 0.8483074
1739772455.616652 8.5726004 7.7949739 19.0182362 -0.3525657 0.3776444 -0.1125790 0.8487686
1739772455.826493 8.7016525 7.8377352 19.0809250 -0.3503087 0.3796999 -0.1156446 0.8483738
1739772456.041431 8.8360605 7.9176798 19.1384773 -0.3452874 0.3828398 -0.1180277 0.8486930
1739772456.146883 8.8907013 7.9206290 19.1673584 -0.3449477 0.3841450 -0.1189088 0.8481181
1739772456.242720 8.9225101 7.9204712 19.1854591 -0.3423979 0.3851713 -0.1178563 0.8488325
1739772456.341558 8.9535599 7.9317975 19.2039337 -0.3396542 0.3863807 -0.1193694 0.8491737
1739772456.446136 9.0073280 7.9295936 19.2303162 -0.3393864 0.3877035 -0.1196903 0.8486325
1739772456.544197 9.0531912 7.9354925 19.2639885 -0.3387154 0.3894833 -0.1200256 0.8480381
1739772456.652680 9.1089706 7.9870257 19.3011208 -0.3357975 0.3915881 -0.1215481 0.8480123
1739772456.756740 9.1664677 8.0347834 19.3352547 -0.3330646 0.3929347 -0.1234819 0.8481878
1739772456.859269 9.2258215 8.0721931 19.3740578 -0.3308552 0.3954849 -0.1246550 0.8476955
1739772456.969359 9.2644005 8.0791664 19.3895035 -0.3292540 0.3965247 -0.1253709 0.8477276
1739772457.096291 9.2702589 8.0778694 19.3933945 -0.3278724 0.3981517 -0.1264098 0.8473461
1739772457.200287 9.2952480 8.0814066 19.4110126 -0.3257411 0.3988295 -0.1253478 0.8480069
1739772457.302027 9.3440094 8.0829182 19.4389515 -0.3242020 0.3986256 -0.1246638 0.8487930
1739772457.413696 9.3934898 8.1018810 19.4862938 -0.3225326 0.4010327 -0.1252281 0.8482119
1739772457.512143 9.4290657 8.1086121 19.5040092 -0.3210999 0.4009728 -0.1261044 0.8486539
1739772457.610237 9.4860630 8.1192856 19.5360985 -0.3198228 0.4019452 -0.1270573 0.8485340
1739772457.725628 9.5499334 8.1311188 19.5824661 -0.3180674 0.4026960 -0.1267921 0.8488774
1739772457.824761 9.6090221 8.1578732 19.6331272 -0.3158537 0.4036756 -0.1278661 0.8490776
1739772457.930075 9.6629610 8.1770382 19.6648788 -0.3141933 0.4045317 -0.1296182 0.8490205
1739772458.029766 9.6987057 8.1762924 19.6841812 -0.3121691 0.4047456 -0.1312996 0.8494068
1739772458.136546 9.7431936 8.1734676 19.7063103 -0.3107653 0.4039766 -0.1317500 0.8502175
1739772458.239410 9.7513847 8.1712704 19.7132893 -0.3088966 0.4040360 -0.1310865 0.8509725
1739772458.343119 9.7554884 8.1712866 19.7149849 -0.3073799 0.4036776 -0.1327388 0.8514355
1739772458.548949 9.7850485 8.1689749 19.7310486 -0.3037270 0.4043006 -0.1338010 0.8522841
1739772458.659549 9.7909222 8.1706047 19.7338257 -0.3027463 0.4049693 -0.1357663 0.8520048
1739772458.762719 9.8043766 8.1694832 19.7423515 -0.3013875 0.4048100 -0.1363003 0.8524768
1739772458.866004 9.7956095 8.1664476 19.7394199 -0.2995845 0.4052095 -0.1353328 0.8530765
1739772458.979422 9.8008451 8.1677341 19.7413845 -0.2998308 0.4054132 -0.1372703 0.8525835
1739772459.079135 9.8253307 8.1588144 19.7577801 -0.2993133 0.4047490 -0.1390527 0.8527920
1739772459.185302 9.8290901 8.1698208 19.7578831 -0.2967778 0.4055372 -0.1426422 0.8527108
1739772459.287993 9.8430176 8.1608505 19.7662010 -0.2983131 0.4056549 -0.1449492 0.8517295
1739772459.395255 9.8432598 8.1622295 19.7673111 -0.2952276 0.4063471 -0.1439759 0.8526392
1739772459.495483 9.8375187 8.1642761 19.7638626 -0.2934252 0.4058958 -0.1436903 0.8535241
1739772459.596344 9.8407631 8.1612206 19.7677670 -0.2918427 0.4064533 -0.1439663 0.8537548
1739772459.702129 9.8610497 8.1595573 19.7778149 -0.2893241 0.4056936 -0.1449766 0.8548018
1739772459.805631 9.9091768 8.1550846 19.8061981 -0.2855915 0.4038698 -0.1441230 0.8570620
1739772459.918174 9.9457483 8.1526251 19.8231812 -0.2837097 0.4019161 -0.1424181 0.8588884
1739772460.019003 9.9686718 8.1558104 19.8486824 -0.2810618 0.4013411 -0.1419778 0.8601000
1739772460.131490 10.0002041 8.1540890 19.8680210 -0.2783733 0.4007320 -0.1424887 0.8611732
1739772460.231910 10.0314941 8.1466913 19.8839760 -0.2762776 0.3984374 -0.1417816 0.8630274
1739772460.333735 10.0683270 8.1375637 19.9054909 -0.2739858 0.3961562 -0.1393089 0.8652081
1739772460.453065 10.0989218 8.1319847 19.9246902 -0.2716117 0.3961000 -0.1397224 0.8659154
1739772460.555600 10.1197510 8.1291409 19.9392033 -0.2700254 0.3954625 -0.1405333 0.8665715
1739772460.665586 10.1618710 8.1304379 19.9642372 -0.2670790 0.3933733 -0.1401630 0.8684933
1739772460.778659 10.1801949 8.1261559 19.9779778 -0.2649406 0.3940703 -0.1410608 0.8686869
1739772460.884275 10.1919422 8.1215057 19.9828453 -0.2626634 0.3932833 -0.1411393 0.8697217
1739772460.995590 10.2451830 8.1228552 20.0206528 -0.2598649 0.3923630 -0.1405858 0.8710667
1739772461.095931 10.2876740 8.1232595 20.0434418 -0.2567823 0.3900333 -0.1406596 0.8730130
1739772461.207212 10.3226824 8.1255674 20.0543308 -0.2535580 0.3879079 -0.1409124 0.8748597
1739772461.309587 10.3718758 8.1292429 20.0763969 -0.2493023 0.3851691 -0.1415725 0.8771832
1739772461.419445 10.4138279 8.1404877 20.1265945 -0.2471981 0.3850519 -0.1422141 0.8777262
1739772461.524792 10.4553804 8.1442833 20.1407070 -0.2427324 0.3824886 -0.1429429 0.8799720
1739772461.626862 10.4649057 8.1423740 20.1468811 -0.2398915 0.3809749 -0.1438576 0.8812578
1739772461.733582 10.4971266 8.1485348 20.1673412 -0.2345623 0.3788900 -0.1446867 0.8834527
1739772461.835527 10.5608978 8.1642475 20.1856174 -0.2292414 0.3755454 -0.1456228 0.8861197
1739772461.951317 10.6251373 8.1791706 20.2310638 -0.2259845 0.3745734 -0.1461575 0.8872789
1739772462.053585 10.6858540 8.1763229 20.2766151 -0.2235064 0.3736033 -0.1465884 0.8882440
1739772462.161783 10.7196417 8.1800385 20.2965660 -0.2184098 0.3703091 -0.1485489 0.8905625
1739772462.264190 10.7364235 8.1794901 20.3070602 -0.2152586 0.3690071 -0.1490473 0.8917861
1739772462.364295 10.7783356 8.1869373 20.3351898 -0.2096735 0.3666246 -0.1497201 0.8939840
1739772462.471068 10.8321972 8.1910839 20.3760376 -0.2049248 0.3644333 -0.1509805 0.8957673
1739772462.571021 10.8635931 8.1906538 20.4004192 -0.1993517 0.3622420 -0.1515935 0.8978080
1739772462.678866 10.8803692 8.1957502 20.4166374 -0.1901630 0.3594211 -0.1528750 0.9007129
1739772462.782263 10.9210377 8.1943789 20.4332390 -0.1853088 0.3545291 -0.1547201 0.9033446
1739772462.901426 10.9514313 8.1945457 20.4609871 -0.1801046 0.3525642 -0.1552327 0.9050766
1739772463.002135 10.9777021 8.2014637 20.4787521 -0.1726373 0.3491150 -0.1583468 0.9073265
1739772463.102511 11.0201225 8.2180328 20.5085335 -0.1632129 0.3471901 -0.1612031 0.9093042
1739772463.210301 11.0753288 8.2227106 20.5561523 -0.1567347 0.3440971 -0.1632808 0.9112469
1739772463.307966 11.1152430 8.2312174 20.5716057 -0.1486768 0.3383572 -0.1659431 0.9142607
1739772463.416631 11.1617012 8.2208719 20.6226940 -0.1428627 0.3365235 -0.1674163 0.9155949
1739772463.521999 11.1884556 8.2194176 20.6428719 -0.1353231 0.3326081 -0.1709331 0.9175192
1739772463.628338 11.2232838 8.2052708 20.6800079 -0.1306578 0.3288700 -0.1721977 0.9193047
1739772463.735680 11.2583380 8.2063599 20.7491150 -0.1249079 0.3281892 -0.1741302 0.9199829
1739772463.838577 11.3054113 8.1995087 20.8163376 -0.1193582 0.3267787 -0.1758684 0.9208907
1739772463.953447 11.3601723 8.2064018 20.8656807 -0.1126276 0.3233952 -0.1781349 0.9224958
1739772464.058010 11.4002609 8.2042475 20.9198341 -0.1064615 0.3212305 -0.1787146 0.9238712
1739772464.163861 11.4473057 8.2091694 20.9727898 -0.0997313 0.3191848 -0.1812458 0.9248377
1739772464.267452 11.4689598 8.2035122 21.0260181 -0.0945229 0.3212312 -0.1847903 0.9239743
1739772464.369741 11.5035915 8.1952324 21.0539665 -0.0899357 0.3186112 -0.1861147 0.9250728
1739772464.480625 11.5394802 8.1910534 21.1091099 -0.0837740 0.3184537 -0.1884891 0.9252248
1739772464.579511 11.5794411 8.1870337 21.1627502 -0.0788127 0.3176672 -0.1913738 0.9253390
1739772464.686308 11.6008024 8.1822205 21.2033157 -0.0741700 0.3173864 -0.1940851 0.9252544
1739772464.789968 11.6123314 8.1796551 21.2209930 -0.0693902 0.3176399 -0.1981059 0.9246859
1739772464.907213 11.6427116 8.1765528 21.2765141 -0.0621112 0.3191974 -0.2000539 0.9242476
1739772465.011664 11.6928291 8.1728487 21.3383808 -0.0563946 0.3182566 -0.2024064 0.9244263
1739772465.113302 11.7358952 8.1655493 21.3940125 -0.0514587 0.3192137 -0.2039052 0.9240549
1739772465.218383 11.7725754 8.1579943 21.4545135 -0.0458760 0.3207552 -0.2057714 0.9234011
1739772465.320453 11.8312349 8.1512537 21.5112972 -0.0401084 0.3203336 -0.2071812 0.9235008
1739772465.430541 11.8762379 8.1357012 21.5773582 -0.0358992 0.3209542 -0.2090893 0.9230283
1739772465.531498 11.9196596 8.1300774 21.6158810 -0.0295628 0.3210835 -0.2103003 0.9229330
1739772465.631657 11.9575405 8.1273298 21.6496449 -0.0250655 0.3207504 -0.2130360 0.9225544
1739772465.741366 11.9925137 8.1174402 21.6858253 -0.0206151 0.3231121 -0.2158996 0.9211737
1739772465.843213 12.0396299 8.1008949 21.7525978 -0.0165112 0.3248683 -0.2174466 0.9202744
1739772465.947770 12.0750809 8.0841007 21.8171349 -0.0125790 0.3273440 -0.2186051 0.9191842
1739772466.048131 12.1316147 8.0777130 21.8746490 -0.0068593 0.3288040 -0.2199475 0.9184030
1739772466.155307 12.1803799 8.0714283 21.9269257 -0.0007345 0.3305581 -0.2214638 0.9174337
1739772466.260885 12.2091732 8.0596476 21.9657974 0.0022159 0.3320613 -0.2229542 0.9165270
1739772466.359493 12.2350435 8.0546417 21.9933777 0.0074653 0.3338469 -0.2242590 0.9155318
1739772466.466417 12.2616062 8.0443611 22.0335007 0.0107400 0.3372994 -0.2237808 0.9143500
1739772466.567380 12.3011808 8.0344830 22.0956669 0.0152924 0.3394050 -0.2247369 0.9132709
1739772466.679933 12.3469706 8.0224314 22.1526127 0.0197370 0.3426086 -0.2264495 0.9115648
1739772466.781267 12.3923330 8.0136700 22.2044964 0.0246354 0.3447390 -0.2281189 0.9102252
1739772466.879949 12.4346485 8.0081596 22.2540646 0.0294152 0.3477244 -0.2296513 0.9085609
1739772466.986579 12.4834738 7.9938755 22.3083344 0.0335519 0.3504842 -0.2300001 0.9072679
1739772467.090846 12.5443077 7.9778156 22.3762474 0.0383218 0.3528473 -0.2317761 0.9057097
1739772467.196652 12.5871553 7.9678040 22.4248352 0.0428621 0.3546024 -0.2326452 0.9045973
1739772467.297653 12.6324081 7.9566264 22.4870110 0.0464617 0.3567739 -0.2334464 0.9033585
1739772467.404686 12.6838913 7.9467340 22.5576286 0.0521239 0.3597249 -0.2352461 0.9014102
1739772467.506799 12.7204704 7.9362822 22.6074257 0.0547798 0.3621022 -0.2350394 0.9003542
1739772467.605755 12.7673445 7.9104300 22.6624737 0.0575908 0.3640616 -0.2358431 0.8991777
1739772467.714239 12.8160305 7.8831692 22.7112274 0.0602131 0.3663558 -0.2366547 0.8978599
1739772467.814630 12.8753576 7.8576317 22.7649193 0.0633205 0.3674701 -0.2380742 0.8968149
1739772467.917458 12.9263010 7.8531995 22.8271255 0.0663397 0.3692073 -0.2391083 0.8956072
1739772468.018275 12.9749460 7.8229423 22.8789864 0.0682518 0.3714145 -0.2399249 0.8943316
1739772468.116131 13.0249405 7.7934790 22.9294167 0.0700592 0.3730512 -0.2398980 0.8935175
1739772468.218856 13.0768118 7.7650204 22.9907913 0.0722362 0.3753000 -0.2401758 0.8923270
1739772468.317425 13.1287279 7.7389979 23.0348206 0.0741506 0.3760166 -0.2409087 0.8916705
1739772468.425551 13.1881828 7.7106032 23.0885468 0.0754682 0.3762956 -0.2410405 0.8914065
1739772468.525193 13.2399569 7.6897469 23.1392612 0.0779857 0.3780912 -0.2416120 0.8902746
1739772468.624928 13.2931461 7.6717882 23.2204514 0.0791064 0.3791233 -0.2426852 0.8894445
1739772468.732531 13.3295918 7.6909089 23.2837601 0.0821550 0.3810169 -0.2438834 0.8880302
1739772468.831301 13.3597221 7.6867771 23.3430252 0.0835521 0.3835638 -0.2428283 0.8870921
1739772468.941841 13.3976688 7.7046099 23.4073277 0.0867839 0.3854567 -0.2453548 0.8852642
1739772469.052577 13.4320059 7.7016077 23.4736843 0.0880699 0.3872802 -0.2465096 0.8840197
1739772469.167961 13.4703770 7.7110014 23.5362701 0.0903629 0.3890905 -0.2475887 0.8826907
1739772469.266934 13.5025053 7.7295918 23.5861511 0.0935055 0.3904094 -0.2476730 0.8817570
1739772469.369692 13.5442715 7.7449446 23.6485577 0.0961208 0.3906888 -0.2495573 0.8808202
1739772469.481573 13.5850220 7.7558651 23.7160950 0.0975231 0.3908633 -0.2531410 0.8795651
1739772469.580802 13.6287422 7.7514615 23.7798939 0.0984930 0.3920088 -0.2519828 0.8792797
1739772469.689482 13.6728592 7.7157979 23.8409042 0.0987205 0.3921786 -0.2523170 0.8790827
1739772469.794328 13.7261009 7.6796060 23.8973694 0.0988742 0.3924749 -0.2528521 0.8787794
1739772469.906147 13.7734709 7.6504707 23.9478626 0.0992923 0.3927787 -0.2520996 0.8788127
1739772470.011495 13.8241100 7.6122880 24.0054169 0.0992100 0.3934645 -0.2523379 0.8784467
1739772470.113532 13.8775806 7.5793986 24.0588322 0.0993719 0.3933453 -0.2522852 0.8784969
1739772470.221294 13.9234886 7.5528731 24.1161518 0.0998056 0.3939997 -0.2514188 0.8784029
1739772470.325274 13.9763546 7.5301437 24.1780796 0.1003701 0.3941511 -0.2515770 0.8782253
1739772470.437582 14.0259628 7.4870853 24.2268372 0.0999011 0.3932668 -0.2517710 0.8786196
1739772470.542032 14.0748119 7.4423857 24.2879276 0.0988744 0.3930306 -0.2511563 0.8790172
1739772470.656325 14.1217213 7.4200969 24.3444366 0.0990192 0.3929095 -0.2517752 0.8788781
1739772470.767357 14.1700592 7.3986793 24.4107285 0.0992658 0.3932838 -0.2515251 0.8787544
1739772470.868239 14.2249413 7.3663278 24.4676933 0.0990727 0.3927378 -0.2515476 0.8790140
1739772470.983152 14.2721329 7.3258114 24.5207138 0.0983006 0.3924802 -0.2508306 0.8794205
1739772471.085808 14.3215656 7.2989264 24.5761566 0.0980592 0.3921022 -0.2512600 0.8794934
1739772471.201003 14.3729286 7.2678723 24.6418686 0.0973950 0.3921144 -0.2511073 0.8796055
1739772471.412039 14.4838085 7.2037773 24.7509594 0.0962614 0.3914139 -0.2508899 0.8801041
1739772471.514602 14.5441885 7.1783743 24.8037357 0.0960791 0.3906382 -0.2510520 0.8804224
1739772471.617409 14.5996819 7.1423283 24.8546410 0.0950010 0.3900683 -0.2506504 0.8809063
1739772471.829127 14.7066317 7.0936861 24.9740162 0.0940431 0.3898631 -0.2499687 0.8812936
1739772471.938009 14.7645817 7.0699248 25.0284252 0.0938404 0.3891993 -0.2499187 0.8816227
1739772472.156477 14.8633480 7.0064335 25.1500359 0.0915392 0.3880740 -0.2498356 0.8823839
1739772472.254751 14.9111290 6.9834828 25.2128201 0.0913753 0.3874092 -0.2497210 0.8827254
1739772472.356802 14.9586658 6.9538388 25.2769623 0.0901814 0.3873597 -0.2492943 0.8829905
1739772472.572135 15.0578804 6.9045196 25.3939190 0.0887999 0.3872380 -0.2490115 0.8832636
1739772472.784121 15.1882334 6.8570747 25.4942245 0.0880370 0.3851295 -0.2488750 0.8842998
1739772472.998621 15.2798576 6.7782173 25.6120682 0.0855758 0.3843203 -0.2488216 0.8849083
1739772473.100683 15.3257046 6.7562375 25.6747398 0.0851023 0.3839007 -0.2486535 0.8851832
1739772473.213361 15.3768101 6.7255840 25.7263947 0.0839585 0.3826547 -0.2485756 0.8858536
1739772473.315657 15.4284945 6.6878133 25.7773590 0.0822868 0.3814361 -0.2482230 0.8866345
1739772473.642958 15.5950708 6.6183643 25.9563599 0.0781967 0.3748021 -0.2481748 0.8898416
1739772473.758867 15.6414185 6.5855136 26.0168304 0.0758914 0.3725747 -0.2478878 0.8910556
1739772473.867058 15.6892242 6.5660906 26.0792809 0.0743641 0.3701426 -0.2476518 0.8922629
1739772473.990741 15.7331791 6.5433292 26.1442719 0.0717236 0.3677844 -0.2474855 0.8934995
1739772474.319799 15.9020653 6.4681120 26.3207779 0.0635161 0.3560652 -0.2465120 0.8991191
1739772474.541304 15.9949913 6.4223943 26.4435120 0.0564637 0.3485087 -0.2450873 0.9029317
1739772474.769916 16.0816193 6.3905864 26.5797863 0.0483783 0.3396559 -0.2438478 0.9071007
1739772475.000771 16.1634178 6.3641605 26.7238178 0.0392831 0.3304691 -0.2421847 0.9113691
1739772475.223498 16.2410469 6.3355370 26.8691292 0.0286927 0.3215821 -0.2398883 0.9155411
1739772475.452014 16.3305912 6.3218236 27.0087967 0.0184333 0.3128614 -0.2377486 0.9193767
1739772475.669722 16.4217091 6.3048792 27.1439342 0.0066376 0.3046962 -0.2342986 0.9231578
1739772475.891289 16.5176353 6.2983379 27.2802162 -0.0058039 0.2979197 -0.2310624 0.9261860
1739772476.117066 16.6104641 6.2999997 27.4172153 -0.0188510 0.2923817 -0.2274459 0.9286689
1739772476.332681 16.7023964 6.2983308 27.5569553 -0.0325575 0.2878181 -0.2239670 0.9305587
1739772476.442137 16.7409859 6.2916441 27.6309452 -0.0396032 0.2867507 -0.2221171 0.9310583
1739772476.550180 16.7905273 6.2937994 27.6973076 -0.0464173 0.2847591 -0.2199084 0.9318787
1739772476.767416 16.8751202 6.3013601 27.8436394 -0.0606907 0.2826585 -0.2153749 0.9327564
1739772476.990909 16.9589481 6.3183208 27.9841805 -0.0760371 0.2823812 -0.2112918 0.9326494
1739772477.222694 17.0524693 6.3259969 28.1168079 -0.0918716 0.2827448 -0.2062197 0.9322491
1739772477.333602 17.0951900 6.3378463 28.1869755 -0.1000458 0.2836732 -0.2036267 0.9316955
1739772477.555432 17.1910725 6.3712997 28.3127632 -0.1170962 0.2846521 -0.1983791 0.9305415
1739772477.663287 17.2418823 6.3899107 28.3773289 -0.1267139 0.2853743 -0.1952696 0.9297177
1739772477.910536 17.3363266 6.4276233 28.5090065 -0.1468794 0.2877856 -0.1888613 0.9273281
1739772478.030426 17.3917980 6.4469390 28.5701656 -0.1573885 0.2887406 -0.1854142 0.9260018
1739772478.132900 17.4431705 6.4685183 28.6351147 -0.1682526 0.2902602 -0.1819866 0.9242948
1739772478.471661 17.6167469 6.5110083 28.8192329 -0.2039631 0.2940198 -0.1703307 0.9181170
1739772478.690966 17.7316113 6.5488310 28.9331169 -0.2304315 0.2955440 -0.1616018 0.9129293
1739772478.897573 17.8380051 6.6294804 29.0329361 -0.2575151 0.2961926 -0.1518511 0.9071368
1739772479.109239 17.9320564 6.7305884 29.1182785 -0.2857447 0.2962474 -0.1415523 0.9003057
1739772479.316966 18.0351009 6.8539519 29.1719456 -0.3127411 0.2937110 -0.1312352 0.8937025
1739772479.624525 18.1553040 7.0415678 29.2844219 -0.3531326 0.2906496 -0.1154497 0.8817548
1739772480.033767 18.3122082 7.3049011 29.4229813 -0.3970186 0.2830109 -0.0963601 0.8677533
1739772480.543377 18.5190849 7.6253233 29.5977745 -0.4336810 0.2736453 -0.0785457 0.8549091
1739772481.052161 18.7443886 7.9429626 29.7616920 -0.4482103 0.2656727 -0.0696859 0.8506876
1739772481.776868 19.0537224 8.3552780 30.0348511 -0.4411318 0.2524114 -0.0654257 0.8587263
1739772482.186815 19.2169724 8.5849094 30.2295036 -0.4275890 0.2408912 -0.0639568 0.8689353
1739772482.584013 19.3326225 8.8274488 30.4265289 -0.4113453 0.2277754 -0.0633250 0.8802860
1739772483.103204 19.5040989 9.1300993 30.6652603 -0.3862753 0.2105937 -0.0625890 0.8958372
1739772483.519747 19.6246014 9.3345203 30.9028244 -0.3644292 0.1970094 -0.0623979 0.9080116
1739772484.038325 19.7863235 9.5193558 31.2474937 -0.3408957 0.1808159 -0.0616877 0.9204838
1739772484.454528 19.8998394 9.6750011 31.5220242 -0.3284312 0.1682549 -0.0595912 0.9275086
1739772484.873225 19.9799843 9.8887129 31.7644424 -0.3239205 0.1554120 -0.0565176 0.9315194
1739772485.298321 20.0855293 10.1194830 31.9904022 -0.3237149 0.1422888 -0.0523476 0.9339284
1739772485.820780 20.2089252 10.3909798 32.2784767 -0.3238032 0.1243412 -0.0456795 0.9368053
1739772486.235487 20.2795925 10.5764399 32.5546799 -0.3197110 0.1090407 -0.0420255 0.9402813
1739772486.648255 20.3152199 10.7593155 32.8361092 -0.3114871 0.0943866 -0.0377417 0.9447976
1739772486.961986 20.3483448 10.9096365 33.0307083 -0.3026416 0.0818938 -0.0344481 0.9489546
1739772487.382384 20.4165421 11.1033354 33.2961273 -0.2900219 0.0660091 -0.0305426 0.9542522
1739772487.807900 20.4311428 11.2464104 33.6017685 -0.2807075 0.0503484 -0.0259574 0.9581203
1739772488.127974 20.4143810 11.3428335 33.8359566 -0.2783980 0.0399972 -0.0233624 0.9593482
1739772488.541676 20.4511395 11.5270243 34.1262512 -0.2794150 0.0243400 -0.0189642 0.9596745
1739772488.853466 20.4617558 11.6761827 34.3329277 -0.2843461 0.0144940 -0.0158687 0.9584808
1739772489.285635 20.4358311 11.8964415 34.5855865 -0.2898914 0.0018256 -0.0122685 0.9569792
1739772489.492304 20.4154835 11.9973869 34.7204132 -0.2929772 -0.0023371 -0.0108093 0.9560555
1739772489.819523 20.4350681 12.1504755 34.9201736 -0.2950565 -0.0069223 -0.0093194 0.9554093
1739772490.125817 20.4205399 12.2933369 35.1272392 -0.2938430 -0.0057776 -0.0094830 0.9557892
1739772490.432183 20.3772011 12.4311552 35.3342781 -0.2891645 0.0015419 -0.0119939 0.9572030
1739772490.845297 20.3481693 12.6089878 35.6195374 -0.2805932 0.0265769 -0.0193202 0.9592643
1739772491.153987 20.3803368 12.7288046 35.8371277 -0.2731001 0.0582955 -0.0281375 0.9598053
1739772491.478775 20.4464760 12.8275986 36.0597115 -0.2652783 0.1028047 -0.0409977 0.9577984
1739772491.792818 20.5379696 12.9100122 36.2742157 -0.2572201 0.1574845 -0.0568885 0.9517353
1739772492.112170 20.6679249 13.0152092 36.4539261 -0.2507021 0.2201011 -0.0741665 0.9397889
1739772492.540786 20.9459248 13.1373291 36.5961876 -0.2437729 0.3093735 -0.0976194 0.9139657
1739772492.856560 21.1898727 13.1885090 36.6679382 -0.2392886 0.3726217 -0.1128115 0.8894760
1739772493.289970 21.5136681 13.2243881 36.7683907 -0.2347230 0.4445492 -0.1294970 0.8546998
1739772493.601711 21.7485580 13.2407112 36.8522797 -0.2338781 0.4862247 -0.1372860 0.8306860
1739772493.906399 21.9872303 13.2750473 36.9148560 -0.2357731 0.5166629 -0.1410090 0.8109174
1739772494.206630 22.2296143 13.3221178 36.9671555 -0.2423400 0.5358617 -0.1401181 0.7965491
1739772494.510342 22.4688530 13.3904419 37.0242882 -0.2522444 0.5473075 -0.1349516 0.7865210
1739772494.809613 22.6954727 13.4781914 37.0779495 -0.2658346 0.5515458 -0.1260343 0.7805411
1739772495.113623 22.9122906 13.5843420 37.1333847 -0.2819054 0.5512758 -0.1148472 0.7768104
1739772495.418377 23.1376610 13.6755772 37.1731720 -0.2984789 0.5466766 -0.1009777 0.7757955
1739772495.717391 23.3629837 13.7728252 37.2216606 -0.3151491 0.5392219 -0.0870400 0.7761087
1739772496.038026 23.5690517 13.9030800 37.2725105 -0.3309975 0.5295158 -0.0719027 0.7777427
1739772496.336497 23.7671890 14.0463905 37.3272820 -0.3459363 0.5174455 -0.0571744 0.7805828
1739772496.633534 23.9580364 14.1988354 37.3843155 -0.3601026 0.5041924 -0.0424363 0.7837827
1739772496.939423 24.1430073 14.3509521 37.4513741 -0.3724454 0.4897193 -0.0276794 0.7878410
1739772497.146145 24.2586479 14.4643116 37.4898148 -0.3797431 0.4787840 -0.0187254 0.7913346
1739772497.352865 24.3738213 14.5691013 37.5379486 -0.3864994 0.4683530 -0.0097741 0.7944610
1739772497.558517 24.4914246 14.6800776 37.5809326 -0.3928036 0.4575885 -0.0014886 0.7976941
1739772497.857557 24.6475277 14.8549290 37.6620674 -0.4010402 0.4421208 0.0105979 0.8022367
1739772498.058960 24.7526169 14.9723396 37.7149353 -0.4057333 0.4323142 0.0181695 0.8050806
1739772498.365383 24.8950272 15.1548920 37.7992020 -0.4131031 0.4183294 0.0300682 0.8083577
1739772498.581768 24.9969921 15.2768040 37.8551941 -0.4183753 0.4078790 0.0351554 0.8107780
1739772498.882716 25.1279144 15.4641171 37.9421997 -0.4252451 0.3966388 0.0473162 0.8121610
1739772499.184422 25.2545776 15.6661997 38.0262566 -0.4323649 0.3862727 0.0551272 0.8129053
1739772499.502585 25.3828468 15.8594170 38.1138306 -0.4394363 0.3769872 0.0638264 0.8128361
1739772499.813187 25.4955616 16.0607624 38.1965446 -0.4462996 0.3710181 0.0709855 0.8112480
1739772500.024585 25.5781631 16.1933899 38.2492676 -0.4515011 0.3676856 0.0751954 0.8095059
1739772500.333134 25.6927452 16.3978596 38.3293381 -0.4587785 0.3633178 0.0794866 0.8069723
1739772500.541831 25.7759743 16.5328159 38.3637924 -0.4616013 0.3605074 0.0827313 0.8062966
1739772500.839918 25.8954525 16.7369728 38.4391327 -0.4666783 0.3579525 0.0873744 0.8040193
1739772501.040679 25.9763412 16.8749065 38.4799538 -0.4702364 0.3550035 0.0898359 0.8029817
1739772501.435703 26.1309776 17.1441364 38.5806618 -0.4739650 0.3494303 0.0950634 0.8026323
1739772501.755231 26.2390900 17.3544884 38.6582413 -0.4755009 0.3428000 0.0995947 0.8040323
1739772502.074550 26.3488693 17.5659733 38.7284050 -0.4749798 0.3342757 0.1049277 0.8072448
1739772502.274609 26.4141922 17.7102261 38.7764511 -0.4719643 0.3264018 0.1094326 0.8116256
1739772502.703015 26.5546341 17.9778538 38.9167328 -0.4682430 0.3111531 0.1188219 0.8184214
1739772503.012549 26.6316776 18.1988716 39.0072937 -0.4600205 0.2975500 0.1242756 0.8272852
1739772503.209335 26.6851425 18.3299351 39.0868073 -0.4563991 0.2884133 0.1292799 0.8317478
1739772503.408531 26.7236271 18.4529095 39.1666489 -0.4509532 0.2792657 0.1327800 0.8372702
1739772503.626853 26.7753372 18.5820122 39.2462387 -0.4465303 0.2701519 0.1376873 0.8418260
1739772503.828995 26.8074665 18.7159042 39.3291779 -0.4385507 0.2605080 0.1404245 0.8485811
1739772504.033999 26.8581333 18.8430309 39.4254303 -0.4338497 0.2505015 0.1449863 0.8532306
1739772504.231542 26.8915405 18.9764290 39.5190506 -0.4261976 0.2421484 0.1475095 0.8590463
1739772504.431044 26.9380035 19.1068687 39.6010590 -0.4206133 0.2334096 0.1504272 0.8636991
1739772504.632530 26.9609013 19.2436943 39.7055740 -0.4141922 0.2263210 0.1516366 0.8684641
1739772504.833898 26.9940910 19.3668518 39.8041382 -0.4095966 0.2180552 0.1497998 0.8730651
1739772505.038586 27.0037746 19.4791069 39.9089508 -0.4033429 0.2141143 0.1489385 0.8770900
1739772505.133081 27.0114098 19.5392838 39.9576225 -0.4008180 0.2133820 0.1492332 0.8783749
1739772505.231273 27.0324440 19.6045609 40.0094147 -0.3972263 0.2100968 0.1475184 0.8810840
1739772505.337745 27.0545158 19.6552010 40.0636024 -0.3942654 0.2079996 0.1493007 0.8826100
1739772505.433585 27.0776958 19.7143898 40.1145020 -0.3923362 0.2071706 0.1519787 0.8832073
1739772505.544924 27.0443993 19.7598190 40.1641846 -0.3913615 0.2053808 0.1439702 0.8853968
1739772505.645467 27.0183315 19.7897644 40.1744041 -0.3855345 0.2067441 0.1389655 0.8884304
1739772505.743480 27.0010986 19.8120308 40.1897507 -0.3828849 0.2071397 0.1366661 0.8898396
1739772505.942353 26.9249268 19.8602142 40.1931381 -0.3744006 0.2082982 0.1203321 0.8955201
1739772506.057659 26.9034042 19.8499069 40.2080688 -0.3715129 0.2105669 0.1187991 0.8963964
1739772506.153429 26.8774242 19.8748226 40.2096634 -0.3671077 0.2128686 0.1171305 0.8978861
1739772506.253313 26.8618622 19.8763828 40.2390976 -0.3667004 0.2144421 0.1110485 0.8984507
1739772506.356200 26.8281345 19.8779449 40.2470322 -0.3630658 0.2187302 0.1035551 0.8997870
1739772506.450824 26.8231678 19.9042664 40.2657928 -0.3605312 0.2186880 0.1007118 0.9011381
1739772506.558971 26.8140011 19.9205246 40.2717056 -0.3572791 0.2203860 0.0962991 0.9025010
1739772506.655239 26.7893772 19.9326191 40.2897034 -0.3552201 0.2245062 0.0900632 0.9029420
1739772506.758780 26.7755489 19.9469643 40.2955017 -0.3518911 0.2282279 0.0888838 0.9034292
1739772506.857738 26.7583923 19.9540062 40.3124237 -0.3489514 0.2322754 0.0847486 0.9039351
1739772506.960014 26.7514210 19.9536934 40.3276443 -0.3465452 0.2344126 0.0780468 0.9049121
1739772507.062388 26.7423458 19.9600697 40.3405609 -0.3460990 0.2369994 0.0727181 0.9048529
1739772507.162201 26.7332001 19.9824257 40.3291016 -0.3400387 0.2404722 0.0702251 0.9064299
1739772507.273818 26.7262611 20.0172501 40.3340149 -0.3349930 0.2432626 0.0687046 0.9076799
1739772507.372972 26.7197380 20.0391121 40.3270493 -0.3287127 0.2469479 0.0674481 0.9090739
1739772507.472495 26.7074146 20.0567188 40.3410683 -0.3244591 0.2515263 0.0626169 0.9096922
1739772507.581067 26.6991138 20.0753403 40.3463974 -0.3235391 0.2537741 0.0554709 0.9098594
1739772507.683028 26.6871777 20.0846901 40.3630028 -0.3208092 0.2594693 0.0533493 0.9093465
1739772507.795254 26.7029610 20.0724220 40.3713379 -0.3244432 0.2592037 0.0500906 0.9083177
1739772507.892274 26.7012157 20.0948086 40.3639069 -0.3197232 0.2605766 0.0443864 0.9098938
1739772507.991679 26.6929989 20.1157207 40.3832245 -0.3175546 0.2661441 0.0416477 0.9091710
1739772508.104987 26.6678829 20.1612396 40.3711319 -0.3070092 0.2714754 0.0375674 0.9113919
1739772508.204757 26.6725960 20.1828117 40.3688126 -0.3010338 0.2740663 0.0367367 0.9126427
1739772508.308159 26.6718025 20.1881027 40.3870926 -0.2988969 0.2771328 0.0348891 0.9124915
1739772508.409968 26.6646881 20.1876717 40.4215775 -0.2982686 0.2823756 0.0336879 0.9111339
1739772508.522339 26.6766510 20.1817646 40.4561691 -0.2998128 0.2850436 0.0330789 0.9098177
1739772508.618397 26.6777115 20.1833591 40.4885635 -0.3003874 0.2884257 0.0317028 0.9086105
1739772508.722246 26.7029419 20.1717396 40.5057182 -0.3012308 0.2881717 0.0278007 0.9085396
1739772508.827212 26.7389030 20.1595039 40.5344162 -0.3040666 0.2873154 0.0292037 0.9078219
1739772508.927589 26.7613106 20.1554298 40.5643158 -0.3059388 0.2887168 0.0286544 0.9067651
1739772509.034923 26.7798176 20.1461582 40.5776443 -0.3065408 0.2881043 0.0296863 0.9067234
1739772509.139306 26.8163013 20.1470566 40.5980530 -0.3076233 0.2866971 0.0293796 0.9068129
1739772509.237551 26.8561001 20.1858101 40.6473618 -0.3079767 0.2870199 0.0288486 0.9066078
1739772509.345686 26.8987598 20.2349091 40.6982803 -0.3086081 0.2872050 0.0294895 0.9063138
1739772509.447392 26.9437618 20.2824421 40.7542763 -0.3097024 0.2871128 0.0302631 0.9059442
1739772509.560500 26.9894066 20.3290005 40.8062134 -0.3102430 0.2864583 0.0291501 0.9060029
1739772509.773494 27.0941238 20.2947960 40.7667198 -0.3148212 0.2791392 0.0321292 0.9066073
1739772509.877601 27.1381397 20.3420258 40.8121986 -0.3153101 0.2772422 0.0333528 0.9069751
1739772509.977099 27.1786251 20.3907127 40.8643875 -0.3169073 0.2763066 0.0333896 0.9067026
1739772510.089283 27.2141266 20.4249954 40.9074402 -0.3172787 0.2761182 0.0346213 0.9065839
1739772510.194779 27.2553444 20.4721565 40.9606514 -0.3185984 0.2751330 0.0352472 0.9063965
1739772510.297768 27.2930870 20.5218239 41.0101891 -0.3194959 0.2739429 0.0364177 0.9063948
1739772510.401809 27.3316078 20.5743542 41.0603180 -0.3224249 0.2731350 0.0381445 0.9055299
1739772510.503900 27.3775883 20.6220531 41.1096420 -0.3246488 0.2704204 0.0385935 0.9055311
1739772510.610857 27.4124622 20.6730843 41.1603661 -0.3268962 0.2696370 0.0392430 0.9049281
1739772510.710518 27.4526806 20.7190437 41.2059250 -0.3294723 0.2675145 0.0412567 0.9045342
1739772510.818983 27.4842072 20.7713432 41.2562408 -0.3310335 0.2667438 0.0410915 0.9041991
1739772510.923320 27.5248528 20.8116226 41.3042984 -0.3357984 0.2629678 0.0414369 0.9035321
1739772511.037279 27.5593987 20.8582058 41.3597450 -0.3378784 0.2621705 0.0428336 0.9029231
1739772511.134234 27.5937500 20.9150982 41.4084702 -0.3406600 0.2595443 0.0442259 0.9025695
1739772511.236468 27.6314430 20.9696712 41.4596558 -0.3440114 0.2577539 0.0454918 0.9017481
1739772511.349718 27.6634026 21.0229187 41.5127640 -0.3482440 0.2568065 0.0479056 0.9002675
1739772511.452354 27.6959324 21.0797539 41.5605164 -0.3514893 0.2547388 0.0486110 0.8995557
1739772511.566605 27.7340565 21.1327858 41.6040421 -0.3540888 0.2509893 0.0495102 0.8995411
1739772511.668801 27.7679176 21.1895981 41.6535225 -0.3576738 0.2485480 0.0516929 0.8986775
1739772511.781773 27.8011246 21.2412682 41.7019501 -0.3617665 0.2453288 0.0534237 0.8978222
1739772511.890256 27.8309879 21.3010979 41.7512207 -0.3662064 0.2435298 0.0551599 0.8964059
1739772511.993177 27.8610077 21.3606968 41.8018417 -0.3710871 0.2406757 0.0572169 0.8950396
1739772512.101230 27.8867283 21.4233818 41.8450241 -0.3750043 0.2373427 0.0580250 0.8942446
1739772512.209183 27.9198551 21.4820690 41.8900146 -0.3796821 0.2334664 0.0604198 0.8931318
1739772512.319350 27.9429607 21.5425186 41.9409180 -0.3839023 0.2315206 0.0632150 0.8916395
1739772512.423017 27.9751968 21.5951309 41.9841461 -0.3895862 0.2268762 0.0657813 0.8901812
1739772512.537311 28.0023060 21.6519394 42.0242805 -0.3936259 0.2238315 0.0686982 0.8889537
1739772512.634615 28.0414791 21.6940651 42.0643921 -0.4020173 0.2169564 0.0707082 0.8867426
1739772512.739661 28.0584183 21.7556763 42.1144485 -0.4076068 0.2143040 0.0755000 0.8844379
1739772512.850579 28.0801659 21.8209496 42.1586723 -0.4122903 0.2106601 0.0781450 0.8829113
1739772512.955443 28.1089211 21.8817596 42.2079277 -0.4180676 0.2055310 0.0796255 0.8812697
1739772513.168085 28.1389542 22.0195198 42.2809029 -0.4255556 0.2000875 0.0841938 0.8785094
1739772513.376446 28.1865559 22.1177387 42.3513412 -0.4351777 0.1910070 0.0910264 0.8751291
1739772513.475373 28.2017365 22.1721115 42.3887253 -0.4413810 0.1873169 0.0926833 0.8726426
1739772513.577574 28.2227249 22.2330704 42.4160690 -0.4442990 0.1820400 0.0974513 0.8717586
1739772513.790853 28.2586517 22.3637428 42.4778328 -0.4505911 0.1737733 0.1020518 0.8696873
1739772513.891015 28.2789707 22.4173203 42.5273209 -0.4575976 0.1689715 0.1048199 0.8666406
1739772513.988117 28.2869091 22.4836807 42.5615463 -0.4622509 0.1648752 0.1063023 0.8647774
1739772514.098024 28.2997074 22.5501041 42.5980759 -0.4646692 0.1600439 0.1097585 0.8639569
1739772514.197751 28.3157330 22.6130505 42.6337700 -0.4680538 0.1557333 0.1127233 0.8625348
1739772514.410228 28.3352795 22.7510319 42.7115250 -0.4763824 0.1464426 0.1160734 0.8591515
1739772514.616755 28.3607502 22.8690224 42.7824707 -0.4828795 0.1386925 0.1251576 0.8555275
1739772514.825948 28.4072895 22.9530277 42.8511925 -0.4911976 0.1289616 0.1357097 0.8506919
1739772515.027219 28.4438438 22.9885445 42.8961487 -0.5008802 0.1170550 0.1457819 0.8450827
1739772515.225590 28.4753151 23.0311813 42.9349022 -0.5098122 0.1090744 0.1529804 0.8395185
1739772515.429162 28.5082645 23.0414810 42.9876633 -0.5215966 0.0990711 0.1647049 0.8312606
1739772515.635468 28.5272579 23.0353394 43.0377197 -0.5326279 0.0957594 0.1781347 0.8218307
1739772515.846769 28.5575962 23.0524921 43.1064186 -0.5474271 0.0880685 0.1896502 0.8103088
1739772516.049832 28.5896950 23.0662880 43.1836166 -0.5618660 0.0826748 0.1986915 0.7987447
1739772516.150448 28.5703506 23.0634804 43.2281342 -0.5686482 0.0832853 0.1971969 0.7942393
1739772516.252465 28.5724411 23.0740108 43.2551727 -0.5734577 0.0817425 0.2007271 0.7900462
1739772516.462687 28.5427742 23.0821495 43.3739204 -0.5904805 0.0867093 0.2050800 0.7757297
1739772516.569985 28.5394688 23.0811729 43.3900261 -0.5935008 0.0852678 0.2092864 0.7724543
1739772516.675157 28.5632820 23.0897274 43.4369202 -0.6023315 0.0775269 0.2117094 0.7657450
1739772516.773613 28.5840435 23.0830631 43.4917717 -0.6130641 0.0741116 0.2174674 0.7558889
1739772516.885889 28.5986195 23.1221638 43.5294571 -0.6175800 0.0687862 0.2192223 0.7522002
1739772516.990072 28.6198502 23.1403885 43.5737610 -0.6263618 0.0644779 0.2207980 0.7448233
1739772517.094809 28.6132450 23.1369801 43.6362000 -0.6377345 0.0651860 0.2203940 0.7351680
1739772517.196820 28.6307049 23.1661510 43.6387939 -0.6379354 0.0594872 0.2260118 0.7337701
1739772517.303172 28.6256714 23.1887131 43.6435471 -0.6379161 0.0588582 0.2250088 0.7341457
1739772517.510137 28.6053429 23.2532978 43.6642189 -0.6397167 0.0597613 0.2202300 0.7339550
1739772517.719560 28.5001945 23.3430634 43.6892738 -0.6422543 0.0739444 0.2166384 0.7315118
1739772517.939213 28.5088711 23.5261631 43.6440659 -0.6372932 0.0700778 0.2259315 0.7334176
1739772518.150245 28.5000000 23.6903191 43.6427460 -0.6369566 0.0648953 0.2291013 0.7332036
1739772518.373668 28.4663773 23.8134899 43.6835938 -0.6470642 0.0676368 0.2286870 0.7241791
1739772518.582662 28.4439144 23.9835377 43.6879578 -0.6514874 0.0667780 0.2322686 0.7191358
1739772518.815236 28.4098034 24.1291943 43.7145157 -0.6602618 0.0655542 0.2265708 0.7130377
1739772519.015660 28.3961945 24.2857666 43.7187386 -0.6665441 0.0641308 0.2295550 0.7063361
1739772519.224151 28.3865318 24.4433174 43.6749573 -0.6648210 0.0608413 0.2332407 0.7070433
1739772519.441243 28.3585300 24.5965252 43.6606674 -0.6671208 0.0604885 0.2358492 0.7040356
1739772519.666125 28.3511314 24.7561741 43.6385651 -0.6673417 0.0542988 0.2418768 0.7022837
1739772519.882552 28.3283386 24.9325733 43.6352615 -0.6671219 0.0475079 0.2472072 0.7011276
