1740548272.756691 0.0000000 0.0000000 0.0000000 -0.0000000 -0.0000000 -0.0000000 1.0000000
1740548272.963882 0.0049989 0.0561771 0.0643193 0.0025700 0.0000074 0.0002547 0.9999967
1740548273.062823 -0.0049023 0.0484028 0.1320869 0.0041850 -0.0026392 0.0003205 0.9999877
1740548273.254617 -0.0104910 0.0520495 0.2030320 0.0074164 -0.0069474 0.0006761 0.9999481
1740548273.438943 -0.0414270 0.0323328 0.2634157 0.0094884 -0.0100794 0.0003854 0.9999042
1740548273.621440 -0.0525113 0.0031425 0.3296968 0.0123739 -0.0158121 0.0011085 0.9997978
1740548273.804221 -0.0773929 -0.0018458 0.3911626 0.0169167 -0.0209363 0.0004747 0.9996376
1740548273.951541 -0.0831748 -0.0153760 0.4630660 0.0213476 -0.0282869 0.0007537 0.9993716
1740548274.051786 -0.0992004 -0.0453756 0.5253290 0.0250690 -0.0349876 -0.0000288 0.9990733
1740548274.151635 -0.1204841 -0.0443007 0.5895503 0.0305154 -0.0425482 0.0006285 0.9986281
1740548274.253426 -0.1298657 -0.0514314 0.6588437 0.0352665 -0.0507896 0.0008194 0.9980862
1740548274.351799 -0.1514706 -0.0737520 0.7189411 0.0400303 -0.0587953 0.0006645 0.9974669
1740548274.458179 -0.1693219 -0.0959788 0.7832704 0.0441846 -0.0671032 0.0004456 0.9967672
1740548274.556968 -0.1803135 -0.1037050 0.8469743 0.0496729 -0.0760754 0.0003381 0.9958640
1740548274.666310 -0.2048198 -0.1023011 0.9149177 0.0540609 -0.0841408 0.0007647 0.9949860
1740548274.768286 -0.2288579 -0.1277384 0.9732478 0.0567327 -0.0924526 0.0008230 0.9940993
1740548274.868706 -0.2531673 -0.1354466 1.0345618 0.0599885 -0.1002494 0.0012639 0.9931515
1740548275.080497 -0.3080187 -0.1519787 1.1560150 0.0661896 -0.1154865 0.0001678 0.9911013
1740548275.187684 -0.3303317 -0.1625578 1.2180454 0.0679020 -0.1225513 0.0003776 0.9901366
1740548275.288435 -0.3756688 -0.1536347 1.2719526 0.0707872 -0.1280577 -0.0002678 0.9892372
1740548275.392759 -0.3815967 -0.2005058 1.3559649 0.0699831 -0.1359763 -0.0004276 0.9882371
1740548275.495301 -0.3888981 -0.2371672 1.4123967 0.0694006 -0.1421720 -0.0017150 0.9874045
1740548275.595437 -0.4119944 -0.2006580 1.4806716 0.0721135 -0.1469853 -0.0002593 0.9865064
1740548275.703560 -0.4325601 -0.2115214 1.5373132 0.0708478 -0.1515111 -0.0008960 0.9859129
1740548275.806380 -0.4715007 -0.2381893 1.5946752 0.0702715 -0.1552825 -0.0014470 0.9853665
1740548275.912782 -0.4983988 -0.2206627 1.6531509 0.0715395 -0.1577263 -0.0011481 0.9848874
1740548276.610254 -0.5141987 -0.2292493 1.7167803 0.0704350 -0.1607711 -0.0012973 0.9844744
1740548276.721129 -0.5452904 -0.2371035 1.7812467 0.0699991 -0.1633697 -0.0022885 0.9840758
1740548276.819888 -0.5747745 -0.2231051 1.8425926 0.0709864 -0.1658429 -0.0013688 0.9835930
1740548276.924842 -0.6106190 -0.1921033 1.8594403 0.0731005 -0.1637412 -0.0000050 0.9837912
1740548277.024509 -0.6323848 -0.2090122 1.9169765 0.0718031 -0.1653337 0.0004678 0.9836203
1740548277.123065 -0.6675087 -0.1986715 1.9675888 0.0723782 -0.1657324 0.0000541 0.9835111
1740548277.232254 -0.7056147 -0.2092747 2.0221245 0.0712541 -0.1658834 -0.0003099 0.9835678
1740548277.332850 -0.7308994 -0.2138578 2.0776863 0.0706472 -0.1667561 -0.0001897 0.9834639
1740548277.438604 -0.7650506 -0.2039503 2.1327114 0.0708538 -0.1668277 -0.0003633 0.9834369
1740548277.537430 -0.7938637 -0.2094459 2.1891227 0.0704231 -0.1671118 -0.0004595 0.9834196
1740548277.644681 -0.8212666 -0.2125059 2.2456479 0.0701138 -0.1673345 -0.0004650 0.9834038
1740548277.747525 -0.8536427 -0.2141269 2.2992611 0.0697538 -0.1667472 -0.0008802 0.9835289
1740548277.848135 -0.8779876 -0.2139330 2.3585789 0.0696082 -0.1666915 -0.0010187 0.9835485
1740548277.954336 -0.8942266 -0.2212866 2.4198709 0.0690989 -0.1668539 -0.0008216 0.9835570
1740548278.056742 -0.9239205 -0.2208498 2.4753785 0.0690204 -0.1660259 -0.0013477 0.9837021
1740548278.159679 -0.9461446 -0.2215306 2.5322378 0.0689408 -0.1653443 -0.0015713 0.9838221
1740548278.262263 -0.9652036 -0.2282177 2.5935004 0.0684742 -0.1649993 -0.0014488 0.9839128
1740548278.362393 -0.9969844 -0.2312798 2.6480134 0.0685353 -0.1637649 -0.0017878 0.9841142
1740548278.466622 -1.0123132 -0.2304567 2.7115278 0.0689251 -0.1639090 -0.0010303 0.9840641
1740548278.566288 -1.0464817 -0.2405320 2.7642286 0.0692055 -0.1623274 -0.0010363 0.9843065
1740548278.672691 -1.0685419 -0.2511817 2.8231571 0.0693265 -0.1614024 -0.0009650 0.9844502
1740548278.771827 -1.0964774 -0.2560235 2.8773909 0.0703133 -0.1597725 -0.0008658 0.9846462
1740548278.985883 -1.1425933 -0.2769430 2.9922171 0.0720027 -0.1568176 -0.0005713 0.9849993
1740548279.084187 -1.1696990 -0.2830844 3.0502138 0.0726538 -0.1553134 -0.0001660 0.9851899
1740548279.188362 -1.1903480 -0.2793074 3.1088111 0.0742198 -0.1539921 0.0001740 0.9852806
1740548279.394500 -1.2561332 -0.2711272 3.2160635 0.0780177 -0.1486911 0.0006546 0.9858011
1740548279.495262 -1.2785376 -0.2688994 3.2757418 0.0799761 -0.1468860 0.0010212 0.9859145
1740548279.697778 -1.3122839 -0.2697889 3.3987789 0.0857826 -0.1427402 0.0018043 0.9860342
1740548279.796538 -1.3275487 -0.2811099 3.4604406 0.0883960 -0.1405781 0.0026762 0.9861119
1740548280.001629 -1.3666707 -0.3133676 3.5786343 0.0946659 -0.1347408 0.0035749 0.9863420
1740548280.103774 -1.3700210 -0.3199305 3.6398840 0.0976579 -0.1332636 0.0046891 0.9862463
1740548280.212431 -1.3911150 -0.3343987 3.7005417 0.1010992 -0.1302861 0.0047556 0.9862971
1740548280.314335 -1.4054765 -0.3295811 3.7628253 0.1054336 -0.1279475 0.0054719 0.9861457
1740548280.425314 -1.4356022 -0.3586980 3.8147023 0.1077222 -0.1249723 0.0065523 0.9862733
1740548280.522422 -1.4503684 -0.3622093 3.8672702 0.1116850 -0.1228553 0.0065107 0.9860987
1740548280.621237 -1.4467688 -0.3643844 3.9269037 0.1155139 -0.1225272 0.0067366 0.9856969
1740548280.726530 -1.4430940 -0.3811862 3.9716585 0.1174650 -0.1222891 0.0071984 0.9854925
1740548280.824551 -1.4539628 -0.4114166 4.0149732 0.1191081 -0.1215791 0.0080077 0.9853770
1740548280.932231 -1.4785302 -0.4179925 4.0750914 0.1231367 -0.1190239 0.0085609 0.9851890
1740548281.035908 -1.4782808 -0.4408505 4.1093354 0.1239668 -0.1187630 0.0086265 0.9851158
1740548281.151726 -1.4705442 -0.4524200 4.1497245 0.1255182 -0.1195541 0.0076289 0.9848319
1740548281.250883 -1.4612558 -0.4698420 4.1976662 0.1280167 -0.1206546 0.0087089 0.9843670
1740548281.355156 -1.4617779 -0.4971339 4.2282195 0.1282186 -0.1217129 0.0087923 0.9842097
1740548281.464928 -1.4541316 -0.5033340 4.2841907 0.1309490 -0.1231888 0.0082282 0.9836713
1740548281.573821 -1.4623172 -0.5233584 4.3289285 0.1317558 -0.1232397 0.0086058 0.9835539
1740548281.683935 -1.4515007 -0.5327890 4.3747759 0.1332351 -0.1251275 0.0082938 0.9831189
1740548281.786613 -1.4620347 -0.5552689 4.4042082 0.1333135 -0.1250160 0.0085991 0.9831198
1740548281.894085 -1.4568939 -0.5787480 4.4521594 0.1336854 -0.1273775 0.0091024 0.9827616
1740548281.993820 -1.4503100 -0.5683304 4.4971237 0.1363835 -0.1291903 0.0084842 0.9821596
1740548282.092879 -1.4726288 -0.6053121 4.5279846 0.1340183 -0.1287659 0.0090868 0.9825355
1740548282.203169 -1.4970448 -0.6084311 4.5683894 0.1338993 -0.1281400 0.0073090 0.9826484
1740548282.309389 -1.5042843 -0.6357901 4.6234889 0.1344898 -0.1299705 0.0085964 0.9823168
1740548282.413606 -1.5013112 -0.6391051 4.6648717 0.1344314 -0.1324963 0.0075530 0.9819959
1740548282.518037 -1.4963984 -0.6462352 4.7137833 0.1346540 -0.1351702 0.0068808 0.9816058
1740548282.621313 -1.4972088 -0.6502124 4.7552180 0.1355823 -0.1367451 0.0056504 0.9812677
1740548282.728420 -1.5305251 -0.6750695 4.8011765 0.1355692 -0.1358246 0.0065609 0.9813917
1740548282.829956 -1.5296247 -0.6800985 4.8462119 0.1353007 -0.1388559 0.0064581 0.9810051
1740548282.939399 -1.5447793 -0.7035210 4.8954668 0.1339359 -0.1379788 0.0057159 0.9813207
1740548283.038746 -1.5799441 -0.7202593 4.9354234 0.1342404 -0.1354235 0.0074857 0.9816231
1740548283.155257 -1.6044049 -0.7316477 4.9695311 0.1326779 -0.1358175 0.0075880 0.9817804
1740548283.256353 -1.5893382 -0.7374473 5.0148096 0.1332185 -0.1379385 0.0065761 0.9814187
1740548283.356940 -1.6059282 -0.7457045 5.0744343 0.1336168 -0.1386911 0.0060509 0.9812618
1740548283.467182 -1.5958860 -0.7638547 5.1180482 0.1321232 -0.1409480 0.0060974 0.9811422
1740548283.572931 -1.6052729 -0.7618282 5.1559057 0.1341606 -0.1424108 0.0056469 0.9806570
1740548283.684415 -1.6280634 -0.7600439 5.1930437 0.1349165 -0.1424245 0.0065388 0.9805458
1740548283.791463 -1.6295749 -0.7702326 5.2465539 0.1356167 -0.1447229 0.0068808 0.9801102
1740548283.904148 -1.6315073 -0.7795778 5.3024969 0.1365262 -0.1473323 0.0064159 0.9795982
1740548284.005724 -1.6225066 -0.7938855 5.3591652 0.1372725 -0.1497865 0.0066885 0.9791198
1740548284.110404 -1.6231719 -0.8084289 5.4116387 0.1371018 -0.1522527 0.0054506 0.9787709
1740548284.218263 -1.6188517 -0.8337272 5.4653325 0.1366075 -0.1545179 0.0059562 0.9784821
1740548284.323344 -1.6634907 -0.8440398 5.4999437 0.1377089 -0.1525976 0.0066435 0.9786246
1740548284.434379 -1.6679059 -0.8490926 5.5328903 0.1398212 -0.1540082 0.0059370 0.9781085
1740548284.539360 -1.6652811 -0.8685240 5.5636415 0.1402369 -0.1559003 0.0053373 0.9777526
1740548284.654044 -1.6597986 -0.8759099 5.6059432 0.1431986 -0.1586462 0.0059750 0.9768776
1740548284.758800 -1.6813425 -0.8814568 5.6625233 0.1451196 -0.1596585 0.0058324 0.9764299
1740548284.856982 -1.6811311 -0.9011908 5.6933384 0.1456682 -0.1610717 0.0069904 0.9761085
1740548284.965417 -1.6913260 -0.8977370 5.7114367 0.1479521 -0.1607374 0.0084449 0.9758086
1740548285.068121 -1.6828859 -0.9192736 5.7385292 0.1483074 -0.1625774 0.0065267 0.9754645
1740548285.183162 -1.6820123 -0.9402755 5.7775655 0.1485390 -0.1646425 0.0060657 0.9750858
1740548285.285664 -1.6910120 -0.9843965 5.7965283 0.1445126 -0.1635792 0.0045659 0.9758776
1740548285.402309 -1.6935207 -1.0053186 5.8370113 0.1446407 -0.1630627 0.0046804 0.9759445
1740548285.501313 -1.6918819 -1.0425497 5.8694439 0.1431169 -0.1646827 0.0057891 0.9758912
1740548285.608417 -1.7147858 -1.0601691 5.8747463 0.1423911 -0.1597046 0.0054721 0.9768261
1740548285.716755 -1.7476211 -1.0899760 5.9124336 0.1415388 -0.1563164 0.0057796 0.9774961
1740548285.821601 -1.7812872 -1.1096791 5.9599590 0.1395489 -0.1539272 0.0066983 0.9781553
1740548285.935246 -1.8070160 -1.1231683 5.9727688 0.1383239 -0.1484433 0.0083173 0.9791639
1740548286.043055 -1.8232892 -1.1307666 5.9935122 0.1378800 -0.1447479 0.0074304 0.9797867
1740548286.156179 -1.8194726 -1.1563205 6.0340075 0.1360725 -0.1446795 0.0075068 0.9800489
1740548286.257656 -1.8401766 -1.1880153 6.0945144 0.1346009 -0.1427578 0.0085833 0.9805250
1740548286.359404 -1.8788990 -1.1984121 6.1318989 0.1334150 -0.1371204 0.0088767 0.9814885
1740548286.475117 -1.9014410 -1.2141984 6.1657739 0.1316425 -0.1320187 0.0096670 0.9824194
1740548286.575325 -1.9251475 -1.2351238 6.2152171 0.1295271 -0.1291172 0.0100319 0.9830824
1740548286.688082 -1.9571435 -1.2320294 6.2510567 0.1287671 -0.1242502 0.0110879 0.9837977
1740548286.789880 -1.9825312 -1.2396364 6.2802052 0.1268649 -0.1190913 0.0129982 0.9846591
1740548286.910727 -1.9975295 -1.2334716 6.2991438 0.1269706 -0.1153681 0.0133906 0.9850835
1740548287.012596 -2.0095370 -1.2429279 6.3058863 0.1247434 -0.1099683 0.0135411 0.9859831
1740548287.117127 -2.0363786 -1.2385916 6.3279686 0.1238281 -0.1066111 0.0149811 0.9864463
1740548287.225747 -2.0477476 -1.2340864 6.3555207 0.1236404 -0.1059259 0.0152471 0.9865395
1740548287.329859 -2.0685139 -1.2351656 6.3791251 0.1226375 -0.1013579 0.0156205 0.9871386
1740548287.440335 -2.0914807 -1.2422066 6.3858123 0.1200343 -0.0952351 0.0148481 0.9880797
1740548287.544932 -2.0822322 -1.2485247 6.3827019 0.1160389 -0.0966356 0.0128799 0.9884486
1740548287.660413 -2.0752518 -1.2492881 6.3927460 0.1140949 -0.0993816 0.0144712 0.9883806
1740548287.762074 -2.0824316 -1.2612245 6.3988204 0.1109021 -0.0983953 0.0149242 0.9888359
1740548287.864712 -2.0922365 -1.2645708 6.4100499 0.1084664 -0.0959989 0.0138771 0.9893567
1740548287.973316 -2.1097791 -1.2522633 6.4294186 0.1099801 -0.0949414 0.0139154 0.9892911
1740548288.189523 -2.1286268 -1.2476025 6.4458427 0.1083898 -0.0920911 0.0168566 0.9896902
1740548288.290732 -2.1369457 -1.2489946 6.4508362 0.1051953 -0.0894657 0.0173129 0.9902677
1740548288.411508 -2.1650980 -1.2494127 6.4589725 0.1031201 -0.0850196 0.0177950 0.9908690
1740548288.727524 -2.1803794 -1.2372221 6.4881549 0.1022020 -0.0833358 0.0180916 0.9911017
1740548288.830562 -2.1785948 -1.2373819 6.4963608 0.1009015 -0.0839242 0.0185458 0.9911770
1740548289.048000 -2.1799383 -1.2310153 6.4932742 0.0963908 -0.0848759 0.0195552 0.9915254
1740548289.158472 -2.1717408 -1.2268486 6.4931846 0.0937319 -0.0877245 0.0234748 0.9914473
1740548289.262574 -2.1644211 -1.2279518 6.4913406 0.0915102 -0.0889506 0.0209074 0.9916030
1740548289.365354 -2.1647298 -1.2355974 6.5025911 0.0894944 -0.0895534 0.0220857 0.9917072
1740548289.476344 -2.1670313 -1.2421080 6.5060153 0.0858642 -0.0886917 0.0216878 0.9921143
1740548289.577369 -2.1638191 -1.2432921 6.5027971 0.0830596 -0.0894004 0.0217602 0.9922879
1740548289.692247 -2.1643686 -1.2443230 6.5018668 0.0802765 -0.0855173 0.0192137 0.9929116
1740548289.794475 -2.1698503 -1.2453235 6.5070834 0.0784295 -0.0831169 0.0182359 0.9932814
1740548289.911014 -2.1630285 -1.2508693 6.5076947 0.0752231 -0.0844803 0.0186687 0.9934063
1740548290.013032 -2.1478355 -1.2574296 6.5466814 0.0759327 -0.0896347 0.0182878 0.9929076
1740548290.117877 -2.1413035 -1.2641038 6.5628796 0.0740253 -0.0921222 0.0178884 0.9928312
1740548290.225911 -2.1418281 -1.2681881 6.5669127 0.0711122 -0.0892481 0.0180756 0.9933032
1740548290.329710 -2.1401007 -1.2743076 6.5692334 0.0683198 -0.0887313 0.0170571 0.9935634
1740548290.443183 -2.1393011 -1.2717235 6.5796037 0.0687343 -0.0892936 0.0170774 0.9934841
1740548290.557918 -2.1318307 -1.2828721 6.5944061 0.0658611 -0.0944315 0.0175082 0.9931961
1740548290.669468 -2.1168244 -1.2900532 6.6047125 0.0635075 -0.0996605 0.0172241 0.9928434
1740548290.777316 -2.0984805 -1.2885374 6.6200390 0.0627901 -0.1044773 0.0164909 0.9924062
1740548290.883289 -2.0862579 -1.2881088 6.6303616 0.0625830 -0.1097345 0.0174271 0.9918357
1740548290.999589 -2.0695353 -1.2881750 6.6426253 0.0619976 -0.1155778 0.0153161 0.9912434
1740548291.106682 -2.0701826 -1.2890564 6.6755748 0.0626958 -0.1173835 0.0138234 0.9910092
1740548291.224736 -2.0677757 -1.2970575 6.7187047 0.0592700 -0.1195252 0.0132902 0.9909713
1740548291.329361 -2.0646589 -1.2997270 6.7303905 0.0582142 -0.1216633 0.0145788 0.9907556
1740548291.443126 -2.0675886 -1.3082532 6.7556133 0.0566153 -0.1239181 0.0145218 0.9905696
1740548291.549464 -2.0659080 -1.3115969 6.7897415 0.0565726 -0.1267657 0.0154056 0.9901983
1740548291.662799 -2.0589054 -1.3112930 6.8086462 0.0568279 -0.1314158 0.0153343 0.9895784
1740548291.769335 -2.0610042 -1.3184102 6.8409967 0.0537330 -0.1334943 0.0135582 0.9894990
1740548291.875863 -2.0655391 -1.3246651 6.8795528 0.0516149 -0.1351458 0.0138812 0.9893830
1740548291.983647 -2.0657010 -1.3299612 6.9036746 0.0503968 -0.1363426 0.0133412 0.9892891
1740548292.093215 -2.0726278 -1.3352718 6.9494014 0.0491420 -0.1385774 0.0140867 0.9890313
1740548292.200784 -2.0810456 -1.3417311 6.9976196 0.0500537 -0.1388429 0.0145388 0.9889418
1740548292.309789 -2.0906420 -1.3428296 7.0500226 0.0494924 -0.1402933 0.0141261 0.9887713
1740548292.416652 -2.0986695 -1.3181880 7.0957875 0.0508173 -0.1418319 0.0134163 0.9884945
1740548292.525290 -2.1145864 -1.3111776 7.1385317 0.0516179 -0.1417678 0.0133939 0.9884625
1740548292.630235 -2.1424637 -1.3106636 7.1948562 0.0510492 -0.1409366 0.0126729 0.9886204
1740548292.739857 -2.1736438 -1.3147612 7.2551975 0.0502618 -0.1408415 0.0124675 0.9886769
1740548292.843688 -2.1827600 -1.3097038 7.3051209 0.0504485 -0.1424434 0.0125670 0.9884366
1740548292.954141 -2.1866095 -1.2727556 7.3604417 0.0507512 -0.1429753 0.0131545 0.9883367
1740548293.060275 -2.1931584 -1.2627852 7.3995924 0.0513582 -0.1455892 0.0129457 0.9879264
1740548293.168894 -2.2204831 -1.2571073 7.4614153 0.0501127 -0.1446741 0.0129385 0.9881248
1740548293.277223 -2.2457376 -1.2423255 7.5228872 0.0499570 -0.1438665 0.0132224 0.9882469
1740548293.380983 -2.2606044 -1.2339967 7.5936046 0.0492060 -0.1439346 0.0133067 0.9882735
1740548293.492434 -2.2872581 -1.2223072 7.6548891 0.0491877 -0.1428434 0.0135883 0.9884290
1740548293.594874 -2.3107498 -1.2180237 7.7228079 0.0494711 -0.1420883 0.0135918 0.9885235
1740548293.704013 -2.3504152 -1.2139435 7.7788095 0.0495587 -0.1390695 0.0138333 0.9889451
1740548293.809908 -2.3927119 -1.2073375 7.8418350 0.0502268 -0.1368566 0.0130369 0.9892308
1740548293.917963 -2.4033999 -1.2187257 7.9106088 0.0500839 -0.1349328 0.0133105 0.9894987
1740548294.026660 -2.3961434 -1.2418365 7.9865828 0.0502795 -0.1338512 0.0129982 0.9896398
1740548294.132030 -2.4165256 -1.2413521 8.0514040 0.0516202 -0.1313466 0.0132178 0.9899035
1740548294.241325 -2.4268682 -1.2490475 8.1236553 0.0522787 -0.1295080 0.0135608 0.9901065
1740548294.344568 -2.4374504 -1.2349560 8.1956062 0.0543033 -0.1282604 0.0135556 0.9901600
1740548294.456292 -2.4486403 -1.2347358 8.2627916 0.0554671 -0.1268261 0.0135376 0.9902804
1740548294.562170 -2.4702427 -1.2493414 8.3351364 0.0555471 -0.1252651 0.0134617 0.9904757
1740548294.674312 -2.4858141 -1.2568007 8.4061728 0.0555495 -0.1235806 0.0131644 0.9906911
1740548294.780106 -2.5176628 -1.2586336 8.4723787 0.0562491 -0.1215662 0.0135241 0.9908960
1740548294.886614 -2.5337727 -1.2677624 8.5422497 0.0570916 -0.1214017 0.0132397 0.9908718
1740548294.999010 -2.5484598 -1.2783810 8.6080008 0.0571712 -0.1207361 0.0134458 0.9909458
1740548295.107285 -2.5681233 -1.2650496 8.6688299 0.0594872 -0.1203600 0.0127372 0.9908645
1740548295.227795 -2.5773284 -1.2754731 8.7443056 0.0592915 -0.1204088 0.0126847 0.9908710
1740548295.333102 -2.6008949 -1.2918166 8.8117161 0.0582304 -0.1204247 0.0130061 0.9909278
1740548295.448168 -2.6101580 -1.3004349 8.8836699 0.0582676 -0.1208971 0.0131475 0.9908662
1740548295.554645 -2.6238673 -1.2971565 8.9591446 0.0579098 -0.1217508 0.0128066 0.9907871
1740548295.667650 -2.6453841 -1.3001667 9.0271320 0.0573613 -0.1229694 0.0123641 0.9906742
1740548295.778892 -2.6598234 -1.3115324 9.1043987 0.0561642 -0.1244931 0.0125591 0.9905500
1740548295.882087 -2.6877739 -1.3126001 9.1758175 0.0545075 -0.1255120 0.0120212 0.9905207
1740548295.994393 -2.6991053 -1.3201604 9.2436781 0.0526485 -0.1277071 0.0114446 0.9903474
1740548296.097541 -2.7095406 -1.3240837 9.3146057 0.0512741 -0.1300407 0.0108593 0.9901225
1740548296.208035 -2.7223778 -1.3340960 9.3889751 0.0489499 -0.1319024 0.0106294 0.9899963
1740548296.311793 -2.7445796 -1.3302134 9.4643393 0.0466679 -0.1340462 0.0095141 0.9898299
1740548296.421310 -2.7719405 -1.3323529 9.5351000 0.0439169 -0.1361654 0.0092907 0.9896686
1740548296.528830 -2.8011270 -1.3388271 9.6065655 0.0410681 -0.1380900 0.0087998 0.9895288
1740548296.637487 -2.8200819 -1.3439956 9.6761951 0.0394225 -0.1406791 0.0081123 0.9892368
1740548296.748642 -2.8334124 -1.3397210 9.7508650 0.0368869 -0.1437487 0.0076514 0.9888970
1740548296.859537 -2.8662891 -1.3474596 9.8197126 0.0333516 -0.1459216 0.0078505 0.9887027
1740548296.978117 -2.8858771 -1.3331339 9.8945284 0.0311056 -0.1485607 0.0071459 0.9883881
1740548297.083683 -2.9079986 -1.3253775 9.9681873 0.0285590 -0.1509830 0.0065978 0.9881017
1740548297.199195 -2.9331834 -1.3297436 10.0371361 0.0264784 -0.1534013 0.0061487 0.9877900
1740548297.307172 -2.9694462 -1.3346119 10.1097364 0.0233851 -0.1555088 0.0056261 0.9875417
1740548297.418286 -3.0046101 -1.3467478 10.1779280 0.0206993 -0.1577359 0.0049955 0.9872518
1740548297.529269 -3.0253317 -1.3506854 10.2534237 0.0182626 -0.1606354 0.0046673 0.9868338
1740548297.632045 -3.0545464 -1.3415204 10.3262825 0.0164622 -0.1632963 0.0041070 0.9864312
1740548297.741436 -3.0768957 -1.3333299 10.4021778 0.0146857 -0.1663334 0.0039618 0.9859523
1740548297.845783 -3.1090002 -1.3444160 10.4688110 0.0127219 -0.1685333 0.0035468 0.9856075
1740548297.956826 -3.1360335 -1.3379915 10.5395622 0.0111749 -0.1713113 0.0031252 0.9851487
1740548298.061642 -3.1633925 -1.3396586 10.6101313 0.0094677 -0.1741468 0.0028078 0.9846702
1740548298.172021 -3.1969614 -1.3347287 10.6794615 0.0084361 -0.1770510 0.0022873 0.9841629
1740548298.279176 -3.2302251 -1.3370024 10.7528858 0.0071886 -0.1799599 0.0023181 0.9836450
1740548298.383629 -3.2587204 -1.3395786 10.8262196 0.0057538 -0.1831280 0.0022012 0.9830698
1740548298.495789 -3.2843034 -1.3400934 10.8992615 0.0048125 -0.1863611 0.0019293 0.9824677
1740548298.598486 -3.3127160 -1.3401326 10.9710608 0.0036075 -0.1895988 0.0013697 0.9818541
1740548298.711774 -3.3511660 -1.3350568 11.0387135 0.0018677 -0.1925417 0.0015275 0.9812858
1740548298.817367 -3.3818629 -1.3345879 11.1106682 0.0008143 -0.1957193 0.0010749 0.9806590
1740548298.928247 -3.4187856 -1.3335203 11.1775818 -0.0001994 -0.1987395 0.0008614 0.9800520
1740548299.034926 -3.4531178 -1.3398850 11.2490540 -0.0015730 -0.2017475 0.0003808 0.9794362
1740548299.141370 -3.4829154 -1.3362241 11.3185720 -0.0028015 -0.2049568 0.0000854 0.9787670
1740548299.254876 -3.5240829 -1.3367550 11.3850212 -0.0049221 -0.2076834 -0.0002631 0.9781837
1740548299.362138 -3.5506122 -1.3373209 11.4597864 -0.0067168 -0.2108411 -0.0008999 0.9774969
1740548299.479307 -3.5836616 -1.3418915 11.5280027 -0.0090560 -0.2136609 -0.0014362 0.9768649
1740548299.584029 -3.6225820 -1.3361759 11.5919161 -0.0117191 -0.2160413 -0.0017490 0.9763123
1740548299.701201 -3.6670284 -1.3368728 11.6553326 -0.0143804 -0.2182190 -0.0023947 0.9757909
1740548299.809144 -3.7000985 -1.3363055 11.7249060 -0.0174815 -0.2208783 -0.0029066 0.9751404
1740548299.920650 -3.7327468 -1.3357507 11.7925062 -0.0208565 -0.2233411 -0.0036098 0.9745105
1740548300.029930 -3.7761040 -1.3281051 11.8550568 -0.0242550 -0.2253769 -0.0043783 0.9739599
1740548300.135162 -3.8188148 -1.3194958 11.9112244 -0.0279768 -0.2268443 -0.0047002 0.9735178
1740548300.245233 -3.8650801 -1.3287146 11.9571552 -0.0334075 -0.2278053 -0.0058199 0.9731160
1740548300.349753 -3.9075160 -1.3275937 12.0135489 -0.0381486 -0.2294512 -0.0067486 0.9725489
1740548300.462229 -3.9417639 -1.3191247 12.0776129 -0.0425182 -0.2313207 -0.0078819 0.9719161
1740548300.565696 -3.9890993 -1.3138678 12.1322002 -0.0467446 -0.2324433 -0.0089056 0.9714452
1740548300.679917 -4.0129614 -1.3016497 12.2035494 -0.0507709 -0.2346487 -0.0103561 0.9706982
1740548300.788438 -4.0550146 -1.2853531 12.2655954 -0.0547898 -0.2361955 -0.0110807 0.9700964
1740548300.895777 -4.1026373 -1.2772774 12.3226471 -0.0590362 -0.2371383 -0.0116656 0.9696103
1740548301.231704 -4.2137036 -1.2400531 12.5245438 -0.0699095 -0.2414845 -0.0145222 0.9677743
1740548301.334947 -4.2502251 -1.2207036 12.5869846 -0.0737801 -0.2421756 -0.0148045 0.9673098
1740548301.451512 -4.2973714 -1.1994393 12.6483965 -0.0769268 -0.2426880 -0.0156182 0.9669234
1740548301.562414 -4.3462129 -1.1823728 12.7043371 -0.0799994 -0.2426658 -0.0160580 0.9666724
1740548301.672807 -4.3789997 -1.1621280 12.7716551 -0.0825082 -0.2430737 -0.0168351 0.9663458
1740548301.780415 -4.4173279 -1.1383287 12.8352375 -0.0847404 -0.2430247 -0.0174862 0.9661534
1740548301.882511 -4.4504819 -1.1151474 12.9042606 -0.0863629 -0.2428148 -0.0178944 0.9660550
1740548301.988332 -4.4830565 -1.0988365 12.9747257 -0.0882098 -0.2422394 -0.0183744 0.9660236
1740548302.092720 -4.5280614 -1.0843780 13.0305748 -0.0903844 -0.2408260 -0.0187220 0.9661692
1740548302.200390 -4.5659695 -1.0670282 13.0957899 -0.0919542 -0.2394094 -0.0191251 0.9663652
1740548302.302368 -4.6021781 -1.0506474 13.1601858 -0.0931889 -0.2377161 -0.0197302 0.9666528
1740548302.409513 -4.6373973 -1.0375752 13.2306213 -0.0936463 -0.2357672 -0.0202141 0.9670758
1740548302.513212 -4.6628509 -1.0215340 13.3027582 -0.0945095 -0.2336819 -0.0209012 0.9674833
1740548302.613406 -4.6959553 -1.0055958 13.3714447 -0.0950618 -0.2309975 -0.0209606 0.9680724
1740548302.734654 -4.7260094 -1.0011525 13.4401340 -0.0962465 -0.2281378 -0.0216263 0.9686186
1740548302.837326 -4.7605844 -0.9925566 13.5094347 -0.0972260 -0.2249910 -0.0219774 0.9692488
1740548302.949148 -4.8010302 -0.9943830 13.5719690 -0.0990454 -0.2214136 -0.0228689 0.9698675
1740548303.049947 -4.8390827 -0.9854687 13.6386528 -0.1010780 -0.2178155 -0.0232392 0.9704636
1740548303.152403 -4.8683352 -0.9749111 13.7118425 -0.1028655 -0.2145859 -0.0241568 0.9709728
1740548303.262946 -4.8907995 -0.9703470 13.7864323 -0.1060788 -0.2115303 -0.0252784 0.9712689
1740548303.361315 -4.9138470 -0.9574623 13.8575373 -0.1089155 -0.2080379 -0.0264437 0.9716781
1740548303.479192 -4.9400830 -0.9414053 13.9313545 -0.1128672 -0.2047032 -0.0273157 0.9719113
1740548303.580167 -4.9704976 -0.9339950 14.0013943 -0.1177186 -0.2012125 -0.0291072 0.9720127
1740548303.684028 -4.9911909 -0.9199247 14.0750990 -0.1233592 -0.1980314 -0.0305549 0.9719220
1740548303.786874 -5.0119662 -0.9017665 14.1490326 -0.1293066 -0.1953348 -0.0320727 0.9716458
1740548303.886933 -5.0320439 -0.8847592 14.2217245 -0.1362155 -0.1927552 -0.0337000 0.9711617
1740548303.993248 -5.0489764 -0.8657089 14.2962027 -0.1438966 -0.1907091 -0.0356460 0.9703882
1740548304.093057 -5.0707617 -0.8391336 14.3674879 -0.1521657 -0.1892499 -0.0374213 0.9693450
1740548304.200667 -5.0899034 -0.8084284 14.4373579 -0.1610509 -0.1882133 -0.0392620 0.9680376
1740548304.301610 -5.1006393 -0.7741072 14.5071373 -0.1706441 -0.1879212 -0.0409851 0.9663780
1740548304.405446 -5.1242194 -0.7408381 14.5720196 -0.1807705 -0.1877625 -0.0430476 0.9644761
1740548304.513672 -5.1449819 -0.6994808 14.6321449 -0.1912400 -0.1883474 -0.0451435 0.9622446
1740548304.612691 -5.1676221 -0.6548206 14.6884861 -0.2021124 -0.1891663 -0.0470427 0.9597675
1740548304.715126 -5.1891961 -0.6092683 14.7472477 -0.2134524 -0.1908653 -0.0488830 0.9568799
1740548304.817378 -5.2181654 -0.5557719 14.7955379 -0.2242500 -0.1924788 -0.0503860 0.9540048
1740548304.923671 -5.2449179 -0.5027676 14.8456802 -0.2353951 -0.1947314 -0.0520399 0.9507685
1740548305.025773 -5.2726846 -0.4494212 14.8954487 -0.2462908 -0.1975082 -0.0535193 0.9473473
1740548305.124270 -5.2988396 -0.4009625 14.9465733 -0.2571003 -0.2004324 -0.0550547 0.9437666
1740548305.231353 -5.3336005 -0.3474498 14.9932423 -0.2669061 -0.2034598 -0.0560440 0.9403321
1740548305.330583 -5.3649192 -0.2947273 15.0424290 -0.2764471 -0.2068303 -0.0572318 0.9367619
1740548305.433446 -5.3982515 -0.2425873 15.0911007 -0.2854101 -0.2102490 -0.0581522 0.9332495
1740548305.533570 -5.4393601 -0.1958816 15.1355600 -0.2938273 -0.2134033 -0.0590428 0.9298595
1740548305.633467 -5.4790406 -0.1463704 15.1788521 -0.3019208 -0.2163261 -0.0597378 0.9265410
1740548305.738518 -5.5187635 -0.0976019 15.2249508 -0.3091376 -0.2192121 -0.0602283 0.9234461
1740548305.840231 -5.5539670 -0.0458074 15.2689190 -0.3154265 -0.2219072 -0.0604811 0.9206548
1740548305.951482 -5.5928478 0.0035026 15.3147659 -0.3211372 -0.2243256 -0.0609263 0.9180615
1740548306.052355 -5.6324234 0.0540154 15.3590641 -0.3262280 -0.2262849 -0.0612321 0.9157626
1740548306.155556 -5.6657696 0.1045449 15.4072800 -0.3304468 -0.2283284 -0.0616135 0.9137149
1740548306.263204 -5.6921415 0.1607006 15.4519711 -0.3340059 -0.2297987 -0.0615871 0.9120525
1740548306.363917 -5.7215757 0.2106118 15.5016289 -0.3370697 -0.2308870 -0.0619791 0.9106227
1740548306.468245 -5.7426615 0.2678895 15.5532455 -0.3390427 -0.2319402 -0.0618469 0.9096311
1740548306.568720 -5.7620559 0.3161831 15.6065569 -0.3412438 -0.2324066 -0.0621125 0.9086704
1740548306.674251 -5.7742620 0.3757579 15.6614723 -0.3421202 -0.2332706 -0.0620001 0.9081270
1740548306.779443 -5.7889566 0.4267561 15.7137794 -0.3430008 -0.2335056 -0.0621364 0.9077250
1740548306.878264 -5.8076735 0.4772770 15.7654858 -0.3434753 -0.2335663 -0.0622544 0.9075219
1740548306.983385 -5.8271980 0.5324450 15.8220387 -0.3433262 -0.2340549 -0.0620788 0.9074644
1740548307.082329 -5.8506632 0.5875611 15.8703785 -0.3429157 -0.2341347 -0.0618228 0.9076165
1740548307.186489 -5.8802748 0.6309695 15.9270535 -0.3421825 -0.2345136 -0.0617174 0.9078026
1740548307.287552 -5.9196200 0.6762652 15.9757004 -0.3415279 -0.2346836 -0.0613392 0.9080307
1740548307.387325 -5.9552927 0.7232862 16.0280552 -0.3400403 -0.2354029 -0.0608012 0.9084389
1740548307.591069 -6.0294681 0.8179250 16.1234627 -0.3372381 -0.2360938 -0.0596688 0.9093789
1740548307.702059 -6.0669513 0.8640423 16.1721859 -0.3357613 -0.2367100 -0.0590490 0.9098054
1740548307.902238 -6.1466680 0.9529855 16.2733746 -0.3323523 -0.2379919 -0.0579015 0.9107959
1740548308.130704 -6.2215338 1.0401264 16.3771152 -0.3288488 -0.2392169 -0.0566986 0.9118218
1740548308.450925 -6.3096814 1.1862426 16.5348969 -0.3241465 -0.2401809 -0.0549502 0.9133579
1740548308.765913 -6.4018698 1.3225394 16.7018356 -0.3209437 -0.2397427 -0.0545162 0.9146292
1740548308.983458 -6.4662638 1.4162726 16.8100891 -0.3192040 -0.2386493 -0.0540263 0.9155526
1740548309.502871 -6.6040459 1.6524963 17.0810146 -0.3178557 -0.2335545 -0.0558067 0.9172272
1740548309.812791 -6.6892562 1.7963274 17.2456970 -0.3179093 -0.2300379 -0.0569011 0.9180297
1740548310.342509 -6.8307338 2.0314703 17.5221901 -0.3195749 -0.2261842 -0.0589127 0.9182820
1740548310.751407 -6.9566555 2.2231555 17.7329235 -0.3210098 -0.2249665 -0.0599360 0.9180144
1740548311.157779 -7.0657835 2.4207046 17.9456940 -0.3211997 -0.2266817 -0.0590411 0.9175839
1740548311.464610 -7.1381679 2.5692506 18.1082115 -0.3205841 -0.2302848 -0.0576142 0.9169926
1740548311.665989 -7.1994619 2.6632407 18.2147484 -0.3194398 -0.2340736 -0.0563889 0.9165086
1740548311.875257 -7.2549019 2.7570834 18.3192844 -0.3179950 -0.2385414 -0.0545764 0.9159687
1740548312.080563 -7.3262243 2.8563659 18.4220695 -0.3156641 -0.2447571 -0.0513012 0.9153242
1740548312.285446 -7.4053583 2.9399598 18.5155220 -0.3125263 -0.2512198 -0.0484144 0.9148071
1740548312.383456 -7.4519634 2.9928446 18.5470562 -0.3108929 -0.2543826 -0.0460235 0.9146130
1740548312.585574 -7.5491266 3.0908644 18.6120110 -0.3060826 -0.2616192 -0.0412521 0.9144217
1740548312.791782 -7.6197577 3.1699595 18.7136917 -0.3023454 -0.2712181 -0.0360757 0.9130864
1740548313.000436 -7.7361360 3.2459304 18.7905579 -0.2985509 -0.2813671 -0.0323189 0.9114030
1740548313.097789 -7.7911901 3.2752314 18.8174057 -0.2968926 -0.2851430 -0.0305182 0.9108331
1740548313.199671 -7.8468614 3.3152823 18.8410664 -0.2946670 -0.2896510 -0.0280080 0.9102138
1740548313.298328 -7.9014907 3.3548961 18.8659229 -0.2933881 -0.2941096 -0.0263026 0.9092476
1740548313.397272 -7.9553070 3.3957887 18.8966217 -0.2916312 -0.2994544 -0.0232363 0.9081511
1740548313.500576 -8.0043774 3.4212961 18.9222183 -0.2910384 -0.3040371 -0.0212253 0.9068670
1740548313.597182 -8.0606852 3.4602814 18.9627151 -0.2902880 -0.3098186 -0.0186293 0.9052062
1740548313.698602 -8.1136427 3.5001869 19.0005531 -0.2894124 -0.3158909 -0.0163762 0.9034297
1740548313.798007 -8.1698065 3.5396519 19.0224571 -0.2882379 -0.3205388 -0.0141938 0.9022042
1740548313.899384 -8.2240925 3.5761573 19.0440979 -0.2881258 -0.3253208 -0.0118661 0.9005604
1740548314.005988 -8.2732868 3.6050377 19.0748100 -0.2877443 -0.3314210 -0.0094740 0.8984841
1740548314.107559 -8.3311291 3.6417024 19.0987301 -0.2882411 -0.3359091 -0.0078866 0.8966716
1740548314.220663 -8.3874426 3.6841431 19.1248188 -0.2876023 -0.3410952 -0.0047817 0.8949392
1740548314.429868 -8.4645920 3.7067621 19.1694336 -0.2932046 -0.3538059 0.0008705 0.8881732
1740548314.532241 -8.4993916 3.7188880 19.1846886 -0.2962067 -0.3580385 0.0022575 0.8854744
1740548314.632634 -8.5444298 3.7542152 19.2071667 -0.2952101 -0.3644060 0.0042482 0.8831995
1740548314.738127 -8.5899200 3.7835612 19.2271996 -0.2971739 -0.3687167 0.0071729 0.8807294
1740548314.950626 -8.6924686 3.8443336 19.2770157 -0.2994843 -0.3791840 0.0109620 0.8754476
1740548315.048626 -8.7540359 3.8718650 19.3148727 -0.3006977 -0.3839848 0.0108354 0.8729371
1740548315.148634 -8.8111763 3.9157593 19.3399658 -0.3012560 -0.3888890 0.0139294 0.8705264
1740548315.256137 -8.8703394 3.9522014 19.3701839 -0.3020122 -0.3933012 0.0151637 0.8682585
1740548315.467867 -8.9543419 4.0018907 19.4185944 -0.3052941 -0.4034251 0.0172408 0.8624074
1740548315.565346 -9.0047207 4.0212374 19.4330025 -0.3068698 -0.4080474 0.0202066 0.8596045
1740548315.665160 -9.0447931 4.0480103 19.4542160 -0.3090334 -0.4125938 0.0208830 0.8566380
1740548315.770617 -9.0801353 4.0719223 19.4712200 -0.3107891 -0.4176918 0.0239513 0.8534459
1740548315.871302 -9.0992470 4.0772481 19.4912224 -0.3154185 -0.4241620 0.0227666 0.8485750
1740548315.977234 -9.1328773 4.0948601 19.5089035 -0.3177202 -0.4297441 0.0221613 0.8449159
1740548316.079174 -9.1840916 4.1301999 19.5294437 -0.3181942 -0.4345926 0.0244373 0.8421903
1740548316.183305 -9.2110243 4.1437302 19.5482922 -0.3210291 -0.4406516 0.0237808 0.8379743
1740548316.284221 -9.2397079 4.1661825 19.5662785 -0.3232018 -0.4470189 0.0253528 0.8337098
1740548316.384013 -9.2746286 4.1845465 19.5832672 -0.3253545 -0.4527093 0.0266277 0.8297528
1740548316.487570 -9.3068657 4.1714945 19.6305046 -0.3309289 -0.4571858 0.0249246 0.8251339
1740548316.589794 -9.3469772 4.1862688 19.6395264 -0.3320588 -0.4606311 0.0271679 0.8226894
1740548316.696238 -9.3912373 4.2117500 19.6670265 -0.3341758 -0.4653948 0.0284135 0.8191013
1740548316.796208 -9.4352341 4.2495298 19.6905174 -0.3352502 -0.4706777 0.0289510 0.8156173
1740548317.011570 -9.4831562 4.2195358 19.7530441 -0.3473622 -0.4811737 0.0272590 0.8044056
1740548317.110820 -9.5133247 4.2462692 19.7562103 -0.3453884 -0.4838691 0.0301566 0.8035348
1740548317.216306 -9.5459146 4.2409649 19.7712936 -0.3511888 -0.4872089 0.0294850 0.7990147
1740548317.313128 -9.5805836 4.2672815 19.7827034 -0.3530678 -0.4917685 0.0302961 0.7953547
1740548317.410786 -9.6236162 4.2894840 19.7936306 -0.3545917 -0.4938619 0.0320082 0.7933100
1740548317.514551 -9.6577787 4.2961864 19.8269463 -0.3580165 -0.4993648 0.0314421 0.7883340
1740548317.616921 -9.6761456 4.3148255 19.8416595 -0.3589234 -0.5048895 0.0323714 0.7843549
1740548317.719647 -9.6651115 4.3024473 19.8325615 -0.3581906 -0.5055997 0.0321754 0.7842405
1740548317.819954 -9.6718025 4.3197837 19.8126278 -0.3574055 -0.5050023 0.0358995 0.7848218
1740548317.919138 -9.6709385 4.3100195 19.7936687 -0.3588318 -0.5026250 0.0376157 0.7856162
1740548318.021700 -9.6785641 4.3217802 19.7963066 -0.3601485 -0.5059547 0.0389945 0.7828042
1740548318.122186 -9.6846256 4.3327150 19.8098907 -0.3600599 -0.5104111 0.0406990 0.7798596
1740548318.232580 -9.7234201 4.3507519 19.8160725 -0.3638935 -0.5115751 0.0406686 0.7773149
1740548318.332549 -9.8099594 4.3941431 19.8058815 -0.3637534 -0.5120907 0.0423543 0.7769508
1740548318.437537 -9.8659954 4.4259100 19.8017998 -0.3647338 -0.5133258 0.0419034 0.7756997
1740548318.542471 -9.8970432 4.4557009 19.8246384 -0.3656381 -0.5173601 0.0428418 0.7725360
1740548318.643815 -9.9598217 4.4865613 19.8129044 -0.3654028 -0.5173809 0.0427935 0.7726360
1740548318.748756 -10.0171881 4.5226469 19.8062439 -0.3665275 -0.5185543 0.0437111 0.7712641
1740548318.850882 -10.0493641 4.5232134 19.8128662 -0.3694949 -0.5190056 0.0428714 0.7695900
1740548318.953955 -10.0908461 4.5553079 19.8080254 -0.3689397 -0.5198712 0.0432434 0.7692512
1740548319.059022 -10.1296873 4.5851054 19.8151016 -0.3698819 -0.5200990 0.0432015 0.7686468
1740548319.156693 -10.1739378 4.6077352 19.8223019 -0.3706809 -0.5214362 0.0445437 0.7672782
1740548319.268119 -10.2268972 4.6365409 19.8211002 -0.3728925 -0.5203487 0.0436899 0.7669938
1740548319.367917 -10.2670126 4.6421442 19.8347015 -0.3755715 -0.5199820 0.0403461 0.7661181
1740548319.469515 -10.3006630 4.6620808 19.8300705 -0.3773599 -0.5181269 0.0414196 0.7664388
1740548319.565807 -10.3455734 4.6927776 19.8250542 -0.3776861 -0.5189754 0.0423345 0.7656536
1740548319.662239 -10.3636103 4.7040930 19.8258038 -0.3799789 -0.5180936 0.0424510 0.7651098
1740548319.766239 -10.4005432 4.7300034 19.8296127 -0.3810294 -0.5189122 0.0415884 0.7640792
1740548319.861910 -10.4549170 4.7441001 19.8436794 -0.3819357 -0.5173948 0.0402647 0.7647265
1740548319.962894 -10.4763823 4.7735853 19.8537064 -0.3822125 -0.5200245 0.0408166 0.7627727
1740548320.057239 -10.5148907 4.8216381 19.8679428 -0.3820045 -0.5210292 0.0413733 0.7621610
1740548320.152742 -10.5541954 4.8426275 19.8759556 -0.3843105 -0.5204843 0.0408081 0.7614041
1740548320.250681 -10.5821867 4.8719821 19.8882561 -0.3852611 -0.5205239 0.0414133 0.7608638
1740548320.344550 -10.6439772 4.9043741 19.9039726 -0.3870541 -0.5206389 0.0398150 0.7599599
1740548320.443653 -10.6987219 4.9362011 19.9128304 -0.3885501 -0.5202610 0.0386878 0.7595134
1740548320.544004 -10.7185888 4.9568205 19.9134808 -0.3877756 -0.5210239 0.0388965 0.7593756
1740548320.639640 -10.7498932 4.9861612 19.9131432 -0.3884222 -0.5207727 0.0384719 0.7592390
1740548320.742247 -10.7775908 5.0121808 19.9305210 -0.3904642 -0.5224385 0.0373315 0.7571011
1740548320.838223 -10.8385191 5.0509095 19.9457893 -0.3920351 -0.5220774 0.0363735 0.7565849
1740548320.933956 -10.8850183 5.0848293 19.9496193 -0.3929975 -0.5225841 0.0363764 0.7557351
1740548321.036306 -10.9073486 5.0999203 19.9480572 -0.3930826 -0.5219765 0.0357208 0.7561419
1740548321.134646 -10.9259443 5.1163187 19.9381962 -0.3928714 -0.5199839 0.0339994 0.7577023
1740548321.238609 -10.9690590 5.1453075 19.9352608 -0.3951580 -0.5165995 0.0336621 0.7588425
1740548321.334522 -11.0010157 5.1650181 19.9460106 -0.3957326 -0.5157552 0.0315218 0.7592092
1740548321.429371 -11.0519638 5.1936722 19.9504471 -0.3970593 -0.5131382 0.0298673 0.7603558
1740548321.529962 -11.1175547 5.2160845 19.9486618 -0.3984021 -0.5101343 0.0276103 0.7617587
1740548321.625804 -11.1790886 5.2438898 19.9619904 -0.4005722 -0.5077601 0.0254744 0.7622812
1740548321.732314 -11.2462397 5.2801991 19.9710999 -0.4015361 -0.5057195 0.0246290 0.7631579
1740548321.827199 -11.2974377 5.3130732 19.9753075 -0.4024287 -0.5036824 0.0233879 0.7640734
1740548321.924710 -11.3615437 5.3469114 19.9875069 -0.4041685 -0.5012875 0.0219662 0.7647721
1740548322.025863 -11.4238644 5.3820434 19.9855213 -0.4054734 -0.4983889 0.0204509 0.7660167
1740548322.122642 -11.4689312 5.4138579 19.9954472 -0.4059759 -0.4969527 0.0182843 0.7667381
1740548322.225618 -11.5049200 5.4301701 19.9971542 -0.4089786 -0.4937883 0.0152415 0.7672531
1740548322.322031 -11.5432844 5.4642453 20.0071335 -0.4091501 -0.4934192 0.0134310 0.7674329
1740548322.419508 -11.5931568 5.4959784 20.0008659 -0.4109827 -0.4895302 0.0132187 0.7689465
1740548322.521747 -11.6021109 5.4966440 20.0071220 -0.4135030 -0.4875715 0.0109664 0.7688752
1740548322.616942 -11.6199360 5.5031605 20.0042763 -0.4150483 -0.4852590 0.0088014 0.7695330
1740548322.720648 -11.6438437 5.5342588 20.0025749 -0.4143951 -0.4854703 0.0069557 0.7697707
1740548322.814420 -11.6566105 5.5548735 19.9964256 -0.4144227 -0.4832069 0.0069553 0.7711788
1740548322.908538 -11.6625175 5.5602517 19.9940186 -0.4160990 -0.4813961 0.0056886 0.7714189
1740548323.012353 -11.6520119 5.5474820 19.9941750 -0.4175661 -0.4803827 0.0023411 0.7712752
1740548323.112459 -11.6504316 5.5500736 19.9982414 -0.4168550 -0.4824162 -0.0010795 0.7703930
1740548323.216357 -11.6499119 5.5498915 19.9946594 -0.4172062 -0.4812179 -0.0017095 0.7709510
1740548323.313779 -11.6543694 5.5591216 19.9966068 -0.4200901 -0.4810440 0.0001791 0.7694940
1740548323.407490 -11.6667910 5.5727549 19.9999542 -0.4221739 -0.4808405 0.0002630 0.7684801
1740548323.509691 -11.6567726 5.5627046 19.9971619 -0.4251909 -0.4788171 -0.0009300 0.7680794
1740548323.607317 -11.6622934 5.5665278 19.9975853 -0.4244232 -0.4807017 -0.0062875 0.7673013
1740548323.718199 -11.6792269 5.5933719 20.0036583 -0.4280591 -0.4821365 -0.0062232 0.7643763
1740548323.820003 -11.7002754 5.6120195 20.0067902 -0.4306912 -0.4822892 -0.0062315 0.7627997
1740548323.911862 -11.7102051 5.6200886 20.0055504 -0.4343923 -0.4826868 -0.0055252 0.7604514
1740548324.019080 -11.7475443 5.6311522 20.0029259 -0.4362261 -0.4811432 -0.0092683 0.7603434
1740548324.111913 -11.7782965 5.6368046 19.9826241 -0.4373903 -0.4776810 -0.0113109 0.7618285
1740548324.213158 -11.7707815 5.6373053 19.9863472 -0.4357767 -0.4822901 -0.0139533 0.7598028
1740548324.325663 -11.7742395 5.6400671 19.9899864 -0.4372322 -0.4842268 -0.0156764 0.7576984
1740548324.422880 -11.7987576 5.6521926 19.9809227 -0.4405681 -0.4817043 -0.0170173 0.7573448
1740548324.527186 -11.8012266 5.6565471 19.9852715 -0.4412487 -0.4849254 -0.0184845 0.7548545
1740548324.624331 -11.8122816 5.6666560 19.9867859 -0.4419767 -0.4872252 -0.0203720 0.7528965
1740548324.736590 -11.7987404 5.6471958 19.9804230 -0.4426690 -0.4881503 -0.0247070 0.7517599
1740548324.829894 -11.7999268 5.6478739 19.9831524 -0.4454664 -0.4886176 -0.0255636 0.7497727
1740548324.925799 -11.7979221 5.6464825 19.9765892 -0.4429116 -0.4901890 -0.0306765 0.7500687
1740548325.026831 -11.8000822 5.6459231 19.9744835 -0.4447706 -0.4901039 -0.0344765 0.7488583
1740548325.128362 -11.7785082 5.6362338 19.9729614 -0.4461300 -0.4892093 -0.0329715 0.7487024
1740548325.237291 -11.7717981 5.6348476 19.9737740 -0.4477529 -0.4897656 -0.0330476 0.7473653
1740548325.332473 -11.7834940 5.6400542 19.9759712 -0.4499373 -0.4892969 -0.0334115 0.7463436
1740548325.426721 -11.7827568 5.6346931 19.9743004 -0.4492436 -0.4886809 -0.0377193 0.7469594
1740548325.531920 -11.8016491 5.6396542 19.9632473 -0.4522989 -0.4852822 -0.0386666 0.7472830
1740548325.625844 -11.8425150 5.6641474 19.9609070 -0.4511198 -0.4859051 -0.0399658 0.7475226
1740548325.737997 -11.8589363 5.6748157 19.9616776 -0.4535760 -0.4854136 -0.0416454 0.7462627
1740548325.832532 -11.8539515 5.6701522 19.9660206 -0.4575410 -0.4855952 -0.0421415 0.7436919
1740548325.926834 -11.8925753 5.6835208 19.9655037 -0.4605228 -0.4833083 -0.0441980 0.7432216
1740548326.029012 -11.9424562 5.6998253 19.9628143 -0.4640005 -0.4809649 -0.0482488 0.7423263
1740548326.125757 -11.9755516 5.7281723 19.9532280 -0.4640020 -0.4793934 -0.0503612 0.7432011
1740548326.238591 -11.9983568 5.7450533 19.9578094 -0.4641420 -0.4802660 -0.0523843 0.7424101
1740548326.332767 -12.0329657 5.7730846 19.9468327 -0.4628708 -0.4788086 -0.0539252 0.7440329
1740548326.426938 -12.0717640 5.8017025 19.9434528 -0.4621531 -0.4778531 -0.0556294 0.7449674
1740548326.527745 -12.1075020 5.8241529 19.9345722 -0.4620049 -0.4767063 -0.0584104 0.7455809
1740548326.625960 -12.1464443 5.8607841 19.9295540 -0.4613895 -0.4763705 -0.0585474 0.7461656
1740548326.738622 -12.1847086 5.8922167 19.9237099 -0.4611818 -0.4763775 -0.0591340 0.7462432
1740548326.835027 -12.2298040 5.9219837 19.9186935 -0.4618590 -0.4753614 -0.0618587 0.7462516
1740548326.928167 -12.2620459 5.9408617 19.9202347 -0.4626413 -0.4737962 -0.0645472 0.7465346
1740548327.028878 -12.2982616 5.9711595 19.9169426 -0.4622251 -0.4745809 -0.0648752 0.7462655
1740548327.127889 -12.3220024 5.9924507 19.9297905 -0.4638617 -0.4778005 -0.0628156 0.7433661
1740548327.243076 -12.3817682 6.0345564 19.9300308 -0.4648337 -0.4786246 -0.0629094 0.7422201
1740548327.337220 -12.4369383 6.0753303 19.9273472 -0.4651241 -0.4789794 -0.0644053 0.7416807
1740548327.434149 -12.4917774 6.1176581 19.9258404 -0.4637583 -0.4806200 -0.0658707 0.7413459
1740548327.534958 -12.5456219 6.1519766 19.9219856 -0.4638159 -0.4806724 -0.0674872 0.7411304
1740548327.632183 -12.6030912 6.1948562 19.9248161 -0.4643056 -0.4819323 -0.0673496 0.7400173
1740548327.741668 -12.6567717 6.2349257 19.9252129 -0.4644085 -0.4833240 -0.0667294 0.7391008
1740548327.834921 -12.7159815 6.2740831 19.9286575 -0.4639462 -0.4852121 -0.0671123 0.7381186
1740548327.931163 -12.7737007 6.3134389 19.9308395 -0.4651266 -0.4856835 -0.0665151 0.7371190
1740548328.035916 -12.8200150 6.3436999 19.9322433 -0.4657019 -0.4871687 -0.0667829 0.7357503
1740548328.130708 -12.8660774 6.3747096 19.9336796 -0.4657480 -0.4888006 -0.0654229 0.7347602
1740548328.238919 -12.9158211 6.4118881 19.9363651 -0.4666048 -0.4911434 -0.0619223 0.7329555
1740548328.335204 -12.9700422 6.4463587 19.9369965 -0.4672081 -0.4917625 -0.0626544 0.7320933
1740548328.430075 -13.0326595 6.4880762 19.9379253 -0.4677096 -0.4926936 -0.0622080 0.7311846
1740548328.534802 -13.0834427 6.5303183 19.9467773 -0.4681182 -0.4939964 -0.0606298 0.7301760
1740548328.630063 -13.0935869 6.5478234 19.9463005 -0.4667416 -0.4959276 -0.0610030 0.7297169
1740548328.735718 -13.1083822 6.5558496 19.9449444 -0.4655981 -0.4966505 -0.0630142 0.7297848
1740548328.832740 -13.1232624 6.5679636 19.9459534 -0.4648063 -0.4985478 -0.0630441 0.7289929
1740548328.927957 -13.1460171 6.5951443 19.9445190 -0.4634644 -0.5002668 -0.0605196 0.7288835
1740548329.033104 -13.1705494 6.6037655 19.9540367 -0.4666351 -0.5002055 -0.0593260 0.7269983
1740548329.132087 -13.1913805 6.6130404 19.9533577 -0.4674281 -0.4986887 -0.0589590 0.7275606
1740548329.242986 -13.2002048 6.6408019 19.9498138 -0.4642719 -0.5009730 -0.0576399 0.7281176
1740548329.337726 -13.2323694 6.6737170 19.9550514 -0.4627867 -0.5017909 -0.0562850 0.7286057
1740548329.437637 -13.2522211 6.6887002 19.9628448 -0.4628073 -0.5015960 -0.0560456 0.7287454
1740548329.537625 -13.2540951 6.6899323 19.9664764 -0.4629904 -0.5004989 -0.0560547 0.7293823
1740548329.637491 -13.2664013 6.7008300 19.9674072 -0.4618882 -0.5001674 -0.0564798 0.7302753
1740548329.744406 -13.2718086 6.7114997 19.9595146 -0.4599356 -0.4989277 -0.0544750 0.7325045
1740548329.838367 -13.2789688 6.7166853 19.9548645 -0.4585861 -0.4979828 -0.0528371 0.7341119
1740548329.935255 -13.2741432 6.7145886 19.9583607 -0.4586740 -0.4974622 -0.0525639 0.7344294
1740548330.037351 -13.2926388 6.7143312 19.9565964 -0.4577947 -0.4951577 -0.0545054 0.7363912
1740548330.136474 -13.2988434 6.7216444 19.9585609 -0.4569820 -0.4946800 -0.0538931 0.7372617
1740548330.238735 -13.3140163 6.7394485 19.9619484 -0.4555525 -0.4944845 -0.0525499 0.7383736
1740548330.337135 -13.3231449 6.7633595 19.9776096 -0.4536494 -0.4963726 -0.0496449 0.7384794
1740548330.432197 -13.3236637 6.7733850 19.9630489 -0.4488008 -0.4939242 -0.0484144 0.7431506
1740548330.534328 -13.3344059 6.7725210 19.9660931 -0.4489461 -0.4916911 -0.0501171 0.7444297
1740548330.630288 -13.3393469 6.7793627 19.9635601 -0.4479257 -0.4900191 -0.0483601 0.7462608
1740548330.732532 -13.3490677 6.7776723 19.9631138 -0.4472302 -0.4875547 -0.0502854 0.7481623
1740548330.832327 -13.3579750 6.7732182 19.9666195 -0.4475549 -0.4859627 -0.0516255 0.7489123
1740548330.928070 -13.3671570 6.7869015 19.9617462 -0.4433796 -0.4853262 -0.0506780 0.7518675
1740548331.035059 -13.3726635 6.7851629 19.9598083 -0.4431695 -0.4826645 -0.0511884 0.7536681
1740548331.130424 -13.3731747 6.7879162 19.9609337 -0.4409758 -0.4831404 -0.0516873 0.7546153
1740548331.238662 -13.3809443 6.8001118 19.9668388 -0.4400038 -0.4829421 -0.0502204 0.7554082
1740548331.336048 -13.3879004 6.8040967 19.9639244 -0.4383230 -0.4817300 -0.0502601 0.7571546
1740548331.429656 -13.3899374 6.8044138 19.9637489 -0.4365996 -0.4820269 -0.0508451 0.7579219
1740548331.533854 -13.3937550 6.8100843 19.9660072 -0.4347774 -0.4821946 -0.0513693 0.7588269
1740548331.628175 -13.3941097 6.8097653 19.9629955 -0.4343194 -0.4804989 -0.0495141 0.7602867
1740548331.732255 -13.4033852 6.8144755 19.9608803 -0.4347304 -0.4783846 -0.0475724 0.7615082
1740548331.830409 -13.4065418 6.8192716 19.9624901 -0.4312393 -0.4784095 -0.0485867 0.7634110
1740548331.928474 -13.4074860 6.8199267 19.9700432 -0.4317977 -0.4803869 -0.0497770 0.7617753
1740548332.033860 -13.4095793 6.8247561 19.9723206 -0.4304087 -0.4804259 -0.0480709 0.7626457
1740548332.128517 -13.4208403 6.8411226 19.9779530 -0.4303297 -0.4799746 -0.0445686 0.7631870
1740548332.229019 -13.4271450 6.8488951 19.9896889 -0.4308631 -0.4803632 -0.0414499 0.7628173
1740548332.329191 -13.4315796 6.8536258 19.9929924 -0.4301255 -0.4825422 -0.0450364 0.7616540
1740548332.428999 -13.4455738 6.8596730 19.9970894 -0.4294317 -0.4834858 -0.0453620 0.7614278
1740548332.533611 -13.4577427 6.8754625 20.0099316 -0.4290281 -0.4839683 -0.0462514 0.7612953
1740548332.628722 -13.4625168 6.8803735 20.0027828 -0.4245584 -0.4794798 -0.0488846 0.7664592
1740548332.735975 -13.4669781 6.8809910 19.9984875 -0.4212444 -0.4756741 -0.0518344 0.7704547
1740548332.838144 -13.4673176 6.8805051 19.9973755 -0.4194179 -0.4707827 -0.0531568 0.7743556
1740548332.933241 -13.4771566 6.8829274 19.9948006 -0.4161739 -0.4665725 -0.0567000 0.7783923
1740548333.037302 -13.4844685 6.8837042 19.9934692 -0.4164771 -0.4611700 -0.0589591 0.7812765
1740548333.132959 -13.5320158 6.8948851 19.9855232 -0.4139839 -0.4569990 -0.0608902 0.7848960
1740548333.236538 -13.5861111 6.9107838 19.9780712 -0.4139509 -0.4532277 -0.0626290 0.7869605
1740548333.336347 -13.6364746 6.9328990 19.9874420 -0.4134222 -0.4509053 -0.0646920 0.7884044
1740548333.436660 -13.6984863 6.9462485 19.9832649 -0.4129767 -0.4476824 -0.0668807 0.7902896
1740548333.536616 -13.7673702 6.9655914 19.9784889 -0.4118650 -0.4443065 -0.0688382 0.7926035
1740548333.635127 -13.8242207 6.9840689 19.9785309 -0.4123730 -0.4408850 -0.0702954 0.7941206
1740548333.737729 -13.8739300 7.0405388 20.0001869 -0.4106544 -0.4407049 -0.0693007 0.7951978
1740548333.835676 -13.9375296 7.0766964 20.0103550 -0.4096172 -0.4387720 -0.0700242 0.7967368
1740548333.933666 -13.9807281 7.1227479 20.0372772 -0.4079924 -0.4380949 -0.0698573 0.7979568
1740548334.037628 -14.0238466 7.1826253 20.0665703 -0.4065137 -0.4377505 -0.0688319 0.7989889
1740548334.133358 -14.0745659 7.2450075 20.0815964 -0.4041583 -0.4373589 -0.0677733 0.8004874
1740548334.233879 -14.1169071 7.2908554 20.1088371 -0.4027141 -0.4364621 -0.0674237 0.8017333
1740548334.334339 -14.1673689 7.3411913 20.1255169 -0.4007621 -0.4353428 -0.0668581 0.8033657
1740548334.430552 -14.2207870 7.3904457 20.1525803 -0.3990871 -0.4347732 -0.0667571 0.8045155
1740548334.535070 -14.2676535 7.4519029 20.1868820 -0.3976640 -0.4349830 -0.0659451 0.8051736
1740548334.735257 -14.3692474 7.5626378 20.2278595 -0.3917620 -0.4330734 -0.0634084 0.8092895
1740548334.932335 -14.4781494 7.6667008 20.2847576 -0.3897337 -0.4334503 -0.0623498 0.8101487
1740548335.135595 -14.5684433 7.7783780 20.3423882 -0.3851161 -0.4335333 -0.0595309 0.8125211
1740548335.341930 -14.6683350 7.8687892 20.4083328 -0.3823341 -0.4336871 -0.0588120 0.8138042
1740548335.558245 -14.7752075 7.9721651 20.4564095 -0.3772734 -0.4332208 -0.0564187 0.8165791
1740548335.759612 -14.8783875 8.0703592 20.5078201 -0.3730287 -0.4342770 -0.0544259 0.8181020
1740548335.957692 -14.9939251 8.1768713 20.5687332 -0.3690116 -0.4351275 -0.0512032 0.8196784
1740548336.062629 -15.0391464 8.2293549 20.5982456 -0.3675916 -0.4358259 -0.0502755 0.8200029
1740548336.263155 -15.1474504 8.3256187 20.6509342 -0.3637198 -0.4366178 -0.0482675 0.8214275
1740548336.462621 -15.2649250 8.4099627 20.7130318 -0.3616849 -0.4386510 -0.0462991 0.8213560
1740548336.565165 -15.3167095 8.4585295 20.7362537 -0.3602598 -0.4385797 -0.0457372 0.8220516
1740548336.773495 -15.4320354 8.5479212 20.7957039 -0.3581266 -0.4395582 -0.0441573 0.8225474
1740548336.967329 -15.5425854 8.6313534 20.8554535 -0.3566536 -0.4405126 -0.0431257 0.8227314
1740548337.072941 -15.5977001 8.6728764 20.8834381 -0.3562887 -0.4408688 -0.0430746 0.8227015
1740548337.273417 -15.7166348 8.7577715 20.9384689 -0.3558922 -0.4407221 -0.0428156 0.8229652
1740548337.378927 -15.7599926 8.8083639 20.9623566 -0.3558226 -0.4403121 -0.0428991 0.8232103
1740548337.480511 -15.8080482 8.8602743 20.9886513 -0.3553898 -0.4393192 -0.0427929 0.8239330
1740548337.587483 -15.8527079 8.9171486 21.0151920 -0.3550875 -0.4378428 -0.0436854 0.8248019
1740548337.686281 -15.9028111 8.9685555 21.0379486 -0.3556508 -0.4393517 -0.0435803 0.8237617
1740548337.888245 -16.0066719 9.0678139 21.0967636 -0.3566413 -0.4392632 -0.0442261 0.8233461
1740548337.993250 -16.0488358 9.1200666 21.1321144 -0.3579131 -0.4388799 -0.0458118 0.8229119
1740548338.201869 -16.1223412 9.2378206 21.1825218 -0.3579734 -0.4389961 -0.0455887 0.8228360
1740548338.323305 -16.1796761 9.2737198 21.2070808 -0.3582014 -0.4385974 -0.0458835 0.8229331
1740548338.421808 -16.2475967 9.3054266 21.2354107 -0.3591093 -0.4388644 -0.0461484 0.8223800
1740548338.524988 -16.3023338 9.3588562 21.2628613 -0.3577935 -0.4389544 -0.0453080 0.8229520
1740548338.626394 -16.3453331 9.4137039 21.2877674 -0.3579544 -0.4391125 -0.0453062 0.8227978
1740548338.830052 -16.4610863 9.5067711 21.3394680 -0.3568436 -0.4395670 -0.0446811 0.8230717
1740548338.929422 -16.5139370 9.5526533 21.3673210 -0.3562569 -0.4401465 -0.0438776 0.8230594
1740548339.138189 -16.6210346 9.6475601 21.4180012 -0.3538843 -0.4414320 -0.0418286 0.8235011
1740548339.238165 -16.6835060 9.6921892 21.4449253 -0.3528047 -0.4420577 -0.0409225 0.8236742
1740548339.357283 -16.7381935 9.7347431 21.4764404 -0.3515825 -0.4428197 -0.0402346 0.8238214
1740548339.571037 -16.8526001 9.8261328 21.5274487 -0.3485078 -0.4429661 -0.0382896 0.8251408
1740548339.671093 -16.9035587 9.8765116 21.5552559 -0.3469107 -0.4429590 -0.0376998 0.8258445
1740548339.876295 -17.0238972 9.9614697 21.6100464 -0.3442079 -0.4428371 -0.0362954 0.8271027
1740548339.976700 -17.0816689 10.0047941 21.6357708 -0.3427688 -0.4421190 -0.0355888 0.8281146
1740548340.094197 -17.1421337 10.0435276 21.6656017 -0.3416331 -0.4415235 -0.0356716 0.8288977
1740548340.305595 -17.2556686 10.1297226 21.7189369 -0.3393738 -0.4394307 -0.0350984 0.8309599
1740548340.407403 -17.3119411 10.1711369 21.7558765 -0.3394395 -0.4374531 -0.0361379 0.8319314
1740548340.622199 -17.4220943 10.2614479 21.8162422 -0.3379638 -0.4337737 -0.0370487 0.8344149
1740548340.721480 -17.4759426 10.3091326 21.8446369 -0.3371867 -0.4312372 -0.0376546 0.8360155
1740548340.830252 -17.5210648 10.3606853 21.8804379 -0.3369412 -0.4287117 -0.0384319 0.8373769
1740548340.948403 -17.5700912 10.4084730 21.9167900 -0.3365063 -0.4258775 -0.0393953 0.8389517
1740548341.156555 -17.6661911 10.5078411 21.9955349 -0.3366737 -0.4198700 -0.0422417 0.8417693
1740548341.372684 -17.7718105 10.6030636 22.0557423 -0.3372976 -0.4121971 -0.0455888 0.8451305
1740548341.581387 -17.8638134 10.7003708 22.1369095 -0.3373372 -0.4062871 -0.0479840 0.8478396
1740548341.796593 -17.9653282 10.7879200 22.2134457 -0.3377982 -0.3998712 -0.0509591 0.8505284
1740548342.015590 -18.0606155 10.8847332 22.2896252 -0.3383721 -0.3936920 -0.0538664 0.8530002
1740548342.218455 -18.1406860 10.9923553 22.3689651 -0.3387717 -0.3876283 -0.0563735 0.8554531
1740548342.427189 -18.2385941 11.0886974 22.4445972 -0.3388125 -0.3816640 -0.0588302 0.8579498
1740548342.641949 -18.3178196 11.1924248 22.5266266 -0.3384187 -0.3768346 -0.0608118 0.8600991
1740548342.956897 -18.4523163 11.3463421 22.6433372 -0.3367410 -0.3692066 -0.0633642 0.8638732
1740548343.384331 -18.6396027 11.5356312 22.8040543 -0.3326263 -0.3589869 -0.0659347 0.8695635
1740548343.701437 -18.7747078 11.6845360 22.9208717 -0.3275268 -0.3492985 -0.0681320 0.8752570
1740548344.240884 -19.0066414 11.9157743 23.1269569 -0.3169232 -0.3261401 -0.0738107 0.8875496
1740548344.870641 -19.1880341 12.1615009 23.4702339 -0.3030206 -0.2841935 -0.0846332 0.9056765
1740548345.491297 -19.3498993 12.4332533 23.8145027 -0.2926948 -0.2317543 -0.1014470 0.9221324
1740548345.908083 -19.4220257 12.6142597 24.0584145 -0.2896962 -0.1943524 -0.1136467 0.9302622
1740548346.223243 -19.4871616 12.7519007 24.2381916 -0.2895865 -0.1649856 -0.1230190 0.9347651
1740548346.648552 -19.5101032 12.9279995 24.4929276 -0.2908468 -0.1260462 -0.1358886 0.9386452
1740548347.077572 -19.5003395 13.1052418 24.7499199 -0.2928313 -0.0865798 -0.1481691 0.9406379
1740548347.394466 -19.4764919 13.2326660 24.9453468 -0.2945888 -0.0584615 -0.1571342 0.9408021
1740548347.838063 -19.4265480 13.3998032 25.2026024 -0.2965778 -0.0233495 -0.1682550 0.9397801
1740548348.263363 -19.3679600 13.5670681 25.4547234 -0.2986465 0.0069781 -0.1775315 0.9376802
1740548348.693381 -19.3036060 13.7292089 25.7098942 -0.3017633 0.0345419 -0.1856572 0.9344930
1740548349.010703 -19.2497749 13.8532333 25.8955612 -0.3038691 0.0533704 -0.1908374 0.9318779
1740548349.343804 -19.1964493 13.9768696 26.0830212 -0.3075278 0.0720755 -0.1958246 0.9283773
1740548349.673684 -19.1107349 14.0953674 26.2637482 -0.3111680 0.0908602 -0.2011709 0.9243642
1740548349.988630 -19.0271416 14.2265797 26.4335690 -0.3139768 0.1103205 -0.2064588 0.9201210
1740548350.394809 -18.8783340 14.3884125 26.6510601 -0.3156171 0.1344646 -0.2134034 0.9147481
1740548350.694177 -18.7657051 14.5129452 26.8108406 -0.3141612 0.1503249 -0.2183002 0.9116195
1740548350.995500 -18.6404953 14.6280746 26.9728699 -0.3091630 0.1618494 -0.2227663 0.9102737
1740548351.311458 -18.5068855 14.7158937 27.1438103 -0.3013893 0.1685332 -0.2262214 0.9108155
1740548351.617850 -18.3905754 14.8060789 27.3267708 -0.2908106 0.1689070 -0.2289442 0.9135011
1740548351.922866 -18.2830925 14.9002819 27.5137291 -0.2786650 0.1630289 -0.2308123 0.9178742
1740548352.226591 -18.1953297 14.9910469 27.7134113 -0.2651232 0.1502333 -0.2306443 0.9240903
1740548352.538308 -18.1307030 15.0791225 27.9221191 -0.2521063 0.1324770 -0.2295213 0.9307052
1740548352.734673 -18.0971413 15.1430340 28.0636692 -0.2439064 0.1184025 -0.2270646 0.9353781
1740548353.051083 -18.0690918 15.2362328 28.2756596 -0.2331921 0.0963481 -0.2247884 0.9411741
1740548353.358575 -18.0459442 15.3192511 28.4983540 -0.2246913 0.0724421 -0.2195113 0.9466154
1740548353.665123 -18.0243797 15.4141788 28.7153034 -0.2163626 0.0496651 -0.2157654 0.9508764
1740548353.967674 -18.0204391 15.5069971 28.9279404 -0.2102840 0.0289314 -0.2118195 0.9539791
1740548354.274162 -18.0127964 15.6004305 29.1327305 -0.2053730 0.0102787 -0.2073088 0.9564201
1740548354.590833 -18.0139942 15.6999226 29.3421230 -0.2020313 -0.0048834 -0.2041552 0.9578519
1740548354.892652 -18.0234756 15.7785711 29.5556622 -0.2022898 -0.0167467 -0.2015948 0.9582056
1740548355.190530 -18.0229015 15.8700857 29.7667866 -0.2019345 -0.0277366 -0.1997070 0.9584208
1740548355.493009 -18.0260277 15.9634428 29.9740105 -0.2027765 -0.0342555 -0.1984478 0.9582937
1740548355.911521 -18.0329037 16.0836277 30.2539444 -0.2056639 -0.0414889 -0.1972481 0.9576399
1740548356.114344 -18.0321960 16.1457863 30.3907394 -0.2081667 -0.0436470 -0.1967916 0.9570970
1740548356.315808 -18.0277920 16.2039833 30.5326309 -0.2107624 -0.0460499 -0.1963286 0.9565112
1740548356.515334 -18.0361156 16.2683258 30.6706905 -0.2139509 -0.0465530 -0.1965445 0.9557344
1740548356.719955 -18.0351295 16.3359451 30.8059654 -0.2162878 -0.0474672 -0.1967762 0.9551155
1740548356.931687 -18.0391369 16.4071712 30.9412060 -0.2192683 -0.0471087 -0.1964637 0.9545178
1740548357.139029 -18.0372124 16.4726429 31.0753498 -0.2231764 -0.0470047 -0.1959896 0.9537143
1740548357.343380 -18.0370827 16.5398846 31.2069321 -0.2272691 -0.0467268 -0.1957536 0.9528095
1740548357.553804 -18.0370178 16.6074944 31.3449478 -0.2310153 -0.0459628 -0.1958876 0.9519178
1740548357.772863 -18.0402794 16.6835785 31.4740314 -0.2347687 -0.0446765 -0.1962714 0.9509812
1740548357.982496 -18.0396233 16.7545166 31.6084061 -0.2381529 -0.0430362 -0.1964353 0.9501812
1740548358.191715 -18.0309353 16.8312016 31.7395000 -0.2408242 -0.0423529 -0.1969045 0.9494412
1740548358.407928 -18.0306797 16.9041462 31.8700466 -0.2444277 -0.0407061 -0.1972441 0.9485214
1740548358.614719 -18.0213356 16.9762688 32.0018234 -0.2469958 -0.0388694 -0.1978939 0.9477976
1740548358.826653 -18.0127354 17.0502930 32.1342545 -0.2490457 -0.0374211 -0.1978874 0.9473207
1740548359.029223 -18.0094414 17.1235962 32.2678146 -0.2512342 -0.0356164 -0.1982835 0.9467294
1740548359.244479 -18.0111122 17.1982651 32.4021111 -0.2527246 -0.0330513 -0.1986343 0.9463521
1740548359.462323 -17.9992027 17.2712688 32.5311813 -0.2553126 -0.0317442 -0.1991052 0.9456030
1740548359.674453 -17.9917336 17.3466988 32.6637726 -0.2571531 -0.0307613 -0.1987816 0.9452047
1740548359.888836 -17.9830456 17.4157791 32.7968674 -0.2597660 -0.0309877 -0.1988982 0.9444580
1740548360.096360 -17.9677200 17.4883118 32.9307327 -0.2624573 -0.0306552 -0.1987650 0.9437526
1740548360.408215 -17.9510345 17.5992336 33.1203804 -0.2681811 -0.0338755 -0.1978890 0.9422162
1740548360.614785 -17.9427261 17.6766148 33.2505722 -0.2725818 -0.0365871 -0.1970828 0.9410201
1740548360.926836 -17.9291706 17.7910328 33.4436111 -0.2817003 -0.0424204 -0.1950374 0.9385126
1740548361.236211 -17.9169807 17.9176121 33.6294556 -0.2922026 -0.0511740 -0.1929777 0.9352852
1740548361.543395 -17.9257393 18.0448952 33.8111763 -0.3066034 -0.0614243 -0.1884384 0.9309739
1740548361.846027 -17.9510841 18.1922264 33.9816666 -0.3207780 -0.0706954 -0.1850105 0.9262153
1740548362.145386 -17.9702797 18.3442001 34.1411858 -0.3341977 -0.0820961 -0.1839661 0.9207218
1740548362.437632 -17.9956398 18.4965286 34.3018227 -0.3489217 -0.0907161 -0.1790642 0.9154017
1740548362.640908 -18.0048466 18.6031437 34.4057541 -0.3577922 -0.0948297 -0.1770947 0.9119373
1740548362.841109 -18.0061512 18.7063446 34.5134773 -0.3662812 -0.0992877 -0.1748670 0.9085162
1740548363.036791 -17.9976120 18.8164291 34.6193962 -0.3730503 -0.1033802 -0.1735459 0.9055539
1740548363.234689 -18.0129337 18.9293938 34.7165184 -0.3807612 -0.1016722 -0.1752941 0.9021950
1740548363.434643 -18.0222340 19.0197697 34.8277206 -0.3892455 -0.1035727 -0.1753799 0.8983332
1740548363.531280 -18.0212860 19.0645771 34.8826828 -0.3918655 -0.1044726 -0.1750290 0.8971576
1740548363.735957 -18.0591431 19.1214142 34.9629211 -0.4000278 -0.1014862 -0.1794123 0.8930227
1740548363.843143 -18.0518036 19.1666679 35.0077896 -0.4032348 -0.1034141 -0.1780508 0.8916306
1740548363.937893 -18.0377483 19.1589451 35.0372391 -0.4101438 -0.1055054 -0.1784357 0.8881506
1740548364.039489 -18.0354710 19.1565571 35.0601501 -0.4167320 -0.1057352 -0.1782653 0.8850853
1740548364.141619 -18.0375309 19.1596260 35.1063004 -0.4228912 -0.1073847 -0.1813091 0.8813391
1740548364.237084 -18.0131798 19.1482544 35.1322708 -0.4298855 -0.1126869 -0.1807230 0.8774049
1740548364.342610 -18.0481434 19.1246338 35.1866150 -0.4439922 -0.1079799 -0.1812896 0.8708303
1740548364.436739 -18.0558128 19.1416359 35.2293739 -0.4482550 -0.1069248 -0.1819552 0.8686351
1740548364.539254 -18.0516701 19.2008858 35.2212906 -0.4455220 -0.1031329 -0.1841899 0.8700275
1740548364.640987 -18.0426559 19.1780224 35.2533493 -0.4549633 -0.1068819 -0.1816835 0.8652027
1740548364.736102 -18.0428524 19.1542702 35.2807846 -0.4618438 -0.1105581 -0.1844768 0.8604915
1740548364.841352 -18.0626507 19.1422653 35.3197021 -0.4714023 -0.1059317 -0.1815230 0.8565090
1740548364.936398 -18.0547123 19.1335945 35.3506927 -0.4786125 -0.1096836 -0.1831907 0.8516694
1740548365.033476 -18.0367432 19.1432209 35.3770676 -0.4840900 -0.1120767 -0.1817988 0.8485546
1740548365.141756 -18.0860443 19.1167736 35.4701385 -0.4985299 -0.1077459 -0.1860428 0.8397897
1740548365.236379 -18.0948486 19.0974312 35.5127029 -0.5087380 -0.1095877 -0.1831808 0.8340390
1740548365.341281 -18.1297169 19.1161919 35.5616493 -0.5171043 -0.1061803 -0.1819716 0.8295874
1740548365.436221 -18.0917797 19.0883236 35.6061096 -0.5271504 -0.1145491 -0.1794379 0.8226744
1740548365.532354 -18.1034412 19.0840759 35.6369133 -0.5348917 -0.1148844 -0.1803665 0.8174108
1740548365.640733 -18.0679722 19.0888882 35.6704025 -0.5391896 -0.1203906 -0.1803305 0.8137946
1740548365.735971 -18.0793610 19.0831852 35.7247429 -0.5488915 -0.1226834 -0.1793354 0.8071590
1740548365.842470 -18.0905266 19.0819073 35.7544250 -0.5552885 -0.1226325 -0.1801993 0.8025860
1740548365.937347 -18.1230698 19.1085815 35.7791939 -0.5601971 -0.1194412 -0.1753041 0.8007382
1740548366.038787 -18.1112404 19.1203117 35.8296890 -0.5672491 -0.1235283 -0.1737589 0.7954729
1740548366.141664 -18.1740379 19.1043167 35.8956757 -0.5790921 -0.1195148 -0.1768184 0.7868315
1740548366.237481 -18.1572552 19.0769920 35.9442558 -0.5878101 -0.1220963 -0.1733644 0.7807154
1740548366.342661 -18.1986237 19.0785484 35.9763031 -0.5947914 -0.1207936 -0.1760466 0.7750095
1740548366.439468 -18.2161465 19.0942993 36.0181808 -0.6018364 -0.1207060 -0.1781398 0.7690833
1740548366.544665 -18.1626720 19.1032486 35.9940071 -0.6002966 -0.1290854 -0.1770692 0.7691732
1740548366.646677 -18.1587944 19.0740833 36.0569687 -0.6089324 -0.1301623 -0.1745972 0.7627417
1740548366.746200 -18.2129555 19.1211510 36.0534286 -0.6106786 -0.1271255 -0.1843373 0.7595595
1740548366.845950 -18.1920433 19.1080399 36.0574112 -0.6123401 -0.1332660 -0.1839124 0.7572688
1740548366.946705 -18.1571522 19.0964184 36.0942154 -0.6182939 -0.1339740 -0.1735867 0.7547392
1740548367.048112 -18.1574440 19.0902023 36.1978226 -0.6292606 -0.1356981 -0.1684645 0.7464830
1740548367.145557 -18.2296047 19.0981407 36.2657318 -0.6373471 -0.1306238 -0.1737544 0.7392804
1740548367.243883 -18.2161026 19.0809135 36.3114319 -0.6451319 -0.1343837 -0.1702275 0.7326449
1740548367.347723 -18.2532272 19.0814114 36.3390274 -0.6506031 -0.1321068 -0.1760684 0.7268173
1740548367.446465 -18.2554016 19.0681896 36.4131203 -0.6600686 -0.1342790 -0.1742976 0.7182611
1740548367.546931 -18.2520046 19.0787697 36.4609604 -0.6672491 -0.1365367 -0.1712277 0.7119111
1740548367.647903 -18.2474289 19.0808926 36.5697250 -0.6802452 -0.1401450 -0.1672808 0.6997451
1740548367.743934 -18.2585335 19.0891724 36.6267242 -0.6887128 -0.1408444 -0.1650359 0.6918097
1740548367.846211 -18.2673435 19.0980434 36.7065430 -0.6988685 -0.1424626 -0.1629505 0.6817144
1740548367.947830 -18.2716141 19.1141167 36.7611465 -0.7075093 -0.1440115 -0.1606103 0.6729751
1740548368.058931 -18.2895622 19.1273613 36.7617760 -0.7105988 -0.1427652 -0.1622352 0.6695874
1740548368.153797 -18.2932644 19.1314468 36.7025299 -0.7101567 -0.1414826 -0.1624508 0.6702759
1740548368.252727 -18.2970505 19.1284924 36.6605911 -0.7087954 -0.1424276 -0.1634187 0.6712807
1740548368.358772 -18.3355427 19.1406097 36.6388588 -0.7107875 -0.1363748 -0.1657554 0.6698568
1740548368.454381 -18.3321648 19.1439552 36.6210022 -0.7107196 -0.1378545 -0.1656563 0.6696506
1740548368.568747 -18.3290176 19.1506233 36.5971146 -0.7108279 -0.1382224 -0.1662976 0.6693006
1740548368.664979 -18.3469925 19.1552372 36.5832062 -0.7116212 -0.1364142 -0.1673417 0.6685681
1740548368.762971 -18.3457565 19.1517277 36.5579643 -0.7115073 -0.1360716 -0.1669216 0.6688640
1740548368.868121 -18.3587971 19.1573124 36.5127678 -0.7093102 -0.1343027 -0.1691620 0.6709888
1740548368.965522 -18.3564262 19.1581345 36.5050163 -0.7105496 -0.1363436 -0.1707460 0.6688614
1740548369.072309 -18.3520908 19.1731091 36.4608612 -0.7080715 -0.1378450 -0.1719740 0.6708639
1740548369.172244 -18.3466072 19.1745911 36.4494095 -0.7077111 -0.1381504 -0.1728135 0.6709657
1740548369.273507 -18.3629761 19.2064323 36.4117355 -0.7057136 -0.1369142 -0.1739088 0.6730369
1740548369.383955 -18.3689594 19.2678070 36.4080391 -0.7058517 -0.1375623 -0.1721115 0.6732218
1740548369.482636 -18.4055634 19.3046894 36.3945923 -0.7072333 -0.1324337 -0.1712073 0.6730308
1740548369.587366 -18.4113464 19.3110390 36.3680878 -0.7065502 -0.1309972 -0.1727194 0.6736429
1740548369.688763 -18.4167862 19.3583870 36.3329086 -0.7027134 -0.1311741 -0.1731174 0.6775084
1740548369.788166 -18.4157581 19.3963165 36.3296776 -0.7047054 -0.1299705 -0.1707578 0.6762691
1740548369.893212 -18.4649048 19.3992786 36.3044930 -0.7036594 -0.1242588 -0.1755942 0.6771927
1740548369.994490 -18.4350166 19.3963413 36.2712631 -0.7011408 -0.1263193 -0.1737194 0.6799020
1740548370.104720 -18.4283600 19.4066181 36.2543945 -0.7005245 -0.1284996 -0.1765758 0.6793926
1740548370.205707 -18.4248829 19.4126644 36.2295151 -0.6996833 -0.1270959 -0.1764660 0.6805510
1740548370.313350 -18.4295998 19.4623184 36.2065773 -0.6977242 -0.1291496 -0.1786455 0.6816062
1740548370.412667 -18.4106445 19.5162354 36.2032623 -0.6991239 -0.1330725 -0.1770387 0.6798344
1740548370.513757 -18.4321728 19.5571365 36.1707077 -0.6969045 -0.1342160 -0.1797735 0.6811694
1740548370.613881 -18.4377403 19.5464630 36.1142273 -0.6918784 -0.1317043 -0.1833259 0.6858206
1740548370.717271 -18.4367828 19.5608101 36.1024017 -0.6910683 -0.1326073 -0.1850814 0.6859918
1740548370.822396 -18.4220505 19.5719261 36.0577698 -0.6870636 -0.1325340 -0.1846263 0.6901387
1740548370.925223 -18.4393673 19.5927944 36.0281715 -0.6854622 -0.1296744 -0.1850946 0.6921460
1740548371.022597 -18.4486732 19.6065826 36.0024338 -0.6838127 -0.1288665 -0.1868694 0.6934503
1740548371.128202 -18.4740410 19.6326828 35.9699478 -0.6812594 -0.1284579 -0.1932224 0.6942977
1740548371.225809 -18.4458637 19.6431351 35.9455643 -0.6790264 -0.1306427 -0.1921952 0.6963596
1740548371.337914 -18.4541245 19.6535873 35.9113617 -0.6760024 -0.1293890 -0.1963909 0.6983622
1740548371.434674 -18.4612160 19.6759434 35.8756104 -0.6732687 -0.1286899 -0.1994889 0.7002516
1740548371.534647 -18.4888763 19.6948776 35.8334084 -0.6694006 -0.1261851 -0.2053298 0.7027231
1740548371.643461 -18.5024948 19.7234364 35.7972870 -0.6665034 -0.1260706 -0.2085728 0.7045403
1740548371.742428 -18.5012398 19.7504635 35.7378006 -0.6607463 -0.1243467 -0.2102742 0.7097443
1740548371.849876 -18.4884720 19.7749691 35.6909981 -0.6560472 -0.1243918 -0.2104849 0.7140202
1740548371.953147 -18.4982319 19.8015137 35.6513748 -0.6518247 -0.1228335 -0.2127918 0.7174650
1740548372.056673 -18.4669857 19.8232765 35.5834656 -0.6442146 -0.1208573 -0.2090412 0.7257292
1740548372.173304 -18.4764233 19.8581924 35.5638733 -0.6418170 -0.1221531 -0.2125749 0.7266096
1740548372.277784 -18.4959316 19.8810005 35.5328865 -0.6380616 -0.1197183 -0.2145212 0.7297435
1740548372.383117 -18.5048313 19.9006138 35.4717636 -0.6308395 -0.1171224 -0.2174485 0.7355542
1740548372.482537 -18.5026302 19.9231949 35.4340820 -0.6252869 -0.1164960 -0.2180942 0.7401891
1740548372.588901 -18.4696198 19.9477501 35.3926620 -0.6201247 -0.1182348 -0.2120182 0.7459988
1740548372.691376 -18.4842377 19.9826164 35.3551598 -0.6152361 -0.1153196 -0.2137830 0.7499885
1740548372.791152 -18.4718399 20.0119648 35.3272171 -0.6115446 -0.1160744 -0.2128743 0.7531431
1740548372.897825 -18.4643154 20.0347595 35.3084869 -0.6084931 -0.1183172 -0.2136376 0.7550471
1740548372.999323 -18.4869080 20.0663261 35.2612114 -0.6019356 -0.1150734 -0.2177109 0.7596273
1740548373.101817 -18.4592800 20.0924454 35.2287216 -0.5962601 -0.1167510 -0.2160171 0.7643164
1740548373.204420 -18.4625435 20.1124630 35.1904449 -0.5903936 -0.1150327 -0.2165834 0.7689568
1740548373.305018 -18.4705753 20.1366253 35.1412506 -0.5835904 -0.1120295 -0.2187943 0.7739514
1740548373.410730 -18.4832478 20.1663456 35.1040344 -0.5775505 -0.1092499 -0.2220190 0.7779508
1740548373.509131 -18.5286503 20.1868782 35.0824051 -0.5753403 -0.1033720 -0.2283389 0.7785622
1740548373.618271 -18.5051689 20.2129745 35.0235939 -0.5656034 -0.1021660 -0.2279942 0.7859221
1740548373.718960 -18.5085602 20.2347126 35.0024719 -0.5614785 -0.1008247 -0.2301762 0.7884131
1740548373.823438 -18.5276661 20.2567940 34.9782486 -0.5569148 -0.0960074 -0.2310639 0.7919835
1740548373.926997 -18.5387306 20.2769623 34.9408112 -0.5504044 -0.0917994 -0.2319986 0.7967462
1740548374.032376 -18.5388489 20.2882385 34.9143257 -0.5447255 -0.0893890 -0.2319074 0.8009387
1740548374.160565 -18.5448933 20.3128223 34.8803253 -0.5383216 -0.0852903 -0.2334933 0.8052430
1740548374.260818 -18.5811768 20.3262272 34.8717194 -0.5358754 -0.0809632 -0.2404351 0.8052786
1740548374.368234 -18.6004257 20.3523102 34.8450851 -0.5312766 -0.0751502 -0.2423748 0.8083020
1740548374.468913 -18.6423302 20.3682480 34.8418846 -0.5293649 -0.0692991 -0.2493804 0.8079479
1740548374.572770 -18.6824532 20.3795471 34.8222351 -0.5258630 -0.0592610 -0.2532255 0.8098353
1740548374.680955 -18.7433796 20.4138165 34.8418121 -0.5281006 -0.0523358 -0.2596004 0.8068323
1740548374.781282 -18.8257217 20.4371834 34.8636818 -0.5301670 -0.0416864 -0.2689876 0.8030136
1740548374.884000 -18.8788567 20.4834480 34.8669472 -0.5310069 -0.0344383 -0.2777591 0.7998097
1740548374.984975 -18.9161873 20.4946079 34.9046707 -0.5366045 -0.0282447 -0.2805227 0.7953395
1740548375.092957 -18.9931183 20.5546818 34.9149551 -0.5364233 -0.0167933 -0.2878223 0.7931749
1740548375.194398 -19.0187435 20.6093521 34.9642639 -0.5403042 -0.0097279 -0.2887511 0.7903162
1740548375.294354 -19.0559311 20.6901779 34.9763908 -0.5380352 -0.0026874 -0.2956204 0.7893791
1740548375.404954 -19.0015202 20.7430229 35.0346146 -0.5400480 -0.0053671 -0.2940360 0.7885824
1740548375.507170 -18.9632874 20.7926846 35.0801582 -0.5417392 -0.0075987 -0.2937146 0.7875231
1740548375.719287 -18.9419250 20.9257278 35.1290817 -0.5399211 -0.0010296 -0.2962253 0.7878672
1740548376.035166 -18.9272614 21.1236725 35.2321701 -0.5404184 0.0110261 -0.3037530 0.7845766
1740548376.247536 -18.9125195 21.2740421 35.2559929 -0.5358714 0.0191732 -0.3094028 0.7853306
1740548376.462038 -18.8874931 21.4110985 35.3036804 -0.5347896 0.0255927 -0.3138382 0.7841242
1740548376.671114 -18.8781433 21.5713921 35.3310318 -0.5303832 0.0375553 -0.3211987 0.7836547
1740548376.882132 -18.8298054 21.7120247 35.3706207 -0.5281289 0.0424740 -0.3236082 0.7839347
1740548377.099724 -18.7849236 21.8527241 35.4131241 -0.5265837 0.0487676 -0.3275475 0.7829713
1740548377.299633 -18.7437382 21.9974709 35.4527664 -0.5236312 0.0545792 -0.3308409 0.7831832
1740548377.509091 -18.6991119 22.1316757 35.5208664 -0.5230532 0.0605644 -0.3348887 0.7814070
