1740548272.756691 0.0000000 0.0000000 0.0000000 -0.0000000 -0.0000000 -0.0000000 1.0000000
1740548272.963882 0.0395957 0.0323873 0.0656496 0.0012712 -0.0017187 -0.0000492 0.9999977
1740548273.062823 0.0269650 0.0268456 0.1354117 0.0030913 -0.0043125 -0.0001470 0.9999859
1740548273.254617 0.0139953 0.0230596 0.2067042 0.0058274 -0.0079712 0.0001913 0.9999512
1740548273.438943 -0.0136037 0.0010201 0.2741950 0.0081404 -0.0116651 0.0001015 0.9998989
1740548273.621440 -0.0278957 -0.0171100 0.3442736 0.0114087 -0.0170082 0.0002335 0.9997903
1740548273.804221 -0.0489561 -0.0350994 0.4115328 0.0153400 -0.0226895 0.0004843 0.9996248
1740548273.951541 -0.0625206 -0.0516986 0.4833135 0.0194853 -0.0293764 0.0001881 0.9993785
1740548274.051786 -0.0839363 -0.0608785 0.5501117 0.0243242 -0.0361112 0.0006285 0.9990515
1740548274.253426 -0.1118329 -0.0911786 0.6909641 0.0337824 -0.0520019 0.0007370 0.9980752
1740548274.351799 -0.1282962 -0.1089771 0.7611616 0.0383424 -0.0603760 0.0006572 0.9974388
1740548274.458179 -0.1368414 -0.1297979 0.8296875 0.0429074 -0.0690722 0.0009760 0.9966880
1740548274.556968 -0.1548982 -0.1361778 0.8987384 0.0481368 -0.0776949 0.0008082 0.9958141
1740548274.666310 -0.1762943 -0.1505665 0.9689814 0.0523523 -0.0863161 0.0007512 0.9948910
1740548274.768286 -0.2037891 -0.1588815 1.0378108 0.0561039 -0.0947784 0.0007238 0.9939160
1740548274.868706 -0.2250947 -0.1665484 1.1048086 0.0598141 -0.1029155 0.0008227 0.9928898
1740548274.979484 -0.2460587 -0.1804946 1.1713378 0.0624438 -0.1109698 0.0009059 0.9918597
1740548275.080497 -0.2892555 -0.1890903 1.2312080 0.0647610 -0.1175198 0.0008597 0.9909563
1740548275.288435 -0.3511261 -0.1929150 1.3588591 0.0697345 -0.1307760 0.0004580 0.9889563
1740548275.392759 -0.3690173 -0.2224899 1.4280711 0.0701517 -0.1373050 0.0003873 0.9880415
1740548275.495301 -0.4064963 -0.2257433 1.4878558 0.0709452 -0.1419629 -0.0002092 0.9873263
1740548275.595437 -0.4390002 -0.2195427 1.5529541 0.0720973 -0.1468104 -0.0002027 0.9865337
1740548275.703560 -0.4626223 -0.2351846 1.6199918 0.0718941 -0.1515082 -0.0010952 0.9858373
1740548275.806380 -0.4931482 -0.2411125 1.6815361 0.0715061 -0.1548444 -0.0013974 0.9853467
1740548275.912782 -0.5204979 -0.2225694 1.7465057 0.0727585 -0.1581773 -0.0011942 0.9847257
1740548276.610254 -0.5448841 -0.2230767 1.8112949 0.0723933 -0.1609064 -0.0015224 0.9843099
1740548276.721129 -0.5579591 -0.2511781 1.8872234 0.0718073 -0.1645182 -0.0017935 0.9837552
1740548276.819888 -0.5815715 -0.2659791 1.9551975 0.0706201 -0.1666471 -0.0019054 0.9834826
1740548276.924842 -0.6207836 -0.2737131 2.0199227 0.0697441 -0.1682100 -0.0026263 0.9832773
1740548277.024509 -0.6478271 -0.2794706 2.0825691 0.0695752 -0.1698674 -0.0027635 0.9830039
1740548277.123065 -0.6639246 -0.2808687 2.1512961 0.0692390 -0.1719003 -0.0025026 0.9826749
1740548277.232254 -0.7039647 -0.2882285 2.2133951 0.0679771 -0.1724083 -0.0025366 0.9826739
1740548277.332850 -0.7497483 -0.2985654 2.2668047 0.0677411 -0.1722681 -0.0031793 0.9827129
1740548277.438604 -0.7678092 -0.3077306 2.3438179 0.0663382 -0.1740047 -0.0031170 0.9825029
1740548277.537430 -0.7941595 -0.3032619 2.4076676 0.0659347 -0.1743896 -0.0029156 0.9824624
1740548277.644681 -0.8272644 -0.3253115 2.4655151 0.0647171 -0.1741965 -0.0035589 0.9825755
1740548277.747525 -0.8507600 -0.3230926 2.5293345 0.0647793 -0.1743218 -0.0034315 0.9825496
1740548277.848135 -0.8760183 -0.3200130 2.6002064 0.0647223 -0.1749123 -0.0031022 0.9824495
1740548277.954336 -0.9063899 -0.3192706 2.6563811 0.0643114 -0.1737273 -0.0033696 0.9826859
1740548278.056742 -0.9393350 -0.3175736 2.7225528 0.0641176 -0.1734990 -0.0035574 0.9827382
1740548278.159679 -0.9568602 -0.3074012 2.7785900 0.0648873 -0.1722383 -0.0029938 0.9829113
1740548278.262263 -0.9912685 -0.3152098 2.8467729 0.0641617 -0.1717434 -0.0035932 0.9830435
1740548278.362393 -1.0121348 -0.3137534 2.9140210 0.0644771 -0.1712107 -0.0033418 0.9831167
1740548278.466622 -1.0318274 -0.3116108 2.9805415 0.0649386 -0.1711752 -0.0029189 0.9830939
1740548278.566288 -1.0780252 -0.3284654 3.0297201 0.0645530 -0.1686623 -0.0031353 0.9835528
1740548278.672691 -1.1187623 -0.3290794 3.0988359 0.0654107 -0.1675055 -0.0033050 0.9836932
1740548278.771827 -1.1474469 -0.3362042 3.1649203 0.0664226 -0.1662092 -0.0031596 0.9838458
1740548278.872546 -1.1742316 -0.3681946 3.2343800 0.0654759 -0.1651461 -0.0034745 0.9840872
1740548278.985883 -1.1853747 -0.3770806 3.3035717 0.0661790 -0.1643110 -0.0028144 0.9841821
1740548279.084187 -1.2240092 -0.3819781 3.3693798 0.0664733 -0.1629221 -0.0026515 0.9843936
1740548279.188362 -1.2565551 -0.3792097 3.4419365 0.0677688 -0.1616926 -0.0022447 0.9845089
1740548279.289938 -1.2926267 -0.3808837 3.5066197 0.0687387 -0.1595744 -0.0026124 0.9847864
1740548279.394500 -1.3194011 -0.3759989 3.5752068 0.0704216 -0.1576710 -0.0019935 0.9849755
1740548279.495262 -1.3482473 -0.3689561 3.6440978 0.0726878 -0.1556688 -0.0017619 0.9851297
1740548279.594074 -1.3709536 -0.3713018 3.7177770 0.0746621 -0.1544140 -0.0011966 0.9851804
1740548279.697778 -1.3967755 -0.3792785 3.7825723 0.0777350 -0.1514894 -0.0012862 0.9853967
1740548279.796538 -1.4119740 -0.3830329 3.8545849 0.0807760 -0.1494602 -0.0002770 0.9854628
1740548279.901591 -1.4137591 -0.4179806 3.9267185 0.0817349 -0.1477705 0.0003801 0.9856385
1740548280.001629 -1.4169065 -0.4283551 3.9982080 0.0851467 -0.1466684 0.0008764 0.9855139
1740548280.103774 -1.4456141 -0.4320140 4.0605540 0.0884438 -0.1440497 0.0017894 0.9856085
1740548280.212431 -1.4582429 -0.4504069 4.1348963 0.0918259 -0.1422647 0.0021879 0.9855577
1740548280.314335 -1.4865470 -0.4624043 4.1968422 0.0953903 -0.1392203 0.0027506 0.9856525
1740548280.425314 -1.5302548 -0.4724621 4.2587638 0.0984606 -0.1362342 0.0030962 0.9857668
1740548280.522422 -1.5552434 -0.4752446 4.3317170 0.1022144 -0.1342045 0.0038548 0.9856604
1740548280.621237 -1.5545501 -0.4878564 4.4002647 0.1056395 -0.1337361 0.0038285 0.9853631
1740548280.726530 -1.5440439 -0.4977602 4.4581518 0.1089297 -0.1338686 0.0040534 0.9849858
1740548280.824551 -1.5453130 -0.5031818 4.5019016 0.1122211 -0.1334139 0.0052371 0.9846724
1740548280.932231 -1.5435188 -0.5041955 4.5564198 0.1157483 -0.1340795 0.0046400 0.9841766
1740548281.035908 -1.5576773 -0.5019784 4.5925560 0.1192078 -0.1331432 0.0045824 0.9838910
1740548281.151726 -1.5820756 -0.4905304 4.6473050 0.1229291 -0.1301887 0.0037999 0.9838318
1740548281.250883 -1.5757247 -0.4957594 4.7035713 0.1264380 -0.1310772 0.0049369 0.9832639
1740548281.355156 -1.5693834 -0.5023567 4.7511063 0.1283222 -0.1313787 0.0042749 0.9829826
1740548281.464928 -1.5734476 -0.5065802 4.7965474 0.1308808 -0.1323124 0.0047104 0.9825180
1740548281.573821 -1.5710875 -0.5131298 4.8492069 0.1328384 -0.1329961 0.0046390 0.9821632
1740548281.683935 -1.5813588 -0.5497239 4.8758664 0.1320956 -0.1336347 0.0052626 0.9821736
1740548281.786613 -1.5776641 -0.5600386 4.9018283 0.1322234 -0.1334247 0.0053688 0.9821844
1740548281.894085 -1.6054379 -0.5866829 4.9580755 0.1330310 -0.1336528 0.0060466 0.9820403
1740548281.993820 -1.6114970 -0.6135206 5.0024371 0.1314102 -0.1350543 0.0061677 0.9820660
1740548282.092879 -1.6201727 -0.6222911 5.0419612 0.1332407 -0.1357825 0.0049449 0.9817258
1740548282.203169 -1.6185776 -0.6289525 5.0957804 0.1342540 -0.1372201 0.0056818 0.9813839
1740548282.309389 -1.6105946 -0.6419984 5.1456275 0.1352052 -0.1393850 0.0063136 0.9809442
1740548282.413606 -1.6115564 -0.6401213 5.1880698 0.1366450 -0.1412880 0.0052674 0.9804785
1740548282.518037 -1.6075346 -0.6475850 5.2384472 0.1373434 -0.1437763 0.0049302 0.9800209
1740548282.621313 -1.6090719 -0.6617349 5.2877059 0.1357224 -0.1456402 0.0024485 0.9799808
1740548282.728420 -1.6126075 -0.6719047 5.3459673 0.1364618 -0.1486531 0.0024272 0.9794256
1740548282.829956 -1.5976232 -0.7070911 5.3869371 0.1343144 -0.1521159 0.0024778 0.9791906
1740548282.939399 -1.6089618 -0.7420893 5.4319854 0.1318319 -0.1531681 0.0023712 0.9793643
1740548283.038746 -1.6314737 -0.7796746 5.4674549 0.1282304 -0.1534536 0.0023478 0.9797977
1740548283.155257 -1.6548412 -0.7989713 5.4973044 0.1262679 -0.1536380 0.0038479 0.9800189
1740548283.256353 -1.6643519 -0.8258865 5.5200944 0.1237800 -0.1533988 0.0024462 0.9803782
1740548283.356940 -1.6880491 -0.8712511 5.5721292 0.1207870 -0.1535483 0.0034768 0.9807249
1740548283.467182 -1.6760641 -0.8716230 5.6322265 0.1218596 -0.1568278 0.0028091 0.9800752
1740548283.572931 -1.6930922 -0.8532379 5.6819901 0.1235092 -0.1576187 0.0029632 0.9797413
1740548283.684415 -1.6958981 -0.8846183 5.7207723 0.1220814 -0.1593164 0.0024375 0.9796471
1740548283.791463 -1.7255732 -0.8926127 5.7616038 0.1216013 -0.1592280 0.0023796 0.9797214
1740548283.904148 -1.7349191 -0.8892307 5.7797360 0.1231056 -0.1589283 0.0018565 0.9795833
1740548284.005724 -1.7248355 -0.9038667 5.8314114 0.1235004 -0.1627703 0.0015903 0.9789029
1740548284.110404 -1.7460696 -0.9236188 5.8784957 0.1236633 -0.1651513 0.0025751 0.9784814
1740548284.218263 -1.7447240 -0.9311941 5.9482794 0.1247766 -0.1673378 0.0012127 0.9779711
1740548284.323344 -1.7530429 -0.9247284 5.9818945 0.1282824 -0.1695553 0.0016800 0.9771345
1740548284.434379 -1.7754804 -0.9020635 5.9902520 0.1321547 -0.1666209 0.0044694 0.9771144
1740548284.539360 -1.7769727 -0.9027399 5.9922762 0.1323464 -0.1668292 0.0034426 0.9770572
1740548284.654044 -1.7754440 -0.9186321 6.0282860 0.1330146 -0.1689402 0.0026013 0.9766061
1740548284.758800 -1.7612938 -0.8990382 6.0566292 0.1378013 -0.1723982 0.0026098 0.9753373
1740548284.856982 -1.7591354 -0.9036093 6.0820785 0.1401682 -0.1749450 0.0040934 0.9745411
1740548284.965417 -1.7692089 -0.9065748 6.0909410 0.1436858 -0.1711899 0.0026220 0.9747007
1740548285.068121 -1.7918174 -0.9136645 6.0983124 0.1431341 -0.1691799 0.0038479 0.9751287
1740548285.183162 -1.7805481 -0.9261453 6.1269941 0.1432915 -0.1725637 0.0028580 0.9745159
1740548285.285664 -1.7607386 -0.9417800 6.1637406 0.1448788 -0.1765923 0.0030349 0.9735585
1740548285.402309 -1.7549293 -0.9630142 6.2145181 0.1455994 -0.1787012 0.0030813 0.9730659
1740548285.501313 -1.7579912 -0.9830186 6.2343421 0.1442741 -0.1789609 0.0025113 0.9732172
1740548285.608417 -1.7850704 -0.9941154 6.2500291 0.1424732 -0.1742747 0.0043664 0.9743258
1740548285.716755 -1.8222997 -1.0286992 6.2888527 0.1408701 -0.1711217 0.0033883 0.9751213
1740548285.821601 -1.8646778 -1.0440156 6.3008151 0.1402969 -0.1652320 0.0048971 0.9762127
1740548285.935246 -1.8954368 -1.0604675 6.3036718 0.1382022 -0.1586284 0.0058990 0.9776003
1740548286.043055 -1.9163126 -1.0615729 6.3340268 0.1388036 -0.1551750 0.0055595 0.9780713
1740548286.156179 -1.9397418 -1.0753560 6.3509779 0.1371893 -0.1507017 0.0068673 0.9789897
1740548286.257656 -1.9542603 -1.0772437 6.3641858 0.1371149 -0.1450761 0.0069584 0.9798490
1740548286.359404 -1.9943044 -1.0821967 6.3888168 0.1361912 -0.1382983 0.0077418 0.9809514
1740548286.475117 -2.0261419 -1.1137209 6.4203548 0.1342776 -0.1332660 0.0076432 0.9819121
1740548286.575325 -2.0656452 -1.1086522 6.4583044 0.1340027 -0.1276349 0.0093712 0.9826825
1740548286.688082 -2.0990393 -1.1185020 6.4943986 0.1325615 -0.1231011 0.0110577 0.9834385
1740548286.789880 -2.1151803 -1.1231699 6.5147486 0.1324508 -0.1204072 0.0101502 0.9837967
1740548286.910727 -2.1211746 -1.1236339 6.5249901 0.1313907 -0.1172098 0.0109685 0.9843161
1740548287.012596 -2.1431019 -1.1266198 6.5412827 0.1297870 -0.1114970 0.0133250 0.9851630
1740548287.117127 -2.1664522 -1.1158789 6.5699434 0.1320934 -0.1091610 0.0138192 0.9851113
1740548287.225747 -2.1705241 -1.0980068 6.6071968 0.1337080 -0.1094363 0.0133915 0.9848688
1740548287.329859 -2.1796670 -1.1419501 6.6401939 0.1272228 -0.1090535 0.0133705 0.9857702
1740548287.440335 -2.1831348 -1.1404774 6.6581841 0.1270211 -0.1076988 0.0135776 0.9859424
1740548287.544932 -2.1892822 -1.1362585 6.6623111 0.1270611 -0.1060376 0.0132569 0.9861216
1740548287.660413 -2.2002439 -1.1306940 6.6736488 0.1273099 -0.1035045 0.0136958 0.9863526
1740548287.762074 -2.2091057 -1.1331826 6.6835971 0.1226058 -0.1007347 0.0124083 0.9872519
1740548287.864712 -2.2321784 -1.1423438 6.6796179 0.1189620 -0.0968310 0.0123749 0.9880884
1740548287.973316 -2.2452931 -1.1332266 6.6979642 0.1189793 -0.0959964 0.0138848 0.9881477
1740548288.074926 -2.2440813 -1.1221725 6.7005763 0.1195695 -0.0966809 0.0145930 0.9879995
1740548288.189523 -2.2521179 -1.1217889 6.7153277 0.1198334 -0.0968686 0.0147444 0.9879469
1740548288.290732 -2.2674608 -1.1255151 6.7288413 0.1170724 -0.0948933 0.0159327 0.9884511
1740548288.411508 -2.2724822 -1.1200964 6.7438364 0.1170142 -0.0948722 0.0146341 0.9884801
1740548288.514894 -2.2614269 -1.1288874 6.7445130 0.1136372 -0.0985038 0.0138191 0.9885306
1740548288.620493 -2.2594039 -1.1378130 6.7469816 0.1093071 -0.0996404 0.0137298 0.9889061
1740548288.727524 -2.2718654 -1.1483715 6.7602463 0.1065390 -0.0975647 0.0152965 0.9893920
1740548288.830562 -2.2616513 -1.1508476 6.7644725 0.1044453 -0.1009657 0.0142700 0.9892894
1740548288.943680 -2.2608311 -1.1478467 6.7647109 0.1032205 -0.1013007 0.0139142 0.9893888
1740548289.048000 -2.2578995 -1.1519845 6.7693057 0.1001761 -0.1014423 0.0142788 0.9896820
1740548289.158472 -2.2585328 -1.1470959 6.7624450 0.0971890 -0.1014889 0.0132262 0.9899896
1740548289.262574 -2.2549376 -1.1479299 6.7679448 0.0948167 -0.1034169 0.0142070 0.9900065
1740548289.365354 -2.2507942 -1.1436000 6.7684679 0.0948979 -0.1023392 0.0099229 0.9901629
1740548289.476344 -2.2603199 -1.1406595 6.7761097 0.0948066 -0.1004538 0.0097216 0.9903668
1740548289.577369 -2.2586787 -1.1426723 6.7782445 0.0920711 -0.1002214 0.0104751 0.9906406
1740548289.692247 -2.2614021 -1.1427176 6.7845407 0.0901203 -0.0978603 0.0101462 0.9910594
1740548289.794475 -2.2597902 -1.1430818 6.7887092 0.0886287 -0.0974422 0.0103018 0.9912335
1740548289.911014 -2.2472520 -1.1487328 6.7886777 0.0845550 -0.1037473 0.0119171 0.9909313
1740548290.013032 -2.2486956 -1.1508111 6.7933412 0.0823114 -0.1024888 0.0136748 0.9912285
1740548290.117877 -2.2482488 -1.1573191 6.7988052 0.0799901 -0.1002577 0.0106989 0.9916832
1740548290.225911 -2.2494459 -1.1576384 6.8105898 0.0805103 -0.0981452 0.0098083 0.9918616
1740548290.329710 -2.2514038 -1.1627481 6.8188486 0.0780205 -0.0968014 0.0093049 0.9921975
1740548290.443183 -2.2524731 -1.1712012 6.8295937 0.0764609 -0.0957358 0.0066058 0.9924439
1740548290.557918 -2.2378430 -1.1752563 6.8325200 0.0733869 -0.1015266 0.0075052 0.9920939
1740548290.669468 -2.2237549 -1.1761799 6.8586922 0.0729480 -0.1059945 0.0066025 0.9916654
1740548290.777316 -2.2171338 -1.1791896 6.8851495 0.0738444 -0.1096556 0.0068724 0.9911990
1740548290.883289 -2.2089934 -1.1777447 6.9007053 0.0723041 -0.1131650 0.0081141 0.9909087
1740548290.999589 -2.2038867 -1.1761433 6.9063892 0.0731956 -0.1147493 0.0054890 0.9906790
1740548291.106682 -2.2019246 -1.1772822 6.9300489 0.0717994 -0.1159037 0.0033864 0.9906562
1740548291.224736 -2.2058427 -1.1930585 6.9672489 0.0688314 -0.1185834 0.0040570 0.9905472
1740548291.329361 -2.1939163 -1.1968994 6.9825954 0.0689183 -0.1235211 0.0043759 0.9899362
1740548291.443126 -2.1946959 -1.1960825 7.0012794 0.0685103 -0.1242116 0.0049501 0.9898754
1740548291.549464 -2.1887424 -1.1958944 7.0213308 0.0679897 -0.1283974 0.0052836 0.9893754
1740548291.662799 -2.1865518 -1.2022074 7.0463982 0.0652723 -0.1312561 0.0050479 0.9891844
1740548291.769335 -2.1992428 -1.2147353 7.0927229 0.0628759 -0.1321467 0.0031042 0.9892291
1740548291.875863 -2.2023818 -1.2233641 7.1235743 0.0614247 -0.1342847 0.0039508 0.9890293
1740548291.983647 -2.2000546 -1.2236266 7.1446228 0.0602064 -0.1369696 0.0030467 0.9887393
1740548292.093215 -2.2035296 -1.2310194 7.1723886 0.0577338 -0.1388688 0.0037816 0.9886192
1740548292.200784 -2.1940825 -1.2272120 7.2002707 0.0562087 -0.1415896 0.0041558 0.9883196
1740548292.309789 -2.2018914 -1.2292602 7.2475319 0.0562518 -0.1436471 0.0045425 0.9880185
1740548292.416652 -2.2149568 -1.2352796 7.3180175 0.0544565 -0.1439719 0.0041269 0.9880737
1740548292.525290 -2.2274356 -1.2390771 7.3818622 0.0536044 -0.1437194 0.0036914 0.9881588
1740548292.630235 -2.2476509 -1.2441798 7.4504638 0.0527571 -0.1441547 0.0032129 0.9881426
1740548292.739857 -2.2734251 -1.2467366 7.5002599 0.0516735 -0.1427167 0.0031937 0.9884086
1740548292.843688 -2.2869976 -1.2430519 7.5500712 0.0502845 -0.1442172 0.0025726 0.9882643
1740548292.954141 -2.3183360 -1.2289274 7.6089692 0.0500719 -0.1434204 0.0030121 0.9883897
1740548293.060275 -2.3466687 -1.2303020 7.6514249 0.0486076 -0.1426884 0.0019714 0.9885714
1740548293.168894 -2.3685057 -1.2176305 7.7022543 0.0484748 -0.1419980 0.0021334 0.9886770
1740548293.277223 -2.3984895 -1.2066907 7.7688322 0.0477762 -0.1411231 0.0020727 0.9888364
1740548293.380983 -2.4082289 -1.1855119 7.8337927 0.0479152 -0.1409905 0.0029191 0.9888465
1740548293.492434 -2.4523213 -1.1919011 7.9017811 0.0465522 -0.1391593 0.0023848 0.9891723
1740548293.594874 -2.4864523 -1.1868653 7.9732385 0.0459948 -0.1378884 0.0021640 0.9893769
1740548293.704013 -2.5095034 -1.1777239 8.0376234 0.0457830 -0.1358112 0.0029577 0.9896719
1740548293.809908 -2.5306518 -1.1779680 8.0988216 0.0468849 -0.1339803 0.0028775 0.9898701
1740548293.917963 -2.5585070 -1.1859746 8.1688337 0.0463460 -0.1316740 0.0025902 0.9902057
1740548294.026660 -2.5725234 -1.2035717 8.2432442 0.0464831 -0.1298913 0.0022891 0.9904354
1740548294.132030 -2.5787497 -1.2235253 8.3233280 0.0462797 -0.1286414 0.0021323 0.9906084
1740548294.241325 -2.5888762 -1.2375050 8.3948278 0.0465305 -0.1264518 0.0019913 0.9908788
1740548294.344568 -2.6004479 -1.2472935 8.4691582 0.0465787 -0.1249205 0.0024928 0.9910697
1740548294.456292 -2.6196158 -1.2437452 8.5372438 0.0476767 -0.1230690 0.0022574 0.9912497
1740548294.562170 -2.6395900 -1.2444837 8.6135778 0.0481486 -0.1215115 0.0022477 0.9914190
1740548294.674312 -2.6548126 -1.2593123 8.6908274 0.0476158 -0.1201657 0.0023570 0.9916085
1740548294.780106 -2.6737161 -1.2619503 8.7685213 0.0482025 -0.1192582 0.0025228 0.9916893
1740548294.886614 -2.6898754 -1.2649765 8.8394938 0.0487072 -0.1182166 0.0024352 0.9917896
1740548294.999010 -2.7070425 -1.2793435 8.9190674 0.0484170 -0.1176121 0.0022497 0.9918761
1740548295.107285 -2.7288530 -1.3055953 8.9883327 0.0473398 -0.1167036 0.0024354 0.9920350
1740548295.227795 -2.7473476 -1.3047789 9.0635033 0.0474478 -0.1164207 0.0021612 0.9920636
1740548295.333102 -2.7513933 -1.3232725 9.1378622 0.0464035 -0.1169961 0.0024353 0.9920447
1740548295.448168 -2.7753646 -1.3240014 9.2105589 0.0458271 -0.1170530 0.0021317 0.9920655
1740548295.554645 -2.7912757 -1.3240916 9.2881975 0.0451214 -0.1178894 0.0017434 0.9919996
1740548295.667650 -2.8117454 -1.3359444 9.3618650 0.0438661 -0.1187991 0.0020932 0.9919466
1740548295.778892 -2.8214056 -1.3503439 9.4406872 0.0420209 -0.1199163 0.0017917 0.9918927
1740548295.882087 -2.8550594 -1.3526319 9.5096655 0.0400691 -0.1207642 0.0012871 0.9918714
1740548295.994393 -2.8650804 -1.3651066 9.5849648 0.0378077 -0.1225509 0.0012147 0.9917411
1740548296.097541 -2.8812234 -1.3624892 9.6623907 0.0363126 -0.1241967 0.0008985 0.9915926
1740548296.208035 -2.8992071 -1.3600250 9.7351370 0.0336455 -0.1260044 0.0001193 0.9914590
1740548296.311793 -2.9276292 -1.3656586 9.8100452 0.0312652 -0.1275911 -0.0000852 0.9913340
1740548296.421310 -2.9462376 -1.3697313 9.8832178 0.0282320 -0.1298330 -0.0005321 0.9911337
1740548296.528830 -2.9635682 -1.3753115 9.9586020 0.0256779 -0.1320281 -0.0009164 0.9909129
1740548296.637487 -2.9892929 -1.3771135 10.0325871 0.0228741 -0.1341065 -0.0014319 0.9907019
1740548296.748642 -2.9993701 -1.3687881 10.1063967 0.0207803 -0.1369628 -0.0020727 0.9903561
1740548296.859537 -3.0270479 -1.3670042 10.1808786 0.0174857 -0.1389937 -0.0023830 0.9901360
1740548296.978117 -3.0511255 -1.3543984 10.2529516 0.0146266 -0.1414238 -0.0027342 0.9898373
1740548297.083683 -3.0742478 -1.3402238 10.3289280 0.0119613 -0.1438748 -0.0031833 0.9895185
1740548297.199195 -3.1017096 -1.3406028 10.3985729 0.0096687 -0.1460905 -0.0035307 0.9892177
1740548297.307172 -3.1295760 -1.3474649 10.4718475 0.0068782 -0.1486142 -0.0039054 0.9888636
1740548297.418286 -3.1542859 -1.3467857 10.5433979 0.0044136 -0.1511536 -0.0042145 0.9884915
1740548297.529269 -3.1765051 -1.3483239 10.6184998 0.0023783 -0.1539895 -0.0048434 0.9880578
1740548297.632045 -3.2045217 -1.3516383 10.6880121 -0.0001835 -0.1566226 -0.0050258 0.9876457
1740548297.741436 -3.2307248 -1.3464391 10.7605410 -0.0019918 -0.1592964 -0.0052139 0.9872150
1740548297.845783 -3.2527623 -1.3410088 10.8356657 -0.0038401 -0.1620671 -0.0055439 0.9867567
1740548297.956826 -3.2822454 -1.3338675 10.9037867 -0.0050992 -0.1647633 -0.0058755 0.9863025
1740548298.061642 -3.3160212 -1.3311476 10.9757862 -0.0071737 -0.1673533 -0.0061247 0.9858519
1740548298.172021 -3.3505607 -1.3371441 11.0451660 -0.0087861 -0.1698738 -0.0064571 0.9854055
1740548298.279176 -3.3765686 -1.3287650 11.1186256 -0.0098723 -0.1731235 -0.0066269 0.9848284
1740548298.383629 -3.4127803 -1.3351513 11.1900101 -0.0113558 -0.1757879 -0.0067835 0.9843392
1740548298.495789 -3.4381254 -1.3339319 11.2626247 -0.0125495 -0.1789234 -0.0072390 0.9837564
1740548298.598486 -3.4710441 -1.3266079 11.3322916 -0.0137607 -0.1819414 -0.0072017 0.9831867
1740548298.711774 -3.4972644 -1.3219908 11.4047194 -0.0148533 -0.1853379 -0.0075402 0.9825337
1740548298.817367 -3.5279298 -1.3214110 11.4761105 -0.0160409 -0.1882970 -0.0077235 0.9819508
1740548298.928247 -3.5660512 -1.3213530 11.5437107 -0.0176298 -0.1912751 -0.0078379 0.9813468
1740548299.034926 -3.5957580 -1.3215657 11.6126404 -0.0191591 -0.1944642 -0.0081013 0.9806890
1740548299.141370 -3.6281502 -1.3178397 11.6803293 -0.0205729 -0.1977280 -0.0083612 0.9800054
1740548299.254876 -3.6674654 -1.3091966 11.7503843 -0.0221226 -0.2005495 -0.0087903 0.9793943
1740548299.362138 -3.6889541 -1.3035728 11.8269053 -0.0240424 -0.2038704 -0.0091078 0.9786602
1740548299.479307 -3.7207766 -1.3201069 11.8928089 -0.0270637 -0.2063160 -0.0099509 0.9780604
1740548299.584029 -3.7596183 -1.3169585 11.9554291 -0.0304824 -0.2087175 -0.0101907 0.9774477
1740548299.701201 -3.8071187 -1.3085499 12.0205030 -0.0326374 -0.2107377 -0.0104563 0.9769418
1740548299.809144 -3.8502307 -1.3069365 12.0756950 -0.0362494 -0.2122085 -0.0110454 0.9764894
1740548299.920650 -3.8772995 -1.3006519 12.1453257 -0.0394366 -0.2146938 -0.0116816 0.9758150
1740548300.029930 -3.9082808 -1.2896159 12.2130022 -0.0428184 -0.2171525 -0.0124532 0.9751186
1740548300.135162 -3.9492004 -1.2822073 12.2773771 -0.0462989 -0.2193154 -0.0130927 0.9744669
1740548300.245233 -3.9736733 -1.2560410 12.3440990 -0.0498443 -0.2218646 -0.0135220 0.9737088
1740548300.349753 -4.0056529 -1.2622931 12.4068813 -0.0537274 -0.2234480 -0.0151451 0.9731161
1740548300.462229 -4.0542846 -1.2467760 12.4695797 -0.0572918 -0.2248759 -0.0155473 0.9725774
1740548300.895777 -4.1895390 -1.1935698 12.7400560 -0.0742667 -0.2323926 -0.0193591 0.9695893
1740548301.009574 -4.2230420 -1.1927572 12.7935019 -0.0797488 -0.2339272 -0.0206095 0.9687587
1740548301.113041 -4.2634459 -1.1730369 12.8592548 -0.0833757 -0.2351132 -0.0214949 0.9681468
1740548301.231704 -4.2909093 -1.1458024 12.9302139 -0.0858594 -0.2365301 -0.0219745 0.9675736
1740548301.334947 -4.3431005 -1.1283829 12.9852400 -0.0900337 -0.2368322 -0.0224527 0.9671093
1740548301.451512 -4.3858733 -1.1071639 13.0439482 -0.0934997 -0.2374109 -0.0233002 0.9666184
1740548301.562414 -4.4243164 -1.0892577 13.1125250 -0.0958625 -0.2377570 -0.0238779 0.9662877
1740548301.672807 -4.4619632 -1.0648192 13.1774473 -0.0982829 -0.2379677 -0.0242997 0.9659821
1740548301.780415 -4.4931006 -1.0389811 13.2434778 -0.1006373 -0.2379912 -0.0249374 0.9657176
1740548301.882511 -4.5322776 -1.0174185 13.3069744 -0.1026394 -0.2375456 -0.0255656 0.9656002
1740548301.988332 -4.5740514 -0.9909840 13.3741474 -0.1039769 -0.2368186 -0.0255982 0.9656348
1740548302.092720 -4.6121264 -0.9741595 13.4335279 -0.1059029 -0.2354293 -0.0261177 0.9657513
1740548302.200390 -4.6448507 -0.9563736 13.5021725 -0.1073068 -0.2340885 -0.0267653 0.9659045
1740548302.302368 -4.6781235 -0.9287511 13.5694275 -0.1077972 -0.2325373 -0.0269615 0.9662191
1740548302.409513 -4.7134237 -0.9188153 13.6340771 -0.1092053 -0.2304952 -0.0278435 0.9665252
1740548302.513212 -4.7526798 -0.9051032 13.6970768 -0.1107241 -0.2277961 -0.0280921 0.9669850
1740548302.613406 -4.7813306 -0.8865851 13.7706575 -0.1107901 -0.2253938 -0.0283212 0.9675335
1740548302.734654 -4.8067522 -0.8804566 13.8410578 -0.1119603 -0.2227374 -0.0292256 0.9679870
1740548302.837326 -4.8481684 -0.8698689 13.9076872 -0.1129668 -0.2193488 -0.0293795 0.9686390
1740548302.949148 -4.8733001 -0.8620425 13.9795437 -0.1141751 -0.2163759 -0.0303076 0.9691373
1740548303.049947 -4.9233532 -0.8487327 14.0403805 -0.1158026 -0.2124541 -0.0306901 0.9697995
1740548303.152403 -4.9390006 -0.8447067 14.1172400 -0.1183223 -0.2094325 -0.0322449 0.9701022
1740548303.262946 -4.9722128 -0.8347182 14.1846657 -0.1212551 -0.2055997 -0.0332290 0.9705266
1740548303.361315 -5.0001817 -0.8180150 14.2540131 -0.1243518 -0.2019206 -0.0339468 0.9708823
1740548303.479192 -5.0243397 -0.8000277 14.3266468 -0.1279680 -0.1984866 -0.0350797 0.9710802
1740548303.580167 -5.0489058 -0.7844750 14.3981953 -0.1326506 -0.1951318 -0.0364132 0.9710827
1740548303.684028 -5.0679116 -0.7719653 14.4723740 -0.1384369 -0.1920149 -0.0380984 0.9708316
1740548303.786874 -5.0863895 -0.7486418 14.5472946 -0.1441156 -0.1893510 -0.0395272 0.9704713
1740548303.886933 -5.1003375 -0.7285914 14.6194477 -0.1510401 -0.1869248 -0.0412789 0.9698155
1740548303.993248 -5.1214333 -0.7098743 14.6926880 -0.1588566 -0.1847164 -0.0433255 0.9689001
1740548304.093057 -5.1400189 -0.6811275 14.7642660 -0.1669294 -0.1831388 -0.0448611 0.9677718
1740548304.200667 -5.1552649 -0.6469784 14.8351612 -0.1760919 -0.1822454 -0.0466854 0.9662291
1740548304.301610 -5.1689911 -0.6146663 14.9043293 -0.1856868 -0.1815766 -0.0484637 0.9644696
1740548304.405446 -5.1894546 -0.5786583 14.9656944 -0.1956836 -0.1813441 -0.0503873 0.9624362
1740548304.513672 -5.2129803 -0.5348244 15.0234604 -0.2060561 -0.1816459 -0.0522047 0.9601148
1740548304.612691 -5.2257104 -0.4839220 15.0835161 -0.2165006 -0.1827689 -0.0538861 0.9575068
1740548304.715126 -5.2518463 -0.4376460 15.1369524 -0.2278675 -0.1841173 -0.0559680 0.9544867
1740548304.817378 -5.2749381 -0.3794954 15.1856642 -0.2385602 -0.1857822 -0.0572591 0.9514701
1740548304.923671 -5.2986989 -0.3288202 15.2365274 -0.2499249 -0.1880639 -0.0591069 0.9479852
1740548305.025773 -5.3164263 -0.2756846 15.2897654 -0.2610118 -0.1911013 -0.0603151 0.9443067
1740548305.124270 -5.3461199 -0.2190090 15.3355217 -0.2713329 -0.1936084 -0.0614123 0.9408096
1740548305.231353 -5.3748164 -0.1647816 15.3829174 -0.2813872 -0.1968950 -0.0625119 0.9370944
1740548305.330583 -5.4065442 -0.1104472 15.4288244 -0.2908927 -0.1999752 -0.0632760 0.9334814
1740548305.433446 -5.4425750 -0.0607023 15.4757986 -0.3001439 -0.2032421 -0.0642635 0.9297723
1740548305.533570 -5.4826312 -0.0120404 15.5207376 -0.3086447 -0.2062548 -0.0649728 0.9262699
1740548305.633467 -5.5220537 0.0376019 15.5646667 -0.3165185 -0.2092338 -0.0656981 0.9228874
1740548305.738518 -5.5572519 0.0886443 15.6113157 -0.3235666 -0.2121987 -0.0661816 0.9197263
1740548305.840231 -5.5910983 0.1442194 15.6508064 -0.3299100 -0.2148716 -0.0661127 0.9168527
1740548305.951482 -5.6275511 0.1960232 15.6959648 -0.3355038 -0.2172734 -0.0664829 0.9142262
1740548306.052355 -5.6660829 0.2491262 15.7410755 -0.3406319 -0.2192171 -0.0667744 0.9118416
1740548306.155556 -5.7020955 0.2990222 15.7876568 -0.3449576 -0.2210176 -0.0672093 0.9097463
1740548306.263204 -5.7303071 0.3563755 15.8311825 -0.3484003 -0.2225063 -0.0671637 0.9080734
1740548306.363917 -5.7564697 0.4096830 15.8798733 -0.3513777 -0.2235398 -0.0674177 0.9066524
1740548306.468245 -5.7721539 0.4661059 15.9305916 -0.3535791 -0.2246671 -0.0674542 0.9055145
1740548306.674251 -5.8020220 0.5766814 16.0363712 -0.3565330 -0.2258731 -0.0675448 0.9040483
1740548306.779443 -5.8143616 0.6314821 16.0877190 -0.3573300 -0.2262411 -0.0675988 0.9036375
1740548306.878264 -5.8334303 0.6827273 16.1370201 -0.3579695 -0.2260511 -0.0676197 0.9034303
1740548307.186489 -5.9006815 0.8423281 16.2956543 -0.3567521 -0.2270326 -0.0671695 0.9036993
1740548307.387325 -5.9686337 0.9419520 16.3943863 -0.3543256 -0.2279760 -0.0661928 0.9044882
1740548307.493132 -6.0055380 0.9896786 16.4433022 -0.3532307 -0.2284935 -0.0657984 0.9048146
1740548307.591069 -6.0395002 1.0402696 16.4873581 -0.3516183 -0.2287312 -0.0649389 0.9054444
1740548307.702059 -6.0750446 1.0887764 16.5373535 -0.3499720 -0.2293936 -0.0643759 0.9059547
1740548307.902238 -6.1543274 1.1811950 16.6349316 -0.3468194 -0.2306488 -0.0634186 0.9069154
1740548308.130704 -6.2269707 1.2746367 16.7356911 -0.3433488 -0.2318040 -0.0619937 0.9080393
1740548308.337704 -6.2856140 1.3741187 16.8409100 -0.3400827 -0.2327302 -0.0609351 0.9091026
1740548308.656958 -6.3658595 1.5191516 17.0032654 -0.3363767 -0.2329492 -0.0601094 0.9104792
1740548309.083294 -6.4843464 1.7099766 17.2141285 -0.3334090 -0.2306244 -0.0603597 0.9121445
1740548309.296555 -6.5480309 1.8121035 17.3227406 -0.3320961 -0.2292555 -0.0608540 0.9129354
1740548309.712729 -6.6402636 2.0072546 17.5430737 -0.3321938 -0.2243901 -0.0628030 0.9139760
1740548310.022815 -6.7182264 2.1585727 17.7026253 -0.3328584 -0.2213668 -0.0640309 0.9143862
1740548310.450937 -6.8339791 2.3540974 17.9136333 -0.3339429 -0.2185806 -0.0652568 0.9145744
1740548310.958864 -6.9839096 2.6024315 18.1648159 -0.3356920 -0.2177945 -0.0667159 0.9140161
1740548311.464610 -7.1064529 2.8647776 18.4171715 -0.3348812 -0.2218613 -0.0641115 0.9135216
1740548311.875257 -7.2118554 3.0665143 18.6252327 -0.3325851 -0.2301644 -0.0603242 0.9125637
1740548312.080563 -7.2975841 3.1733220 18.6940651 -0.3298702 -0.2343127 -0.0570117 0.9127064
1740548312.285446 -7.3576431 3.2591469 18.7993393 -0.3272630 -0.2414380 -0.0539364 0.9119745
1740548312.486972 -7.4377966 3.3514383 18.8861294 -0.3240393 -0.2489073 -0.0499975 0.9113418
1740548312.585574 -7.4834471 3.3929570 18.9275932 -0.3220468 -0.2529173 -0.0483761 0.9110315
1740548312.690308 -7.5309639 3.4339392 18.9659290 -0.3198256 -0.2573115 -0.0462413 0.9106943
1740548312.791782 -7.5724878 3.4803224 19.0076256 -0.3178087 -0.2620775 -0.0436365 0.9101698
1740548312.893968 -7.6260223 3.5268025 19.0496559 -0.3163870 -0.2670519 -0.0407119 0.9093542
1740548313.000436 -7.6704292 3.5697045 19.0956573 -0.3143257 -0.2727250 -0.0385274 0.9084800
1740548313.097789 -7.7151728 3.6138072 19.1269894 -0.3130308 -0.2778675 -0.0348159 0.9075181
1740548313.199671 -7.7737737 3.6475935 19.1609764 -0.3111557 -0.2827654 -0.0329533 0.9067193
1740548313.298328 -7.8331709 3.6793122 19.1841774 -0.3107665 -0.2864397 -0.0307317 0.9057770
1740548313.397272 -7.8833809 3.7194412 19.2079754 -0.3097154 -0.2909562 -0.0271338 0.9048119
1740548313.500576 -7.9295635 3.7551136 19.2362289 -0.3081909 -0.2959164 -0.0249549 0.9037860
1740548313.597182 -7.9880648 3.7935617 19.2753792 -0.3076349 -0.3015674 -0.0221107 0.9021801
1740548313.698602 -8.0316286 3.8423040 19.3127003 -0.3061637 -0.3077080 -0.0188362 0.9006802
1740548313.798007 -8.0796795 3.8917208 19.3508739 -0.3042171 -0.3142790 -0.0158182 0.8991276
1740548313.899384 -8.1377230 3.9269233 19.3751850 -0.3045378 -0.3187017 -0.0136922 0.8974957
1740548314.005988 -8.1922340 3.9653344 19.4027233 -0.3033799 -0.3241650 -0.0117940 0.8959569
1740548314.107559 -8.2509451 4.0052829 19.4270248 -0.3028446 -0.3293135 -0.0099995 0.8942806
1740548314.220663 -8.3032866 4.0456600 19.4534073 -0.3028824 -0.3340767 -0.0078998 0.8925204
1740548314.322414 -8.3522692 4.0702629 19.4769897 -0.3035426 -0.3390367 -0.0066920 0.8904331
1740548314.429868 -8.3608875 4.0772910 19.4888229 -0.3079284 -0.3465501 -0.0024763 0.8860458
1740548314.532241 -8.3623123 4.0770144 19.4877682 -0.3101819 -0.3513597 -0.0006467 0.8833647
1740548314.632634 -8.3623867 4.0771179 19.4881935 -0.3114569 -0.3551298 0.0033435 0.8814002
1740548314.738127 -8.3667326 4.0745912 19.4856529 -0.3146143 -0.3567160 0.0068811 0.8796160
1740548314.839352 -8.3942509 4.0878267 19.5078354 -0.3174835 -0.3643241 0.0092357 0.8754352
1740548314.950626 -8.4157944 4.0984583 19.5243607 -0.3201448 -0.3706245 0.0096588 0.8718093
1740548315.048626 -8.4464493 4.1072097 19.5424385 -0.3245862 -0.3760417 0.0103242 0.8678306
1740548315.148634 -8.4889565 4.1452532 19.5667381 -0.3251315 -0.3827344 0.0138514 0.8646456
1740548315.256137 -8.5460682 4.1911330 19.5920029 -0.3253311 -0.3872347 0.0157946 0.8625309
1740548315.356541 -8.6030455 4.2331715 19.6154766 -0.3262476 -0.3909918 0.0175409 0.8604535
1740548315.467867 -8.6608515 4.2747149 19.6441212 -0.3255935 -0.3967474 0.0199775 0.8580101
1740548315.565346 -8.7030182 4.3086886 19.6654320 -0.3274108 -0.4011302 0.0211884 0.8552472
1740548315.665160 -8.7309990 4.3237028 19.6892166 -0.3299423 -0.4075173 0.0226574 0.8512076
1740548315.770617 -8.7654428 4.3502707 19.7088737 -0.3321666 -0.4135918 0.0243735 0.8473565
1740548315.871302 -8.7994099 4.3677678 19.7294941 -0.3351608 -0.4191870 0.0246096 0.8434120
1740548315.977234 -8.8515167 4.4097829 19.7521172 -0.3350956 -0.4239042 0.0271118 0.8410001
1740548316.079174 -8.8905210 4.4324193 19.7772694 -0.3369602 -0.4295914 0.0280333 0.8373311
1740548316.183305 -8.9510403 4.4786272 19.8036423 -0.3369712 -0.4335453 0.0288682 0.8352578
1740548316.284221 -8.9840250 4.4967899 19.8260746 -0.3392264 -0.4395896 0.0306988 0.8311101
1740548316.384013 -9.0258217 4.5302892 19.8435936 -0.3402653 -0.4449064 0.0323662 0.8277864
1740548316.487570 -9.0697517 4.5299106 19.8956718 -0.3445209 -0.4493348 0.0323444 0.8236246
1740548316.589794 -9.0963888 4.5385246 19.9096069 -0.3475316 -0.4534809 0.0322327 0.8200842
1740548316.696238 -9.1399679 4.5581484 19.9308243 -0.3503798 -0.4578990 0.0334631 0.8163594
1740548316.796208 -9.1871338 4.5941944 19.9610386 -0.3514418 -0.4630384 0.0343705 0.8129593
1740548316.895207 -9.2043810 4.5868096 19.9896431 -0.3568009 -0.4691539 0.0336618 0.8071274
1740548317.110820 -9.2602472 4.6183615 20.0025787 -0.3604083 -0.4750494 0.0384663 0.8018443
1740548317.216306 -9.2827997 4.6348963 20.0004272 -0.3622555 -0.4768415 0.0381666 0.7999603
1740548317.313128 -9.3163271 4.6625471 20.0111637 -0.3639614 -0.4820430 0.0388291 0.7960270
1740548317.410786 -9.3730164 4.6896272 20.0372581 -0.3655429 -0.4852798 0.0397765 0.7932841
1740548317.514551 -9.4458895 4.7160215 20.0400276 -0.3674011 -0.4872104 0.0418032 0.7911353
1740548317.616921 -9.4881392 4.7379255 20.0425873 -0.3682968 -0.4901777 0.0427012 0.7888345
1740548317.719647 -9.4910183 4.7442188 20.0431309 -0.3684876 -0.4924703 0.0429990 0.7872998
1740548317.819954 -9.4950743 4.7436981 20.0487537 -0.3700375 -0.4941114 0.0438584 0.7854952
1740548318.021700 -9.4899626 4.7481470 20.0513992 -0.3724771 -0.4986935 0.0477169 0.7812098
1740548318.122186 -9.5148964 4.7775321 20.0491409 -0.3715034 -0.5014504 0.0480295 0.7798885
1740548318.232580 -9.5666409 4.7866421 20.0583572 -0.3748450 -0.5026900 0.0478779 0.7774970
1740548318.332549 -9.6256332 4.8160801 20.0551262 -0.3760619 -0.5032117 0.0477271 0.7765807
1740548318.437537 -9.6375446 4.8236666 20.0570984 -0.3772654 -0.5021791 0.0504288 0.7764946
1740548318.643815 -9.6235447 4.8229914 20.0726776 -0.3807444 -0.5077982 0.0535935 0.7709101
1740548318.748756 -9.6446667 4.8200974 20.0708466 -0.3843183 -0.5063593 0.0506421 0.7702824
1740548318.850882 -9.6760120 4.8363104 20.0907383 -0.3874966 -0.5098361 0.0498867 0.7664365
1740548318.953955 -9.6823444 4.8528304 20.0873070 -0.3885394 -0.5109716 0.0535187 0.7649058
1740548319.059022 -9.6967525 4.8591824 20.0840569 -0.3876478 -0.5101687 0.0548431 0.7657998
1740548319.156693 -9.7535934 4.8746624 20.0887451 -0.3910702 -0.5095617 0.0538207 0.7645354
1740548319.268119 -9.8122635 4.9095507 20.0810890 -0.3928237 -0.5077739 0.0538870 0.7648212
1740548319.367917 -9.8655739 4.9404073 20.0727959 -0.3939430 -0.5073894 0.0531873 0.7645496
1740548319.469515 -9.9027538 4.9634514 20.0661087 -0.3954042 -0.5057058 0.0540740 0.7648485
1740548319.565807 -9.9370117 4.9791865 20.0633392 -0.3966861 -0.5055780 0.0530401 0.7643414
1740548319.662239 -9.9768057 5.0046058 20.0822353 -0.3979970 -0.5071987 0.0533294 0.7625640
1740548319.766239 -10.0104790 5.0340056 20.0805340 -0.3996230 -0.5069619 0.0533916 0.7618665
1740548319.861910 -10.0614853 5.0502586 20.0716515 -0.4005898 -0.5044218 0.0517037 0.7631601
1740548319.962894 -10.0812330 5.0780172 20.0802593 -0.4010377 -0.5065385 0.0523409 0.7614774
1740548320.057239 -10.0946054 5.0952559 20.0821724 -0.4030128 -0.5050798 0.0533597 0.7613330
1740548320.152742 -10.1164865 5.1036434 20.0843735 -0.4047434 -0.5043921 0.0515098 0.7609982
1740548320.250681 -10.1699457 5.1364737 20.0840797 -0.4058315 -0.5038803 0.0504201 0.7608306
1740548320.443653 -10.3121090 5.1941919 20.1131935 -0.4083067 -0.5029645 0.0467488 0.7603465
1740548320.544004 -10.3655834 5.2253113 20.1179962 -0.4102576 -0.5029359 0.0460042 0.7593601
1740548320.639640 -10.4051666 5.2538786 20.1207943 -0.4118933 -0.5026122 0.0454277 0.7587234
1740548320.742247 -10.4537096 5.2828937 20.1325798 -0.4137200 -0.5027438 0.0450664 0.7576631
1740548320.838223 -10.4946718 5.3254423 20.1439514 -0.4138853 -0.5036346 0.0454687 0.7569569
1740548320.933956 -10.5414324 5.3584671 20.1612701 -0.4157999 -0.5045533 0.0447387 0.7553375
1740548321.036306 -10.5718279 5.3989615 20.1523895 -0.4150597 -0.5041814 0.0455789 0.7559425
1740548321.134646 -10.6050272 5.4427547 20.1477089 -0.4140855 -0.5040911 0.0462794 0.7564942
1740548321.238609 -10.6528444 5.4745693 20.1530075 -0.4165414 -0.5022802 0.0454150 0.7564029
1740548321.334522 -10.7039356 5.5052462 20.1701508 -0.4180712 -0.5010747 0.0440641 0.7564384
1740548321.429371 -10.7577667 5.5417395 20.1655655 -0.4185840 -0.4989973 0.0429704 0.7575901
1740548321.529962 -10.8090391 5.5349617 20.1596642 -0.4230300 -0.4942152 0.0397173 0.7584323
1740548321.625804 -10.8669691 5.5727253 20.1633606 -0.4231620 -0.4914072 0.0384073 0.7602485
1740548321.732314 -10.9030247 5.5803251 20.1684074 -0.4267119 -0.4884015 0.0355869 0.7603384
1740548321.827199 -10.9543095 5.6089077 20.1728096 -0.4281161 -0.4855204 0.0347847 0.7614307
1740548321.924710 -11.0064144 5.6497445 20.1905289 -0.4293509 -0.4838899 0.0335320 0.7618293
1740548322.025863 -11.0609045 5.6936240 20.1864853 -0.4298347 -0.4814313 0.0323377 0.7631647
1740548322.122642 -11.1066284 5.7328224 20.1894913 -0.4313049 -0.4803839 0.0308859 0.7630554
1740548322.225618 -11.1386471 5.7531104 20.1960526 -0.4322828 -0.4785494 0.0279899 0.7637661
1740548322.322031 -11.1717453 5.7882695 20.1908379 -0.4315931 -0.4782920 0.0265073 0.7643700
1740548322.419508 -11.1964331 5.8080611 20.1974449 -0.4334428 -0.4760670 0.0248373 0.7647683
1740548322.521747 -11.2032452 5.8133860 20.2016373 -0.4352607 -0.4739655 0.0225301 0.7651125
1740548322.616942 -11.2269640 5.8198266 20.1981182 -0.4366796 -0.4714516 0.0197482 0.7659336
1740548322.720648 -11.2352533 5.8294106 20.1922874 -0.4360856 -0.4698370 0.0191519 0.7672782
1740548322.814420 -11.2200994 5.8243170 20.1982574 -0.4373642 -0.4698595 0.0162428 0.7666035
1740548322.908538 -11.2173138 5.8138075 20.2097435 -0.4404688 -0.4697151 0.0130182 0.7649741
1740548323.012353 -11.1826677 5.7803826 20.2229843 -0.4401211 -0.4704212 0.0086218 0.7648026
1740548323.112459 -11.1933899 5.7849965 20.2247887 -0.4449143 -0.4678152 0.0083747 0.7636296
1740548323.216357 -11.2219000 5.8091135 20.2264824 -0.4472334 -0.4671501 0.0115655 0.7626397
1740548323.313779 -11.2177191 5.8137975 20.2274399 -0.4487858 -0.4660341 0.0109173 0.7624201
1740548323.407490 -11.2245407 5.8176818 20.2270813 -0.4522313 -0.4653568 0.0119224 0.7607810
1740548323.509691 -11.2208805 5.8153930 20.2259178 -0.4532320 -0.4642386 0.0116794 0.7608724
1740548323.607317 -11.1990967 5.8041601 20.2328396 -0.4567562 -0.4643624 0.0113058 0.7586920
1740548323.718199 -11.2042389 5.8093758 20.2298584 -0.4573727 -0.4640568 0.0083299 0.7585460
1740548323.820003 -11.2025652 5.8057079 20.2279587 -0.4564342 -0.4652981 0.0048819 0.7583811
1740548323.911862 -11.1921644 5.7971187 20.2307014 -0.4583582 -0.4662599 0.0039175 0.7566335
1740548324.019080 -11.2344589 5.8003302 20.2478294 -0.4650008 -0.4662776 0.0001160 0.7525685
1740548324.111913 -11.2331200 5.8013148 20.2484245 -0.4662498 -0.4682361 -0.0001133 0.7505772
1740548324.213158 -11.2370167 5.8042850 20.2532845 -0.4690001 -0.4694226 -0.0011485 0.7481176
1740548324.325663 -11.2379379 5.8075457 20.2492142 -0.4722413 -0.4689028 0.0021289 0.7464007
1740548324.422880 -11.2339258 5.8019214 20.2525711 -0.4721388 -0.4720828 -0.0027876 0.7444562
1740548324.527186 -11.2589216 5.8145828 20.2359638 -0.4709909 -0.4720557 -0.0084050 0.7451580
1740548324.624331 -11.2505054 5.8089900 20.2393761 -0.4731356 -0.4734012 -0.0099705 0.7429230
1740548324.736590 -11.2504063 5.7990522 20.2398262 -0.4748823 -0.4746936 -0.0147842 0.7409009
1740548324.829894 -11.2443571 5.7971859 20.2379112 -0.4761829 -0.4749302 -0.0134592 0.7399392
1740548324.925799 -11.2244482 5.7874312 20.2364082 -0.4745973 -0.4777102 -0.0160926 0.7391153
1740548325.026831 -11.2270632 5.7814384 20.2400970 -0.4786940 -0.4786922 -0.0208267 0.7357120
1740548325.128362 -11.2175846 5.7792225 20.2367516 -0.4756738 -0.4811399 -0.0241489 0.7359726
1740548325.237291 -11.2102861 5.7779794 20.2334175 -0.4755805 -0.4805876 -0.0233730 0.7364187
1740548325.332473 -11.2108259 5.7754121 20.2296906 -0.4766572 -0.4808106 -0.0264911 0.7354708
1740548325.426721 -11.2135715 5.7762084 20.2265339 -0.4763914 -0.4806474 -0.0291117 0.7356507
1740548325.531920 -11.2509689 5.7936854 20.2287903 -0.4802616 -0.4792431 -0.0322165 0.7339190
1740548325.625844 -11.2642193 5.8115101 20.2188988 -0.4775570 -0.4790427 -0.0324244 0.7358029
1740548325.737997 -11.3214607 5.8423123 20.2201424 -0.4781837 -0.4785761 -0.0355228 0.7355565
1740548325.832532 -11.3666086 5.8792582 20.2087421 -0.4784805 -0.4779771 -0.0365612 0.7357022
1740548325.926834 -11.4147863 5.9085493 20.2052727 -0.4807778 -0.4767123 -0.0380740 0.7349479
1740548326.029012 -11.4458332 5.9061894 20.2001953 -0.4853853 -0.4722920 -0.0431549 0.7344924
1740548326.125757 -11.4974384 5.9270258 20.1963043 -0.4871504 -0.4703914 -0.0469595 0.7343100
1740548326.238591 -11.5202866 5.9510498 20.1905479 -0.4862436 -0.4709554 -0.0479716 0.7344842
1740548326.332767 -11.5554838 5.9814510 20.1823311 -0.4863698 -0.4696514 -0.0493870 0.7351414
1740548326.426938 -11.5883694 6.0130916 20.1736279 -0.4859950 -0.4682494 -0.0506875 0.7361944
1740548326.527745 -11.6299725 6.0320692 20.1606426 -0.4870709 -0.4655086 -0.0543388 0.7369606
1740548326.625960 -11.6790113 6.0687194 20.1536102 -0.4873425 -0.4649472 -0.0559125 0.7370178
1740548326.738622 -11.7027264 6.0941114 20.1482410 -0.4863103 -0.4653337 -0.0557097 0.7374709
1740548326.835027 -11.7400036 6.1226387 20.1466045 -0.4872031 -0.4651848 -0.0577619 0.7368174
1740548326.928167 -11.7628241 6.1434608 20.1410332 -0.4858888 -0.4647971 -0.0597625 0.7377697
1740548327.028878 -11.7946873 6.1730685 20.1396847 -0.4850358 -0.4656242 -0.0606978 0.7377331
1740548327.127889 -11.8229799 6.1987052 20.1396027 -0.4864891 -0.4665133 -0.0601958 0.7362542
1740548327.243076 -11.8643665 6.2253947 20.1420879 -0.4875826 -0.4667338 -0.0619176 0.7352477
1740548327.337220 -11.9000006 6.2495241 20.1398602 -0.4859965 -0.4677622 -0.0640206 0.7354640
1740548327.434149 -11.9493017 6.2900915 20.1380463 -0.4859747 -0.4691820 -0.0648034 0.7345048
1740548327.534958 -11.9863234 6.3194723 20.1336555 -0.4852551 -0.4692446 -0.0661333 0.7348220
1740548327.632183 -12.0347052 6.3517313 20.1297417 -0.4844121 -0.4703593 -0.0679903 0.7344960
1740548327.741668 -12.0827045 6.3893008 20.1319923 -0.4856200 -0.4724756 -0.0666367 0.7324613
1740548327.834921 -12.1350842 6.4279351 20.1357002 -0.4872237 -0.4735483 -0.0649764 0.7308510
1740548327.931163 -12.1946459 6.4710460 20.1367493 -0.4889133 -0.4742854 -0.0649118 0.7292486
1740548328.035916 -12.2452717 6.5060525 20.1376553 -0.4881518 -0.4761392 -0.0647644 0.7285637
1740548328.130708 -12.3023624 6.5504136 20.1380482 -0.4892397 -0.4771433 -0.0641443 0.7272306
1740548328.238919 -12.3476400 6.5866170 20.1419449 -0.4902486 -0.4791232 -0.0610944 0.7255100
1740548328.335204 -12.3970766 6.6229959 20.1421719 -0.4901722 -0.4810350 -0.0608079 0.7243196
1740548328.430075 -12.4529209 6.6618028 20.1428185 -0.4912299 -0.4821992 -0.0595106 0.7229354
1740548328.534802 -12.4757824 6.6970315 20.1385345 -0.4894609 -0.4844200 -0.0571234 0.7228432
1740548328.630063 -12.4969501 6.7252836 20.1370659 -0.4877768 -0.4861263 -0.0577678 0.7227849
1740548328.735718 -12.4956341 6.7371087 20.1441078 -0.4878952 -0.4880080 -0.0560623 0.7215702
1740548328.832740 -12.5217505 6.7549300 20.1394958 -0.4879656 -0.4889640 -0.0543644 0.7210051
1740548328.927957 -12.5407639 6.7846580 20.1544456 -0.4885558 -0.4914295 -0.0513961 0.7191445
1740548329.033104 -12.5769091 6.8282771 20.1587639 -0.4876258 -0.4924918 -0.0493268 0.7191938
1740548329.132087 -12.6010494 6.8645120 20.1529198 -0.4859991 -0.4922338 -0.0485207 0.7205251
1740548329.242986 -12.6164675 6.8978024 20.1586571 -0.4848550 -0.4944232 -0.0466282 0.7199218
1740548329.337726 -12.6283684 6.9007678 20.1512642 -0.4841254 -0.4933134 -0.0461949 0.7212008
1740548329.537625 -12.6396608 6.9152417 20.1633778 -0.4825882 -0.4934523 -0.0484201 0.7219896
1740548329.637491 -12.6565847 6.9312835 20.1623020 -0.4817827 -0.4934499 -0.0465420 0.7226524
1740548329.744406 -12.6611404 6.9353285 20.1616077 -0.4791884 -0.4930596 -0.0479719 0.7245477
1740548329.838367 -12.6695337 6.9481616 20.1593914 -0.4771618 -0.4931537 -0.0465693 0.7259114
1740548329.935255 -12.6833029 6.9570556 20.1528358 -0.4756140 -0.4906778 -0.0451196 0.7286912
1740548330.037351 -12.6860008 6.9640307 20.1524773 -0.4745076 -0.4902751 -0.0450859 0.7296849
1740548330.136474 -12.6943398 6.9640322 20.1571693 -0.4755736 -0.4890468 -0.0447736 0.7298345
1740548330.238735 -12.7021093 6.9743752 20.1550560 -0.4721976 -0.4877634 -0.0440708 0.7329216
1740548330.337135 -12.7109823 6.9871473 20.1479759 -0.4683014 -0.4865725 -0.0440539 0.7362067
1740548330.432197 -12.7141151 6.9881120 20.1448479 -0.4662470 -0.4847905 -0.0460997 0.7385572
1740548330.534328 -12.7246857 6.9937387 20.1496544 -0.4668167 -0.4834361 -0.0451782 0.7391418
1740548330.630288 -12.7299423 6.9992976 20.1445084 -0.4642767 -0.4823833 -0.0451015 0.7414307
1740548330.732532 -12.7347527 7.0072079 20.1371574 -0.4614674 -0.4805504 -0.0448918 0.7443815
1740548330.832327 -12.7345219 7.0173540 20.1340561 -0.4588466 -0.4801349 -0.0438275 0.7463307
1740548330.928070 -12.7403097 7.0337033 20.1413078 -0.4566075 -0.4795393 -0.0409027 0.7482504
1740548331.035059 -12.7616262 7.0497155 20.1739502 -0.4586961 -0.4810601 -0.0399417 0.7460454
1740548331.130424 -12.7652340 7.0609465 20.1875839 -0.4574771 -0.4836490 -0.0392937 0.7451539
1740548331.238662 -12.7729788 7.0647583 20.1835804 -0.4563545 -0.4809281 -0.0379904 0.7476667
1740548331.336048 -12.7758503 7.0698352 20.1830254 -0.4549045 -0.4804605 -0.0365708 0.7489206
1740548331.429656 -12.7823563 7.0687790 20.1829338 -0.4540446 -0.4796010 -0.0389221 0.7498743
1740548331.533854 -12.7907848 7.0694838 20.1863174 -0.4548901 -0.4790069 -0.0398887 0.7496908
1740548331.628175 -12.7863560 7.0753837 20.1944313 -0.4541438 -0.4809784 -0.0381987 0.7489687
1740548331.830409 -12.8033504 7.0823278 20.1891785 -0.4497638 -0.4785217 -0.0379710 0.7531850
1740548331.928474 -12.8051376 7.0826344 20.1894913 -0.4488482 -0.4777342 -0.0396185 0.7541457
1740548332.033860 -12.8078728 7.0869102 20.1914291 -0.4463005 -0.4780369 -0.0396944 0.7554607
1740548332.128517 -12.8103294 7.0902572 20.1936703 -0.4476124 -0.4777572 -0.0380725 0.7549449
1740548332.229019 -12.8182640 7.1017084 20.1952972 -0.4453138 -0.4769328 -0.0356897 0.7569393
1740548332.329191 -12.8272915 7.1075840 20.1940041 -0.4461682 -0.4762735 -0.0333208 0.7569592
1740548332.428999 -12.8305168 7.1098642 20.1872158 -0.4463102 -0.4700794 -0.0318368 0.7608016
1740548332.533611 -12.8491058 7.1308646 20.2069244 -0.4480413 -0.4703986 -0.0314377 0.7596024
1740548332.628722 -12.8881950 7.1682110 20.2410564 -0.4470745 -0.4702416 -0.0325039 0.7602242
1740548332.735975 -12.9284725 7.2111053 20.2780743 -0.4475478 -0.4714793 -0.0292711 0.7593099
1740548332.838144 -12.9623575 7.2494659 20.3101120 -0.4490395 -0.4715752 -0.0297102 0.7583520
1740548332.933241 -13.0334768 7.2540340 20.3012962 -0.4463184 -0.4688817 -0.0333257 0.7614718
1740548333.037302 -13.0970774 7.2683325 20.2905617 -0.4447176 -0.4659208 -0.0355005 0.7641229
1740548333.132959 -13.1757212 7.2886004 20.2759514 -0.4435340 -0.4630844 -0.0369347 0.7664635
1740548333.236538 -13.2360287 7.3084579 20.2610512 -0.4427671 -0.4595103 -0.0379939 0.7690020
1740548333.336347 -13.2955456 7.3287969 20.2516632 -0.4419238 -0.4565259 -0.0397418 0.7711732
1740548333.436660 -13.3549166 7.3406658 20.2446709 -0.4393230 -0.4525951 -0.0422210 0.7748358
1740548333.536616 -13.4097900 7.3804045 20.2386894 -0.4383218 -0.4501920 -0.0421468 0.7768042
1740548333.635127 -13.4604750 7.4325609 20.2558212 -0.4373086 -0.4495673 -0.0413849 0.7777774
1740548333.737729 -13.5147982 7.4877868 20.2788811 -0.4355544 -0.4493824 -0.0400735 0.7789364
1740548333.835676 -13.5674076 7.5319066 20.2932777 -0.4341461 -0.4482201 -0.0406062 0.7803634
1740548333.933666 -13.6195402 7.5777607 20.3080330 -0.4321814 -0.4472867 -0.0409843 0.7819681
1740548334.037628 -13.6627769 7.6407466 20.3293076 -0.4308305 -0.4468124 -0.0393366 0.7830687
1740548334.133358 -13.7072039 7.6993113 20.3302879 -0.4292491 -0.4449728 -0.0375417 0.7850701
1740548334.233879 -13.7570858 7.7461720 20.3697777 -0.4282025 -0.4452252 -0.0378941 0.7854815
1740548334.430552 -13.8527374 7.8584280 20.4147301 -0.4239601 -0.4445525 -0.0367487 0.7882134
1740548334.630102 -13.9562130 7.9721045 20.4479370 -0.4193677 -0.4438623 -0.0355282 0.7911098
1740548334.835628 -14.0584936 8.0793362 20.4984512 -0.4170172 -0.4425170 -0.0339730 0.7931716
1740548335.038978 -14.1583433 8.1679192 20.5236893 -0.4123043 -0.4407199 -0.0329281 0.7966723
1740548335.238235 -14.2492104 8.2716227 20.5806160 -0.4090910 -0.4407312 -0.0314252 0.7983815
1740548335.441601 -14.3575668 8.3613243 20.6259422 -0.4051095 -0.4404325 -0.0294582 0.8006483
1740548335.657146 -14.4569931 8.4677258 20.6633415 -0.4010213 -0.4406044 -0.0273886 0.8026828
1740548335.859324 -14.5551367 8.5641661 20.7210274 -0.3974013 -0.4418372 -0.0247565 0.8038900
1740548336.062629 -14.6586761 8.6618023 20.7604198 -0.3936284 -0.4427445 -0.0224014 0.8053150
1740548336.263155 -14.7593555 8.7601328 20.8079033 -0.3905639 -0.4439493 -0.0203114 0.8061987
1740548336.462621 -14.8728409 8.8453732 20.8537674 -0.3878118 -0.4452111 -0.0185714 0.8068731
1740548336.565165 -14.9264698 8.8907728 20.8680954 -0.3859480 -0.4451011 -0.0175247 0.8078503
1740548336.773495 -15.0362911 8.9725981 20.9204178 -0.3839818 -0.4457883 -0.0159954 0.8084398
1740548336.967329 -15.1530771 9.0654659 20.9701233 -0.3828198 -0.4467539 -0.0150085 0.8084768
1740548337.072941 -15.2060947 9.1060858 20.9997597 -0.3826943 -0.4475292 -0.0147015 0.8081130
1740548337.273417 -15.3203173 9.1884098 21.0414505 -0.3820570 -0.4466931 -0.0146455 0.8088778
1740548337.378927 -15.3678780 9.2391539 21.0600471 -0.3817277 -0.4461116 -0.0147884 0.8093514
1740548337.587483 -15.4643469 9.3442984 21.1093636 -0.3826230 -0.4448449 -0.0160076 0.8096026
1740548337.686281 -15.5149422 9.4008913 21.1303730 -0.3825045 -0.4451270 -0.0157256 0.8095091
1740548337.888245 -15.6152411 9.5096531 21.1713428 -0.3826200 -0.4440009 -0.0158520 0.8100703
1740548337.993250 -15.6493120 9.5701056 21.2012291 -0.3825686 -0.4442668 -0.0162694 0.8099405
1740548338.201869 -15.7304802 9.6872406 21.2437992 -0.3838207 -0.4437981 -0.0169672 0.8095906
1740548338.323305 -15.7842255 9.7223988 21.2671680 -0.3837997 -0.4434950 -0.0177855 0.8097491
1740548338.524988 -15.9157190 9.7998924 21.3154163 -0.3839321 -0.4437525 -0.0176958 0.8095473
1740548338.725875 -16.0195084 9.8997936 21.3609886 -0.3831365 -0.4442481 -0.0171767 0.8096636
1740548338.830052 -16.0683155 9.9502134 21.3796997 -0.3824988 -0.4443127 -0.0164609 0.8099444
1740548339.039091 -16.1857929 10.0387592 21.4168720 -0.3806708 -0.4449440 -0.0147615 0.8104916
1740548339.138189 -16.2393303 10.0896988 21.4417801 -0.3795901 -0.4452581 -0.0140536 0.8108385
1740548339.357283 -16.3529091 10.1830330 21.4897137 -0.3768423 -0.4462470 -0.0118243 0.8116118
1740548339.455356 -16.4124184 10.2206135 21.5185070 -0.3759738 -0.4465727 -0.0116158 0.8118384
1740548339.671093 -16.5247765 10.3129730 21.5627575 -0.3736202 -0.4465637 -0.0101577 0.8129488
1740548339.774103 -16.5860500 10.3536739 21.5884800 -0.3719126 -0.4467112 -0.0095615 0.8136576
1740548339.876295 -16.6459045 10.3952007 21.6116734 -0.3707719 -0.4462905 -0.0088761 0.8144166
1740548340.094197 -16.7629681 10.4799309 21.6581364 -0.3682124 -0.4446901 -0.0080422 0.8164592
1740548340.198231 -16.8251724 10.5224895 21.6815701 -0.3672952 -0.4437530 -0.0079648 0.8173825
1740548340.407403 -16.9359264 10.6105137 21.7362022 -0.3658050 -0.4405662 -0.0084879 0.8197659
1740548340.514041 -16.9920502 10.6555729 21.7642899 -0.3653105 -0.4385078 -0.0092439 0.8210808
1740548340.721480 -17.0984707 10.7522612 21.8180523 -0.3641709 -0.4343956 -0.0100342 0.8237593
1740548340.830252 -17.1445293 10.8025055 21.8492813 -0.3638663 -0.4320941 -0.0112241 0.8250878
1740548341.056683 -17.2404137 10.9024811 21.9178734 -0.3638490 -0.4266298 -0.0135389 0.8278995
1740548341.264947 -17.3398705 11.0025845 21.9796448 -0.3644063 -0.4201573 -0.0165616 0.8309041
1740548341.475795 -17.4442444 11.1001625 22.0368500 -0.3647055 -0.4130870 -0.0200166 0.8342352
1740548341.684973 -17.5436516 11.1937399 22.1121750 -0.3653376 -0.4069995 -0.0228264 0.8368745
1740548341.900141 -17.6434898 11.2897434 22.1770496 -0.3661193 -0.4005566 -0.0260365 0.8395434
1740548342.114367 -17.7353249 11.3918486 22.2467384 -0.3667312 -0.3943746 -0.0291653 0.8420964
1740548342.325689 -17.8188248 11.5036030 22.3184319 -0.3666326 -0.3888256 -0.0313851 0.8446361
1740548342.541588 -17.9185333 11.5975933 22.3915920 -0.3668693 -0.3832738 -0.0335426 0.8469847
1740548343.074329 -18.1390896 11.8641834 22.5666237 -0.3644454 -0.3707045 -0.0384384 0.8533934
1740548343.384331 -18.2821751 12.0121126 22.6773376 -0.3610595 -0.3627449 -0.0407102 0.8581346
1740548343.907354 -18.5101414 12.2703724 22.8573570 -0.3526614 -0.3446465 -0.0454481 0.8687826
1740548344.448478 -18.7627296 12.4831724 23.0612106 -0.3421567 -0.3166794 -0.0526147 0.8831052
1740548345.178529 -18.9257812 12.8226614 23.4483910 -0.3272330 -0.2630509 -0.0709949 0.9048108
1740548346.020257 -19.1024952 13.2062044 23.8980675 -0.3219194 -0.1899924 -0.0971248 0.9224086
1740548346.546392 -19.1754456 13.4565601 24.1876678 -0.3227296 -0.1418723 -0.1153848 0.9286572
1740548346.857627 -19.1747818 13.6012516 24.3722763 -0.3242131 -0.1124751 -0.1255679 0.9308426
1740548347.179675 -19.1643887 13.7484207 24.5543804 -0.3262440 -0.0840380 -0.1356992 0.9317125
1740548347.507937 -19.1363869 13.8881683 24.7388306 -0.3279858 -0.0568551 -0.1453672 0.9316981
1740548347.838063 -19.1012535 14.0307875 24.9204235 -0.3292208 -0.0310369 -0.1543147 0.9310410
1740548348.156737 -19.0642776 14.1711750 25.1008339 -0.3312340 -0.0078947 -0.1623099 0.9294500
1740548348.475418 -19.0133152 14.3089991 25.2812614 -0.3330984 0.0126221 -0.1692721 0.9274875
1740548348.808523 -18.9672832 14.4472094 25.4632397 -0.3356558 0.0319036 -0.1755539 0.9249314
1740548349.123394 -18.9155884 14.5823183 25.6433201 -0.3389619 0.0507060 -0.1815747 0.9217182
1740548349.566031 -18.8296547 14.7618561 25.8796616 -0.3438754 0.0752411 -0.1891576 0.9166831
1740548349.889230 -18.7514820 14.9067307 26.0435982 -0.3468711 0.0941564 -0.1949329 0.9125877
1740548350.294914 -18.6025200 15.0877438 26.2485027 -0.3491003 0.1188060 -0.2026436 0.9071658
1740548350.596141 -18.4961205 15.2265892 26.4027596 -0.3484769 0.1361035 -0.2086918 0.9035969
1740548350.896806 -18.3744678 15.3636045 26.5510197 -0.3447461 0.1489746 -0.2135336 0.9018648
1740548351.200149 -18.2513847 15.4738312 26.7146873 -0.3385493 0.1577322 -0.2180802 0.9016352
1740548351.509052 -18.1284847 15.5726557 26.8863335 -0.3291674 0.1597937 -0.2212979 0.9039591
1740548351.825751 -18.0198631 15.6811256 27.0607262 -0.3179062 0.1562372 -0.2230058 0.9081817
1740548352.124906 -17.9298096 15.7867794 27.2435341 -0.3049870 0.1464286 -0.2226901 0.9143034
1740548352.425372 -17.8616867 15.8941936 27.4430885 -0.2919390 0.1302703 -0.2210010 0.9213902
1740548352.734673 -17.8032455 16.0009575 27.6446609 -0.2787342 0.1095260 -0.2181374 0.9288312
1740548353.051083 -17.7829094 16.1087303 27.8521786 -0.2674529 0.0880452 -0.2133043 0.9355311
1740548353.358575 -17.7542400 16.2098560 28.0664387 -0.2591132 0.0643085 -0.2085439 0.9408689
1740548353.665123 -17.7473106 16.3217010 28.2708225 -0.2509603 0.0427877 -0.2034548 0.9454069
1740548353.967674 -17.7449837 16.4242992 28.4708862 -0.2453624 0.0221064 -0.1990822 0.9485120
1740548354.274162 -17.7428341 16.5284138 28.6793213 -0.2407936 0.0040385 -0.1936730 0.9510483
1740548354.590833 -17.7444630 16.6347466 28.8756218 -0.2381638 -0.0112855 -0.1901778 0.9523566
1740548354.892652 -17.7550125 16.7362232 29.0812225 -0.2369174 -0.0229130 -0.1871181 0.9530646
1740548355.190530 -17.7606506 16.8372116 29.2875214 -0.2370526 -0.0331136 -0.1845736 0.9532273
1740548355.493009 -17.7617645 16.9498253 29.4866161 -0.2373760 -0.0402161 -0.1830805 0.9531615
1740548355.811768 -17.7781696 17.0538712 29.6902771 -0.2390907 -0.0449608 -0.1813329 0.9528549
1740548356.212719 -17.7750015 17.1955471 29.9562836 -0.2433534 -0.0498760 -0.1802914 0.9517282
1740548356.416352 -17.7791691 17.2680054 30.0914745 -0.2462087 -0.0514482 -0.1798910 0.9509856
1740548356.619393 -17.7867813 17.3425827 30.2229309 -0.2489389 -0.0516033 -0.1797297 0.9502966
1740548356.831252 -17.7854252 17.4189205 30.3542633 -0.2517499 -0.0526327 -0.1800883 0.9494315
1740548357.034711 -17.7852039 17.4974556 30.4807053 -0.2553880 -0.0527002 -0.1792907 0.9486066
1740548357.238930 -17.7848301 17.5790253 30.6134472 -0.2588101 -0.0517294 -0.1797461 0.9476459
1740548357.442550 -17.7931252 17.6555500 30.7434082 -0.2627893 -0.0507744 -0.1796879 0.9466130
1740548357.668270 -17.7893848 17.7360210 30.8730869 -0.2666439 -0.0502436 -0.1800760 0.9454889
1740548357.881433 -17.7898102 17.8153248 30.9999466 -0.2705005 -0.0493541 -0.1797647 0.9444990
1740548358.090959 -17.7800903 17.9064789 31.1239376 -0.2729539 -0.0484384 -0.1807171 0.9436584
1740548358.302256 -17.7805729 17.9848366 31.2518749 -0.2764715 -0.0473071 -0.1805734 0.9427189
1740548358.508112 -17.7697506 18.0735550 31.3790894 -0.2784958 -0.0460403 -0.1811344 0.9420779
1740548358.716520 -17.7667313 18.1538258 31.5077133 -0.2816080 -0.0437174 -0.1818441 0.9411262
1740548358.927648 -17.7625027 18.2326851 31.6334476 -0.2836869 -0.0425853 -0.1819314 0.9405367
1740548359.145394 -17.7638016 18.3195820 31.7604771 -0.2851158 -0.0404533 -0.1821111 0.9401639
1740548359.362464 -17.7550068 18.4013214 31.8844128 -0.2871995 -0.0396423 -0.1824807 0.9394923
1740548359.674453 -17.7470913 18.5225105 32.0764542 -0.2909724 -0.0369589 -0.1822317 0.9384885
1740548359.888836 -17.7479343 18.5981827 32.2039719 -0.2949447 -0.0360601 -0.1821731 0.9372941
1740548360.096360 -17.7265759 18.6835327 32.3305054 -0.2967372 -0.0366643 -0.1820309 0.9367324
1740548360.408215 -17.7141457 18.8089943 32.5158043 -0.3027045 -0.0394620 -0.1817085 0.9347699
1740548360.614785 -17.7116222 18.8911228 32.6371307 -0.3081951 -0.0415280 -0.1805750 0.9331044
1740548360.926836 -17.6937637 19.0183392 32.8165321 -0.3168909 -0.0488592 -0.1778161 0.9303625
1740548361.236211 -17.6864872 19.1531677 32.9937630 -0.3280529 -0.0573118 -0.1755794 0.9264278
1740548361.543395 -17.6852531 19.3007755 33.1602211 -0.3411437 -0.0685908 -0.1727800 0.9214463
1740548361.846027 -17.6704597 19.4327583 33.2661324 -0.3500836 -0.0804880 -0.1624380 0.9190087
1740548362.145386 -17.7166595 19.6036816 33.4145279 -0.3644480 -0.0902316 -0.1624749 0.9124899
1740548362.437632 -17.7187366 19.7413921 33.5645943 -0.3793599 -0.1025829 -0.1578000 0.9059039
1740548362.640908 -17.7539749 19.8546219 33.6768723 -0.3911883 -0.1071582 -0.1588286 0.9001458
1740548362.841109 -17.7673683 19.9684200 33.7784500 -0.3992901 -0.1101742 -0.1550248 0.8968815
1740548363.036791 -17.7668247 20.0462570 33.8639450 -0.4082867 -0.1125751 -0.1536167 0.8927658
1740548363.234689 -17.7519951 20.1507721 33.9449539 -0.4139055 -0.1161324 -0.1498467 0.8903603
1740548363.434643 -17.7783737 20.2860928 34.0420990 -0.4223530 -0.1147355 -0.1534096 0.8859566
1740548363.639331 -17.7866974 20.3683167 34.1523361 -0.4335969 -0.1160787 -0.1541954 0.8801950
1740548363.843143 -17.7920456 20.4228401 34.2231369 -0.4418294 -0.1172580 -0.1519769 0.8763221
1740548364.039489 -17.7583408 20.4455986 34.2829247 -0.4505242 -0.1242245 -0.1533163 0.8706838
1740548364.237084 -17.7592754 20.5016041 34.3029404 -0.4561928 -0.1231187 -0.1550202 0.8675821
1740548364.342610 -17.7780647 20.5049496 34.3432312 -0.4634744 -0.1221447 -0.1545244 0.8639412
1740548364.436739 -17.7431374 20.5222816 34.3295593 -0.4643903 -0.1244622 -0.1509962 0.8637424
1740548364.539254 -17.7605362 20.5345020 34.3703423 -0.4706026 -0.1222109 -0.1536798 0.8602210
1740548364.640987 -17.7483978 20.5225716 34.4007263 -0.4784464 -0.1218034 -0.1487358 0.8568143
1740548364.736102 -17.7417583 20.5390644 34.4108543 -0.4797639 -0.1254340 -0.1510946 0.8551394
1740548364.841352 -17.7656002 20.5502815 34.4461517 -0.4854092 -0.1226996 -0.1543739 0.8517578
1740548364.936398 -17.7017097 20.5431213 34.4659615 -0.4896578 -0.1325129 -0.1514579 0.8483726
1740548365.033476 -17.7188702 20.5420876 34.5194130 -0.4988159 -0.1317728 -0.1525683 0.8429363
1740548365.141756 -17.7138405 20.5406094 34.5687180 -0.5068457 -0.1351867 -0.1522897 0.8376395
1740548365.236379 -17.7011547 20.5208740 34.5838394 -0.5123482 -0.1384142 -0.1507375 0.8340378
1740548365.341281 -17.6909256 20.5408669 34.6363678 -0.5206010 -0.1416022 -0.1471707 0.8290140
1740548365.436221 -17.7315464 20.5468636 34.7065468 -0.5308123 -0.1401939 -0.1498055 0.8222787
1740548365.532354 -17.7473602 20.5391178 34.7546959 -0.5386838 -0.1417277 -0.1515590 0.8165555
1740548365.640733 -17.7274761 20.5316257 34.8099556 -0.5478352 -0.1458962 -0.1495552 0.8100767
1740548365.735971 -17.7662010 20.5334225 34.8971329 -0.5602142 -0.1452674 -0.1481462 0.8019415
1740548365.842470 -17.7518196 20.5358162 34.9261131 -0.5662871 -0.1486156 -0.1465826 0.7973368
1740548365.937347 -17.7830811 20.5310440 34.9620628 -0.5749346 -0.1473511 -0.1484668 0.7910091
1740548366.038787 -17.7695694 20.5419407 34.9614334 -0.5768948 -0.1483967 -0.1473407 0.7895958
1740548366.141664 -17.7729015 20.5523071 35.0123062 -0.5837476 -0.1511535 -0.1438180 0.7846704
1740548366.237481 -17.7762184 20.5454140 35.0848694 -0.5943896 -0.1540896 -0.1416323 0.7764649
1740548366.342661 -17.8042297 20.5494194 35.1544304 -0.6046775 -0.1549110 -0.1424413 0.7681655
1740548366.439468 -17.7982330 20.5374985 35.2054977 -0.6129197 -0.1581585 -0.1424790 0.7609304
1740548366.544665 -17.7952824 20.5391483 35.2386246 -0.6188402 -0.1599834 -0.1413973 0.7559424
1740548366.646677 -17.8166904 20.5338821 35.2906227 -0.6269351 -0.1618747 -0.1426400 0.7486006
1740548366.746200 -17.8197670 20.5335903 35.2967262 -0.6303147 -0.1622908 -0.1421911 0.7457525
1740548366.845950 -17.8385715 20.5336342 35.3410683 -0.6376513 -0.1631305 -0.1435025 0.7390509
1740548366.946705 -17.8437653 20.5299911 35.3699570 -0.6438704 -0.1634983 -0.1401914 0.7341973
1740548367.048112 -17.8733349 20.5502777 35.4040604 -0.6487553 -0.1621979 -0.1399852 0.7302141
1740548367.145557 -17.9110832 20.5506897 35.4510460 -0.6562632 -0.1578238 -0.1379450 0.7248321
1740548367.243883 -17.8948994 20.5516930 35.4951363 -0.6621053 -0.1624324 -0.1368935 0.7186741
1740548367.347723 -17.9242001 20.5479488 35.5545425 -0.6710988 -0.1612724 -0.1372210 0.7104843
1740548367.446465 -17.9111710 20.5452709 35.6021233 -0.6776633 -0.1642111 -0.1338609 0.7041935
1740548367.546931 -17.9050636 20.5491505 35.6474228 -0.6846468 -0.1672298 -0.1322192 0.6970015
1740548367.647903 -17.9256725 20.5410118 35.7156448 -0.6933358 -0.1675807 -0.1330133 0.6881203
1740548367.743934 -17.9349461 20.5355320 35.7147331 -0.6953118 -0.1629463 -0.1290082 0.6880021
1740548367.846211 -17.9555798 20.5364799 35.7436752 -0.7003553 -0.1605471 -0.1280882 0.6836085
1740548367.947830 -17.9813194 20.5456924 35.7453461 -0.7028199 -0.1588469 -0.1284293 0.6814086
1740548368.058931 -17.9954967 20.5515575 35.7690964 -0.7082071 -0.1582311 -0.1291098 0.6758228
1740548368.153797 -18.0113049 20.5505562 35.8016510 -0.7139482 -0.1572482 -0.1296961 0.6698731
1740548368.252727 -18.0076008 20.5659275 35.8829308 -0.7238720 -0.1592472 -0.1267745 0.6592252
1740548368.358772 -18.0321083 20.5781288 35.9531517 -0.7319579 -0.1596971 -0.1281328 0.6498588
1740548368.454381 -18.0525742 20.5854931 35.9964218 -0.7388870 -0.1585518 -0.1289652 0.6420867
1740548368.568747 -18.0603027 20.6052856 36.0421524 -0.7452692 -0.1596392 -0.1275319 0.6346849
1740548368.664979 -18.0877857 20.6244717 36.0450935 -0.7491297 -0.1570537 -0.1276534 0.6307483
1740548368.762971 -18.1083031 20.6124802 36.0206223 -0.7491078 -0.1531377 -0.1297189 0.6313157
1740548368.868121 -18.1368313 20.6167488 36.0668259 -0.7555665 -0.1521160 -0.1313758 0.6234745
1740548368.965522 -18.1611786 20.6268978 36.0925217 -0.7597337 -0.1531987 -0.1344001 0.6174718
1740548369.072309 -18.1810513 20.6323929 36.0801163 -0.7626328 -0.1510620 -0.1369682 0.6138496
1740548369.172244 -18.1723080 20.6418190 36.0718231 -0.7639530 -0.1540441 -0.1377723 0.6112815
1740548369.273507 -18.1704922 20.6920738 36.0664825 -0.7669579 -0.1539306 -0.1340912 0.6083588
1740548369.383955 -18.1596870 20.7546806 36.0813446 -0.7709082 -0.1566332 -0.1276623 0.6040440
1740548369.482636 -18.1585445 20.8192329 36.0814018 -0.7739818 -0.1575888 -0.1243342 0.6005490
1740548369.587366 -18.1490211 20.8510818 36.0639038 -0.7751815 -0.1600479 -0.1251004 0.5981874
1740548369.688763 -18.1486473 20.8929062 36.0403786 -0.7740884 -0.1608680 -0.1231516 0.5997852
1740548369.788166 -18.1837845 20.9011879 36.0152664 -0.7743693 -0.1549946 -0.1249610 0.6005944
1740548369.893212 -18.1794968 20.9014549 35.9912949 -0.7729189 -0.1563622 -0.1269500 0.6016901
1740548369.994490 -18.1829872 20.8974838 35.9586372 -0.7704046 -0.1574608 -0.1300523 0.6039612
1740548370.104720 -18.1772575 20.9055672 35.9416695 -0.7710316 -0.1568808 -0.1284073 0.6036642
1740548370.205707 -18.1668854 20.9086151 35.9131927 -0.7692711 -0.1576870 -0.1290028 0.6055700
1740548370.313350 -18.1422386 20.9154282 35.8792267 -0.7673187 -0.1602059 -0.1288276 0.6074204
1740548370.412667 -18.1299171 20.9384613 35.8595123 -0.7653499 -0.1646951 -0.1295688 0.6085450
1740548370.513757 -18.1561394 20.9429607 35.8158302 -0.7624996 -0.1640345 -0.1348364 0.6111516
1740548370.613881 -18.1592731 20.9499302 35.7995911 -0.7623125 -0.1637714 -0.1349684 0.6114264
1740548370.717271 -18.1323242 20.9531403 35.7675095 -0.7590891 -0.1667602 -0.1342582 0.6147760
1740548370.822396 -18.1357937 20.9595737 35.7236443 -0.7569425 -0.1639532 -0.1346263 0.6180884
1740548370.925223 -18.0967789 20.9561081 35.7006607 -0.7545702 -0.1678535 -0.1319369 0.6205172
1740548371.022597 -18.1207848 20.9985332 35.6563950 -0.7519125 -0.1685422 -0.1365555 0.6225542
1740548371.128202 -18.1300793 21.0404053 35.6341858 -0.7515160 -0.1686257 -0.1374393 0.6228158
1740548371.225809 -18.1288280 21.0589180 35.6006660 -0.7491482 -0.1675302 -0.1373276 0.6259806
1740548371.337914 -18.1123505 21.0569477 35.5545197 -0.7452537 -0.1689930 -0.1388205 0.6298946
1740548371.434674 -18.1177979 21.0607777 35.5284767 -0.7432533 -0.1678470 -0.1401809 0.6322589
1740548371.534647 -18.1354828 21.0663357 35.4782372 -0.7394654 -0.1656043 -0.1443764 0.6363347
1740548371.643461 -18.1479187 21.0753174 35.4499779 -0.7373371 -0.1651018 -0.1466991 0.6384003
1740548371.742428 -18.1503773 21.0838089 35.4029007 -0.7336771 -0.1630923 -0.1482166 0.6427679
1740548371.849876 -18.1509323 21.1063805 35.3574486 -0.7301695 -0.1624557 -0.1494392 0.6466286
1740548371.953147 -18.1773968 21.1209793 35.3113632 -0.7262598 -0.1598090 -0.1539657 0.6506169
1740548372.056673 -18.1844120 21.1330585 35.2660789 -0.7220919 -0.1592955 -0.1553944 0.6550273
1740548372.173304 -18.1917801 21.1506710 35.2286682 -0.7187186 -0.1593429 -0.1575346 0.6582069
1740548372.277784 -18.2069683 21.1632500 35.2097549 -0.7171431 -0.1574080 -0.1589213 0.6600550
1740548372.383117 -18.2271118 21.1781807 35.1839905 -0.7150029 -0.1566654 -0.1626610 0.6616406
1740548372.482537 -18.2612267 21.1871681 35.1544952 -0.7115675 -0.1544323 -0.1686707 0.6643588
1740548372.588901 -18.2750549 21.1960773 35.1314774 -0.7094063 -0.1526778 -0.1694850 0.6668636
1740548372.691376 -18.2736263 21.2073727 35.0612030 -0.7019857 -0.1491596 -0.1696232 0.6754224
1740548372.791152 -18.2671242 21.2191906 35.0250626 -0.6980838 -0.1484398 -0.1691454 0.6797313
1740548372.897825 -18.2721004 21.2330761 34.9968262 -0.6938385 -0.1476600 -0.1697067 0.6840938
1740548372.999323 -18.3193054 21.2479820 34.9756622 -0.6914980 -0.1423725 -0.1748884 0.6862760
1740548373.101817 -18.2490940 21.2454643 34.9043884 -0.6836365 -0.1442752 -0.1685589 0.6952796
1740548373.204420 -18.2142677 21.2530193 34.8728600 -0.6787233 -0.1473259 -0.1665013 0.6999336
1740548373.305018 -18.2348213 21.2577343 34.8390503 -0.6739529 -0.1451173 -0.1698123 0.7041961
1740548373.410730 -18.2541447 21.2690678 34.8017387 -0.6694778 -0.1416446 -0.1728624 0.7084172
1740548373.509131 -18.2612419 21.2916489 34.7556610 -0.6644277 -0.1377723 -0.1737843 0.7136902
1740548373.618271 -18.2315731 21.3042908 34.6935425 -0.6567283 -0.1362931 -0.1717437 0.7215512
1740548373.718960 -18.2113686 21.3016567 34.6597748 -0.6520432 -0.1336441 -0.1704020 0.7265962
1740548373.823438 -18.2233677 21.3228626 34.6195374 -0.6468373 -0.1312397 -0.1725830 0.7311585
1740548373.926997 -18.2403374 21.3281517 34.5922966 -0.6431050 -0.1278442 -0.1746207 0.7345607
1740548374.032376 -18.2305145 21.3475800 34.5452881 -0.6367227 -0.1256469 -0.1720857 0.7410692
1740548374.160565 -18.2247849 21.3702774 34.5026932 -0.6306633 -0.1241597 -0.1732763 0.7462060
1740548374.260818 -18.1929855 21.3773594 34.4469490 -0.6227350 -0.1247440 -0.1738182 0.7526137
1740548374.368234 -18.1213875 21.3824215 34.4130554 -0.6161440 -0.1301625 -0.1685219 0.7583038
1740548374.468913 -18.0915241 21.3943367 34.3835678 -0.6101602 -0.1330302 -0.1694772 0.7624205
1740548374.572770 -18.0551815 21.4233971 34.3243141 -0.6028873 -0.1299870 -0.1643479 0.7698182
1740548374.680955 -18.0522518 21.4475002 34.2812195 -0.5967506 -0.1278113 -0.1637481 0.7750739
1740548374.781282 -18.0371132 21.4775848 34.2066650 -0.5870190 -0.1235238 -0.1634016 0.7832308
1740548374.884000 -18.0283566 21.5145683 34.1386299 -0.5781884 -0.1209638 -0.1633444 0.7901802
1740548374.984975 -17.9660683 21.5549946 34.0752945 -0.5685454 -0.1233505 -0.1572409 0.7980076
1740548375.092957 -17.9296150 21.5882568 34.0494843 -0.5641003 -0.1271616 -0.1538635 0.8012158
1740548375.194398 -17.8682957 21.6424332 34.0174484 -0.5576030 -0.1347258 -0.1478959 0.8056393
1740548375.294354 -17.8455086 21.6652794 34.0200348 -0.5568475 -0.1406258 -0.1460539 0.8054896
1740548375.404954 -17.7647133 21.6991005 34.0414124 -0.5563127 -0.1520776 -0.1393745 0.8049618
1740548375.507170 -17.7422523 21.7484913 34.0791855 -0.5574612 -0.1600317 -0.1394545 0.8026078
1740548375.617275 -17.6820145 21.7926826 34.0974197 -0.5563178 -0.1682639 -0.1327984 0.8028465
1740548375.719287 -17.6514797 21.8514214 34.1252441 -0.5567415 -0.1747886 -0.1298319 0.8016430
1740548375.930610 -17.6231613 22.0047226 34.1605682 -0.5493831 -0.1798538 -0.1278030 0.8059139
1740548376.247536 -17.6280670 22.2344627 34.1665764 -0.5374471 -0.1833649 -0.1272907 0.8132190
1740548376.355989 -17.5742207 22.2780781 34.2176132 -0.5405767 -0.1958657 -0.1206147 0.8092376
1740548376.563080 -17.5633144 22.4450111 34.2027321 -0.5293993 -0.1974053 -0.1171070 0.8167334
1740548376.773181 -17.5878487 22.5752563 34.2509995 -0.5288132 -0.2012535 -0.1190037 0.8158994
1740548376.982896 -17.5913849 22.7289371 34.2547760 -0.5209004 -0.2047893 -0.1164162 0.8204703
1740548377.198315 -17.6102276 22.8787003 34.2722549 -0.5150907 -0.2072561 -0.1131296 0.8239710
1740548377.411297 -17.6315804 23.0278873 34.3010101 -0.5093865 -0.2098808 -0.1105280 0.8271995
1740548377.612731 -17.6575890 23.0933132 34.3247566 -0.5095762 -0.2091088 -0.1098615 0.8273670
