1740548272.756691 0.0000000 0.0000000 0.0000000 -0.0000000 -0.0000000 -0.0000000 1.0000000
1740548272.963882 0.0381546 0.0375164 0.0634690 0.0015865 -0.0016368 0.0000246 0.9999974
1740548273.062823 0.0256723 0.0289817 0.1349363 0.0031483 -0.0041553 -0.0000379 0.9999864
1740548273.254617 0.0177710 0.0225752 0.2080147 0.0056668 -0.0080936 0.0003231 0.9999511
1740548273.438943 -0.0128059 0.0001982 0.2777195 0.0079750 -0.0115412 0.0001814 0.9999016
1740548273.621440 -0.0350256 -0.0134226 0.3446809 0.0114401 -0.0164863 0.0002763 0.9997986
1740548273.804221 -0.0525963 -0.0273448 0.4131620 0.0156081 -0.0224089 0.0006492 0.9996269
1740548273.951541 -0.0603955 -0.0464201 0.4859057 0.0196794 -0.0292661 0.0007102 0.9993777
1740548274.051786 -0.0889849 -0.0585381 0.5521128 0.0240720 -0.0355823 0.0008205 0.9990765
1740548274.151635 -0.1028944 -0.0707159 0.6217796 0.0290657 -0.0433439 0.0006660 0.9986371
1740548274.351799 -0.1315108 -0.1189393 0.7643262 0.0377678 -0.0595891 0.0008947 0.9975079
1740548274.458179 -0.1455665 -0.1348830 0.8334438 0.0423181 -0.0681705 0.0010567 0.9967753
1740548274.556968 -0.1654345 -0.1491461 0.9018413 0.0471580 -0.0766240 0.0009245 0.9959438
1740548274.666310 -0.1822923 -0.1548602 0.9736371 0.0516134 -0.0853146 0.0015210 0.9950152
1740548274.768286 -0.2126165 -0.1628341 1.0391686 0.0555153 -0.0934262 0.0010004 0.9940768
1740548274.868706 -0.2443959 -0.1743108 1.1029934 0.0588106 -0.1009967 0.0009825 0.9931465
1740548274.979484 -0.2700604 -0.1861214 1.1709683 0.0618781 -0.1090940 0.0009402 0.9921032
1740548275.080497 -0.2975191 -0.1960023 1.2376724 0.0643530 -0.1164298 0.0011401 0.9911113
1740548275.187684 -0.3245893 -0.2041957 1.3054625 0.0667093 -0.1235671 0.0008049 0.9900911
1740548275.288435 -0.3707050 -0.2092953 1.3625585 0.0688455 -0.1291303 0.0003827 0.9892348
1740548275.392759 -0.4073531 -0.2137010 1.4228557 0.0702732 -0.1346493 0.0001187 0.9883984
1740548275.495301 -0.4320139 -0.2199871 1.4899627 0.0710396 -0.1400542 0.0000955 0.9875921
1740548275.595437 -0.4560165 -0.2333710 1.5568516 0.0711380 -0.1450468 -0.0003441 0.9868641
1740548275.703560 -0.4799553 -0.2452584 1.6260123 0.0709692 -0.1496592 -0.0007671 0.9861871
1740548275.806380 -0.5112727 -0.2347689 1.6896031 0.0717234 -0.1531077 -0.0007395 0.9856030
1740548275.912782 -0.5366386 -0.2175324 1.7474082 0.0729808 -0.1559643 -0.0003998 0.9850629
1740548276.610254 -0.5651051 -0.2114310 1.8126075 0.0725382 -0.1585355 -0.0005571 0.9846849
1740548276.721129 -0.5803264 -0.2514026 1.8926990 0.0712985 -0.1619446 -0.0013644 0.9842198
1740548276.819888 -0.6086764 -0.2623119 1.9531273 0.0707303 -0.1639992 -0.0018327 0.9839198
1740548276.924842 -0.6342878 -0.2838994 2.0225377 0.0691937 -0.1661161 -0.0022428 0.9836730
1740548277.024509 -0.6645981 -0.2888858 2.0873117 0.0686665 -0.1675341 -0.0025074 0.9834689
1740548277.123065 -0.6859315 -0.2712593 2.1539621 0.0694352 -0.1693724 -0.0018820 0.9831014
1740548277.232254 -0.7106586 -0.2771342 2.2249315 0.0680132 -0.1707324 -0.0018401 0.9829656
1740548277.332850 -0.7582858 -0.2963330 2.2844806 0.0671422 -0.1709498 -0.0026596 0.9829858
1740548277.438604 -0.7929698 -0.3129474 2.3358161 0.0662403 -0.1705956 -0.0034046 0.9831062
1740548277.537430 -0.8222654 -0.3102640 2.4016607 0.0657721 -0.1710178 -0.0032922 0.9830647
1740548277.644681 -0.8531859 -0.3216906 2.4621863 0.0646883 -0.1709249 -0.0032648 0.9831528
1740548277.747525 -0.8699325 -0.3209612 2.5281820 0.0646166 -0.1713044 -0.0031639 0.9830918
1740548277.848135 -0.9000226 -0.3223933 2.5982215 0.0642164 -0.1713284 -0.0031568 0.9831139
1740548277.954336 -0.9355029 -0.3264178 2.6555257 0.0634565 -0.1702076 -0.0036440 0.9833562
1740548278.056742 -0.9585509 -0.3075853 2.7241890 0.0642048 -0.1702103 -0.0029748 0.9833094
1740548278.159679 -0.9897694 -0.3323348 2.7952821 0.0630896 -0.1698301 -0.0040170 0.9834436
1740548278.262263 -1.0087513 -0.3316484 2.8657653 0.0626134 -0.1699210 -0.0037225 0.9834595
1740548278.362393 -1.0281885 -0.3231952 2.9353709 0.0628852 -0.1694178 -0.0029024 0.9835317
1740548278.466622 -1.0511788 -0.3211682 3.0066018 0.0632684 -0.1692073 -0.0026966 0.9835440
1740548278.566288 -1.0915852 -0.3358139 3.0705664 0.0625354 -0.1678265 -0.0028401 0.9838270
1740548278.672691 -1.1277691 -0.3484849 3.1165915 0.0633245 -0.1651230 -0.0034730 0.9842319
1740548278.771827 -1.1592352 -0.3553170 3.1869049 0.0642137 -0.1641831 -0.0029976 0.9843330
1740548278.872546 -1.1917479 -0.3666679 3.2546370 0.0648370 -0.1627381 -0.0034031 0.9845308
1740548278.985883 -1.2086740 -0.3708954 3.3294854 0.0655143 -0.1621286 -0.0024267 0.9845894
1740548279.084187 -1.2221777 -0.3985730 3.4012389 0.0646239 -0.1611342 -0.0022536 0.9848119
1740548279.188362 -1.2632880 -0.3743246 3.4592154 0.0676656 -0.1598236 -0.0020680 0.9848216
1740548279.289938 -1.2946352 -0.3739280 3.5306194 0.0688460 -0.1582804 -0.0018399 0.9849895
1740548279.394500 -1.3207953 -0.3680500 3.6004453 0.0703462 -0.1561260 -0.0015362 0.9852278
1740548279.495262 -1.3536806 -0.3680751 3.6717818 0.0719599 -0.1541690 -0.0015696 0.9854193
1740548279.594074 -1.3800870 -0.3561588 3.7434096 0.0754782 -0.1530128 -0.0008415 0.9853372
1740548279.697778 -1.4144974 -0.3505158 3.8040149 0.0787535 -0.1493992 -0.0001194 0.9856358
1740548279.796538 -1.4365668 -0.3761724 3.8742023 0.0805932 -0.1468548 0.0000625 0.9858694
1740548279.901591 -1.4330133 -0.3845076 3.9390719 0.0841299 -0.1448445 0.0013826 0.9858704
1740548280.001629 -1.4384599 -0.4030399 4.0171313 0.0864072 -0.1433278 0.0021126 0.9858938
1740548280.103774 -1.4640213 -0.4143423 4.0809703 0.0898706 -0.1411116 0.0022911 0.9859034
1740548280.212431 -1.4845573 -0.4264642 4.1470809 0.0935325 -0.1392477 0.0026286 0.9858270
1740548280.314335 -1.5061193 -0.4333188 4.2168164 0.0974152 -0.1367774 0.0032687 0.9857949
1740548280.425314 -1.5168093 -0.4679426 4.2774134 0.0990901 -0.1352702 0.0045213 0.9858310
1740548280.522422 -1.5511143 -0.4805874 4.3439574 0.1026939 -0.1325705 0.0049328 0.9858269
1740548280.621237 -1.5425881 -0.5012810 4.4056120 0.1048076 -0.1317335 0.0043288 0.9857195
1740548280.726530 -1.5339488 -0.5096238 4.4285841 0.1061093 -0.1336427 0.0049049 0.9853205
1740548280.824551 -1.5278740 -0.5084105 4.4416766 0.1085600 -0.1343450 0.0028561 0.9849660
1740548280.932231 -1.5219334 -0.5177246 4.4944758 0.1113181 -0.1350700 0.0046774 0.9845520
1740548281.035908 -1.5163962 -0.5197187 4.5702996 0.1149976 -0.1348596 0.0035016 0.9841627
1740548281.151726 -1.5139942 -0.5188009 4.6179318 0.1192166 -0.1359951 0.0036218 0.9835038
1740548281.250883 -1.5110443 -0.5206367 4.6494226 0.1224010 -0.1363475 0.0049697 0.9830579
1740548281.355156 -1.5085074 -0.5210822 4.6718726 0.1252117 -0.1366471 0.0056420 0.9826586
1740548281.464928 -1.5040610 -0.5233459 4.7078886 0.1295769 -0.1371157 0.0046032 0.9820325
1740548281.573821 -1.4964486 -0.5293872 4.7475929 0.1300970 -0.1400681 0.0037381 0.9815507
1740548281.683935 -1.4879153 -0.5396760 4.7838874 0.1326177 -0.1433117 0.0046547 0.9807408
1740548281.786613 -1.4864177 -0.5626490 4.8266072 0.1329075 -0.1438831 0.0047245 0.9806176
1740548281.894085 -1.5103170 -0.5884967 4.8772221 0.1330295 -0.1443397 0.0056209 0.9805292
1740548281.993820 -1.5105157 -0.6069841 4.9070287 0.1323330 -0.1460148 0.0048734 0.9803795
1740548282.092879 -1.5075589 -0.6114772 4.9435921 0.1337790 -0.1468318 0.0051831 0.9800596
1740548282.203169 -1.5082452 -0.6154073 4.9606738 0.1347573 -0.1471485 0.0055172 0.9798762
1740548282.309389 -1.5247828 -0.6254812 4.9801440 0.1325262 -0.1472422 0.0048705 0.9801698
1740548282.413606 -1.5223858 -0.6418090 5.0210681 0.1323615 -0.1492916 0.0032416 0.9798887
1740548282.518037 -1.5194234 -0.6480213 5.0689368 0.1330854 -0.1527548 0.0033682 0.9792563
1740548282.621313 -1.5242504 -0.6731926 5.1310077 0.1332538 -0.1540594 0.0025158 0.9790316
1740548282.728420 -1.5545865 -0.6758484 5.1752419 0.1340449 -0.1545746 0.0019992 0.9788436
1740548282.829956 -1.5417782 -0.6910763 5.2151241 0.1338840 -0.1581307 0.0020405 0.9782974
1740548282.939399 -1.5405278 -0.7024795 5.2604218 0.1331206 -0.1607879 0.0015620 0.9779692
1740548283.038746 -1.5333794 -0.7082504 5.2963572 0.1339552 -0.1638029 0.0015760 0.9773546
1740548283.155257 -1.5518051 -0.6885045 5.3447037 0.1367799 -0.1641685 0.0016194 0.9769019
1740548283.256353 -1.5845335 -0.7099695 5.3715625 0.1347825 -0.1629795 0.0016887 0.9773784
1740548283.356940 -1.6083251 -0.7267449 5.3972697 0.1348547 -0.1614097 0.0024253 0.9776274
1740548283.467182 -1.6260247 -0.7627238 5.4366450 0.1323935 -0.1615296 0.0028292 0.9779428
1740548283.572931 -1.6344552 -0.7680230 5.4887595 0.1327366 -0.1628782 0.0023680 0.9776738
1740548283.684415 -1.6247747 -0.7695675 5.5206180 0.1337367 -0.1651470 0.0009230 0.9771592
1740548283.791463 -1.6166070 -0.7825320 5.5596838 0.1329437 -0.1676988 0.0012815 0.9768323
1740548283.904148 -1.6337826 -0.7775480 5.6027842 0.1359679 -0.1693970 0.0015578 0.9761224
1740548284.005724 -1.6722757 -0.7890105 5.6679616 0.1374207 -0.1697007 0.0023853 0.9758645
1740548284.110404 -1.6893245 -0.8045272 5.7271996 0.1368448 -0.1711088 0.0019144 0.9757006
1740548284.218263 -1.6854022 -0.8316647 5.7754793 0.1368791 -0.1744504 0.0016862 0.9751043
1740548284.323344 -1.6822463 -0.8480237 5.8330383 0.1384848 -0.1773971 0.0008080 0.9743468
1740548284.434379 -1.6811436 -0.8603169 5.8795075 0.1394377 -0.1808228 0.0002833 0.9735811
1740548284.539360 -1.6968149 -0.8663222 5.9074426 0.1402668 -0.1822769 0.0002933 0.9731908
1740548284.654044 -1.7149465 -0.9070892 5.9192529 0.1373907 -0.1807612 -0.0011192 0.9738829
1740548284.758800 -1.7148974 -0.9108891 5.9269338 0.1386370 -0.1813258 -0.0013300 0.9736010
1740548284.856982 -1.7147609 -0.9203185 5.9550362 0.1396949 -0.1834749 -0.0025702 0.9730446
1740548284.965417 -1.7136934 -0.9304345 5.9815617 0.1407731 -0.1849838 -0.0035593 0.9726003
1740548285.068121 -1.7127745 -0.9407970 6.0082479 0.1429263 -0.1858494 -0.0032900 0.9721221
1740548285.183162 -1.7073715 -0.9673353 6.0357971 0.1420934 -0.1887353 -0.0032487 0.9716882
1740548285.285664 -1.7092718 -0.9685277 6.0348701 0.1427722 -0.1868323 -0.0032873 0.9719563
1740548285.402309 -1.7306255 -0.9873899 6.0473452 0.1412721 -0.1823584 -0.0027550 0.9730262
1740548285.501313 -1.7573271 -1.0086346 6.0515089 0.1387000 -0.1778774 -0.0027430 0.9742250
1740548285.608417 -1.7883945 -1.0360006 6.0554314 0.1378904 -0.1715353 -0.0028344 0.9754762
1740548285.716755 -1.8169904 -1.0514543 6.0889268 0.1370007 -0.1683022 -0.0013046 0.9761678
1740548285.821601 -1.8314672 -1.0856510 6.1104054 0.1328864 -0.1674644 -0.0019054 0.9768794
1740548285.935246 -1.8527844 -1.1063292 6.1146502 0.1308826 -0.1614487 -0.0010399 0.9781631
1740548286.043055 -1.8748426 -1.1145240 6.1293421 0.1298061 -0.1569839 -0.0012777 0.9790326
1740548286.156179 -1.9017874 -1.1232469 6.1422000 0.1274485 -0.1513226 -0.0001952 0.9802338
1740548286.257656 -1.9315125 -1.1342998 6.1710291 0.1259742 -0.1458066 0.0001251 0.9812599
1740548286.359404 -1.9473857 -1.1658852 6.2217236 0.1247361 -0.1421881 -0.0006608 0.9819486
1740548286.475117 -1.9935327 -1.1767838 6.2750950 0.1238886 -0.1380001 0.0000001 0.9826534
1740548286.575325 -2.0270858 -1.1852330 6.3102603 0.1232136 -0.1325513 0.0004445 0.9834879
1740548286.688082 -2.0530705 -1.1947562 6.3412509 0.1221568 -0.1276478 0.0013637 0.9842672
1740548286.789880 -2.0849597 -1.1998613 6.3711104 0.1209827 -0.1230800 0.0032386 0.9849893
1740548286.910727 -2.0968065 -1.2023058 6.3799243 0.1180189 -0.1189954 0.0037913 0.9858485
1740548287.012596 -2.1136060 -1.1957493 6.3849449 0.1167663 -0.1121986 0.0060540 0.9867829
1740548287.117127 -2.1137104 -1.1968979 6.3863716 0.1148432 -0.1110734 0.0068668 0.9871305
1740548287.225747 -2.1330664 -1.1976510 6.4083257 0.1120250 -0.1084709 0.0074727 0.9877391
1740548287.329859 -2.1586068 -1.1990273 6.4364581 0.1108475 -0.1040973 0.0079266 0.9883389
1740548287.440335 -2.1754444 -1.1915123 6.4634199 0.1126196 -0.1006316 0.0074802 0.9885010
1740548287.544932 -2.1815405 -1.1860839 6.4691410 0.1116729 -0.0992720 0.0073601 0.9887467
1740548287.660413 -2.1832948 -1.1876833 6.4746041 0.1091996 -0.0988999 0.0069820 0.9890630
1740548287.762074 -2.1845810 -1.1913345 6.4787245 0.1046717 -0.0989719 0.0081054 0.9895366
1740548287.864712 -2.1850543 -1.1900427 6.4797578 0.1017860 -0.0974389 0.0065096 0.9900015
1740548287.973316 -2.2010212 -1.1832705 6.4964371 0.1007135 -0.0949428 0.0074626 0.9903469
1740548288.074926 -2.2153108 -1.1759166 6.5169301 0.1017698 -0.0933635 0.0084854 0.9903808
1740548288.189523 -2.2169783 -1.1635163 6.5265241 0.1052386 -0.0950257 0.0075491 0.9898677
1740548288.290732 -2.2398992 -1.1590621 6.5287814 0.1028578 -0.0908395 0.0083485 0.9905043
1740548288.411508 -2.2539756 -1.1545711 6.5518179 0.1027063 -0.0883920 0.0091157 0.9907347
1740548288.514894 -2.2656844 -1.1522369 6.5575781 0.1016288 -0.0840560 0.0102486 0.9912120
1740548288.620493 -2.2886939 -1.1610832 6.5732417 0.0976551 -0.0802156 0.0112571 0.9919184
1740548288.727524 -2.2919607 -1.1500914 6.5814281 0.0989937 -0.0800747 0.0115233 0.9917941
1740548288.830562 -2.2832348 -1.1524496 6.5811729 0.0960659 -0.0841319 0.0127926 0.9917306
1740548288.943680 -2.2824697 -1.1530107 6.5805454 0.0931992 -0.0854669 0.0130573 0.9918865
1740548289.048000 -2.2855349 -1.1501769 6.5809917 0.0908337 -0.0852394 0.0145575 0.9921046
1740548289.158472 -2.2810578 -1.1491019 6.5803547 0.0885261 -0.0859500 0.0139664 0.9922604
1740548289.262574 -2.2767608 -1.1570839 6.5886474 0.0857239 -0.0875610 0.0157175 0.9923394
1740548289.365354 -2.2752490 -1.1597556 6.5926490 0.0832493 -0.0876760 0.0138512 0.9925677
1740548289.476344 -2.2816508 -1.1581322 6.6032829 0.0833986 -0.0853845 0.0136127 0.9927582
1740548289.577369 -2.2851596 -1.1575891 6.6109905 0.0833828 -0.0842188 0.0149675 0.9928396
1740548289.692247 -2.2849932 -1.1585145 6.6099200 0.0801754 -0.0844347 0.0165774 0.9930599
1740548289.794475 -2.2844465 -1.1610121 6.6077685 0.0781304 -0.0833274 0.0172791 0.9933044
1740548289.911014 -2.2807801 -1.1616147 6.6008887 0.0746878 -0.0829354 0.0178685 0.9935915
1740548290.013032 -2.2736654 -1.1671237 6.6104918 0.0728354 -0.0860445 0.0189419 0.9934448
1740548290.117877 -2.2713957 -1.1700619 6.6160688 0.0698634 -0.0864974 0.0184968 0.9936273
1740548290.225911 -2.2713726 -1.1742172 6.6209693 0.0669610 -0.0853398 0.0190597 0.9939166
1740548290.329710 -2.2780480 -1.1798997 6.6413641 0.0656835 -0.0810237 0.0171924 0.9943969
1740548290.443183 -2.2887759 -1.1752986 6.6501927 0.0657387 -0.0776638 0.0184698 0.9946384
1740548290.557918 -2.2736909 -1.1814315 6.6550436 0.0620494 -0.0832919 0.0170209 0.9944459
1740548290.669468 -2.2566602 -1.1923316 6.6659675 0.0595933 -0.0880954 0.0163050 0.9941941
1740548290.777316 -2.2289896 -1.1990802 6.6540823 0.0571358 -0.0966965 0.0140575 0.9935732
1740548290.883289 -2.2151284 -1.2055507 6.6607852 0.0531290 -0.1014518 0.0137277 0.9933259
1740548290.999589 -2.2122393 -1.2053181 6.6650043 0.0527833 -0.1018588 0.0130052 0.9933125
1740548291.106682 -2.2113709 -1.2026483 6.6815081 0.0534965 -0.1011930 0.0101162 0.9933760
1740548291.224736 -2.2134814 -1.2164404 6.7129998 0.0492599 -0.1030135 0.0093501 0.9934155
1740548291.329361 -2.2118227 -1.2222892 6.7385449 0.0473804 -0.1061124 0.0060226 0.9932064
1740548291.443126 -2.2232771 -1.2304837 6.7761984 0.0475656 -0.1052317 0.0053735 0.9932950
1740548291.549464 -2.2293136 -1.2460806 6.8169165 0.0417098 -0.1083373 0.0043108 0.9932294
1740548291.662799 -2.2250450 -1.2447273 6.8394938 0.0416388 -0.1124533 0.0037715 0.9927770
1740548291.769335 -2.2251332 -1.2494586 6.8570366 0.0386726 -0.1133688 0.0030629 0.9927953
1740548291.875863 -2.2241471 -1.2519199 6.8818893 0.0383809 -0.1159721 0.0045265 0.9925003
1740548291.983647 -2.2284977 -1.2594867 6.9214506 0.0368043 -0.1184073 0.0031807 0.9922777
1740548292.093215 -2.2395685 -1.2711458 6.9750175 0.0337784 -0.1183682 0.0016291 0.9923937
1740548292.200784 -2.2387493 -1.2460028 7.0316749 0.0353897 -0.1195308 0.0021019 0.9921974
1740548292.309789 -2.2453256 -1.2511867 7.0920687 0.0326743 -0.1210562 0.0023207 0.9921050
1740548292.416652 -2.2530034 -1.2514458 7.1388154 0.0306541 -0.1229753 0.0023400 0.9919334
1740548292.525290 -2.2738338 -1.2524368 7.1932983 0.0308617 -0.1220796 0.0018236 0.9920387
1740548292.630235 -2.2728243 -1.2582250 7.2472801 0.0289297 -0.1245320 0.0017455 0.9917923
1740548292.739857 -2.2823360 -1.2648251 7.3105173 0.0287946 -0.1257737 0.0019335 0.9916391
1740548292.843688 -2.2870288 -1.2537521 7.3683748 0.0269957 -0.1275975 0.0019146 0.9914567
1740548292.954141 -2.2886298 -1.2332835 7.4329896 0.0278275 -0.1286208 0.0026174 0.9912999
1740548293.060275 -2.3067372 -1.2298298 7.4944816 0.0258105 -0.1294363 0.0021864 0.9912494
1740548293.168894 -2.3228889 -1.2148135 7.5521584 0.0251043 -0.1297428 0.0024729 0.9912268
1740548293.277223 -2.3629622 -1.2034235 7.6198483 0.0241742 -0.1284817 0.0025456 0.9914140
1740548293.380983 -2.4034145 -1.1907462 7.6895008 0.0228677 -0.1274750 0.0022402 0.9915756
1740548293.492434 -2.4368298 -1.1771628 7.7527452 0.0224563 -0.1257522 0.0022616 0.9918049
1740548293.594874 -2.4501333 -1.1750342 7.8320165 0.0211922 -0.1251418 0.0023747 0.9919097
1740548293.704013 -2.4775536 -1.1733580 7.9049816 0.0206787 -0.1237521 0.0018590 0.9920959
1740548293.809908 -2.5009353 -1.1761624 7.9755054 0.0202138 -0.1219040 0.0013749 0.9923351
1740548293.917963 -2.5038056 -1.1867161 8.0562487 0.0192740 -0.1208261 0.0018749 0.9924848
1740548294.026660 -2.5091393 -1.1960397 8.1312065 0.0196656 -0.1190699 0.0018515 0.9926894
1740548294.132030 -2.5112448 -1.2154449 8.2091866 0.0196278 -0.1176426 0.0019519 0.9928601
1740548294.241325 -2.5082092 -1.2258531 8.2892189 0.0200316 -0.1164177 0.0017684 0.9929968
1740548294.344568 -2.5156634 -1.2306753 8.3649111 0.0202720 -0.1147728 0.0022952 0.9931822
1740548294.456292 -2.5371883 -1.2408159 8.4405499 0.0205423 -0.1129309 0.0019588 0.9933886
1740548294.562170 -2.5565803 -1.2342743 8.5130959 0.0210706 -0.1113941 0.0020147 0.9935508
1740548294.674312 -2.5805049 -1.2385668 8.5871630 0.0208843 -0.1098361 0.0020783 0.9937281
1740548294.780106 -2.5983560 -1.2412319 8.6631203 0.0209398 -0.1085932 0.0018370 0.9938640
1740548294.886614 -2.6065800 -1.2544680 8.7389269 0.0209836 -0.1079387 0.0021095 0.9939339
1740548294.999010 -2.6305509 -1.2583559 8.8143244 0.0211849 -0.1070738 0.0019566 0.9940234
1740548295.107285 -2.6443913 -1.2633687 8.8900719 0.0210402 -0.1066192 0.0021589 0.9940749
1740548295.227795 -2.6595867 -1.2725817 8.9671879 0.0205116 -0.1063258 0.0020264 0.9941177
1740548295.333102 -2.6708584 -1.2810155 9.0432978 0.0198953 -0.1062741 0.0022149 0.9941354
1740548295.448168 -2.7033596 -1.2800614 9.1157494 0.0195146 -0.1059565 0.0022351 0.9941767
1740548295.554645 -2.7210276 -1.2787938 9.1895542 0.0181764 -0.1064023 0.0019542 0.9941551
1740548295.667650 -2.7345924 -1.2842944 9.2662964 0.0170183 -0.1075330 0.0018881 0.9940541
1740548295.778892 -2.7489893 -1.2923974 9.3436098 0.0149838 -0.1084837 0.0015201 0.9939842
1740548295.882087 -2.7654741 -1.2901570 9.4207029 0.0136772 -0.1100290 0.0014215 0.9938333
1740548295.994393 -2.7827909 -1.2876705 9.4948034 0.0115436 -0.1112079 0.0009637 0.9937297
1740548296.097541 -2.8042052 -1.2935730 9.5708179 0.0094508 -0.1126022 0.0010027 0.9935947
1740548296.208035 -2.8261068 -1.2897871 9.6422815 0.0069344 -0.1140121 0.0005725 0.9934550
1740548296.311793 -2.8346663 -1.2859037 9.7216702 0.0048188 -0.1164970 0.0001445 0.9931793
1740548296.421310 -2.8613687 -1.2852714 9.7953730 0.0019117 -0.1183254 0.0000041 0.9929731
1740548296.637487 -2.8932700 -1.2882715 9.9439754 -0.0032533 -0.1235010 -0.0002468 0.9923391
1740548296.748642 -2.9078672 -1.2741349 10.0211048 -0.0056968 -0.1261898 -0.0008306 0.9919894
1740548296.859537 -2.9376850 -1.2654806 10.0959892 -0.0088621 -0.1279047 -0.0011601 0.9917462
1740548297.083683 -2.9789951 -1.2363499 10.2416000 -0.0143167 -0.1327855 -0.0017048 0.9910399
1740548297.199195 -2.9950297 -1.2322466 10.3180580 -0.0167244 -0.1354123 -0.0022295 0.9906457
1740548297.307172 -3.0139761 -1.2278349 10.3918724 -0.0192635 -0.1382579 -0.0023914 0.9902060
1740548297.418286 -3.0437312 -1.2335575 10.4640818 -0.0219574 -0.1404956 -0.0028158 0.9898338
1740548297.529269 -3.0721943 -1.2342560 10.5362635 -0.0247123 -0.1428934 -0.0028931 0.9894253
1740548297.632045 -3.0931010 -1.2251521 10.6104107 -0.0265359 -0.1457612 -0.0032862 0.9889584
1740548297.741436 -3.1153479 -1.2109753 10.6844482 -0.0281883 -0.1486661 -0.0038012 0.9884783
1740548297.845783 -3.1481810 -1.2136954 10.7503614 -0.0302467 -0.1505169 -0.0038909 0.9881370
1740548297.956826 -3.1721065 -1.1988249 10.8244438 -0.0319466 -0.1536071 -0.0042032 0.9876065
1740548298.061642 -3.1929109 -1.1889197 10.8983164 -0.0331860 -0.1566640 -0.0042458 0.9870852
1740548298.172021 -3.2118623 -1.1760769 10.9712582 -0.0341108 -0.1600138 -0.0045919 0.9865146
1740548298.279176 -3.2409883 -1.1757339 11.0458670 -0.0359836 -0.1628006 -0.0043559 0.9859930
1740548298.383629 -3.2741561 -1.1737717 11.1185732 -0.0373437 -0.1655803 -0.0045509 0.9854785
1740548298.495789 -3.2999351 -1.1674380 11.1876297 -0.0386425 -0.1688593 -0.0047222 0.9848710
1740548298.598486 -3.3336673 -1.1647693 11.2600021 -0.0398073 -0.1716688 -0.0047655 0.9843386
1740548298.711774 -3.3611968 -1.1543236 11.3331022 -0.0410387 -0.1749617 -0.0046525 0.9837086
1740548298.817367 -3.3883321 -1.1530248 11.4058924 -0.0425909 -0.1782565 -0.0045898 0.9830512
1740548298.928247 -3.4200537 -1.1457013 11.4754791 -0.0435523 -0.1812677 -0.0047488 0.9824575
1740548299.034926 -3.4556780 -1.1464263 11.5428534 -0.0453584 -0.1843248 -0.0050886 0.9818050
1740548299.141370 -3.4896898 -1.1365769 11.6136303 -0.0466874 -0.1872797 -0.0051371 0.9811831
1740548299.254876 -3.5184364 -1.1247438 11.6856699 -0.0484649 -0.1903199 -0.0054912 0.9805098
1740548299.362138 -3.5432565 -1.1185687 11.7567587 -0.0502142 -0.1934601 -0.0060330 0.9798037
1740548299.479307 -3.5808465 -1.1138362 11.8245001 -0.0528856 -0.1958746 -0.0062699 0.9791818
1740548299.584029 -3.6121383 -1.1032660 11.8921118 -0.0553149 -0.1985573 -0.0064557 0.9785058
1740548299.701201 -3.6504741 -1.0981057 11.9558735 -0.0583247 -0.2008170 -0.0065944 0.9778688
1740548299.809144 -3.6857376 -1.0930395 12.0269327 -0.0614855 -0.2033677 -0.0071670 0.9771436
1740548299.920650 -3.7236483 -1.0898887 12.0802803 -0.0657477 -0.2045612 -0.0075446 0.9766141
1740548300.029930 -3.7602999 -1.0755813 12.1496296 -0.0688355 -0.2069970 -0.0080919 0.9758834
1740548300.135162 -3.7875926 -1.0720074 12.2193012 -0.0723269 -0.2095163 -0.0092022 0.9750832
1740548300.245233 -3.8209035 -1.0508751 12.2907619 -0.0759999 -0.2119661 -0.0094572 0.9742715
1740548300.349753 -3.8539617 -1.0478232 12.3452282 -0.0808548 -0.2134659 -0.0108757 0.9735382
1740548300.462229 -3.8969533 -1.0354095 12.4024448 -0.0859604 -0.2148405 -0.0113329 0.9727929
1740548300.565696 -3.9323099 -1.0211716 12.4648790 -0.0897805 -0.2164916 -0.0121786 0.9720713
1740548300.679917 -3.9640276 -1.0083969 12.5254726 -0.0946395 -0.2181342 -0.0132424 0.9712289
1740548300.788438 -4.0030093 -0.9875765 12.5849371 -0.0988530 -0.2194644 -0.0140079 0.9704984
1740548300.895777 -4.0574899 -0.9777732 12.6413488 -0.1033539 -0.2202768 -0.0146111 0.9698364
1740548301.009574 -4.0938210 -0.9584227 12.7040758 -0.1073269 -0.2216526 -0.0151314 0.9690831
1740548301.113041 -4.1306424 -0.9389923 12.7685976 -0.1111657 -0.2227882 -0.0159746 0.9683762
1740548301.231704 -4.1713815 -0.9189127 12.8305607 -0.1146049 -0.2237357 -0.0167393 0.9677437
1740548301.334947 -4.2010608 -0.8963816 12.9001236 -0.1179276 -0.2248461 -0.0174749 0.9670739
1740548301.451512 -4.2390304 -0.8721743 12.9611282 -0.1212028 -0.2254943 -0.0180504 0.9665073
1740548301.562414 -4.2656231 -0.8451480 13.0312510 -0.1236027 -0.2263083 -0.0186381 0.9660019
1740548301.672807 -4.3049278 -0.8137511 13.0911522 -0.1261738 -0.2263195 -0.0188462 0.9656627
1740548301.780415 -4.3348880 -0.7851613 13.1572580 -0.1283391 -0.2264702 -0.0194375 0.9653302
1740548301.882511 -4.3650932 -0.7568365 13.2243462 -0.1300745 -0.2263052 -0.0200348 0.9651245
1740548301.988332 -4.3980303 -0.7320632 13.2885761 -0.1318998 -0.2255227 -0.0205927 0.9650481
1740548302.092720 -4.4416499 -0.7087960 13.3488979 -0.1334784 -0.2239914 -0.0209018 0.9651811
1740548302.200390 -4.4793763 -0.6871273 13.4134121 -0.1350949 -0.2225437 -0.0214433 0.9652792
1740548302.409513 -4.5398602 -0.6381162 13.5543718 -0.1364803 -0.2194552 -0.0221699 0.9657749
1740548302.513212 -4.5693684 -0.6100668 13.6222591 -0.1370352 -0.2171054 -0.0226869 0.9662153
1740548302.613406 -4.6015511 -0.5985124 13.6871414 -0.1381313 -0.2141437 -0.0228278 0.9667167
1740548303.152403 -4.7637343 -0.5391513 14.0352850 -0.1458189 -0.1979450 -0.0273769 0.9689196
1740548303.262946 -4.7950282 -0.5165088 14.1035671 -0.1483006 -0.1942541 -0.0278356 0.9692768
1740548303.361315 -4.8088703 -0.5005522 14.1793795 -0.1513414 -0.1910235 -0.0296383 0.9693954
1740548303.479192 -4.8326063 -0.4770290 14.2496805 -0.1550653 -0.1874863 -0.0304806 0.9694713
1740548303.684028 -4.8756561 -0.4404412 14.3950577 -0.1653434 -0.1810489 -0.0334524 0.9688982
1740548303.786874 -4.8897071 -0.4154594 14.4676094 -0.1712158 -0.1785270 -0.0353462 0.9682789
1740548303.993248 -4.9185786 -0.3626181 14.6135998 -0.1858407 -0.1741711 -0.0385926 0.9662496
1740548304.093057 -4.9378724 -0.3299840 14.6815634 -0.1938539 -0.1724852 -0.0400690 0.9649166
1740548304.200667 -4.9568963 -0.2951022 14.7491722 -0.2030591 -0.1714698 -0.0422093 0.9631113
1740548304.715126 -5.0422878 -0.0678231 15.0459032 -0.2547274 -0.1737426 -0.0503843 0.9499415
1740548304.923671 -5.0909195 0.0473331 15.1387749 -0.2765616 -0.1778092 -0.0532479 0.9429010
1740548305.025773 -5.1226044 0.1033230 15.1839590 -0.2874736 -0.1802360 -0.0542038 0.9391144
1740548305.124270 -5.1411448 0.1591262 15.2298927 -0.2981079 -0.1832303 -0.0552597 0.9351496
1740548305.231353 -5.1750336 0.2205215 15.2728100 -0.3075937 -0.1862762 -0.0559110 0.9314297
1740548305.330583 -5.2008967 0.2768199 15.3158455 -0.3170717 -0.1895863 -0.0566778 0.9275291
1740548305.433446 -5.2343664 0.3315656 15.3624496 -0.3260613 -0.1928479 -0.0572318 0.9236981
1740548305.533570 -5.2653127 0.3881896 15.4021912 -0.3342364 -0.1960936 -0.0577626 0.9200526
1740548305.633467 -5.3108625 0.4355888 15.4442463 -0.3424648 -0.1988712 -0.0582821 0.9163904
1740548305.738518 -5.3431706 0.4912202 15.4862852 -0.3492856 -0.2018232 -0.0584659 0.9131532
1740548305.840231 -5.3750772 0.5486114 15.5259523 -0.3554202 -0.2045114 -0.0584386 0.9101849
1740548305.951482 -5.4126120 0.5991616 15.5705070 -0.3612595 -0.2069811 -0.0587080 0.9073058
1740548306.052355 -5.4548516 0.6548769 15.6094675 -0.3662958 -0.2088067 -0.0589955 0.9048463
1740548306.155556 -5.4810429 0.7142878 15.6548576 -0.3701364 -0.2109603 -0.0590825 0.9027758
1740548306.263204 -5.5056038 0.7678049 15.6973953 -0.3740394 -0.2121499 -0.0590694 0.9008872
1740548306.363917 -5.5361857 0.8224261 15.7452297 -0.3770718 -0.2132547 -0.0594165 0.8993381
1740548306.468245 -5.5490589 0.8844159 15.7914639 -0.3790240 -0.2144170 -0.0592424 0.8982520
1740548306.568720 -5.5630178 0.9435079 15.8403625 -0.3807720 -0.2151236 -0.0592045 0.8973457
1740548306.674251 -5.5743499 1.0021784 15.8907585 -0.3817570 -0.2158290 -0.0591711 0.8967599
1740548306.779443 -5.5882692 1.0575974 15.9408417 -0.3827949 -0.2160075 -0.0592507 0.8962690
1740548306.983385 -5.6200848 1.1750820 16.0381813 -0.3829490 -0.2164723 -0.0589315 0.8961121
1740548307.082329 -5.6387696 1.2330685 16.0878029 -0.3826165 -0.2167929 -0.0587998 0.8961852
1740548307.186489 -5.6618447 1.2825003 16.1357651 -0.3820633 -0.2168020 -0.0585610 0.8964347
1740548307.493132 -5.7674360 1.4350538 16.2775764 -0.3785388 -0.2181191 -0.0573457 0.8976881
1740548307.702059 -5.8355904 1.5396907 16.3728390 -0.3753842 -0.2193587 -0.0561829 0.8987836
1740548307.902238 -5.9081807 1.6385593 16.4659767 -0.3721533 -0.2204086 -0.0550091 0.8999422
1740548308.235831 -6.0097656 1.7867848 16.6134434 -0.3670653 -0.2221121 -0.0532879 0.9017149
1740548308.656958 -6.1120930 1.9957590 16.8215523 -0.3618695 -0.2227571 -0.0518012 0.9037402
1740548308.867490 -6.1679664 2.0969400 16.9272118 -0.3597846 -0.2220767 -0.0519001 0.9047339
1740548309.296555 -6.2849259 2.3042822 17.1293755 -0.3576095 -0.2189140 -0.0528434 0.9063110
1740548309.604518 -6.3425555 2.4663959 17.2870331 -0.3571750 -0.2155664 -0.0539997 0.9072162
1740548309.812791 -6.3934278 2.5696557 17.3925056 -0.3575559 -0.2133980 -0.0549671 0.9075207
1740548310.124715 -6.4783411 2.7287345 17.5429134 -0.3583368 -0.2103464 -0.0565061 0.9078305
1740548310.450937 -6.5531397 2.8800731 17.7036400 -0.3593917 -0.2089930 -0.0574882 0.9076644
1740548310.851495 -6.6524606 3.0931485 17.9061890 -0.3607710 -0.2089024 -0.0582728 0.9070879
1740548311.263296 -6.7457428 3.3118796 18.1101055 -0.3605176 -0.2117271 -0.0568282 0.9066253
1740548311.665989 -6.8404107 3.5239856 18.3068295 -0.3586582 -0.2176775 -0.0542814 0.9061095
1740548311.875257 -6.9197545 3.6084783 18.3903465 -0.3570048 -0.2208606 -0.0541634 0.9059992
1740548312.080563 -6.9897909 3.7170696 18.4529610 -0.3541249 -0.2246041 -0.0508405 0.9064016
1740548312.184942 -7.0363350 3.7655234 18.4962349 -0.3529468 -0.2277930 -0.0494632 0.9061415
1740548312.383456 -7.0918274 3.8701291 18.5959377 -0.3496886 -0.2357471 -0.0447716 0.9056140
1740548312.585574 -7.1610570 3.9607091 18.7075424 -0.3467469 -0.2451976 -0.0404449 0.9044384
1740548312.791782 -7.2460995 4.0533895 18.7853222 -0.3424676 -0.2543149 -0.0353319 0.9037652
1740548312.893968 -7.2951951 4.1024547 18.8231716 -0.3408066 -0.2590330 -0.0324389 0.9031614
1740548313.000436 -7.3505859 4.1456528 18.8542328 -0.3387461 -0.2638206 -0.0300572 0.9026330
1740548313.097789 -7.4045463 4.1844492 18.8773804 -0.3367891 -0.2679097 -0.0279741 0.9022278
1740548313.199671 -7.4460773 4.2436476 18.8980827 -0.3343112 -0.2728850 -0.0238336 0.9017770
1740548313.298328 -7.4885683 4.3001986 18.9300995 -0.3319059 -0.2784342 -0.0202415 0.9010568
1740548313.397272 -7.5405550 4.3431549 18.9532013 -0.3305458 -0.2829594 -0.0175632 0.9002028
1740548313.500576 -7.5963049 4.3792887 18.9819832 -0.3293849 -0.2881566 -0.0151885 0.8990220
1740548313.597182 -7.6507783 4.4140568 19.0212688 -0.3293907 -0.2937027 -0.0126541 0.8972628
1740548313.698602 -7.6974192 4.4728928 19.0520115 -0.3277550 -0.2998011 -0.0089707 0.8958881
1740548313.798007 -7.7414150 4.5213823 19.0919094 -0.3260061 -0.3062012 -0.0058599 0.8943861
1740548313.899384 -7.7982688 4.5541329 19.1143436 -0.3267170 -0.3101567 -0.0037900 0.8927734
1740548314.005988 -7.8463144 4.5808048 19.1384468 -0.3262431 -0.3153039 -0.0023689 0.8911472
1740548314.107559 -7.9047203 4.6224499 19.1616726 -0.3260404 -0.3203733 0.0001689 0.8894148
1740548314.220663 -7.9399281 4.6470957 19.1871452 -0.3270807 -0.3271397 0.0035697 0.8865581
1740548314.322414 -7.9690266 4.6626735 19.1972046 -0.3279684 -0.3309875 0.0052279 0.8847919
1740548314.429868 -7.9998555 4.6834903 19.2186871 -0.3302026 -0.3382038 0.0065833 0.8812157
1740548314.532241 -8.0562620 4.7049675 19.2520294 -0.3325720 -0.3432232 0.0082488 0.8783653
1740548314.632634 -8.1060410 4.7348900 19.2703552 -0.3334571 -0.3478300 0.0105071 0.8761908
1740548314.738127 -8.1511765 4.7671103 19.2889061 -0.3341934 -0.3511414 0.0137638 0.8745428
1740548314.839352 -8.1856194 4.7995787 19.3064098 -0.3348500 -0.3580163 0.0157130 0.8714660
1740548314.950626 -8.2092628 4.8220854 19.3211975 -0.3366847 -0.3640035 0.0176924 0.8682349
1740548315.048626 -8.2638903 4.8592935 19.3421898 -0.3369932 -0.3678119 0.0198259 0.8664623
1740548315.148634 -8.3128653 4.8799133 19.3582458 -0.3385080 -0.3710481 0.0207711 0.8644676
1740548315.256137 -8.3695669 4.9002371 19.3930893 -0.3400840 -0.3751853 0.0211624 0.8620505
1740548315.356541 -8.4254007 4.9416175 19.4221039 -0.3410158 -0.3793772 0.0230637 0.8597960
1740548315.467867 -8.4475956 4.9602113 19.4358673 -0.3425810 -0.3852413 0.0240817 0.8565323
1740548315.565346 -8.4935474 4.9972258 19.4563046 -0.3431858 -0.3904290 0.0264847 0.8538660
1740548315.665160 -8.5411921 5.0387683 19.4771461 -0.3432656 -0.3943624 0.0283732 0.8519636
1740548315.770617 -8.5756254 5.0593619 19.5036354 -0.3455637 -0.3999406 0.0312974 0.8483241
1740548315.871302 -8.6076164 5.0760422 19.5213604 -0.3481164 -0.4048794 0.0305414 0.8449585
1740548315.977234 -8.6502876 5.1135640 19.5416145 -0.3479578 -0.4092167 0.0336672 0.8428129
1740548316.079174 -8.6979370 5.1482706 19.5650177 -0.3490761 -0.4139029 0.0340176 0.8400435
1740548316.183305 -8.7602329 5.1804175 19.5918274 -0.3498511 -0.4176891 0.0358960 0.8377658
1740548316.284221 -8.7958021 5.1968770 19.6173401 -0.3528063 -0.4226954 0.0368438 0.8339657
1740548316.384013 -8.8160105 5.2022376 19.6473293 -0.3566885 -0.4292521 0.0377715 0.8289085
1740548316.487570 -8.8628712 5.2247686 19.6702461 -0.3588282 -0.4331560 0.0372621 0.8259720
1740548316.589794 -8.8877230 5.2378607 19.6797714 -0.3618800 -0.4374484 0.0385451 0.8223114
1740548316.696238 -8.9292679 5.2558594 19.7009125 -0.3650850 -0.4418214 0.0393468 0.8185100
1740548316.796208 -8.9726734 5.2881541 19.7402802 -0.3661825 -0.4470994 0.0396953 0.8151299
1740548316.895207 -8.9965105 5.2889295 19.7700882 -0.3709883 -0.4527701 0.0412643 0.8097309
1740548317.011570 -9.0276775 5.2985463 19.7911034 -0.3738284 -0.4582357 0.0416199 0.8053198
1740548317.110820 -9.0431242 5.3045697 19.7952538 -0.3776692 -0.4638948 0.0425226 0.8002247
1740548317.216306 -9.0722771 5.3148208 19.8101692 -0.3814869 -0.4666702 0.0429511 0.7967696
1740548317.313128 -9.1071606 5.3336539 19.8269005 -0.3843596 -0.4704867 0.0433381 0.7931153
1740548317.410786 -9.1740141 5.3355083 19.8468933 -0.3886146 -0.4724889 0.0423489 0.7898984
1740548317.514551 -9.2076902 5.3458481 19.8715744 -0.3924280 -0.4772379 0.0432689 0.7850937
1740548317.616921 -9.2372370 5.3651056 19.8982086 -0.3955312 -0.4822479 0.0442136 0.7804083
1740548317.719647 -9.2443628 5.3799467 19.8945618 -0.3951006 -0.4852526 0.0458238 0.7786692
1740548317.819954 -9.2533827 5.3891878 19.8973274 -0.3955089 -0.4873107 0.0470014 0.7771047
1740548317.919138 -9.2692213 5.3911362 19.8953381 -0.3968014 -0.4885285 0.0473161 0.7756608
1740548318.021700 -9.2943039 5.4138818 19.8862000 -0.3987284 -0.4885167 0.0481480 0.7746282
1740548318.122186 -9.2840414 5.4084206 19.8841362 -0.3986752 -0.4901353 0.0510536 0.7734462
1740548318.232580 -9.3002729 5.4186921 19.8797703 -0.3989954 -0.4918545 0.0520775 0.7721204
1740548318.332549 -9.3590508 5.4364648 19.8855648 -0.4023157 -0.4930981 0.0519084 0.7696116
1740548318.437537 -9.4133387 5.4678860 19.8801270 -0.4035491 -0.4941027 0.0530165 0.7682447
1740548318.542471 -9.4349346 5.4909954 19.8910980 -0.4039300 -0.4977064 0.0539951 0.7656457
1740548318.643815 -9.4745674 5.5079498 19.8828430 -0.4047318 -0.4984055 0.0537693 0.7647830
1740548318.748756 -9.5365067 5.5400209 19.8963127 -0.4065939 -0.5002015 0.0535030 0.7626384
1740548318.850882 -9.5636168 5.5460229 19.9077759 -0.4098313 -0.5011600 0.0522001 0.7603631
1740548318.953955 -9.6132774 5.5836449 19.8925285 -0.4085501 -0.5003500 0.0537845 0.7614748
1740548319.059022 -9.6418276 5.6037869 19.8912163 -0.4086814 -0.5017316 0.0544626 0.7604464
1740548319.156693 -9.6948128 5.6104641 19.8926373 -0.4117402 -0.5010148 0.0528388 0.7593828
1740548319.268119 -9.7348843 5.6303897 19.8973141 -0.4138870 -0.5011041 0.0528925 0.7581521
1740548319.367917 -9.7833252 5.6523743 19.8914833 -0.4159183 -0.4997810 0.0516592 0.7579989
1740548319.469515 -9.8072424 5.6675277 19.8888474 -0.4161016 -0.4992934 0.0512551 0.7582470
1740548319.565807 -9.8323755 5.6948199 19.8918438 -0.4165224 -0.5003098 0.0520129 0.7572937
1740548319.662239 -9.8464870 5.7159281 19.8863068 -0.4169040 -0.4992881 0.0543223 0.7575959
1740548319.766239 -9.8805199 5.7321925 19.8910656 -0.4193551 -0.4995129 0.0530604 0.7561830
1740548319.861910 -9.9212894 5.7689199 19.9078674 -0.4200450 -0.5007666 0.0531660 0.7549625
1740548319.962894 -9.9437704 5.7904716 19.9122658 -0.4211456 -0.5016946 0.0529430 0.7537480
1740548320.057239 -9.9653988 5.8101463 19.9114075 -0.4220851 -0.5008523 0.0533236 0.7537557
1740548320.152742 -10.0064812 5.8253913 19.9149075 -0.4237185 -0.4992555 0.0518219 0.7540034
1740548320.250681 -10.0449142 5.8535986 19.9194756 -0.4253223 -0.4993572 0.0510261 0.7530868
1740548320.344550 -10.1060829 5.8814631 19.9337311 -0.4273960 -0.4993454 0.0496516 0.7520118
1740548320.443653 -10.1471786 5.9069109 19.9368019 -0.4283396 -0.4982657 0.0477666 0.7523130
1740548320.544004 -10.1768570 5.9286251 19.9474068 -0.4306337 -0.5004243 0.0467113 0.7496321
1740548320.639640 -10.2265110 5.9601569 19.9473095 -0.4320135 -0.4998884 0.0460598 0.7492359
1740548320.742247 -10.2556686 5.9979396 19.9719372 -0.4329506 -0.5013824 0.0461562 0.7476892
1740548320.838223 -10.2754192 6.0154624 19.9743881 -0.4338948 -0.5009685 0.0453856 0.7474664
1740548320.933956 -10.2773991 6.0149164 19.9673500 -0.4349080 -0.4965771 0.0449856 0.7498283
1740548321.036306 -10.2982960 6.0369658 19.9636631 -0.4346732 -0.4957964 0.0447859 0.7504929
1740548321.134646 -10.3346739 6.0831919 19.9751930 -0.4365804 -0.4963585 0.0437740 0.7490726
1740548321.238609 -10.3900375 6.1160717 19.9861526 -0.4387380 -0.4947976 0.0427686 0.7489027
1740548321.334522 -10.4431705 6.1533337 19.9895363 -0.4416445 -0.4927544 0.0412285 0.7486278
1740548321.429371 -10.4968338 6.1865330 19.9923897 -0.4429148 -0.4903981 0.0398336 0.7494995
1740548321.529962 -10.5511608 6.2064137 20.0038872 -0.4458368 -0.4878546 0.0376375 0.7495404
1740548321.625804 -10.6057663 6.2361035 20.0216484 -0.4486837 -0.4859654 0.0356140 0.7491677
1740548321.732314 -10.6270132 6.2471714 20.0123253 -0.4489812 -0.4820649 0.0335777 0.7515995
1740548321.827199 -10.6843910 6.2857189 20.0143280 -0.4502852 -0.4790160 0.0321268 0.7528312
1740548321.924710 -10.7373428 6.3198919 20.0298309 -0.4522170 -0.4774565 0.0307888 0.7527198
1740548322.025863 -10.7955875 6.3562775 20.0320358 -0.4525096 -0.4751671 0.0296095 0.7540389
1740548322.122642 -10.8413486 6.3894467 20.0401669 -0.4548777 -0.4733499 0.0270378 0.7538536
1740548322.225618 -10.8648119 6.4034209 20.0409088 -0.4570253 -0.4704849 0.0251156 0.7544144
1740548322.322031 -10.9116535 6.4546146 20.0403862 -0.4565223 -0.4690123 0.0241133 0.7556676
1740548322.419508 -10.9433689 6.4837580 20.0457096 -0.4574147 -0.4681119 0.0219850 0.7557511
1740548322.521747 -10.9369221 6.4763775 20.0405540 -0.4593229 -0.4643939 0.0200314 0.7569409
1740548322.616942 -10.9518204 6.4836712 20.0469856 -0.4608381 -0.4630696 0.0168672 0.7569084
1740548322.720648 -10.9597311 6.5127816 20.0463696 -0.4596343 -0.4640385 0.0171217 0.7570412
1740548322.814420 -10.9805470 6.5346842 20.0504456 -0.4615779 -0.4633900 0.0149483 0.7563016
1740548322.908538 -10.9967394 6.5514841 20.0421562 -0.4630564 -0.4609504 0.0142097 0.7569027
1740548323.012353 -11.0050802 6.5511212 20.0412197 -0.4667809 -0.4579945 0.0134428 0.7564231
1740548323.112459 -10.9961061 6.5460949 20.0423794 -0.4670048 -0.4580966 0.0120865 0.7562459
1740548323.216357 -11.0018158 6.5493112 20.0436096 -0.4643258 -0.4612894 0.0071983 0.7560171
1740548323.313779 -11.0013971 6.5462580 20.0384464 -0.4643247 -0.4613644 0.0039847 0.7559957
1740548323.407490 -10.9973211 6.5389185 20.0395546 -0.4661395 -0.4608482 0.0015746 0.7552022
1740548323.509691 -10.9901619 6.5392432 20.0429039 -0.4681633 -0.4616571 0.0002179 0.7534559
1740548323.607317 -10.9823847 6.5396881 20.0419846 -0.4707642 -0.4615966 0.0010915 0.7518699
1740548323.718199 -10.9956026 6.5555458 20.0484524 -0.4715030 -0.4629704 -0.0017878 0.7505599
1740548323.820003 -10.9972534 6.5586023 20.0617847 -0.4747460 -0.4659794 -0.0036368 0.7466366
1740548323.911862 -11.0073223 6.5581989 20.0589390 -0.4784923 -0.4653604 -0.0055033 0.7446171
1740548324.019080 -11.0427036 6.5817423 20.0438042 -0.4776101 -0.4630271 -0.0073678 0.7466192
1740548324.111913 -11.0679102 6.5926318 20.0361328 -0.4781492 -0.4628739 -0.0092669 0.7463479
1740548324.213158 -11.0699463 6.5938087 20.0403652 -0.4794697 -0.4653905 -0.0124522 0.7438853
1740548324.325663 -11.0666561 6.5909910 20.0418968 -0.4809788 -0.4672418 -0.0136801 0.7417259
1740548324.422880 -11.0644093 6.5897245 20.0421753 -0.4828920 -0.4695652 -0.0143462 0.7389980
1740548324.527186 -11.0588560 6.5926161 20.0498028 -0.4849265 -0.4706935 -0.0135372 0.7369604
1740548324.624331 -11.0447187 6.5816965 20.0452957 -0.4898566 -0.4700738 -0.0130594 0.7340985
1740548324.736590 -11.0040464 6.5605116 20.0493164 -0.4859313 -0.4748161 -0.0155652 0.7336063
1740548324.829894 -11.0034523 6.5604258 20.0480328 -0.4872802 -0.4757249 -0.0153970 0.7321249
1740548324.925799 -10.9982033 6.5578365 20.0478439 -0.4911657 -0.4749533 -0.0134267 0.7300653
1740548325.026831 -11.0120811 6.5758524 20.0455170 -0.4958739 -0.4745180 -0.0098951 0.7272165
1740548325.128362 -11.0035515 6.5682969 20.0436497 -0.4973898 -0.4745172 -0.0115523 0.7261565
1740548325.237291 -10.9999428 6.5621338 20.0437603 -0.5012606 -0.4722488 -0.0113690 0.7249757
1740548325.332473 -10.9943676 6.5461063 20.0379925 -0.5010065 -0.4710848 -0.0162602 0.7258148
1740548325.426721 -10.9999838 6.5468335 20.0351448 -0.4994257 -0.4718348 -0.0199968 0.7263237
1740548325.531920 -11.0128822 6.5444241 20.0314274 -0.5032329 -0.4679781 -0.0226433 0.7261133
1740548325.625844 -11.0477943 6.5724201 20.0251656 -0.5025694 -0.4680303 -0.0236584 0.7265067
1740548325.737997 -11.0377550 6.6019263 20.0121326 -0.4989339 -0.4712483 -0.0217743 0.7269910
1740548325.832532 -11.0481968 6.6022282 20.0123253 -0.5014468 -0.4705342 -0.0256550 0.7255966
1740548325.926834 -11.0700245 6.6097865 19.9992294 -0.5031767 -0.4669986 -0.0270839 0.7266306
1740548326.029012 -11.0915298 6.6055660 19.9834270 -0.5048527 -0.4631129 -0.0314641 0.7277777
1740548326.125757 -11.1264315 6.6299882 19.9731636 -0.5040848 -0.4624102 -0.0338626 0.7286485
1740548326.238591 -11.1694155 6.6590614 19.9706192 -0.5061834 -0.4611958 -0.0366218 0.7278294
1740548326.332767 -11.2019320 6.6925921 19.9639244 -0.5050464 -0.4608749 -0.0371182 0.7287968
1740548326.426938 -11.2467432 6.7235303 19.9610081 -0.5051667 -0.4599338 -0.0397054 0.7291714
1740548326.527745 -11.2954931 6.7560520 19.9579086 -0.5056524 -0.4586672 -0.0422451 0.7294898
1740548326.625960 -11.3455334 6.7892466 19.9520683 -0.5063469 -0.4577598 -0.0437873 0.7294871
1740548326.738622 -11.3763657 6.8207784 19.9373817 -0.5060373 -0.4574269 -0.0438584 0.7299064
1740548326.835027 -11.4095259 6.8484735 19.9310570 -0.5046116 -0.4565935 -0.0454639 0.7313157
1740548326.928167 -11.4408398 6.8720980 19.9239464 -0.5042683 -0.4556102 -0.0480377 0.7320008
1740548327.028878 -11.4806795 6.9044890 19.9239426 -0.5039701 -0.4565219 -0.0491871 0.7315617
1740548327.127889 -11.5148106 6.9345708 19.9236755 -0.5032219 -0.4581144 -0.0489959 0.7310939
1740548327.243076 -11.5569830 6.9688244 19.9278183 -0.5046661 -0.4593411 -0.0498325 0.7292699
1740548327.337220 -11.5836782 6.9999747 19.9255829 -0.5043617 -0.4588324 -0.0503538 0.7297647
1740548327.434149 -11.6406288 7.0473585 19.9218559 -0.5037037 -0.4601697 -0.0512483 0.7293149
1740548327.534958 -11.6911812 7.0842752 19.9254723 -0.5025789 -0.4617650 -0.0521559 0.7290180
1740548327.632183 -11.7473812 7.1357808 19.9190121 -0.5029672 -0.4630767 -0.0526111 0.7278847
1740548327.741668 -11.8030348 7.1832314 19.9186516 -0.5034541 -0.4642551 -0.0516346 0.7268666
1740548327.834921 -11.8579655 7.2248240 19.9210415 -0.5046385 -0.4659075 -0.0506631 0.7250541
1740548327.931163 -11.9162321 7.2647824 19.9224892 -0.5061992 -0.4663163 -0.0492645 0.7237987
1740548328.035916 -11.9727535 7.3067732 19.9227180 -0.5060213 -0.4674953 -0.0494847 0.7231472
1740548328.130708 -12.0319357 7.3501315 19.9229774 -0.5066555 -0.4686874 -0.0483463 0.7220077
1740548328.238919 -12.0775986 7.3878722 19.9233055 -0.5072394 -0.4703240 -0.0461201 0.7206778
1740548328.335204 -12.1423693 7.4318948 19.9248219 -0.5078080 -0.4713098 -0.0460823 0.7196350
1740548328.430075 -12.1814156 7.4677205 19.9263287 -0.5080911 -0.4730317 -0.0433514 0.7184742
1740548328.534802 -12.2007475 7.4873743 19.9275932 -0.5083752 -0.4744549 -0.0419768 0.7174156
1740548328.630063 -12.2174377 7.4993606 19.9278774 -0.5079985 -0.4757440 -0.0415662 0.7168524
1740548328.735718 -12.2305040 7.5098391 19.9247570 -0.5073491 -0.4763115 -0.0425011 0.7168806
1740548328.832740 -12.2367220 7.5200706 19.9256706 -0.5062220 -0.4781120 -0.0416697 0.7165276
1740548328.927957 -12.2496281 7.5347128 19.9265461 -0.5070781 -0.4798156 -0.0387460 0.7149458
1740548329.033104 -12.2830944 7.5558996 19.9236183 -0.5067825 -0.4778614 -0.0386509 0.7164677
1740548329.132087 -12.3058462 7.5674915 19.9356995 -0.5084234 -0.4785077 -0.0374732 0.7149348
1740548329.242986 -12.3139458 7.5849123 19.9287033 -0.5057835 -0.4794386 -0.0373305 0.7161900
1740548329.337726 -12.3172722 7.6000028 19.9260216 -0.5049621 -0.4795252 -0.0341078 0.7168720
1740548329.437637 -12.3332701 7.6004763 19.9265766 -0.5049848 -0.4786321 -0.0369667 0.7173111
1740548329.537625 -12.3388252 7.6246042 19.9273300 -0.5017330 -0.4792283 -0.0345284 0.7193136
1740548329.637491 -12.3478594 7.6388741 19.9356804 -0.5010258 -0.4799757 -0.0340423 0.7193313
1740548329.744406 -12.3524857 7.6430898 19.9367332 -0.5008434 -0.4794537 -0.0322276 0.7198899
1740548329.838367 -12.3583832 7.6493821 19.9346371 -0.4992293 -0.4788802 -0.0321702 0.7213938
1740548329.935255 -12.3681021 7.6567941 19.9296837 -0.4992405 -0.4767094 -0.0308585 0.7228795
1740548330.037351 -12.3780556 7.6645637 19.9261322 -0.4949521 -0.4757513 -0.0335341 0.7263323
1740548330.136474 -12.3813076 7.6649480 19.9255371 -0.4956017 -0.4742014 -0.0318037 0.7269804
1740548330.238735 -12.3936062 7.6829724 19.9327412 -0.4942071 -0.4740466 -0.0309229 0.7280679
1740548330.337135 -12.4024973 7.6963439 19.9463387 -0.4932142 -0.4747305 -0.0313543 0.7282771
1740548330.432197 -12.4065752 7.6994853 19.9319801 -0.4892514 -0.4724805 -0.0312418 0.7324064
1740548330.534328 -12.4182234 7.7031178 19.9241409 -0.4875692 -0.4694639 -0.0309376 0.7354746
1740548330.630288 -12.4167976 7.7030458 19.9274845 -0.4870071 -0.4691926 -0.0317068 0.7359871
1740548330.732532 -12.4302788 7.7146177 19.9318810 -0.4860049 -0.4681512 -0.0312334 0.7373319
1740548330.832327 -12.4468956 7.7173624 19.9335270 -0.4846688 -0.4667886 -0.0336197 0.7389684
1740548330.928070 -12.4546690 7.7195106 19.9271049 -0.4844345 -0.4638149 -0.0326121 0.7410367
1740548331.035059 -12.4543839 7.7225881 19.9287338 -0.4823560 -0.4634089 -0.0330417 0.7426259
1740548331.130424 -12.4638357 7.7287064 19.9366989 -0.4822891 -0.4630760 -0.0329817 0.7428796
1740548331.238662 -12.4693699 7.7327614 19.9404774 -0.4813071 -0.4623931 -0.0324755 0.7439634
1740548331.336048 -12.4729376 7.7364912 19.9367905 -0.4787948 -0.4620261 -0.0317708 0.7458405
1740548331.429656 -12.4722557 7.7369757 19.9374714 -0.4772882 -0.4618694 -0.0334698 0.7468283
1740548331.533854 -12.4783840 7.7396107 19.9448967 -0.4784240 -0.4624235 -0.0346356 0.7457047
1740548331.628175 -12.4783688 7.7432489 19.9455814 -0.4767637 -0.4630003 -0.0344946 0.7464163
1740548331.732255 -12.4862251 7.7498336 19.9424706 -0.4736702 -0.4610823 -0.0334453 0.7496140
1740548331.830409 -12.4929867 7.7516227 19.9415722 -0.4741687 -0.4594575 -0.0349314 0.7502284
1740548331.928474 -12.4944658 7.7526312 19.9420471 -0.4734826 -0.4594938 -0.0340098 0.7506818
1740548332.033860 -12.4964266 7.7546296 19.9450989 -0.4704480 -0.4609784 -0.0379849 0.7514883
1740548332.128517 -12.4983425 7.7569385 19.9465942 -0.4727113 -0.4594750 -0.0338133 0.7511880
1740548332.229019 -12.4989510 7.7656527 19.9484673 -0.4714877 -0.4603247 -0.0300201 0.7515979
1740548332.329191 -12.4969559 7.7655172 19.9490929 -0.4711845 -0.4603512 -0.0299109 0.7517761
1740548332.428999 -12.5193081 7.7679815 19.9427986 -0.4674979 -0.4561734 -0.0322254 0.7565138
1740548332.533611 -12.5381060 7.7916183 19.9545403 -0.4630342 -0.4546061 -0.0339310 0.7601193
1740548332.628722 -12.5566130 7.8163772 19.9662476 -0.4589714 -0.4519903 -0.0341668 0.7641222
1740548332.735975 -12.5839653 7.8462763 19.9956093 -0.4601958 -0.4535379 -0.0326563 0.7625331
1740548332.838144 -12.6164074 7.8876143 20.0294247 -0.4600181 -0.4556693 -0.0304905 0.7614586
1740548332.933241 -12.6725349 7.9175615 20.0431614 -0.4601127 -0.4548231 -0.0320156 0.7618448
1740548333.037302 -12.7327738 7.9318204 20.0137596 -0.4573812 -0.4499677 -0.0332315 0.7663075
1740548333.132959 -12.7819033 7.9568305 19.9934273 -0.4574501 -0.4452161 -0.0331623 0.7690399
1740548333.236538 -12.8378181 7.9853067 19.9844551 -0.4549956 -0.4427919 -0.0344619 0.7718334
1740548333.336347 -12.8953047 7.9976549 19.9807510 -0.4535861 -0.4394515 -0.0371531 0.7744429
1740548333.436660 -12.9492798 8.0100203 19.9756699 -0.4528106 -0.4353881 -0.0390583 0.7770935
1740548333.536616 -13.0021515 8.0618830 19.9795609 -0.4512365 -0.4340026 -0.0387028 0.7788000
1740548333.635127 -13.0566826 8.1096773 19.9952240 -0.4493848 -0.4331952 -0.0386165 0.7803230
1740548333.737729 -13.1107655 8.1637115 20.0098648 -0.4482363 -0.4325733 -0.0379911 0.7813586
1740548333.835676 -13.1654110 8.2129211 20.0250626 -0.4461924 -0.4315709 -0.0379461 0.7830830
1740548333.933666 -13.2106056 8.2676411 20.0532188 -0.4450812 -0.4315419 -0.0377516 0.7837405
1740548334.037628 -13.2552071 8.3295937 20.0723839 -0.4431613 -0.4310214 -0.0367765 0.7851599
1740548334.133358 -13.3079853 8.3857651 20.0934944 -0.4418977 -0.4308617 -0.0362777 0.7859825
1740548334.233879 -13.3531094 8.4436026 20.1208572 -0.4402207 -0.4305688 -0.0353308 0.7871264
1740548334.430552 -13.4504347 8.5545816 20.1625671 -0.4369848 -0.4292250 -0.0341096 0.7897131
1740548334.535070 -13.4946938 8.6127872 20.1822300 -0.4352243 -0.4285480 -0.0336154 0.7910730
1740548334.735257 -13.6033611 8.7263813 20.2222633 -0.4315016 -0.4275231 -0.0318766 0.7937344
1740548334.932335 -13.6986771 8.8382292 20.2672882 -0.4278041 -0.4265583 -0.0302819 0.7963132
1740548335.135595 -13.8034096 8.9412804 20.3154449 -0.4241475 -0.4258165 -0.0290219 0.7987096
1740548335.341930 -13.9014015 9.0493479 20.3734016 -0.4202564 -0.4260032 -0.0269547 0.8007367
1740548335.558245 -14.0034008 9.1589699 20.4187813 -0.4165136 -0.4261163 -0.0241010 0.8027207
1740548335.759612 -14.1096163 9.2593746 20.4670353 -0.4126412 -0.4263638 -0.0226294 0.8046298
1740548335.957692 -14.2206736 9.3533030 20.5040207 -0.4086904 -0.4264453 -0.0203992 0.8066601
1740548336.160127 -14.3149071 9.4700603 20.5617371 -0.4055841 -0.4282984 -0.0177081 0.8073094
1740548336.363376 -14.4305840 9.5642757 20.6069775 -0.4024439 -0.4289396 -0.0155545 0.8085838
1740548336.565165 -14.5440121 9.6523161 20.6602936 -0.4002498 -0.4301145 -0.0143970 0.8090701
1740548336.773495 -14.6553020 9.7503891 20.7082329 -0.3979021 -0.4306117 -0.0123555 0.8099968
1740548336.871770 -14.7138081 9.7931232 20.7319775 -0.3973818 -0.4308110 -0.0120436 0.8101510
1740548337.072941 -14.8317413 9.8746452 20.7823887 -0.3964130 -0.4309460 -0.0122309 0.8105509
1740548337.168741 -14.8909092 9.9169292 20.8048668 -0.3961705 -0.4306572 -0.0122992 0.8108219
1740548337.378927 -14.9971952 10.0129147 20.8504715 -0.3959018 -0.4301607 -0.0122083 0.8112179
1740548337.480511 -15.0434532 10.0639801 20.8756714 -0.3960416 -0.4296049 -0.0128787 0.8114339
1740548337.587483 -15.0889626 10.1219521 20.8964405 -0.3959911 -0.4292247 -0.0133169 0.8116525
1740548337.788779 -15.1975193 10.2184219 20.9422226 -0.3966747 -0.4285241 -0.0143466 0.8116714
1740548337.888245 -15.2416534 10.2695618 20.9624252 -0.3967672 -0.4277941 -0.0146871 0.8120051
1740548337.993250 -15.2804737 10.3262043 20.9886074 -0.3974508 -0.4274356 -0.0158394 0.8118379
1740548338.201869 -15.3519773 10.4521065 21.0327530 -0.3972836 -0.4274202 -0.0155134 0.8119341
1740548338.323305 -15.4136848 10.4869995 21.0578022 -0.3976026 -0.4270947 -0.0161128 0.8119376
1740548338.524988 -15.5315247 10.5677309 21.1055260 -0.3971484 -0.4268681 -0.0162073 0.8122771
1740548338.626394 -15.5773582 10.6238413 21.1347351 -0.3974315 -0.4274156 -0.0163779 0.8118472
1740548338.830052 -15.6864653 10.7243891 21.1779060 -0.3961913 -0.4280168 -0.0152790 0.8121581
1740548339.039091 -15.7978573 10.8214836 21.2176819 -0.3941193 -0.4287065 -0.0134362 0.8128347
1740548339.138189 -15.8519173 10.8698454 21.2450161 -0.3931838 -0.4292844 -0.0129860 0.8129901
1740548339.357283 -15.9637117 10.9659576 21.2974644 -0.3908117 -0.4305461 -0.0110288 0.8134953
1740548339.455356 -16.0209770 11.0082169 21.3208885 -0.3893394 -0.4305917 -0.0103775 0.8141854
1740548339.671093 -16.1296730 11.1096039 21.3682175 -0.3866259 -0.4308987 -0.0085596 0.8153364
1740548339.774103 -16.1874790 11.1539783 21.3926830 -0.3851682 -0.4308358 -0.0079706 0.8160653
1740548339.976700 -16.3028774 11.2408419 21.4435902 -0.3828049 -0.4299984 -0.0068479 0.8176276
1740548340.094197 -16.3605881 11.2859335 21.4717522 -0.3817890 -0.4293226 -0.0065700 0.8184596
1740548340.305595 -16.4727764 11.3778191 21.5221863 -0.3795680 -0.4272298 -0.0065869 0.8205848
1740548340.514041 -16.5827599 11.4723530 21.5783634 -0.3782054 -0.4234066 -0.0074805 0.8231838
1740548340.622199 -16.6364861 11.5181704 21.6088123 -0.3778285 -0.4217026 -0.0082092 0.8242240
1740548340.830252 -16.7347031 11.6197262 21.6689949 -0.3777791 -0.4167777 -0.0102559 0.8267249
1740548340.948403 -16.7786980 11.6736336 21.7038879 -0.3777907 -0.4140466 -0.0113762 0.8280762
1740548341.156555 -16.8768635 11.7753792 21.7699490 -0.3778304 -0.4077036 -0.0146276 0.8311486
1740548341.372684 -16.9743233 11.8801117 21.8294830 -0.3784292 -0.4011358 -0.0177577 0.8340061
1740548341.581387 -17.0733299 11.9800472 21.8949337 -0.3788189 -0.3941947 -0.0208250 0.8370622
1740548341.796593 -17.1710968 12.0758114 21.9685001 -0.3796036 -0.3880288 -0.0243881 0.8394880
1740548342.015590 -17.2606983 12.1805477 22.0380230 -0.3800518 -0.3821130 -0.0272042 0.8419087
1740548342.218455 -17.3399696 12.2949677 22.1071625 -0.3804754 -0.3761957 -0.0301114 0.8442799
1740548342.427189 -17.4359837 12.3968992 22.1755943 -0.3805282 -0.3703811 -0.0328653 0.8467208
1740548342.641949 -17.5131435 12.5074978 22.2493610 -0.3803279 -0.3654024 -0.0349820 0.8488864
1740548342.854261 -17.5958462 12.6205654 22.3178825 -0.3793291 -0.3605438 -0.0367973 0.8513305
1740548343.074329 -17.6866760 12.7227345 22.3932800 -0.3780230 -0.3558382 -0.0384452 0.8538148
1740548343.384331 -17.8237076 12.8745451 22.5069103 -0.3750275 -0.3479505 -0.0410223 0.8582552
1740548343.907354 -18.0429382 13.1402187 22.6848183 -0.3665294 -0.3300085 -0.0457274 0.8687115
1740548344.448478 -18.2797985 13.3655977 22.8913078 -0.3558492 -0.3029130 -0.0535648 0.8824658
1740548345.077328 -18.4004669 13.6595020 23.2279854 -0.3431789 -0.2577454 -0.0686830 0.9005988
1740548345.491297 -18.5030327 13.8574791 23.4437408 -0.3382081 -0.2223377 -0.0815895 0.9107823
1740548345.908083 -18.5677929 14.0586624 23.6722794 -0.3361320 -0.1854107 -0.0952353 0.9184598
1740548346.330216 -18.6338100 14.2644272 23.8919907 -0.3364111 -0.1479740 -0.1097777 0.9235151
1740548346.755129 -18.6362228 14.4637070 24.1326065 -0.3379129 -0.1094106 -0.1243556 0.9264879
1740548347.077572 -18.6241455 14.6213589 24.3070335 -0.3393378 -0.0804998 -0.1354608 0.9273726
1740548347.394466 -18.5946121 14.7694178 24.4857731 -0.3406373 -0.0528536 -0.1456472 0.9273401
1740548347.838063 -18.5346889 14.9615974 24.7229500 -0.3423374 -0.0187517 -0.1581899 0.9259748
1740548348.263363 -18.4728546 15.1543236 24.9587250 -0.3448555 0.0113797 -0.1690515 0.9232371
1740548348.475418 -18.4355583 15.2499580 25.0763779 -0.3461871 0.0252568 -0.1738282 0.9215750
1740548348.908377 -18.3630524 15.4378662 25.3145409 -0.3495409 0.0504740 -0.1824478 0.9175982
1740548349.226446 -18.3098202 15.5781116 25.4892540 -0.3531693 0.0690649 -0.1884177 0.9137835
1740548349.566031 -18.2305737 15.7182236 25.6585426 -0.3561901 0.0875892 -0.1941188 0.9098212
1740548349.889230 -18.1464977 15.8630390 25.8179188 -0.3593342 0.1062235 -0.2001679 0.9052781
1740548350.294914 -17.9899120 16.0453415 26.0146885 -0.3618949 0.1304577 -0.2080027 0.8993040
1740548350.596141 -17.8748512 16.1848183 26.1605911 -0.3611305 0.1470814 -0.2139152 0.8956518
1740548350.896806 -17.7529602 16.3218460 26.3049469 -0.3576509 0.1601089 -0.2191250 0.8935520
1740548351.200149 -17.6205444 16.4324303 26.4619026 -0.3513900 0.1684392 -0.2235173 0.8934166
1740548351.617850 -17.4507980 16.5751648 26.6840401 -0.3379005 0.1695178 -0.2277663 0.8973346
1740548351.922866 -17.3370094 16.6879425 26.8564377 -0.3256192 0.1632341 -0.2293566 0.9026197
1740548352.226591 -17.2475700 16.7972336 27.0437222 -0.3122824 0.1511291 -0.2288139 0.9095515
1740548352.538308 -17.1740074 16.9045906 27.2412643 -0.2995777 0.1328847 -0.2267855 0.9171495
1740548352.846481 -17.1290436 17.0124893 27.4408913 -0.2883117 0.1124562 -0.2229247 0.9244103
1740548353.153304 -17.0871639 17.1192017 27.6436844 -0.2778151 0.0889055 -0.2187027 0.9311733
1740548353.459521 -17.0536346 17.2264729 27.8444309 -0.2694553 0.0646340 -0.2128252 0.9369748
1740548353.765089 -17.0446033 17.3411121 28.0534344 -0.2622687 0.0435279 -0.2070261 0.9415204
1740548354.078811 -17.0309486 17.4408836 28.2582283 -0.2578396 0.0233838 -0.2021550 0.9445133
1740548354.384888 -17.0247917 17.5548286 28.4584122 -0.2540413 0.0062669 -0.1986376 0.9465553
1740548354.687716 -17.0221634 17.6669655 28.6557827 -0.2516682 -0.0076331 -0.1952918 0.9478744
1740548354.988756 -17.0250816 17.7746143 28.8546581 -0.2514067 -0.0187023 -0.1920940 0.9484434
1740548355.300078 -17.0331516 17.8854618 29.0571404 -0.2512711 -0.0272653 -0.1894627 0.9488010
1740548355.610539 -17.0199127 17.9964733 29.2553711 -0.2522179 -0.0347632 -0.1886032 0.9484759
1740548355.911521 -17.0242195 18.1043625 29.4499512 -0.2540122 -0.0396366 -0.1873939 0.9480455
1740548356.212719 -17.0189362 18.2198124 29.6484375 -0.2571048 -0.0422147 -0.1870007 0.9471778
1740548356.515334 -17.0209656 18.3344231 29.8450527 -0.2614178 -0.0444142 -0.1862802 0.9460379
1740548356.719955 -17.0198975 18.4093552 29.9752598 -0.2647846 -0.0449846 -0.1866353 0.9450041
1740548356.931687 -17.0179138 18.4900169 30.1039200 -0.2680962 -0.0450901 -0.1857450 0.9442405
1740548357.139029 -17.0173035 18.5733433 30.2334404 -0.2714949 -0.0443683 -0.1853554 0.9433798
1740548357.343380 -17.0110664 18.6576958 30.3552456 -0.2749211 -0.0444404 -0.1853392 0.9423868
1740548357.553804 -17.0098515 18.7413044 30.4843903 -0.2781926 -0.0434917 -0.1856241 0.9414144
1740548357.772863 -17.0065441 18.8283653 30.6089783 -0.2820204 -0.0428760 -0.1859673 0.9402353
1740548357.982496 -16.9990578 18.9088802 30.7380600 -0.2858462 -0.0419363 -0.1862721 0.9390612
1740548358.191715 -16.9939232 19.0011730 30.8565540 -0.2882195 -0.0405530 -0.1863417 0.9383826
1740548358.302256 -16.9952412 19.0360622 30.9197655 -0.2909919 -0.0399755 -0.1861732 0.9375848
1740548358.508112 -16.9852047 19.1216736 31.0486412 -0.2934560 -0.0383658 -0.1867549 0.9367680
1740548358.716520 -16.9721050 19.2116528 31.1709633 -0.2956553 -0.0366000 -0.1872022 0.9360576
1740548358.927648 -16.9698563 19.2955513 31.2967339 -0.2976657 -0.0346604 -0.1874593 0.9354426
1740548359.145394 -16.9660149 19.3858280 31.4200134 -0.2990794 -0.0327615 -0.1877794 0.9349958
1740548359.362464 -16.9591064 19.4683781 31.5462151 -0.3015770 -0.0309458 -0.1881429 0.9341819
1740548359.568600 -16.9421597 19.5540771 31.6678123 -0.3037550 -0.0300622 -0.1883021 0.9334728
1740548359.888836 -16.9333038 19.6781178 31.8567085 -0.3073125 -0.0290905 -0.1877929 0.9324412
1740548360.096360 -16.9112778 19.7606010 31.9830780 -0.3101952 -0.0294441 -0.1881029 0.9314125
1740548360.303771 -16.8975754 19.8520737 32.1024094 -0.3129027 -0.0311550 -0.1874797 0.9305765
1740548360.507190 -16.8886433 19.9409962 32.2232323 -0.3171787 -0.0331389 -0.1866813 0.9292199
1740548360.715340 -16.8739395 20.0306015 32.3455429 -0.3220040 -0.0361168 -0.1862072 0.9275429
1740548360.926836 -16.8611050 20.1155758 32.4678497 -0.3283849 -0.0410467 -0.1843226 0.9254748
1740548361.236211 -16.8559551 20.2581139 32.6365662 -0.3392302 -0.0481581 -0.1811101 0.9218475
1740548361.543395 -16.8559875 20.4060020 32.7988434 -0.3521100 -0.0580733 -0.1782386 0.9169935
1740548361.846027 -16.8727722 20.5549927 32.9628525 -0.3676889 -0.0696696 -0.1730746 0.9110413
1740548362.145386 -16.8801174 20.7322693 33.0995178 -0.3788350 -0.0828996 -0.1694410 0.9060361
1740548362.437632 -16.8981705 20.8938847 33.2319946 -0.3925579 -0.0909193 -0.1657028 0.9000970
1740548362.640908 -16.9117985 21.0088005 33.3134995 -0.4002066 -0.0949166 -0.1637669 0.8966638
1740548362.841109 -16.9217396 21.1018410 33.4230690 -0.4101568 -0.0988161 -0.1618104 0.8920898
1740548363.036791 -16.9139748 21.2210960 33.5108871 -0.4177122 -0.1035727 -0.1637629 0.8876773
1740548363.234689 -16.9142437 21.3206940 33.6045418 -0.4255426 -0.1063604 -0.1651188 0.8833667
1740548363.434643 -16.9171753 21.4412575 33.6841583 -0.4329228 -0.1071271 -0.1645381 0.8797891
1740548363.639331 -16.9148026 21.5593452 33.7500153 -0.4367566 -0.1073873 -0.1639088 0.8779781
1740548363.735957 -16.9016323 21.5858154 33.8007126 -0.4432762 -0.1095844 -0.1625839 0.8746793
1740548363.937893 -16.9057446 21.6096134 33.8584976 -0.4512077 -0.1112073 -0.1678007 0.8694179
1740548364.039489 -16.8916130 21.6086082 33.8998947 -0.4576593 -0.1151074 -0.1698087 0.8651377
1740548364.237084 -16.9224014 21.5672340 34.0010147 -0.4779921 -0.1170496 -0.1734497 0.8530757
1740548364.342610 -16.8986168 21.6268349 33.9510880 -0.4731759 -0.1145202 -0.1640687 0.8579459
1740548364.436739 -16.9124756 21.6103802 34.0305481 -0.4845940 -0.1154827 -0.1681794 0.8506163
1740548364.539254 -16.8814507 21.6311035 34.0238647 -0.4855216 -0.1166303 -0.1621316 0.8511049
1740548364.640987 -16.9089069 21.6276608 34.0902328 -0.4965713 -0.1159467 -0.1649510 0.8442538
1740548364.736102 -16.8553848 21.6296921 34.1186676 -0.5007524 -0.1236347 -0.1641865 0.8408355
1740548364.841352 -16.8691292 21.6234589 34.1311340 -0.5058407 -0.1215867 -0.1625529 0.8384023
1740548364.936398 -16.8770390 21.6371555 34.2023735 -0.5164846 -0.1235562 -0.1642887 0.8312562
1740548365.033476 -16.8958073 21.6142197 34.2621994 -0.5279712 -0.1217853 -0.1623103 0.8246636
1740548365.141756 -16.8854198 21.6231384 34.3011932 -0.5340062 -0.1254754 -0.1612163 0.8204283
1740548365.236379 -16.9128132 21.6198196 34.3689346 -0.5453830 -0.1252691 -0.1621024 0.8127655
1740548365.341281 -16.9062023 21.6346893 34.4140854 -0.5514383 -0.1288035 -0.1613658 0.8082615
1740548365.436221 -16.8940163 21.6336784 34.4487076 -0.5585390 -0.1322462 -0.1614430 0.8027959
1740548365.532354 -16.8973808 21.6235161 34.5086021 -0.5689404 -0.1338614 -0.1614159 0.7951936
1740548365.640733 -16.8578224 21.6204758 34.5442429 -0.5755982 -0.1397728 -0.1564869 0.7903557
1740548365.735971 -16.8907852 21.6110001 34.6318817 -0.5883682 -0.1401807 -0.1588016 0.7803553
1740548365.842470 -16.8955326 21.6153984 34.6695023 -0.5949712 -0.1421865 -0.1588028 0.7749670
1740548365.937347 -16.8693886 21.6114445 34.6934357 -0.6006991 -0.1470510 -0.1569165 0.7700089
1740548366.038787 -16.9111271 21.6202354 34.7461777 -0.6094368 -0.1448345 -0.1585793 0.7631923
1740548366.141664 -16.9283600 21.6181488 34.8075638 -0.6196262 -0.1450734 -0.1564614 0.7553390
1740548366.237481 -16.9278412 21.6223812 34.8488541 -0.6253765 -0.1477426 -0.1577698 0.7497901
1740548366.342661 -16.9302902 21.6074009 34.9073792 -0.6333385 -0.1500607 -0.1555111 0.7430885
1740548366.439468 -16.9675636 21.6106644 34.9404716 -0.6404876 -0.1460770 -0.1556038 0.7377158
1740548366.544665 -16.9806137 21.6143761 34.9905396 -0.6482002 -0.1466340 -0.1565938 0.7306253
1740548366.646677 -16.9981041 21.6187820 35.0324097 -0.6558577 -0.1474061 -0.1555542 0.7238266
1740548366.746200 -16.9814663 21.6165257 35.0306091 -0.6571253 -0.1497981 -0.1524868 0.7228379
1740548366.845950 -16.9963322 21.6078606 35.1015511 -0.6681047 -0.1501787 -0.1525501 0.7126085
1740548366.946705 -17.0170155 21.6181374 35.1191788 -0.6724602 -0.1503100 -0.1526124 0.7084587
1740548367.048112 -17.0479946 21.6279621 35.1826897 -0.6798337 -0.1493013 -0.1502206 0.7021175
1740548367.145557 -17.0592937 21.6339111 35.2182922 -0.6861572 -0.1477126 -0.1475637 0.6968459
1740548367.243883 -17.0401058 21.6344547 35.2411423 -0.6897539 -0.1517442 -0.1438501 0.6931958
1740548367.347723 -17.0407162 21.6316643 35.2536545 -0.6940343 -0.1515858 -0.1428232 0.6891587
1740548367.446465 -17.0434532 21.6255531 35.3130264 -0.7012912 -0.1519819 -0.1400746 0.6822546
1740548367.546931 -17.0320168 21.6333504 35.3363419 -0.7054217 -0.1539792 -0.1360117 0.6783594
1740548367.647903 -17.0841541 21.6310654 35.3563004 -0.7105292 -0.1478672 -0.1389819 0.6737711
1740548367.743934 -17.1211205 21.6336403 35.3994789 -0.7154250 -0.1483003 -0.1411148 0.6680275
1740548367.846211 -17.1423855 21.6353073 35.4182587 -0.7203643 -0.1464375 -0.1412136 0.6630913
1740548367.947830 -17.1527557 21.6450863 35.4287643 -0.7233455 -0.1467826 -0.1409126 0.6598256
1740548368.058931 -17.1777287 21.6703815 35.4097748 -0.7245315 -0.1434967 -0.1404160 0.6593530
1740548368.153797 -17.1953964 21.6747150 35.4240189 -0.7276643 -0.1420666 -0.1411078 0.6560567
1740548368.252727 -17.2170067 21.6841221 35.4669800 -0.7342119 -0.1417952 -0.1427240 0.6484265
1740548368.358772 -17.2251205 21.6964016 35.4846382 -0.7377865 -0.1417863 -0.1427307 0.6443568
1740548368.454381 -17.2482891 21.6961327 35.4910889 -0.7408475 -0.1384005 -0.1422948 0.6416717
1740548368.568747 -17.2443695 21.7027607 35.4779816 -0.7413824 -0.1399114 -0.1427450 0.6406253
1740548368.664979 -17.2645264 21.7119675 35.4554596 -0.7420458 -0.1372167 -0.1431112 0.6403584
1740548368.762971 -17.2965679 21.7039604 35.4330139 -0.7423615 -0.1325275 -0.1459057 0.6403494
1740548368.868121 -17.3119411 21.7077732 35.4376450 -0.7459262 -0.1320802 -0.1470404 0.6360253
1740548368.965522 -17.3170815 21.7118206 35.4281006 -0.7475963 -0.1327588 -0.1487660 0.6335168
1740548369.072309 -17.3152161 21.7551479 35.4195213 -0.7505265 -0.1342363 -0.1453637 0.6305236
1740548369.172244 -17.2771091 21.7965660 35.4307709 -0.7545590 -0.1424139 -0.1415647 0.6247547
1740548369.273507 -17.2733307 21.8630638 35.4250183 -0.7563627 -0.1432800 -0.1391430 0.6229170
1740548369.383955 -17.2692909 21.9143410 35.4245186 -0.7577193 -0.1457827 -0.1357593 0.6214324
1740548369.482636 -17.2686939 21.9703007 35.4207764 -0.7595439 -0.1470663 -0.1313837 0.6198410
1740548369.587366 -17.2701054 21.9711647 35.3857651 -0.7567149 -0.1476309 -0.1343905 0.6225166
1740548369.688763 -17.2586937 21.9599705 35.3616867 -0.7551297 -0.1492693 -0.1355781 0.6237919
1740548369.788166 -17.2794285 21.9853191 35.3368416 -0.7549264 -0.1450094 -0.1336750 0.6254513
1740548369.893212 -17.3047142 21.9846001 35.3237038 -0.7545250 -0.1412951 -0.1345234 0.6266029
1740548369.994490 -17.2921867 21.9770565 35.2825165 -0.7507632 -0.1438914 -0.1368976 0.6300071
1740548370.104720 -17.2607098 21.9781952 35.2631264 -0.7492153 -0.1472499 -0.1364217 0.6311759
1740548370.205707 -17.2580853 22.0066891 35.2162437 -0.7469299 -0.1477509 -0.1373674 0.6335578
1740548370.313350 -17.2603302 22.0205956 35.1985855 -0.7470414 -0.1475254 -0.1389978 0.6331232
1740548370.412667 -17.2789993 22.0359879 35.1750031 -0.7461051 -0.1466910 -0.1413100 0.6339089
1740548370.513757 -17.2781010 22.0374527 35.1265869 -0.7422438 -0.1471654 -0.1437760 0.6377656
1740548370.613881 -17.3060703 22.0429745 35.0967674 -0.7412665 -0.1429031 -0.1466439 0.6392168
1740548370.717271 -17.3186188 22.0523701 35.0926514 -0.7412364 -0.1434356 -0.1490386 0.6385784
1740548370.822396 -17.3060398 22.0578709 35.0372047 -0.7368487 -0.1421601 -0.1480459 0.6441482
1740548370.925223 -17.3269138 22.0705986 35.0116425 -0.7357734 -0.1381097 -0.1487994 0.6460820
1740548371.022597 -17.3981285 22.0853138 35.0137329 -0.7364444 -0.1349965 -0.1579448 0.6438005
1740548371.128202 -17.4282684 22.1037483 34.9866867 -0.7351913 -0.1332461 -0.1614836 0.6447188
1740548371.225809 -17.4210320 22.1125393 34.9598122 -0.7331485 -0.1333363 -0.1615281 0.6470111
1740548371.337914 -17.3955135 22.1165466 34.9113922 -0.7279651 -0.1364605 -0.1627219 0.6518949
1740548371.434674 -17.3909626 22.1252384 34.8798981 -0.7247341 -0.1367529 -0.1631026 0.6553294
1740548371.534647 -17.4225941 22.1388321 34.8323746 -0.7214795 -0.1336547 -0.1687355 0.6581278
1740548371.643461 -17.4422646 22.1623440 34.7983322 -0.7190617 -0.1318253 -0.1710507 0.6605407
1740548371.742428 -17.4484558 22.1612968 34.7597694 -0.7155775 -0.1307368 -0.1738414 0.6638041
1740548371.849876 -17.4489555 22.1930923 34.7093582 -0.7105262 -0.1321405 -0.1759811 0.6683727
1740548371.953147 -17.4742413 22.2083549 34.6738586 -0.7069494 -0.1289500 -0.1794572 0.6718553
1740548372.056673 -17.4658165 22.2228165 34.6061707 -0.7008415 -0.1273513 -0.1783912 0.6788074
1740548372.173304 -17.4521923 22.2447796 34.5572052 -0.6956443 -0.1263416 -0.1772839 0.6846074
1740548372.277784 -17.4756222 22.2556572 34.5382004 -0.6934476 -0.1243045 -0.1806329 0.6863313
1740548372.383117 -17.5084286 22.2784634 34.5009232 -0.6899409 -0.1221894 -0.1851183 0.6890447
1740548372.482537 -17.5399704 22.2953167 34.4588013 -0.6859154 -0.1191180 -0.1909503 0.6920036
1740548372.588901 -17.5319729 22.3187008 34.4366608 -0.6830041 -0.1192594 -0.1892444 0.6953194
1740548372.691376 -17.5564632 22.3384781 34.3894615 -0.6779914 -0.1160432 -0.1933425 0.6996287
1740548372.791152 -17.5698662 22.3667259 34.3405228 -0.6727620 -0.1140203 -0.1955134 0.7043900
1740548372.897825 -17.6008701 22.3883553 34.3186646 -0.6703058 -0.1109485 -0.1995299 0.7060938
1740548372.999323 -17.6324711 22.4150581 34.2874603 -0.6662333 -0.1074279 -0.2038133 0.7092620
1740548373.101817 -17.6383343 22.4263268 34.2342606 -0.6598873 -0.1053447 -0.2069099 0.7145905
1740548373.204420 -17.6466827 22.4478397 34.2087288 -0.6562969 -0.1028610 -0.2068599 0.7182639
1740548373.305018 -17.6454487 22.4661903 34.1488724 -0.6487679 -0.1026789 -0.2096200 0.7243043
1740548373.410730 -17.6370373 22.4842987 34.1125870 -0.6437473 -0.1016742 -0.2091580 0.7290437
1740548373.509131 -17.6393795 22.5099964 34.0585060 -0.6366775 -0.1003359 -0.2109354 0.7349018
1740548373.618271 -17.6422138 22.5250130 34.0321426 -0.6323171 -0.0972729 -0.2127521 0.7385457
1740548373.718960 -17.6474743 22.5338287 34.0107422 -0.6277913 -0.0959152 -0.2143783 0.7421054
1740548373.823438 -17.6739597 22.5482998 33.9923286 -0.6250615 -0.0902055 -0.2158881 0.7446835
1740548373.926997 -17.7273579 22.5561790 33.9987221 -0.6243540 -0.0840403 -0.2210862 0.7444731
1740548374.032376 -17.7359600 22.5744019 33.9575729 -0.6178237 -0.0804721 -0.2228326 0.7497758
1740548374.160565 -17.7249756 22.6009007 33.9145966 -0.6118439 -0.0775393 -0.2221111 0.7551831
1740548374.260818 -17.7308064 22.6118050 33.8937111 -0.6073501 -0.0755832 -0.2250467 0.7581340
1740548374.368234 -17.7993774 22.6317291 33.8841019 -0.6063175 -0.0662358 -0.2319689 0.7577482
1740548374.468913 -17.8496437 22.6525478 33.8745117 -0.6043316 -0.0589853 -0.2398051 0.7574943
1740548374.572770 -17.8890285 22.6839066 33.8776245 -0.6043976 -0.0531639 -0.2429948 0.7568558
1740548374.680955 -17.9506493 22.7102108 33.8853302 -0.6045724 -0.0457541 -0.2529577 0.7539306
1740548374.781282 -18.0047646 22.7369633 33.8864326 -0.6039023 -0.0375696 -0.2599656 0.7525347
1740548374.884000 -18.0600891 22.7695427 33.8822021 -0.6032532 -0.0302437 -0.2688665 0.7502544
1740548374.984975 -18.1079216 22.7903996 33.9038200 -0.6064781 -0.0227209 -0.2736850 0.7461666
1740548375.092957 -18.1732178 22.8451881 33.9144440 -0.6075585 -0.0121281 -0.2791556 0.7435037
1740548375.194398 -18.2154446 22.9077072 33.9110603 -0.6073572 -0.0072053 -0.2863699 0.7409842
1740548375.294354 -18.2493706 22.9967155 33.9375458 -0.6078409 0.0020164 -0.2901826 0.7391343
1740548375.404954 -18.2468414 23.0647144 34.0003738 -0.6118250 0.0060645 -0.2919818 0.7351055
1740548375.507170 -18.2201233 23.1253738 34.0193138 -0.6119393 0.0066739 -0.2923875 0.7348438
1740548375.823829 -18.1625214 23.3546219 34.0636673 -0.6079996 0.0145795 -0.2992968 0.7352179
1740548376.035166 -18.1385155 23.4933815 34.1046219 -0.6077569 0.0226950 -0.3030047 0.7336925
1740548376.247536 -18.0946140 23.6464100 34.1184311 -0.6043475 0.0276570 -0.3077790 0.7343510
1740548376.462038 -18.0687218 23.7893925 34.1514893 -0.6045064 0.0338665 -0.3137060 0.7314462
1740548376.671114 -18.0339622 23.9440269 34.1730347 -0.6025543 0.0425464 -0.3197046 0.7300049
1740548376.882132 -17.9777374 24.0924759 34.1832657 -0.5997436 0.0473539 -0.3238818 0.7301821
1740548377.099724 -17.9291229 24.2399578 34.2027206 -0.5984737 0.0547313 -0.3280690 0.7288377
1740548377.299633 -17.8704090 24.3868599 34.2167854 -0.5955842 0.0581688 -0.3323317 0.7290072
1740548377.509091 -17.8239174 24.5409088 34.2401428 -0.5920228 0.0672246 -0.3358711 0.7295070
